0.00000e+00 0.00000e+00 0.00000e+00
1.00000e+00 0.00000e+00 0.00000e+00
2.00000e+00 0.00000e+00 0.00000e+00
3.00000e+00 0.00000e+00 0.00000e+00
4.00000e+00 0.00000e+00 0.00000e+00
5.00000e+00 0.00000e+00 0.00000e+00
6.00000e+00 0.00000e+00 0.00000e+00
7.00000e+00 0.00000e+00 0.00000e+00
8.00000e+00 0.00000e+00 0.00000e+00
9.00000e+00 0.00000e+00 0.00000e+00
1.00000e+01 0.00000e+00 0.00000e+00
1.10000e+01 0.00000e+00 0.00000e+00
1.20000e+01 0.00000e+00 0.00000e+00
1.30000e+01 0.00000e+00 0.00000e+00
1.40000e+01 0.00000e+00 0.00000e+00
1.50000e+01 0.00000e+00 0.00000e+00
1.60000e+01 0.00000e+00 0.00000e+00
1.70000e+01 0.00000e+00 0.00000e+00
1.80000e+01 0.00000e+00 0.00000e+00
1.90000e+01 0.00000e+00 0.00000e+00
2.00000e+01 0.00000e+00 0.00000e+00
2.10000e+01 0.00000e+00 0.00000e+00
2.20000e+01 0.00000e+00 0.00000e+00
2.30000e+01 0.00000e+00 0.00000e+00
2.40000e+01 0.00000e+00 0.00000e+00
2.50000e+01 0.00000e+00 0.00000e+00
2.60000e+01 0.00000e+00 0.00000e+00
2.70000e+01 0.00000e+00 0.00000e+00
2.80000e+01 0.00000e+00 0.00000e+00
2.90000e+01 0.00000e+00 0.00000e+00
3.00000e+01 0.00000e+00 0.00000e+00
3.10000e+01 0.00000e+00 0.00000e+00
3.20000e+01 0.00000e+00 0.00000e+00
3.30000e+01 0.00000e+00 0.00000e+00
3.40000e+01 0.00000e+00 0.00000e+00
3.50000e+01 0.00000e+00 0.00000e+00
3.60000e+01 0.00000e+00 0.00000e+00
3.70000e+01 0.00000e+00 0.00000e+00
3.80000e+01 0.00000e+00 0.00000e+00
3.90000e+01 0.00000e+00 0.00000e+00
4.00000e+01 0.00000e+00 0.00000e+00
4.10000e+01 0.00000e+00 0.00000e+00
4.20000e+01 0.00000e+00 0.00000e+00
4.30000e+01 0.00000e+00 0.00000e+00
4.40000e+01 0.00000e+00 0.00000e+00
4.50000e+01 0.00000e+00 0.00000e+00
4.60000e+01 0.00000e+00 0.00000e+00
4.70000e+01 0.00000e+00 0.00000e+00
4.80000e+01 0.00000e+00 0.00000e+00
4.90000e+01 0.00000e+00 0.00000e+00
5.00000e+01 0.00000e+00 0.00000e+00
5.10000e+01 0.00000e+00 0.00000e+00
5.20000e+01 0.00000e+00 0.00000e+00
5.30000e+01 0.00000e+00 0.00000e+00
5.40000e+01 0.00000e+00 0.00000e+00
5.50000e+01 0.00000e+00 0.00000e+00
5.60000e+01 0.00000e+00 0.00000e+00
5.70000e+01 0.00000e+00 0.00000e+00
5.80000e+01 0.00000e+00 0.00000e+00
5.90000e+01 0.00000e+00 0.00000e+00
6.00000e+01 0.00000e+00 0.00000e+00
6.10000e+01 0.00000e+00 0.00000e+00
6.20000e+01 0.00000e+00 0.00000e+00
6.30000e+01 0.00000e+00 0.00000e+00
6.40000e+01 0.00000e+00 0.00000e+00
6.50000e+01 0.00000e+00 0.00000e+00
6.60000e+01 0.00000e+00 0.00000e+00
6.70000e+01 0.00000e+00 0.00000e+00
6.80000e+01 0.00000e+00 0.00000e+00
6.90000e+01 0.00000e+00 0.00000e+00
7.00000e+01 0.00000e+00 0.00000e+00
7.10000e+01 0.00000e+00 0.00000e+00
7.20000e+01 0.00000e+00 0.00000e+00
7.30000e+01 0.00000e+00 0.00000e+00
7.40000e+01 0.00000e+00 0.00000e+00
7.50000e+01 0.00000e+00 0.00000e+00
7.60000e+01 0.00000e+00 0.00000e+00
7.70000e+01 0.00000e+00 0.00000e+00
7.80000e+01 0.00000e+00 0.00000e+00
7.90000e+01 0.00000e+00 0.00000e+00
8.00000e+01 0.00000e+00 0.00000e+00
8.10000e+01 0.00000e+00 0.00000e+00
8.20000e+01 0.00000e+00 0.00000e+00
8.30000e+01 0.00000e+00 0.00000e+00
8.40000e+01 0.00000e+00 0.00000e+00
8.50000e+01 0.00000e+00 0.00000e+00
8.60000e+01 0.00000e+00 0.00000e+00
8.70000e+01 0.00000e+00 0.00000e+00
8.80000e+01 0.00000e+00 0.00000e+00
8.90000e+01 0.00000e+00 0.00000e+00
9.00000e+01 0.00000e+00 0.00000e+00
9.10000e+01 0.00000e+00 0.00000e+00
9.20000e+01 0.00000e+00 0.00000e+00
9.30000e+01 0.00000e+00 0.00000e+00
9.40000e+01 0.00000e+00 0.00000e+00
9.50000e+01 0.00000e+00 0.00000e+00
9.60000e+01 0.00000e+00 0.00000e+00
9.70000e+01 0.00000e+00 0.00000e+00
9.80000e+01 0.00000e+00 0.00000e+00
9.90000e+01 0.00000e+00 0.00000e+00
1.00000e+02 3.69790e-11 0.00000e+00
1.01000e+02 3.15398e-11 0.00000e+00
1.02000e+02 3.13325e-11 0.00000e+00
1.03000e+02 3.08396e-11 0.00000e+00
1.04000e+02 2.73320e-11 0.00000e+00
1.05000e+02 3.80615e-11 0.00000e+00
1.06000e+02 2.96039e-11 0.00000e+00
1.07000e+02 2.67507e-11 0.00000e+00
1.08000e+02 2.81428e-11 0.00000e+00
1.09000e+02 3.21231e-11 0.00000e+00
1.10000e+02 3.51328e-11 0.00000e+00
1.11000e+02 3.39839e-11 0.00000e+00
1.12000e+02 3.18492e-11 0.00000e+00
1.13000e+02 4.48617e-11 0.00000e+00
1.14000e+02 3.45798e-11 0.00000e+00
1.15000e+02 4.01232e-11 0.00000e+00
1.16000e+02 2.80067e-11 0.00000e+00
1.17000e+02 2.83186e-11 0.00000e+00
1.18000e+02 2.17633e-11 0.00000e+00
1.19000e+02 2.82774e-11 0.00000e+00
1.20000e+02 3.35511e-11 0.00000e+00
1.21000e+02 3.57909e-11 0.00000e+00
1.22000e+02 2.88351e-11 0.00000e+00
1.23000e+02 2.82737e-11 0.00000e+00
1.24000e+02 3.38211e-11 0.00000e+00
1.25000e+02 2.23907e-11 0.00000e+00
1.26000e+02 2.37663e-11 0.00000e+00
1.27000e+02 3.00200e-11 0.00000e+00
1.28000e+02 2.60143e-11 0.00000e+00
1.29000e+02 2.53719e-11 0.00000e+00
1.30000e+02 2.48862e-11 0.00000e+00
1.31000e+02 3.16298e-11 0.00000e+00
1.32000e+02 2.28292e-11 0.00000e+00
1.33000e+02 2.83937e-11 0.00000e+00
1.34000e+02 2.75656e-11 0.00000e+00
1.35000e+02 2.20788e-11 0.00000e+00
1.36000e+02 2.42130e-11 0.00000e+00
1.37000e+02 2.53617e-11 0.00000e+00
1.38000e+02 3.27328e-11 0.00000e+00
1.39000e+02 2.67974e-11 0.00000e+00
1.40000e+02 2.55326e-11 0.00000e+00
1.41000e+02 2.67983e-11 0.00000e+00
1.42000e+02 2.38971e-11 0.00000e+00
1.43000e+02 2.65706e-11 0.00000e+00
1.44000e+02 2.59657e-11 0.00000e+00
1.45000e+02 2.40013e-11 0.00000e+00
1.46000e+02 2.39427e-11 0.00000e+00
1.47000e+02 2.07546e-11 0.00000e+00
1.48000e+02 2.53428e-11 0.00000e+00
1.49000e+02 2.05701e-11 0.00000e+00
1.50000e+02 2.21879e-11 0.00000e+00
1.51000e+02 1.86516e-11 0.00000e+00
1.52000e+02 2.21848e-11 0.00000e+00
1.53000e+02 2.10861e-11 0.00000e+00
1.54000e+02 2.67386e-11 0.00000e+00
1.55000e+02 2.38514e-11 0.00000e+00
1.56000e+02 1.91478e-11 0.00000e+00
1.57000e+02 2.83485e-11 0.00000e+00
1.58000e+02 1.75198e-11 0.00000e+00
1.59000e+02 1.99165e-11 0.00000e+00
1.60000e+02 2.06885e-11 0.00000e+00
1.61000e+02 2.19447e-11 0.00000e+00
1.62000e+02 2.27513e-11 0.00000e+00
1.63000e+02 2.14901e-11 0.00000e+00
1.64000e+02 2.28757e-11 0.00000e+00
1.65000e+02 1.88728e-11 0.00000e+00
1.66000e+02 1.88804e-11 0.00000e+00
1.67000e+02 2.37809e-11 0.00000e+00
1.68000e+02 1.81931e-11 0.00000e+00
1.69000e+02 2.19578e-11 0.00000e+00
1.70000e+02 2.33296e-11 0.00000e+00
1.71000e+02 2.12726e-11 0.00000e+00
1.72000e+02 2.12508e-11 0.00000e+00
1.73000e+02 2.21010e-11 0.00000e+00
1.74000e+02 1.77725e-11 0.00000e+00
1.75000e+02 2.04443e-11 0.00000e+00
1.76000e+02 2.17750e-11 0.00000e+00
1.77000e+02 1.76495e-11 0.00000e+00
1.78000e+02 1.87667e-11 0.00000e+00
1.79000e+02 2.03215e-11 0.00000e+00
1.80000e+02 2.30311e-11 0.00000e+00
1.81000e+02 2.12155e-11 0.00000e+00
1.82000e+02 2.42069e-11 0.00000e+00
1.83000e+02 1.82020e-11 0.00000e+00
1.84000e+02 1.99043e-11 0.00000e+00
1.85000e+02 2.06045e-11 0.00000e+00
1.86000e+02 1.82370e-11 0.00000e+00
1.87000e+02 2.19400e-11 0.00000e+00
1.88000e+02 2.33071e-11 0.00000e+00
1.89000e+02 2.19336e-11 0.00000e+00
1.90000e+02 1.74791e-11 0.00000e+00
1.91000e+02 1.70864e-11 0.00000e+00
1.92000e+02 1.64951e-11 0.00000e+00
1.93000e+02 1.84339e-11 0.00000e+00
1.94000e+02 1.82870e-11 0.00000e+00
1.95000e+02 1.79231e-11 0.00000e+00
1.96000e+02 1.65334e-11 0.00000e+00
1.97000e+02 1.28540e-11 0.00000e+00
1.98000e+02 1.90946e-11 0.00000e+00
1.99000e+02 1.87757e-11 0.00000e+00
2.00000e+02 2.05266e-11 0.00000e+00
2.01000e+02 1.68939e-11 0.00000e+00
2.02000e+02 1.82004e-11 0.00000e+00
2.03000e+02 2.01728e-11 0.00000e+00
2.04000e+02 1.84615e-11 0.00000e+00
2.05000e+02 1.69347e-11 0.00000e+00
2.06000e+02 1.92718e-11 0.00000e+00
2.07000e+02 1.72978e-11 0.00000e+00
2.08000e+02 1.47689e-11 0.00000e+00
2.09000e+02 1.62005e-11 0.00000e+00
2.10000e+02 1.84844e-11 0.00000e+00
2.11000e+02 1.43803e-11 0.00000e+00
2.12000e+02 2.11767e-11 0.00000e+00
2.13000e+02 1.84000e-11 0.00000e+00
2.14000e+02 2.03676e-11 0.00000e+00
2.15000e+02 1.64803e-11 0.00000e+00
2.16000e+02 2.11488e-11 0.00000e+00
2.17000e+02 1.66017e-11 0.00000e+00
2.18000e+02 1.84672e-11 0.00000e+00
2.19000e+02 1.77496e-11 0.00000e+00
2.20000e+02 1.44783e-11 0.00000e+00
2.21000e+02 1.71815e-11 0.00000e+00
2.22000e+02 1.60500e-11 0.00000e+00
2.23000e+02 1.56320e-11 0.00000e+00
2.24000e+02 1.68903e-11 0.00000e+00
2.25000e+02 1.69653e-11 0.00000e+00
2.26000e+02 1.85076e-11 0.00000e+00
2.27000e+02 1.52411e-11 0.00000e+00
2.28000e+02 1.43643e-11 0.00000e+00
2.29000e+02 1.66650e-11 0.00000e+00
2.30000e+02 1.67162e-11 0.00000e+00
2.31000e+02 1.81777e-11 0.00000e+00
2.32000e+02 1.67171e-11 0.00000e+00
2.33000e+02 1.56835e-11 0.00000e+00
2.34000e+02 1.67791e-11 0.00000e+00
2.35000e+02 1.45942e-11 0.00000e+00
2.36000e+02 1.68246e-11 0.00000e+00
2.37000e+02 1.59820e-11 0.00000e+00
2.38000e+02 1.53589e-11 0.00000e+00
2.39000e+02 1.65592e-11 0.00000e+00
2.40000e+02 1.68706e-11 0.00000e+00
2.41000e+02 1.97923e-11 0.00000e+00
2.42000e+02 1.87797e-11 0.00000e+00
2.43000e+02 1.57324e-11 0.00000e+00
2.44000e+02 1.47373e-11 0.00000e+00
2.45000e+02 1.68498e-11 0.00000e+00
2.46000e+02 1.30503e-11 0.00000e+00
2.47000e+02 1.49950e-11 0.00000e+00
2.48000e+02 1.56389e-11 0.00000e+00
2.49000e+02 1.52555e-11 0.00000e+00
2.50000e+02 1.37803e-11 0.00000e+00
2.51000e+02 1.81977e-11 0.00000e+00
2.52000e+02 1.52555e-11 0.00000e+00
2.53000e+02 1.38169e-11 0.00000e+00
2.54000e+02 1.51248e-11 0.00000e+00
2.55000e+02 1.52799e-11 0.00000e+00
2.56000e+02 1.46967e-11 0.00000e+00
2.57000e+02 1.57615e-11 0.00000e+00
2.58000e+02 1.42093e-11 0.00000e+00
2.59000e+02 1.59747e-11 0.00000e+00
2.60000e+02 1.53722e-11 0.00000e+00
2.61000e+02 1.50061e-11 0.00000e+00
2.62000e+02 1.43589e-11 0.00000e+00
2.63000e+02 1.47432e-11 0.00000e+00
2.64000e+02 1.49966e-11 0.00000e+00
2.65000e+02 1.71418e-11 0.00000e+00
2.66000e+02 1.57480e-11 0.00000e+00
2.67000e+02 1.68119e-11 0.00000e+00
2.68000e+02 1.34251e-11 0.00000e+00
2.69000e+02 1.59954e-11 0.00000e+00
2.70000e+02 1.64028e-11 0.00000e+00
2.71000e+02 1.37886e-11 0.00000e+00
2.72000e+02 1.37888e-11 0.00000e+00
2.73000e+02 1.59604e-11 0.00000e+00
2.74000e+02 1.71462e-11 0.00000e+00
2.75000e+02 1.52255e-11 0.00000e+00
2.76000e+02 1.05984e-11 0.00000e+00
2.77000e+02 1.49271e-11 0.00000e+00
2.78000e+02 1.46509e-11 0.00000e+00
2.79000e+02 1.36336e-11 0.00000e+00
2.80000e+02 1.39396e-11 0.00000e+00
2.81000e+02 1.52381e-11 0.00000e+00
2.82000e+02 1.39500e-11 0.00000e+00
2.83000e+02 1.18325e-11 0.00000e+00
2.84000e+02 1.36600e-11 0.00000e+00
2.85000e+02 1.52320e-11 0.00000e+00
2.86000e+02 1.60413e-11 0.00000e+00
2.87000e+02 1.26500e-11 0.00000e+00
2.88000e+02 1.37675e-11 0.00000e+00
2.89000e+02 1.22965e-11 0.00000e+00
2.90000e+02 1.58830e-11 0.00000e+00
2.91000e+02 1.40638e-11 0.00000e+00
2.92000e+02 1.35203e-11 0.00000e+00
2.93000e+02 1.24586e-11 0.00000e+00
2.94000e+02 1.31871e-11 0.00000e+00
2.95000e+02 1.41470e-11 0.00000e+00
2.96000e+02 1.53938e-11 0.00000e+00
2.97000e+02 1.23689e-11 0.00000e+00
2.98000e+02 1.59416e-11 0.00000e+00
2.99000e+02 1.39325e-11 0.00000e+00
3.00000e+02 1.28981e-11 0.00000e+00
3.01000e+02 1.34021e-11 0.00000e+00
3.02000e+02 1.31535e-11 0.00000e+00
3.03000e+02 1.22100e-11 0.00000e+00
3.04000e+02 1.47092e-11 0.00000e+00
3.05000e+02 1.24561e-11 0.00000e+00
3.06000e+02 1.50320e-11 0.00000e+00
3.07000e+02 1.51290e-11 0.00000e+00
3.08000e+02 1.37308e-11 0.00000e+00
3.09000e+02 1.39456e-11 0.00000e+00
3.10000e+02 1.59032e-11 0.00000e+00
3.11000e+02 1.23151e-11 0.00000e+00
3.12000e+02 1.39323e-11 0.00000e+00
3.13000e+02 1.45010e-11 0.00000e+00
3.14000e+02 1.21640e-11 0.00000e+00
3.15000e+02 1.32023e-11 0.00000e+00
3.16000e+02 1.41363e-11 0.00000e+00
3.17000e+02 1.17465e-11 0.00000e+00
3.18000e+02 1.33937e-11 0.00000e+00
3.19000e+02 1.05799e-11 0.00000e+00
3.20000e+02 1.21511e-11 0.00000e+00
3.21000e+02 1.37049e-11 0.00000e+00
3.22000e+02 1.50996e-11 0.00000e+00
3.23000e+02 1.39120e-11 0.00000e+00
3.24000e+02 1.07266e-11 0.00000e+00
3.25000e+02 1.12017e-11 0.00000e+00
3.26000e+02 1.16088e-11 0.00000e+00
3.27000e+02 1.33538e-11 0.00000e+00
3.28000e+02 1.17700e-11 0.00000e+00
3.29000e+02 1.28650e-11 0.00000e+00
3.30000e+02 1.13009e-11 0.00000e+00
3.31000e+02 1.43093e-11 0.00000e+00
3.32000e+02 1.04208e-11 0.00000e+00
3.33000e+02 1.22920e-11 0.00000e+00
3.34000e+02 1.26501e-11 0.00000e+00
3.35000e+02 1.28585e-11 0.00000e+00
3.36000e+02 1.31114e-11 0.00000e+00
3.37000e+02 1.40695e-11 0.00000e+00
3.38000e+02 1.12818e-11 0.00000e+00
3.39000e+02 1.29331e-11 0.00000e+00
3.40000e+02 1.32377e-11 0.00000e+00
3.41000e+02 1.36389e-11 0.00000e+00
3.42000e+02 1.09605e-11 0.00000e+00
3.43000e+02 1.16566e-11 0.00000e+00
3.44000e+02 1.27484e-11 0.00000e+00
3.45000e+02 1.33702e-11 0.00000e+00
3.46000e+02 1.29336e-11 0.00000e+00
3.47000e+02 9.88398e-12 0.00000e+00
3.48000e+02 1.27030e-11 0.00000e+00
3.49000e+02 1.21497e-11 0.00000e+00
3.50000e+02 1.12350e-11 0.00000e+00
3.51000e+02 1.15462e-11 0.00000e+00
3.52000e+02 1.28745e-11 0.00000e+00
3.53000e+02 1.16325e-11 0.00000e+00
3.54000e+02 1.13505e-11 0.00000e+00
3.55000e+02 1.23925e-11 0.00000e+00
3.56000e+02 1.23008e-11 0.00000e+00
3.57000e+02 1.07297e-11 0.00000e+00
3.58000e+02 1.40414e-11 0.00000e+00
3.59000e+02 1.10113e-11 0.00000e+00
3.60000e+02 1.17504e-11 0.00000e+00
3.61000e+02 1.03680e-11 0.00000e+00
3.62000e+02 1.25211e-11 0.00000e+00
3.63000e+02 1.19521e-11 0.00000e+00
3.64000e+02 1.21534e-11 0.00000e+00
3.65000e+02 9.99774e-12 0.00000e+00
3.66000e+02 1.19074e-11 0.00000e+00
3.67000e+02 1.32126e-11 0.00000e+00
3.68000e+02 1.45786e-11 0.00000e+00
3.69000e+02 1.21118e-11 0.00000e+00
3.70000e+02 1.10074e-11 0.00000e+00
3.71000e+02 1.11674e-11 0.00000e+00
3.72000e+02 1.17584e-11 0.00000e+00
3.73000e+02 1.15065e-11 0.00000e+00
3.74000e+02 1.18973e-11 0.00000e+00
3.75000e+02 1.21693e-11 0.00000e+00
3.76000e+02 1.26596e-11 0.00000e+00
3.77000e+02 1.18812e-11 0.00000e+00
3.78000e+02 1.13125e-11 0.00000e+00
3.79000e+02 1.00557e-11 0.00000e+00
3.80000e+02 1.30061e-11 0.00000e+00
3.81000e+02 1.05606e-11 0.00000e+00
3.82000e+02 1.16337e-11 0.00000e+00
3.83000e+02 1.22082e-11 0.00000e+00
3.84000e+02 1.19015e-11 0.00000e+00
3.85000e+02 1.14681e-11 0.00000e+00
3.86000e+02 1.02018e-11 0.00000e+00
3.87000e+02 1.10984e-11 0.00000e+00
3.88000e+02 1.11719e-11 0.00000e+00
3.89000e+02 1.13673e-11 0.00000e+00
3.90000e+02 1.07442e-11 0.00000e+00
3.91000e+02 1.05844e-11 0.00000e+00
3.92000e+02 1.35606e-11 0.00000e+00
3.93000e+02 1.02861e-11 0.00000e+00
3.94000e+02 9.47647e-12 0.00000e+00
3.95000e+02 1.07640e-11 0.00000e+00
3.96000e+02 1.12941e-11 0.00000e+00
3.97000e+02 1.13467e-11 0.00000e+00
3.98000e+02 1.13858e-11 0.00000e+00
3.99000e+02 1.13186e-11 0.00000e+00
4.00000e+02 1.08021e-11 0.00000e+00
4.01000e+02 1.03900e-11 0.00000e+00
4.02000e+02 1.16008e-11 0.00000e+00
4.03000e+02 1.21984e-11 0.00000e+00
4.04000e+02 1.16586e-11 0.00000e+00
4.05000e+02 1.05890e-11 0.00000e+00
4.06000e+02 9.30652e-12 0.00000e+00
4.07000e+02 1.05096e-11 0.00000e+00
4.08000e+02 1.20792e-11 0.00000e+00
4.09000e+02 9.35451e-12 0.00000e+00
4.10000e+02 1.03713e-11 0.00000e+00
4.11000e+02 1.09422e-11 0.00000e+00
4.12000e+02 9.39086e-12 0.00000e+00
4.13000e+02 1.18010e-11 0.00000e+00
4.14000e+02 1.10403e-11 0.00000e+00
4.15000e+02 1.09849e-11 0.00000e+00
4.16000e+02 1.06163e-11 0.00000e+00
4.17000e+02 8.63204e-12 0.00000e+00
4.18000e+02 9.44358e-12 0.00000e+00
4.19000e+02 1.04994e-11 0.00000e+00
4.20000e+02 1.03632e-11 0.00000e+00
4.21000e+02 9.98630e-12 0.00000e+00
4.22000e+02 8.90679e-12 0.00000e+00
4.23000e+02 9.88729e-12 0.00000e+00
4.24000e+02 1.07079e-11 0.00000e+00
4.25000e+02 1.01952e-11 0.00000e+00
4.26000e+02 1.01627e-11 0.00000e+00
4.27000e+02 1.05542e-11 0.00000e+00
4.28000e+02 8.54777e-12 0.00000e+00
4.29000e+02 8.55601e-12 0.00000e+00
4.30000e+02 1.03342e-11 0.00000e+00
4.31000e+02 9.65327e-12 0.00000e+00
4.32000e+02 1.01142e-11 0.00000e+00
4.33000e+02 8.69659e-12 0.00000e+00
4.34000e+02 1.19577e-11 0.00000e+00
4.35000e+02 9.94516e-12 0.00000e+00
4.36000e+02 1.01516e-11 0.00000e+00
4.37000e+02 9.61317e-12 0.00000e+00
4.38000e+02 1.04336e-11 0.00000e+00
4.39000e+02 1.07120e-11 0.00000e+00
4.40000e+02 1.09798e-11 0.00000e+00
4.41000e+02 9.33575e-12 0.00000e+00
4.42000e+02 9.96997e-12 0.00000e+00
4.43000e+02 9.72413e-12 0.00000e+00
4.44000e+02 1.08022e-11 0.00000e+00
4.45000e+02 9.61675e-12 0.00000e+00
4.46000e+02 1.05056e-11 0.00000e+00
4.47000e+02 9.36737e-12 0.00000e+00
4.48000e+02 9.50830e-12 0.00000e+00
4.49000e+02 1.09937e-11 0.00000e+00
4.50000e+02 9.73901e-12 0.00000e+00
4.51000e+02 1.06155e-11 0.00000e+00
4.52000e+02 1.05286e-11 0.00000e+00
4.53000e+02 1.01765e-11 0.00000e+00
4.54000e+02 9.88187e-12 0.00000e+00
4.55000e+02 9.07780e-12 0.00000e+00
4.56000e+02 9.72470e-12 0.00000e+00
4.57000e+02 1.02405e-11 0.00000e+00
4.58000e+02 1.04500e-11 0.00000e+00
4.59000e+02 9.93083e-12 0.00000e+00
4.60000e+02 9.73027e-12 0.00000e+00
4.61000e+02 1.10375e-11 0.00000e+00
4.62000e+02 1.09254e-11 0.00000e+00
4.63000e+02 1.00169e-11 0.00000e+00
4.64000e+02 8.93160e-12 0.00000e+00
4.65000e+02 8.97675e-12 0.00000e+00
4.66000e+02 8.89508e-12 0.00000e+00
4.67000e+02 9.58535e-12 0.00000e+00
4.68000e+02 1.03789e-11 0.00000e+00
4.69000e+02 8.79619e-12 0.00000e+00
4.70000e+02 9.47869e-12 0.00000e+00
4.71000e+02 8.36031e-12 0.00000e+00
4.72000e+02 1.07620e-11 0.00000e+00
4.73000e+02 9.38060e-12 0.00000e+00
4.74000e+02 1.04149e-11 0.00000e+00
4.75000e+02 9.49304e-12 0.00000e+00
4.76000e+02 9.45024e-12 0.00000e+00
4.77000e+02 9.13285e-12 0.00000e+00
4.78000e+02 1.00636e-11 0.00000e+00
4.79000e+02 9.62340e-12 0.00000e+00
4.80000e+02 9.72315e-12 0.00000e+00
4.81000e+02 8.89587e-12 0.00000e+00
4.82000e+02 8.81123e-12 0.00000e+00
4.83000e+02 9.78156e-12 0.00000e+00
4.84000e+02 1.00981e-11 0.00000e+00
4.85000e+02 9.36828e-12 0.00000e+00
4.86000e+02 8.91057e-12 0.00000e+00
4.87000e+02 9.74316e-12 0.00000e+00
4.88000e+02 8.50113e-12 0.00000e+00
4.89000e+02 9.71423e-12 0.00000e+00
4.90000e+02 9.78445e-12 0.00000e+00
4.91000e+02 8.55066e-12 0.00000e+00
4.92000e+02 1.02184e-11 0.00000e+00
4.93000e+02 1.05963e-11 0.00000e+00
4.94000e+02 1.07073e-11 0.00000e+00
4.95000e+02 9.14471e-12 0.00000e+00
4.96000e+02 1.01308e-11 0.00000e+00
4.97000e+02 1.00173e-11 0.00000e+00
4.98000e+02 9.75640e-12 0.00000e+00
4.99000e+02 9.11229e-12 0.00000e+00
5.00000e+02 8.17317e-12 0.00000e+00
5.01000e+02 9.59884e-12 0.00000e+00
5.02000e+02 9.02783e-12 0.00000e+00
5.03000e+02 8.89590e-12 0.00000e+00
5.04000e+02 1.03875e-11 0.00000e+00
5.05000e+02 8.72482e-12 0.00000e+00
5.06000e+02 9.19904e-12 0.00000e+00
5.07000e+02 8.82669e-12 0.00000e+00
5.08000e+02 9.34965e-12 0.00000e+00
5.09000e+02 9.19010e-12 0.00000e+00
5.10000e+02 9.21556e-12 0.00000e+00
5.11000e+02 9.45078e-12 0.00000e+00
5.12000e+02 8.79292e-12 0.00000e+00
5.13000e+02 8.79475e-12 0.00000e+00
5.14000e+02 9.12121e-12 0.00000e+00
5.15000e+02 8.54101e-12 0.00000e+00
5.16000e+02 8.55480e-12 0.00000e+00
5.17000e+02 8.69171e-12 0.00000e+00
5.18000e+02 8.43126e-12 0.00000e+00
5.19000e+02 9.67175e-12 0.00000e+00
5.20000e+02 8.12293e-12 0.00000e+00
5.21000e+02 8.65238e-12 0.00000e+00
5.22000e+02 8.67065e-12 0.00000e+00
5.23000e+02 9.15120e-12 0.00000e+00
5.24000e+02 8.11538e-12 0.00000e+00
5.25000e+02 8.61979e-12 0.00000e+00
5.26000e+02 7.55101e-12 0.00000e+00
5.27000e+02 8.24806e-12 0.00000e+00
5.28000e+02 9.38463e-12 0.00000e+00
5.29000e+02 8.54465e-12 0.00000e+00
5.30000e+02 8.11910e-12 0.00000e+00
5.31000e+02 8.81778e-12 0.00000e+00
5.32000e+02 8.12729e-12 0.00000e+00
5.33000e+02 8.82213e-12 0.00000e+00
5.34000e+02 8.90846e-12 0.00000e+00
5.35000e+02 7.48933e-12 0.00000e+00
5.36000e+02 9.21993e-12 0.00000e+00
5.37000e+02 8.47421e-12 0.00000e+00
5.38000e+02 7.60165e-12 0.00000e+00
5.39000e+02 8.69219e-12 0.00000e+00
5.40000e+02 9.26305e-12 0.00000e+00
5.41000e+02 8.99449e-12 0.00000e+00
5.42000e+02 8.15104e-12 0.00000e+00
5.43000e+02 7.65128e-12 0.00000e+00
5.44000e+02 8.38922e-12 0.00000e+00
5.45000e+02 9.62922e-12 0.00000e+00
5.46000e+02 7.74710e-12 0.00000e+00
5.47000e+02 8.54243e-12 0.00000e+00
5.48000e+02 8.33163e-12 0.00000e+00
5.49000e+02 8.99835e-12 0.00000e+00
5.50000e+02 7.74498e-12 0.00000e+00
5.51000e+02 7.97774e-12 0.00000e+00
5.52000e+02 8.51410e-12 0.00000e+00
5.53000e+02 8.48346e-12 0.00000e+00
5.54000e+02 7.95197e-12 0.00000e+00
5.55000e+02 7.62924e-12 0.00000e+00
5.56000e+02 9.19065e-12 0.00000e+00
5.57000e+02 9.57990e-12 0.00000e+00
5.58000e+02 8.60494e-12 0.00000e+00
5.59000e+02 8.80566e-12 0.00000e+00
5.60000e+02 8.46084e-12 0.00000e+00
5.61000e+02 8.30453e-12 0.00000e+00
5.62000e+02 7.39018e-12 0.00000e+00
5.63000e+02 8.48883e-12 0.00000e+00
5.64000e+02 8.22973e-12 0.00000e+00
5.65000e+02 7.73863e-12 0.00000e+00
5.66000e+02 7.57199e-12 0.00000e+00
5.67000e+02 7.66133e-12 0.00000e+00
5.68000e+02 7.42278e-12 0.00000e+00
5.69000e+02 7.86327e-12 0.00000e+00
5.70000e+02 7.79642e-12 0.00000e+00
5.71000e+02 8.72099e-12 0.00000e+00
5.72000e+02 9.04139e-12 0.00000e+00
5.73000e+02 8.66293e-12 0.00000e+00
5.74000e+02 7.81670e-12 0.00000e+00
5.75000e+02 7.80027e-12 0.00000e+00
5.76000e+02 8.65516e-12 0.00000e+00
5.77000e+02 8.21583e-12 0.00000e+00
5.78000e+02 7.61547e-12 0.00000e+00
5.79000e+02 8.38395e-12 0.00000e+00
5.80000e+02 7.66304e-12 0.00000e+00
5.81000e+02 8.03921e-12 0.00000e+00
5.82000e+02 7.02631e-12 0.00000e+00
5.83000e+02 7.22905e-12 0.00000e+00
5.84000e+02 8.62915e-12 0.00000e+00
5.85000e+02 8.26186e-12 0.00000e+00
5.86000e+02 7.74423e-12 0.00000e+00
5.87000e+02 8.21274e-12 0.00000e+00
5.88000e+02 7.24801e-12 0.00000e+00
5.89000e+02 7.43838e-12 0.00000e+00
5.90000e+02 7.52389e-12 0.00000e+00
5.91000e+02 8.51628e-12 0.00000e+00
5.92000e+02 8.63551e-12 0.00000e+00
5.93000e+02 8.64066e-12 0.00000e+00
5.94000e+02 7.85254e-12 0.00000e+00
5.95000e+02 7.69725e-12 0.00000e+00
5.96000e+02 7.58750e-12 0.00000e+00
5.97000e+02 7.20384e-12 0.00000e+00
5.98000e+02 7.68212e-12 0.00000e+00
5.99000e+02 8.06777e-12 0.00000e+00
6.00000e+02 7.93149e-12 0.00000e+00
6.01000e+02 8.03831e-12 0.00000e+00
6.02000e+02 7.95592e-12 0.00000e+00
6.03000e+02 8.00917e-12 0.00000e+00
6.04000e+02 7.65373e-12 0.00000e+00
6.05000e+02 7.43936e-12 0.00000e+00
6.06000e+02 7.96450e-12 0.00000e+00
6.07000e+02 7.01251e-12 0.00000e+00
6.08000e+02 7.92488e-12 0.00000e+00
6.09000e+02 7.23524e-12 0.00000e+00
6.10000e+02 7.69512e-12 0.00000e+00
6.11000e+02 6.62798e-12 0.00000e+00
6.12000e+02 7.94125e-12 0.00000e+00
6.13000e+02 7.48453e-12 0.00000e+00
6.14000e+02 7.42120e-12 0.00000e+00
6.15000e+02 7.25309e-12 0.00000e+00
6.16000e+02 7.37984e-12 0.00000e+00
6.17000e+02 7.54971e-12 0.00000e+00
6.18000e+02 7.50310e-12 0.00000e+00
6.19000e+02 7.41246e-12 0.00000e+00
6.20000e+02 7.84179e-12 0.00000e+00
6.21000e+02 7.41139e-12 0.00000e+00
6.22000e+02 7.44774e-12 0.00000e+00
6.23000e+02 7.70018e-12 0.00000e+00
6.24000e+02 8.01838e-12 0.00000e+00
6.25000e+02 7.37225e-12 0.00000e+00
6.26000e+02 6.80109e-12 0.00000e+00
6.27000e+02 7.42498e-12 0.00000e+00
6.28000e+02 7.45993e-12 0.00000e+00
6.29000e+02 7.18476e-12 0.00000e+00
6.30000e+02 7.32092e-12 0.00000e+00
6.31000e+02 6.74433e-12 0.00000e+00
6.32000e+02 7.68733e-12 0.00000e+00
6.33000e+02 6.62145e-12 0.00000e+00
6.34000e+02 7.52752e-12 0.00000e+00
6.35000e+02 7.34937e-12 0.00000e+00
6.36000e+02 7.65344e-12 0.00000e+00
6.37000e+02 8.17437e-12 0.00000e+00
6.38000e+02 7.14717e-12 0.00000e+00
6.39000e+02 7.09796e-12 0.00000e+00
6.40000e+02 7.69516e-12 0.00000e+00
6.41000e+02 7.12989e-12 0.00000e+00
6.42000e+02 6.57624e-12 0.00000e+00
6.43000e+02 7.82869e-12 0.00000e+00
6.44000e+02 8.14916e-12 0.00000e+00
6.45000e+02 6.98663e-12 0.00000e+00
6.46000e+02 8.08681e-12 0.00000e+00
6.47000e+02 6.96722e-12 0.00000e+00
6.48000e+02 6.72931e-12 0.00000e+00
6.49000e+02 6.62339e-12 0.00000e+00
6.50000e+02 7.87011e-12 0.00000e+00
6.51000e+02 7.52357e-12 0.00000e+00
6.52000e+02 7.25077e-12 0.00000e+00
6.53000e+02 7.47591e-12 0.00000e+00
6.54000e+02 6.82921e-12 0.00000e+00
6.55000e+02 6.88868e-12 0.00000e+00
6.56000e+02 8.10221e-12 0.00000e+00
6.57000e+02 6.94179e-12 0.00000e+00
6.58000e+02 7.15234e-12 0.00000e+00
6.59000e+02 7.55422e-12 0.00000e+00
6.60000e+02 6.35807e-12 0.00000e+00
6.61000e+02 6.88981e-12 0.00000e+00
6.62000e+02 6.94491e-12 0.00000e+00
6.63000e+02 6.75130e-12 0.00000e+00
6.64000e+02 6.75971e-12 0.00000e+00
6.65000e+02 7.20997e-12 0.00000e+00
6.66000e+02 7.13201e-12 0.00000e+00
6.67000e+02 7.48331e-12 0.00000e+00
6.68000e+02 6.37419e-12 0.00000e+00
6.69000e+02 6.77284e-12 0.00000e+00
6.70000e+02 6.53943e-12 0.00000e+00
6.71000e+02 7.69289e-12 0.00000e+00
6.72000e+02 6.52323e-12 0.00000e+00
6.73000e+02 6.66006e-12 0.00000e+00
6.74000e+02 6.97493e-12 0.00000e+00
6.75000e+02 6.03641e-12 0.00000e+00
6.76000e+02 7.37982e-12 0.00000e+00
6.77000e+02 6.26291e-12 0.00000e+00
6.78000e+02 7.72991e-12 0.00000e+00
6.79000e+02 6.61302e-12 0.00000e+00
6.80000e+02 7.29138e-12 0.00000e+00
6.81000e+02 7.35826e-12 0.00000e+00
6.82000e+02 6.97304e-12 0.00000e+00
6.83000e+02 6.97629e-12 0.00000e+00
6.84000e+02 6.59718e-12 0.00000e+00
6.85000e+02 7.13848e-12 0.00000e+00
6.86000e+02 5.95367e-12 0.00000e+00
6.87000e+02 6.46990e-12 0.00000e+00
6.88000e+02 6.31606e-12 0.00000e+00
6.89000e+02 6.70893e-12 0.00000e+00
6.90000e+02 6.93860e-12 0.00000e+00
6.91000e+02 7.30130e-12 0.00000e+00
6.92000e+02 6.45443e-12 0.00000e+00
6.93000e+02 6.96335e-12 0.00000e+00
6.94000e+02 7.33028e-12 0.00000e+00
6.95000e+02 7.09677e-12 0.00000e+00
6.96000e+02 6.86854e-12 0.00000e+00
6.97000e+02 6.38907e-12 0.00000e+00
6.98000e+02 6.55046e-12 0.00000e+00
6.99000e+02 6.32783e-12 0.00000e+00
7.00000e+02 7.01925e-12 0.00000e+00
7.01000e+02 7.12898e-12 0.00000e+00
7.02000e+02 6.65559e-12 0.00000e+00
7.03000e+02 5.74812e-12 0.00000e+00
7.04000e+02 5.71729e-12 0.00000e+00
7.05000e+02 6.73980e-12 0.00000e+00
7.06000e+02 6.88432e-12 0.00000e+00
7.07000e+02 7.18738e-12 0.00000e+00
7.08000e+02 6.34258e-12 0.00000e+00
7.09000e+02 6.78135e-12 0.00000e+00
7.10000e+02 6.89324e-12 0.00000e+00
7.11000e+02 6.54135e-12 0.00000e+00
7.12000e+02 6.47374e-12 0.00000e+00
7.13000e+02 6.59276e-12 0.00000e+00
7.14000e+02 6.27308e-12 0.00000e+00
7.15000e+02 5.85325e-12 0.00000e+00
7.16000e+02 5.88401e-12 0.00000e+00
7.17000e+02 6.07600e-12 0.00000e+00
7.18000e+02 6.68472e-12 0.00000e+00
7.19000e+02 6.01027e-12 0.00000e+00
7.20000e+02 6.40652e-12 0.00000e+00
7.21000e+02 6.50467e-12 0.00000e+00
7.22000e+02 6.89959e-12 0.00000e+00
7.23000e+02 5.95844e-12 0.00000e+00
7.24000e+02 5.83250e-12 0.00000e+00
7.25000e+02 6.96045e-12 0.00000e+00
7.26000e+02 5.80617e-12 0.00000e+00
7.27000e+02 6.81365e-12 0.00000e+00
7.28000e+02 6.39054e-12 0.00000e+00
7.29000e+02 6.53157e-12 0.00000e+00
7.30000e+02 6.88363e-12 0.00000e+00
7.31000e+02 6.32460e-12 0.00000e+00
7.32000e+02 6.62606e-12 0.00000e+00
7.33000e+02 6.24154e-12 0.00000e+00
7.34000e+02 7.10718e-12 0.00000e+00
7.35000e+02 7.31107e-12 0.00000e+00
7.36000e+02 6.08221e-12 0.00000e+00
7.37000e+02 6.75084e-12 0.00000e+00
7.38000e+02 5.78094e-12 0.00000e+00
7.39000e+02 6.37214e-12 0.00000e+00
7.40000e+02 6.36493e-12 0.00000e+00
7.41000e+02 6.96002e-12 0.00000e+00
7.42000e+02 6.12478e-12 0.00000e+00
7.43000e+02 6.31068e-12 0.00000e+00
7.44000e+02 5.75692e-12 0.00000e+00
7.45000e+02 6.31444e-12 0.00000e+00
7.46000e+02 5.57055e-12 0.00000e+00
7.47000e+02 5.76643e-12 0.00000e+00
7.48000e+02 5.80614e-12 0.00000e+00
7.49000e+02 6.49998e-12 0.00000e+00
7.50000e+02 6.39269e-12 0.00000e+00
7.51000e+02 6.49763e-12 0.00000e+00
7.52000e+02 5.93478e-12 0.00000e+00
7.53000e+02 6.06362e-12 0.00000e+00
7.54000e+02 6.31250e-12 0.00000e+00
7.55000e+02 5.86750e-12 0.00000e+00
7.56000e+02 5.84789e-12 0.00000e+00
7.57000e+02 7.00781e-12 0.00000e+00
7.58000e+02 6.62105e-12 0.00000e+00
7.59000e+02 6.63816e-12 0.00000e+00
7.60000e+02 6.55398e-12 0.00000e+00
7.61000e+02 6.55063e-12 0.00000e+00
7.62000e+02 6.11931e-12 0.00000e+00
7.63000e+02 5.51549e-12 0.00000e+00
7.64000e+02 5.89148e-12 0.00000e+00
7.65000e+02 6.09028e-12 0.00000e+00
7.66000e+02 5.83952e-12 0.00000e+00
7.67000e+02 6.62251e-12 0.00000e+00
7.68000e+02 6.05360e-12 0.00000e+00
7.69000e+02 5.48493e-12 0.00000e+00
7.70000e+02 6.29151e-12 0.00000e+00
7.71000e+02 6.16782e-12 0.00000e+00
7.72000e+02 6.08195e-12 0.00000e+00
7.73000e+02 6.19610e-12 0.00000e+00
7.74000e+02 5.89942e-12 0.00000e+00
7.75000e+02 6.03361e-12 0.00000e+00
7.76000e+02 5.63512e-12 0.00000e+00
7.77000e+02 6.02676e-12 0.00000e+00
7.78000e+02 6.18325e-12 0.00000e+00
7.79000e+02 5.76186e-12 0.00000e+00
7.80000e+02 6.08903e-12 0.00000e+00
7.81000e+02 6.06791e-12 0.00000e+00
7.82000e+02 6.30838e-12 0.00000e+00
7.83000e+02 5.70247e-12 0.00000e+00
7.84000e+02 5.89319e-12 0.00000e+00
7.85000e+02 5.69757e-12 0.00000e+00
7.86000e+02 5.27722e-12 0.00000e+00
7.87000e+02 6.49580e-12 0.00000e+00
7.88000e+02 5.91833e-12 0.00000e+00
7.89000e+02 5.67727e-12 0.00000e+00
7.90000e+02 5.97421e-12 0.00000e+00
7.91000e+02 5.49007e-12 0.00000e+00
7.92000e+02 5.72653e-12 0.00000e+00
7.93000e+02 5.17365e-12 0.00000e+00
7.94000e+02 5.68158e-12 0.00000e+00
7.95000e+02 5.15141e-12 0.00000e+00
7.96000e+02 6.05190e-12 0.00000e+00
7.97000e+02 5.86249e-12 0.00000e+00
7.98000e+02 5.90041e-12 0.00000e+00
7.99000e+02 5.44147e-12 0.00000e+00
8.00000e+02 6.29564e-12 0.00000e+00
8.01000e+02 6.26887e-12 0.00000e+00
8.02000e+02 6.01043e-12 0.00000e+00
8.03000e+02 5.23334e-12 0.00000e+00
8.04000e+02 5.75452e-12 0.00000e+00
8.05000e+02 5.15397e-12 0.00000e+00
8.06000e+02 6.06406e-12 0.00000e+00
8.07000e+02 5.62665e-12 0.00000e+00
8.08000e+02 6.12295e-12 0.00000e+00
8.09000e+02 5.77990e-12 0.00000e+00
8.10000e+02 6.15915e-12 0.00000e+00
8.11000e+02 5.63783e-12 0.00000e+00
8.12000e+02 5.58450e-12 0.00000e+00
8.13000e+02 5.34918e-12 0.00000e+00
8.14000e+02 5.95838e-12 0.00000e+00
8.15000e+02 5.34560e-12 0.00000e+00
8.16000e+02 5.42188e-12 0.00000e+00
8.17000e+02 4.94337e-12 0.00000e+00
8.18000e+02 5.41756e-12 0.00000e+00
8.19000e+02 5.39217e-12 0.00000e+00
8.20000e+02 6.16615e-12 0.00000e+00
8.21000e+02 5.64492e-12 0.00000e+00
8.22000e+02 5.47326e-12 0.00000e+00
8.23000e+02 5.58590e-12 0.00000e+00
8.24000e+02 5.33657e-12 0.00000e+00
8.25000e+02 5.72806e-12 0.00000e+00
8.26000e+02 5.50267e-12 0.00000e+00
8.27000e+02 6.01685e-12 0.00000e+00
8.28000e+02 5.66037e-12 0.00000e+00
8.29000e+02 5.61010e-12 0.00000e+00
8.30000e+02 5.64541e-12 0.00000e+00
8.31000e+02 5.82887e-12 0.00000e+00
8.32000e+02 5.31212e-12 0.00000e+00
8.33000e+02 4.89488e-12 0.00000e+00
8.34000e+02 5.56885e-12 0.00000e+00
8.35000e+02 5.79589e-12 0.00000e+00
8.36000e+02 5.14892e-12 0.00000e+00
8.37000e+02 5.33160e-12 0.00000e+00
8.38000e+02 4.94806e-12 0.00000e+00
8.39000e+02 5.01855e-12 0.00000e+00
8.40000e+02 5.34232e-12 0.00000e+00
8.41000e+02 5.53977e-12 0.00000e+00
8.42000e+02 5.29120e-12 0.00000e+00
8.43000e+02 5.81100e-12 0.00000e+00
8.44000e+02 5.64385e-12 0.00000e+00
8.45000e+02 5.57935e-12 0.00000e+00
8.46000e+02 5.95897e-12 0.00000e+00
8.47000e+02 5.30056e-12 0.00000e+00
8.48000e+02 5.71559e-12 0.00000e+00
8.49000e+02 5.13412e-12 0.00000e+00
8.50000e+02 5.33741e-12 0.00000e+00
8.51000e+02 5.51481e-12 0.00000e+00
8.52000e+02 5.15541e-12 0.00000e+00
8.53000e+02 5.22182e-12 0.00000e+00
8.54000e+02 5.23196e-12 0.00000e+00
8.55000e+02 5.21060e-12 0.00000e+00
8.56000e+02 5.52403e-12 0.00000e+00
8.57000e+02 5.32225e-12 0.00000e+00
8.58000e+02 5.72139e-12 0.00000e+00
8.59000e+02 5.41574e-12 0.00000e+00
8.60000e+02 5.27082e-12 0.00000e+00
8.61000e+02 5.33897e-12 0.00000e+00
8.62000e+02 4.97304e-12 0.00000e+00
8.63000e+02 4.96752e-12 0.00000e+00
8.64000e+02 4.98942e-12 0.00000e+00
8.65000e+02 4.98975e-12 0.00000e+00
8.66000e+02 5.32931e-12 0.00000e+00
8.67000e+02 4.85165e-12 0.00000e+00
8.68000e+02 4.89917e-12 0.00000e+00
8.69000e+02 5.57093e-12 0.00000e+00
8.70000e+02 5.53552e-12 0.00000e+00
8.71000e+02 4.74705e-12 0.00000e+00
8.72000e+02 4.92444e-12 0.00000e+00
8.73000e+02 5.51948e-12 0.00000e+00
8.74000e+02 4.67325e-12 0.00000e+00
8.75000e+02 5.11639e-12 0.00000e+00
8.76000e+02 4.76706e-12 0.00000e+00
8.77000e+02 4.94720e-12 0.00000e+00
8.78000e+02 5.51475e-12 0.00000e+00
8.79000e+02 5.15019e-12 0.00000e+00
8.80000e+02 5.22429e-12 0.00000e+00
8.81000e+02 4.89398e-12 0.00000e+00
8.82000e+02 5.08918e-12 0.00000e+00
8.83000e+02 4.50814e-12 0.00000e+00
8.84000e+02 5.31715e-12 0.00000e+00
8.85000e+02 5.04135e-12 0.00000e+00
8.86000e+02 5.03853e-12 0.00000e+00
8.87000e+02 5.29036e-12 0.00000e+00
8.88000e+02 5.14510e-12 0.00000e+00
8.89000e+02 4.89939e-12 0.00000e+00
8.90000e+02 4.71171e-12 0.00000e+00
8.91000e+02 5.06676e-12 0.00000e+00
8.92000e+02 5.41297e-12 0.00000e+00
8.93000e+02 5.17828e-12 0.00000e+00
8.94000e+02 4.91380e-12 0.00000e+00
8.95000e+02 5.25365e-12 0.00000e+00
8.96000e+02 4.89408e-12 0.00000e+00
8.97000e+02 5.39472e-12 0.00000e+00
8.98000e+02 5.13639e-12 0.00000e+00
8.99000e+02 5.08231e-12 0.00000e+00
9.00000e+02 5.20356e-12 0.00000e+00
9.01000e+02 5.05145e-12 0.00000e+00
9.02000e+02 4.82667e-12 0.00000e+00
9.03000e+02 5.08352e-12 0.00000e+00
9.04000e+02 4.84349e-12 0.00000e+00
9.05000e+02 5.13832e-12 0.00000e+00
9.06000e+02 4.84024e-12 0.00000e+00
9.07000e+02 5.32318e-12 0.00000e+00
9.08000e+02 4.91987e-12 0.00000e+00
9.09000e+02 4.85292e-12 0.00000e+00
9.10000e+02 4.93793e-12 0.00000e+00
9.11000e+02 4.96024e-12 0.00000e+00
9.12000e+02 5.09009e-12 0.00000e+00
9.13000e+02 4.81236e-12 0.00000e+00
9.14000e+02 4.85665e-12 0.00000e+00
9.15000e+02 4.93596e-12 0.00000e+00
9.16000e+02 5.04416e-12 0.00000e+00
9.17000e+02 4.88328e-12 0.00000e+00
9.18000e+02 5.24835e-12 0.00000e+00
9.19000e+02 4.88075e-12 0.00000e+00
9.20000e+02 4.83750e-12 0.00000e+00
9.21000e+02 4.80778e-12 0.00000e+00
9.22000e+02 4.87465e-12 0.00000e+00
9.23000e+02 4.62985e-12 0.00000e+00
9.24000e+02 5.07037e-12 0.00000e+00
9.25000e+02 4.86806e-12 0.00000e+00
9.26000e+02 4.58593e-12 0.00000e+00
9.27000e+02 5.13076e-12 0.00000e+00
9.28000e+02 4.47420e-12 0.00000e+00
9.29000e+02 4.56414e-12 0.00000e+00
9.30000e+02 4.55425e-12 0.00000e+00
9.31000e+02 5.02556e-12 0.00000e+00
9.32000e+02 4.46115e-12 0.00000e+00
9.33000e+02 4.70201e-12 0.00000e+00
9.34000e+02 4.27789e-12 0.00000e+00
9.35000e+02 4.29974e-12 0.00000e+00
9.36000e+02 4.77084e-12 0.00000e+00
9.37000e+02 4.53275e-12 0.00000e+00
9.38000e+02 4.63970e-12 0.00000e+00
9.39000e+02 4.82767e-12 0.00000e+00
9.40000e+02 4.86307e-12 0.00000e+00
9.41000e+02 4.64441e-12 0.00000e+00
9.42000e+02 4.87511e-12 0.00000e+00
9.43000e+02 4.79477e-12 0.00000e+00
9.44000e+02 4.82019e-12 0.00000e+00
9.45000e+02 4.53764e-12 0.00000e+00
9.46000e+02 4.51208e-12 0.00000e+00
9.47000e+02 4.47439e-12 0.00000e+00
9.48000e+02 4.45858e-12 0.00000e+00
9.49000e+02 4.86889e-12 0.00000e+00
9.50000e+02 4.74113e-12 0.00000e+00
9.51000e+02 4.40345e-12 0.00000e+00
9.52000e+02 4.42566e-12 0.00000e+00
9.53000e+02 4.34031e-12 0.00000e+00
9.54000e+02 4.37698e-12 0.00000e+00
9.55000e+02 5.17591e-12 0.00000e+00
9.56000e+02 4.62134e-12 0.00000e+00
9.57000e+02 4.20842e-12 0.00000e+00
9.58000e+02 4.31340e-12 0.00000e+00
9.59000e+02 4.41926e-12 0.00000e+00
9.60000e+02 4.66155e-12 0.00000e+00
9.61000e+02 4.60698e-12 0.00000e+00
9.62000e+02 4.29286e-12 0.00000e+00
9.63000e+02 4.57437e-12 0.00000e+00
9.64000e+02 4.76827e-12 0.00000e+00
9.65000e+02 4.74120e-12 0.00000e+00
9.66000e+02 4.39463e-12 0.00000e+00
9.67000e+02 4.40575e-12 0.00000e+00
9.68000e+02 4.22439e-12 0.00000e+00
9.69000e+02 4.51503e-12 0.00000e+00
9.70000e+02 4.52854e-12 0.00000e+00
9.71000e+02 4.95913e-12 0.00000e+00
9.72000e+02 4.34503e-12 0.00000e+00
9.73000e+02 4.05894e-12 0.00000e+00
9.74000e+02 4.88110e-12 0.00000e+00
9.75000e+02 4.72481e-12 0.00000e+00
9.76000e+02 4.27713e-12 0.00000e+00
9.77000e+02 4.64321e-12 0.00000e+00
9.78000e+02 4.32548e-12 0.00000e+00
9.79000e+02 4.08636e-12 0.00000e+00
9.80000e+02 4.23353e-12 0.00000e+00
9.81000e+02 4.36983e-12 0.00000e+00
9.82000e+02 4.33420e-12 0.00000e+00
9.83000e+02 4.69945e-12 0.00000e+00
9.84000e+02 4.53016e-12 0.00000e+00
9.85000e+02 4.77017e-12 0.00000e+00
9.86000e+02 4.20409e-12 0.00000e+00
9.87000e+02 4.55012e-12 0.00000e+00
9.88000e+02 5.08291e-12 0.00000e+00
9.89000e+02 4.06434e-12 0.00000e+00
9.90000e+02 4.00433e-12 0.00000e+00
9.91000e+02 4.34663e-12 0.00000e+00
9.92000e+02 4.52631e-12 0.00000e+00
9.93000e+02 4.29820e-12 0.00000e+00
9.94000e+02 4.03401e-12 0.00000e+00
9.95000e+02 3.95797e-12 0.00000e+00
9.96000e+02 4.27974e-12 0.00000e+00
9.97000e+02 4.17470e-12 0.00000e+00
9.98000e+02 4.04521e-12 0.00000e+00
9.99000e+02 4.29282e-12 0.00000e+00
1.00000e+03 4.39373e-12 0.00000e+00
1.00100e+03 4.00669e-12 0.00000e+00
1.00200e+03 4.62960e-12 0.00000e+00
1.00300e+03 4.17704e-12 0.00000e+00
1.00400e+03 4.46935e-12 0.00000e+00
1.00500e+03 4.54906e-12 0.00000e+00
1.00600e+03 4.16380e-12 0.00000e+00
1.00700e+03 4.36074e-12 0.00000e+00
1.00800e+03 4.41563e-12 0.00000e+00
1.00900e+03 4.41647e-12 0.00000e+00
1.01000e+03 4.21117e-12 0.00000e+00
1.01100e+03 4.36272e-12 0.00000e+00
1.01200e+03 3.92464e-12 0.00000e+00
1.01300e+03 4.18112e-12 0.00000e+00
1.01400e+03 4.41171e-12 0.00000e+00
1.01500e+03 4.19894e-12 0.00000e+00
1.01600e+03 4.24653e-12 0.00000e+00
1.01700e+03 4.21271e-12 0.00000e+00
1.01800e+03 4.07885e-12 0.00000e+00
1.01900e+03 4.23743e-12 0.00000e+00
1.02000e+03 4.28435e-12 0.00000e+00
1.02100e+03 4.43277e-12 0.00000e+00
1.02200e+03 4.21153e-12 0.00000e+00
1.02300e+03 4.26243e-12 0.00000e+00
1.02400e+03 3.93466e-12 0.00000e+00
1.02500e+03 3.99179e-12 0.00000e+00
1.02600e+03 4.19772e-12 0.00000e+00
1.02700e+03 3.93154e-12 0.00000e+00
1.02800e+03 4.07814e-12 0.00000e+00
1.02900e+03 4.11183e-12 0.00000e+00
1.03000e+03 4.00532e-12 0.00000e+00
1.03100e+03 4.30680e-12 0.00000e+00
1.03200e+03 4.02870e-12 0.00000e+00
1.03300e+03 4.34117e-12 0.00000e+00
1.03400e+03 3.96777e-12 0.00000e+00
1.03500e+03 4.03814e-12 0.00000e+00
1.03600e+03 4.08852e-12 0.00000e+00
1.03700e+03 3.89557e-12 0.00000e+00
1.03800e+03 4.05269e-12 0.00000e+00
1.03900e+03 3.80174e-12 0.00000e+00
1.04000e+03 4.10915e-12 0.00000e+00
1.04100e+03 4.00424e-12 0.00000e+00
1.04200e+03 4.24604e-12 0.00000e+00
1.04300e+03 4.20581e-12 0.00000e+00
1.04400e+03 4.34210e-12 0.00000e+00
1.04500e+03 3.98394e-12 0.00000e+00
1.04600e+03 4.24680e-12 0.00000e+00
1.04700e+03 3.99905e-12 0.00000e+00
1.04800e+03 4.02303e-12 0.00000e+00
1.04900e+03 3.83991e-12 0.00000e+00
1.05000e+03 4.13939e-12 0.00000e+00
1.05100e+03 4.01262e-12 0.00000e+00
1.05200e+03 4.14020e-12 0.00000e+00
1.05300e+03 4.15023e-12 0.00000e+00
1.05400e+03 3.95328e-12 0.00000e+00
1.05500e+03 4.43509e-12 0.00000e+00
1.05600e+03 3.91087e-12 0.00000e+00
1.05700e+03 3.95352e-12 0.00000e+00
1.05800e+03 3.64824e-12 0.00000e+00
1.05900e+03 3.65366e-12 0.00000e+00
1.06000e+03 4.09052e-12 0.00000e+00
1.06100e+03 3.86198e-12 0.00000e+00
1.06200e+03 4.13437e-12 0.00000e+00
1.06300e+03 4.18550e-12 0.00000e+00
1.06400e+03 4.04298e-12 0.00000e+00
1.06500e+03 4.07234e-12 0.00000e+00
1.06600e+03 3.81756e-12 0.00000e+00
1.06700e+03 3.71222e-12 0.00000e+00
1.06800e+03 3.84950e-12 0.00000e+00
1.06900e+03 3.66413e-12 0.00000e+00
1.07000e+03 3.60963e-12 0.00000e+00
1.07100e+03 3.81873e-12 0.00000e+00
1.07200e+03 3.94395e-12 0.00000e+00
1.07300e+03 3.61829e-12 0.00000e+00
1.07400e+03 4.05050e-12 0.00000e+00
1.07500e+03 3.88802e-12 0.00000e+00
1.07600e+03 3.51208e-12 0.00000e+00
1.07700e+03 4.00004e-12 0.00000e+00
1.07800e+03 4.07536e-12 0.00000e+00
1.07900e+03 4.39350e-12 0.00000e+00
1.08000e+03 4.06486e-12 0.00000e+00
1.08100e+03 3.64292e-12 0.00000e+00
1.08200e+03 3.83087e-12 0.00000e+00
1.08300e+03 3.57385e-12 0.00000e+00
1.08400e+03 3.76962e-12 0.00000e+00
1.08500e+03 4.20293e-12 0.00000e+00
1.08600e+03 3.91079e-12 0.00000e+00
1.08700e+03 3.82686e-12 0.00000e+00
1.08800e+03 4.08947e-12 0.00000e+00
1.08900e+03 3.82022e-12 0.00000e+00
1.09000e+03 4.06162e-12 0.00000e+00
1.09100e+03 3.39519e-12 0.00000e+00
1.09200e+03 3.76932e-12 0.00000e+00
1.09300e+03 3.84366e-12 0.00000e+00
1.09400e+03 3.93438e-12 0.00000e+00
1.09500e+03 3.78096e-12 0.00000e+00
1.09600e+03 3.87147e-12 0.00000e+00
1.09700e+03 3.54573e-12 0.00000e+00
1.09800e+03 3.88048e-12 0.00000e+00
1.09900e+03 3.73006e-12 0.00000e+00
1.10000e+03 3.79234e-12 0.00000e+00
1.10100e+03 3.85503e-12 0.00000e+00
1.10200e+03 3.44781e-12 0.00000e+00
1.10300e+03 3.86239e-12 0.00000e+00
1.10400e+03 3.85651e-12 0.00000e+00
1.10500e+03 3.45860e-12 0.00000e+00
1.10600e+03 3.85983e-12 0.00000e+00
1.10700e+03 3.61809e-12 0.00000e+00
1.10800e+03 3.85388e-12 0.00000e+00
1.10900e+03 3.65258e-12 0.00000e+00
1.11000e+03 3.74587e-12 0.00000e+00
1.11100e+03 3.92196e-12 0.00000e+00
1.11200e+03 3.78797e-12 0.00000e+00
1.11300e+03 3.78079e-12 0.00000e+00
1.11400e+03 3.50435e-12 0.00000e+00
1.11500e+03 3.64752e-12 0.00000e+00
1.11600e+03 3.63061e-12 0.00000e+00
1.11700e+03 3.77009e-12 0.00000e+00
1.11800e+03 3.66722e-12 0.00000e+00
1.11900e+03 3.76195e-12 0.00000e+00
1.12000e+03 3.64607e-12 0.00000e+00
1.12100e+03 3.89943e-12 0.00000e+00
1.12200e+03 3.75460e-12 0.00000e+00
1.12300e+03 3.63369e-12 0.00000e+00
1.12400e+03 3.50175e-12 0.00000e+00
1.12500e+03 3.58628e-12 0.00000e+00
1.12600e+03 3.61696e-12 0.00000e+00
1.12700e+03 3.56661e-12 0.00000e+00
1.12800e+03 3.67486e-12 0.00000e+00
1.12900e+03 3.65763e-12 0.00000e+00
1.13000e+03 3.46693e-12 0.00000e+00
1.13100e+03 3.81772e-12 0.00000e+00
1.13200e+03 3.40725e-12 0.00000e+00
1.13300e+03 3.71909e-12 0.00000e+00
1.13400e+03 3.26021e-12 0.00000e+00
1.13500e+03 3.56347e-12 0.00000e+00
1.13600e+03 3.22800e-12 0.00000e+00
1.13700e+03 3.62258e-12 0.00000e+00
1.13800e+03 3.95375e-12 0.00000e+00
1.13900e+03 3.71901e-12 0.00000e+00
1.14000e+03 3.81782e-12 0.00000e+00
1.14100e+03 3.61282e-12 0.00000e+00
1.14200e+03 3.41032e-12 0.00000e+00
1.14300e+03 3.32071e-12 0.00000e+00
1.14400e+03 3.43400e-12 0.00000e+00
1.14500e+03 3.56440e-12 0.00000e+00
1.14600e+03 3.34819e-12 0.00000e+00
1.14700e+03 3.63593e-12 0.00000e+00
1.14800e+03 3.53044e-12 0.00000e+00
1.14900e+03 3.34815e-12 0.00000e+00
1.15000e+03 3.65020e-12 0.00000e+00
1.15100e+03 3.53039e-12 0.00000e+00
1.15200e+03 3.51457e-12 0.00000e+00
1.15300e+03 3.53004e-12 0.00000e+00
1.15400e+03 3.56547e-12 0.00000e+00
1.15500e+03 3.38400e-12 0.00000e+00
1.15600e+03 3.51592e-12 0.00000e+00
1.15700e+03 3.76713e-12 0.00000e+00
1.15800e+03 3.33196e-12 0.00000e+00
1.15900e+03 3.56337e-12 0.00000e+00
1.16000e+03 3.31542e-12 0.00000e+00
1.16100e+03 3.50853e-12 0.00000e+00
1.16200e+03 3.33163e-12 0.00000e+00
1.16300e+03 3.42715e-12 0.00000e+00
1.16400e+03 3.37502e-12 0.00000e+00
1.16500e+03 3.50032e-12 0.00000e+00
1.16600e+03 3.71974e-12 0.00000e+00
1.16700e+03 3.54456e-12 0.00000e+00
1.16800e+03 3.43937e-12 0.00000e+00
1.16900e+03 3.52160e-12 0.00000e+00
1.17000e+03 3.32222e-12 0.00000e+00
1.17100e+03 3.33627e-12 0.00000e+00
1.17200e+03 3.43072e-12 0.00000e+00
1.17300e+03 3.48275e-12 0.00000e+00
1.17400e+03 3.77202e-12 0.00000e+00
1.17500e+03 3.72206e-12 0.00000e+00
1.17600e+03 3.38853e-12 0.00000e+00
1.17700e+03 3.40190e-12 0.00000e+00
1.17800e+03 3.48700e-12 0.00000e+00
1.17900e+03 3.08540e-12 0.00000e+00
1.18000e+03 3.31711e-12 0.00000e+00
1.18100e+03 3.35133e-12 0.00000e+00
1.18200e+03 3.63627e-12 0.00000e+00
1.18300e+03 3.24759e-12 0.00000e+00
1.18400e+03 3.34161e-12 0.00000e+00
1.18500e+03 3.35200e-12 0.00000e+00
1.18600e+03 3.30858e-12 0.00000e+00
1.18700e+03 3.54110e-12 0.00000e+00
1.18800e+03 3.12100e-12 0.00000e+00
1.18900e+03 3.01519e-12 0.00000e+00
1.19000e+03 3.21128e-12 0.00000e+00
1.19100e+03 3.75011e-12 0.00000e+00
1.19200e+03 3.37674e-12 0.00000e+00
1.19300e+03 3.27022e-12 0.00000e+00
1.19400e+03 3.24229e-12 0.00000e+00
1.19500e+03 3.31394e-12 0.00000e+00
1.19600e+03 3.31974e-12 0.00000e+00
1.19700e+03 3.64037e-12 0.00000e+00
1.19800e+03 3.24892e-12 0.00000e+00
1.19900e+03 3.24096e-12 0.00000e+00
1.20000e+03 3.24357e-12 0.00000e+00
1.20100e+03 3.29840e-12 0.00000e+00
1.20200e+03 2.97074e-12 0.00000e+00
1.20300e+03 3.41055e-12 0.00000e+00
1.20400e+03 3.39140e-12 0.00000e+00
1.20500e+03 3.26201e-12 0.00000e+00
1.20600e+03 3.37580e-12 0.00000e+00
1.20700e+03 3.51875e-12 0.00000e+00
1.20800e+03 3.13235e-12 0.00000e+00
1.20900e+03 3.04892e-12 0.00000e+00
1.21000e+03 3.41286e-12 0.00000e+00
1.21100e+03 3.05397e-12 0.00000e+00
1.21200e+03 3.29475e-12 0.00000e+00
1.21300e+03 3.35846e-12 0.00000e+00
1.21400e+03 3.16825e-12 0.00000e+00
1.21500e+03 3.32964e-12 0.00000e+00
1.21600e+03 3.11320e-12 0.00000e+00
1.21700e+03 3.27490e-12 0.00000e+00
1.21800e+03 3.24924e-12 0.00000e+00
1.21900e+03 3.35774e-12 0.00000e+00
1.22000e+03 3.38247e-12 0.00000e+00
1.22100e+03 3.28207e-12 0.00000e+00
1.22200e+03 3.20554e-12 0.00000e+00
1.22300e+03 3.29739e-12 0.00000e+00
1.22400e+03 3.33698e-12 0.00000e+00
1.22500e+03 2.92990e-12 0.00000e+00
1.22600e+03 3.39165e-12 0.00000e+00
1.22700e+03 3.01490e-12 0.00000e+00
1.22800e+03 3.41110e-12 0.00000e+00
1.22900e+03 3.13863e-12 0.00000e+00
1.23000e+03 3.15992e-12 0.00000e+00
1.23100e+03 3.20601e-12 0.00000e+00
1.23200e+03 3.33361e-12 0.00000e+00
1.23300e+03 2.97074e-12 0.00000e+00
1.23400e+03 3.22403e-12 0.00000e+00
1.23500e+03 2.79748e-12 0.00000e+00
1.23600e+03 3.16523e-12 0.00000e+00
1.23700e+03 3.46000e-12 0.00000e+00
1.23800e+03 2.89535e-12 0.00000e+00
1.23900e+03 3.10038e-12 0.00000e+00
1.24000e+03 2.84928e-12 0.00000e+00
1.24100e+03 2.88024e-12 0.00000e+00
1.24200e+03 2.85038e-12 0.00000e+00
1.24300e+03 2.87635e-12 0.00000e+00
1.24400e+03 3.03278e-12 0.00000e+00
1.24500e+03 3.01417e-12 0.00000e+00
1.24600e+03 2.72088e-12 0.00000e+00
1.24700e+03 3.19170e-12 0.00000e+00
1.24800e+03 2.97241e-12 0.00000e+00
1.24900e+03 2.94465e-12 0.00000e+00
1.25000e+03 3.07711e-12 0.00000e+00
1.25100e+03 3.00128e-12 0.00000e+00
1.25200e+03 2.99671e-12 0.00000e+00
1.25300e+03 3.17980e-12 0.00000e+00
1.25400e+03 2.95681e-12 0.00000e+00
1.25500e+03 2.59452e-12 0.00000e+00
1.25600e+03 2.98703e-12 0.00000e+00
1.25700e+03 2.96675e-12 0.00000e+00
1.25800e+03 3.20179e-12 0.00000e+00
1.25900e+03 3.04772e-12 0.00000e+00
1.26000e+03 3.03791e-12 0.00000e+00
1.26100e+03 3.28381e-12 0.00000e+00
1.26200e+03 2.93883e-12 0.00000e+00
1.26300e+03 3.00561e-12 0.00000e+00
1.26400e+03 3.18834e-12 0.00000e+00
1.26500e+03 2.90875e-12 0.00000e+00
1.26600e+03 3.16173e-12 0.00000e+00
1.26700e+03 3.14693e-12 0.00000e+00
1.26800e+03 3.05021e-12 0.00000e+00
1.26900e+03 2.96516e-12 0.00000e+00
1.27000e+03 2.97385e-12 0.00000e+00
1.27100e+03 2.87072e-12 0.00000e+00
1.27200e+03 3.40416e-12 0.00000e+00
1.27300e+03 2.97189e-12 0.00000e+00
1.27400e+03 2.99684e-12 0.00000e+00
1.27500e+03 2.89703e-12 0.00000e+00
1.27600e+03 3.15142e-12 0.00000e+00
1.27700e+03 2.95930e-12 0.00000e+00
1.27800e+03 2.71689e-12 0.00000e+00
1.27900e+03 2.94723e-12 0.00000e+00
1.28000e+03 3.01880e-12 0.00000e+00
1.28100e+03 3.09126e-12 0.00000e+00
1.28200e+03 3.16194e-12 0.00000e+00
1.28300e+03 2.98211e-12 0.00000e+00
1.28400e+03 2.90539e-12 0.00000e+00
1.28500e+03 3.01267e-12 0.00000e+00
1.28600e+03 2.83864e-12 0.00000e+00
1.28700e+03 2.67559e-12 0.00000e+00
1.28800e+03 2.99293e-12 0.00000e+00
1.28900e+03 2.94015e-12 0.00000e+00
1.29000e+03 2.88573e-12 0.00000e+00
1.29100e+03 2.75001e-12 0.00000e+00
1.29200e+03 2.92923e-12 0.00000e+00
1.29300e+03 2.98649e-12 0.00000e+00
1.29400e+03 3.03706e-12 0.00000e+00
1.29500e+03 2.96965e-12 0.00000e+00
1.29600e+03 2.90565e-12 0.00000e+00
1.29700e+03 2.74519e-12 0.00000e+00
1.29800e+03 2.81616e-12 0.00000e+00
1.29900e+03 2.87347e-12 0.00000e+00
1.30000e+03 2.84115e-12 0.00000e+00
1.30100e+03 2.85476e-12 0.00000e+00
1.30200e+03 2.78888e-12 0.00000e+00
1.30300e+03 2.68766e-12 0.00000e+00
1.30400e+03 2.83634e-12 0.00000e+00
1.30500e+03 2.81458e-12 0.00000e+00
1.30600e+03 2.84283e-12 0.00000e+00
1.30700e+03 2.78244e-12 0.00000e+00
1.30800e+03 2.67948e-12 0.00000e+00
1.30900e+03 2.77247e-12 0.00000e+00
1.31000e+03 2.72029e-12 0.00000e+00
1.31100e+03 2.78914e-12 0.00000e+00
1.31200e+03 2.77939e-12 0.00000e+00
1.31300e+03 2.71378e-12 0.00000e+00
1.31400e+03 2.80869e-12 0.00000e+00
1.31500e+03 2.68570e-12 0.00000e+00
1.31600e+03 2.72738e-12 0.00000e+00
1.31700e+03 2.70111e-12 0.00000e+00
1.31800e+03 2.91921e-12 0.00000e+00
1.31900e+03 2.68161e-12 0.00000e+00
1.32000e+03 2.66699e-12 0.00000e+00
1.32100e+03 2.84232e-12 0.00000e+00
1.32200e+03 2.76667e-12 0.00000e+00
1.32300e+03 2.67844e-12 0.00000e+00
1.32400e+03 2.74963e-12 0.00000e+00
1.32500e+03 2.63501e-12 0.00000e+00
1.32600e+03 2.71561e-12 0.00000e+00
1.32700e+03 2.78066e-12 0.00000e+00
1.32800e+03 2.65094e-12 0.00000e+00
1.32900e+03 2.86016e-12 0.00000e+00
1.33000e+03 2.60160e-12 0.00000e+00
1.33100e+03 2.60718e-12 0.00000e+00
1.33200e+03 3.08992e-12 0.00000e+00
1.33300e+03 2.81421e-12 0.00000e+00
1.33400e+03 2.68314e-12 0.00000e+00
1.33500e+03 2.38498e-12 0.00000e+00
1.33600e+03 2.69971e-12 0.00000e+00
1.33700e+03 2.65612e-12 0.00000e+00
1.33800e+03 2.55079e-12 0.00000e+00
1.33900e+03 2.41392e-12 0.00000e+00
1.34000e+03 2.76021e-12 0.00000e+00
1.34100e+03 2.50010e-12 0.00000e+00
1.34200e+03 2.59407e-12 0.00000e+00
1.34300e+03 2.59387e-12 0.00000e+00
1.34400e+03 2.78199e-12 0.00000e+00
1.34500e+03 2.64195e-12 0.00000e+00
1.34600e+03 2.77414e-12 0.00000e+00
1.34700e+03 2.63511e-12 0.00000e+00
1.34800e+03 2.54892e-12 0.00000e+00
1.34900e+03 2.58274e-12 0.00000e+00
1.35000e+03 2.72937e-12 0.00000e+00
1.35100e+03 2.60060e-12 0.00000e+00
1.35200e+03 2.59001e-12 0.00000e+00
1.35300e+03 2.42577e-12 0.00000e+00
1.35400e+03 2.42772e-12 0.00000e+00
1.35500e+03 2.73902e-12 0.00000e+00
1.35600e+03 2.72648e-12 0.00000e+00
1.35700e+03 2.55427e-12 0.00000e+00
1.35800e+03 2.57229e-12 0.00000e+00
1.35900e+03 2.80636e-12 0.00000e+00
1.36000e+03 2.62045e-12 0.00000e+00
1.36100e+03 2.79387e-12 0.00000e+00
1.36200e+03 2.43583e-12 0.00000e+00
1.36300e+03 2.51349e-12 0.00000e+00
1.36400e+03 2.53847e-12 0.00000e+00
1.36500e+03 2.41379e-12 0.00000e+00
1.36600e+03 2.64018e-12 0.00000e+00
1.36700e+03 2.45136e-12 0.00000e+00
1.36800e+03 2.66667e-12 0.00000e+00
1.36900e+03 2.61576e-12 0.00000e+00
1.37000e+03 2.51568e-12 0.00000e+00
1.37100e+03 2.52134e-12 0.00000e+00
1.37200e+03 2.69282e-12 0.00000e+00
1.37300e+03 2.43373e-12 0.00000e+00
1.37400e+03 2.52660e-12 0.00000e+00
1.37500e+03 2.54792e-12 0.00000e+00
1.37600e+03 2.54017e-12 0.00000e+00
1.37700e+03 2.33066e-12 0.00000e+00
1.37800e+03 2.65409e-12 0.00000e+00
1.37900e+03 2.41827e-12 0.00000e+00
1.38000e+03 2.47834e-12 0.00000e+00
1.38100e+03 2.52976e-12 0.00000e+00
1.38200e+03 2.79000e-12 0.00000e+00
1.38300e+03 2.45221e-12 0.00000e+00
1.38400e+03 2.32479e-12 0.00000e+00
1.38500e+03 2.58896e-12 0.00000e+00
1.38600e+03 2.65295e-12 0.00000e+00
1.38700e+03 2.39685e-12 0.00000e+00
1.38800e+03 2.58379e-12 0.00000e+00
1.38900e+03 2.58793e-12 0.00000e+00
1.39000e+03 2.38782e-12 0.00000e+00
1.39100e+03 2.53699e-12 0.00000e+00
1.39200e+03 2.50364e-12 0.00000e+00
1.39300e+03 2.57083e-12 0.00000e+00
1.39400e+03 2.65312e-12 0.00000e+00
1.39500e+03 2.47701e-12 0.00000e+00
1.39600e+03 2.55416e-12 0.00000e+00
1.39700e+03 2.23905e-12 0.00000e+00
1.39800e+03 2.53176e-12 0.00000e+00
1.39900e+03 2.46880e-12 0.00000e+00
1.40000e+03 2.46438e-12 0.00000e+00
1.40100e+03 2.35945e-12 0.00000e+00
1.40200e+03 2.34054e-12 0.00000e+00
1.40300e+03 2.63496e-12 0.00000e+00
1.40400e+03 2.44542e-12 0.00000e+00
1.40500e+03 2.44603e-12 0.00000e+00
1.40600e+03 2.63613e-12 0.00000e+00
1.40700e+03 2.58897e-12 0.00000e+00
1.40800e+03 2.31111e-12 0.00000e+00
1.40900e+03 2.20910e-12 0.00000e+00
1.41000e+03 2.51733e-12 0.00000e+00
1.41100e+03 2.40612e-12 0.00000e+00
1.41200e+03 2.48434e-12 0.00000e+00
1.41300e+03 2.35159e-12 0.00000e+00
1.41400e+03 2.48884e-12 0.00000e+00
1.41500e+03 2.36330e-12 0.00000e+00
1.41600e+03 2.25590e-12 0.00000e+00
1.41700e+03 2.31588e-12 0.00000e+00
1.41800e+03 2.40031e-12 0.00000e+00
1.41900e+03 2.50588e-12 0.00000e+00
1.42000e+03 2.30245e-12 0.00000e+00
1.42100e+03 2.29100e-12 0.00000e+00
1.42200e+03 2.30814e-12 0.00000e+00
1.42300e+03 2.43163e-12 0.00000e+00
1.42400e+03 2.04799e-12 0.00000e+00
1.42500e+03 2.29092e-12 0.00000e+00
1.42600e+03 2.28369e-12 0.00000e+00
1.42700e+03 2.27799e-12 0.00000e+00
1.42800e+03 2.23848e-12 0.00000e+00
1.42900e+03 2.34303e-12 0.00000e+00
1.43000e+03 2.28423e-12 0.00000e+00
1.43100e+03 2.28561e-12 0.00000e+00
1.43200e+03 2.25444e-12 0.00000e+00
1.43300e+03 2.52659e-12 0.00000e+00
1.43400e+03 2.35777e-12 0.00000e+00
1.43500e+03 2.28038e-12 0.00000e+00
1.43600e+03 2.48535e-12 0.00000e+00
1.43700e+03 2.18040e-12 0.00000e+00
1.43800e+03 2.37564e-12 0.00000e+00
1.43900e+03 2.24251e-12 0.00000e+00
1.44000e+03 2.23310e-12 0.00000e+00
1.44100e+03 2.40569e-12 0.00000e+00
1.44200e+03 2.17047e-12 0.00000e+00
1.44300e+03 2.16490e-12 0.00000e+00
1.44400e+03 2.52153e-12 0.00000e+00
1.44500e+03 2.36155e-12 0.00000e+00
1.44600e+03 2.31261e-12 0.00000e+00
1.44700e+03 2.35859e-12 0.00000e+00
1.44800e+03 2.33502e-12 0.00000e+00
1.44900e+03 2.25123e-12 0.00000e+00
1.45000e+03 2.36051e-12 0.00000e+00
1.45100e+03 2.18277e-12 0.00000e+00
1.45200e+03 2.36457e-12 0.00000e+00
1.45300e+03 2.13774e-12 0.00000e+00
1.45400e+03 2.34142e-12 0.00000e+00
1.45500e+03 2.31969e-12 0.00000e+00
1.45600e+03 2.34941e-12 0.00000e+00
1.45700e+03 2.25374e-12 0.00000e+00
1.45800e+03 2.21605e-12 0.00000e+00
1.45900e+03 2.26508e-12 0.00000e+00
1.46000e+03 2.14397e-12 0.00000e+00
1.46100e+03 2.27838e-12 0.00000e+00
1.46200e+03 2.21237e-12 0.00000e+00
1.46300e+03 2.14953e-12 0.00000e+00
1.46400e+03 2.14926e-12 0.00000e+00
1.46500e+03 2.34687e-12 0.00000e+00
1.46600e+03 2.16642e-12 0.00000e+00
1.46700e+03 2.26781e-12 0.00000e+00
1.46800e+03 2.39890e-12 0.00000e+00
1.46900e+03 2.14428e-12 0.00000e+00
1.47000e+03 2.07280e-12 0.00000e+00
1.47100e+03 2.16212e-12 0.00000e+00
1.47200e+03 2.24072e-12 0.00000e+00
1.47300e+03 2.20952e-12 0.00000e+00
1.47400e+03 2.25657e-12 0.00000e+00
1.47500e+03 1.99214e-12 0.00000e+00
1.47600e+03 2.23373e-12 0.00000e+00
1.47700e+03 2.23695e-12 0.00000e+00
1.47800e+03 2.38037e-12 0.00000e+00
1.47900e+03 2.32050e-12 0.00000e+00
1.48000e+03 2.25640e-12 0.00000e+00
1.48100e+03 2.15300e-12 0.00000e+00
1.48200e+03 2.28833e-12 0.00000e+00
1.48300e+03 2.17246e-12 0.00000e+00
1.48400e+03 2.13267e-12 0.00000e+00
1.48500e+03 2.12108e-12 0.00000e+00
1.48600e+03 2.14158e-12 0.00000e+00
1.48700e+03 2.18283e-12 0.00000e+00
1.48800e+03 2.14415e-12 0.00000e+00
1.48900e+03 2.10653e-12 0.00000e+00
1.49000e+03 2.13311e-12 0.00000e+00
1.49100e+03 2.02232e-12 0.00000e+00
1.49200e+03 2.02730e-12 0.00000e+00
1.49300e+03 2.11130e-12 0.00000e+00
1.49400e+03 2.20982e-12 0.00000e+00
1.49500e+03 2.05744e-12 0.00000e+00
1.49600e+03 2.17146e-12 0.00000e+00
1.49700e+03 2.17183e-12 0.00000e+00
1.49800e+03 2.05784e-12 0.00000e+00
1.49900e+03 1.88156e-12 0.00000e+00
1.50000e+03 2.11677e-12 0.00000e+00
1.50100e+03 2.10266e-12 0.00000e+00
1.50200e+03 2.01303e-12 0.00000e+00
1.50300e+03 2.10237e-12 0.00000e+00
1.50400e+03 2.00970e-12 0.00000e+00
1.50500e+03 2.07678e-12 0.00000e+00
1.50600e+03 1.94551e-12 0.00000e+00
1.50700e+03 2.04270e-12 0.00000e+00
1.50800e+03 2.01017e-12 0.00000e+00
1.50900e+03 1.96565e-12 0.00000e+00
1.51000e+03 2.01443e-12 0.00000e+00
1.51100e+03 1.94888e-12 0.00000e+00
1.51200e+03 2.10640e-12 0.00000e+00
1.51300e+03 1.89603e-12 0.00000e+00
1.51400e+03 2.13358e-12 0.00000e+00
1.51500e+03 2.09043e-12 0.00000e+00
1.51600e+03 1.92283e-12 0.00000e+00
1.51700e+03 2.03430e-12 0.00000e+00
1.51800e+03 2.13351e-12 0.00000e+00
1.51900e+03 1.87891e-12 0.00000e+00
1.52000e+03 2.09991e-12 0.00000e+00
1.52100e+03 2.05596e-12 0.00000e+00
1.52200e+03 2.11693e-12 0.00000e+00
1.52300e+03 2.02423e-12 0.00000e+00
1.52400e+03 2.00408e-12 0.00000e+00
1.52500e+03 2.02403e-12 0.00000e+00
1.52600e+03 2.01192e-12 0.00000e+00
1.52700e+03 2.00223e-12 0.00000e+00
1.52800e+03 2.03185e-12 0.00000e+00
1.52900e+03 1.99100e-12 0.00000e+00
1.53000e+03 1.99482e-12 0.00000e+00
1.53100e+03 2.02935e-12 0.00000e+00
1.53200e+03 1.87879e-12 0.00000e+00
1.53300e+03 2.16825e-12 0.00000e+00
1.53400e+03 1.84487e-12 0.00000e+00
1.53500e+03 2.13695e-12 0.00000e+00
1.53600e+03 2.02442e-12 0.00000e+00
1.53700e+03 1.89691e-12 0.00000e+00
1.53800e+03 1.97975e-12 0.00000e+00
1.53900e+03 2.10614e-12 0.00000e+00
1.54000e+03 1.97431e-12 0.00000e+00
1.54100e+03 1.97209e-12 0.00000e+00
1.54200e+03 2.10902e-12 0.00000e+00
1.54300e+03 2.01381e-12 0.00000e+00
1.54400e+03 2.08284e-12 0.00000e+00
1.54500e+03 1.97793e-12 0.00000e+00
1.54600e+03 1.99567e-12 0.00000e+00
1.54700e+03 1.91751e-12 0.00000e+00
1.54800e+03 1.94996e-12 0.00000e+00
1.54900e+03 1.88925e-12 0.00000e+00
1.55000e+03 2.06523e-12 0.00000e+00
1.55100e+03 1.96146e-12 0.00000e+00
1.55200e+03 2.04607e-12 0.00000e+00
1.55300e+03 1.96077e-12 0.00000e+00
1.55400e+03 1.83892e-12 0.00000e+00
1.55500e+03 1.98175e-12 0.00000e+00
1.55600e+03 1.84256e-12 0.00000e+00
1.55700e+03 1.78393e-12 0.00000e+00
1.55800e+03 1.89073e-12 0.00000e+00
1.55900e+03 1.95449e-12 0.00000e+00
1.56000e+03 2.07035e-12 0.00000e+00
1.56100e+03 1.92959e-12 0.00000e+00
1.56200e+03 2.01289e-12 0.00000e+00
1.56300e+03 1.95558e-12 0.00000e+00
1.56400e+03 1.88189e-12 0.00000e+00
1.56500e+03 1.85559e-12 0.00000e+00
1.56600e+03 1.94890e-12 0.00000e+00
1.56700e+03 1.84256e-12 0.00000e+00
1.56800e+03 1.89763e-12 0.00000e+00
1.56900e+03 1.93747e-12 0.00000e+00
1.57000e+03 1.91388e-12 0.00000e+00
1.57100e+03 1.95693e-12 0.00000e+00
1.57200e+03 1.77622e-12 0.00000e+00
1.57300e+03 1.83007e-12 0.00000e+00
1.57400e+03 1.95401e-12 0.00000e+00
1.57500e+03 1.84525e-12 0.00000e+00
1.57600e+03 1.96976e-12 0.00000e+00
1.57700e+03 1.82753e-12 0.00000e+00
1.57800e+03 1.78128e-12 0.00000e+00
1.57900e+03 1.89368e-12 0.00000e+00
1.58000e+03 2.06272e-12 0.00000e+00
1.58100e+03 1.94349e-12 0.00000e+00
1.58200e+03 1.87159e-12 0.00000e+00
1.58300e+03 1.89949e-12 0.00000e+00
1.58400e+03 1.73075e-12 0.00000e+00
1.58500e+03 1.88335e-12 0.00000e+00
1.58600e+03 1.89416e-12 0.00000e+00
1.58700e+03 1.89529e-12 0.00000e+00
1.58800e+03 1.82304e-12 0.00000e+00
1.58900e+03 1.92806e-12 0.00000e+00
1.59000e+03 1.81851e-12 0.00000e+00
1.59100e+03 1.75323e-12 0.00000e+00
1.59200e+03 1.96437e-12 0.00000e+00
1.59300e+03 1.93619e-12 0.00000e+00
1.59400e+03 1.75244e-12 0.00000e+00
1.59500e+03 1.62702e-12 0.00000e+00
1.59600e+03 1.88024e-12 0.00000e+00
1.59700e+03 1.83878e-12 0.00000e+00
1.59800e+03 1.91231e-12 0.00000e+00
1.59900e+03 1.83509e-12 0.00000e+00
1.60000e+03 1.81826e-12 0.00000e+00
1.60100e+03 1.84767e-12 0.00000e+00
1.60200e+03 1.92124e-12 0.00000e+00
1.60300e+03 1.81229e-12 0.00000e+00
1.60400e+03 1.83328e-12 0.00000e+00
1.60500e+03 1.99455e-12 0.00000e+00
1.60600e+03 1.90553e-12 0.00000e+00
1.60700e+03 1.85980e-12 0.00000e+00
1.60800e+03 1.79567e-12 0.00000e+00
1.60900e+03 1.79929e-12 0.00000e+00
1.61000e+03 1.78187e-12 0.00000e+00
1.61100e+03 1.75863e-12 0.00000e+00
1.61200e+03 1.77952e-12 0.00000e+00
1.61300e+03 1.81356e-12 0.00000e+00
1.61400e+03 1.78777e-12 0.00000e+00
1.61500e+03 1.84774e-12 0.00000e+00
1.61600e+03 1.82322e-12 0.00000e+00
1.61700e+03 1.78553e-12 0.00000e+00
1.61800e+03 1.82243e-12 0.00000e+00
1.61900e+03 1.66821e-12 0.00000e+00
1.62000e+03 1.65882e-12 0.00000e+00
1.62100e+03 1.64887e-12 0.00000e+00
1.62200e+03 1.74769e-12 0.00000e+00
1.62300e+03 1.88487e-12 0.00000e+00
1.62400e+03 1.67951e-12 0.00000e+00
1.62500e+03 1.78971e-12 0.00000e+00
1.62600e+03 1.75275e-12 0.00000e+00
1.62700e+03 1.70173e-12 0.00000e+00
1.62800e+03 1.76943e-12 0.00000e+00
1.62900e+03 1.69340e-12 0.00000e+00
1.63000e+03 1.78902e-12 0.00000e+00
1.63100e+03 1.73776e-12 0.00000e+00
1.63200e+03 1.82642e-12 0.00000e+00
1.63300e+03 1.68479e-12 0.00000e+00
1.63400e+03 1.69859e-12 0.00000e+00
1.63500e+03 1.74552e-12 0.00000e+00
1.63600e+03 1.65072e-12 0.00000e+00
1.63700e+03 1.91693e-12 0.00000e+00
1.63800e+03 1.69797e-12 0.00000e+00
1.63900e+03 1.75620e-12 0.00000e+00
1.64000e+03 1.56747e-12 0.00000e+00
1.64100e+03 1.70033e-12 0.00000e+00
1.64200e+03 1.90292e-12 0.00000e+00
1.64300e+03 1.81096e-12 0.00000e+00
1.64400e+03 1.79919e-12 0.00000e+00
1.64500e+03 1.64624e-12 0.00000e+00
1.64600e+03 1.67879e-12 0.00000e+00
1.64700e+03 1.64134e-12 0.00000e+00
1.64800e+03 1.76650e-12 0.00000e+00
1.64900e+03 1.63899e-12 0.00000e+00
1.65000e+03 1.69441e-12 0.00000e+00
1.65100e+03 1.69620e-12 0.00000e+00
1.65200e+03 1.66406e-12 0.00000e+00
1.65300e+03 1.70977e-12 0.00000e+00
1.65400e+03 1.62622e-12 0.00000e+00
1.65500e+03 1.65319e-12 0.00000e+00
1.65600e+03 1.63597e-12 0.00000e+00
1.65700e+03 1.73183e-12 0.00000e+00
1.65800e+03 1.60625e-12 0.00000e+00
1.65900e+03 1.58456e-12 0.00000e+00
1.66000e+03 1.67604e-12 0.00000e+00
1.66100e+03 1.63221e-12 0.00000e+00
1.66200e+03 1.58310e-12 0.00000e+00
1.66300e+03 1.54904e-12 0.00000e+00
1.66400e+03 1.59976e-12 0.00000e+00
1.66500e+03 1.56970e-12 0.00000e+00
1.66600e+03 1.57601e-12 0.00000e+00
1.66700e+03 1.45330e-12 0.00000e+00
1.66800e+03 1.66524e-12 0.00000e+00
1.66900e+03 1.56604e-12 0.00000e+00
1.67000e+03 1.71858e-12 0.00000e+00
1.67100e+03 1.55700e-12 0.00000e+00
1.67200e+03 1.48724e-12 0.00000e+00
1.67300e+03 1.66145e-12 0.00000e+00
1.67400e+03 1.66022e-12 0.00000e+00
1.67500e+03 1.68405e-12 0.00000e+00
1.67600e+03 1.55639e-12 0.00000e+00
1.67700e+03 1.59714e-12 0.00000e+00
1.67800e+03 1.69125e-12 0.00000e+00
1.67900e+03 1.58455e-12 0.00000e+00
1.68000e+03 1.55551e-12 0.00000e+00
1.68100e+03 1.52836e-12 0.00000e+00
1.68200e+03 1.66467e-12 0.00000e+00
1.68300e+03 1.55930e-12 0.00000e+00
1.68400e+03 1.54866e-12 0.00000e+00
1.68500e+03 1.65381e-12 0.00000e+00
1.68600e+03 1.59989e-12 0.00000e+00
1.68700e+03 1.61993e-12 0.00000e+00
1.68800e+03 1.60192e-12 0.00000e+00
1.68900e+03 1.65779e-12 0.00000e+00
1.69000e+03 1.43806e-12 0.00000e+00
1.69100e+03 1.55077e-12 0.00000e+00
1.69200e+03 1.58487e-12 0.00000e+00
1.69300e+03 1.52361e-12 0.00000e+00
1.69400e+03 1.49857e-12 0.00000e+00
1.69500e+03 1.62642e-12 0.00000e+00
1.69600e+03 1.55556e-12 0.00000e+00
1.69700e+03 1.52345e-12 0.00000e+00
1.69800e+03 1.48839e-12 0.00000e+00
1.69900e+03 1.49793e-12 0.00000e+00
1.70000e+03 1.48505e-12 0.00000e+00
1.70100e+03 1.59258e-12 0.00000e+00
1.70200e+03 1.52984e-12 0.00000e+00
1.70300e+03 1.62954e-12 0.00000e+00
1.70400e+03 1.61601e-12 0.00000e+00
1.70500e+03 1.49913e-12 0.00000e+00
1.70600e+03 1.51637e-12 0.00000e+00
1.70700e+03 1.60450e-12 0.00000e+00
1.70800e+03 1.45077e-12 0.00000e+00
1.70900e+03 1.47682e-12 0.00000e+00
1.71000e+03 1.53989e-12 0.00000e+00
1.71100e+03 1.55000e-12 0.00000e+00
1.71200e+03 1.56043e-12 0.00000e+00
1.71300e+03 1.56481e-12 0.00000e+00
1.71400e+03 1.36796e-12 0.00000e+00
1.71500e+03 1.47080e-12 0.00000e+00
1.71600e+03 1.65013e-12 0.00000e+00
1.71700e+03 1.45037e-12 0.00000e+00
1.71800e+03 1.50771e-12 0.00000e+00
1.71900e+03 1.51884e-12 0.00000e+00
1.72000e+03 1.54161e-12 0.00000e+00
1.72100e+03 1.48973e-12 0.00000e+00
1.72200e+03 1.53671e-12 0.00000e+00
1.72300e+03 1.58463e-12 0.00000e+00
1.72400e+03 1.50124e-12 0.00000e+00
1.72500e+03 1.52200e-12 0.00000e+00
1.72600e+03 1.50809e-12 0.00000e+00
1.72700e+03 1.52786e-12 0.00000e+00
1.72800e+03 1.41990e-12 0.00000e+00
1.72900e+03 1.50344e-12 0.00000e+00
1.73000e+03 1.51032e-12 0.00000e+00
1.73100e+03 1.32545e-12 0.00000e+00
1.73200e+03 1.42685e-12 0.00000e+00
1.73300e+03 1.49009e-12 0.00000e+00
1.73400e+03 1.43550e-12 0.00000e+00
1.73500e+03 1.43089e-12 0.00000e+00
1.73600e+03 1.47374e-12 0.00000e+00
1.73700e+03 1.53196e-12 0.00000e+00
1.73800e+03 1.43296e-12 0.00000e+00
1.73900e+03 1.46099e-12 0.00000e+00
1.74000e+03 1.41286e-12 0.00000e+00
1.74100e+03 1.41474e-12 0.00000e+00
1.74200e+03 1.36170e-12 0.00000e+00
1.74300e+03 1.43177e-12 0.00000e+00
1.74400e+03 1.50862e-12 0.00000e+00
1.74500e+03 1.44317e-12 0.00000e+00
1.74600e+03 1.41311e-12 0.00000e+00
1.74700e+03 1.38381e-12 0.00000e+00
1.74800e+03 1.50840e-12 0.00000e+00
1.74900e+03 1.38310e-12 0.00000e+00
1.75000e+03 1.36653e-12 0.00000e+00
1.75100e+03 1.36228e-12 0.00000e+00
1.75200e+03 1.49069e-12 0.00000e+00
1.75300e+03 1.43072e-12 0.00000e+00
1.75400e+03 1.38217e-12 0.00000e+00
1.75500e+03 1.41539e-12 0.00000e+00
1.75600e+03 1.46257e-12 0.00000e+00
1.75700e+03 1.41043e-12 0.00000e+00
1.75800e+03 1.51477e-12 0.00000e+00
1.75900e+03 1.49842e-12 0.00000e+00
1.76000e+03 1.42746e-12 0.00000e+00
1.76100e+03 1.49616e-12 0.00000e+00
1.76200e+03 1.37125e-12 0.00000e+00
1.76300e+03 1.36421e-12 0.00000e+00
1.76400e+03 1.42052e-12 0.00000e+00
1.76500e+03 1.61642e-12 0.00000e+00
1.76600e+03 1.46087e-12 0.00000e+00
1.76700e+03 1.34673e-12 0.00000e+00
1.76800e+03 1.33235e-12 0.00000e+00
1.76900e+03 1.29264e-12 0.00000e+00
1.77000e+03 1.28838e-12 0.00000e+00
1.77100e+03 1.35305e-12 0.00000e+00
1.77200e+03 1.31209e-12 0.00000e+00
1.77300e+03 1.52438e-12 0.00000e+00
1.77400e+03 1.26517e-12 0.00000e+00
1.77500e+03 1.31838e-12 0.00000e+00
1.77600e+03 1.48812e-12 0.00000e+00
1.77700e+03 1.43911e-12 0.00000e+00
1.77800e+03 1.36394e-12 0.00000e+00
1.77900e+03 1.34853e-12 0.00000e+00
1.78000e+03 1.31171e-12 0.00000e+00
1.78100e+03 1.37482e-12 0.00000e+00
1.78200e+03 1.34477e-12 0.00000e+00
1.78300e+03 1.41089e-12 0.00000e+00
1.78400e+03 1.26869e-12 0.00000e+00
1.78500e+03 1.38611e-12 0.00000e+00
1.78600e+03 1.36638e-12 0.00000e+00
1.78700e+03 1.29364e-12 0.00000e+00
1.78800e+03 1.32104e-12 0.00000e+00
1.78900e+03 1.40635e-12 0.00000e+00
1.79000e+03 1.30709e-12 0.00000e+00
1.79100e+03 1.30593e-12 0.00000e+00
1.79200e+03 1.24903e-12 0.00000e+00
1.79300e+03 1.28109e-12 0.00000e+00
1.79400e+03 1.34180e-12 0.00000e+00
1.79500e+03 1.26037e-12 0.00000e+00
1.79600e+03 1.31277e-12 0.00000e+00
1.79700e+03 1.30197e-12 0.00000e+00
1.79800e+03 1.33350e-12 0.00000e+00
1.79900e+03 1.19066e-12 0.00000e+00
1.80000e+03 1.28801e-12 0.00000e+00
1.80100e+03 1.28843e-12 0.00000e+00
1.80200e+03 1.32840e-12 0.00000e+00
1.80300e+03 1.40677e-12 0.00000e+00
1.80400e+03 1.38936e-12 0.00000e+00
1.80500e+03 1.33037e-12 0.00000e+00
1.80600e+03 1.23966e-12 0.00000e+00
1.80700e+03 1.31113e-12 0.00000e+00
1.80800e+03 1.23392e-12 0.00000e+00
1.80900e+03 1.30467e-12 0.00000e+00
1.81000e+03 1.25053e-12 0.00000e+00
1.81100e+03 1.25375e-12 0.00000e+00
1.81200e+03 1.35702e-12 0.00000e+00
1.81300e+03 1.23496e-12 0.00000e+00
1.81400e+03 1.41755e-12 0.00000e+00
1.81500e+03 1.27189e-12 0.00000e+00
1.81600e+03 1.23950e-12 0.00000e+00
1.81700e+03 1.29930e-12 0.00000e+00
1.81800e+03 1.22668e-12 0.00000e+00
1.81900e+03 1.24589e-12 0.00000e+00
1.82000e+03 1.40529e-12 0.00000e+00
1.82100e+03 1.24256e-12 0.00000e+00
1.82200e+03 1.24848e-12 0.00000e+00
1.82300e+03 1.19384e-12 0.00000e+00
1.82400e+03 1.27332e-12 0.00000e+00
1.82500e+03 1.25756e-12 0.00000e+00
1.82600e+03 1.22657e-12 0.00000e+00
1.82700e+03 1.16232e-12 0.00000e+00
1.82800e+03 1.31690e-12 0.00000e+00
1.82900e+03 1.24420e-12 0.00000e+00
1.83000e+03 1.21490e-12 0.00000e+00
1.83100e+03 1.16761e-12 0.00000e+00
1.83200e+03 1.19942e-12 0.00000e+00
1.83300e+03 1.21588e-12 0.00000e+00
1.83400e+03 1.28438e-12 0.00000e+00
1.83500e+03 1.32276e-12 0.00000e+00
1.83600e+03 1.25864e-12 0.00000e+00
1.83700e+03 1.23878e-12 0.00000e+00
1.83800e+03 1.33690e-12 0.00000e+00
1.83900e+03 1.29862e-12 0.00000e+00
1.84000e+03 1.25822e-12 0.00000e+00
1.84100e+03 1.23981e-12 0.00000e+00
1.84200e+03 1.22855e-12 0.00000e+00
1.84300e+03 1.16883e-12 0.00000e+00
1.84400e+03 1.22949e-12 0.00000e+00
1.84500e+03 1.16349e-12 0.00000e+00
1.84600e+03 1.15796e-12 0.00000e+00
1.84700e+03 1.18409e-12 0.00000e+00
1.84800e+03 1.21134e-12 0.00000e+00
1.84900e+03 1.23469e-12 0.00000e+00
1.85000e+03 1.19360e-12 0.00000e+00
1.85100e+03 1.16226e-12 0.00000e+00
1.85200e+03 1.14408e-12 0.00000e+00
1.85300e+03 1.23774e-12 0.00000e+00
1.85400e+03 1.15501e-12 0.00000e+00
1.85500e+03 1.22811e-12 0.00000e+00
1.85600e+03 1.21000e-12 0.00000e+00
1.85700e+03 1.14600e-12 0.00000e+00
1.85800e+03 1.14006e-12 0.00000e+00
1.85900e+03 1.19646e-12 0.00000e+00
1.86000e+03 1.15579e-12 0.00000e+00
1.86100e+03 1.11321e-12 0.00000e+00
1.86200e+03 1.21240e-12 0.00000e+00
1.86300e+03 1.15552e-12 0.00000e+00
1.86400e+03 1.25760e-12 0.00000e+00
1.86500e+03 1.16535e-12 0.00000e+00
1.86600e+03 1.14207e-12 0.00000e+00
1.86700e+03 1.19637e-12 0.00000e+00
1.86800e+03 1.11704e-12 0.00000e+00
1.86900e+03 1.10837e-12 0.00000e+00
1.87000e+03 1.14001e-12 0.00000e+00
1.87100e+03 1.14744e-12 0.00000e+00
1.87200e+03 1.07767e-12 0.00000e+00
1.87300e+03 1.16377e-12 0.00000e+00
1.87400e+03 1.14404e-12 0.00000e+00
1.87500e+03 1.14211e-12 0.00000e+00
1.87600e+03 1.10694e-12 0.00000e+00
1.87700e+03 1.10166e-12 0.00000e+00
1.87800e+03 1.13201e-12 0.00000e+00
1.87900e+03 1.09688e-12 0.00000e+00
1.88000e+03 1.07705e-12 0.00000e+00
1.88100e+03 1.19704e-12 0.00000e+00
1.88200e+03 1.09030e-12 0.00000e+00
1.88300e+03 1.22183e-12 0.00000e+00
1.88400e+03 1.11954e-12 0.00000e+00
1.88500e+03 1.11406e-12 0.00000e+00
1.88600e+03 1.03172e-12 0.00000e+00
1.88700e+03 1.16970e-12 0.00000e+00
1.88800e+03 1.06811e-12 0.00000e+00
1.88900e+03 1.17725e-12 0.00000e+00
1.89000e+03 1.14885e-12 0.00000e+00
1.89100e+03 1.10501e-12 0.00000e+00
1.89200e+03 1.08637e-12 0.00000e+00
1.89300e+03 1.03613e-12 0.00000e+00
1.89400e+03 1.14908e-12 0.00000e+00
1.89500e+03 1.07020e-12 0.00000e+00
1.89600e+03 1.05659e-12 0.00000e+00
1.89700e+03 1.09067e-12 0.00000e+00
1.89800e+03 1.11444e-12 0.00000e+00
1.89900e+03 1.06529e-12 0.00000e+00
1.90000e+03 1.06749e-12 0.00000e+00
1.90100e+03 9.47034e-13 0.00000e+00
1.90200e+03 1.13183e-12 0.00000e+00
1.90300e+03 1.04554e-12 0.00000e+00
1.90400e+03 1.09189e-12 0.00000e+00
1.90500e+03 1.01773e-12 0.00000e+00
1.90600e+03 1.01065e-12 0.00000e+00
1.90700e+03 9.82137e-13 0.00000e+00
1.90800e+03 1.15510e-12 0.00000e+00
1.90900e+03 1.11300e-12 0.00000e+00
1.91000e+03 9.92271e-13 0.00000e+00
1.91100e+03 9.46972e-13 0.00000e+00
1.91200e+03 1.09400e-12 0.00000e+00
1.91300e+03 1.06929e-12 0.00000e+00
1.91400e+03 1.05406e-12 0.00000e+00
1.91500e+03 1.05720e-12 0.00000e+00
1.91600e+03 1.09449e-12 0.00000e+00
1.91700e+03 1.10811e-12 0.00000e+00
1.91800e+03 1.03086e-12 0.00000e+00
1.91900e+03 1.06310e-12 0.00000e+00
1.92000e+03 1.09679e-12 0.00000e+00
1.92100e+03 1.04400e-12 0.00000e+00
1.92200e+03 1.11413e-12 0.00000e+00
1.92300e+03 1.04466e-12 0.00000e+00
1.92400e+03 1.06068e-12 0.00000e+00
1.92500e+03 9.99603e-13 0.00000e+00
1.92600e+03 1.02392e-12 0.00000e+00
1.92700e+03 1.13287e-12 0.00000e+00
1.92800e+03 1.05385e-12 0.00000e+00
1.92900e+03 1.03735e-12 0.00000e+00
1.93000e+03 1.03069e-12 0.00000e+00
1.93100e+03 1.01429e-12 0.00000e+00
1.93200e+03 9.77777e-13 0.00000e+00
1.93300e+03 1.01874e-12 0.00000e+00
1.93400e+03 1.00196e-12 0.00000e+00
1.93500e+03 1.01301e-12 0.00000e+00
1.93600e+03 1.08373e-12 0.00000e+00
1.93700e+03 1.03245e-12 0.00000e+00
1.93800e+03 1.05391e-12 0.00000e+00
1.93900e+03 9.75352e-13 0.00000e+00
1.94000e+03 9.48070e-13 0.00000e+00
1.94100e+03 1.05450e-12 0.00000e+00
1.94200e+03 9.73312e-13 0.00000e+00
1.94300e+03 1.01782e-12 0.00000e+00
1.94400e+03 1.02694e-12 0.00000e+00
1.94500e+03 9.87753e-13 0.00000e+00
1.94600e+03 1.01559e-12 0.00000e+00
1.94700e+03 9.89906e-13 0.00000e+00
1.94800e+03 9.77404e-13 0.00000e+00
1.94900e+03 1.07190e-12 0.00000e+00
1.95000e+03 9.63203e-13 0.00000e+00
1.95100e+03 1.02533e-12 0.00000e+00
1.95200e+03 1.05309e-12 0.00000e+00
1.95300e+03 9.61873e-13 0.00000e+00
1.95400e+03 1.02301e-12 0.00000e+00
1.95500e+03 9.68660e-13 0.00000e+00
1.95600e+03 9.99218e-13 0.00000e+00
1.95700e+03 9.69500e-13 0.00000e+00
1.95800e+03 1.02517e-12 0.00000e+00
1.95900e+03 9.89604e-13 0.00000e+00
1.96000e+03 9.85508e-13 0.00000e+00
1.96100e+03 9.87088e-13 0.00000e+00
1.96200e+03 9.09580e-13 0.00000e+00
1.96300e+03 1.00863e-12 0.00000e+00
1.96400e+03 9.80377e-13 0.00000e+00
1.96500e+03 1.01115e-12 0.00000e+00
1.96600e+03 9.99001e-13 0.00000e+00
1.96700e+03 1.02001e-12 0.00000e+00
1.96800e+03 1.00616e-12 0.00000e+00
1.96900e+03 9.21805e-13 0.00000e+00
1.97000e+03 9.80024e-13 0.00000e+00
1.97100e+03 9.41693e-13 0.00000e+00
1.97200e+03 9.60332e-13 0.00000e+00
1.97300e+03 9.47487e-13 0.00000e+00
1.97400e+03 9.48575e-13 0.00000e+00
1.97500e+03 9.21080e-13 0.00000e+00
1.97600e+03 9.55031e-13 0.00000e+00
1.97700e+03 1.00787e-12 0.00000e+00
1.97800e+03 9.22056e-13 0.00000e+00
1.97900e+03 9.36595e-13 0.00000e+00
1.98000e+03 9.17357e-13 0.00000e+00
1.98100e+03 9.29966e-13 0.00000e+00
1.98200e+03 8.98493e-13 0.00000e+00
1.98300e+03 9.05965e-13 0.00000e+00
1.98400e+03 8.92367e-13 0.00000e+00
1.98500e+03 9.33897e-13 0.00000e+00
1.98600e+03 9.96184e-13 0.00000e+00
1.98700e+03 9.61144e-13 0.00000e+00
1.98800e+03 9.84666e-13 0.00000e+00
1.98900e+03 9.06451e-13 0.00000e+00
1.99000e+03 9.23973e-13 0.00000e+00
1.99100e+03 9.14128e-13 0.00000e+00
1.99200e+03 9.23260e-13 0.00000e+00
1.99300e+03 9.14774e-13 0.00000e+00
1.99400e+03 9.43351e-13 0.00000e+00
1.99500e+03 9.01125e-13 0.00000e+00
1.99600e+03 8.50131e-13 0.00000e+00
1.99700e+03 8.80995e-13 0.00000e+00
1.99800e+03 8.61722e-13 0.00000e+00
1.99900e+03 9.38401e-13 0.00000e+00
2.00000e+03 9.13602e-13 0.00000e+00
