0.00000e+00 0.00000e+00 0.00000e+00
1.00000e+00 0.00000e+00 0.00000e+00
2.00000e+00 0.00000e+00 0.00000e+00
3.00000e+00 0.00000e+00 0.00000e+00
4.00000e+00 0.00000e+00 0.00000e+00
5.00000e+00 0.00000e+00 0.00000e+00
6.00000e+00 0.00000e+00 0.00000e+00
7.00000e+00 0.00000e+00 0.00000e+00
8.00000e+00 0.00000e+00 0.00000e+00
9.00000e+00 0.00000e+00 0.00000e+00
1.00000e+01 0.00000e+00 0.00000e+00
1.10000e+01 0.00000e+00 0.00000e+00
1.20000e+01 0.00000e+00 0.00000e+00
1.30000e+01 0.00000e+00 0.00000e+00
1.40000e+01 0.00000e+00 0.00000e+00
1.50000e+01 0.00000e+00 0.00000e+00
1.60000e+01 0.00000e+00 0.00000e+00
1.70000e+01 0.00000e+00 0.00000e+00
1.80000e+01 0.00000e+00 0.00000e+00
1.90000e+01 0.00000e+00 0.00000e+00
2.00000e+01 0.00000e+00 0.00000e+00
2.10000e+01 0.00000e+00 0.00000e+00
2.20000e+01 0.00000e+00 0.00000e+00
2.30000e+01 0.00000e+00 0.00000e+00
2.40000e+01 0.00000e+00 0.00000e+00
2.50000e+01 0.00000e+00 0.00000e+00
2.60000e+01 0.00000e+00 0.00000e+00
2.70000e+01 0.00000e+00 0.00000e+00
2.80000e+01 0.00000e+00 0.00000e+00
2.90000e+01 0.00000e+00 0.00000e+00
3.00000e+01 0.00000e+00 0.00000e+00
3.10000e+01 0.00000e+00 0.00000e+00
3.20000e+01 0.00000e+00 0.00000e+00
3.30000e+01 0.00000e+00 0.00000e+00
3.40000e+01 0.00000e+00 0.00000e+00
3.50000e+01 0.00000e+00 0.00000e+00
3.60000e+01 0.00000e+00 0.00000e+00
3.70000e+01 0.00000e+00 0.00000e+00
3.80000e+01 0.00000e+00 0.00000e+00
3.90000e+01 0.00000e+00 0.00000e+00
4.00000e+01 0.00000e+00 0.00000e+00
4.10000e+01 0.00000e+00 0.00000e+00
4.20000e+01 0.00000e+00 0.00000e+00
4.30000e+01 0.00000e+00 0.00000e+00
4.40000e+01 0.00000e+00 0.00000e+00
4.50000e+01 0.00000e+00 0.00000e+00
4.60000e+01 0.00000e+00 0.00000e+00
4.70000e+01 0.00000e+00 0.00000e+00
4.80000e+01 0.00000e+00 0.00000e+00
4.90000e+01 0.00000e+00 0.00000e+00
5.00000e+01 0.00000e+00 0.00000e+00
5.10000e+01 0.00000e+00 0.00000e+00
5.20000e+01 0.00000e+00 0.00000e+00
5.30000e+01 0.00000e+00 0.00000e+00
5.40000e+01 0.00000e+00 0.00000e+00
5.50000e+01 0.00000e+00 0.00000e+00
5.60000e+01 0.00000e+00 0.00000e+00
5.70000e+01 0.00000e+00 0.00000e+00
5.80000e+01 0.00000e+00 0.00000e+00
5.90000e+01 0.00000e+00 0.00000e+00
6.00000e+01 0.00000e+00 0.00000e+00
6.10000e+01 0.00000e+00 0.00000e+00
6.20000e+01 0.00000e+00 0.00000e+00
6.30000e+01 0.00000e+00 0.00000e+00
6.40000e+01 0.00000e+00 0.00000e+00
6.50000e+01 0.00000e+00 0.00000e+00
6.60000e+01 0.00000e+00 0.00000e+00
6.70000e+01 0.00000e+00 0.00000e+00
6.80000e+01 0.00000e+00 0.00000e+00
6.90000e+01 0.00000e+00 0.00000e+00
7.00000e+01 0.00000e+00 0.00000e+00
7.10000e+01 0.00000e+00 0.00000e+00
7.20000e+01 0.00000e+00 0.00000e+00
7.30000e+01 0.00000e+00 0.00000e+00
7.40000e+01 0.00000e+00 0.00000e+00
7.50000e+01 0.00000e+00 0.00000e+00
7.60000e+01 0.00000e+00 0.00000e+00
7.70000e+01 0.00000e+00 0.00000e+00
7.80000e+01 0.00000e+00 0.00000e+00
7.90000e+01 0.00000e+00 0.00000e+00
8.00000e+01 0.00000e+00 0.00000e+00
8.10000e+01 0.00000e+00 0.00000e+00
8.20000e+01 0.00000e+00 0.00000e+00
8.30000e+01 0.00000e+00 0.00000e+00
8.40000e+01 0.00000e+00 0.00000e+00
8.50000e+01 0.00000e+00 0.00000e+00
8.60000e+01 0.00000e+00 0.00000e+00
8.70000e+01 0.00000e+00 0.00000e+00
8.80000e+01 0.00000e+00 0.00000e+00
8.90000e+01 0.00000e+00 0.00000e+00
9.00000e+01 0.00000e+00 0.00000e+00
9.10000e+01 0.00000e+00 0.00000e+00
9.20000e+01 0.00000e+00 0.00000e+00
9.30000e+01 0.00000e+00 0.00000e+00
9.40000e+01 0.00000e+00 0.00000e+00
9.50000e+01 0.00000e+00 0.00000e+00
9.60000e+01 0.00000e+00 0.00000e+00
9.70000e+01 0.00000e+00 0.00000e+00
9.80000e+01 0.00000e+00 0.00000e+00
9.90000e+01 0.00000e+00 0.00000e+00
1.00000e+02 6.92550e-11 0.00000e+00
1.01000e+02 8.04805e-11 0.00000e+00
1.02000e+02 7.50950e-11 0.00000e+00
1.03000e+02 7.03955e-11 0.00000e+00
1.04000e+02 6.63957e-11 0.00000e+00
1.05000e+02 7.51548e-11 0.00000e+00
1.06000e+02 7.05183e-11 0.00000e+00
1.07000e+02 7.37003e-11 0.00000e+00
1.08000e+02 7.03529e-11 0.00000e+00
1.09000e+02 8.26214e-11 0.00000e+00
1.10000e+02 7.74757e-11 0.00000e+00
1.11000e+02 8.13315e-11 0.00000e+00
1.12000e+02 6.19005e-11 0.00000e+00
1.13000e+02 9.64413e-11 0.00000e+00
1.14000e+02 8.00288e-11 0.00000e+00
1.15000e+02 8.83736e-11 0.00000e+00
1.16000e+02 6.89573e-11 0.00000e+00
1.17000e+02 6.93921e-11 0.00000e+00
1.18000e+02 5.80220e-11 0.00000e+00
1.19000e+02 6.85270e-11 0.00000e+00
1.20000e+02 7.91461e-11 0.00000e+00
1.21000e+02 7.42183e-11 0.00000e+00
1.22000e+02 7.04449e-11 0.00000e+00
1.23000e+02 6.43666e-11 0.00000e+00
1.24000e+02 7.50466e-11 0.00000e+00
1.25000e+02 5.26568e-11 0.00000e+00
1.26000e+02 5.70855e-11 0.00000e+00
1.27000e+02 6.88382e-11 0.00000e+00
1.28000e+02 6.09474e-11 0.00000e+00
1.29000e+02 4.96723e-11 0.00000e+00
1.30000e+02 5.47012e-11 0.00000e+00
1.31000e+02 7.05725e-11 0.00000e+00
1.32000e+02 5.11770e-11 0.00000e+00
1.33000e+02 6.18734e-11 0.00000e+00
1.34000e+02 6.36514e-11 0.00000e+00
1.35000e+02 5.03852e-11 0.00000e+00
1.36000e+02 5.94476e-11 0.00000e+00
1.37000e+02 5.56528e-11 0.00000e+00
1.38000e+02 6.44422e-11 0.00000e+00
1.39000e+02 5.72324e-11 0.00000e+00
1.40000e+02 5.94228e-11 0.00000e+00
1.41000e+02 6.75470e-11 0.00000e+00
1.42000e+02 5.44088e-11 0.00000e+00
1.43000e+02 5.95510e-11 0.00000e+00
1.44000e+02 5.92665e-11 0.00000e+00
1.45000e+02 6.16614e-11 0.00000e+00
1.46000e+02 5.80649e-11 0.00000e+00
1.47000e+02 4.71132e-11 0.00000e+00
1.48000e+02 5.21977e-11 0.00000e+00
1.49000e+02 5.08686e-11 0.00000e+00
1.50000e+02 5.83980e-11 0.00000e+00
1.51000e+02 4.77047e-11 0.00000e+00
1.52000e+02 4.49347e-11 0.00000e+00
1.53000e+02 4.21472e-11 0.00000e+00
1.54000e+02 5.92829e-11 0.00000e+00
1.55000e+02 5.26048e-11 0.00000e+00
1.56000e+02 4.04064e-11 0.00000e+00
1.57000e+02 5.68097e-11 0.00000e+00
1.58000e+02 4.57096e-11 0.00000e+00
1.59000e+02 4.51924e-11 0.00000e+00
1.60000e+02 4.84896e-11 0.00000e+00
1.61000e+02 4.59839e-11 0.00000e+00
1.62000e+02 4.90859e-11 0.00000e+00
1.63000e+02 4.58020e-11 0.00000e+00
1.64000e+02 5.37673e-11 0.00000e+00
1.65000e+02 3.98441e-11 0.00000e+00
1.66000e+02 4.61341e-11 0.00000e+00
1.67000e+02 5.21730e-11 0.00000e+00
1.68000e+02 3.94842e-11 0.00000e+00
1.69000e+02 4.76286e-11 0.00000e+00
1.70000e+02 5.40836e-11 0.00000e+00
1.71000e+02 4.70762e-11 0.00000e+00
1.72000e+02 4.62418e-11 0.00000e+00
1.73000e+02 4.94598e-11 0.00000e+00
1.74000e+02 4.13605e-11 0.00000e+00
1.75000e+02 4.36573e-11 0.00000e+00
1.76000e+02 4.74884e-11 0.00000e+00
1.77000e+02 3.66890e-11 0.00000e+00
1.78000e+02 3.98329e-11 0.00000e+00
1.79000e+02 4.40337e-11 0.00000e+00
1.80000e+02 5.13508e-11 0.00000e+00
1.81000e+02 4.47574e-11 0.00000e+00
1.82000e+02 5.50848e-11 0.00000e+00
1.83000e+02 4.20365e-11 0.00000e+00
1.84000e+02 4.84592e-11 0.00000e+00
1.85000e+02 4.44662e-11 0.00000e+00
1.86000e+02 4.36387e-11 0.00000e+00
1.87000e+02 4.34865e-11 0.00000e+00
1.88000e+02 4.70460e-11 0.00000e+00
1.89000e+02 4.38366e-11 0.00000e+00
1.90000e+02 3.35412e-11 0.00000e+00
1.91000e+02 3.66200e-11 0.00000e+00
1.92000e+02 3.84440e-11 0.00000e+00
1.93000e+02 4.03398e-11 0.00000e+00
1.94000e+02 3.92035e-11 0.00000e+00
1.95000e+02 3.53281e-11 0.00000e+00
1.96000e+02 3.68302e-11 0.00000e+00
1.97000e+02 3.35392e-11 0.00000e+00
1.98000e+02 4.25224e-11 0.00000e+00
1.99000e+02 3.89445e-11 0.00000e+00
2.00000e+02 3.75273e-11 0.00000e+00
2.01000e+02 3.81564e-11 0.00000e+00
2.02000e+02 3.50210e-11 0.00000e+00
2.03000e+02 4.17091e-11 0.00000e+00
2.04000e+02 3.72551e-11 0.00000e+00
2.05000e+02 3.55103e-11 0.00000e+00
2.06000e+02 4.43795e-11 0.00000e+00
2.07000e+02 3.38783e-11 0.00000e+00
2.08000e+02 3.64693e-11 0.00000e+00
2.09000e+02 3.21403e-11 0.00000e+00
2.10000e+02 4.47373e-11 0.00000e+00
2.11000e+02 3.09605e-11 0.00000e+00
2.12000e+02 4.02859e-11 0.00000e+00
2.13000e+02 3.43778e-11 0.00000e+00
2.14000e+02 3.71453e-11 0.00000e+00
2.15000e+02 3.50850e-11 0.00000e+00
2.16000e+02 4.33867e-11 0.00000e+00
2.17000e+02 3.87163e-11 0.00000e+00
2.18000e+02 4.05608e-11 0.00000e+00
2.19000e+02 3.80420e-11 0.00000e+00
2.20000e+02 3.20705e-11 0.00000e+00
2.21000e+02 3.58831e-11 0.00000e+00
2.22000e+02 3.52284e-11 0.00000e+00
2.23000e+02 3.26173e-11 0.00000e+00
2.24000e+02 3.61091e-11 0.00000e+00
2.25000e+02 3.47946e-11 0.00000e+00
2.26000e+02 3.63042e-11 0.00000e+00
2.27000e+02 3.39747e-11 0.00000e+00
2.28000e+02 3.21435e-11 0.00000e+00
2.29000e+02 3.57485e-11 0.00000e+00
2.30000e+02 3.50662e-11 0.00000e+00
2.31000e+02 3.76985e-11 0.00000e+00
2.32000e+02 3.39781e-11 0.00000e+00
2.33000e+02 3.32517e-11 0.00000e+00
2.34000e+02 3.22538e-11 0.00000e+00
2.35000e+02 3.24695e-11 0.00000e+00
2.36000e+02 3.24276e-11 0.00000e+00
2.37000e+02 3.11562e-11 0.00000e+00
2.38000e+02 3.19597e-11 0.00000e+00
2.39000e+02 3.57298e-11 0.00000e+00
2.40000e+02 3.13563e-11 0.00000e+00
2.41000e+02 3.91638e-11 0.00000e+00
2.42000e+02 3.87140e-11 0.00000e+00
2.43000e+02 2.99831e-11 0.00000e+00
2.44000e+02 3.02323e-11 0.00000e+00
2.45000e+02 3.64976e-11 0.00000e+00
2.46000e+02 3.26684e-11 0.00000e+00
2.47000e+02 3.08874e-11 0.00000e+00
2.48000e+02 3.18485e-11 0.00000e+00
2.49000e+02 3.28503e-11 0.00000e+00
2.50000e+02 3.18508e-11 0.00000e+00
2.51000e+02 3.75523e-11 0.00000e+00
2.52000e+02 3.10603e-11 0.00000e+00
2.53000e+02 2.93839e-11 0.00000e+00
2.54000e+02 3.15247e-11 0.00000e+00
2.55000e+02 3.09875e-11 0.00000e+00
2.56000e+02 3.16433e-11 0.00000e+00
2.57000e+02 3.18742e-11 0.00000e+00
2.58000e+02 3.00592e-11 0.00000e+00
2.59000e+02 3.26487e-11 0.00000e+00
2.60000e+02 3.41241e-11 0.00000e+00
2.61000e+02 2.99086e-11 0.00000e+00
2.62000e+02 2.82164e-11 0.00000e+00
2.63000e+02 3.31472e-11 0.00000e+00
2.64000e+02 2.93561e-11 0.00000e+00
2.65000e+02 3.13288e-11 0.00000e+00
2.66000e+02 2.91269e-11 0.00000e+00
2.67000e+02 3.43525e-11 0.00000e+00
2.68000e+02 2.84052e-11 0.00000e+00
2.69000e+02 3.20284e-11 0.00000e+00
2.70000e+02 3.30015e-11 0.00000e+00
2.71000e+02 2.93528e-11 0.00000e+00
2.72000e+02 2.56746e-11 0.00000e+00
2.73000e+02 3.06213e-11 0.00000e+00
2.74000e+02 3.25161e-11 0.00000e+00
2.75000e+02 3.04620e-11 0.00000e+00
2.76000e+02 2.35530e-11 0.00000e+00
2.77000e+02 2.76465e-11 0.00000e+00
2.78000e+02 2.81811e-11 0.00000e+00
2.79000e+02 2.85671e-11 0.00000e+00
2.80000e+02 2.65339e-11 0.00000e+00
2.81000e+02 2.98630e-11 0.00000e+00
2.82000e+02 2.74272e-11 0.00000e+00
2.83000e+02 2.47383e-11 0.00000e+00
2.84000e+02 2.74940e-11 0.00000e+00
2.85000e+02 3.07258e-11 0.00000e+00
2.86000e+02 3.48143e-11 0.00000e+00
2.87000e+02 2.92927e-11 0.00000e+00
2.88000e+02 3.03731e-11 0.00000e+00
2.89000e+02 2.53417e-11 0.00000e+00
2.90000e+02 3.22134e-11 0.00000e+00
2.91000e+02 2.78093e-11 0.00000e+00
2.92000e+02 2.75157e-11 0.00000e+00
2.93000e+02 2.41417e-11 0.00000e+00
2.94000e+02 2.78593e-11 0.00000e+00
2.95000e+02 2.91376e-11 0.00000e+00
2.96000e+02 3.05528e-11 0.00000e+00
2.97000e+02 2.44321e-11 0.00000e+00
2.98000e+02 3.10441e-11 0.00000e+00
2.99000e+02 2.87733e-11 0.00000e+00
3.00000e+02 2.62004e-11 0.00000e+00
3.01000e+02 2.77578e-11 0.00000e+00
3.02000e+02 2.92963e-11 0.00000e+00
3.03000e+02 2.48734e-11 0.00000e+00
3.04000e+02 2.96527e-11 0.00000e+00
3.05000e+02 2.68811e-11 0.00000e+00
3.06000e+02 3.15648e-11 0.00000e+00
3.07000e+02 2.89242e-11 0.00000e+00
3.08000e+02 2.87369e-11 0.00000e+00
3.09000e+02 3.11226e-11 0.00000e+00
3.10000e+02 3.17444e-11 0.00000e+00
3.11000e+02 2.33725e-11 0.00000e+00
3.12000e+02 2.76851e-11 0.00000e+00
3.13000e+02 2.79009e-11 0.00000e+00
3.14000e+02 2.37113e-11 0.00000e+00
3.15000e+02 2.57100e-11 0.00000e+00
3.16000e+02 2.76911e-11 0.00000e+00
3.17000e+02 2.54795e-11 0.00000e+00
3.18000e+02 2.64555e-11 0.00000e+00
3.19000e+02 2.32370e-11 0.00000e+00
3.20000e+02 2.38851e-11 0.00000e+00
3.21000e+02 2.67433e-11 0.00000e+00
3.22000e+02 2.95079e-11 0.00000e+00
3.23000e+02 2.79310e-11 0.00000e+00
3.24000e+02 2.36857e-11 0.00000e+00
3.25000e+02 2.37759e-11 0.00000e+00
3.26000e+02 2.45837e-11 0.00000e+00
3.27000e+02 2.75064e-11 0.00000e+00
3.28000e+02 2.45007e-11 0.00000e+00
3.29000e+02 2.44270e-11 0.00000e+00
3.30000e+02 2.39132e-11 0.00000e+00
3.31000e+02 2.89764e-11 0.00000e+00
3.32000e+02 2.17561e-11 0.00000e+00
3.33000e+02 2.53138e-11 0.00000e+00
3.34000e+02 2.65485e-11 0.00000e+00
3.35000e+02 2.57013e-11 0.00000e+00
3.36000e+02 2.89557e-11 0.00000e+00
3.37000e+02 2.90196e-11 0.00000e+00
3.38000e+02 2.27106e-11 0.00000e+00
3.39000e+02 2.55671e-11 0.00000e+00
3.40000e+02 2.51797e-11 0.00000e+00
3.41000e+02 2.61885e-11 0.00000e+00
3.42000e+02 2.20275e-11 0.00000e+00
3.43000e+02 2.40885e-11 0.00000e+00
3.44000e+02 2.61460e-11 0.00000e+00
3.45000e+02 2.52321e-11 0.00000e+00
3.46000e+02 2.65607e-11 0.00000e+00
3.47000e+02 1.79459e-11 0.00000e+00
3.48000e+02 2.32928e-11 0.00000e+00
3.49000e+02 2.38655e-11 0.00000e+00
3.50000e+02 2.32958e-11 0.00000e+00
3.51000e+02 2.34014e-11 0.00000e+00
3.52000e+02 2.72223e-11 0.00000e+00
3.53000e+02 2.31887e-11 0.00000e+00
3.54000e+02 2.42266e-11 0.00000e+00
3.55000e+02 2.36461e-11 0.00000e+00
3.56000e+02 2.34935e-11 0.00000e+00
3.57000e+02 2.06627e-11 0.00000e+00
3.58000e+02 2.70358e-11 0.00000e+00
3.59000e+02 2.11292e-11 0.00000e+00
3.60000e+02 2.24373e-11 0.00000e+00
3.61000e+02 2.21403e-11 0.00000e+00
3.62000e+02 2.53083e-11 0.00000e+00
3.63000e+02 2.33129e-11 0.00000e+00
3.64000e+02 2.21914e-11 0.00000e+00
3.65000e+02 2.15610e-11 0.00000e+00
3.66000e+02 2.33272e-11 0.00000e+00
3.67000e+02 2.48395e-11 0.00000e+00
3.68000e+02 2.86688e-11 0.00000e+00
3.69000e+02 2.32317e-11 0.00000e+00
3.70000e+02 2.27335e-11 0.00000e+00
3.71000e+02 2.00007e-11 0.00000e+00
3.72000e+02 2.47569e-11 0.00000e+00
3.73000e+02 2.31010e-11 0.00000e+00
3.74000e+02 2.30150e-11 0.00000e+00
3.75000e+02 2.40078e-11 0.00000e+00
3.76000e+02 2.38627e-11 0.00000e+00
3.77000e+02 2.20123e-11 0.00000e+00
3.78000e+02 2.39746e-11 0.00000e+00
3.79000e+02 1.91159e-11 0.00000e+00
3.80000e+02 2.47172e-11 0.00000e+00
3.81000e+02 2.17496e-11 0.00000e+00
3.82000e+02 2.36831e-11 0.00000e+00
3.83000e+02 2.68479e-11 0.00000e+00
3.84000e+02 2.20528e-11 0.00000e+00
3.85000e+02 2.13996e-11 0.00000e+00
3.86000e+02 2.08446e-11 0.00000e+00
3.87000e+02 2.29426e-11 0.00000e+00
3.88000e+02 2.20313e-11 0.00000e+00
3.89000e+02 2.22910e-11 0.00000e+00
3.90000e+02 2.17393e-11 0.00000e+00
3.91000e+02 2.04209e-11 0.00000e+00
3.92000e+02 2.60139e-11 0.00000e+00
3.93000e+02 2.22239e-11 0.00000e+00
3.94000e+02 1.94802e-11 0.00000e+00
3.95000e+02 2.01991e-11 0.00000e+00
3.96000e+02 2.26359e-11 0.00000e+00
3.97000e+02 2.29291e-11 0.00000e+00
3.98000e+02 2.35796e-11 0.00000e+00
3.99000e+02 2.13497e-11 0.00000e+00
4.00000e+02 2.03544e-11 0.00000e+00
4.01000e+02 2.11800e-11 0.00000e+00
4.02000e+02 2.10788e-11 0.00000e+00
4.03000e+02 2.32187e-11 0.00000e+00
4.04000e+02 2.23804e-11 0.00000e+00
4.05000e+02 2.24192e-11 0.00000e+00
4.06000e+02 1.98348e-11 0.00000e+00
4.07000e+02 2.36040e-11 0.00000e+00
4.08000e+02 2.22284e-11 0.00000e+00
4.09000e+02 2.00373e-11 0.00000e+00
4.10000e+02 2.03070e-11 0.00000e+00
4.11000e+02 2.18444e-11 0.00000e+00
4.12000e+02 1.78814e-11 0.00000e+00
4.13000e+02 2.30705e-11 0.00000e+00
4.14000e+02 2.20059e-11 0.00000e+00
4.15000e+02 1.99519e-11 0.00000e+00
4.16000e+02 1.99037e-11 0.00000e+00
4.17000e+02 1.79819e-11 0.00000e+00
4.18000e+02 1.83930e-11 0.00000e+00
4.19000e+02 2.10513e-11 0.00000e+00
4.20000e+02 1.96206e-11 0.00000e+00
4.21000e+02 1.98541e-11 0.00000e+00
4.22000e+02 1.79949e-11 0.00000e+00
4.23000e+02 1.91563e-11 0.00000e+00
4.24000e+02 2.23429e-11 0.00000e+00
4.25000e+02 1.95739e-11 0.00000e+00
4.26000e+02 1.96582e-11 0.00000e+00
4.27000e+02 2.17558e-11 0.00000e+00
4.28000e+02 1.80199e-11 0.00000e+00
4.29000e+02 1.68601e-11 0.00000e+00
4.30000e+02 1.98659e-11 0.00000e+00
4.31000e+02 1.89654e-11 0.00000e+00
4.32000e+02 2.07824e-11 0.00000e+00
4.33000e+02 1.78088e-11 0.00000e+00
4.34000e+02 2.36205e-11 0.00000e+00
4.35000e+02 1.94398e-11 0.00000e+00
4.36000e+02 1.94288e-11 0.00000e+00
4.37000e+02 2.01906e-11 0.00000e+00
4.38000e+02 1.90409e-11 0.00000e+00
4.39000e+02 1.98357e-11 0.00000e+00
4.40000e+02 2.02605e-11 0.00000e+00
4.41000e+02 1.69020e-11 0.00000e+00
4.42000e+02 2.04018e-11 0.00000e+00
4.43000e+02 1.96702e-11 0.00000e+00
4.44000e+02 2.08184e-11 0.00000e+00
4.45000e+02 2.01503e-11 0.00000e+00
4.46000e+02 1.89861e-11 0.00000e+00
4.47000e+02 1.80356e-11 0.00000e+00
4.48000e+02 2.03983e-11 0.00000e+00
4.49000e+02 2.08936e-11 0.00000e+00
4.50000e+02 2.00055e-11 0.00000e+00
4.51000e+02 2.07708e-11 0.00000e+00
4.52000e+02 2.24723e-11 0.00000e+00
4.53000e+02 2.14367e-11 0.00000e+00
4.54000e+02 1.85537e-11 0.00000e+00
4.55000e+02 1.83195e-11 0.00000e+00
4.56000e+02 1.84062e-11 0.00000e+00
4.57000e+02 1.96544e-11 0.00000e+00
4.58000e+02 1.88871e-11 0.00000e+00
4.59000e+02 1.91662e-11 0.00000e+00
4.60000e+02 1.86423e-11 0.00000e+00
4.61000e+02 2.01011e-11 0.00000e+00
4.62000e+02 2.12612e-11 0.00000e+00
4.63000e+02 1.94145e-11 0.00000e+00
4.64000e+02 1.78541e-11 0.00000e+00
4.65000e+02 1.70811e-11 0.00000e+00
4.66000e+02 1.68281e-11 0.00000e+00
4.67000e+02 1.80276e-11 0.00000e+00
4.68000e+02 2.02028e-11 0.00000e+00
4.69000e+02 1.76829e-11 0.00000e+00
4.70000e+02 1.79920e-11 0.00000e+00
4.71000e+02 1.62898e-11 0.00000e+00
4.72000e+02 2.03318e-11 0.00000e+00
4.73000e+02 1.82080e-11 0.00000e+00
4.74000e+02 1.92674e-11 0.00000e+00
4.75000e+02 1.93809e-11 0.00000e+00
4.76000e+02 1.85438e-11 0.00000e+00
4.77000e+02 1.70152e-11 0.00000e+00
4.78000e+02 1.90721e-11 0.00000e+00
4.79000e+02 1.96609e-11 0.00000e+00
4.80000e+02 1.79986e-11 0.00000e+00
4.81000e+02 1.83930e-11 0.00000e+00
4.82000e+02 1.76939e-11 0.00000e+00
4.83000e+02 1.88861e-11 0.00000e+00
4.84000e+02 2.00759e-11 0.00000e+00
4.85000e+02 1.79492e-11 0.00000e+00
4.86000e+02 1.67598e-11 0.00000e+00
4.87000e+02 1.89418e-11 0.00000e+00
4.88000e+02 1.63069e-11 0.00000e+00
4.89000e+02 1.86883e-11 0.00000e+00
4.90000e+02 1.93259e-11 0.00000e+00
4.91000e+02 1.76972e-11 0.00000e+00
4.92000e+02 1.94469e-11 0.00000e+00
4.93000e+02 2.06450e-11 0.00000e+00
4.94000e+02 2.06541e-11 0.00000e+00
4.95000e+02 1.78205e-11 0.00000e+00
4.96000e+02 1.95421e-11 0.00000e+00
4.97000e+02 1.84221e-11 0.00000e+00
4.98000e+02 1.84250e-11 0.00000e+00
4.99000e+02 1.76229e-11 0.00000e+00
5.00000e+02 1.68006e-11 0.00000e+00
5.01000e+02 1.87409e-11 0.00000e+00
5.02000e+02 1.88558e-11 0.00000e+00
5.03000e+02 1.76365e-11 0.00000e+00
5.04000e+02 1.81115e-11 0.00000e+00
5.05000e+02 1.81254e-11 0.00000e+00
5.06000e+02 1.70580e-11 0.00000e+00
5.07000e+02 1.75879e-11 0.00000e+00
5.08000e+02 1.97233e-11 0.00000e+00
5.09000e+02 1.83857e-11 0.00000e+00
5.10000e+02 1.79600e-11 0.00000e+00
5.11000e+02 1.79042e-11 0.00000e+00
5.12000e+02 1.88346e-11 0.00000e+00
5.13000e+02 1.67157e-11 0.00000e+00
5.14000e+02 1.76413e-11 0.00000e+00
5.15000e+02 1.64430e-11 0.00000e+00
5.16000e+02 1.61277e-11 0.00000e+00
5.17000e+02 1.79098e-11 0.00000e+00
5.18000e+02 1.53677e-11 0.00000e+00
5.19000e+02 1.88271e-11 0.00000e+00
5.20000e+02 1.64905e-11 0.00000e+00
5.21000e+02 1.66740e-11 0.00000e+00
5.22000e+02 1.72209e-11 0.00000e+00
5.23000e+02 1.72466e-11 0.00000e+00
5.24000e+02 1.52669e-11 0.00000e+00
5.25000e+02 1.71861e-11 0.00000e+00
5.26000e+02 1.41001e-11 0.00000e+00
5.27000e+02 1.65808e-11 0.00000e+00
5.28000e+02 1.81686e-11 0.00000e+00
5.29000e+02 1.73271e-11 0.00000e+00
5.30000e+02 1.59131e-11 0.00000e+00
5.31000e+02 1.64062e-11 0.00000e+00
5.32000e+02 1.52021e-11 0.00000e+00
5.33000e+02 1.74489e-11 0.00000e+00
5.34000e+02 1.71707e-11 0.00000e+00
5.35000e+02 1.52996e-11 0.00000e+00
5.36000e+02 1.82633e-11 0.00000e+00
5.37000e+02 1.65126e-11 0.00000e+00
5.38000e+02 1.49667e-11 0.00000e+00
5.39000e+02 1.78647e-11 0.00000e+00
5.40000e+02 1.79190e-11 0.00000e+00
5.41000e+02 1.74492e-11 0.00000e+00
5.42000e+02 1.63851e-11 0.00000e+00
5.43000e+02 1.47924e-11 0.00000e+00
5.44000e+02 1.57721e-11 0.00000e+00
5.45000e+02 1.96117e-11 0.00000e+00
5.46000e+02 1.59588e-11 0.00000e+00
5.47000e+02 1.66535e-11 0.00000e+00
5.48000e+02 1.60874e-11 0.00000e+00
5.49000e+02 1.70592e-11 0.00000e+00
5.50000e+02 1.64014e-11 0.00000e+00
5.51000e+02 1.56309e-11 0.00000e+00
5.52000e+02 1.71576e-11 0.00000e+00
5.53000e+02 1.63445e-11 0.00000e+00
5.54000e+02 1.52496e-11 0.00000e+00
5.55000e+02 1.40476e-11 0.00000e+00
5.56000e+02 1.82517e-11 0.00000e+00
5.57000e+02 1.71694e-11 0.00000e+00
5.58000e+02 1.52384e-11 0.00000e+00
5.59000e+02 1.69494e-11 0.00000e+00
5.60000e+02 1.71136e-11 0.00000e+00
5.61000e+02 1.67966e-11 0.00000e+00
5.62000e+02 1.47118e-11 0.00000e+00
5.63000e+02 1.66737e-11 0.00000e+00
5.64000e+02 1.59778e-11 0.00000e+00
5.65000e+02 1.57257e-11 0.00000e+00
5.66000e+02 1.43705e-11 0.00000e+00
5.67000e+02 1.49038e-11 0.00000e+00
5.68000e+02 1.46762e-11 0.00000e+00
5.69000e+02 1.46371e-11 0.00000e+00
5.70000e+02 1.54558e-11 0.00000e+00
5.71000e+02 1.68721e-11 0.00000e+00
5.72000e+02 1.71321e-11 0.00000e+00
5.73000e+02 1.68961e-11 0.00000e+00
5.74000e+02 1.52307e-11 0.00000e+00
5.75000e+02 1.45785e-11 0.00000e+00
5.76000e+02 1.60528e-11 0.00000e+00
5.77000e+02 1.48928e-11 0.00000e+00
5.78000e+02 1.53202e-11 0.00000e+00
5.79000e+02 1.60846e-11 0.00000e+00
5.80000e+02 1.47234e-11 0.00000e+00
5.81000e+02 1.57212e-11 0.00000e+00
5.82000e+02 1.33669e-11 0.00000e+00
5.83000e+02 1.47894e-11 0.00000e+00
5.84000e+02 1.61725e-11 0.00000e+00
5.85000e+02 1.57879e-11 0.00000e+00
5.86000e+02 1.41562e-11 0.00000e+00
5.87000e+02 1.58961e-11 0.00000e+00
5.88000e+02 1.33471e-11 0.00000e+00
5.89000e+02 1.48207e-11 0.00000e+00
5.90000e+02 1.51693e-11 0.00000e+00
5.91000e+02 1.67969e-11 0.00000e+00
5.92000e+02 1.67593e-11 0.00000e+00
5.93000e+02 1.74630e-11 0.00000e+00
5.94000e+02 1.54720e-11 0.00000e+00
5.95000e+02 1.51673e-11 0.00000e+00
5.96000e+02 1.54921e-11 0.00000e+00
5.97000e+02 1.40862e-11 0.00000e+00
5.98000e+02 1.43084e-11 0.00000e+00
5.99000e+02 1.51513e-11 0.00000e+00
6.00000e+02 1.54110e-11 0.00000e+00
6.01000e+02 1.51511e-11 0.00000e+00
6.02000e+02 1.50857e-11 0.00000e+00
6.03000e+02 1.50778e-11 0.00000e+00
6.04000e+02 1.48657e-11 0.00000e+00
6.05000e+02 1.43901e-11 0.00000e+00
6.06000e+02 1.47361e-11 0.00000e+00
6.07000e+02 1.46513e-11 0.00000e+00
6.08000e+02 1.53906e-11 0.00000e+00
6.09000e+02 1.37955e-11 0.00000e+00
6.10000e+02 1.49111e-11 0.00000e+00
6.11000e+02 1.35752e-11 0.00000e+00
6.12000e+02 1.55311e-11 0.00000e+00
6.13000e+02 1.48913e-11 0.00000e+00
6.14000e+02 1.51144e-11 0.00000e+00
6.15000e+02 1.40781e-11 0.00000e+00
6.16000e+02 1.38992e-11 0.00000e+00
6.17000e+02 1.49545e-11 0.00000e+00
6.18000e+02 1.46381e-11 0.00000e+00
6.19000e+02 1.46357e-11 0.00000e+00
6.20000e+02 1.56818e-11 0.00000e+00
6.21000e+02 1.46951e-11 0.00000e+00
6.22000e+02 1.41081e-11 0.00000e+00
6.23000e+02 1.50244e-11 0.00000e+00
6.24000e+02 1.57423e-11 0.00000e+00
6.25000e+02 1.37703e-11 0.00000e+00
6.26000e+02 1.31556e-11 0.00000e+00
6.27000e+02 1.50163e-11 0.00000e+00
6.28000e+02 1.51758e-11 0.00000e+00
6.29000e+02 1.43759e-11 0.00000e+00
6.30000e+02 1.39261e-11 0.00000e+00
6.31000e+02 1.37875e-11 0.00000e+00
6.32000e+02 1.44829e-11 0.00000e+00
6.33000e+02 1.27745e-11 0.00000e+00
6.34000e+02 1.41220e-11 0.00000e+00
6.35000e+02 1.45859e-11 0.00000e+00
6.36000e+02 1.54186e-11 0.00000e+00
6.37000e+02 1.57149e-11 0.00000e+00
6.38000e+02 1.41992e-11 0.00000e+00
6.39000e+02 1.31753e-11 0.00000e+00
6.40000e+02 1.51373e-11 0.00000e+00
6.41000e+02 1.43276e-11 0.00000e+00
6.42000e+02 1.30458e-11 0.00000e+00
6.43000e+02 1.46612e-11 0.00000e+00
6.44000e+02 1.59816e-11 0.00000e+00
6.45000e+02 1.35039e-11 0.00000e+00
6.46000e+02 1.49754e-11 0.00000e+00
6.47000e+02 1.36790e-11 0.00000e+00
6.48000e+02 1.29381e-11 0.00000e+00
6.49000e+02 1.37789e-11 0.00000e+00
6.50000e+02 1.47019e-11 0.00000e+00
6.51000e+02 1.43820e-11 0.00000e+00
6.52000e+02 1.47216e-11 0.00000e+00
6.53000e+02 1.42958e-11 0.00000e+00
6.54000e+02 1.37243e-11 0.00000e+00
6.55000e+02 1.39084e-11 0.00000e+00
6.56000e+02 1.57535e-11 0.00000e+00
6.57000e+02 1.50649e-11 0.00000e+00
6.58000e+02 1.39564e-11 0.00000e+00
6.59000e+02 1.48126e-11 0.00000e+00
6.60000e+02 1.25884e-11 0.00000e+00
6.61000e+02 1.29487e-11 0.00000e+00
6.62000e+02 1.36877e-11 0.00000e+00
6.63000e+02 1.32840e-11 0.00000e+00
6.64000e+02 1.29102e-11 0.00000e+00
6.65000e+02 1.42817e-11 0.00000e+00
6.66000e+02 1.41762e-11 0.00000e+00
6.67000e+02 1.45089e-11 0.00000e+00
6.68000e+02 1.21454e-11 0.00000e+00
6.69000e+02 1.34719e-11 0.00000e+00
6.70000e+02 1.26717e-11 0.00000e+00
6.71000e+02 1.50801e-11 0.00000e+00
6.72000e+02 1.26953e-11 0.00000e+00
6.73000e+02 1.30071e-11 0.00000e+00
6.74000e+02 1.35330e-11 0.00000e+00
6.75000e+02 1.25372e-11 0.00000e+00
6.76000e+02 1.46334e-11 0.00000e+00
6.77000e+02 1.24194e-11 0.00000e+00
6.78000e+02 1.51259e-11 0.00000e+00
6.79000e+02 1.27248e-11 0.00000e+00
6.80000e+02 1.38611e-11 0.00000e+00
6.81000e+02 1.42045e-11 0.00000e+00
6.82000e+02 1.36549e-11 0.00000e+00
6.83000e+02 1.40893e-11 0.00000e+00
6.84000e+02 1.25424e-11 0.00000e+00
6.85000e+02 1.43267e-11 0.00000e+00
6.86000e+02 1.14888e-11 0.00000e+00
6.87000e+02 1.24358e-11 0.00000e+00
6.88000e+02 1.34741e-11 0.00000e+00
6.89000e+02 1.29358e-11 0.00000e+00
6.90000e+02 1.30942e-11 0.00000e+00
6.91000e+02 1.37160e-11 0.00000e+00
6.92000e+02 1.29512e-11 0.00000e+00
6.93000e+02 1.31187e-11 0.00000e+00
6.94000e+02 1.41888e-11 0.00000e+00
6.95000e+02 1.31585e-11 0.00000e+00
6.96000e+02 1.33932e-11 0.00000e+00
6.97000e+02 1.33179e-11 0.00000e+00
6.98000e+02 1.24838e-11 0.00000e+00
6.99000e+02 1.25503e-11 0.00000e+00
7.00000e+02 1.37879e-11 0.00000e+00
7.01000e+02 1.38608e-11 0.00000e+00
7.02000e+02 1.22509e-11 0.00000e+00
7.03000e+02 1.09820e-11 0.00000e+00
7.04000e+02 1.17419e-11 0.00000e+00
7.05000e+02 1.29287e-11 0.00000e+00
7.06000e+02 1.33378e-11 0.00000e+00
7.07000e+02 1.43037e-11 0.00000e+00
7.08000e+02 1.25653e-11 0.00000e+00
7.09000e+02 1.31856e-11 0.00000e+00
7.10000e+02 1.30547e-11 0.00000e+00
7.11000e+02 1.29948e-11 0.00000e+00
7.12000e+02 1.21745e-11 0.00000e+00
7.13000e+02 1.32925e-11 0.00000e+00
7.14000e+02 1.24830e-11 0.00000e+00
7.15000e+02 1.17947e-11 0.00000e+00
7.16000e+02 1.17325e-11 0.00000e+00
7.17000e+02 1.23227e-11 0.00000e+00
7.18000e+02 1.35692e-11 0.00000e+00
7.19000e+02 1.20649e-11 0.00000e+00
7.20000e+02 1.17969e-11 0.00000e+00
7.21000e+02 1.25473e-11 0.00000e+00
7.22000e+02 1.28138e-11 0.00000e+00
7.23000e+02 1.12379e-11 0.00000e+00
7.24000e+02 1.16837e-11 0.00000e+00
7.25000e+02 1.31394e-11 0.00000e+00
7.26000e+02 1.12012e-11 0.00000e+00
7.27000e+02 1.31972e-11 0.00000e+00
7.28000e+02 1.33852e-11 0.00000e+00
7.29000e+02 1.26362e-11 0.00000e+00
7.30000e+02 1.26998e-11 0.00000e+00
7.31000e+02 1.26155e-11 0.00000e+00
7.32000e+02 1.34313e-11 0.00000e+00
7.33000e+02 1.23264e-11 0.00000e+00
7.34000e+02 1.39631e-11 0.00000e+00
7.35000e+02 1.41687e-11 0.00000e+00
7.36000e+02 1.20572e-11 0.00000e+00
7.37000e+02 1.30667e-11 0.00000e+00
7.38000e+02 1.18907e-11 0.00000e+00
7.39000e+02 1.26090e-11 0.00000e+00
7.40000e+02 1.23751e-11 0.00000e+00
7.41000e+02 1.42017e-11 0.00000e+00
7.42000e+02 1.21172e-11 0.00000e+00
7.43000e+02 1.23746e-11 0.00000e+00
7.44000e+02 1.13556e-11 0.00000e+00
7.45000e+02 1.30901e-11 0.00000e+00
7.46000e+02 1.08820e-11 0.00000e+00
7.47000e+02 1.19095e-11 0.00000e+00
7.48000e+02 1.13463e-11 0.00000e+00
7.49000e+02 1.25687e-11 0.00000e+00
7.50000e+02 1.25772e-11 0.00000e+00
7.51000e+02 1.26229e-11 0.00000e+00
7.52000e+02 1.20612e-11 0.00000e+00
7.53000e+02 1.24514e-11 0.00000e+00
7.54000e+02 1.28757e-11 0.00000e+00
7.55000e+02 1.11903e-11 0.00000e+00
7.56000e+02 1.20819e-11 0.00000e+00
7.57000e+02 1.30601e-11 0.00000e+00
7.58000e+02 1.25170e-11 0.00000e+00
7.59000e+02 1.25827e-11 0.00000e+00
7.60000e+02 1.24610e-11 0.00000e+00
7.61000e+02 1.20359e-11 0.00000e+00
7.62000e+02 1.19333e-11 0.00000e+00
7.63000e+02 1.10118e-11 0.00000e+00
7.64000e+02 1.18571e-11 0.00000e+00
7.65000e+02 1.22297e-11 0.00000e+00
7.66000e+02 1.11078e-11 0.00000e+00
7.67000e+02 1.31947e-11 0.00000e+00
7.68000e+02 1.19967e-11 0.00000e+00
7.69000e+02 1.08217e-11 0.00000e+00
7.70000e+02 1.22401e-11 0.00000e+00
7.71000e+02 1.18244e-11 0.00000e+00
7.72000e+02 1.19081e-11 0.00000e+00
7.73000e+02 1.19148e-11 0.00000e+00
7.74000e+02 1.13181e-11 0.00000e+00
7.75000e+02 1.17368e-11 0.00000e+00
7.76000e+02 1.06574e-11 0.00000e+00
7.77000e+02 1.20244e-11 0.00000e+00
7.78000e+02 1.20520e-11 0.00000e+00
7.79000e+02 1.13632e-11 0.00000e+00
7.80000e+02 1.13167e-11 0.00000e+00
7.81000e+02 1.16567e-11 0.00000e+00
7.82000e+02 1.27741e-11 0.00000e+00
7.83000e+02 1.08790e-11 0.00000e+00
7.84000e+02 1.10771e-11 0.00000e+00
7.85000e+02 1.12165e-11 0.00000e+00
7.86000e+02 1.07186e-11 0.00000e+00
7.87000e+02 1.27139e-11 0.00000e+00
7.88000e+02 1.19251e-11 0.00000e+00
7.89000e+02 1.11229e-11 0.00000e+00
7.90000e+02 1.23897e-11 0.00000e+00
7.91000e+02 1.12897e-11 0.00000e+00
7.92000e+02 1.09555e-11 0.00000e+00
7.93000e+02 1.04941e-11 0.00000e+00
7.94000e+02 1.15704e-11 0.00000e+00
7.95000e+02 1.02177e-11 0.00000e+00
7.96000e+02 1.15353e-11 0.00000e+00
7.97000e+02 1.10091e-11 0.00000e+00
7.98000e+02 1.13239e-11 0.00000e+00
7.99000e+02 1.05078e-11 0.00000e+00
8.00000e+02 1.19450e-11 0.00000e+00
8.01000e+02 1.22627e-11 0.00000e+00
8.02000e+02 1.19984e-11 0.00000e+00
8.03000e+02 9.93791e-12 0.00000e+00
8.04000e+02 1.16190e-11 0.00000e+00
8.05000e+02 1.04156e-11 0.00000e+00
8.06000e+02 1.20469e-11 0.00000e+00
8.07000e+02 1.10834e-11 0.00000e+00
8.08000e+02 1.13297e-11 0.00000e+00
8.09000e+02 1.13226e-11 0.00000e+00
8.10000e+02 1.24409e-11 0.00000e+00
8.11000e+02 1.16006e-11 0.00000e+00
8.12000e+02 1.03307e-11 0.00000e+00
8.13000e+02 1.06897e-11 0.00000e+00
8.14000e+02 1.13648e-11 0.00000e+00
8.15000e+02 1.05670e-11 0.00000e+00
8.16000e+02 1.06739e-11 0.00000e+00
8.17000e+02 1.05878e-11 0.00000e+00
8.18000e+02 1.07181e-11 0.00000e+00
8.19000e+02 1.14042e-11 0.00000e+00
8.20000e+02 1.16336e-11 0.00000e+00
8.21000e+02 1.11763e-11 0.00000e+00
8.22000e+02 1.07462e-11 0.00000e+00
8.23000e+02 1.13118e-11 0.00000e+00
8.24000e+02 1.06857e-11 0.00000e+00
8.25000e+02 1.11610e-11 0.00000e+00
8.26000e+02 1.09967e-11 0.00000e+00
8.27000e+02 1.21458e-11 0.00000e+00
8.28000e+02 1.06858e-11 0.00000e+00
8.29000e+02 1.11224e-11 0.00000e+00
8.30000e+02 1.15481e-11 0.00000e+00
8.31000e+02 1.10195e-11 0.00000e+00
8.32000e+02 1.05708e-11 0.00000e+00
8.33000e+02 9.64125e-12 0.00000e+00
8.34000e+02 1.08827e-11 0.00000e+00
8.35000e+02 1.14878e-11 0.00000e+00
8.36000e+02 1.05842e-11 0.00000e+00
8.37000e+02 1.06969e-11 0.00000e+00
8.38000e+02 1.01351e-11 0.00000e+00
8.39000e+02 1.07939e-11 0.00000e+00
8.40000e+02 1.03653e-11 0.00000e+00
8.41000e+02 1.08408e-11 0.00000e+00
8.42000e+02 1.04895e-11 0.00000e+00
8.43000e+02 1.11139e-11 0.00000e+00
8.44000e+02 1.02709e-11 0.00000e+00
8.45000e+02 1.11137e-11 0.00000e+00
8.46000e+02 1.17850e-11 0.00000e+00
8.47000e+02 1.03765e-11 0.00000e+00
8.48000e+02 1.08307e-11 0.00000e+00
8.49000e+02 1.00588e-11 0.00000e+00
8.50000e+02 1.04958e-11 0.00000e+00
8.51000e+02 1.05834e-11 0.00000e+00
8.52000e+02 1.06719e-11 0.00000e+00
8.53000e+02 1.04702e-11 0.00000e+00
8.54000e+02 1.04599e-11 0.00000e+00
8.55000e+02 1.05948e-11 0.00000e+00
8.56000e+02 1.11338e-11 0.00000e+00
8.57000e+02 1.03332e-11 0.00000e+00
8.58000e+02 1.09092e-11 0.00000e+00
8.59000e+02 1.06122e-11 0.00000e+00
8.60000e+02 1.00966e-11 0.00000e+00
8.61000e+02 1.01594e-11 0.00000e+00
8.62000e+02 9.99508e-12 0.00000e+00
8.63000e+02 1.02390e-11 0.00000e+00
8.64000e+02 9.77225e-12 0.00000e+00
8.65000e+02 9.75677e-12 0.00000e+00
8.66000e+02 1.06730e-11 0.00000e+00
8.67000e+02 1.01053e-11 0.00000e+00
8.68000e+02 9.68627e-12 0.00000e+00
8.69000e+02 1.04753e-11 0.00000e+00
8.70000e+02 1.10662e-11 0.00000e+00
8.71000e+02 9.88170e-12 0.00000e+00
8.72000e+02 1.00510e-11 0.00000e+00
8.73000e+02 1.05530e-11 0.00000e+00
8.74000e+02 9.12202e-12 0.00000e+00
8.75000e+02 9.99368e-12 0.00000e+00
8.76000e+02 9.43170e-12 0.00000e+00
8.77000e+02 1.02899e-11 0.00000e+00
8.78000e+02 1.03344e-11 0.00000e+00
8.79000e+02 1.01160e-11 0.00000e+00
8.80000e+02 1.03613e-11 0.00000e+00
8.81000e+02 9.58285e-12 0.00000e+00
8.82000e+02 1.01536e-11 0.00000e+00
8.83000e+02 8.89151e-12 0.00000e+00
8.84000e+02 1.06552e-11 0.00000e+00
8.85000e+02 9.85987e-12 0.00000e+00
8.86000e+02 1.00723e-11 0.00000e+00
8.87000e+02 1.01903e-11 0.00000e+00
8.88000e+02 1.00042e-11 0.00000e+00
8.89000e+02 9.85748e-12 0.00000e+00
8.90000e+02 9.45327e-12 0.00000e+00
8.91000e+02 9.96834e-12 0.00000e+00
8.92000e+02 1.05605e-11 0.00000e+00
8.93000e+02 1.03649e-11 0.00000e+00
8.94000e+02 9.88096e-12 0.00000e+00
8.95000e+02 1.03706e-11 0.00000e+00
8.96000e+02 9.94229e-12 0.00000e+00
8.97000e+02 1.02246e-11 0.00000e+00
8.98000e+02 1.00689e-11 0.00000e+00
8.99000e+02 1.02805e-11 0.00000e+00
9.00000e+02 1.04895e-11 0.00000e+00
9.01000e+02 9.93481e-12 0.00000e+00
9.02000e+02 9.78279e-12 0.00000e+00
9.03000e+02 1.03593e-11 0.00000e+00
9.04000e+02 9.49075e-12 0.00000e+00
9.05000e+02 1.02668e-11 0.00000e+00
9.06000e+02 9.65598e-12 0.00000e+00
9.07000e+02 1.07310e-11 0.00000e+00
9.08000e+02 9.24534e-12 0.00000e+00
9.09000e+02 9.66007e-12 0.00000e+00
9.10000e+02 1.00509e-11 0.00000e+00
9.11000e+02 9.37514e-12 0.00000e+00
9.12000e+02 9.67428e-12 0.00000e+00
9.13000e+02 9.46066e-12 0.00000e+00
9.14000e+02 9.66930e-12 0.00000e+00
9.15000e+02 9.84706e-12 0.00000e+00
9.16000e+02 9.58508e-12 0.00000e+00
9.17000e+02 9.43621e-12 0.00000e+00
9.18000e+02 9.98416e-12 0.00000e+00
9.19000e+02 9.51002e-12 0.00000e+00
9.20000e+02 9.24294e-12 0.00000e+00
9.21000e+02 9.91431e-12 0.00000e+00
9.22000e+02 9.96920e-12 0.00000e+00
9.23000e+02 9.25873e-12 0.00000e+00
9.24000e+02 1.01288e-11 0.00000e+00
9.25000e+02 9.99907e-12 0.00000e+00
9.26000e+02 9.38968e-12 0.00000e+00
9.27000e+02 9.94530e-12 0.00000e+00
9.28000e+02 9.09553e-12 0.00000e+00
9.29000e+02 9.12681e-12 0.00000e+00
9.30000e+02 9.28259e-12 0.00000e+00
9.31000e+02 9.78421e-12 0.00000e+00
9.32000e+02 9.03813e-12 0.00000e+00
9.33000e+02 9.44611e-12 0.00000e+00
9.34000e+02 8.88751e-12 0.00000e+00
9.35000e+02 8.38567e-12 0.00000e+00
9.36000e+02 9.89781e-12 0.00000e+00
9.37000e+02 9.09208e-12 0.00000e+00
9.38000e+02 9.28952e-12 0.00000e+00
9.39000e+02 9.60227e-12 0.00000e+00
9.40000e+02 9.91972e-12 0.00000e+00
9.41000e+02 9.13183e-12 0.00000e+00
9.42000e+02 9.37578e-12 0.00000e+00
9.43000e+02 9.19748e-12 0.00000e+00
9.44000e+02 9.51235e-12 0.00000e+00
9.45000e+02 8.90940e-12 0.00000e+00
9.46000e+02 9.27225e-12 0.00000e+00
9.47000e+02 8.86215e-12 0.00000e+00
9.48000e+02 9.01936e-12 0.00000e+00
9.49000e+02 9.67225e-12 0.00000e+00
9.50000e+02 9.27400e-12 0.00000e+00
9.51000e+02 8.97626e-12 0.00000e+00
9.52000e+02 8.29321e-12 0.00000e+00
9.53000e+02 8.67171e-12 0.00000e+00
9.54000e+02 8.50543e-12 0.00000e+00
9.55000e+02 1.02491e-11 0.00000e+00
9.56000e+02 9.35368e-12 0.00000e+00
9.57000e+02 8.29061e-12 0.00000e+00
9.58000e+02 8.44377e-12 0.00000e+00
9.59000e+02 8.87285e-12 0.00000e+00
9.60000e+02 8.98824e-12 0.00000e+00
9.61000e+02 9.34548e-12 0.00000e+00
9.62000e+02 8.71745e-12 0.00000e+00
9.63000e+02 8.72884e-12 0.00000e+00
9.64000e+02 9.27222e-12 0.00000e+00
9.65000e+02 9.19919e-12 0.00000e+00
9.66000e+02 8.49771e-12 0.00000e+00
9.67000e+02 8.72153e-12 0.00000e+00
9.68000e+02 8.52466e-12 0.00000e+00
9.69000e+02 9.29454e-12 0.00000e+00
9.70000e+02 9.01795e-12 0.00000e+00
9.71000e+02 9.91671e-12 0.00000e+00
9.72000e+02 8.69266e-12 0.00000e+00
9.73000e+02 8.22395e-12 0.00000e+00
9.74000e+02 9.82011e-12 0.00000e+00
9.75000e+02 9.23718e-12 0.00000e+00
9.76000e+02 8.99547e-12 0.00000e+00
9.77000e+02 9.12310e-12 0.00000e+00
9.78000e+02 8.93296e-12 0.00000e+00
9.79000e+02 8.06425e-12 0.00000e+00
9.80000e+02 8.75742e-12 0.00000e+00
9.81000e+02 9.03241e-12 0.00000e+00
9.82000e+02 8.79541e-12 0.00000e+00
9.83000e+02 9.08574e-12 0.00000e+00
9.84000e+02 9.31136e-12 0.00000e+00
9.85000e+02 9.39231e-12 0.00000e+00
9.86000e+02 8.44796e-12 0.00000e+00
9.87000e+02 9.09720e-12 0.00000e+00
9.88000e+02 1.00832e-11 0.00000e+00
9.89000e+02 7.93347e-12 0.00000e+00
9.90000e+02 8.24300e-12 0.00000e+00
9.91000e+02 8.46626e-12 0.00000e+00
9.92000e+02 8.80441e-12 0.00000e+00
9.93000e+02 8.48699e-12 0.00000e+00
9.94000e+02 8.13260e-12 0.00000e+00
9.95000e+02 8.39389e-12 0.00000e+00
9.96000e+02 9.09813e-12 0.00000e+00
9.97000e+02 8.57431e-12 0.00000e+00
9.98000e+02 8.29441e-12 0.00000e+00
9.99000e+02 8.64121e-12 0.00000e+00
1.00000e+03 8.95608e-12 0.00000e+00
1.00100e+03 8.17585e-12 0.00000e+00
1.00200e+03 9.22896e-12 0.00000e+00
1.00300e+03 8.51097e-12 0.00000e+00
1.00400e+03 8.87538e-12 0.00000e+00
1.00500e+03 9.09649e-12 0.00000e+00
1.00600e+03 7.99788e-12 0.00000e+00
1.00700e+03 8.71036e-12 0.00000e+00
1.00800e+03 8.95458e-12 0.00000e+00
1.00900e+03 9.04577e-12 0.00000e+00
1.01000e+03 8.76157e-12 0.00000e+00
1.01100e+03 8.50429e-12 0.00000e+00
1.01200e+03 7.85901e-12 0.00000e+00
1.01300e+03 8.32218e-12 0.00000e+00
1.01400e+03 9.07415e-12 0.00000e+00
1.01500e+03 8.47145e-12 0.00000e+00
1.01600e+03 8.32148e-12 0.00000e+00
1.01700e+03 8.33012e-12 0.00000e+00
1.01800e+03 8.34336e-12 0.00000e+00
1.01900e+03 8.36778e-12 0.00000e+00
1.02000e+03 8.47409e-12 0.00000e+00
1.02100e+03 8.96968e-12 0.00000e+00
1.02200e+03 8.40299e-12 0.00000e+00
1.02300e+03 8.74651e-12 0.00000e+00
1.02400e+03 7.64032e-12 0.00000e+00
1.02500e+03 7.60316e-12 0.00000e+00
1.02600e+03 8.22854e-12 0.00000e+00
1.02700e+03 8.19642e-12 0.00000e+00
1.02800e+03 8.16164e-12 0.00000e+00
1.02900e+03 8.20127e-12 0.00000e+00
1.03000e+03 8.13820e-12 0.00000e+00
1.03100e+03 8.59763e-12 0.00000e+00
1.03200e+03 8.09988e-12 0.00000e+00
1.03300e+03 8.81025e-12 0.00000e+00
1.03400e+03 8.07462e-12 0.00000e+00
1.03500e+03 7.99574e-12 0.00000e+00
1.03600e+03 8.41605e-12 0.00000e+00
1.03700e+03 8.29273e-12 0.00000e+00
1.03800e+03 7.94709e-12 0.00000e+00
1.03900e+03 8.29814e-12 0.00000e+00
1.04000e+03 8.18184e-12 0.00000e+00
1.04100e+03 8.22458e-12 0.00000e+00
1.04200e+03 8.86719e-12 0.00000e+00
1.04300e+03 8.30378e-12 0.00000e+00
1.04400e+03 8.47415e-12 0.00000e+00
1.04500e+03 7.87574e-12 0.00000e+00
1.04600e+03 8.55642e-12 0.00000e+00
1.04700e+03 8.10474e-12 0.00000e+00
1.04800e+03 8.30263e-12 0.00000e+00
1.04900e+03 7.80031e-12 0.00000e+00
1.05000e+03 8.78605e-12 0.00000e+00
1.05100e+03 7.91256e-12 0.00000e+00
1.05200e+03 7.91161e-12 0.00000e+00
1.05300e+03 8.37440e-12 0.00000e+00
1.05400e+03 8.23425e-12 0.00000e+00
1.05500e+03 8.82208e-12 0.00000e+00
1.05600e+03 7.68526e-12 0.00000e+00
1.05700e+03 8.04886e-12 0.00000e+00
1.05800e+03 7.52949e-12 0.00000e+00
1.05900e+03 7.66889e-12 0.00000e+00
1.06000e+03 8.23262e-12 0.00000e+00
1.06100e+03 7.99793e-12 0.00000e+00
1.06200e+03 8.77727e-12 0.00000e+00
1.06300e+03 8.29728e-12 0.00000e+00
1.06400e+03 8.22426e-12 0.00000e+00
1.06500e+03 7.85519e-12 0.00000e+00
1.06600e+03 8.05546e-12 0.00000e+00
1.06700e+03 7.57337e-12 0.00000e+00
1.06800e+03 7.67872e-12 0.00000e+00
1.06900e+03 7.33327e-12 0.00000e+00
1.07000e+03 7.15202e-12 0.00000e+00
1.07100e+03 7.47567e-12 0.00000e+00
1.07200e+03 7.99086e-12 0.00000e+00
1.07300e+03 7.63219e-12 0.00000e+00
1.07400e+03 8.15676e-12 0.00000e+00
1.07500e+03 7.80194e-12 0.00000e+00
1.07600e+03 7.21806e-12 0.00000e+00
1.07700e+03 8.05935e-12 0.00000e+00
1.07800e+03 8.15286e-12 0.00000e+00
1.07900e+03 8.67013e-12 0.00000e+00
1.08000e+03 8.01870e-12 0.00000e+00
1.08100e+03 7.66502e-12 0.00000e+00
1.08200e+03 7.70697e-12 0.00000e+00
1.08300e+03 6.95891e-12 0.00000e+00
1.08400e+03 7.66781e-12 0.00000e+00
1.08500e+03 8.27315e-12 0.00000e+00
1.08600e+03 8.16799e-12 0.00000e+00
1.08700e+03 7.95104e-12 0.00000e+00
1.08800e+03 8.09436e-12 0.00000e+00
1.08900e+03 7.68734e-12 0.00000e+00
1.09000e+03 8.33397e-12 0.00000e+00
1.09100e+03 6.87353e-12 0.00000e+00
1.09200e+03 7.81468e-12 0.00000e+00
1.09300e+03 7.79694e-12 0.00000e+00
1.09400e+03 8.03977e-12 0.00000e+00
1.09500e+03 7.60392e-12 0.00000e+00
1.09600e+03 8.14851e-12 0.00000e+00
1.09700e+03 7.27385e-12 0.00000e+00
1.09800e+03 7.81480e-12 0.00000e+00
1.09900e+03 7.87691e-12 0.00000e+00
1.10000e+03 7.67367e-12 0.00000e+00
1.10100e+03 8.03287e-12 0.00000e+00
1.10200e+03 7.42114e-12 0.00000e+00
1.10300e+03 7.55955e-12 0.00000e+00
1.10400e+03 7.77820e-12 0.00000e+00
1.10500e+03 7.05348e-12 0.00000e+00
1.10600e+03 7.88323e-12 0.00000e+00
1.10700e+03 7.34914e-12 0.00000e+00
1.10800e+03 7.82933e-12 0.00000e+00
1.10900e+03 7.51399e-12 0.00000e+00
1.11000e+03 7.44170e-12 0.00000e+00
1.11100e+03 7.69546e-12 0.00000e+00
1.11200e+03 7.51653e-12 0.00000e+00
1.11300e+03 7.51517e-12 0.00000e+00
1.11400e+03 7.05027e-12 0.00000e+00
1.11500e+03 7.51732e-12 0.00000e+00
1.11600e+03 7.13897e-12 0.00000e+00
1.11700e+03 7.83071e-12 0.00000e+00
1.11800e+03 7.62315e-12 0.00000e+00
1.11900e+03 7.37807e-12 0.00000e+00
1.12000e+03 7.15637e-12 0.00000e+00
1.12100e+03 7.95209e-12 0.00000e+00
1.12200e+03 7.54288e-12 0.00000e+00
1.12300e+03 7.44625e-12 0.00000e+00
1.12400e+03 7.29510e-12 0.00000e+00
1.12500e+03 7.34017e-12 0.00000e+00
1.12600e+03 7.34149e-12 0.00000e+00
1.12700e+03 7.42003e-12 0.00000e+00
1.12800e+03 7.46207e-12 0.00000e+00
1.12900e+03 7.72417e-12 0.00000e+00
1.13000e+03 7.13575e-12 0.00000e+00
1.13100e+03 7.41939e-12 0.00000e+00
1.13200e+03 7.01992e-12 0.00000e+00
1.13300e+03 7.60729e-12 0.00000e+00
1.13400e+03 6.94915e-12 0.00000e+00
1.13500e+03 6.89204e-12 0.00000e+00
1.13600e+03 6.81916e-12 0.00000e+00
1.13700e+03 7.35306e-12 0.00000e+00
1.13800e+03 7.97843e-12 0.00000e+00
1.13900e+03 7.44474e-12 0.00000e+00
1.14000e+03 7.74038e-12 0.00000e+00
1.14100e+03 7.24691e-12 0.00000e+00
1.14200e+03 6.98926e-12 0.00000e+00
1.14300e+03 7.25840e-12 0.00000e+00
1.14400e+03 6.89723e-12 0.00000e+00
1.14500e+03 7.37130e-12 0.00000e+00
1.14600e+03 7.14962e-12 0.00000e+00
1.14700e+03 7.45208e-12 0.00000e+00
1.14800e+03 7.02817e-12 0.00000e+00
1.14900e+03 6.69815e-12 0.00000e+00
1.15000e+03 7.71355e-12 0.00000e+00
1.15100e+03 7.32293e-12 0.00000e+00
1.15200e+03 7.12331e-12 0.00000e+00
1.15300e+03 7.31690e-12 0.00000e+00
1.15400e+03 7.21239e-12 0.00000e+00
1.15500e+03 6.75820e-12 0.00000e+00
1.15600e+03 7.28260e-12 0.00000e+00
1.15700e+03 7.44936e-12 0.00000e+00
1.15800e+03 6.76368e-12 0.00000e+00
1.15900e+03 7.18655e-12 0.00000e+00
1.16000e+03 6.59593e-12 0.00000e+00
1.16100e+03 6.99876e-12 0.00000e+00
1.16200e+03 7.08921e-12 0.00000e+00
1.16300e+03 7.02188e-12 0.00000e+00
1.16400e+03 6.99336e-12 0.00000e+00
1.16500e+03 7.02625e-12 0.00000e+00
1.16600e+03 7.44971e-12 0.00000e+00
1.16700e+03 6.99692e-12 0.00000e+00
1.16800e+03 6.75956e-12 0.00000e+00
1.16900e+03 7.23478e-12 0.00000e+00
1.17000e+03 6.58482e-12 0.00000e+00
1.17100e+03 6.97830e-12 0.00000e+00
1.17200e+03 7.23471e-12 0.00000e+00
1.17300e+03 6.97151e-12 0.00000e+00
1.17400e+03 7.73119e-12 0.00000e+00
1.17500e+03 7.12165e-12 0.00000e+00
1.17600e+03 6.78809e-12 0.00000e+00
1.17700e+03 6.92892e-12 0.00000e+00
1.17800e+03 6.72150e-12 0.00000e+00
1.17900e+03 6.37038e-12 0.00000e+00
1.18000e+03 7.03690e-12 0.00000e+00
1.18100e+03 6.99737e-12 0.00000e+00
1.18200e+03 7.06650e-12 0.00000e+00
1.18300e+03 6.80725e-12 0.00000e+00
1.18400e+03 6.67779e-12 0.00000e+00
1.18500e+03 6.96124e-12 0.00000e+00
1.18600e+03 6.52696e-12 0.00000e+00
1.18700e+03 6.91360e-12 0.00000e+00
1.18800e+03 6.58816e-12 0.00000e+00
1.18900e+03 6.60168e-12 0.00000e+00
1.19000e+03 6.62968e-12 0.00000e+00
1.19100e+03 7.43094e-12 0.00000e+00
1.19200e+03 6.91642e-12 0.00000e+00
1.19300e+03 6.47855e-12 0.00000e+00
1.19400e+03 6.54352e-12 0.00000e+00
1.19500e+03 6.94237e-12 0.00000e+00
1.19600e+03 6.89195e-12 0.00000e+00
1.19700e+03 7.35862e-12 0.00000e+00
1.19800e+03 6.70430e-12 0.00000e+00
1.19900e+03 6.93836e-12 0.00000e+00
1.20000e+03 6.54839e-12 0.00000e+00
1.20100e+03 6.85420e-12 0.00000e+00
1.20200e+03 6.04017e-12 0.00000e+00
1.20300e+03 7.13327e-12 0.00000e+00
1.20400e+03 7.06224e-12 0.00000e+00
1.20500e+03 6.66076e-12 0.00000e+00
1.20600e+03 6.96970e-12 0.00000e+00
1.20700e+03 6.89466e-12 0.00000e+00
1.20800e+03 6.79005e-12 0.00000e+00
1.20900e+03 6.17175e-12 0.00000e+00
1.21000e+03 6.98563e-12 0.00000e+00
1.21100e+03 6.19636e-12 0.00000e+00
1.21200e+03 6.87280e-12 0.00000e+00
1.21300e+03 6.80661e-12 0.00000e+00
1.21400e+03 6.49180e-12 0.00000e+00
1.21500e+03 6.73408e-12 0.00000e+00
1.21600e+03 6.65969e-12 0.00000e+00
1.21700e+03 6.56122e-12 0.00000e+00
1.21800e+03 6.40414e-12 0.00000e+00
1.21900e+03 6.75109e-12 0.00000e+00
1.22000e+03 6.98822e-12 0.00000e+00
1.22100e+03 6.50623e-12 0.00000e+00
1.22200e+03 6.69214e-12 0.00000e+00
1.22300e+03 6.37077e-12 0.00000e+00
1.22400e+03 6.81612e-12 0.00000e+00
1.22500e+03 6.12731e-12 0.00000e+00
1.22600e+03 6.62283e-12 0.00000e+00
1.22700e+03 6.19870e-12 0.00000e+00
1.22800e+03 6.92134e-12 0.00000e+00
1.22900e+03 6.65822e-12 0.00000e+00
1.23000e+03 6.52593e-12 0.00000e+00
1.23100e+03 6.78015e-12 0.00000e+00
1.23200e+03 6.94779e-12 0.00000e+00
1.23300e+03 5.97157e-12 0.00000e+00
1.23400e+03 6.65206e-12 0.00000e+00
1.23500e+03 5.84363e-12 0.00000e+00
1.23600e+03 6.71865e-12 0.00000e+00
1.23700e+03 6.80944e-12 0.00000e+00
1.23800e+03 5.99456e-12 0.00000e+00
1.23900e+03 6.37532e-12 0.00000e+00
1.24000e+03 6.31127e-12 0.00000e+00
1.24100e+03 5.88312e-12 0.00000e+00
1.24200e+03 5.91737e-12 0.00000e+00
1.24300e+03 6.01437e-12 0.00000e+00
1.24400e+03 6.54680e-12 0.00000e+00
1.24500e+03 6.10610e-12 0.00000e+00
1.24600e+03 5.62967e-12 0.00000e+00
1.24700e+03 6.72379e-12 0.00000e+00
1.24800e+03 6.08693e-12 0.00000e+00
1.24900e+03 6.12927e-12 0.00000e+00
1.25000e+03 6.32189e-12 0.00000e+00
1.25100e+03 5.96355e-12 0.00000e+00
1.25200e+03 6.22024e-12 0.00000e+00
1.25300e+03 6.67955e-12 0.00000e+00
1.25400e+03 6.21566e-12 0.00000e+00
1.25500e+03 5.67659e-12 0.00000e+00
1.25600e+03 6.25078e-12 0.00000e+00
1.25700e+03 6.00998e-12 0.00000e+00
1.25800e+03 6.61784e-12 0.00000e+00
1.25900e+03 6.00667e-12 0.00000e+00
1.26000e+03 6.25362e-12 0.00000e+00
1.26100e+03 6.66740e-12 0.00000e+00
1.26200e+03 6.34226e-12 0.00000e+00
1.26300e+03 6.17730e-12 0.00000e+00
1.26400e+03 6.46544e-12 0.00000e+00
1.26500e+03 6.05067e-12 0.00000e+00
1.26600e+03 6.81596e-12 0.00000e+00
1.26700e+03 6.16381e-12 0.00000e+00
1.26800e+03 6.63218e-12 0.00000e+00
1.26900e+03 6.11802e-12 0.00000e+00
1.27000e+03 6.00267e-12 0.00000e+00
1.27100e+03 6.08959e-12 0.00000e+00
1.27200e+03 6.89746e-12 0.00000e+00
1.27300e+03 6.10045e-12 0.00000e+00
1.27400e+03 6.06130e-12 0.00000e+00
1.27500e+03 5.90131e-12 0.00000e+00
1.27600e+03 6.41545e-12 0.00000e+00
1.27700e+03 6.03725e-12 0.00000e+00
1.27800e+03 5.71522e-12 0.00000e+00
1.27900e+03 5.98016e-12 0.00000e+00
1.28000e+03 6.36995e-12 0.00000e+00
1.28100e+03 6.26380e-12 0.00000e+00
1.28200e+03 6.49412e-12 0.00000e+00
1.28300e+03 5.98385e-12 0.00000e+00
1.28400e+03 6.07697e-12 0.00000e+00
1.28500e+03 6.19153e-12 0.00000e+00
1.28600e+03 5.68912e-12 0.00000e+00
1.28700e+03 5.61839e-12 0.00000e+00
1.28800e+03 6.20817e-12 0.00000e+00
1.28900e+03 6.21919e-12 0.00000e+00
1.29000e+03 6.05920e-12 0.00000e+00
1.29100e+03 5.68005e-12 0.00000e+00
1.29200e+03 6.10086e-12 0.00000e+00
1.29300e+03 6.16633e-12 0.00000e+00
1.29400e+03 6.40342e-12 0.00000e+00
1.29500e+03 6.18997e-12 0.00000e+00
1.29600e+03 5.73152e-12 0.00000e+00
1.29700e+03 5.58493e-12 0.00000e+00
1.29800e+03 5.69509e-12 0.00000e+00
1.29900e+03 5.85055e-12 0.00000e+00
1.30000e+03 5.74997e-12 0.00000e+00
1.30100e+03 5.99283e-12 0.00000e+00
1.30200e+03 6.07057e-12 0.00000e+00
1.30300e+03 5.81410e-12 0.00000e+00
1.30400e+03 5.84311e-12 0.00000e+00
1.30500e+03 5.79649e-12 0.00000e+00
1.30600e+03 5.95890e-12 0.00000e+00
1.30700e+03 5.66283e-12 0.00000e+00
1.30800e+03 5.73146e-12 0.00000e+00
1.30900e+03 5.76743e-12 0.00000e+00
1.31000e+03 5.73663e-12 0.00000e+00
1.31100e+03 5.77664e-12 0.00000e+00
1.31200e+03 6.02696e-12 0.00000e+00
1.31300e+03 5.43873e-12 0.00000e+00
1.31400e+03 5.78636e-12 0.00000e+00
1.31500e+03 5.56699e-12 0.00000e+00
1.31600e+03 5.63884e-12 0.00000e+00
1.31700e+03 5.77326e-12 0.00000e+00
1.31800e+03 5.93012e-12 0.00000e+00
1.31900e+03 5.60444e-12 0.00000e+00
1.32000e+03 5.51470e-12 0.00000e+00
1.32100e+03 5.85340e-12 0.00000e+00
1.32200e+03 5.81964e-12 0.00000e+00
1.32300e+03 5.85576e-12 0.00000e+00
1.32400e+03 5.71047e-12 0.00000e+00
1.32500e+03 5.56548e-12 0.00000e+00
1.32600e+03 5.62247e-12 0.00000e+00
1.32700e+03 5.65639e-12 0.00000e+00
1.32800e+03 5.46711e-12 0.00000e+00
1.32900e+03 5.69070e-12 0.00000e+00
1.33000e+03 5.14547e-12 0.00000e+00
1.33100e+03 5.38696e-12 0.00000e+00
1.33200e+03 6.25351e-12 0.00000e+00
1.33300e+03 5.87943e-12 0.00000e+00
1.33400e+03 5.53943e-12 0.00000e+00
1.33500e+03 5.17441e-12 0.00000e+00
1.33600e+03 5.71379e-12 0.00000e+00
1.33700e+03 5.59680e-12 0.00000e+00
1.33800e+03 5.36341e-12 0.00000e+00
1.33900e+03 5.23771e-12 0.00000e+00
1.34000e+03 5.90062e-12 0.00000e+00
1.34100e+03 5.45882e-12 0.00000e+00
1.34200e+03 5.69792e-12 0.00000e+00
1.34300e+03 5.65776e-12 0.00000e+00
1.34400e+03 5.77938e-12 0.00000e+00
1.34500e+03 5.47380e-12 0.00000e+00
1.34600e+03 5.61783e-12 0.00000e+00
1.34700e+03 5.53892e-12 0.00000e+00
1.34800e+03 5.47345e-12 0.00000e+00
1.34900e+03 5.28324e-12 0.00000e+00
1.35000e+03 5.56847e-12 0.00000e+00
1.35100e+03 5.48488e-12 0.00000e+00
1.35200e+03 5.47479e-12 0.00000e+00
1.35300e+03 5.10148e-12 0.00000e+00
1.35400e+03 5.29311e-12 0.00000e+00
1.35500e+03 5.65123e-12 0.00000e+00
1.35600e+03 5.71386e-12 0.00000e+00
1.35700e+03 5.53801e-12 0.00000e+00
1.35800e+03 5.45591e-12 0.00000e+00
1.35900e+03 5.68237e-12 0.00000e+00
1.36000e+03 5.41036e-12 0.00000e+00
1.36100e+03 5.97273e-12 0.00000e+00
1.36200e+03 5.04475e-12 0.00000e+00
1.36300e+03 5.32623e-12 0.00000e+00
1.36400e+03 5.24469e-12 0.00000e+00
1.36500e+03 5.10846e-12 0.00000e+00
1.36600e+03 5.30312e-12 0.00000e+00
1.36700e+03 4.95377e-12 0.00000e+00
1.36800e+03 5.43981e-12 0.00000e+00
1.36900e+03 5.28826e-12 0.00000e+00
1.37000e+03 5.11357e-12 0.00000e+00
1.37100e+03 5.39025e-12 0.00000e+00
1.37200e+03 5.57652e-12 0.00000e+00
1.37300e+03 5.16476e-12 0.00000e+00
1.37400e+03 5.13754e-12 0.00000e+00
1.37500e+03 5.47098e-12 0.00000e+00
1.37600e+03 5.37039e-12 0.00000e+00
1.37700e+03 4.79926e-12 0.00000e+00
1.37800e+03 5.48600e-12 0.00000e+00
1.37900e+03 5.26675e-12 0.00000e+00
1.38000e+03 5.29900e-12 0.00000e+00
1.38100e+03 5.33901e-12 0.00000e+00
1.38200e+03 5.97637e-12 0.00000e+00
1.38300e+03 5.24538e-12 0.00000e+00
1.38400e+03 4.90912e-12 0.00000e+00
1.38500e+03 5.17639e-12 0.00000e+00
1.38600e+03 5.62509e-12 0.00000e+00
1.38700e+03 4.93993e-12 0.00000e+00
1.38800e+03 5.28303e-12 0.00000e+00
1.38900e+03 5.45856e-12 0.00000e+00
1.39000e+03 5.23250e-12 0.00000e+00
1.39100e+03 5.36926e-12 0.00000e+00
1.39200e+03 5.26242e-12 0.00000e+00
1.39300e+03 5.48550e-12 0.00000e+00
1.39400e+03 5.54495e-12 0.00000e+00
1.39500e+03 5.21996e-12 0.00000e+00
1.39600e+03 5.46662e-12 0.00000e+00
1.39700e+03 4.90441e-12 0.00000e+00
1.39800e+03 5.40374e-12 0.00000e+00
1.39900e+03 5.22624e-12 0.00000e+00
1.40000e+03 5.30890e-12 0.00000e+00
1.40100e+03 5.05430e-12 0.00000e+00
1.40200e+03 4.92648e-12 0.00000e+00
1.40300e+03 5.49821e-12 0.00000e+00
1.40400e+03 5.06012e-12 0.00000e+00
1.40500e+03 4.87148e-12 0.00000e+00
1.40600e+03 5.30780e-12 0.00000e+00
1.40700e+03 5.40832e-12 0.00000e+00
1.40800e+03 5.09981e-12 0.00000e+00
1.40900e+03 4.74642e-12 0.00000e+00
1.41000e+03 5.33027e-12 0.00000e+00
1.41100e+03 5.02872e-12 0.00000e+00
1.41200e+03 4.98110e-12 0.00000e+00
1.41300e+03 4.96305e-12 0.00000e+00
1.41400e+03 5.17817e-12 0.00000e+00
1.41500e+03 5.02907e-12 0.00000e+00
1.41600e+03 4.91942e-12 0.00000e+00
1.41700e+03 4.90259e-12 0.00000e+00
1.41800e+03 5.02688e-12 0.00000e+00
1.41900e+03 5.22733e-12 0.00000e+00
1.42000e+03 4.99401e-12 0.00000e+00
1.42100e+03 4.87860e-12 0.00000e+00
1.42200e+03 4.93386e-12 0.00000e+00
1.42300e+03 4.96406e-12 0.00000e+00
1.42400e+03 4.63356e-12 0.00000e+00
1.42500e+03 4.77473e-12 0.00000e+00
1.42600e+03 5.02013e-12 0.00000e+00
1.42700e+03 4.83369e-12 0.00000e+00
1.42800e+03 4.86660e-12 0.00000e+00
1.42900e+03 4.93751e-12 0.00000e+00
1.43000e+03 4.92851e-12 0.00000e+00
1.43100e+03 4.68299e-12 0.00000e+00
1.43200e+03 4.86965e-12 0.00000e+00
1.43300e+03 5.35483e-12 0.00000e+00
1.43400e+03 5.22052e-12 0.00000e+00
1.43500e+03 4.87991e-12 0.00000e+00
1.43600e+03 5.12007e-12 0.00000e+00
1.43700e+03 4.53435e-12 0.00000e+00
1.43800e+03 5.12189e-12 0.00000e+00
1.43900e+03 4.91216e-12 0.00000e+00
1.44000e+03 4.63066e-12 0.00000e+00
1.44100e+03 5.05879e-12 0.00000e+00
1.44200e+03 4.72748e-12 0.00000e+00
1.44300e+03 4.47673e-12 0.00000e+00
1.44400e+03 5.26843e-12 0.00000e+00
1.44500e+03 4.96847e-12 0.00000e+00
1.44600e+03 4.83339e-12 0.00000e+00
1.44700e+03 4.99230e-12 0.00000e+00
1.44800e+03 4.89508e-12 0.00000e+00
1.44900e+03 4.58088e-12 0.00000e+00
1.45000e+03 4.97880e-12 0.00000e+00
1.45100e+03 4.75441e-12 0.00000e+00
1.45200e+03 4.98919e-12 0.00000e+00
1.45300e+03 4.77205e-12 0.00000e+00
1.45400e+03 5.01365e-12 0.00000e+00
1.45500e+03 4.93371e-12 0.00000e+00
1.45600e+03 4.92639e-12 0.00000e+00
1.45700e+03 4.82747e-12 0.00000e+00
1.45800e+03 4.90086e-12 0.00000e+00
1.45900e+03 4.96725e-12 0.00000e+00
1.46000e+03 4.67427e-12 0.00000e+00
1.46100e+03 4.66654e-12 0.00000e+00
1.46200e+03 4.78293e-12 0.00000e+00
1.46300e+03 4.71824e-12 0.00000e+00
1.46400e+03 4.54484e-12 0.00000e+00
1.46500e+03 5.04691e-12 0.00000e+00
1.46600e+03 4.73408e-12 0.00000e+00
1.46700e+03 4.60292e-12 0.00000e+00
1.46800e+03 5.10276e-12 0.00000e+00
1.46900e+03 4.59876e-12 0.00000e+00
1.47000e+03 4.29012e-12 0.00000e+00
1.47100e+03 4.54895e-12 0.00000e+00
1.47200e+03 4.85662e-12 0.00000e+00
1.47300e+03 4.55336e-12 0.00000e+00
1.47400e+03 4.82346e-12 0.00000e+00
1.47500e+03 4.44201e-12 0.00000e+00
1.47600e+03 4.85166e-12 0.00000e+00
1.47700e+03 4.48268e-12 0.00000e+00
1.47800e+03 5.00575e-12 0.00000e+00
1.47900e+03 4.90133e-12 0.00000e+00
1.48000e+03 4.67625e-12 0.00000e+00
1.48100e+03 4.65177e-12 0.00000e+00
1.48200e+03 4.81762e-12 0.00000e+00
1.48300e+03 4.73291e-12 0.00000e+00
1.48400e+03 4.54356e-12 0.00000e+00
1.48500e+03 4.48209e-12 0.00000e+00
1.48600e+03 4.48654e-12 0.00000e+00
1.48700e+03 4.50999e-12 0.00000e+00
1.48800e+03 4.58430e-12 0.00000e+00
1.48900e+03 4.65901e-12 0.00000e+00
1.49000e+03 4.70414e-12 0.00000e+00
1.49100e+03 4.35711e-12 0.00000e+00
1.49200e+03 4.38185e-12 0.00000e+00
1.49300e+03 4.59860e-12 0.00000e+00
1.49400e+03 4.65498e-12 0.00000e+00
1.49500e+03 4.48455e-12 0.00000e+00
1.49600e+03 4.43047e-12 0.00000e+00
1.49700e+03 4.32915e-12 0.00000e+00
1.49800e+03 4.57272e-12 0.00000e+00
1.49900e+03 4.10222e-12 0.00000e+00
1.50000e+03 4.66766e-12 0.00000e+00
1.50100e+03 4.47399e-12 0.00000e+00
1.50200e+03 4.40054e-12 0.00000e+00
1.50300e+03 4.49056e-12 0.00000e+00
1.50400e+03 4.24316e-12 0.00000e+00
1.50500e+03 4.25179e-12 0.00000e+00
1.50600e+03 4.20894e-12 0.00000e+00
1.50700e+03 4.53754e-12 0.00000e+00
1.50800e+03 4.29891e-12 0.00000e+00
1.50900e+03 4.29215e-12 0.00000e+00
1.51000e+03 4.20477e-12 0.00000e+00
1.51100e+03 4.44098e-12 0.00000e+00
1.51200e+03 4.50755e-12 0.00000e+00
1.51300e+03 4.19433e-12 0.00000e+00
1.51400e+03 4.68535e-12 0.00000e+00
1.51500e+03 4.59634e-12 0.00000e+00
1.51600e+03 4.10704e-12 0.00000e+00
1.51700e+03 4.35895e-12 0.00000e+00
1.51800e+03 4.59831e-12 0.00000e+00
1.51900e+03 4.12600e-12 0.00000e+00
1.52000e+03 4.58466e-12 0.00000e+00
1.52100e+03 4.40316e-12 0.00000e+00
1.52200e+03 4.42243e-12 0.00000e+00
1.52300e+03 4.41407e-12 0.00000e+00
1.52400e+03 4.33912e-12 0.00000e+00
1.52500e+03 4.37081e-12 0.00000e+00
1.52600e+03 4.18550e-12 0.00000e+00
1.52700e+03 4.40344e-12 0.00000e+00
1.52800e+03 4.34956e-12 0.00000e+00
1.52900e+03 4.29469e-12 0.00000e+00
1.53000e+03 4.53039e-12 0.00000e+00
1.53100e+03 4.16559e-12 0.00000e+00
1.53200e+03 4.14873e-12 0.00000e+00
1.53300e+03 4.67434e-12 0.00000e+00
1.53400e+03 4.04078e-12 0.00000e+00
1.53500e+03 4.38777e-12 0.00000e+00
1.53600e+03 4.18470e-12 0.00000e+00
1.53700e+03 4.25593e-12 0.00000e+00
1.53800e+03 4.24595e-12 0.00000e+00
1.53900e+03 4.40970e-12 0.00000e+00
1.54000e+03 4.39727e-12 0.00000e+00
1.54100e+03 3.91212e-12 0.00000e+00
1.54200e+03 4.50311e-12 0.00000e+00
1.54300e+03 4.12451e-12 0.00000e+00
1.54400e+03 4.42681e-12 0.00000e+00
1.54500e+03 4.11913e-12 0.00000e+00
1.54600e+03 4.12579e-12 0.00000e+00
1.54700e+03 4.15727e-12 0.00000e+00
1.54800e+03 4.19298e-12 0.00000e+00
1.54900e+03 4.02787e-12 0.00000e+00
1.55000e+03 4.50339e-12 0.00000e+00
1.55100e+03 4.28209e-12 0.00000e+00
1.55200e+03 4.44062e-12 0.00000e+00
1.55300e+03 4.17278e-12 0.00000e+00
1.55400e+03 4.17775e-12 0.00000e+00
1.55500e+03 4.20616e-12 0.00000e+00
1.55600e+03 4.02731e-12 0.00000e+00
1.55700e+03 3.62409e-12 0.00000e+00
1.55800e+03 4.06155e-12 0.00000e+00
1.55900e+03 4.28542e-12 0.00000e+00
1.56000e+03 4.40371e-12 0.00000e+00
1.56100e+03 4.22267e-12 0.00000e+00
1.56200e+03 4.31481e-12 0.00000e+00
1.56300e+03 4.32812e-12 0.00000e+00
1.56400e+03 3.85350e-12 0.00000e+00
1.56500e+03 4.17336e-12 0.00000e+00
1.56600e+03 4.10691e-12 0.00000e+00
1.56700e+03 3.91952e-12 0.00000e+00
1.56800e+03 4.08974e-12 0.00000e+00
1.56900e+03 4.10657e-12 0.00000e+00
1.57000e+03 4.26427e-12 0.00000e+00
1.57100e+03 4.11804e-12 0.00000e+00
1.57200e+03 3.82378e-12 0.00000e+00
1.57300e+03 3.91537e-12 0.00000e+00
1.57400e+03 4.19241e-12 0.00000e+00
1.57500e+03 3.93122e-12 0.00000e+00
1.57600e+03 4.14890e-12 0.00000e+00
1.57700e+03 3.90273e-12 0.00000e+00
1.57800e+03 4.00095e-12 0.00000e+00
1.57900e+03 3.96378e-12 0.00000e+00
1.58000e+03 4.31552e-12 0.00000e+00
1.58100e+03 4.21820e-12 0.00000e+00
1.58200e+03 4.06858e-12 0.00000e+00
1.58300e+03 4.15424e-12 0.00000e+00
1.58400e+03 3.70816e-12 0.00000e+00
1.58500e+03 4.20358e-12 0.00000e+00
1.58600e+03 4.22116e-12 0.00000e+00
1.58700e+03 4.15577e-12 0.00000e+00
1.58800e+03 3.99954e-12 0.00000e+00
1.58900e+03 4.12479e-12 0.00000e+00
1.59000e+03 3.99484e-12 0.00000e+00
1.59100e+03 3.80487e-12 0.00000e+00
1.59200e+03 4.22620e-12 0.00000e+00
1.59300e+03 4.07492e-12 0.00000e+00
1.59400e+03 3.73688e-12 0.00000e+00
1.59500e+03 3.54911e-12 0.00000e+00
1.59600e+03 4.29892e-12 0.00000e+00
1.59700e+03 3.91423e-12 0.00000e+00
1.59800e+03 3.96142e-12 0.00000e+00
1.59900e+03 4.01524e-12 0.00000e+00
1.60000e+03 3.95565e-12 0.00000e+00
1.60100e+03 3.93494e-12 0.00000e+00
1.60200e+03 3.99042e-12 0.00000e+00
1.60300e+03 4.02908e-12 0.00000e+00
1.60400e+03 3.89808e-12 0.00000e+00
1.60500e+03 4.19285e-12 0.00000e+00
1.60600e+03 4.08363e-12 0.00000e+00
1.60700e+03 4.09663e-12 0.00000e+00
1.60800e+03 3.80052e-12 0.00000e+00
1.60900e+03 3.84934e-12 0.00000e+00
1.61000e+03 4.03207e-12 0.00000e+00
1.61100e+03 3.79638e-12 0.00000e+00
1.61200e+03 3.67488e-12 0.00000e+00
1.61300e+03 3.89612e-12 0.00000e+00
1.61400e+03 3.76531e-12 0.00000e+00
1.61500e+03 3.96499e-12 0.00000e+00
1.61600e+03 3.91063e-12 0.00000e+00
1.61700e+03 3.83056e-12 0.00000e+00
1.61800e+03 4.04996e-12 0.00000e+00
1.61900e+03 3.65104e-12 0.00000e+00
1.62000e+03 3.67428e-12 0.00000e+00
1.62100e+03 3.58043e-12 0.00000e+00
1.62200e+03 3.97074e-12 0.00000e+00
1.62300e+03 3.92583e-12 0.00000e+00
1.62400e+03 3.70701e-12 0.00000e+00
1.62500e+03 3.81894e-12 0.00000e+00
1.62600e+03 3.97336e-12 0.00000e+00
1.62700e+03 3.76524e-12 0.00000e+00
1.62800e+03 4.01845e-12 0.00000e+00
1.62900e+03 3.55541e-12 0.00000e+00
1.63000e+03 3.78522e-12 0.00000e+00
1.63100e+03 3.85902e-12 0.00000e+00
1.63200e+03 3.88632e-12 0.00000e+00
1.63300e+03 3.73072e-12 0.00000e+00
1.63400e+03 3.53674e-12 0.00000e+00
1.63500e+03 3.83267e-12 0.00000e+00
1.63600e+03 3.51838e-12 0.00000e+00
1.63700e+03 4.08637e-12 0.00000e+00
1.63800e+03 3.71553e-12 0.00000e+00
1.63900e+03 3.72222e-12 0.00000e+00
1.64000e+03 3.62462e-12 0.00000e+00
1.64100e+03 3.66535e-12 0.00000e+00
1.64200e+03 4.14391e-12 0.00000e+00
1.64300e+03 3.83814e-12 0.00000e+00
1.64400e+03 3.91000e-12 0.00000e+00
1.64500e+03 3.66542e-12 0.00000e+00
1.64600e+03 3.67452e-12 0.00000e+00
1.64700e+03 3.60994e-12 0.00000e+00
1.64800e+03 4.03179e-12 0.00000e+00
1.64900e+03 3.57696e-12 0.00000e+00
1.65000e+03 3.76765e-12 0.00000e+00
1.65100e+03 3.59844e-12 0.00000e+00
1.65200e+03 3.75408e-12 0.00000e+00
1.65300e+03 3.63507e-12 0.00000e+00
1.65400e+03 3.59624e-12 0.00000e+00
1.65500e+03 3.50036e-12 0.00000e+00
1.65600e+03 3.52114e-12 0.00000e+00
1.65700e+03 3.79979e-12 0.00000e+00
1.65800e+03 3.59645e-12 0.00000e+00
1.65900e+03 3.44038e-12 0.00000e+00
1.66000e+03 3.63517e-12 0.00000e+00
1.66100e+03 3.43027e-12 0.00000e+00
1.66200e+03 3.32791e-12 0.00000e+00
1.66300e+03 3.43176e-12 0.00000e+00
1.66400e+03 3.39528e-12 0.00000e+00
1.66500e+03 3.49258e-12 0.00000e+00
1.66600e+03 3.56738e-12 0.00000e+00
1.66700e+03 3.17115e-12 0.00000e+00
1.66800e+03 3.66348e-12 0.00000e+00
1.66900e+03 3.41895e-12 0.00000e+00
1.67000e+03 3.66107e-12 0.00000e+00
1.67100e+03 3.41353e-12 0.00000e+00
1.67200e+03 3.19863e-12 0.00000e+00
1.67300e+03 3.56982e-12 0.00000e+00
1.67400e+03 3.61104e-12 0.00000e+00
1.67500e+03 3.74143e-12 0.00000e+00
1.67600e+03 3.33489e-12 0.00000e+00
1.67700e+03 3.58559e-12 0.00000e+00
1.67800e+03 3.79919e-12 0.00000e+00
1.67900e+03 3.45898e-12 0.00000e+00
1.68000e+03 3.37733e-12 0.00000e+00
1.68100e+03 3.29251e-12 0.00000e+00
1.68200e+03 3.62388e-12 0.00000e+00
1.68300e+03 3.52080e-12 0.00000e+00
1.68400e+03 3.42523e-12 0.00000e+00
1.68500e+03 3.41343e-12 0.00000e+00
1.68600e+03 3.39671e-12 0.00000e+00
1.68700e+03 3.60760e-12 0.00000e+00
1.68800e+03 3.55757e-12 0.00000e+00
1.68900e+03 3.52283e-12 0.00000e+00
1.69000e+03 3.16179e-12 0.00000e+00
1.69100e+03 3.31241e-12 0.00000e+00
1.69200e+03 3.51685e-12 0.00000e+00
1.69300e+03 3.26258e-12 0.00000e+00
1.69400e+03 3.24727e-12 0.00000e+00
1.69500e+03 3.61540e-12 0.00000e+00
1.69600e+03 3.31030e-12 0.00000e+00
1.69700e+03 3.32200e-12 0.00000e+00
1.69800e+03 3.37175e-12 0.00000e+00
1.69900e+03 3.29656e-12 0.00000e+00
1.70000e+03 3.19373e-12 0.00000e+00
1.70100e+03 3.30975e-12 0.00000e+00
1.70200e+03 3.37400e-12 0.00000e+00
1.70300e+03 3.51236e-12 0.00000e+00
1.70400e+03 3.56573e-12 0.00000e+00
1.70500e+03 3.19265e-12 0.00000e+00
1.70600e+03 3.31685e-12 0.00000e+00
1.70700e+03 3.55475e-12 0.00000e+00
1.70800e+03 3.16682e-12 0.00000e+00
1.70900e+03 3.15675e-12 0.00000e+00
1.71000e+03 3.16111e-12 0.00000e+00
1.71100e+03 3.26040e-12 0.00000e+00
1.71200e+03 3.48410e-12 0.00000e+00
1.71300e+03 3.47233e-12 0.00000e+00
1.71400e+03 3.00268e-12 0.00000e+00
1.71500e+03 3.23618e-12 0.00000e+00
1.71600e+03 3.40815e-12 0.00000e+00
1.71700e+03 3.16150e-12 0.00000e+00
1.71800e+03 3.42436e-12 0.00000e+00
1.71900e+03 3.25879e-12 0.00000e+00
1.72000e+03 3.41472e-12 0.00000e+00
1.72100e+03 3.12584e-12 0.00000e+00
1.72200e+03 3.39209e-12 0.00000e+00
1.72300e+03 3.29170e-12 0.00000e+00
1.72400e+03 3.39823e-12 0.00000e+00
1.72500e+03 3.26432e-12 0.00000e+00
1.72600e+03 3.26784e-12 0.00000e+00
1.72700e+03 3.40517e-12 0.00000e+00
1.72800e+03 3.11828e-12 0.00000e+00
1.72900e+03 3.37960e-12 0.00000e+00
1.73000e+03 3.29245e-12 0.00000e+00
1.73100e+03 2.94593e-12 0.00000e+00
1.73200e+03 3.19549e-12 0.00000e+00
1.73300e+03 3.18362e-12 0.00000e+00
1.73400e+03 3.13605e-12 0.00000e+00
1.73500e+03 3.30835e-12 0.00000e+00
1.73600e+03 3.04934e-12 0.00000e+00
1.73700e+03 3.39695e-12 0.00000e+00
1.73800e+03 3.20486e-12 0.00000e+00
1.73900e+03 3.22192e-12 0.00000e+00
1.74000e+03 3.12568e-12 0.00000e+00
1.74100e+03 3.06917e-12 0.00000e+00
1.74200e+03 2.96940e-12 0.00000e+00
1.74300e+03 3.19410e-12 0.00000e+00
1.74400e+03 3.36241e-12 0.00000e+00
1.74500e+03 3.28765e-12 0.00000e+00
1.74600e+03 3.18881e-12 0.00000e+00
1.74700e+03 2.99521e-12 0.00000e+00
1.74800e+03 3.12993e-12 0.00000e+00
1.74900e+03 3.03710e-12 0.00000e+00
1.75000e+03 2.89902e-12 0.00000e+00
1.75100e+03 3.06477e-12 0.00000e+00
1.75200e+03 3.34412e-12 0.00000e+00
1.75300e+03 3.26557e-12 0.00000e+00
1.75400e+03 2.99383e-12 0.00000e+00
1.75500e+03 3.13115e-12 0.00000e+00
1.75600e+03 3.25872e-12 0.00000e+00
1.75700e+03 3.00740e-12 0.00000e+00
1.75800e+03 3.33266e-12 0.00000e+00
1.75900e+03 3.29993e-12 0.00000e+00
1.76000e+03 3.15672e-12 0.00000e+00
1.76100e+03 3.41629e-12 0.00000e+00
1.76200e+03 3.14024e-12 0.00000e+00
1.76300e+03 2.96689e-12 0.00000e+00
1.76400e+03 3.11351e-12 0.00000e+00
1.76500e+03 3.49717e-12 0.00000e+00
1.76600e+03 3.13395e-12 0.00000e+00
1.76700e+03 3.00565e-12 0.00000e+00
1.76800e+03 3.00222e-12 0.00000e+00
1.76900e+03 2.96126e-12 0.00000e+00
1.77000e+03 2.88511e-12 0.00000e+00
1.77100e+03 2.94253e-12 0.00000e+00
1.77200e+03 2.89764e-12 0.00000e+00
1.77300e+03 3.37758e-12 0.00000e+00
1.77400e+03 2.82228e-12 0.00000e+00
1.77500e+03 2.96274e-12 0.00000e+00
1.77600e+03 3.15202e-12 0.00000e+00
1.77700e+03 3.23518e-12 0.00000e+00
1.77800e+03 3.02601e-12 0.00000e+00
1.77900e+03 3.02373e-12 0.00000e+00
1.78000e+03 2.86924e-12 0.00000e+00
1.78100e+03 2.95450e-12 0.00000e+00
1.78200e+03 2.88288e-12 0.00000e+00
1.78300e+03 3.08493e-12 0.00000e+00
1.78400e+03 2.89403e-12 0.00000e+00
1.78500e+03 3.10424e-12 0.00000e+00
1.78600e+03 3.08629e-12 0.00000e+00
1.78700e+03 2.72984e-12 0.00000e+00
1.78800e+03 2.86779e-12 0.00000e+00
1.78900e+03 3.01747e-12 0.00000e+00
1.79000e+03 2.71699e-12 0.00000e+00
1.79100e+03 2.88883e-12 0.00000e+00
1.79200e+03 2.87059e-12 0.00000e+00
1.79300e+03 2.83737e-12 0.00000e+00
1.79400e+03 2.88319e-12 0.00000e+00
1.79500e+03 2.87309e-12 0.00000e+00
1.79600e+03 2.77287e-12 0.00000e+00
1.79700e+03 2.86371e-12 0.00000e+00
1.79800e+03 2.94832e-12 0.00000e+00
1.79900e+03 2.74701e-12 0.00000e+00
1.80000e+03 2.90432e-12 0.00000e+00
1.80100e+03 2.84824e-12 0.00000e+00
1.80200e+03 2.89932e-12 0.00000e+00
1.80300e+03 3.00828e-12 0.00000e+00
1.80400e+03 3.03812e-12 0.00000e+00
1.80500e+03 2.92175e-12 0.00000e+00
1.80600e+03 2.73420e-12 0.00000e+00
1.80700e+03 2.79928e-12 0.00000e+00
1.80800e+03 2.72186e-12 0.00000e+00
1.80900e+03 2.79749e-12 0.00000e+00
1.81000e+03 2.72223e-12 0.00000e+00
1.81100e+03 2.69852e-12 0.00000e+00
1.81200e+03 2.91216e-12 0.00000e+00
1.81300e+03 2.62272e-12 0.00000e+00
1.81400e+03 3.10375e-12 0.00000e+00
1.81500e+03 2.65367e-12 0.00000e+00
1.81600e+03 2.66038e-12 0.00000e+00
1.81700e+03 2.84104e-12 0.00000e+00
1.81800e+03 2.76391e-12 0.00000e+00
1.81900e+03 2.69078e-12 0.00000e+00
1.82000e+03 3.01517e-12 0.00000e+00
1.82100e+03 2.76664e-12 0.00000e+00
1.82200e+03 2.84367e-12 0.00000e+00
1.82300e+03 2.75521e-12 0.00000e+00
1.82400e+03 2.87133e-12 0.00000e+00
1.82500e+03 2.88967e-12 0.00000e+00
1.82600e+03 2.72605e-12 0.00000e+00
1.82700e+03 2.55977e-12 0.00000e+00
1.82800e+03 2.81025e-12 0.00000e+00
1.82900e+03 2.77804e-12 0.00000e+00
1.83000e+03 2.59048e-12 0.00000e+00
1.83100e+03 2.63518e-12 0.00000e+00
1.83200e+03 2.64082e-12 0.00000e+00
1.83300e+03 2.69792e-12 0.00000e+00
1.83400e+03 2.86072e-12 0.00000e+00
1.83500e+03 2.83348e-12 0.00000e+00
1.83600e+03 2.76643e-12 0.00000e+00
1.83700e+03 2.76468e-12 0.00000e+00
1.83800e+03 2.90977e-12 0.00000e+00
1.83900e+03 2.79015e-12 0.00000e+00
1.84000e+03 2.77875e-12 0.00000e+00
1.84100e+03 2.81027e-12 0.00000e+00
1.84200e+03 2.65377e-12 0.00000e+00
1.84300e+03 2.61561e-12 0.00000e+00
1.84400e+03 2.69042e-12 0.00000e+00
1.84500e+03 2.47439e-12 0.00000e+00
1.84600e+03 2.49471e-12 0.00000e+00
1.84700e+03 2.64260e-12 0.00000e+00
1.84800e+03 2.56473e-12 0.00000e+00
1.84900e+03 2.74383e-12 0.00000e+00
1.85000e+03 2.72643e-12 0.00000e+00
1.85100e+03 2.56774e-12 0.00000e+00
1.85200e+03 2.55821e-12 0.00000e+00
1.85300e+03 2.63216e-12 0.00000e+00
1.85400e+03 2.59576e-12 0.00000e+00
1.85500e+03 2.76812e-12 0.00000e+00
1.85600e+03 2.59180e-12 0.00000e+00
1.85700e+03 2.47175e-12 0.00000e+00
1.85800e+03 2.52257e-12 0.00000e+00
1.85900e+03 2.66868e-12 0.00000e+00
1.86000e+03 2.50995e-12 0.00000e+00
1.86100e+03 2.52715e-12 0.00000e+00
1.86200e+03 2.69043e-12 0.00000e+00
1.86300e+03 2.51385e-12 0.00000e+00
1.86400e+03 2.91458e-12 0.00000e+00
1.86500e+03 2.72406e-12 0.00000e+00
1.86600e+03 2.62849e-12 0.00000e+00
1.86700e+03 2.62316e-12 0.00000e+00
1.86800e+03 2.48617e-12 0.00000e+00
1.86900e+03 2.41401e-12 0.00000e+00
1.87000e+03 2.45069e-12 0.00000e+00
1.87100e+03 2.49849e-12 0.00000e+00
1.87200e+03 2.33792e-12 0.00000e+00
1.87300e+03 2.70745e-12 0.00000e+00
1.87400e+03 2.58262e-12 0.00000e+00
1.87500e+03 2.48539e-12 0.00000e+00
1.87600e+03 2.40858e-12 0.00000e+00
1.87700e+03 2.59660e-12 0.00000e+00
1.87800e+03 2.58763e-12 0.00000e+00
1.87900e+03 2.37437e-12 0.00000e+00
1.88000e+03 2.50388e-12 0.00000e+00
1.88100e+03 2.60978e-12 0.00000e+00
1.88200e+03 2.45214e-12 0.00000e+00
1.88300e+03 2.76211e-12 0.00000e+00
1.88400e+03 2.50795e-12 0.00000e+00
1.88500e+03 2.44329e-12 0.00000e+00
1.88600e+03 2.38607e-12 0.00000e+00
1.88700e+03 2.61834e-12 0.00000e+00
1.88800e+03 2.38141e-12 0.00000e+00
1.88900e+03 2.66958e-12 0.00000e+00
1.89000e+03 2.48310e-12 0.00000e+00
1.89100e+03 2.45640e-12 0.00000e+00
1.89200e+03 2.37007e-12 0.00000e+00
1.89300e+03 2.34540e-12 0.00000e+00
1.89400e+03 2.42841e-12 0.00000e+00
1.89500e+03 2.31979e-12 0.00000e+00
1.89600e+03 2.38749e-12 0.00000e+00
1.89700e+03 2.40773e-12 0.00000e+00
1.89800e+03 2.50904e-12 0.00000e+00
1.89900e+03 2.29208e-12 0.00000e+00
1.90000e+03 2.31839e-12 0.00000e+00
1.90100e+03 2.09656e-12 0.00000e+00
1.90200e+03 2.59263e-12 0.00000e+00
1.90300e+03 2.45715e-12 0.00000e+00
1.90400e+03 2.44086e-12 0.00000e+00
1.90500e+03 2.25417e-12 0.00000e+00
1.90600e+03 2.26995e-12 0.00000e+00
1.90700e+03 2.27490e-12 0.00000e+00
1.90800e+03 2.50312e-12 0.00000e+00
1.90900e+03 2.42510e-12 0.00000e+00
1.91000e+03 2.36101e-12 0.00000e+00
1.91100e+03 2.08884e-12 0.00000e+00
1.91200e+03 2.49173e-12 0.00000e+00
1.91300e+03 2.35595e-12 0.00000e+00
1.91400e+03 2.31150e-12 0.00000e+00
1.91500e+03 2.28932e-12 0.00000e+00
1.91600e+03 2.45884e-12 0.00000e+00
1.91700e+03 2.44728e-12 0.00000e+00
1.91800e+03 2.25231e-12 0.00000e+00
1.91900e+03 2.30588e-12 0.00000e+00
1.92000e+03 2.48271e-12 0.00000e+00
1.92100e+03 2.34621e-12 0.00000e+00
1.92200e+03 2.40065e-12 0.00000e+00
1.92300e+03 2.34171e-12 0.00000e+00
1.92400e+03 2.37081e-12 0.00000e+00
1.92500e+03 2.27189e-12 0.00000e+00
1.92600e+03 2.27021e-12 0.00000e+00
1.92700e+03 2.47648e-12 0.00000e+00
1.92800e+03 2.31999e-12 0.00000e+00
1.92900e+03 2.43950e-12 0.00000e+00
1.93000e+03 2.24925e-12 0.00000e+00
1.93100e+03 2.23188e-12 0.00000e+00
1.93200e+03 2.21061e-12 0.00000e+00
1.93300e+03 2.23585e-12 0.00000e+00
1.93400e+03 2.20755e-12 0.00000e+00
1.93500e+03 2.20585e-12 0.00000e+00
1.93600e+03 2.38955e-12 0.00000e+00
1.93700e+03 2.41530e-12 0.00000e+00
1.93800e+03 2.26129e-12 0.00000e+00
1.93900e+03 2.25848e-12 0.00000e+00
1.94000e+03 2.09623e-12 0.00000e+00
1.94100e+03 2.39687e-12 0.00000e+00
1.94200e+03 2.22657e-12 0.00000e+00
1.94300e+03 2.20580e-12 0.00000e+00
1.94400e+03 2.23266e-12 0.00000e+00
1.94500e+03 2.27827e-12 0.00000e+00
1.94600e+03 2.15666e-12 0.00000e+00
1.94700e+03 2.14356e-12 0.00000e+00
1.94800e+03 2.24382e-12 0.00000e+00
1.94900e+03 2.39092e-12 0.00000e+00
1.95000e+03 2.12286e-12 0.00000e+00
1.95100e+03 2.31012e-12 0.00000e+00
1.95200e+03 2.37960e-12 0.00000e+00
1.95300e+03 2.23036e-12 0.00000e+00
1.95400e+03 2.17411e-12 0.00000e+00
1.95500e+03 2.23672e-12 0.00000e+00
1.95600e+03 2.13523e-12 0.00000e+00
1.95700e+03 2.15568e-12 0.00000e+00
1.95800e+03 2.22483e-12 0.00000e+00
1.95900e+03 2.12361e-12 0.00000e+00
1.96000e+03 2.22550e-12 0.00000e+00
1.96100e+03 2.15923e-12 0.00000e+00
1.96200e+03 2.00193e-12 0.00000e+00
1.96300e+03 2.23745e-12 0.00000e+00
1.96400e+03 2.07214e-12 0.00000e+00
1.96500e+03 2.26637e-12 0.00000e+00
1.96600e+03 2.19018e-12 0.00000e+00
1.96700e+03 2.21532e-12 0.00000e+00
1.96800e+03 2.16781e-12 0.00000e+00
1.96900e+03 2.06272e-12 0.00000e+00
1.97000e+03 2.12435e-12 0.00000e+00
1.97100e+03 2.12910e-12 0.00000e+00
1.97200e+03 2.08115e-12 0.00000e+00
1.97300e+03 2.11868e-12 0.00000e+00
1.97400e+03 2.07822e-12 0.00000e+00
1.97500e+03 2.07827e-12 0.00000e+00
1.97600e+03 2.13704e-12 0.00000e+00
1.97700e+03 2.20375e-12 0.00000e+00
1.97800e+03 2.10522e-12 0.00000e+00
1.97900e+03 2.17610e-12 0.00000e+00
1.98000e+03 2.06813e-12 0.00000e+00
1.98100e+03 2.10532e-12 0.00000e+00
1.98200e+03 2.04786e-12 0.00000e+00
1.98300e+03 1.99598e-12 0.00000e+00
1.98400e+03 1.98158e-12 0.00000e+00
1.98500e+03 2.01797e-12 0.00000e+00
1.98600e+03 2.13511e-12 0.00000e+00
1.98700e+03 2.10324e-12 0.00000e+00
1.98800e+03 2.16663e-12 0.00000e+00
1.98900e+03 1.98504e-12 0.00000e+00
1.99000e+03 2.10163e-12 0.00000e+00
1.99100e+03 2.14312e-12 0.00000e+00
1.99200e+03 2.08851e-12 0.00000e+00
1.99300e+03 2.06904e-12 0.00000e+00
1.99400e+03 2.09618e-12 0.00000e+00
1.99500e+03 1.97793e-12 0.00000e+00
1.99600e+03 1.99563e-12 0.00000e+00
1.99700e+03 2.00862e-12 0.00000e+00
1.99800e+03 1.92291e-12 0.00000e+00
1.99900e+03 2.00754e-12 0.00000e+00
2.00000e+03 2.02557e-12 0.00000e+00
