0.00000e+00 0.00000e+00 0.00000e+00
1.00000e+00 0.00000e+00 0.00000e+00
2.00000e+00 0.00000e+00 0.00000e+00
3.00000e+00 0.00000e+00 0.00000e+00
4.00000e+00 0.00000e+00 0.00000e+00
5.00000e+00 0.00000e+00 0.00000e+00
6.00000e+00 0.00000e+00 0.00000e+00
7.00000e+00 0.00000e+00 0.00000e+00
8.00000e+00 0.00000e+00 0.00000e+00
9.00000e+00 0.00000e+00 0.00000e+00
1.00000e+01 0.00000e+00 0.00000e+00
1.10000e+01 0.00000e+00 0.00000e+00
1.20000e+01 0.00000e+00 0.00000e+00
1.30000e+01 0.00000e+00 0.00000e+00
1.40000e+01 0.00000e+00 0.00000e+00
1.50000e+01 0.00000e+00 0.00000e+00
1.60000e+01 0.00000e+00 0.00000e+00
1.70000e+01 0.00000e+00 0.00000e+00
1.80000e+01 0.00000e+00 0.00000e+00
1.90000e+01 0.00000e+00 0.00000e+00
2.00000e+01 0.00000e+00 0.00000e+00
2.10000e+01 0.00000e+00 0.00000e+00
2.20000e+01 0.00000e+00 0.00000e+00
2.30000e+01 0.00000e+00 0.00000e+00
2.40000e+01 0.00000e+00 0.00000e+00
2.50000e+01 0.00000e+00 0.00000e+00
2.60000e+01 0.00000e+00 0.00000e+00
2.70000e+01 0.00000e+00 0.00000e+00
2.80000e+01 0.00000e+00 0.00000e+00
2.90000e+01 0.00000e+00 0.00000e+00
3.00000e+01 0.00000e+00 0.00000e+00
3.10000e+01 0.00000e+00 0.00000e+00
3.20000e+01 0.00000e+00 0.00000e+00
3.30000e+01 0.00000e+00 0.00000e+00
3.40000e+01 0.00000e+00 0.00000e+00
3.50000e+01 0.00000e+00 0.00000e+00
3.60000e+01 0.00000e+00 0.00000e+00
3.70000e+01 0.00000e+00 0.00000e+00
3.80000e+01 0.00000e+00 0.00000e+00
3.90000e+01 0.00000e+00 0.00000e+00
4.00000e+01 0.00000e+00 0.00000e+00
4.10000e+01 0.00000e+00 0.00000e+00
4.20000e+01 0.00000e+00 0.00000e+00
4.30000e+01 0.00000e+00 0.00000e+00
4.40000e+01 0.00000e+00 0.00000e+00
4.50000e+01 0.00000e+00 0.00000e+00
4.60000e+01 0.00000e+00 0.00000e+00
4.70000e+01 0.00000e+00 0.00000e+00
4.80000e+01 0.00000e+00 0.00000e+00
4.90000e+01 0.00000e+00 0.00000e+00
5.00000e+01 0.00000e+00 0.00000e+00
5.10000e+01 0.00000e+00 0.00000e+00
5.20000e+01 0.00000e+00 0.00000e+00
5.30000e+01 0.00000e+00 0.00000e+00
5.40000e+01 0.00000e+00 0.00000e+00
5.50000e+01 0.00000e+00 0.00000e+00
5.60000e+01 0.00000e+00 0.00000e+00
5.70000e+01 0.00000e+00 0.00000e+00
5.80000e+01 0.00000e+00 0.00000e+00
5.90000e+01 0.00000e+00 0.00000e+00
6.00000e+01 0.00000e+00 0.00000e+00
6.10000e+01 0.00000e+00 0.00000e+00
6.20000e+01 0.00000e+00 0.00000e+00
6.30000e+01 0.00000e+00 0.00000e+00
6.40000e+01 0.00000e+00 0.00000e+00
6.50000e+01 0.00000e+00 0.00000e+00
6.60000e+01 0.00000e+00 0.00000e+00
6.70000e+01 0.00000e+00 0.00000e+00
6.80000e+01 0.00000e+00 0.00000e+00
6.90000e+01 0.00000e+00 0.00000e+00
7.00000e+01 0.00000e+00 0.00000e+00
7.10000e+01 0.00000e+00 0.00000e+00
7.20000e+01 0.00000e+00 0.00000e+00
7.30000e+01 0.00000e+00 0.00000e+00
7.40000e+01 0.00000e+00 0.00000e+00
7.50000e+01 0.00000e+00 0.00000e+00
7.60000e+01 0.00000e+00 0.00000e+00
7.70000e+01 0.00000e+00 0.00000e+00
7.80000e+01 0.00000e+00 0.00000e+00
7.90000e+01 0.00000e+00 0.00000e+00
8.00000e+01 0.00000e+00 0.00000e+00
8.10000e+01 0.00000e+00 0.00000e+00
8.20000e+01 0.00000e+00 0.00000e+00
8.30000e+01 0.00000e+00 0.00000e+00
8.40000e+01 0.00000e+00 0.00000e+00
8.50000e+01 0.00000e+00 0.00000e+00
8.60000e+01 0.00000e+00 0.00000e+00
8.70000e+01 0.00000e+00 0.00000e+00
8.80000e+01 0.00000e+00 0.00000e+00
8.90000e+01 0.00000e+00 0.00000e+00
9.00000e+01 0.00000e+00 0.00000e+00
9.10000e+01 0.00000e+00 0.00000e+00
9.20000e+01 0.00000e+00 0.00000e+00
9.30000e+01 0.00000e+00 0.00000e+00
9.40000e+01 0.00000e+00 0.00000e+00
9.50000e+01 0.00000e+00 0.00000e+00
9.60000e+01 0.00000e+00 0.00000e+00
9.70000e+01 0.00000e+00 0.00000e+00
9.80000e+01 0.00000e+00 0.00000e+00
9.90000e+01 0.00000e+00 0.00000e+00
1.00000e+02 4.97616e-11 0.00000e+00
1.01000e+02 5.54155e-11 0.00000e+00
1.02000e+02 5.14611e-11 0.00000e+00
1.03000e+02 4.50170e-11 0.00000e+00
1.04000e+02 4.65245e-11 0.00000e+00
1.05000e+02 5.42154e-11 0.00000e+00
1.06000e+02 5.05768e-11 0.00000e+00
1.07000e+02 4.98254e-11 0.00000e+00
1.08000e+02 4.85663e-11 0.00000e+00
1.09000e+02 5.87596e-11 0.00000e+00
1.10000e+02 5.44523e-11 0.00000e+00
1.11000e+02 5.78209e-11 0.00000e+00
1.12000e+02 4.56015e-11 0.00000e+00
1.13000e+02 6.83019e-11 0.00000e+00
1.14000e+02 5.38262e-11 0.00000e+00
1.15000e+02 5.99361e-11 0.00000e+00
1.16000e+02 4.95017e-11 0.00000e+00
1.17000e+02 4.74830e-11 0.00000e+00
1.18000e+02 3.61802e-11 0.00000e+00
1.19000e+02 4.97138e-11 0.00000e+00
1.20000e+02 5.36760e-11 0.00000e+00
1.21000e+02 5.04836e-11 0.00000e+00
1.22000e+02 5.00588e-11 0.00000e+00
1.23000e+02 4.73818e-11 0.00000e+00
1.24000e+02 5.20554e-11 0.00000e+00
1.25000e+02 3.82651e-11 0.00000e+00
1.26000e+02 4.03100e-11 0.00000e+00
1.27000e+02 4.86026e-11 0.00000e+00
1.28000e+02 4.48717e-11 0.00000e+00
1.29000e+02 3.39767e-11 0.00000e+00
1.30000e+02 3.99367e-11 0.00000e+00
1.31000e+02 4.99494e-11 0.00000e+00
1.32000e+02 3.62388e-11 0.00000e+00
1.33000e+02 4.27190e-11 0.00000e+00
1.34000e+02 4.47013e-11 0.00000e+00
1.35000e+02 3.48606e-11 0.00000e+00
1.36000e+02 4.15577e-11 0.00000e+00
1.37000e+02 3.75764e-11 0.00000e+00
1.38000e+02 4.35943e-11 0.00000e+00
1.39000e+02 4.04322e-11 0.00000e+00
1.40000e+02 4.19736e-11 0.00000e+00
1.41000e+02 4.55383e-11 0.00000e+00
1.42000e+02 3.81655e-11 0.00000e+00
1.43000e+02 4.07801e-11 0.00000e+00
1.44000e+02 3.87369e-11 0.00000e+00
1.45000e+02 4.39906e-11 0.00000e+00
1.46000e+02 4.29117e-11 0.00000e+00
1.47000e+02 3.25941e-11 0.00000e+00
1.48000e+02 3.90431e-11 0.00000e+00
1.49000e+02 3.53037e-11 0.00000e+00
1.50000e+02 4.09344e-11 0.00000e+00
1.51000e+02 3.60474e-11 0.00000e+00
1.52000e+02 3.34541e-11 0.00000e+00
1.53000e+02 2.98379e-11 0.00000e+00
1.54000e+02 4.18039e-11 0.00000e+00
1.55000e+02 3.89143e-11 0.00000e+00
1.56000e+02 2.92437e-11 0.00000e+00
1.57000e+02 3.99980e-11 0.00000e+00
1.58000e+02 3.22620e-11 0.00000e+00
1.59000e+02 3.12058e-11 0.00000e+00
1.60000e+02 3.48923e-11 0.00000e+00
1.61000e+02 3.15310e-11 0.00000e+00
1.62000e+02 3.38190e-11 0.00000e+00
1.63000e+02 3.25662e-11 0.00000e+00
1.64000e+02 3.72821e-11 0.00000e+00
1.65000e+02 2.92804e-11 0.00000e+00
1.66000e+02 3.22861e-11 0.00000e+00
1.67000e+02 3.66867e-11 0.00000e+00
1.68000e+02 2.98702e-11 0.00000e+00
1.69000e+02 3.56822e-11 0.00000e+00
1.70000e+02 3.77422e-11 0.00000e+00
1.71000e+02 3.40385e-11 0.00000e+00
1.72000e+02 3.30509e-11 0.00000e+00
1.73000e+02 3.41175e-11 0.00000e+00
1.74000e+02 2.91767e-11 0.00000e+00
1.75000e+02 3.34834e-11 0.00000e+00
1.76000e+02 3.52712e-11 0.00000e+00
1.77000e+02 2.61151e-11 0.00000e+00
1.78000e+02 3.03527e-11 0.00000e+00
1.79000e+02 3.38439e-11 0.00000e+00
1.80000e+02 3.59514e-11 0.00000e+00
1.81000e+02 3.07302e-11 0.00000e+00
1.82000e+02 3.81998e-11 0.00000e+00
1.83000e+02 2.96623e-11 0.00000e+00
1.84000e+02 3.46070e-11 0.00000e+00
1.85000e+02 3.31713e-11 0.00000e+00
1.86000e+02 3.05065e-11 0.00000e+00
1.87000e+02 3.13308e-11 0.00000e+00
1.88000e+02 3.44330e-11 0.00000e+00
1.89000e+02 3.12856e-11 0.00000e+00
1.90000e+02 2.60833e-11 0.00000e+00
1.91000e+02 2.41649e-11 0.00000e+00
1.92000e+02 2.64671e-11 0.00000e+00
1.93000e+02 3.04427e-11 0.00000e+00
1.94000e+02 2.84662e-11 0.00000e+00
1.95000e+02 2.66108e-11 0.00000e+00
1.96000e+02 2.70512e-11 0.00000e+00
1.97000e+02 2.47649e-11 0.00000e+00
1.98000e+02 3.05872e-11 0.00000e+00
1.99000e+02 2.84661e-11 0.00000e+00
2.00000e+02 2.72832e-11 0.00000e+00
2.01000e+02 2.78599e-11 0.00000e+00
2.02000e+02 2.54237e-11 0.00000e+00
2.03000e+02 3.06494e-11 0.00000e+00
2.04000e+02 2.75113e-11 0.00000e+00
2.05000e+02 2.41843e-11 0.00000e+00
2.06000e+02 3.36949e-11 0.00000e+00
2.07000e+02 2.56621e-11 0.00000e+00
2.08000e+02 2.65840e-11 0.00000e+00
2.09000e+02 2.22922e-11 0.00000e+00
2.10000e+02 3.16658e-11 0.00000e+00
2.11000e+02 2.30826e-11 0.00000e+00
2.12000e+02 3.00915e-11 0.00000e+00
2.13000e+02 2.57746e-11 0.00000e+00
2.14000e+02 2.72123e-11 0.00000e+00
2.15000e+02 2.46973e-11 0.00000e+00
2.16000e+02 2.97935e-11 0.00000e+00
2.17000e+02 2.68873e-11 0.00000e+00
2.18000e+02 2.96513e-11 0.00000e+00
2.19000e+02 2.80031e-11 0.00000e+00
2.20000e+02 2.40248e-11 0.00000e+00
2.21000e+02 2.67150e-11 0.00000e+00
2.22000e+02 2.55553e-11 0.00000e+00
2.23000e+02 2.39173e-11 0.00000e+00
2.24000e+02 2.68530e-11 0.00000e+00
2.25000e+02 2.55859e-11 0.00000e+00
2.26000e+02 2.68786e-11 0.00000e+00
2.27000e+02 2.48872e-11 0.00000e+00
2.28000e+02 2.33292e-11 0.00000e+00
2.29000e+02 2.72938e-11 0.00000e+00
2.30000e+02 2.59937e-11 0.00000e+00
2.31000e+02 2.80941e-11 0.00000e+00
2.32000e+02 2.49946e-11 0.00000e+00
2.33000e+02 2.36034e-11 0.00000e+00
2.34000e+02 2.54934e-11 0.00000e+00
2.35000e+02 2.32648e-11 0.00000e+00
2.36000e+02 2.54453e-11 0.00000e+00
2.37000e+02 2.12953e-11 0.00000e+00
2.38000e+02 2.31752e-11 0.00000e+00
2.39000e+02 2.58590e-11 0.00000e+00
2.40000e+02 2.29622e-11 0.00000e+00
2.41000e+02 2.81523e-11 0.00000e+00
2.42000e+02 2.65482e-11 0.00000e+00
2.43000e+02 2.24691e-11 0.00000e+00
2.44000e+02 2.22365e-11 0.00000e+00
2.45000e+02 2.67983e-11 0.00000e+00
2.46000e+02 2.48234e-11 0.00000e+00
2.47000e+02 2.23163e-11 0.00000e+00
2.48000e+02 2.32207e-11 0.00000e+00
2.49000e+02 2.37503e-11 0.00000e+00
2.50000e+02 2.21438e-11 0.00000e+00
2.51000e+02 2.59009e-11 0.00000e+00
2.52000e+02 2.26188e-11 0.00000e+00
2.53000e+02 2.13586e-11 0.00000e+00
2.54000e+02 2.43383e-11 0.00000e+00
2.55000e+02 2.32956e-11 0.00000e+00
2.56000e+02 2.17399e-11 0.00000e+00
2.57000e+02 2.24003e-11 0.00000e+00
2.58000e+02 2.17480e-11 0.00000e+00
2.59000e+02 2.30534e-11 0.00000e+00
2.60000e+02 2.49730e-11 0.00000e+00
2.61000e+02 2.31352e-11 0.00000e+00
2.62000e+02 2.08407e-11 0.00000e+00
2.63000e+02 2.45350e-11 0.00000e+00
2.64000e+02 2.20177e-11 0.00000e+00
2.65000e+02 2.29041e-11 0.00000e+00
2.66000e+02 2.17821e-11 0.00000e+00
2.67000e+02 2.41799e-11 0.00000e+00
2.68000e+02 2.02881e-11 0.00000e+00
2.69000e+02 2.31114e-11 0.00000e+00
2.70000e+02 2.32863e-11 0.00000e+00
2.71000e+02 2.23365e-11 0.00000e+00
2.72000e+02 1.99298e-11 0.00000e+00
2.73000e+02 2.32782e-11 0.00000e+00
2.74000e+02 2.39743e-11 0.00000e+00
2.75000e+02 2.17551e-11 0.00000e+00
2.76000e+02 1.85636e-11 0.00000e+00
2.77000e+02 1.95206e-11 0.00000e+00
2.78000e+02 2.23246e-11 0.00000e+00
2.79000e+02 2.12781e-11 0.00000e+00
2.80000e+02 1.95592e-11 0.00000e+00
2.81000e+02 2.26206e-11 0.00000e+00
2.82000e+02 2.01221e-11 0.00000e+00
2.83000e+02 1.74797e-11 0.00000e+00
2.84000e+02 2.07224e-11 0.00000e+00
2.85000e+02 2.29547e-11 0.00000e+00
2.86000e+02 2.47266e-11 0.00000e+00
2.87000e+02 2.04810e-11 0.00000e+00
2.88000e+02 2.21350e-11 0.00000e+00
2.89000e+02 1.83534e-11 0.00000e+00
2.90000e+02 2.35147e-11 0.00000e+00
2.91000e+02 1.97840e-11 0.00000e+00
2.92000e+02 2.05707e-11 0.00000e+00
2.93000e+02 1.78793e-11 0.00000e+00
2.94000e+02 2.07636e-11 0.00000e+00
2.95000e+02 2.10852e-11 0.00000e+00
2.96000e+02 2.27582e-11 0.00000e+00
2.97000e+02 1.84897e-11 0.00000e+00
2.98000e+02 2.26846e-11 0.00000e+00
2.99000e+02 2.10201e-11 0.00000e+00
3.00000e+02 1.87934e-11 0.00000e+00
3.01000e+02 1.99717e-11 0.00000e+00
3.02000e+02 2.17169e-11 0.00000e+00
3.03000e+02 1.87511e-11 0.00000e+00
3.04000e+02 2.13205e-11 0.00000e+00
3.05000e+02 1.94303e-11 0.00000e+00
3.06000e+02 2.27074e-11 0.00000e+00
3.07000e+02 2.11956e-11 0.00000e+00
3.08000e+02 2.09521e-11 0.00000e+00
3.09000e+02 2.18101e-11 0.00000e+00
3.10000e+02 2.37696e-11 0.00000e+00
3.11000e+02 1.78344e-11 0.00000e+00
3.12000e+02 1.98349e-11 0.00000e+00
3.13000e+02 2.10627e-11 0.00000e+00
3.14000e+02 1.76682e-11 0.00000e+00
3.15000e+02 1.89161e-11 0.00000e+00
3.16000e+02 1.98026e-11 0.00000e+00
3.17000e+02 1.77771e-11 0.00000e+00
3.18000e+02 2.00888e-11 0.00000e+00
3.19000e+02 1.75186e-11 0.00000e+00
3.20000e+02 1.83806e-11 0.00000e+00
3.21000e+02 2.03899e-11 0.00000e+00
3.22000e+02 2.10755e-11 0.00000e+00
3.23000e+02 2.09748e-11 0.00000e+00
3.24000e+02 1.74493e-11 0.00000e+00
3.25000e+02 1.75643e-11 0.00000e+00
3.26000e+02 1.73402e-11 0.00000e+00
3.27000e+02 2.05386e-11 0.00000e+00
3.28000e+02 1.84757e-11 0.00000e+00
3.29000e+02 1.85408e-11 0.00000e+00
3.30000e+02 1.72124e-11 0.00000e+00
3.31000e+02 2.11380e-11 0.00000e+00
3.32000e+02 1.58966e-11 0.00000e+00
3.33000e+02 1.76438e-11 0.00000e+00
3.34000e+02 2.01623e-11 0.00000e+00
3.35000e+02 1.88076e-11 0.00000e+00
3.36000e+02 2.07408e-11 0.00000e+00
3.37000e+02 2.26669e-11 0.00000e+00
3.38000e+02 1.64586e-11 0.00000e+00
3.39000e+02 1.86368e-11 0.00000e+00
3.40000e+02 1.85725e-11 0.00000e+00
3.41000e+02 1.93009e-11 0.00000e+00
3.42000e+02 1.66270e-11 0.00000e+00
3.43000e+02 1.76435e-11 0.00000e+00
3.44000e+02 1.90415e-11 0.00000e+00
3.45000e+02 1.88561e-11 0.00000e+00
3.46000e+02 1.95750e-11 0.00000e+00
3.47000e+02 1.41761e-11 0.00000e+00
3.48000e+02 1.79797e-11 0.00000e+00
3.49000e+02 1.78891e-11 0.00000e+00
3.50000e+02 1.75617e-11 0.00000e+00
3.51000e+02 1.77054e-11 0.00000e+00
3.52000e+02 1.97869e-11 0.00000e+00
3.53000e+02 1.74613e-11 0.00000e+00
3.54000e+02 1.76281e-11 0.00000e+00
3.55000e+02 1.74820e-11 0.00000e+00
3.56000e+02 1.84108e-11 0.00000e+00
3.57000e+02 1.56018e-11 0.00000e+00
3.58000e+02 2.02212e-11 0.00000e+00
3.59000e+02 1.57019e-11 0.00000e+00
3.60000e+02 1.71872e-11 0.00000e+00
3.61000e+02 1.62877e-11 0.00000e+00
3.62000e+02 1.84408e-11 0.00000e+00
3.63000e+02 1.70984e-11 0.00000e+00
3.64000e+02 1.64255e-11 0.00000e+00
3.65000e+02 1.58909e-11 0.00000e+00
3.66000e+02 1.73390e-11 0.00000e+00
3.67000e+02 1.80734e-11 0.00000e+00
3.68000e+02 2.00988e-11 0.00000e+00
3.69000e+02 1.74205e-11 0.00000e+00
3.70000e+02 1.68053e-11 0.00000e+00
3.71000e+02 1.57041e-11 0.00000e+00
3.72000e+02 1.81545e-11 0.00000e+00
3.73000e+02 1.63214e-11 0.00000e+00
3.74000e+02 1.76654e-11 0.00000e+00
3.75000e+02 1.75424e-11 0.00000e+00
3.76000e+02 1.76313e-11 0.00000e+00
3.77000e+02 1.64788e-11 0.00000e+00
3.78000e+02 1.77045e-11 0.00000e+00
3.79000e+02 1.44164e-11 0.00000e+00
3.80000e+02 1.85277e-11 0.00000e+00
3.81000e+02 1.55036e-11 0.00000e+00
3.82000e+02 1.79278e-11 0.00000e+00
3.83000e+02 1.89308e-11 0.00000e+00
3.84000e+02 1.60385e-11 0.00000e+00
3.85000e+02 1.57312e-11 0.00000e+00
3.86000e+02 1.55120e-11 0.00000e+00
3.87000e+02 1.66750e-11 0.00000e+00
3.88000e+02 1.62302e-11 0.00000e+00
3.89000e+02 1.63103e-11 0.00000e+00
3.90000e+02 1.58752e-11 0.00000e+00
3.91000e+02 1.46608e-11 0.00000e+00
3.92000e+02 1.95869e-11 0.00000e+00
3.93000e+02 1.64516e-11 0.00000e+00
3.94000e+02 1.41037e-11 0.00000e+00
3.95000e+02 1.54623e-11 0.00000e+00
3.96000e+02 1.66540e-11 0.00000e+00
3.97000e+02 1.70052e-11 0.00000e+00
3.98000e+02 1.73775e-11 0.00000e+00
3.99000e+02 1.61581e-11 0.00000e+00
4.00000e+02 1.55197e-11 0.00000e+00
4.01000e+02 1.61560e-11 0.00000e+00
4.02000e+02 1.56547e-11 0.00000e+00
4.03000e+02 1.68715e-11 0.00000e+00
4.04000e+02 1.65398e-11 0.00000e+00
4.05000e+02 1.66374e-11 0.00000e+00
4.06000e+02 1.45282e-11 0.00000e+00
4.07000e+02 1.69396e-11 0.00000e+00
4.08000e+02 1.65542e-11 0.00000e+00
4.09000e+02 1.45955e-11 0.00000e+00
4.10000e+02 1.51176e-11 0.00000e+00
4.11000e+02 1.62080e-11 0.00000e+00
4.12000e+02 1.34546e-11 0.00000e+00
4.13000e+02 1.69794e-11 0.00000e+00
4.14000e+02 1.65467e-11 0.00000e+00
4.15000e+02 1.54232e-11 0.00000e+00
4.16000e+02 1.50257e-11 0.00000e+00
4.17000e+02 1.37554e-11 0.00000e+00
4.18000e+02 1.46078e-11 0.00000e+00
4.19000e+02 1.55565e-11 0.00000e+00
4.20000e+02 1.47556e-11 0.00000e+00
4.21000e+02 1.53974e-11 0.00000e+00
4.22000e+02 1.32922e-11 0.00000e+00
4.23000e+02 1.44057e-11 0.00000e+00
4.24000e+02 1.62945e-11 0.00000e+00
4.25000e+02 1.44828e-11 0.00000e+00
4.26000e+02 1.39663e-11 0.00000e+00
4.27000e+02 1.63518e-11 0.00000e+00
4.28000e+02 1.37705e-11 0.00000e+00
4.29000e+02 1.24586e-11 0.00000e+00
4.30000e+02 1.50576e-11 0.00000e+00
4.31000e+02 1.42954e-11 0.00000e+00
4.32000e+02 1.48979e-11 0.00000e+00
4.33000e+02 1.36263e-11 0.00000e+00
4.34000e+02 1.75145e-11 0.00000e+00
4.35000e+02 1.46740e-11 0.00000e+00
4.36000e+02 1.49207e-11 0.00000e+00
4.37000e+02 1.48403e-11 0.00000e+00
4.38000e+02 1.41475e-11 0.00000e+00
4.39000e+02 1.47327e-11 0.00000e+00
4.40000e+02 1.53068e-11 0.00000e+00
4.41000e+02 1.26330e-11 0.00000e+00
4.42000e+02 1.52967e-11 0.00000e+00
4.43000e+02 1.46715e-11 0.00000e+00
4.44000e+02 1.51877e-11 0.00000e+00
4.45000e+02 1.52887e-11 0.00000e+00
4.46000e+02 1.38648e-11 0.00000e+00
4.47000e+02 1.39268e-11 0.00000e+00
4.48000e+02 1.51106e-11 0.00000e+00
4.49000e+02 1.56577e-11 0.00000e+00
4.50000e+02 1.54255e-11 0.00000e+00
4.51000e+02 1.54209e-11 0.00000e+00
4.52000e+02 1.64291e-11 0.00000e+00
4.53000e+02 1.57035e-11 0.00000e+00
4.54000e+02 1.40835e-11 0.00000e+00
4.55000e+02 1.39190e-11 0.00000e+00
4.56000e+02 1.35448e-11 0.00000e+00
4.57000e+02 1.48448e-11 0.00000e+00
4.58000e+02 1.43349e-11 0.00000e+00
4.59000e+02 1.41695e-11 0.00000e+00
4.60000e+02 1.37216e-11 0.00000e+00
4.61000e+02 1.49597e-11 0.00000e+00
4.62000e+02 1.62961e-11 0.00000e+00
4.63000e+02 1.41777e-11 0.00000e+00
4.64000e+02 1.31544e-11 0.00000e+00
4.65000e+02 1.33410e-11 0.00000e+00
4.66000e+02 1.22235e-11 0.00000e+00
4.67000e+02 1.36133e-11 0.00000e+00
4.68000e+02 1.54371e-11 0.00000e+00
4.69000e+02 1.35561e-11 0.00000e+00
4.70000e+02 1.35817e-11 0.00000e+00
4.71000e+02 1.25582e-11 0.00000e+00
4.72000e+02 1.50242e-11 0.00000e+00
4.73000e+02 1.34969e-11 0.00000e+00
4.74000e+02 1.45015e-11 0.00000e+00
4.75000e+02 1.40274e-11 0.00000e+00
4.76000e+02 1.37271e-11 0.00000e+00
4.77000e+02 1.31208e-11 0.00000e+00
4.78000e+02 1.42648e-11 0.00000e+00
4.79000e+02 1.47019e-11 0.00000e+00
4.80000e+02 1.32514e-11 0.00000e+00
4.81000e+02 1.36205e-11 0.00000e+00
4.82000e+02 1.34596e-11 0.00000e+00
4.83000e+02 1.39933e-11 0.00000e+00
4.84000e+02 1.48426e-11 0.00000e+00
4.85000e+02 1.34707e-11 0.00000e+00
4.86000e+02 1.25967e-11 0.00000e+00
4.87000e+02 1.40271e-11 0.00000e+00
4.88000e+02 1.21026e-11 0.00000e+00
4.89000e+02 1.42528e-11 0.00000e+00
4.90000e+02 1.43944e-11 0.00000e+00
4.91000e+02 1.31192e-11 0.00000e+00
4.92000e+02 1.46844e-11 0.00000e+00
4.93000e+02 1.53741e-11 0.00000e+00
4.94000e+02 1.50454e-11 0.00000e+00
4.95000e+02 1.34901e-11 0.00000e+00
4.96000e+02 1.44806e-11 0.00000e+00
4.97000e+02 1.38251e-11 0.00000e+00
4.98000e+02 1.37998e-11 0.00000e+00
4.99000e+02 1.33014e-11 0.00000e+00
5.00000e+02 1.21391e-11 0.00000e+00
5.01000e+02 1.37246e-11 0.00000e+00
5.02000e+02 1.42505e-11 0.00000e+00
5.03000e+02 1.29793e-11 0.00000e+00
5.04000e+02 1.39066e-11 0.00000e+00
5.05000e+02 1.35641e-11 0.00000e+00
5.06000e+02 1.25770e-11 0.00000e+00
5.07000e+02 1.29661e-11 0.00000e+00
5.08000e+02 1.43269e-11 0.00000e+00
5.09000e+02 1.34018e-11 0.00000e+00
5.10000e+02 1.36313e-11 0.00000e+00
5.11000e+02 1.35254e-11 0.00000e+00
5.12000e+02 1.40719e-11 0.00000e+00
5.13000e+02 1.25515e-11 0.00000e+00
5.14000e+02 1.29621e-11 0.00000e+00
5.15000e+02 1.22660e-11 0.00000e+00
5.16000e+02 1.25192e-11 0.00000e+00
5.17000e+02 1.32813e-11 0.00000e+00
5.18000e+02 1.19420e-11 0.00000e+00
5.19000e+02 1.42378e-11 0.00000e+00
5.20000e+02 1.22657e-11 0.00000e+00
5.21000e+02 1.21807e-11 0.00000e+00
5.22000e+02 1.30119e-11 0.00000e+00
5.23000e+02 1.29960e-11 0.00000e+00
5.24000e+02 1.14320e-11 0.00000e+00
5.25000e+02 1.30614e-11 0.00000e+00
5.26000e+02 1.10966e-11 0.00000e+00
5.27000e+02 1.19206e-11 0.00000e+00
5.28000e+02 1.32837e-11 0.00000e+00
5.29000e+02 1.26543e-11 0.00000e+00
5.30000e+02 1.19119e-11 0.00000e+00
5.31000e+02 1.24411e-11 0.00000e+00
5.32000e+02 1.19346e-11 0.00000e+00
5.33000e+02 1.23721e-11 0.00000e+00
5.34000e+02 1.27191e-11 0.00000e+00
5.35000e+02 1.15383e-11 0.00000e+00
5.36000e+02 1.36249e-11 0.00000e+00
5.37000e+02 1.29809e-11 0.00000e+00
5.38000e+02 1.08028e-11 0.00000e+00
5.39000e+02 1.32901e-11 0.00000e+00
5.40000e+02 1.36153e-11 0.00000e+00
5.41000e+02 1.29677e-11 0.00000e+00
5.42000e+02 1.22779e-11 0.00000e+00
5.43000e+02 1.12920e-11 0.00000e+00
5.44000e+02 1.19255e-11 0.00000e+00
5.45000e+02 1.44519e-11 0.00000e+00
5.46000e+02 1.16683e-11 0.00000e+00
5.47000e+02 1.24571e-11 0.00000e+00
5.48000e+02 1.21119e-11 0.00000e+00
5.49000e+02 1.26446e-11 0.00000e+00
5.50000e+02 1.20037e-11 0.00000e+00
5.51000e+02 1.13203e-11 0.00000e+00
5.52000e+02 1.26139e-11 0.00000e+00
5.53000e+02 1.24503e-11 0.00000e+00
5.54000e+02 1.12858e-11 0.00000e+00
5.55000e+02 1.08254e-11 0.00000e+00
5.56000e+02 1.32563e-11 0.00000e+00
5.57000e+02 1.27532e-11 0.00000e+00
5.58000e+02 1.14195e-11 0.00000e+00
5.59000e+02 1.29239e-11 0.00000e+00
5.60000e+02 1.24242e-11 0.00000e+00
5.61000e+02 1.22113e-11 0.00000e+00
5.62000e+02 1.08858e-11 0.00000e+00
5.63000e+02 1.23988e-11 0.00000e+00
5.64000e+02 1.18013e-11 0.00000e+00
5.65000e+02 1.16515e-11 0.00000e+00
5.66000e+02 1.06791e-11 0.00000e+00
5.67000e+02 1.12360e-11 0.00000e+00
5.68000e+02 1.12237e-11 0.00000e+00
5.69000e+02 1.14312e-11 0.00000e+00
5.70000e+02 1.12768e-11 0.00000e+00
5.71000e+02 1.24015e-11 0.00000e+00
5.72000e+02 1.29359e-11 0.00000e+00
5.73000e+02 1.26891e-11 0.00000e+00
5.74000e+02 1.12200e-11 0.00000e+00
5.75000e+02 1.07827e-11 0.00000e+00
5.76000e+02 1.21320e-11 0.00000e+00
5.77000e+02 1.13861e-11 0.00000e+00
5.78000e+02 1.15823e-11 0.00000e+00
5.79000e+02 1.17914e-11 0.00000e+00
5.80000e+02 1.08989e-11 0.00000e+00
5.81000e+02 1.15766e-11 0.00000e+00
5.82000e+02 1.00168e-11 0.00000e+00
5.83000e+02 1.12875e-11 0.00000e+00
5.84000e+02 1.23837e-11 0.00000e+00
5.85000e+02 1.16918e-11 0.00000e+00
5.86000e+02 1.07844e-11 0.00000e+00
5.87000e+02 1.20127e-11 0.00000e+00
5.88000e+02 9.88361e-12 0.00000e+00
5.89000e+02 1.10377e-11 0.00000e+00
5.90000e+02 1.14938e-11 0.00000e+00
5.91000e+02 1.22695e-11 0.00000e+00
5.92000e+02 1.26368e-11 0.00000e+00
5.93000e+02 1.25331e-11 0.00000e+00
5.94000e+02 1.14296e-11 0.00000e+00
5.95000e+02 1.11723e-11 0.00000e+00
5.96000e+02 1.17117e-11 0.00000e+00
5.97000e+02 1.04236e-11 0.00000e+00
5.98000e+02 1.09376e-11 0.00000e+00
5.99000e+02 1.11156e-11 0.00000e+00
6.00000e+02 1.17082e-11 0.00000e+00
6.01000e+02 1.17013e-11 0.00000e+00
6.02000e+02 1.13486e-11 0.00000e+00
6.03000e+02 1.14341e-11 0.00000e+00
6.04000e+02 1.15756e-11 0.00000e+00
6.05000e+02 1.05534e-11 0.00000e+00
6.06000e+02 1.10744e-11 0.00000e+00
6.07000e+02 1.06146e-11 0.00000e+00
6.08000e+02 1.13580e-11 0.00000e+00
6.09000e+02 1.02534e-11 0.00000e+00
6.10000e+02 1.11454e-11 0.00000e+00
6.11000e+02 1.04103e-11 0.00000e+00
6.12000e+02 1.15186e-11 0.00000e+00
6.13000e+02 1.08933e-11 0.00000e+00
6.14000e+02 1.12675e-11 0.00000e+00
6.15000e+02 1.08448e-11 0.00000e+00
6.16000e+02 1.04936e-11 0.00000e+00
6.17000e+02 1.11826e-11 0.00000e+00
6.18000e+02 1.03323e-11 0.00000e+00
6.19000e+02 1.10793e-11 0.00000e+00
6.20000e+02 1.17378e-11 0.00000e+00
6.21000e+02 1.08694e-11 0.00000e+00
6.22000e+02 1.04739e-11 0.00000e+00
6.23000e+02 1.10812e-11 0.00000e+00
6.24000e+02 1.18464e-11 0.00000e+00
6.25000e+02 1.03850e-11 0.00000e+00
6.26000e+02 9.99192e-12 0.00000e+00
6.27000e+02 1.09100e-11 0.00000e+00
6.28000e+02 1.12469e-11 0.00000e+00
6.29000e+02 1.09737e-11 0.00000e+00
6.30000e+02 1.03586e-11 0.00000e+00
6.31000e+02 1.06817e-11 0.00000e+00
6.32000e+02 1.08554e-11 0.00000e+00
6.33000e+02 9.81259e-12 0.00000e+00
6.34000e+02 1.06938e-11 0.00000e+00
6.35000e+02 1.06896e-11 0.00000e+00
6.36000e+02 1.15144e-11 0.00000e+00
6.37000e+02 1.15183e-11 0.00000e+00
6.38000e+02 1.04680e-11 0.00000e+00
6.39000e+02 1.04212e-11 0.00000e+00
6.40000e+02 1.12187e-11 0.00000e+00
6.41000e+02 1.09035e-11 0.00000e+00
6.42000e+02 9.81375e-12 0.00000e+00
6.43000e+02 1.11085e-11 0.00000e+00
6.44000e+02 1.22992e-11 0.00000e+00
6.45000e+02 1.04842e-11 0.00000e+00
6.46000e+02 1.13055e-11 0.00000e+00
6.47000e+02 1.03169e-11 0.00000e+00
6.48000e+02 9.67749e-12 0.00000e+00
6.49000e+02 9.88164e-12 0.00000e+00
6.50000e+02 1.09447e-11 0.00000e+00
6.51000e+02 1.04913e-11 0.00000e+00
6.52000e+02 1.10503e-11 0.00000e+00
6.53000e+02 1.04769e-11 0.00000e+00
6.54000e+02 1.03074e-11 0.00000e+00
6.55000e+02 1.01161e-11 0.00000e+00
6.56000e+02 1.16714e-11 0.00000e+00
6.57000e+02 1.11058e-11 0.00000e+00
6.58000e+02 1.06523e-11 0.00000e+00
6.59000e+02 1.09636e-11 0.00000e+00
6.60000e+02 9.44454e-12 0.00000e+00
6.61000e+02 9.83842e-12 0.00000e+00
6.62000e+02 1.01373e-11 0.00000e+00
6.63000e+02 9.90172e-12 0.00000e+00
6.64000e+02 1.00840e-11 0.00000e+00
6.65000e+02 1.07066e-11 0.00000e+00
6.66000e+02 1.04760e-11 0.00000e+00
6.67000e+02 1.06790e-11 0.00000e+00
6.68000e+02 9.04438e-12 0.00000e+00
6.69000e+02 1.02585e-11 0.00000e+00
6.70000e+02 9.41062e-12 0.00000e+00
6.71000e+02 1.14573e-11 0.00000e+00
6.72000e+02 9.53634e-12 0.00000e+00
6.73000e+02 9.71522e-12 0.00000e+00
6.74000e+02 9.91890e-12 0.00000e+00
6.75000e+02 9.31619e-12 0.00000e+00
6.76000e+02 1.06222e-11 0.00000e+00
6.77000e+02 9.24366e-12 0.00000e+00
6.78000e+02 1.11950e-11 0.00000e+00
6.79000e+02 9.55745e-12 0.00000e+00
6.80000e+02 1.03408e-11 0.00000e+00
6.81000e+02 1.05111e-11 0.00000e+00
6.82000e+02 1.01031e-11 0.00000e+00
6.83000e+02 1.04616e-11 0.00000e+00
6.84000e+02 9.40490e-12 0.00000e+00
6.85000e+02 1.06629e-11 0.00000e+00
6.86000e+02 8.80288e-12 0.00000e+00
6.87000e+02 9.14604e-12 0.00000e+00
6.88000e+02 9.96127e-12 0.00000e+00
6.89000e+02 9.20376e-12 0.00000e+00
6.90000e+02 9.84435e-12 0.00000e+00
6.91000e+02 1.02977e-11 0.00000e+00
6.92000e+02 9.75634e-12 0.00000e+00
6.93000e+02 9.86048e-12 0.00000e+00
6.94000e+02 1.07710e-11 0.00000e+00
6.95000e+02 9.97000e-12 0.00000e+00
6.96000e+02 1.03944e-11 0.00000e+00
6.97000e+02 1.01115e-11 0.00000e+00
6.98000e+02 9.41469e-12 0.00000e+00
6.99000e+02 9.47642e-12 0.00000e+00
7.00000e+02 1.05139e-11 0.00000e+00
7.01000e+02 1.03820e-11 0.00000e+00
7.02000e+02 9.15922e-12 0.00000e+00
7.03000e+02 8.22062e-12 0.00000e+00
7.04000e+02 8.74336e-12 0.00000e+00
7.05000e+02 9.58679e-12 0.00000e+00
7.06000e+02 9.72534e-12 0.00000e+00
7.07000e+02 1.05032e-11 0.00000e+00
7.08000e+02 9.19097e-12 0.00000e+00
7.09000e+02 1.00112e-11 0.00000e+00
7.10000e+02 9.99439e-12 0.00000e+00
7.11000e+02 9.73448e-12 0.00000e+00
7.12000e+02 9.06879e-12 0.00000e+00
7.13000e+02 9.99025e-12 0.00000e+00
7.14000e+02 9.25755e-12 0.00000e+00
7.15000e+02 8.84112e-12 0.00000e+00
7.16000e+02 8.84767e-12 0.00000e+00
7.17000e+02 8.99167e-12 0.00000e+00
7.18000e+02 1.01699e-11 0.00000e+00
7.19000e+02 8.98903e-12 0.00000e+00
7.20000e+02 9.12721e-12 0.00000e+00
7.21000e+02 9.23953e-12 0.00000e+00
7.22000e+02 9.66553e-12 0.00000e+00
7.23000e+02 8.54798e-12 0.00000e+00
7.24000e+02 8.69127e-12 0.00000e+00
7.25000e+02 9.71365e-12 0.00000e+00
7.26000e+02 8.39949e-12 0.00000e+00
7.27000e+02 9.93170e-12 0.00000e+00
7.28000e+02 9.91453e-12 0.00000e+00
7.29000e+02 9.46158e-12 0.00000e+00
7.30000e+02 9.69753e-12 0.00000e+00
7.31000e+02 9.74570e-12 0.00000e+00
7.32000e+02 1.01667e-11 0.00000e+00
7.33000e+02 9.08190e-12 0.00000e+00
7.34000e+02 1.02537e-11 0.00000e+00
7.35000e+02 1.04722e-11 0.00000e+00
7.36000e+02 9.02945e-12 0.00000e+00
7.37000e+02 9.44650e-12 0.00000e+00
7.38000e+02 8.76949e-12 0.00000e+00
7.39000e+02 9.33332e-12 0.00000e+00
7.40000e+02 9.16137e-12 0.00000e+00
7.41000e+02 1.04190e-11 0.00000e+00
7.42000e+02 9.05453e-12 0.00000e+00
7.43000e+02 9.28173e-12 0.00000e+00
7.44000e+02 8.71488e-12 0.00000e+00
7.45000e+02 9.60648e-12 0.00000e+00
7.46000e+02 8.08122e-12 0.00000e+00
7.47000e+02 8.83952e-12 0.00000e+00
7.48000e+02 8.65562e-12 0.00000e+00
7.49000e+02 9.38999e-12 0.00000e+00
7.50000e+02 9.40058e-12 0.00000e+00
7.51000e+02 9.57608e-12 0.00000e+00
7.52000e+02 9.10930e-12 0.00000e+00
7.53000e+02 9.10253e-12 0.00000e+00
7.54000e+02 9.43053e-12 0.00000e+00
7.55000e+02 8.32672e-12 0.00000e+00
7.56000e+02 8.95410e-12 0.00000e+00
7.57000e+02 9.64762e-12 0.00000e+00
7.58000e+02 9.12140e-12 0.00000e+00
7.59000e+02 9.16451e-12 0.00000e+00
7.60000e+02 9.14829e-12 0.00000e+00
7.61000e+02 9.04138e-12 0.00000e+00
7.62000e+02 8.83156e-12 0.00000e+00
7.63000e+02 8.44485e-12 0.00000e+00
7.64000e+02 8.68074e-12 0.00000e+00
7.65000e+02 9.19530e-12 0.00000e+00
7.66000e+02 8.52933e-12 0.00000e+00
7.67000e+02 9.66175e-12 0.00000e+00
7.68000e+02 9.01125e-12 0.00000e+00
7.69000e+02 7.99296e-12 0.00000e+00
7.70000e+02 8.91428e-12 0.00000e+00
7.71000e+02 8.95756e-12 0.00000e+00
7.72000e+02 8.79071e-12 0.00000e+00
7.73000e+02 8.84738e-12 0.00000e+00
7.74000e+02 8.52189e-12 0.00000e+00
7.75000e+02 8.63131e-12 0.00000e+00
7.76000e+02 7.84543e-12 0.00000e+00
7.77000e+02 8.77781e-12 0.00000e+00
7.78000e+02 8.90951e-12 0.00000e+00
7.79000e+02 8.70821e-12 0.00000e+00
7.80000e+02 8.40780e-12 0.00000e+00
7.81000e+02 8.61539e-12 0.00000e+00
7.82000e+02 9.48718e-12 0.00000e+00
7.83000e+02 8.18509e-12 0.00000e+00
7.84000e+02 8.18691e-12 0.00000e+00
7.85000e+02 8.48062e-12 0.00000e+00
7.86000e+02 7.98264e-12 0.00000e+00
7.87000e+02 9.71568e-12 0.00000e+00
7.88000e+02 9.06651e-12 0.00000e+00
7.89000e+02 8.27091e-12 0.00000e+00
7.90000e+02 8.91383e-12 0.00000e+00
7.91000e+02 8.02868e-12 0.00000e+00
7.92000e+02 8.12461e-12 0.00000e+00
7.93000e+02 7.93761e-12 0.00000e+00
7.94000e+02 8.71491e-12 0.00000e+00
7.95000e+02 7.98672e-12 0.00000e+00
7.96000e+02 8.80036e-12 0.00000e+00
7.97000e+02 8.42738e-12 0.00000e+00
7.98000e+02 8.38757e-12 0.00000e+00
7.99000e+02 7.82774e-12 0.00000e+00
8.00000e+02 8.86059e-12 0.00000e+00
8.01000e+02 9.26978e-12 0.00000e+00
8.02000e+02 8.69648e-12 0.00000e+00
8.03000e+02 7.43756e-12 0.00000e+00
8.04000e+02 8.38998e-12 0.00000e+00
8.05000e+02 7.42272e-12 0.00000e+00
8.06000e+02 8.94428e-12 0.00000e+00
8.07000e+02 8.02556e-12 0.00000e+00
8.08000e+02 8.19390e-12 0.00000e+00
8.09000e+02 8.55922e-12 0.00000e+00
8.10000e+02 9.15772e-12 0.00000e+00
8.11000e+02 8.50993e-12 0.00000e+00
8.12000e+02 7.82580e-12 0.00000e+00
8.13000e+02 8.07222e-12 0.00000e+00
8.14000e+02 8.51733e-12 0.00000e+00
8.15000e+02 7.99676e-12 0.00000e+00
8.16000e+02 8.10521e-12 0.00000e+00
8.17000e+02 7.75285e-12 0.00000e+00
8.18000e+02 7.92649e-12 0.00000e+00
8.19000e+02 8.14396e-12 0.00000e+00
8.20000e+02 8.66044e-12 0.00000e+00
8.21000e+02 8.29150e-12 0.00000e+00
8.22000e+02 8.02360e-12 0.00000e+00
8.23000e+02 7.99547e-12 0.00000e+00
8.24000e+02 8.04296e-12 0.00000e+00
8.25000e+02 8.12125e-12 0.00000e+00
8.26000e+02 8.14001e-12 0.00000e+00
8.27000e+02 9.07580e-12 0.00000e+00
8.28000e+02 8.27732e-12 0.00000e+00
8.29000e+02 8.33089e-12 0.00000e+00
8.30000e+02 8.68800e-12 0.00000e+00
8.31000e+02 8.34250e-12 0.00000e+00
8.32000e+02 7.81915e-12 0.00000e+00
8.33000e+02 7.21789e-12 0.00000e+00
8.34000e+02 8.18679e-12 0.00000e+00
8.35000e+02 8.64544e-12 0.00000e+00
8.36000e+02 7.93375e-12 0.00000e+00
8.37000e+02 8.01810e-12 0.00000e+00
8.38000e+02 7.50547e-12 0.00000e+00
8.39000e+02 8.16595e-12 0.00000e+00
8.40000e+02 7.69530e-12 0.00000e+00
8.41000e+02 8.06550e-12 0.00000e+00
8.42000e+02 7.71284e-12 0.00000e+00
8.43000e+02 8.28614e-12 0.00000e+00
8.44000e+02 7.57765e-12 0.00000e+00
8.45000e+02 8.15059e-12 0.00000e+00
8.46000e+02 8.85623e-12 0.00000e+00
8.47000e+02 7.57421e-12 0.00000e+00
8.48000e+02 8.01317e-12 0.00000e+00
8.49000e+02 7.52091e-12 0.00000e+00
8.50000e+02 7.68004e-12 0.00000e+00
8.51000e+02 7.84181e-12 0.00000e+00
8.52000e+02 8.07343e-12 0.00000e+00
8.53000e+02 7.80519e-12 0.00000e+00
8.54000e+02 7.87942e-12 0.00000e+00
8.55000e+02 7.87632e-12 0.00000e+00
8.56000e+02 8.21580e-12 0.00000e+00
8.57000e+02 7.69026e-12 0.00000e+00
8.58000e+02 8.10096e-12 0.00000e+00
8.59000e+02 7.88630e-12 0.00000e+00
8.60000e+02 7.66643e-12 0.00000e+00
8.61000e+02 7.58073e-12 0.00000e+00
8.62000e+02 7.33339e-12 0.00000e+00
8.63000e+02 7.52157e-12 0.00000e+00
8.64000e+02 7.31172e-12 0.00000e+00
8.65000e+02 7.17008e-12 0.00000e+00
8.66000e+02 8.05002e-12 0.00000e+00
8.67000e+02 7.36675e-12 0.00000e+00
8.68000e+02 7.08727e-12 0.00000e+00
8.69000e+02 7.94995e-12 0.00000e+00
8.70000e+02 8.25268e-12 0.00000e+00
8.71000e+02 7.46517e-12 0.00000e+00
8.72000e+02 7.70361e-12 0.00000e+00
8.73000e+02 7.66888e-12 0.00000e+00
8.74000e+02 7.04359e-12 0.00000e+00
8.75000e+02 7.43552e-12 0.00000e+00
8.76000e+02 7.08296e-12 0.00000e+00
8.77000e+02 7.74652e-12 0.00000e+00
8.78000e+02 7.82626e-12 0.00000e+00
8.79000e+02 7.19423e-12 0.00000e+00
8.80000e+02 7.75747e-12 0.00000e+00
8.81000e+02 6.89331e-12 0.00000e+00
8.82000e+02 7.67820e-12 0.00000e+00
8.83000e+02 6.84359e-12 0.00000e+00
8.84000e+02 7.73998e-12 0.00000e+00
8.85000e+02 7.29571e-12 0.00000e+00
8.86000e+02 7.47505e-12 0.00000e+00
8.87000e+02 7.51762e-12 0.00000e+00
8.88000e+02 7.48080e-12 0.00000e+00
8.89000e+02 7.18375e-12 0.00000e+00
8.90000e+02 7.17457e-12 0.00000e+00
8.91000e+02 7.52347e-12 0.00000e+00
8.92000e+02 7.81631e-12 0.00000e+00
8.93000e+02 7.76347e-12 0.00000e+00
8.94000e+02 7.37804e-12 0.00000e+00
8.95000e+02 7.44202e-12 0.00000e+00
8.96000e+02 7.47264e-12 0.00000e+00
8.97000e+02 7.53976e-12 0.00000e+00
8.98000e+02 7.58696e-12 0.00000e+00
8.99000e+02 7.49984e-12 0.00000e+00
9.00000e+02 7.62157e-12 0.00000e+00
9.01000e+02 7.37501e-12 0.00000e+00
9.02000e+02 7.26247e-12 0.00000e+00
9.03000e+02 7.66094e-12 0.00000e+00
9.04000e+02 6.95995e-12 0.00000e+00
9.05000e+02 7.84167e-12 0.00000e+00
9.06000e+02 7.10233e-12 0.00000e+00
9.07000e+02 8.09278e-12 0.00000e+00
9.08000e+02 6.83763e-12 0.00000e+00
9.09000e+02 7.33086e-12 0.00000e+00
9.10000e+02 7.17573e-12 0.00000e+00
9.11000e+02 6.84686e-12 0.00000e+00
9.12000e+02 7.28693e-12 0.00000e+00
9.13000e+02 7.04000e-12 0.00000e+00
9.14000e+02 7.23066e-12 0.00000e+00
9.15000e+02 7.41711e-12 0.00000e+00
9.16000e+02 7.18976e-12 0.00000e+00
9.17000e+02 6.92677e-12 0.00000e+00
9.18000e+02 7.56520e-12 0.00000e+00
9.19000e+02 7.21275e-12 0.00000e+00
9.20000e+02 7.09504e-12 0.00000e+00
9.21000e+02 7.36563e-12 0.00000e+00
9.22000e+02 7.22576e-12 0.00000e+00
9.23000e+02 6.87971e-12 0.00000e+00
9.24000e+02 7.31626e-12 0.00000e+00
9.25000e+02 7.51447e-12 0.00000e+00
9.26000e+02 6.92804e-12 0.00000e+00
9.27000e+02 7.55058e-12 0.00000e+00
9.28000e+02 6.60733e-12 0.00000e+00
9.29000e+02 6.74345e-12 0.00000e+00
9.30000e+02 6.93941e-12 0.00000e+00
9.31000e+02 7.16127e-12 0.00000e+00
9.32000e+02 6.69580e-12 0.00000e+00
9.33000e+02 7.16474e-12 0.00000e+00
9.34000e+02 6.61772e-12 0.00000e+00
9.35000e+02 6.16865e-12 0.00000e+00
9.36000e+02 7.56303e-12 0.00000e+00
9.37000e+02 6.72954e-12 0.00000e+00
9.38000e+02 6.96396e-12 0.00000e+00
9.39000e+02 7.35604e-12 0.00000e+00
9.40000e+02 7.25110e-12 0.00000e+00
9.41000e+02 6.72019e-12 0.00000e+00
9.42000e+02 7.07830e-12 0.00000e+00
9.43000e+02 6.75006e-12 0.00000e+00
9.44000e+02 6.96630e-12 0.00000e+00
9.45000e+02 6.64465e-12 0.00000e+00
9.46000e+02 6.94532e-12 0.00000e+00
9.47000e+02 6.56567e-12 0.00000e+00
9.48000e+02 6.76926e-12 0.00000e+00
9.49000e+02 7.06713e-12 0.00000e+00
9.50000e+02 6.81808e-12 0.00000e+00
9.51000e+02 6.71130e-12 0.00000e+00
9.52000e+02 6.25595e-12 0.00000e+00
9.53000e+02 6.42996e-12 0.00000e+00
9.54000e+02 6.51727e-12 0.00000e+00
9.55000e+02 7.48446e-12 0.00000e+00
9.56000e+02 6.94697e-12 0.00000e+00
9.57000e+02 6.27415e-12 0.00000e+00
9.58000e+02 6.27676e-12 0.00000e+00
9.59000e+02 6.53184e-12 0.00000e+00
9.60000e+02 6.86467e-12 0.00000e+00
9.61000e+02 6.98964e-12 0.00000e+00
9.62000e+02 6.41086e-12 0.00000e+00
9.63000e+02 6.52371e-12 0.00000e+00
9.64000e+02 6.88532e-12 0.00000e+00
9.65000e+02 6.90350e-12 0.00000e+00
9.66000e+02 6.44257e-12 0.00000e+00
9.67000e+02 6.60596e-12 0.00000e+00
9.68000e+02 6.21807e-12 0.00000e+00
9.69000e+02 6.73572e-12 0.00000e+00
9.70000e+02 6.60026e-12 0.00000e+00
9.71000e+02 7.48880e-12 0.00000e+00
9.72000e+02 6.56601e-12 0.00000e+00
9.73000e+02 6.19604e-12 0.00000e+00
9.74000e+02 7.21562e-12 0.00000e+00
9.75000e+02 6.91060e-12 0.00000e+00
9.76000e+02 6.43771e-12 0.00000e+00
9.77000e+02 7.03270e-12 0.00000e+00
9.78000e+02 6.60361e-12 0.00000e+00
9.79000e+02 6.06995e-12 0.00000e+00
9.80000e+02 6.61081e-12 0.00000e+00
9.81000e+02 6.61169e-12 0.00000e+00
9.82000e+02 6.53631e-12 0.00000e+00
9.83000e+02 6.88275e-12 0.00000e+00
9.84000e+02 6.86942e-12 0.00000e+00
9.85000e+02 7.02073e-12 0.00000e+00
9.86000e+02 6.43619e-12 0.00000e+00
9.87000e+02 6.85264e-12 0.00000e+00
9.88000e+02 7.22381e-12 0.00000e+00
9.89000e+02 6.02310e-12 0.00000e+00
9.90000e+02 6.07236e-12 0.00000e+00
9.91000e+02 6.33881e-12 0.00000e+00
9.92000e+02 6.49942e-12 0.00000e+00
9.93000e+02 6.32638e-12 0.00000e+00
9.94000e+02 6.17059e-12 0.00000e+00
9.95000e+02 6.18602e-12 0.00000e+00
9.96000e+02 6.75201e-12 0.00000e+00
9.97000e+02 6.15222e-12 0.00000e+00
9.98000e+02 6.16577e-12 0.00000e+00
9.99000e+02 6.50428e-12 0.00000e+00
1.00000e+03 6.53478e-12 0.00000e+00
1.00100e+03 6.12670e-12 0.00000e+00
1.00200e+03 6.72493e-12 0.00000e+00
1.00300e+03 6.31679e-12 0.00000e+00
1.00400e+03 6.54092e-12 0.00000e+00
1.00500e+03 6.60572e-12 0.00000e+00
1.00600e+03 5.96468e-12 0.00000e+00
1.00700e+03 6.41838e-12 0.00000e+00
1.00800e+03 6.73617e-12 0.00000e+00
1.00900e+03 6.65187e-12 0.00000e+00
1.01000e+03 6.52553e-12 0.00000e+00
1.01100e+03 6.35338e-12 0.00000e+00
1.01200e+03 5.86597e-12 0.00000e+00
1.01300e+03 6.20259e-12 0.00000e+00
1.01400e+03 6.61764e-12 0.00000e+00
1.01500e+03 6.28695e-12 0.00000e+00
1.01600e+03 6.10161e-12 0.00000e+00
1.01700e+03 6.13784e-12 0.00000e+00
1.01800e+03 6.16152e-12 0.00000e+00
1.01900e+03 6.34458e-12 0.00000e+00
1.02000e+03 6.25319e-12 0.00000e+00
1.02100e+03 6.57127e-12 0.00000e+00
1.02200e+03 6.11433e-12 0.00000e+00
1.02300e+03 6.39936e-12 0.00000e+00
1.02400e+03 5.87622e-12 0.00000e+00
1.02500e+03 5.80489e-12 0.00000e+00
1.02600e+03 6.03097e-12 0.00000e+00
1.02700e+03 5.84168e-12 0.00000e+00
1.02800e+03 5.94842e-12 0.00000e+00
1.02900e+03 6.14957e-12 0.00000e+00
1.03000e+03 5.93379e-12 0.00000e+00
1.03100e+03 6.37076e-12 0.00000e+00
1.03200e+03 5.89968e-12 0.00000e+00
1.03300e+03 6.37642e-12 0.00000e+00
1.03400e+03 5.77178e-12 0.00000e+00
1.03500e+03 5.88626e-12 0.00000e+00
1.03600e+03 6.15231e-12 0.00000e+00
1.03700e+03 6.15498e-12 0.00000e+00
1.03800e+03 5.77872e-12 0.00000e+00
1.03900e+03 6.07862e-12 0.00000e+00
1.04000e+03 6.14199e-12 0.00000e+00
1.04100e+03 6.12993e-12 0.00000e+00
1.04200e+03 6.51542e-12 0.00000e+00
1.04300e+03 6.23813e-12 0.00000e+00
1.04400e+03 6.28937e-12 0.00000e+00
1.04500e+03 5.82817e-12 0.00000e+00
1.04600e+03 6.33694e-12 0.00000e+00
1.04700e+03 5.91935e-12 0.00000e+00
1.04800e+03 6.04739e-12 0.00000e+00
1.04900e+03 5.81409e-12 0.00000e+00
1.05000e+03 6.47436e-12 0.00000e+00
1.05100e+03 5.81483e-12 0.00000e+00
1.05200e+03 6.01183e-12 0.00000e+00
1.05300e+03 6.30961e-12 0.00000e+00
1.05400e+03 6.07791e-12 0.00000e+00
1.05500e+03 6.48222e-12 0.00000e+00
1.05600e+03 5.80414e-12 0.00000e+00
1.05700e+03 5.98367e-12 0.00000e+00
1.05800e+03 5.43135e-12 0.00000e+00
1.05900e+03 5.76251e-12 0.00000e+00
1.06000e+03 5.86764e-12 0.00000e+00
1.06100e+03 5.97415e-12 0.00000e+00
1.06200e+03 6.58680e-12 0.00000e+00
1.06300e+03 6.24530e-12 0.00000e+00
1.06400e+03 6.15420e-12 0.00000e+00
1.06500e+03 5.84383e-12 0.00000e+00
1.06600e+03 5.98452e-12 0.00000e+00
1.06700e+03 5.51903e-12 0.00000e+00
1.06800e+03 5.52108e-12 0.00000e+00
1.06900e+03 5.54491e-12 0.00000e+00
1.07000e+03 5.32790e-12 0.00000e+00
1.07100e+03 5.76275e-12 0.00000e+00
1.07200e+03 5.84989e-12 0.00000e+00
1.07300e+03 5.49612e-12 0.00000e+00
1.07400e+03 5.95279e-12 0.00000e+00
1.07500e+03 5.72389e-12 0.00000e+00
1.07600e+03 5.38850e-12 0.00000e+00
1.07700e+03 5.93051e-12 0.00000e+00
1.07800e+03 5.96671e-12 0.00000e+00
1.07900e+03 6.39823e-12 0.00000e+00
1.08000e+03 5.83305e-12 0.00000e+00
1.08100e+03 5.66203e-12 0.00000e+00
1.08200e+03 5.65319e-12 0.00000e+00
1.08300e+03 5.25360e-12 0.00000e+00
1.08400e+03 5.61985e-12 0.00000e+00
1.08500e+03 6.11023e-12 0.00000e+00
1.08600e+03 5.88727e-12 0.00000e+00
1.08700e+03 5.85350e-12 0.00000e+00
1.08800e+03 5.93796e-12 0.00000e+00
1.08900e+03 5.67471e-12 0.00000e+00
1.09000e+03 6.05868e-12 0.00000e+00
1.09100e+03 5.16205e-12 0.00000e+00
1.09200e+03 5.78114e-12 0.00000e+00
1.09300e+03 5.82435e-12 0.00000e+00
1.09400e+03 5.90159e-12 0.00000e+00
1.09500e+03 5.67642e-12 0.00000e+00
1.09600e+03 5.87617e-12 0.00000e+00
1.09700e+03 5.29932e-12 0.00000e+00
1.09800e+03 5.64536e-12 0.00000e+00
1.09900e+03 5.74715e-12 0.00000e+00
1.10000e+03 5.45635e-12 0.00000e+00
1.10100e+03 5.72529e-12 0.00000e+00
1.10200e+03 5.42859e-12 0.00000e+00
1.10300e+03 5.65546e-12 0.00000e+00
1.10400e+03 5.73401e-12 0.00000e+00
1.10500e+03 5.21834e-12 0.00000e+00
1.10600e+03 5.77228e-12 0.00000e+00
1.10700e+03 5.46543e-12 0.00000e+00
1.10800e+03 5.72769e-12 0.00000e+00
1.10900e+03 5.55870e-12 0.00000e+00
1.11000e+03 5.46357e-12 0.00000e+00
1.11100e+03 5.68700e-12 0.00000e+00
1.11200e+03 5.57439e-12 0.00000e+00
1.11300e+03 5.48627e-12 0.00000e+00
1.11400e+03 5.14032e-12 0.00000e+00
1.11500e+03 5.42601e-12 0.00000e+00
1.11600e+03 5.32562e-12 0.00000e+00
1.11700e+03 5.67043e-12 0.00000e+00
1.11800e+03 5.55179e-12 0.00000e+00
1.11900e+03 5.46041e-12 0.00000e+00
1.12000e+03 5.26448e-12 0.00000e+00
1.12100e+03 5.77866e-12 0.00000e+00
1.12200e+03 5.50812e-12 0.00000e+00
1.12300e+03 5.52464e-12 0.00000e+00
1.12400e+03 5.33073e-12 0.00000e+00
1.12500e+03 5.29825e-12 0.00000e+00
1.12600e+03 5.38143e-12 0.00000e+00
1.12700e+03 5.41091e-12 0.00000e+00
1.12800e+03 5.48044e-12 0.00000e+00
1.12900e+03 5.63637e-12 0.00000e+00
1.13000e+03 5.33885e-12 0.00000e+00
1.13100e+03 5.45787e-12 0.00000e+00
1.13200e+03 5.24565e-12 0.00000e+00
1.13300e+03 5.78491e-12 0.00000e+00
1.13400e+03 5.21438e-12 0.00000e+00
1.13500e+03 5.14626e-12 0.00000e+00
1.13600e+03 4.96931e-12 0.00000e+00
1.13700e+03 5.29913e-12 0.00000e+00
1.13800e+03 5.74678e-12 0.00000e+00
1.13900e+03 5.52642e-12 0.00000e+00
1.14000e+03 5.64766e-12 0.00000e+00
1.14100e+03 5.22973e-12 0.00000e+00
1.14200e+03 5.20846e-12 0.00000e+00
1.14300e+03 5.44144e-12 0.00000e+00
1.14400e+03 5.16821e-12 0.00000e+00
1.14500e+03 5.47215e-12 0.00000e+00
1.14600e+03 5.26473e-12 0.00000e+00
1.14700e+03 5.42860e-12 0.00000e+00
1.14800e+03 5.10460e-12 0.00000e+00
1.14900e+03 4.99120e-12 0.00000e+00
1.15000e+03 5.58854e-12 0.00000e+00
1.15100e+03 5.28971e-12 0.00000e+00
1.15200e+03 5.20118e-12 0.00000e+00
1.15300e+03 5.39900e-12 0.00000e+00
1.15400e+03 5.35138e-12 0.00000e+00
1.15500e+03 5.03537e-12 0.00000e+00
1.15600e+03 5.30906e-12 0.00000e+00
1.15700e+03 5.58779e-12 0.00000e+00
1.15800e+03 5.03624e-12 0.00000e+00
1.15900e+03 5.34448e-12 0.00000e+00
1.16000e+03 4.97574e-12 0.00000e+00
1.16100e+03 5.05399e-12 0.00000e+00
1.16200e+03 5.20807e-12 0.00000e+00
1.16300e+03 5.27476e-12 0.00000e+00
1.16400e+03 5.10840e-12 0.00000e+00
1.16500e+03 5.13525e-12 0.00000e+00
1.16600e+03 5.50205e-12 0.00000e+00
1.16700e+03 5.14894e-12 0.00000e+00
1.16800e+03 5.05866e-12 0.00000e+00
1.16900e+03 5.32571e-12 0.00000e+00
1.17000e+03 4.94104e-12 0.00000e+00
1.17100e+03 5.15133e-12 0.00000e+00
1.17200e+03 5.29397e-12 0.00000e+00
1.17300e+03 5.15372e-12 0.00000e+00
1.17400e+03 5.59498e-12 0.00000e+00
1.17500e+03 5.19656e-12 0.00000e+00
1.17600e+03 5.06634e-12 0.00000e+00
1.17700e+03 5.23300e-12 0.00000e+00
1.17800e+03 5.00365e-12 0.00000e+00
1.17900e+03 4.75207e-12 0.00000e+00
1.18000e+03 5.18043e-12 0.00000e+00
1.18100e+03 5.09330e-12 0.00000e+00
1.18200e+03 5.13881e-12 0.00000e+00
1.18300e+03 4.96612e-12 0.00000e+00
1.18400e+03 4.88685e-12 0.00000e+00
1.18500e+03 5.11279e-12 0.00000e+00
1.18600e+03 4.88180e-12 0.00000e+00
1.18700e+03 5.17005e-12 0.00000e+00
1.18800e+03 4.82467e-12 0.00000e+00
1.18900e+03 4.96409e-12 0.00000e+00
1.19000e+03 4.92753e-12 0.00000e+00
1.19100e+03 5.55707e-12 0.00000e+00
1.19200e+03 4.97705e-12 0.00000e+00
1.19300e+03 4.83376e-12 0.00000e+00
1.19400e+03 4.83494e-12 0.00000e+00
1.19500e+03 5.04198e-12 0.00000e+00
1.19600e+03 5.19985e-12 0.00000e+00
1.19700e+03 5.33730e-12 0.00000e+00
1.19800e+03 4.87362e-12 0.00000e+00
1.19900e+03 5.03722e-12 0.00000e+00
1.20000e+03 4.86952e-12 0.00000e+00
1.20100e+03 4.98979e-12 0.00000e+00
1.20200e+03 4.50963e-12 0.00000e+00
1.20300e+03 5.14869e-12 0.00000e+00
1.20400e+03 5.06595e-12 0.00000e+00
1.20500e+03 4.93929e-12 0.00000e+00
1.20600e+03 5.18845e-12 0.00000e+00
1.20700e+03 5.06065e-12 0.00000e+00
1.20800e+03 5.06200e-12 0.00000e+00
1.20900e+03 4.51548e-12 0.00000e+00
1.21000e+03 5.14695e-12 0.00000e+00
1.21100e+03 4.62418e-12 0.00000e+00
1.21200e+03 5.07513e-12 0.00000e+00
1.21300e+03 5.04541e-12 0.00000e+00
1.21400e+03 4.65946e-12 0.00000e+00
1.21500e+03 4.99437e-12 0.00000e+00
1.21600e+03 4.87481e-12 0.00000e+00
1.21700e+03 4.82500e-12 0.00000e+00
1.21800e+03 4.64262e-12 0.00000e+00
1.21900e+03 4.92670e-12 0.00000e+00
1.22000e+03 5.09258e-12 0.00000e+00
1.22100e+03 4.81298e-12 0.00000e+00
1.22200e+03 4.81132e-12 0.00000e+00
1.22300e+03 4.70888e-12 0.00000e+00
1.22400e+03 5.04087e-12 0.00000e+00
1.22500e+03 4.55555e-12 0.00000e+00
1.22600e+03 4.88336e-12 0.00000e+00
1.22700e+03 4.63413e-12 0.00000e+00
1.22800e+03 5.12327e-12 0.00000e+00
1.22900e+03 4.88225e-12 0.00000e+00
1.23000e+03 4.77339e-12 0.00000e+00
1.23100e+03 4.88034e-12 0.00000e+00
1.23200e+03 5.11717e-12 0.00000e+00
1.23300e+03 4.43420e-12 0.00000e+00
1.23400e+03 4.83794e-12 0.00000e+00
1.23500e+03 4.29137e-12 0.00000e+00
1.23600e+03 4.93139e-12 0.00000e+00
1.23700e+03 4.89554e-12 0.00000e+00
1.23800e+03 4.38596e-12 0.00000e+00
1.23900e+03 4.62227e-12 0.00000e+00
1.24000e+03 4.70743e-12 0.00000e+00
1.24100e+03 4.33943e-12 0.00000e+00
1.24200e+03 4.39901e-12 0.00000e+00
1.24300e+03 4.37737e-12 0.00000e+00
1.24400e+03 4.73170e-12 0.00000e+00
1.24500e+03 4.51318e-12 0.00000e+00
1.24600e+03 4.10003e-12 0.00000e+00
1.24700e+03 4.88203e-12 0.00000e+00
1.24800e+03 4.42774e-12 0.00000e+00
1.24900e+03 4.51817e-12 0.00000e+00
1.25000e+03 4.57121e-12 0.00000e+00
1.25100e+03 4.41714e-12 0.00000e+00
1.25200e+03 4.45880e-12 0.00000e+00
1.25300e+03 4.91243e-12 0.00000e+00
1.25400e+03 4.63004e-12 0.00000e+00
1.25500e+03 4.19427e-12 0.00000e+00
1.25600e+03 4.43904e-12 0.00000e+00
1.25700e+03 4.35234e-12 0.00000e+00
1.25800e+03 4.77027e-12 0.00000e+00
1.25900e+03 4.41906e-12 0.00000e+00
1.26000e+03 4.52348e-12 0.00000e+00
1.26100e+03 4.79129e-12 0.00000e+00
1.26200e+03 4.58725e-12 0.00000e+00
1.26300e+03 4.54763e-12 0.00000e+00
1.26400e+03 4.66613e-12 0.00000e+00
1.26500e+03 4.52327e-12 0.00000e+00
1.26600e+03 4.91054e-12 0.00000e+00
1.26700e+03 4.55429e-12 0.00000e+00
1.26800e+03 4.67690e-12 0.00000e+00
1.26900e+03 4.51052e-12 0.00000e+00
1.27000e+03 4.45647e-12 0.00000e+00
1.27100e+03 4.55872e-12 0.00000e+00
1.27200e+03 5.06583e-12 0.00000e+00
1.27300e+03 4.57878e-12 0.00000e+00
1.27400e+03 4.40041e-12 0.00000e+00
1.27500e+03 4.24039e-12 0.00000e+00
1.27600e+03 4.76051e-12 0.00000e+00
1.27700e+03 4.37884e-12 0.00000e+00
1.27800e+03 4.13189e-12 0.00000e+00
1.27900e+03 4.35890e-12 0.00000e+00
1.28000e+03 4.54269e-12 0.00000e+00
1.28100e+03 4.46446e-12 0.00000e+00
1.28200e+03 4.82128e-12 0.00000e+00
1.28300e+03 4.39036e-12 0.00000e+00
1.28400e+03 4.42614e-12 0.00000e+00
1.28500e+03 4.48735e-12 0.00000e+00
1.28600e+03 4.17101e-12 0.00000e+00
1.28700e+03 4.10682e-12 0.00000e+00
1.28800e+03 4.56668e-12 0.00000e+00
1.28900e+03 4.51087e-12 0.00000e+00
1.29000e+03 4.40129e-12 0.00000e+00
1.29100e+03 4.21025e-12 0.00000e+00
1.29200e+03 4.39837e-12 0.00000e+00
1.29300e+03 4.50494e-12 0.00000e+00
1.29400e+03 4.67856e-12 0.00000e+00
1.29500e+03 4.48389e-12 0.00000e+00
1.29600e+03 4.25937e-12 0.00000e+00
1.29700e+03 4.14777e-12 0.00000e+00
1.29800e+03 4.17872e-12 0.00000e+00
1.29900e+03 4.27986e-12 0.00000e+00
1.30000e+03 4.21468e-12 0.00000e+00
1.30100e+03 4.32425e-12 0.00000e+00
1.30200e+03 4.47592e-12 0.00000e+00
1.30300e+03 4.15890e-12 0.00000e+00
1.30400e+03 4.30455e-12 0.00000e+00
1.30500e+03 4.28033e-12 0.00000e+00
1.30600e+03 4.41298e-12 0.00000e+00
1.30700e+03 4.15173e-12 0.00000e+00
1.30800e+03 4.15028e-12 0.00000e+00
1.30900e+03 4.21634e-12 0.00000e+00
1.31000e+03 4.17560e-12 0.00000e+00
1.31100e+03 4.31265e-12 0.00000e+00
1.31200e+03 4.35061e-12 0.00000e+00
1.31300e+03 4.03607e-12 0.00000e+00
1.31400e+03 4.32521e-12 0.00000e+00
1.31500e+03 4.01083e-12 0.00000e+00
1.31600e+03 4.23979e-12 0.00000e+00
1.31700e+03 4.20282e-12 0.00000e+00
1.31800e+03 4.28215e-12 0.00000e+00
1.31900e+03 4.07076e-12 0.00000e+00
1.32000e+03 4.11265e-12 0.00000e+00
1.32100e+03 4.30789e-12 0.00000e+00
1.32200e+03 4.22085e-12 0.00000e+00
1.32300e+03 4.27037e-12 0.00000e+00
1.32400e+03 4.22184e-12 0.00000e+00
1.32500e+03 4.08332e-12 0.00000e+00
1.32600e+03 4.03700e-12 0.00000e+00
1.32700e+03 4.24533e-12 0.00000e+00
1.32800e+03 4.10163e-12 0.00000e+00
1.32900e+03 4.20920e-12 0.00000e+00
1.33000e+03 3.90063e-12 0.00000e+00
1.33100e+03 3.96885e-12 0.00000e+00
1.33200e+03 4.54919e-12 0.00000e+00
1.33300e+03 4.33200e-12 0.00000e+00
1.33400e+03 4.19334e-12 0.00000e+00
1.33500e+03 3.79900e-12 0.00000e+00
1.33600e+03 4.13459e-12 0.00000e+00
1.33700e+03 4.07689e-12 0.00000e+00
1.33800e+03 3.94479e-12 0.00000e+00
1.33900e+03 3.77671e-12 0.00000e+00
1.34000e+03 4.22311e-12 0.00000e+00
1.34100e+03 4.08523e-12 0.00000e+00
1.34200e+03 4.13715e-12 0.00000e+00
1.34300e+03 4.09574e-12 0.00000e+00
1.34400e+03 4.31263e-12 0.00000e+00
1.34500e+03 4.04795e-12 0.00000e+00
1.34600e+03 4.13108e-12 0.00000e+00
1.34700e+03 4.05681e-12 0.00000e+00
1.34800e+03 4.05517e-12 0.00000e+00
1.34900e+03 3.92248e-12 0.00000e+00
1.35000e+03 3.93399e-12 0.00000e+00
1.35100e+03 3.97897e-12 0.00000e+00
1.35200e+03 3.90696e-12 0.00000e+00
1.35300e+03 3.78318e-12 0.00000e+00
1.35400e+03 3.88058e-12 0.00000e+00
1.35500e+03 4.09090e-12 0.00000e+00
1.35600e+03 4.17433e-12 0.00000e+00
1.35700e+03 4.04490e-12 0.00000e+00
1.35800e+03 3.89951e-12 0.00000e+00
1.35900e+03 4.10904e-12 0.00000e+00
1.36000e+03 3.88864e-12 0.00000e+00
1.36100e+03 4.38718e-12 0.00000e+00
1.36200e+03 3.72707e-12 0.00000e+00
1.36300e+03 3.88750e-12 0.00000e+00
1.36400e+03 3.82752e-12 0.00000e+00
1.36500e+03 3.72461e-12 0.00000e+00
1.36600e+03 3.84799e-12 0.00000e+00
1.36700e+03 3.68713e-12 0.00000e+00
1.36800e+03 4.08459e-12 0.00000e+00
1.36900e+03 3.93651e-12 0.00000e+00
1.37000e+03 3.77736e-12 0.00000e+00
1.37100e+03 3.95215e-12 0.00000e+00
1.37200e+03 4.02443e-12 0.00000e+00
1.37300e+03 3.78610e-12 0.00000e+00
1.37400e+03 3.80930e-12 0.00000e+00
1.37500e+03 3.92098e-12 0.00000e+00
1.37600e+03 3.92710e-12 0.00000e+00
1.37700e+03 3.53426e-12 0.00000e+00
1.37800e+03 3.92719e-12 0.00000e+00
1.37900e+03 3.90077e-12 0.00000e+00
1.38000e+03 3.84429e-12 0.00000e+00
1.38100e+03 3.90028e-12 0.00000e+00
1.38200e+03 4.23819e-12 0.00000e+00
1.38300e+03 3.82620e-12 0.00000e+00
1.38400e+03 3.57802e-12 0.00000e+00
1.38500e+03 3.76812e-12 0.00000e+00
1.38600e+03 4.17722e-12 0.00000e+00
1.38700e+03 3.53039e-12 0.00000e+00
1.38800e+03 3.83024e-12 0.00000e+00
1.38900e+03 3.94180e-12 0.00000e+00
1.39000e+03 3.72382e-12 0.00000e+00
1.39100e+03 3.85960e-12 0.00000e+00
1.39200e+03 3.78857e-12 0.00000e+00
1.39300e+03 3.94832e-12 0.00000e+00
1.39400e+03 4.02227e-12 0.00000e+00
1.39500e+03 3.77756e-12 0.00000e+00
1.39600e+03 3.96507e-12 0.00000e+00
1.39700e+03 3.66340e-12 0.00000e+00
1.39800e+03 3.90738e-12 0.00000e+00
1.39900e+03 3.80589e-12 0.00000e+00
1.40000e+03 3.95295e-12 0.00000e+00
1.40100e+03 3.73423e-12 0.00000e+00
1.40200e+03 3.62332e-12 0.00000e+00
1.40300e+03 3.95030e-12 0.00000e+00
1.40400e+03 3.66494e-12 0.00000e+00
1.40500e+03 3.57610e-12 0.00000e+00
1.40600e+03 3.84849e-12 0.00000e+00
1.40700e+03 3.95926e-12 0.00000e+00
1.40800e+03 3.66291e-12 0.00000e+00
1.40900e+03 3.56232e-12 0.00000e+00
1.41000e+03 3.84735e-12 0.00000e+00
1.41100e+03 3.63632e-12 0.00000e+00
1.41200e+03 3.64899e-12 0.00000e+00
1.41300e+03 3.64191e-12 0.00000e+00
1.41400e+03 3.73584e-12 0.00000e+00
1.41500e+03 3.63665e-12 0.00000e+00
1.41600e+03 3.55913e-12 0.00000e+00
1.41700e+03 3.58134e-12 0.00000e+00
1.41800e+03 3.65240e-12 0.00000e+00
1.41900e+03 3.83052e-12 0.00000e+00
1.42000e+03 3.64416e-12 0.00000e+00
1.42100e+03 3.61910e-12 0.00000e+00
1.42200e+03 3.60934e-12 0.00000e+00
1.42300e+03 3.57489e-12 0.00000e+00
1.42400e+03 3.45827e-12 0.00000e+00
1.42500e+03 3.45634e-12 0.00000e+00
1.42600e+03 3.64064e-12 0.00000e+00
1.42700e+03 3.55157e-12 0.00000e+00
1.42800e+03 3.52802e-12 0.00000e+00
1.42900e+03 3.61148e-12 0.00000e+00
1.43000e+03 3.60016e-12 0.00000e+00
1.43100e+03 3.39853e-12 0.00000e+00
1.43200e+03 3.52962e-12 0.00000e+00
1.43300e+03 3.81781e-12 0.00000e+00
1.43400e+03 3.73532e-12 0.00000e+00
1.43500e+03 3.54754e-12 0.00000e+00
1.43600e+03 3.83968e-12 0.00000e+00
1.43700e+03 3.40198e-12 0.00000e+00
1.43800e+03 3.73399e-12 0.00000e+00
1.43900e+03 3.49305e-12 0.00000e+00
1.44000e+03 3.42752e-12 0.00000e+00
1.44100e+03 3.72632e-12 0.00000e+00
1.44200e+03 3.47830e-12 0.00000e+00
1.44300e+03 3.34605e-12 0.00000e+00
1.44400e+03 3.77451e-12 0.00000e+00
1.44500e+03 3.55098e-12 0.00000e+00
1.44600e+03 3.59435e-12 0.00000e+00
1.44700e+03 3.58509e-12 0.00000e+00
1.44800e+03 3.59486e-12 0.00000e+00
1.44900e+03 3.34262e-12 0.00000e+00
1.45000e+03 3.66588e-12 0.00000e+00
1.45100e+03 3.43030e-12 0.00000e+00
1.45200e+03 3.61120e-12 0.00000e+00
1.45300e+03 3.37625e-12 0.00000e+00
1.45400e+03 3.59361e-12 0.00000e+00
1.45500e+03 3.56313e-12 0.00000e+00
1.45600e+03 3.55169e-12 0.00000e+00
1.45700e+03 3.48531e-12 0.00000e+00
1.45800e+03 3.55330e-12 0.00000e+00
1.45900e+03 3.56432e-12 0.00000e+00
1.46000e+03 3.45997e-12 0.00000e+00
1.46100e+03 3.40091e-12 0.00000e+00
1.46200e+03 3.46040e-12 0.00000e+00
1.46300e+03 3.41789e-12 0.00000e+00
1.46400e+03 3.32528e-12 0.00000e+00
1.46500e+03 3.60583e-12 0.00000e+00
1.46600e+03 3.50272e-12 0.00000e+00
1.46700e+03 3.39604e-12 0.00000e+00
1.46800e+03 3.66777e-12 0.00000e+00
1.46900e+03 3.27823e-12 0.00000e+00
1.47000e+03 3.17930e-12 0.00000e+00
1.47100e+03 3.25995e-12 0.00000e+00
1.47200e+03 3.51563e-12 0.00000e+00
1.47300e+03 3.34696e-12 0.00000e+00
1.47400e+03 3.50325e-12 0.00000e+00
1.47500e+03 3.24295e-12 0.00000e+00
1.47600e+03 3.48059e-12 0.00000e+00
1.47700e+03 3.29104e-12 0.00000e+00
1.47800e+03 3.62269e-12 0.00000e+00
1.47900e+03 3.58976e-12 0.00000e+00
1.48000e+03 3.44649e-12 0.00000e+00
1.48100e+03 3.42579e-12 0.00000e+00
1.48200e+03 3.54082e-12 0.00000e+00
1.48300e+03 3.39562e-12 0.00000e+00
1.48400e+03 3.24301e-12 0.00000e+00
1.48500e+03 3.24107e-12 0.00000e+00
1.48600e+03 3.21244e-12 0.00000e+00
1.48700e+03 3.26924e-12 0.00000e+00
1.48800e+03 3.30583e-12 0.00000e+00
1.48900e+03 3.29976e-12 0.00000e+00
1.49000e+03 3.29176e-12 0.00000e+00
1.49100e+03 3.19031e-12 0.00000e+00
1.49200e+03 3.20138e-12 0.00000e+00
1.49300e+03 3.30252e-12 0.00000e+00
1.49400e+03 3.37046e-12 0.00000e+00
1.49500e+03 3.26857e-12 0.00000e+00
1.49600e+03 3.20733e-12 0.00000e+00
1.49700e+03 3.23791e-12 0.00000e+00
1.49800e+03 3.29856e-12 0.00000e+00
1.49900e+03 2.92515e-12 0.00000e+00
1.50000e+03 3.35268e-12 0.00000e+00
1.50100e+03 3.30556e-12 0.00000e+00
1.50200e+03 3.19081e-12 0.00000e+00
1.50300e+03 3.31462e-12 0.00000e+00
1.50400e+03 3.20811e-12 0.00000e+00
1.50500e+03 3.14777e-12 0.00000e+00
1.50600e+03 3.08905e-12 0.00000e+00
1.50700e+03 3.32071e-12 0.00000e+00
1.50800e+03 3.18584e-12 0.00000e+00
1.50900e+03 3.13857e-12 0.00000e+00
1.51000e+03 3.06476e-12 0.00000e+00
1.51100e+03 3.23139e-12 0.00000e+00
1.51200e+03 3.31339e-12 0.00000e+00
1.51300e+03 3.06565e-12 0.00000e+00
1.51400e+03 3.36187e-12 0.00000e+00
1.51500e+03 3.27480e-12 0.00000e+00
1.51600e+03 3.05296e-12 0.00000e+00
1.51700e+03 3.18361e-12 0.00000e+00
1.51800e+03 3.39024e-12 0.00000e+00
1.51900e+03 3.02965e-12 0.00000e+00
1.52000e+03 3.25103e-12 0.00000e+00
1.52100e+03 3.13996e-12 0.00000e+00
1.52200e+03 3.15704e-12 0.00000e+00
1.52300e+03 3.23990e-12 0.00000e+00
1.52400e+03 3.15574e-12 0.00000e+00
1.52500e+03 3.13883e-12 0.00000e+00
1.52600e+03 3.04214e-12 0.00000e+00
1.52700e+03 3.14532e-12 0.00000e+00
1.52800e+03 3.17388e-12 0.00000e+00
1.52900e+03 3.19084e-12 0.00000e+00
1.53000e+03 3.25106e-12 0.00000e+00
1.53100e+03 3.01418e-12 0.00000e+00
1.53200e+03 3.04112e-12 0.00000e+00
1.53300e+03 3.35182e-12 0.00000e+00
1.53400e+03 2.90504e-12 0.00000e+00
1.53500e+03 3.18608e-12 0.00000e+00
1.53600e+03 3.06538e-12 0.00000e+00
1.53700e+03 3.08272e-12 0.00000e+00
1.53800e+03 3.02276e-12 0.00000e+00
1.53900e+03 3.18203e-12 0.00000e+00
1.54000e+03 3.19938e-12 0.00000e+00
1.54100e+03 2.95655e-12 0.00000e+00
1.54200e+03 3.28680e-12 0.00000e+00
1.54300e+03 2.95529e-12 0.00000e+00
1.54400e+03 3.22742e-12 0.00000e+00
1.54500e+03 3.05339e-12 0.00000e+00
1.54600e+03 2.94360e-12 0.00000e+00
1.54700e+03 2.96904e-12 0.00000e+00
1.54800e+03 2.96418e-12 0.00000e+00
1.54900e+03 2.98761e-12 0.00000e+00
1.55000e+03 3.24319e-12 0.00000e+00
1.55100e+03 3.10764e-12 0.00000e+00
1.55200e+03 3.22617e-12 0.00000e+00
1.55300e+03 3.03171e-12 0.00000e+00
1.55400e+03 3.02229e-12 0.00000e+00
1.55500e+03 3.04344e-12 0.00000e+00
1.55600e+03 2.84893e-12 0.00000e+00
1.55700e+03 2.67064e-12 0.00000e+00
1.55800e+03 2.92762e-12 0.00000e+00
1.55900e+03 3.12945e-12 0.00000e+00
1.56000e+03 3.20518e-12 0.00000e+00
1.56100e+03 3.07162e-12 0.00000e+00
1.56200e+03 3.07996e-12 0.00000e+00
1.56300e+03 3.06594e-12 0.00000e+00
1.56400e+03 2.82294e-12 0.00000e+00
1.56500e+03 3.05039e-12 0.00000e+00
1.56600e+03 2.93569e-12 0.00000e+00
1.56700e+03 2.84777e-12 0.00000e+00
1.56800e+03 2.98146e-12 0.00000e+00
1.56900e+03 2.92251e-12 0.00000e+00
1.57000e+03 3.14358e-12 0.00000e+00
1.57100e+03 3.03690e-12 0.00000e+00
1.57200e+03 2.78665e-12 0.00000e+00
1.57300e+03 2.86657e-12 0.00000e+00
1.57400e+03 3.01647e-12 0.00000e+00
1.57500e+03 2.88801e-12 0.00000e+00
1.57600e+03 2.95460e-12 0.00000e+00
1.57700e+03 2.83904e-12 0.00000e+00
1.57800e+03 2.83532e-12 0.00000e+00
1.57900e+03 2.83432e-12 0.00000e+00
1.58000e+03 3.13567e-12 0.00000e+00
1.58100e+03 3.00977e-12 0.00000e+00
1.58200e+03 2.92713e-12 0.00000e+00
1.58300e+03 3.01385e-12 0.00000e+00
1.58400e+03 2.77098e-12 0.00000e+00
1.58500e+03 3.02372e-12 0.00000e+00
1.58600e+03 3.07216e-12 0.00000e+00
1.58700e+03 3.03781e-12 0.00000e+00
1.58800e+03 2.90455e-12 0.00000e+00
1.58900e+03 2.94217e-12 0.00000e+00
1.59000e+03 2.81309e-12 0.00000e+00
1.59100e+03 2.76409e-12 0.00000e+00
1.59200e+03 3.04651e-12 0.00000e+00
1.59300e+03 2.92243e-12 0.00000e+00
1.59400e+03 2.65399e-12 0.00000e+00
1.59500e+03 2.67495e-12 0.00000e+00
1.59600e+03 3.02948e-12 0.00000e+00
1.59700e+03 2.76139e-12 0.00000e+00
1.59800e+03 2.80878e-12 0.00000e+00
1.59900e+03 2.92617e-12 0.00000e+00
1.60000e+03 2.85564e-12 0.00000e+00
1.60100e+03 2.83443e-12 0.00000e+00
1.60200e+03 2.86304e-12 0.00000e+00
1.60300e+03 2.93170e-12 0.00000e+00
1.60400e+03 2.85072e-12 0.00000e+00
1.60500e+03 3.06270e-12 0.00000e+00
1.60600e+03 2.96844e-12 0.00000e+00
1.60700e+03 2.91750e-12 0.00000e+00
1.60800e+03 2.70042e-12 0.00000e+00
1.60900e+03 2.75242e-12 0.00000e+00
1.61000e+03 2.94593e-12 0.00000e+00
1.61100e+03 2.72342e-12 0.00000e+00
1.61200e+03 2.70030e-12 0.00000e+00
1.61300e+03 2.79804e-12 0.00000e+00
1.61400e+03 2.67674e-12 0.00000e+00
1.61500e+03 2.78950e-12 0.00000e+00
1.61600e+03 2.77411e-12 0.00000e+00
1.61700e+03 2.79164e-12 0.00000e+00
1.61800e+03 2.91391e-12 0.00000e+00
1.61900e+03 2.64345e-12 0.00000e+00
1.62000e+03 2.70225e-12 0.00000e+00
1.62100e+03 2.60402e-12 0.00000e+00
1.62200e+03 2.87183e-12 0.00000e+00
1.62300e+03 2.78319e-12 0.00000e+00
1.62400e+03 2.66395e-12 0.00000e+00
1.62500e+03 2.77392e-12 0.00000e+00
1.62600e+03 2.83276e-12 0.00000e+00
1.62700e+03 2.74752e-12 0.00000e+00
1.62800e+03 2.91364e-12 0.00000e+00
1.62900e+03 2.59045e-12 0.00000e+00
1.63000e+03 2.69988e-12 0.00000e+00
1.63100e+03 2.80960e-12 0.00000e+00
1.63200e+03 2.78469e-12 0.00000e+00
1.63300e+03 2.69070e-12 0.00000e+00
1.63400e+03 2.59882e-12 0.00000e+00
1.63500e+03 2.79188e-12 0.00000e+00
1.63600e+03 2.58654e-12 0.00000e+00
1.63700e+03 2.93920e-12 0.00000e+00
1.63800e+03 2.68996e-12 0.00000e+00
1.63900e+03 2.66875e-12 0.00000e+00
1.64000e+03 2.64019e-12 0.00000e+00
1.64100e+03 2.64029e-12 0.00000e+00
1.64200e+03 2.95907e-12 0.00000e+00
1.64300e+03 2.76556e-12 0.00000e+00
1.64400e+03 2.77521e-12 0.00000e+00
1.64500e+03 2.65129e-12 0.00000e+00
1.64600e+03 2.60594e-12 0.00000e+00
1.64700e+03 2.59040e-12 0.00000e+00
1.64800e+03 2.81261e-12 0.00000e+00
1.64900e+03 2.56395e-12 0.00000e+00
1.65000e+03 2.71925e-12 0.00000e+00
1.65100e+03 2.66460e-12 0.00000e+00
1.65200e+03 2.65053e-12 0.00000e+00
1.65300e+03 2.64329e-12 0.00000e+00
1.65400e+03 2.56157e-12 0.00000e+00
1.65500e+03 2.56052e-12 0.00000e+00
1.65600e+03 2.63198e-12 0.00000e+00
1.65700e+03 2.76422e-12 0.00000e+00
1.65800e+03 2.61758e-12 0.00000e+00
1.65900e+03 2.51865e-12 0.00000e+00
1.66000e+03 2.63204e-12 0.00000e+00
1.66100e+03 2.50648e-12 0.00000e+00
1.66200e+03 2.46327e-12 0.00000e+00
1.66300e+03 2.52885e-12 0.00000e+00
1.66400e+03 2.44287e-12 0.00000e+00
1.66500e+03 2.46331e-12 0.00000e+00
1.66600e+03 2.55789e-12 0.00000e+00
1.66700e+03 2.31884e-12 0.00000e+00
1.66800e+03 2.66886e-12 0.00000e+00
1.66900e+03 2.48191e-12 0.00000e+00
1.67000e+03 2.66395e-12 0.00000e+00
1.67100e+03 2.48102e-12 0.00000e+00
1.67200e+03 2.31645e-12 0.00000e+00
1.67300e+03 2.54730e-12 0.00000e+00
1.67400e+03 2.56986e-12 0.00000e+00
1.67500e+03 2.72812e-12 0.00000e+00
1.67600e+03 2.38215e-12 0.00000e+00
1.67700e+03 2.54729e-12 0.00000e+00
1.67800e+03 2.72426e-12 0.00000e+00
1.67900e+03 2.47761e-12 0.00000e+00
1.68000e+03 2.40189e-12 0.00000e+00
1.68100e+03 2.37853e-12 0.00000e+00
1.68200e+03 2.54994e-12 0.00000e+00
1.68300e+03 2.52551e-12 0.00000e+00
1.68400e+03 2.44831e-12 0.00000e+00
1.68500e+03 2.45683e-12 0.00000e+00
1.68600e+03 2.46653e-12 0.00000e+00
1.68700e+03 2.61039e-12 0.00000e+00
1.68800e+03 2.51377e-12 0.00000e+00
1.68900e+03 2.52268e-12 0.00000e+00
1.69000e+03 2.29388e-12 0.00000e+00
1.69100e+03 2.41904e-12 0.00000e+00
1.69200e+03 2.53295e-12 0.00000e+00
1.69300e+03 2.34769e-12 0.00000e+00
1.69400e+03 2.34253e-12 0.00000e+00
1.69500e+03 2.59123e-12 0.00000e+00
1.69600e+03 2.41131e-12 0.00000e+00
1.69700e+03 2.41075e-12 0.00000e+00
1.69800e+03 2.42087e-12 0.00000e+00
1.69900e+03 2.36686e-12 0.00000e+00
1.70000e+03 2.30577e-12 0.00000e+00
1.70100e+03 2.40514e-12 0.00000e+00
1.70200e+03 2.39529e-12 0.00000e+00
1.70300e+03 2.52287e-12 0.00000e+00
1.70400e+03 2.55006e-12 0.00000e+00
1.70500e+03 2.38770e-12 0.00000e+00
1.70600e+03 2.41264e-12 0.00000e+00
1.70700e+03 2.52315e-12 0.00000e+00
1.70800e+03 2.23390e-12 0.00000e+00
1.70900e+03 2.32708e-12 0.00000e+00
1.71000e+03 2.29160e-12 0.00000e+00
1.71100e+03 2.34635e-12 0.00000e+00
1.71200e+03 2.43164e-12 0.00000e+00
1.71300e+03 2.50063e-12 0.00000e+00
1.71400e+03 2.14268e-12 0.00000e+00
1.71500e+03 2.31575e-12 0.00000e+00
1.71600e+03 2.43570e-12 0.00000e+00
1.71700e+03 2.31291e-12 0.00000e+00
1.71800e+03 2.44831e-12 0.00000e+00
1.71900e+03 2.37919e-12 0.00000e+00
1.72000e+03 2.40069e-12 0.00000e+00
1.72100e+03 2.23457e-12 0.00000e+00
1.72200e+03 2.41050e-12 0.00000e+00
1.72300e+03 2.36587e-12 0.00000e+00
1.72400e+03 2.48193e-12 0.00000e+00
1.72500e+03 2.40951e-12 0.00000e+00
1.72600e+03 2.34653e-12 0.00000e+00
1.72700e+03 2.44533e-12 0.00000e+00
1.72800e+03 2.25978e-12 0.00000e+00
1.72900e+03 2.40152e-12 0.00000e+00
1.73000e+03 2.40163e-12 0.00000e+00
1.73100e+03 2.14502e-12 0.00000e+00
1.73200e+03 2.33300e-12 0.00000e+00
1.73300e+03 2.29307e-12 0.00000e+00
1.73400e+03 2.27727e-12 0.00000e+00
1.73500e+03 2.36950e-12 0.00000e+00
1.73600e+03 2.27464e-12 0.00000e+00
1.73700e+03 2.46288e-12 0.00000e+00
1.73800e+03 2.32858e-12 0.00000e+00
1.73900e+03 2.30662e-12 0.00000e+00
1.74000e+03 2.23896e-12 0.00000e+00
1.74100e+03 2.19788e-12 0.00000e+00
1.74200e+03 2.16072e-12 0.00000e+00
1.74300e+03 2.31762e-12 0.00000e+00
1.74400e+03 2.38843e-12 0.00000e+00
1.74500e+03 2.32257e-12 0.00000e+00
1.74600e+03 2.27449e-12 0.00000e+00
1.74700e+03 2.17021e-12 0.00000e+00
1.74800e+03 2.22611e-12 0.00000e+00
1.74900e+03 2.21129e-12 0.00000e+00
1.75000e+03 2.13045e-12 0.00000e+00
1.75100e+03 2.21841e-12 0.00000e+00
1.75200e+03 2.36180e-12 0.00000e+00
1.75300e+03 2.34692e-12 0.00000e+00
1.75400e+03 2.18478e-12 0.00000e+00
1.75500e+03 2.20059e-12 0.00000e+00
1.75600e+03 2.31973e-12 0.00000e+00
1.75700e+03 2.19022e-12 0.00000e+00
1.75800e+03 2.40227e-12 0.00000e+00
1.75900e+03 2.32648e-12 0.00000e+00
1.76000e+03 2.26637e-12 0.00000e+00
1.76100e+03 2.39344e-12 0.00000e+00
1.76200e+03 2.23561e-12 0.00000e+00
1.76300e+03 2.10938e-12 0.00000e+00
1.76400e+03 2.23047e-12 0.00000e+00
1.76500e+03 2.45853e-12 0.00000e+00
1.76600e+03 2.26005e-12 0.00000e+00
1.76700e+03 2.15707e-12 0.00000e+00
1.76800e+03 2.17992e-12 0.00000e+00
1.76900e+03 2.14195e-12 0.00000e+00
1.77000e+03 2.06539e-12 0.00000e+00
1.77100e+03 2.14511e-12 0.00000e+00
1.77200e+03 2.07668e-12 0.00000e+00
1.77300e+03 2.44632e-12 0.00000e+00
1.77400e+03 2.04598e-12 0.00000e+00
1.77500e+03 2.13049e-12 0.00000e+00
1.77600e+03 2.25995e-12 0.00000e+00
1.77700e+03 2.25722e-12 0.00000e+00
1.77800e+03 2.21212e-12 0.00000e+00
1.77900e+03 2.19532e-12 0.00000e+00
1.78000e+03 2.03540e-12 0.00000e+00
1.78100e+03 2.11516e-12 0.00000e+00
1.78200e+03 2.07394e-12 0.00000e+00
1.78300e+03 2.18024e-12 0.00000e+00
1.78400e+03 2.07615e-12 0.00000e+00
1.78500e+03 2.23378e-12 0.00000e+00
1.78600e+03 2.22018e-12 0.00000e+00
1.78700e+03 1.98357e-12 0.00000e+00
1.78800e+03 2.09086e-12 0.00000e+00
1.78900e+03 2.13418e-12 0.00000e+00
1.79000e+03 2.00542e-12 0.00000e+00
1.79100e+03 2.05045e-12 0.00000e+00
1.79200e+03 2.05790e-12 0.00000e+00
1.79300e+03 2.04506e-12 0.00000e+00
1.79400e+03 2.07586e-12 0.00000e+00
1.79500e+03 2.04629e-12 0.00000e+00
1.79600e+03 1.96896e-12 0.00000e+00
1.79700e+03 2.07065e-12 0.00000e+00
1.79800e+03 2.12806e-12 0.00000e+00
1.79900e+03 2.02402e-12 0.00000e+00
1.80000e+03 2.07649e-12 0.00000e+00
1.80100e+03 2.03151e-12 0.00000e+00
1.80200e+03 2.06999e-12 0.00000e+00
1.80300e+03 2.20009e-12 0.00000e+00
1.80400e+03 2.13958e-12 0.00000e+00
1.80500e+03 2.14574e-12 0.00000e+00
1.80600e+03 1.96231e-12 0.00000e+00
1.80700e+03 2.02252e-12 0.00000e+00
1.80800e+03 2.01366e-12 0.00000e+00
1.80900e+03 1.96001e-12 0.00000e+00
1.81000e+03 2.00689e-12 0.00000e+00
1.81100e+03 1.92582e-12 0.00000e+00
1.81200e+03 2.13099e-12 0.00000e+00
1.81300e+03 1.88464e-12 0.00000e+00
1.81400e+03 2.24367e-12 0.00000e+00
1.81500e+03 1.97892e-12 0.00000e+00
1.81600e+03 1.94945e-12 0.00000e+00
1.81700e+03 2.06172e-12 0.00000e+00
1.81800e+03 2.01961e-12 0.00000e+00
1.81900e+03 1.99432e-12 0.00000e+00
1.82000e+03 2.19420e-12 0.00000e+00
1.82100e+03 1.94974e-12 0.00000e+00
1.82200e+03 2.05668e-12 0.00000e+00
1.82300e+03 1.92837e-12 0.00000e+00
1.82400e+03 2.02083e-12 0.00000e+00
1.82500e+03 2.00241e-12 0.00000e+00
1.82600e+03 1.93440e-12 0.00000e+00
1.82700e+03 1.81346e-12 0.00000e+00
1.82800e+03 2.02764e-12 0.00000e+00
1.82900e+03 1.98257e-12 0.00000e+00
1.83000e+03 1.84581e-12 0.00000e+00
1.83100e+03 1.87033e-12 0.00000e+00
1.83200e+03 1.91642e-12 0.00000e+00
1.83300e+03 1.95106e-12 0.00000e+00
1.83400e+03 2.04382e-12 0.00000e+00
1.83500e+03 2.04674e-12 0.00000e+00
1.83600e+03 1.99571e-12 0.00000e+00
1.83700e+03 2.05249e-12 0.00000e+00
1.83800e+03 2.06170e-12 0.00000e+00
1.83900e+03 1.95106e-12 0.00000e+00
1.84000e+03 2.03979e-12 0.00000e+00
1.84100e+03 2.02771e-12 0.00000e+00
1.84200e+03 1.84568e-12 0.00000e+00
1.84300e+03 1.87014e-12 0.00000e+00
1.84400e+03 1.96465e-12 0.00000e+00
1.84500e+03 1.80879e-12 0.00000e+00
1.84600e+03 1.80154e-12 0.00000e+00
1.84700e+03 1.87525e-12 0.00000e+00
1.84800e+03 1.83429e-12 0.00000e+00
1.84900e+03 1.97991e-12 0.00000e+00
1.85000e+03 1.94944e-12 0.00000e+00
1.85100e+03 1.85275e-12 0.00000e+00
1.85200e+03 1.83446e-12 0.00000e+00
1.85300e+03 1.89163e-12 0.00000e+00
1.85400e+03 1.87274e-12 0.00000e+00
1.85500e+03 1.94329e-12 0.00000e+00
1.85600e+03 1.87633e-12 0.00000e+00
1.85700e+03 1.77058e-12 0.00000e+00
1.85800e+03 1.80293e-12 0.00000e+00
1.85900e+03 1.90378e-12 0.00000e+00
1.86000e+03 1.87162e-12 0.00000e+00
1.86100e+03 1.83895e-12 0.00000e+00
1.86200e+03 1.95270e-12 0.00000e+00
1.86300e+03 1.82248e-12 0.00000e+00
1.86400e+03 2.06564e-12 0.00000e+00
1.86500e+03 1.95485e-12 0.00000e+00
1.86600e+03 1.83917e-12 0.00000e+00
1.86700e+03 1.83962e-12 0.00000e+00
1.86800e+03 1.79051e-12 0.00000e+00
1.86900e+03 1.75180e-12 0.00000e+00
1.87000e+03 1.76878e-12 0.00000e+00
1.87100e+03 1.85977e-12 0.00000e+00
1.87200e+03 1.70199e-12 0.00000e+00
1.87300e+03 1.91397e-12 0.00000e+00
1.87400e+03 1.84421e-12 0.00000e+00
1.87500e+03 1.75878e-12 0.00000e+00
1.87600e+03 1.71068e-12 0.00000e+00
1.87700e+03 1.86643e-12 0.00000e+00
1.87800e+03 1.84395e-12 0.00000e+00
1.87900e+03 1.68944e-12 0.00000e+00
1.88000e+03 1.77716e-12 0.00000e+00
1.88100e+03 1.82554e-12 0.00000e+00
1.88200e+03 1.78117e-12 0.00000e+00
1.88300e+03 1.98808e-12 0.00000e+00
1.88400e+03 1.80728e-12 0.00000e+00
1.88500e+03 1.77043e-12 0.00000e+00
1.88600e+03 1.69456e-12 0.00000e+00
1.88700e+03 1.87813e-12 0.00000e+00
1.88800e+03 1.70277e-12 0.00000e+00
1.88900e+03 1.89706e-12 0.00000e+00
1.89000e+03 1.84594e-12 0.00000e+00
1.89100e+03 1.80738e-12 0.00000e+00
1.89200e+03 1.68157e-12 0.00000e+00
1.89300e+03 1.67060e-12 0.00000e+00
1.89400e+03 1.72215e-12 0.00000e+00
1.89500e+03 1.67191e-12 0.00000e+00
1.89600e+03 1.68746e-12 0.00000e+00
1.89700e+03 1.69378e-12 0.00000e+00
1.89800e+03 1.81229e-12 0.00000e+00
1.89900e+03 1.64544e-12 0.00000e+00
1.90000e+03 1.67021e-12 0.00000e+00
1.90100e+03 1.54979e-12 0.00000e+00
1.90200e+03 1.81870e-12 0.00000e+00
1.90300e+03 1.74458e-12 0.00000e+00
1.90400e+03 1.76494e-12 0.00000e+00
1.90500e+03 1.63666e-12 0.00000e+00
1.90600e+03 1.66217e-12 0.00000e+00
1.90700e+03 1.61381e-12 0.00000e+00
1.90800e+03 1.86679e-12 0.00000e+00
1.90900e+03 1.75055e-12 0.00000e+00
1.91000e+03 1.70219e-12 0.00000e+00
1.91100e+03 1.51955e-12 0.00000e+00
1.91200e+03 1.76723e-12 0.00000e+00
1.91300e+03 1.68064e-12 0.00000e+00
1.91400e+03 1.64616e-12 0.00000e+00
1.91500e+03 1.65023e-12 0.00000e+00
1.91600e+03 1.77115e-12 0.00000e+00
1.91700e+03 1.72331e-12 0.00000e+00
1.91800e+03 1.61249e-12 0.00000e+00
1.91900e+03 1.62675e-12 0.00000e+00
1.92000e+03 1.74916e-12 0.00000e+00
1.92100e+03 1.64861e-12 0.00000e+00
1.92200e+03 1.70639e-12 0.00000e+00
1.92300e+03 1.70037e-12 0.00000e+00
1.92400e+03 1.69403e-12 0.00000e+00
1.92500e+03 1.61726e-12 0.00000e+00
1.92600e+03 1.67945e-12 0.00000e+00
1.92700e+03 1.78780e-12 0.00000e+00
1.92800e+03 1.68871e-12 0.00000e+00
1.92900e+03 1.73278e-12 0.00000e+00
1.93000e+03 1.60334e-12 0.00000e+00
1.93100e+03 1.62678e-12 0.00000e+00
1.93200e+03 1.58208e-12 0.00000e+00
1.93300e+03 1.61255e-12 0.00000e+00
1.93400e+03 1.59375e-12 0.00000e+00
1.93500e+03 1.54581e-12 0.00000e+00
1.93600e+03 1.68762e-12 0.00000e+00
1.93700e+03 1.69232e-12 0.00000e+00
1.93800e+03 1.63809e-12 0.00000e+00
1.93900e+03 1.63771e-12 0.00000e+00
1.94000e+03 1.49906e-12 0.00000e+00
1.94100e+03 1.68681e-12 0.00000e+00
1.94200e+03 1.60997e-12 0.00000e+00
1.94300e+03 1.56367e-12 0.00000e+00
1.94400e+03 1.63767e-12 0.00000e+00
1.94500e+03 1.60733e-12 0.00000e+00
1.94600e+03 1.55943e-12 0.00000e+00
1.94700e+03 1.48770e-12 0.00000e+00
1.94800e+03 1.61428e-12 0.00000e+00
1.94900e+03 1.69202e-12 0.00000e+00
1.95000e+03 1.50897e-12 0.00000e+00
1.95100e+03 1.65959e-12 0.00000e+00
1.95200e+03 1.71430e-12 0.00000e+00
1.95300e+03 1.56429e-12 0.00000e+00
1.95400e+03 1.59651e-12 0.00000e+00
1.95500e+03 1.59580e-12 0.00000e+00
1.95600e+03 1.51526e-12 0.00000e+00
1.95700e+03 1.52283e-12 0.00000e+00
1.95800e+03 1.60278e-12 0.00000e+00
1.95900e+03 1.55070e-12 0.00000e+00
1.96000e+03 1.61700e-12 0.00000e+00
1.96100e+03 1.53426e-12 0.00000e+00
1.96200e+03 1.43914e-12 0.00000e+00
1.96300e+03 1.58548e-12 0.00000e+00
1.96400e+03 1.47351e-12 0.00000e+00
1.96500e+03 1.61795e-12 0.00000e+00
1.96600e+03 1.58491e-12 0.00000e+00
1.96700e+03 1.58066e-12 0.00000e+00
1.96800e+03 1.52916e-12 0.00000e+00
1.96900e+03 1.44830e-12 0.00000e+00
1.97000e+03 1.54457e-12 0.00000e+00
1.97100e+03 1.52288e-12 0.00000e+00
1.97200e+03 1.49781e-12 0.00000e+00
1.97300e+03 1.50967e-12 0.00000e+00
1.97400e+03 1.46646e-12 0.00000e+00
1.97500e+03 1.48724e-12 0.00000e+00
1.97600e+03 1.49380e-12 0.00000e+00
1.97700e+03 1.55978e-12 0.00000e+00
1.97800e+03 1.52017e-12 0.00000e+00
1.97900e+03 1.53484e-12 0.00000e+00
1.98000e+03 1.47185e-12 0.00000e+00
1.98100e+03 1.49418e-12 0.00000e+00
1.98200e+03 1.50474e-12 0.00000e+00
1.98300e+03 1.42868e-12 0.00000e+00
1.98400e+03 1.45025e-12 0.00000e+00
1.98500e+03 1.44370e-12 0.00000e+00
1.98600e+03 1.51243e-12 0.00000e+00
1.98700e+03 1.49377e-12 0.00000e+00
1.98800e+03 1.54014e-12 0.00000e+00
1.98900e+03 1.43119e-12 0.00000e+00
1.99000e+03 1.46809e-12 0.00000e+00
1.99100e+03 1.49719e-12 0.00000e+00
1.99200e+03 1.49149e-12 0.00000e+00
1.99300e+03 1.45845e-12 0.00000e+00
1.99400e+03 1.49360e-12 0.00000e+00
1.99500e+03 1.42794e-12 0.00000e+00
1.99600e+03 1.44067e-12 0.00000e+00
1.99700e+03 1.44597e-12 0.00000e+00
1.99800e+03 1.37464e-12 0.00000e+00
1.99900e+03 1.41836e-12 0.00000e+00
2.00000e+03 1.44214e-12 0.00000e+00
