0.00000e+00 0.00000e+00 0.00000e+00
1.00000e+00 0.00000e+00 0.00000e+00
2.00000e+00 0.00000e+00 0.00000e+00
3.00000e+00 0.00000e+00 0.00000e+00
4.00000e+00 0.00000e+00 0.00000e+00
5.00000e+00 0.00000e+00 0.00000e+00
6.00000e+00 0.00000e+00 0.00000e+00
7.00000e+00 0.00000e+00 0.00000e+00
8.00000e+00 0.00000e+00 0.00000e+00
9.00000e+00 0.00000e+00 0.00000e+00
1.00000e+01 0.00000e+00 0.00000e+00
1.10000e+01 0.00000e+00 0.00000e+00
1.20000e+01 0.00000e+00 0.00000e+00
1.30000e+01 0.00000e+00 0.00000e+00
1.40000e+01 0.00000e+00 0.00000e+00
1.50000e+01 0.00000e+00 0.00000e+00
1.60000e+01 0.00000e+00 0.00000e+00
1.70000e+01 0.00000e+00 0.00000e+00
1.80000e+01 0.00000e+00 0.00000e+00
1.90000e+01 0.00000e+00 0.00000e+00
2.00000e+01 0.00000e+00 0.00000e+00
2.10000e+01 0.00000e+00 0.00000e+00
2.20000e+01 0.00000e+00 0.00000e+00
2.30000e+01 0.00000e+00 0.00000e+00
2.40000e+01 0.00000e+00 0.00000e+00
2.50000e+01 0.00000e+00 0.00000e+00
2.60000e+01 0.00000e+00 0.00000e+00
2.70000e+01 0.00000e+00 0.00000e+00
2.80000e+01 0.00000e+00 0.00000e+00
2.90000e+01 0.00000e+00 0.00000e+00
3.00000e+01 0.00000e+00 0.00000e+00
3.10000e+01 0.00000e+00 0.00000e+00
3.20000e+01 0.00000e+00 0.00000e+00
3.30000e+01 0.00000e+00 0.00000e+00
3.40000e+01 0.00000e+00 0.00000e+00
3.50000e+01 0.00000e+00 0.00000e+00
3.60000e+01 0.00000e+00 0.00000e+00
3.70000e+01 0.00000e+00 0.00000e+00
3.80000e+01 0.00000e+00 0.00000e+00
3.90000e+01 0.00000e+00 0.00000e+00
4.00000e+01 0.00000e+00 0.00000e+00
4.10000e+01 0.00000e+00 0.00000e+00
4.20000e+01 0.00000e+00 0.00000e+00
4.30000e+01 0.00000e+00 0.00000e+00
4.40000e+01 0.00000e+00 0.00000e+00
4.50000e+01 0.00000e+00 0.00000e+00
4.60000e+01 0.00000e+00 0.00000e+00
4.70000e+01 0.00000e+00 0.00000e+00
4.80000e+01 0.00000e+00 0.00000e+00
4.90000e+01 0.00000e+00 0.00000e+00
5.00000e+01 0.00000e+00 0.00000e+00
5.10000e+01 0.00000e+00 0.00000e+00
5.20000e+01 0.00000e+00 0.00000e+00
5.30000e+01 0.00000e+00 0.00000e+00
5.40000e+01 0.00000e+00 0.00000e+00
5.50000e+01 0.00000e+00 0.00000e+00
5.60000e+01 0.00000e+00 0.00000e+00
5.70000e+01 0.00000e+00 0.00000e+00
5.80000e+01 0.00000e+00 0.00000e+00
5.90000e+01 0.00000e+00 0.00000e+00
6.00000e+01 0.00000e+00 0.00000e+00
6.10000e+01 0.00000e+00 0.00000e+00
6.20000e+01 0.00000e+00 0.00000e+00
6.30000e+01 0.00000e+00 0.00000e+00
6.40000e+01 0.00000e+00 0.00000e+00
6.50000e+01 0.00000e+00 0.00000e+00
6.60000e+01 0.00000e+00 0.00000e+00
6.70000e+01 0.00000e+00 0.00000e+00
6.80000e+01 0.00000e+00 0.00000e+00
6.90000e+01 0.00000e+00 0.00000e+00
7.00000e+01 0.00000e+00 0.00000e+00
7.10000e+01 0.00000e+00 0.00000e+00
7.20000e+01 0.00000e+00 0.00000e+00
7.30000e+01 0.00000e+00 0.00000e+00
7.40000e+01 0.00000e+00 0.00000e+00
7.50000e+01 0.00000e+00 0.00000e+00
7.60000e+01 0.00000e+00 0.00000e+00
7.70000e+01 0.00000e+00 0.00000e+00
7.80000e+01 0.00000e+00 0.00000e+00
7.90000e+01 0.00000e+00 0.00000e+00
8.00000e+01 0.00000e+00 0.00000e+00
8.10000e+01 0.00000e+00 0.00000e+00
8.20000e+01 0.00000e+00 0.00000e+00
8.30000e+01 0.00000e+00 0.00000e+00
8.40000e+01 0.00000e+00 0.00000e+00
8.50000e+01 0.00000e+00 0.00000e+00
8.60000e+01 0.00000e+00 0.00000e+00
8.70000e+01 0.00000e+00 0.00000e+00
8.80000e+01 0.00000e+00 0.00000e+00
8.90000e+01 0.00000e+00 0.00000e+00
9.00000e+01 0.00000e+00 0.00000e+00
9.10000e+01 0.00000e+00 0.00000e+00
9.20000e+01 0.00000e+00 0.00000e+00
9.30000e+01 0.00000e+00 0.00000e+00
9.40000e+01 0.00000e+00 0.00000e+00
9.50000e+01 0.00000e+00 0.00000e+00
9.60000e+01 0.00000e+00 0.00000e+00
9.70000e+01 0.00000e+00 0.00000e+00
9.80000e+01 0.00000e+00 0.00000e+00
9.90000e+01 0.00000e+00 0.00000e+00
1.00000e+02 6.16692e-11 0.00000e+00
1.01000e+02 7.93547e-11 0.00000e+00
1.02000e+02 6.92761e-11 0.00000e+00
1.03000e+02 6.54069e-11 0.00000e+00
1.04000e+02 6.05393e-11 0.00000e+00
1.05000e+02 6.18657e-11 0.00000e+00
1.06000e+02 6.73466e-11 0.00000e+00
1.07000e+02 7.49431e-11 0.00000e+00
1.08000e+02 6.99345e-11 0.00000e+00
1.09000e+02 7.68257e-11 0.00000e+00
1.10000e+02 7.79516e-11 0.00000e+00
1.11000e+02 7.61136e-11 0.00000e+00
1.12000e+02 6.29587e-11 0.00000e+00
1.13000e+02 9.51521e-11 0.00000e+00
1.14000e+02 7.71572e-11 0.00000e+00
1.15000e+02 8.57293e-11 0.00000e+00
1.16000e+02 6.56740e-11 0.00000e+00
1.17000e+02 7.13448e-11 0.00000e+00
1.18000e+02 6.04198e-11 0.00000e+00
1.19000e+02 6.41296e-11 0.00000e+00
1.20000e+02 7.46525e-11 0.00000e+00
1.21000e+02 6.84353e-11 0.00000e+00
1.22000e+02 6.41343e-11 0.00000e+00
1.23000e+02 6.33480e-11 0.00000e+00
1.24000e+02 6.79966e-11 0.00000e+00
1.25000e+02 4.77268e-11 0.00000e+00
1.26000e+02 5.40302e-11 0.00000e+00
1.27000e+02 6.68408e-11 0.00000e+00
1.28000e+02 5.49615e-11 0.00000e+00
1.29000e+02 4.75458e-11 0.00000e+00
1.30000e+02 4.52138e-11 0.00000e+00
1.31000e+02 6.84941e-11 0.00000e+00
1.32000e+02 4.79421e-11 0.00000e+00
1.33000e+02 5.97487e-11 0.00000e+00
1.34000e+02 6.01817e-11 0.00000e+00
1.35000e+02 5.00141e-11 0.00000e+00
1.36000e+02 6.07957e-11 0.00000e+00
1.37000e+02 4.96608e-11 0.00000e+00
1.38000e+02 6.11130e-11 0.00000e+00
1.39000e+02 5.02483e-11 0.00000e+00
1.40000e+02 5.45293e-11 0.00000e+00
1.41000e+02 6.42640e-11 0.00000e+00
1.42000e+02 4.87843e-11 0.00000e+00
1.43000e+02 5.67808e-11 0.00000e+00
1.44000e+02 5.98051e-11 0.00000e+00
1.45000e+02 5.41573e-11 0.00000e+00
1.46000e+02 5.42849e-11 0.00000e+00
1.47000e+02 4.29463e-11 0.00000e+00
1.48000e+02 4.89898e-11 0.00000e+00
1.49000e+02 5.07934e-11 0.00000e+00
1.50000e+02 6.06701e-11 0.00000e+00
1.51000e+02 4.52230e-11 0.00000e+00
1.52000e+02 3.79663e-11 0.00000e+00
1.53000e+02 3.24526e-11 0.00000e+00
1.54000e+02 5.90973e-11 0.00000e+00
1.55000e+02 4.90486e-11 0.00000e+00
1.56000e+02 3.73229e-11 0.00000e+00
1.57000e+02 5.32917e-11 0.00000e+00
1.58000e+02 4.69127e-11 0.00000e+00
1.59000e+02 4.38032e-11 0.00000e+00
1.60000e+02 4.70077e-11 0.00000e+00
1.61000e+02 4.16067e-11 0.00000e+00
1.62000e+02 5.04033e-11 0.00000e+00
1.63000e+02 4.40772e-11 0.00000e+00
1.64000e+02 5.24229e-11 0.00000e+00
1.65000e+02 3.73770e-11 0.00000e+00
1.66000e+02 4.43779e-11 0.00000e+00
1.67000e+02 5.31265e-11 0.00000e+00
1.68000e+02 3.64413e-11 0.00000e+00
1.69000e+02 4.62305e-11 0.00000e+00
1.70000e+02 5.47824e-11 0.00000e+00
1.71000e+02 4.21239e-11 0.00000e+00
1.72000e+02 4.42217e-11 0.00000e+00
1.73000e+02 4.63041e-11 0.00000e+00
1.74000e+02 3.68469e-11 0.00000e+00
1.75000e+02 3.89566e-11 0.00000e+00
1.76000e+02 4.69465e-11 0.00000e+00
1.77000e+02 3.76265e-11 0.00000e+00
1.78000e+02 3.71283e-11 0.00000e+00
1.79000e+02 3.98825e-11 0.00000e+00
1.80000e+02 4.80720e-11 0.00000e+00
1.81000e+02 4.23489e-11 0.00000e+00
1.82000e+02 5.26948e-11 0.00000e+00
1.83000e+02 3.98927e-11 0.00000e+00
1.84000e+02 4.91297e-11 0.00000e+00
1.85000e+02 4.06455e-11 0.00000e+00
1.86000e+02 4.12103e-11 0.00000e+00
1.87000e+02 3.68234e-11 0.00000e+00
1.88000e+02 4.36244e-11 0.00000e+00
1.89000e+02 4.11215e-11 0.00000e+00
1.90000e+02 3.05508e-11 0.00000e+00
1.91000e+02 3.30001e-11 0.00000e+00
1.92000e+02 3.47777e-11 0.00000e+00
1.93000e+02 3.85914e-11 0.00000e+00
1.94000e+02 3.36536e-11 0.00000e+00
1.95000e+02 3.05166e-11 0.00000e+00
1.96000e+02 3.51697e-11 0.00000e+00
1.97000e+02 2.78787e-11 0.00000e+00
1.98000e+02 4.18874e-11 0.00000e+00
1.99000e+02 3.44159e-11 0.00000e+00
2.00000e+02 3.47843e-11 0.00000e+00
2.01000e+02 3.53457e-11 0.00000e+00
2.02000e+02 2.99542e-11 0.00000e+00
2.03000e+02 3.46682e-11 0.00000e+00
2.04000e+02 3.29064e-11 0.00000e+00
2.05000e+02 3.08871e-11 0.00000e+00
2.06000e+02 4.16033e-11 0.00000e+00
2.07000e+02 2.91995e-11 0.00000e+00
2.08000e+02 3.48618e-11 0.00000e+00
2.09000e+02 2.86737e-11 0.00000e+00
2.10000e+02 4.47711e-11 0.00000e+00
2.11000e+02 2.75797e-11 0.00000e+00
2.12000e+02 3.53015e-11 0.00000e+00
2.13000e+02 2.69609e-11 0.00000e+00
2.14000e+02 3.23446e-11 0.00000e+00
2.15000e+02 3.28891e-11 0.00000e+00
2.16000e+02 4.05685e-11 0.00000e+00
2.17000e+02 3.71276e-11 0.00000e+00
2.18000e+02 3.81891e-11 0.00000e+00
2.19000e+02 3.41431e-11 0.00000e+00
2.20000e+02 2.81865e-11 0.00000e+00
2.21000e+02 3.38873e-11 0.00000e+00
2.22000e+02 3.49070e-11 0.00000e+00
2.23000e+02 2.93014e-11 0.00000e+00
2.24000e+02 3.43763e-11 0.00000e+00
2.25000e+02 3.51751e-11 0.00000e+00
2.26000e+02 3.43363e-11 0.00000e+00
2.27000e+02 3.35728e-11 0.00000e+00
2.28000e+02 2.99705e-11 0.00000e+00
2.29000e+02 3.35574e-11 0.00000e+00
2.30000e+02 3.30232e-11 0.00000e+00
2.31000e+02 3.33183e-11 0.00000e+00
2.32000e+02 3.24880e-11 0.00000e+00
2.33000e+02 3.13702e-11 0.00000e+00
2.34000e+02 3.05344e-11 0.00000e+00
2.35000e+02 3.01553e-11 0.00000e+00
2.36000e+02 2.72138e-11 0.00000e+00
2.37000e+02 2.83355e-11 0.00000e+00
2.38000e+02 2.95162e-11 0.00000e+00
2.39000e+02 3.38709e-11 0.00000e+00
2.40000e+02 2.88479e-11 0.00000e+00
2.41000e+02 3.67141e-11 0.00000e+00
2.42000e+02 3.80602e-11 0.00000e+00
2.43000e+02 2.77962e-11 0.00000e+00
2.44000e+02 2.78146e-11 0.00000e+00
2.45000e+02 3.64219e-11 0.00000e+00
2.46000e+02 3.26578e-11 0.00000e+00
2.47000e+02 2.73338e-11 0.00000e+00
2.48000e+02 3.04461e-11 0.00000e+00
2.49000e+02 3.27991e-11 0.00000e+00
2.50000e+02 3.10374e-11 0.00000e+00
2.51000e+02 3.58351e-11 0.00000e+00
2.52000e+02 2.70302e-11 0.00000e+00
2.53000e+02 2.48318e-11 0.00000e+00
2.54000e+02 2.61410e-11 0.00000e+00
2.55000e+02 2.79983e-11 0.00000e+00
2.56000e+02 3.17526e-11 0.00000e+00
2.57000e+02 3.11981e-11 0.00000e+00
2.58000e+02 2.77689e-11 0.00000e+00
2.59000e+02 3.06040e-11 0.00000e+00
2.60000e+02 3.42839e-11 0.00000e+00
2.61000e+02 2.80676e-11 0.00000e+00
2.62000e+02 2.45424e-11 0.00000e+00
2.63000e+02 3.18059e-11 0.00000e+00
2.64000e+02 2.77689e-11 0.00000e+00
2.65000e+02 2.89674e-11 0.00000e+00
2.66000e+02 2.70048e-11 0.00000e+00
2.67000e+02 3.16046e-11 0.00000e+00
2.68000e+02 2.59445e-11 0.00000e+00
2.69000e+02 2.73774e-11 0.00000e+00
2.70000e+02 3.12738e-11 0.00000e+00
2.71000e+02 2.62001e-11 0.00000e+00
2.72000e+02 2.28951e-11 0.00000e+00
2.73000e+02 2.88176e-11 0.00000e+00
2.74000e+02 2.97306e-11 0.00000e+00
2.75000e+02 3.06684e-11 0.00000e+00
2.76000e+02 2.29508e-11 0.00000e+00
2.77000e+02 2.44429e-11 0.00000e+00
2.78000e+02 2.52783e-11 0.00000e+00
2.79000e+02 2.59594e-11 0.00000e+00
2.80000e+02 2.47538e-11 0.00000e+00
2.81000e+02 2.80172e-11 0.00000e+00
2.82000e+02 2.59932e-11 0.00000e+00
2.83000e+02 2.41958e-11 0.00000e+00
2.84000e+02 2.53901e-11 0.00000e+00
2.85000e+02 2.89719e-11 0.00000e+00
2.86000e+02 3.25912e-11 0.00000e+00
2.87000e+02 2.93112e-11 0.00000e+00
2.88000e+02 2.76345e-11 0.00000e+00
2.89000e+02 2.42049e-11 0.00000e+00
2.90000e+02 3.09862e-11 0.00000e+00
2.91000e+02 2.68168e-11 0.00000e+00
2.92000e+02 2.52904e-11 0.00000e+00
2.93000e+02 2.17824e-11 0.00000e+00
2.94000e+02 2.60037e-11 0.00000e+00
2.95000e+02 2.77071e-11 0.00000e+00
2.96000e+02 2.67447e-11 0.00000e+00
2.97000e+02 2.31477e-11 0.00000e+00
2.98000e+02 2.84511e-11 0.00000e+00
2.99000e+02 2.66124e-11 0.00000e+00
3.00000e+02 2.36962e-11 0.00000e+00
3.01000e+02 2.56645e-11 0.00000e+00
3.02000e+02 2.81533e-11 0.00000e+00
3.03000e+02 2.40803e-11 0.00000e+00
3.04000e+02 2.83565e-11 0.00000e+00
3.05000e+02 2.40154e-11 0.00000e+00
3.06000e+02 3.00154e-11 0.00000e+00
3.07000e+02 2.60741e-11 0.00000e+00
3.08000e+02 2.69097e-11 0.00000e+00
3.09000e+02 2.97194e-11 0.00000e+00
3.10000e+02 2.89503e-11 0.00000e+00
3.11000e+02 1.92061e-11 0.00000e+00
3.12000e+02 2.54634e-11 0.00000e+00
3.13000e+02 2.49179e-11 0.00000e+00
3.14000e+02 2.02103e-11 0.00000e+00
3.15000e+02 2.34653e-11 0.00000e+00
3.16000e+02 2.61379e-11 0.00000e+00
3.17000e+02 2.22290e-11 0.00000e+00
3.18000e+02 2.32111e-11 0.00000e+00
3.19000e+02 2.13035e-11 0.00000e+00
3.20000e+02 2.16719e-11 0.00000e+00
3.21000e+02 2.38288e-11 0.00000e+00
3.22000e+02 2.70512e-11 0.00000e+00
3.23000e+02 2.51849e-11 0.00000e+00
3.24000e+02 2.16369e-11 0.00000e+00
3.25000e+02 2.15730e-11 0.00000e+00
3.26000e+02 2.39544e-11 0.00000e+00
3.27000e+02 2.51496e-11 0.00000e+00
3.28000e+02 2.10420e-11 0.00000e+00
3.29000e+02 2.18821e-11 0.00000e+00
3.30000e+02 2.15172e-11 0.00000e+00
3.31000e+02 2.67748e-11 0.00000e+00
3.32000e+02 1.98067e-11 0.00000e+00
3.33000e+02 2.39350e-11 0.00000e+00
3.34000e+02 2.57564e-11 0.00000e+00
3.35000e+02 2.35998e-11 0.00000e+00
3.36000e+02 2.71389e-11 0.00000e+00
3.37000e+02 2.61131e-11 0.00000e+00
3.38000e+02 1.99477e-11 0.00000e+00
3.39000e+02 2.24079e-11 0.00000e+00
3.40000e+02 2.28096e-11 0.00000e+00
3.41000e+02 2.40300e-11 0.00000e+00
3.42000e+02 2.01598e-11 0.00000e+00
3.43000e+02 2.24936e-11 0.00000e+00
3.44000e+02 2.32058e-11 0.00000e+00
3.45000e+02 2.09284e-11 0.00000e+00
3.46000e+02 2.52967e-11 0.00000e+00
3.47000e+02 1.53141e-11 0.00000e+00
3.48000e+02 2.03001e-11 0.00000e+00
3.49000e+02 2.09288e-11 0.00000e+00
3.50000e+02 2.15821e-11 0.00000e+00
3.51000e+02 2.05931e-11 0.00000e+00
3.52000e+02 2.59565e-11 0.00000e+00
3.53000e+02 2.04797e-11 0.00000e+00
3.54000e+02 2.16118e-11 0.00000e+00
3.55000e+02 2.14138e-11 0.00000e+00
3.56000e+02 2.19372e-11 0.00000e+00
3.57000e+02 1.86449e-11 0.00000e+00
3.58000e+02 2.37897e-11 0.00000e+00
3.59000e+02 2.02935e-11 0.00000e+00
3.60000e+02 1.91501e-11 0.00000e+00
3.61000e+02 2.09489e-11 0.00000e+00
3.62000e+02 2.38344e-11 0.00000e+00
3.63000e+02 2.11203e-11 0.00000e+00
3.64000e+02 1.87029e-11 0.00000e+00
3.65000e+02 2.03705e-11 0.00000e+00
3.66000e+02 2.14702e-11 0.00000e+00
3.67000e+02 2.25431e-11 0.00000e+00
3.68000e+02 2.63413e-11 0.00000e+00
3.69000e+02 2.12636e-11 0.00000e+00
3.70000e+02 2.06688e-11 0.00000e+00
3.71000e+02 1.81619e-11 0.00000e+00
3.72000e+02 2.30067e-11 0.00000e+00
3.73000e+02 2.09673e-11 0.00000e+00
3.74000e+02 2.17754e-11 0.00000e+00
3.75000e+02 2.20100e-11 0.00000e+00
3.76000e+02 2.15626e-11 0.00000e+00
3.77000e+02 2.00553e-11 0.00000e+00
3.78000e+02 2.28587e-11 0.00000e+00
3.79000e+02 1.72413e-11 0.00000e+00
3.80000e+02 2.20206e-11 0.00000e+00
3.81000e+02 1.95706e-11 0.00000e+00
3.82000e+02 2.09226e-11 0.00000e+00
3.83000e+02 2.62822e-11 0.00000e+00
3.84000e+02 1.95690e-11 0.00000e+00
3.85000e+02 1.93221e-11 0.00000e+00
3.86000e+02 1.90810e-11 0.00000e+00
3.87000e+02 2.14536e-11 0.00000e+00
3.88000e+02 1.99657e-11 0.00000e+00
3.89000e+02 1.95233e-11 0.00000e+00
3.90000e+02 2.00631e-11 0.00000e+00
3.91000e+02 1.88349e-11 0.00000e+00
3.92000e+02 2.32852e-11 0.00000e+00
3.93000e+02 2.04568e-11 0.00000e+00
3.94000e+02 1.77501e-11 0.00000e+00
3.95000e+02 1.82747e-11 0.00000e+00
3.96000e+02 2.10664e-11 0.00000e+00
3.97000e+02 2.16434e-11 0.00000e+00
3.98000e+02 2.28723e-11 0.00000e+00
3.99000e+02 1.83964e-11 0.00000e+00
4.00000e+02 1.83238e-11 0.00000e+00
4.01000e+02 1.95187e-11 0.00000e+00
4.02000e+02 1.97945e-11 0.00000e+00
4.03000e+02 2.16898e-11 0.00000e+00
4.04000e+02 2.05821e-11 0.00000e+00
4.05000e+02 2.08763e-11 0.00000e+00
4.06000e+02 1.88552e-11 0.00000e+00
4.07000e+02 2.30891e-11 0.00000e+00
4.08000e+02 1.95356e-11 0.00000e+00
4.09000e+02 1.87076e-11 0.00000e+00
4.10000e+02 1.81680e-11 0.00000e+00
4.11000e+02 2.02379e-11 0.00000e+00
4.12000e+02 1.61798e-11 0.00000e+00
4.13000e+02 2.04731e-11 0.00000e+00
4.14000e+02 1.96525e-11 0.00000e+00
4.15000e+02 1.74998e-11 0.00000e+00
4.16000e+02 1.65163e-11 0.00000e+00
4.17000e+02 1.59441e-11 0.00000e+00
4.18000e+02 1.55905e-11 0.00000e+00
4.19000e+02 2.01018e-11 0.00000e+00
4.20000e+02 1.74361e-11 0.00000e+00
4.21000e+02 1.71103e-11 0.00000e+00
4.22000e+02 1.64095e-11 0.00000e+00
4.23000e+02 1.62812e-11 0.00000e+00
4.24000e+02 1.96199e-11 0.00000e+00
4.25000e+02 1.72889e-11 0.00000e+00
4.26000e+02 1.74157e-11 0.00000e+00
4.27000e+02 1.90068e-11 0.00000e+00
4.28000e+02 1.58769e-11 0.00000e+00
4.29000e+02 1.53599e-11 0.00000e+00
4.30000e+02 1.80892e-11 0.00000e+00
4.31000e+02 1.68633e-11 0.00000e+00
4.32000e+02 1.87848e-11 0.00000e+00
4.33000e+02 1.53097e-11 0.00000e+00
4.34000e+02 2.10023e-11 0.00000e+00
4.35000e+02 1.75259e-11 0.00000e+00
4.36000e+02 1.72984e-11 0.00000e+00
4.37000e+02 1.91202e-11 0.00000e+00
4.38000e+02 1.66671e-11 0.00000e+00
4.39000e+02 1.80168e-11 0.00000e+00
4.40000e+02 1.75976e-11 0.00000e+00
4.41000e+02 1.46841e-11 0.00000e+00
4.42000e+02 1.79807e-11 0.00000e+00
4.43000e+02 1.75697e-11 0.00000e+00
4.44000e+02 1.83688e-11 0.00000e+00
4.45000e+02 1.81354e-11 0.00000e+00
4.46000e+02 1.70030e-11 0.00000e+00
4.47000e+02 1.59906e-11 0.00000e+00
4.48000e+02 1.76839e-11 0.00000e+00
4.49000e+02 1.82854e-11 0.00000e+00
4.50000e+02 1.79822e-11 0.00000e+00
4.51000e+02 1.75822e-11 0.00000e+00
4.52000e+02 2.00777e-11 0.00000e+00
4.53000e+02 1.97360e-11 0.00000e+00
4.54000e+02 1.63222e-11 0.00000e+00
4.55000e+02 1.73602e-11 0.00000e+00
4.56000e+02 1.64864e-11 0.00000e+00
4.57000e+02 1.79947e-11 0.00000e+00
4.58000e+02 1.68046e-11 0.00000e+00
4.59000e+02 1.73830e-11 0.00000e+00
4.60000e+02 1.58655e-11 0.00000e+00
4.61000e+02 1.82022e-11 0.00000e+00
4.62000e+02 1.86167e-11 0.00000e+00
4.63000e+02 1.65338e-11 0.00000e+00
4.64000e+02 1.58253e-11 0.00000e+00
4.65000e+02 1.56425e-11 0.00000e+00
4.66000e+02 1.47965e-11 0.00000e+00
4.67000e+02 1.53712e-11 0.00000e+00
4.68000e+02 1.77734e-11 0.00000e+00
4.69000e+02 1.50234e-11 0.00000e+00
4.70000e+02 1.58590e-11 0.00000e+00
4.71000e+02 1.37991e-11 0.00000e+00
4.72000e+02 1.85066e-11 0.00000e+00
4.73000e+02 1.67490e-11 0.00000e+00
4.74000e+02 1.69874e-11 0.00000e+00
4.75000e+02 1.75093e-11 0.00000e+00
4.76000e+02 1.61180e-11 0.00000e+00
4.77000e+02 1.47257e-11 0.00000e+00
4.78000e+02 1.63177e-11 0.00000e+00
4.79000e+02 1.78795e-11 0.00000e+00
4.80000e+02 1.61387e-11 0.00000e+00
4.81000e+02 1.61747e-11 0.00000e+00
4.82000e+02 1.64372e-11 0.00000e+00
4.83000e+02 1.61110e-11 0.00000e+00
4.84000e+02 1.78159e-11 0.00000e+00
4.85000e+02 1.60699e-11 0.00000e+00
4.86000e+02 1.48700e-11 0.00000e+00
4.87000e+02 1.65682e-11 0.00000e+00
4.88000e+02 1.37819e-11 0.00000e+00
4.89000e+02 1.59638e-11 0.00000e+00
4.90000e+02 1.70310e-11 0.00000e+00
4.91000e+02 1.61061e-11 0.00000e+00
4.92000e+02 1.67290e-11 0.00000e+00
4.93000e+02 1.88125e-11 0.00000e+00
4.94000e+02 1.83768e-11 0.00000e+00
4.95000e+02 1.56057e-11 0.00000e+00
4.96000e+02 1.70963e-11 0.00000e+00
4.97000e+02 1.59330e-11 0.00000e+00
4.98000e+02 1.65957e-11 0.00000e+00
4.99000e+02 1.58722e-11 0.00000e+00
5.00000e+02 1.59663e-11 0.00000e+00
5.01000e+02 1.66217e-11 0.00000e+00
5.02000e+02 1.67331e-11 0.00000e+00
5.03000e+02 1.56521e-11 0.00000e+00
5.04000e+02 1.55790e-11 0.00000e+00
5.05000e+02 1.61394e-11 0.00000e+00
5.06000e+02 1.44211e-11 0.00000e+00
5.07000e+02 1.57612e-11 0.00000e+00
5.08000e+02 1.76694e-11 0.00000e+00
5.09000e+02 1.57095e-11 0.00000e+00
5.10000e+02 1.56567e-11 0.00000e+00
5.11000e+02 1.57892e-11 0.00000e+00
5.12000e+02 1.71420e-11 0.00000e+00
5.13000e+02 1.48549e-11 0.00000e+00
5.14000e+02 1.49775e-11 0.00000e+00
5.15000e+02 1.53004e-11 0.00000e+00
5.16000e+02 1.34012e-11 0.00000e+00
5.17000e+02 1.58529e-11 0.00000e+00
5.18000e+02 1.38036e-11 0.00000e+00
5.19000e+02 1.65628e-11 0.00000e+00
5.20000e+02 1.48272e-11 0.00000e+00
5.21000e+02 1.51384e-11 0.00000e+00
5.22000e+02 1.50317e-11 0.00000e+00
5.23000e+02 1.45154e-11 0.00000e+00
5.24000e+02 1.30689e-11 0.00000e+00
5.25000e+02 1.53939e-11 0.00000e+00
5.26000e+02 1.26426e-11 0.00000e+00
5.27000e+02 1.41505e-11 0.00000e+00
5.28000e+02 1.64171e-11 0.00000e+00
5.29000e+02 1.56969e-11 0.00000e+00
5.30000e+02 1.39778e-11 0.00000e+00
5.31000e+02 1.37401e-11 0.00000e+00
5.32000e+02 1.28354e-11 0.00000e+00
5.33000e+02 1.51717e-11 0.00000e+00
5.34000e+02 1.54223e-11 0.00000e+00
5.35000e+02 1.35134e-11 0.00000e+00
5.36000e+02 1.58134e-11 0.00000e+00
5.37000e+02 1.34895e-11 0.00000e+00
5.38000e+02 1.26827e-11 0.00000e+00
5.39000e+02 1.55604e-11 0.00000e+00
5.40000e+02 1.59151e-11 0.00000e+00
5.41000e+02 1.58607e-11 0.00000e+00
5.42000e+02 1.46780e-11 0.00000e+00
5.43000e+02 1.24626e-11 0.00000e+00
5.44000e+02 1.32799e-11 0.00000e+00
5.45000e+02 1.77809e-11 0.00000e+00
5.46000e+02 1.40337e-11 0.00000e+00
5.47000e+02 1.42944e-11 0.00000e+00
5.48000e+02 1.43668e-11 0.00000e+00
5.49000e+02 1.46028e-11 0.00000e+00
5.50000e+02 1.41556e-11 0.00000e+00
5.51000e+02 1.36790e-11 0.00000e+00
5.52000e+02 1.54093e-11 0.00000e+00
5.53000e+02 1.38170e-11 0.00000e+00
5.54000e+02 1.32831e-11 0.00000e+00
5.55000e+02 1.17819e-11 0.00000e+00
5.56000e+02 1.65785e-11 0.00000e+00
5.57000e+02 1.42526e-11 0.00000e+00
5.58000e+02 1.30436e-11 0.00000e+00
5.59000e+02 1.51728e-11 0.00000e+00
5.60000e+02 1.41842e-11 0.00000e+00
5.61000e+02 1.50406e-11 0.00000e+00
5.62000e+02 1.33337e-11 0.00000e+00
5.63000e+02 1.45613e-11 0.00000e+00
5.64000e+02 1.38360e-11 0.00000e+00
5.65000e+02 1.37595e-11 0.00000e+00
5.66000e+02 1.17874e-11 0.00000e+00
5.67000e+02 1.35115e-11 0.00000e+00
5.68000e+02 1.24054e-11 0.00000e+00
5.69000e+02 1.20646e-11 0.00000e+00
5.70000e+02 1.37611e-11 0.00000e+00
5.71000e+02 1.48076e-11 0.00000e+00
5.72000e+02 1.47282e-11 0.00000e+00
5.73000e+02 1.47386e-11 0.00000e+00
5.74000e+02 1.29788e-11 0.00000e+00
5.75000e+02 1.23541e-11 0.00000e+00
5.76000e+02 1.32594e-11 0.00000e+00
5.77000e+02 1.26261e-11 0.00000e+00
5.78000e+02 1.30593e-11 0.00000e+00
5.79000e+02 1.44147e-11 0.00000e+00
5.80000e+02 1.22351e-11 0.00000e+00
5.81000e+02 1.31741e-11 0.00000e+00
5.82000e+02 1.12615e-11 0.00000e+00
5.83000e+02 1.24269e-11 0.00000e+00
5.84000e+02 1.36369e-11 0.00000e+00
5.85000e+02 1.42908e-11 0.00000e+00
5.86000e+02 1.21300e-11 0.00000e+00
5.87000e+02 1.33974e-11 0.00000e+00
5.88000e+02 1.15875e-11 0.00000e+00
5.89000e+02 1.27895e-11 0.00000e+00
5.90000e+02 1.30739e-11 0.00000e+00
5.91000e+02 1.39592e-11 0.00000e+00
5.92000e+02 1.42417e-11 0.00000e+00
5.93000e+02 1.53571e-11 0.00000e+00
5.94000e+02 1.37731e-11 0.00000e+00
5.95000e+02 1.33169e-11 0.00000e+00
5.96000e+02 1.34804e-11 0.00000e+00
5.97000e+02 1.21731e-11 0.00000e+00
5.98000e+02 1.19040e-11 0.00000e+00
5.99000e+02 1.26677e-11 0.00000e+00
6.00000e+02 1.30705e-11 0.00000e+00
6.01000e+02 1.25928e-11 0.00000e+00
6.02000e+02 1.31603e-11 0.00000e+00
6.03000e+02 1.25529e-11 0.00000e+00
6.04000e+02 1.24416e-11 0.00000e+00
6.05000e+02 1.21233e-11 0.00000e+00
6.06000e+02 1.17626e-11 0.00000e+00
6.07000e+02 1.31254e-11 0.00000e+00
6.08000e+02 1.29777e-11 0.00000e+00
6.09000e+02 1.12860e-11 0.00000e+00
6.10000e+02 1.33025e-11 0.00000e+00
6.11000e+02 1.15641e-11 0.00000e+00
6.12000e+02 1.34228e-11 0.00000e+00
6.13000e+02 1.30129e-11 0.00000e+00
6.14000e+02 1.33790e-11 0.00000e+00
6.15000e+02 1.20108e-11 0.00000e+00
6.16000e+02 1.20321e-11 0.00000e+00
6.17000e+02 1.28694e-11 0.00000e+00
6.18000e+02 1.26107e-11 0.00000e+00
6.19000e+02 1.20909e-11 0.00000e+00
6.20000e+02 1.36496e-11 0.00000e+00
6.21000e+02 1.27939e-11 0.00000e+00
6.22000e+02 1.13741e-11 0.00000e+00
6.23000e+02 1.28071e-11 0.00000e+00
6.24000e+02 1.37544e-11 0.00000e+00
6.25000e+02 1.14526e-11 0.00000e+00
6.26000e+02 1.11488e-11 0.00000e+00
6.27000e+02 1.27048e-11 0.00000e+00
6.28000e+02 1.35160e-11 0.00000e+00
6.29000e+02 1.21047e-11 0.00000e+00
6.30000e+02 1.14585e-11 0.00000e+00
6.31000e+02 1.21064e-11 0.00000e+00
6.32000e+02 1.20946e-11 0.00000e+00
6.33000e+02 1.11012e-11 0.00000e+00
6.34000e+02 1.16388e-11 0.00000e+00
6.35000e+02 1.20970e-11 0.00000e+00
6.36000e+02 1.28487e-11 0.00000e+00
6.37000e+02 1.34469e-11 0.00000e+00
6.38000e+02 1.18883e-11 0.00000e+00
6.39000e+02 1.04679e-11 0.00000e+00
6.40000e+02 1.27131e-11 0.00000e+00
6.41000e+02 1.23120e-11 0.00000e+00
6.42000e+02 1.06291e-11 0.00000e+00
6.43000e+02 1.20087e-11 0.00000e+00
6.44000e+02 1.35729e-11 0.00000e+00
6.45000e+02 1.10034e-11 0.00000e+00
6.46000e+02 1.26195e-11 0.00000e+00
6.47000e+02 1.14872e-11 0.00000e+00
6.48000e+02 1.12902e-11 0.00000e+00
6.49000e+02 1.22885e-11 0.00000e+00
6.50000e+02 1.26758e-11 0.00000e+00
6.51000e+02 1.20213e-11 0.00000e+00
6.52000e+02 1.31617e-11 0.00000e+00
6.53000e+02 1.19848e-11 0.00000e+00
6.54000e+02 1.18904e-11 0.00000e+00
6.55000e+02 1.19380e-11 0.00000e+00
6.56000e+02 1.32252e-11 0.00000e+00
6.57000e+02 1.30001e-11 0.00000e+00
6.58000e+02 1.18606e-11 0.00000e+00
6.59000e+02 1.28420e-11 0.00000e+00
6.60000e+02 1.07331e-11 0.00000e+00
6.61000e+02 1.08264e-11 0.00000e+00
6.62000e+02 1.15771e-11 0.00000e+00
6.63000e+02 1.12781e-11 0.00000e+00
6.64000e+02 1.09993e-11 0.00000e+00
6.65000e+02 1.19320e-11 0.00000e+00
6.66000e+02 1.22652e-11 0.00000e+00
6.67000e+02 1.20108e-11 0.00000e+00
6.68000e+02 9.88453e-12 0.00000e+00
6.69000e+02 1.15533e-11 0.00000e+00
6.70000e+02 1.07649e-11 0.00000e+00
6.71000e+02 1.22170e-11 0.00000e+00
6.72000e+02 1.07530e-11 0.00000e+00
6.73000e+02 1.10033e-11 0.00000e+00
6.74000e+02 1.12394e-11 0.00000e+00
6.75000e+02 1.08237e-11 0.00000e+00
6.76000e+02 1.22920e-11 0.00000e+00
6.77000e+02 1.01266e-11 0.00000e+00
6.78000e+02 1.24969e-11 0.00000e+00
6.79000e+02 1.02478e-11 0.00000e+00
6.80000e+02 1.13705e-11 0.00000e+00
6.81000e+02 1.19426e-11 0.00000e+00
6.82000e+02 1.16286e-11 0.00000e+00
6.83000e+02 1.21539e-11 0.00000e+00
6.84000e+02 1.05885e-11 0.00000e+00
6.85000e+02 1.25733e-11 0.00000e+00
6.86000e+02 9.60652e-12 0.00000e+00
6.87000e+02 1.04368e-11 0.00000e+00
6.88000e+02 1.20555e-11 0.00000e+00
6.89000e+02 1.09142e-11 0.00000e+00
6.90000e+02 1.07390e-11 0.00000e+00
6.91000e+02 1.12758e-11 0.00000e+00
6.92000e+02 1.09835e-11 0.00000e+00
6.93000e+02 1.07648e-11 0.00000e+00
6.94000e+02 1.17855e-11 0.00000e+00
6.95000e+02 1.08711e-11 0.00000e+00
6.96000e+02 1.09497e-11 0.00000e+00
6.97000e+02 1.11399e-11 0.00000e+00
6.98000e+02 9.95873e-12 0.00000e+00
6.99000e+02 1.02122e-11 0.00000e+00
7.00000e+02 1.15263e-11 0.00000e+00
7.01000e+02 1.14743e-11 0.00000e+00
7.02000e+02 9.68913e-12 0.00000e+00
7.03000e+02 9.06515e-12 0.00000e+00
7.04000e+02 9.99224e-12 0.00000e+00
7.05000e+02 1.08121e-11 0.00000e+00
7.06000e+02 1.08240e-11 0.00000e+00
7.07000e+02 1.22228e-11 0.00000e+00
7.08000e+02 1.06741e-11 0.00000e+00
7.09000e+02 1.09282e-11 0.00000e+00
7.10000e+02 1.06532e-11 0.00000e+00
7.11000e+02 1.07189e-11 0.00000e+00
7.12000e+02 1.00414e-11 0.00000e+00
7.13000e+02 1.09464e-11 0.00000e+00
7.14000e+02 1.08333e-11 0.00000e+00
7.15000e+02 9.79816e-12 0.00000e+00
7.16000e+02 9.69662e-12 0.00000e+00
7.17000e+02 1.06955e-11 0.00000e+00
7.18000e+02 1.12167e-11 0.00000e+00
7.19000e+02 9.45045e-12 0.00000e+00
7.20000e+02 9.46967e-12 0.00000e+00
7.21000e+02 1.04574e-11 0.00000e+00
7.22000e+02 1.07786e-11 0.00000e+00
7.23000e+02 9.07064e-12 0.00000e+00
7.24000e+02 9.76084e-12 0.00000e+00
7.25000e+02 1.07918e-11 0.00000e+00
7.26000e+02 9.23454e-12 0.00000e+00
7.27000e+02 1.07605e-11 0.00000e+00
7.28000e+02 1.13259e-11 0.00000e+00
7.29000e+02 1.05760e-11 0.00000e+00
7.30000e+02 1.04152e-11 0.00000e+00
7.31000e+02 1.04177e-11 0.00000e+00
7.32000e+02 1.13702e-11 0.00000e+00
7.33000e+02 9.84508e-12 0.00000e+00
7.34000e+02 1.14346e-11 0.00000e+00
7.35000e+02 1.19054e-11 0.00000e+00
7.36000e+02 9.66767e-12 0.00000e+00
7.37000e+02 1.09944e-11 0.00000e+00
7.38000e+02 1.00484e-11 0.00000e+00
7.39000e+02 1.07071e-11 0.00000e+00
7.40000e+02 9.87608e-12 0.00000e+00
7.41000e+02 1.17202e-11 0.00000e+00
7.42000e+02 9.93449e-12 0.00000e+00
7.43000e+02 1.01979e-11 0.00000e+00
7.44000e+02 9.14258e-12 0.00000e+00
7.45000e+02 1.09655e-11 0.00000e+00
7.46000e+02 9.05938e-12 0.00000e+00
7.47000e+02 1.00177e-11 0.00000e+00
7.48000e+02 9.16712e-12 0.00000e+00
7.49000e+02 1.00530e-11 0.00000e+00
7.50000e+02 1.08240e-11 0.00000e+00
7.51000e+02 9.96444e-12 0.00000e+00
7.52000e+02 1.04736e-11 0.00000e+00
7.53000e+02 1.04153e-11 0.00000e+00
7.54000e+02 1.06118e-11 0.00000e+00
7.55000e+02 9.30255e-12 0.00000e+00
7.56000e+02 9.96262e-12 0.00000e+00
7.57000e+02 1.03185e-11 0.00000e+00
7.58000e+02 1.01505e-11 0.00000e+00
7.59000e+02 9.67127e-12 0.00000e+00
7.60000e+02 1.00650e-11 0.00000e+00
7.61000e+02 9.74487e-12 0.00000e+00
7.62000e+02 9.89761e-12 0.00000e+00
7.63000e+02 8.94509e-12 0.00000e+00
7.64000e+02 9.76815e-12 0.00000e+00
7.65000e+02 9.90857e-12 0.00000e+00
7.66000e+02 8.64211e-12 0.00000e+00
7.67000e+02 1.09335e-11 0.00000e+00
7.68000e+02 9.97797e-12 0.00000e+00
7.69000e+02 8.75298e-12 0.00000e+00
7.70000e+02 9.75920e-12 0.00000e+00
7.71000e+02 9.33420e-12 0.00000e+00
7.72000e+02 9.67290e-12 0.00000e+00
7.73000e+02 9.43326e-12 0.00000e+00
7.74000e+02 9.17694e-12 0.00000e+00
7.75000e+02 9.74324e-12 0.00000e+00
7.76000e+02 8.61529e-12 0.00000e+00
7.77000e+02 1.01212e-11 0.00000e+00
7.78000e+02 9.84569e-12 0.00000e+00
7.79000e+02 9.12020e-12 0.00000e+00
7.80000e+02 9.20188e-12 0.00000e+00
7.81000e+02 9.63436e-12 0.00000e+00
7.82000e+02 1.03633e-11 0.00000e+00
7.83000e+02 8.42235e-12 0.00000e+00
7.84000e+02 8.56016e-12 0.00000e+00
7.85000e+02 9.26013e-12 0.00000e+00
7.86000e+02 8.47344e-12 0.00000e+00
7.87000e+02 1.06120e-11 0.00000e+00
7.88000e+02 9.71276e-12 0.00000e+00
7.89000e+02 8.99834e-12 0.00000e+00
7.90000e+02 1.02153e-11 0.00000e+00
7.91000e+02 9.26731e-12 0.00000e+00
7.92000e+02 8.84201e-12 0.00000e+00
7.93000e+02 8.64483e-12 0.00000e+00
7.94000e+02 9.57935e-12 0.00000e+00
7.95000e+02 8.29850e-12 0.00000e+00
7.96000e+02 9.27009e-12 0.00000e+00
7.97000e+02 8.65284e-12 0.00000e+00
7.98000e+02 8.93765e-12 0.00000e+00
7.99000e+02 8.63797e-12 0.00000e+00
8.00000e+02 9.24566e-12 0.00000e+00
8.01000e+02 9.75877e-12 0.00000e+00
8.02000e+02 9.75272e-12 0.00000e+00
8.03000e+02 7.93795e-12 0.00000e+00
8.04000e+02 9.38572e-12 0.00000e+00
8.05000e+02 8.38108e-12 0.00000e+00
8.06000e+02 9.87479e-12 0.00000e+00
8.07000e+02 9.01621e-12 0.00000e+00
8.08000e+02 9.04297e-12 0.00000e+00
8.09000e+02 9.10840e-12 0.00000e+00
8.10000e+02 1.01731e-11 0.00000e+00
8.11000e+02 9.38551e-12 0.00000e+00
8.12000e+02 8.05083e-12 0.00000e+00
8.13000e+02 8.69076e-12 0.00000e+00
8.14000e+02 9.13885e-12 0.00000e+00
8.15000e+02 8.60543e-12 0.00000e+00
8.16000e+02 8.41948e-12 0.00000e+00
8.17000e+02 8.53759e-12 0.00000e+00
8.18000e+02 8.40109e-12 0.00000e+00
8.19000e+02 9.42021e-12 0.00000e+00
8.20000e+02 9.16500e-12 0.00000e+00
8.21000e+02 8.69363e-12 0.00000e+00
8.22000e+02 8.54101e-12 0.00000e+00
8.23000e+02 9.14418e-12 0.00000e+00
8.24000e+02 8.64532e-12 0.00000e+00
8.25000e+02 8.82429e-12 0.00000e+00
8.26000e+02 8.84094e-12 0.00000e+00
8.27000e+02 9.49368e-12 0.00000e+00
8.28000e+02 8.32596e-12 0.00000e+00
8.29000e+02 8.98735e-12 0.00000e+00
8.30000e+02 9.20699e-12 0.00000e+00
8.31000e+02 8.48579e-12 0.00000e+00
8.32000e+02 8.36063e-12 0.00000e+00
8.33000e+02 7.86820e-12 0.00000e+00
8.34000e+02 8.60827e-12 0.00000e+00
8.35000e+02 9.17507e-12 0.00000e+00
8.36000e+02 8.47823e-12 0.00000e+00
8.37000e+02 8.52809e-12 0.00000e+00
8.38000e+02 8.34618e-12 0.00000e+00
8.39000e+02 8.46342e-12 0.00000e+00
8.40000e+02 8.14518e-12 0.00000e+00
8.41000e+02 8.76551e-12 0.00000e+00
8.42000e+02 8.07345e-12 0.00000e+00
8.43000e+02 8.76448e-12 0.00000e+00
8.44000e+02 8.02919e-12 0.00000e+00
8.45000e+02 9.13763e-12 0.00000e+00
8.46000e+02 9.37059e-12 0.00000e+00
8.47000e+02 8.25335e-12 0.00000e+00
8.48000e+02 8.50154e-12 0.00000e+00
8.49000e+02 7.72644e-12 0.00000e+00
8.50000e+02 8.08257e-12 0.00000e+00
8.51000e+02 8.39771e-12 0.00000e+00
8.52000e+02 8.64827e-12 0.00000e+00
8.53000e+02 8.44206e-12 0.00000e+00
8.54000e+02 8.29299e-12 0.00000e+00
8.55000e+02 8.42175e-12 0.00000e+00
8.56000e+02 8.80391e-12 0.00000e+00
8.57000e+02 8.10044e-12 0.00000e+00
8.58000e+02 8.77261e-12 0.00000e+00
8.59000e+02 8.35615e-12 0.00000e+00
8.60000e+02 7.66464e-12 0.00000e+00
8.61000e+02 7.82552e-12 0.00000e+00
8.62000e+02 7.76797e-12 0.00000e+00
8.63000e+02 8.31752e-12 0.00000e+00
8.64000e+02 7.50162e-12 0.00000e+00
8.65000e+02 7.63773e-12 0.00000e+00
8.66000e+02 8.25975e-12 0.00000e+00
8.67000e+02 8.14689e-12 0.00000e+00
8.68000e+02 7.55846e-12 0.00000e+00
8.69000e+02 8.37235e-12 0.00000e+00
8.70000e+02 8.58756e-12 0.00000e+00
8.71000e+02 7.78822e-12 0.00000e+00
8.72000e+02 7.85099e-12 0.00000e+00
8.73000e+02 8.21726e-12 0.00000e+00
8.74000e+02 7.20103e-12 0.00000e+00
8.75000e+02 7.77668e-12 0.00000e+00
8.76000e+02 7.30257e-12 0.00000e+00
8.77000e+02 7.98745e-12 0.00000e+00
8.78000e+02 7.61588e-12 0.00000e+00
8.79000e+02 7.82340e-12 0.00000e+00
8.80000e+02 8.05406e-12 0.00000e+00
8.81000e+02 7.61719e-12 0.00000e+00
8.82000e+02 7.77199e-12 0.00000e+00
8.83000e+02 6.86240e-12 0.00000e+00
8.84000e+02 8.31805e-12 0.00000e+00
8.85000e+02 7.53977e-12 0.00000e+00
8.86000e+02 8.08415e-12 0.00000e+00
8.87000e+02 8.03734e-12 0.00000e+00
8.88000e+02 7.68053e-12 0.00000e+00
8.89000e+02 7.69611e-12 0.00000e+00
8.90000e+02 7.20686e-12 0.00000e+00
8.91000e+02 7.69693e-12 0.00000e+00
8.92000e+02 8.26813e-12 0.00000e+00
8.93000e+02 7.94020e-12 0.00000e+00
8.94000e+02 7.57854e-12 0.00000e+00
8.95000e+02 8.07295e-12 0.00000e+00
8.96000e+02 7.76160e-12 0.00000e+00
8.97000e+02 7.77340e-12 0.00000e+00
8.98000e+02 7.77795e-12 0.00000e+00
8.99000e+02 7.87470e-12 0.00000e+00
9.00000e+02 8.05774e-12 0.00000e+00
9.01000e+02 7.73994e-12 0.00000e+00
9.02000e+02 7.61292e-12 0.00000e+00
9.03000e+02 8.07815e-12 0.00000e+00
9.04000e+02 7.64289e-12 0.00000e+00
9.05000e+02 7.78733e-12 0.00000e+00
9.06000e+02 7.45724e-12 0.00000e+00
9.07000e+02 8.14789e-12 0.00000e+00
9.08000e+02 6.88846e-12 0.00000e+00
9.09000e+02 7.32045e-12 0.00000e+00
9.10000e+02 7.86933e-12 0.00000e+00
9.11000e+02 7.11240e-12 0.00000e+00
9.12000e+02 7.50149e-12 0.00000e+00
9.13000e+02 7.28438e-12 0.00000e+00
9.14000e+02 7.56711e-12 0.00000e+00
9.15000e+02 7.47563e-12 0.00000e+00
9.16000e+02 7.27843e-12 0.00000e+00
9.17000e+02 7.29875e-12 0.00000e+00
9.18000e+02 7.49689e-12 0.00000e+00
9.19000e+02 7.02280e-12 0.00000e+00
9.20000e+02 7.03327e-12 0.00000e+00
9.21000e+02 7.72001e-12 0.00000e+00
9.22000e+02 7.67846e-12 0.00000e+00
9.23000e+02 7.10848e-12 0.00000e+00
9.24000e+02 7.91742e-12 0.00000e+00
9.25000e+02 7.59946e-12 0.00000e+00
9.26000e+02 7.20883e-12 0.00000e+00
9.27000e+02 7.64224e-12 0.00000e+00
9.28000e+02 6.98094e-12 0.00000e+00
9.29000e+02 6.94834e-12 0.00000e+00
9.30000e+02 7.13777e-12 0.00000e+00
9.31000e+02 7.72988e-12 0.00000e+00
9.32000e+02 6.83683e-12 0.00000e+00
9.33000e+02 7.30921e-12 0.00000e+00
9.34000e+02 6.93676e-12 0.00000e+00
9.35000e+02 6.38603e-12 0.00000e+00
9.36000e+02 7.58772e-12 0.00000e+00
9.37000e+02 6.97705e-12 0.00000e+00
9.38000e+02 7.17673e-12 0.00000e+00
9.39000e+02 7.16430e-12 0.00000e+00
9.40000e+02 7.68996e-12 0.00000e+00
9.41000e+02 6.89397e-12 0.00000e+00
9.42000e+02 7.02277e-12 0.00000e+00
9.43000e+02 6.93025e-12 0.00000e+00
9.44000e+02 7.17351e-12 0.00000e+00
9.45000e+02 6.60656e-12 0.00000e+00
9.46000e+02 7.00819e-12 0.00000e+00
9.47000e+02 6.84620e-12 0.00000e+00
9.48000e+02 6.70007e-12 0.00000e+00
9.49000e+02 7.47569e-12 0.00000e+00
9.50000e+02 7.09095e-12 0.00000e+00
9.51000e+02 6.75292e-12 0.00000e+00
9.52000e+02 6.23551e-12 0.00000e+00
9.53000e+02 6.44852e-12 0.00000e+00
9.54000e+02 6.42191e-12 0.00000e+00
9.55000e+02 7.96161e-12 0.00000e+00
9.56000e+02 7.18396e-12 0.00000e+00
9.57000e+02 6.22018e-12 0.00000e+00
9.58000e+02 6.20756e-12 0.00000e+00
9.59000e+02 6.75476e-12 0.00000e+00
9.60000e+02 6.76790e-12 0.00000e+00
9.61000e+02 6.80491e-12 0.00000e+00
9.62000e+02 6.78924e-12 0.00000e+00
9.63000e+02 6.46008e-12 0.00000e+00
9.64000e+02 6.88783e-12 0.00000e+00
9.65000e+02 6.84658e-12 0.00000e+00
9.66000e+02 6.26411e-12 0.00000e+00
9.67000e+02 6.56308e-12 0.00000e+00
9.68000e+02 6.35968e-12 0.00000e+00
9.69000e+02 6.97784e-12 0.00000e+00
9.70000e+02 6.89367e-12 0.00000e+00
9.71000e+02 7.34495e-12 0.00000e+00
9.72000e+02 6.45749e-12 0.00000e+00
9.73000e+02 6.12218e-12 0.00000e+00
9.74000e+02 7.28995e-12 0.00000e+00
9.75000e+02 7.20922e-12 0.00000e+00
9.76000e+02 6.93219e-12 0.00000e+00
9.77000e+02 6.61241e-12 0.00000e+00
9.78000e+02 6.85358e-12 0.00000e+00
9.79000e+02 6.08470e-12 0.00000e+00
9.80000e+02 6.58525e-12 0.00000e+00
9.81000e+02 6.94494e-12 0.00000e+00
9.82000e+02 6.56008e-12 0.00000e+00
9.83000e+02 6.78501e-12 0.00000e+00
9.84000e+02 6.92161e-12 0.00000e+00
9.85000e+02 7.01176e-12 0.00000e+00
9.86000e+02 6.10064e-12 0.00000e+00
9.87000e+02 6.75605e-12 0.00000e+00
9.88000e+02 7.57381e-12 0.00000e+00
9.89000e+02 5.83538e-12 0.00000e+00
9.90000e+02 6.12301e-12 0.00000e+00
9.91000e+02 6.07749e-12 0.00000e+00
9.92000e+02 6.35527e-12 0.00000e+00
9.93000e+02 6.37619e-12 0.00000e+00
9.94000e+02 5.88860e-12 0.00000e+00
9.95000e+02 6.28866e-12 0.00000e+00
9.96000e+02 6.86551e-12 0.00000e+00
9.97000e+02 6.37720e-12 0.00000e+00
9.98000e+02 6.08786e-12 0.00000e+00
9.99000e+02 6.36207e-12 0.00000e+00
1.00000e+03 6.69360e-12 0.00000e+00
1.00100e+03 6.07842e-12 0.00000e+00
1.00200e+03 6.90903e-12 0.00000e+00
1.00300e+03 6.40921e-12 0.00000e+00
1.00400e+03 6.46356e-12 0.00000e+00
1.00500e+03 6.59723e-12 0.00000e+00
1.00600e+03 5.99061e-12 0.00000e+00
1.00700e+03 6.25853e-12 0.00000e+00
1.00800e+03 6.50462e-12 0.00000e+00
1.00900e+03 6.73296e-12 0.00000e+00
1.01000e+03 6.56514e-12 0.00000e+00
1.01100e+03 6.16985e-12 0.00000e+00
1.01200e+03 5.84390e-12 0.00000e+00
1.01300e+03 6.09220e-12 0.00000e+00
1.01400e+03 6.84238e-12 0.00000e+00
1.01500e+03 6.18680e-12 0.00000e+00
1.01600e+03 6.02394e-12 0.00000e+00
1.01700e+03 6.10274e-12 0.00000e+00
1.01800e+03 6.21365e-12 0.00000e+00
1.01900e+03 6.06892e-12 0.00000e+00
1.02000e+03 6.26666e-12 0.00000e+00
1.02100e+03 6.63144e-12 0.00000e+00
1.02200e+03 6.17341e-12 0.00000e+00
1.02300e+03 6.52784e-12 0.00000e+00
1.02400e+03 5.59162e-12 0.00000e+00
1.02500e+03 5.52666e-12 0.00000e+00
1.02600e+03 5.98679e-12 0.00000e+00
1.02700e+03 6.09049e-12 0.00000e+00
1.02800e+03 6.00832e-12 0.00000e+00
1.02900e+03 6.06923e-12 0.00000e+00
1.03000e+03 5.90526e-12 0.00000e+00
1.03100e+03 6.30161e-12 0.00000e+00
1.03200e+03 5.88311e-12 0.00000e+00
1.03300e+03 6.41963e-12 0.00000e+00
1.03400e+03 5.89055e-12 0.00000e+00
1.03500e+03 5.71536e-12 0.00000e+00
1.03600e+03 6.03819e-12 0.00000e+00
1.03700e+03 6.15299e-12 0.00000e+00
1.03800e+03 5.76856e-12 0.00000e+00
1.03900e+03 6.30145e-12 0.00000e+00
1.04000e+03 6.00540e-12 0.00000e+00
1.04100e+03 6.01342e-12 0.00000e+00
1.04200e+03 6.51205e-12 0.00000e+00
1.04300e+03 5.97266e-12 0.00000e+00
1.04400e+03 6.14677e-12 0.00000e+00
1.04500e+03 5.68621e-12 0.00000e+00
1.04600e+03 6.27791e-12 0.00000e+00
1.04700e+03 5.75026e-12 0.00000e+00
1.04800e+03 6.03636e-12 0.00000e+00
1.04900e+03 5.64345e-12 0.00000e+00
1.05000e+03 6.55649e-12 0.00000e+00
1.05100e+03 5.69900e-12 0.00000e+00
1.05200e+03 5.74549e-12 0.00000e+00
1.05300e+03 6.06270e-12 0.00000e+00
1.05400e+03 5.87463e-12 0.00000e+00
1.05500e+03 6.21799e-12 0.00000e+00
1.05600e+03 5.61571e-12 0.00000e+00
1.05700e+03 5.89502e-12 0.00000e+00
1.05800e+03 5.54523e-12 0.00000e+00
1.05900e+03 5.41021e-12 0.00000e+00
1.06000e+03 5.92723e-12 0.00000e+00
1.06100e+03 5.87739e-12 0.00000e+00
1.06200e+03 6.48404e-12 0.00000e+00
1.06300e+03 5.98405e-12 0.00000e+00
1.06400e+03 5.91563e-12 0.00000e+00
1.06500e+03 5.51639e-12 0.00000e+00
1.06600e+03 5.86971e-12 0.00000e+00
1.06700e+03 5.50099e-12 0.00000e+00
1.06800e+03 5.64148e-12 0.00000e+00
1.06900e+03 5.27563e-12 0.00000e+00
1.07000e+03 5.18713e-12 0.00000e+00
1.07100e+03 5.25912e-12 0.00000e+00
1.07200e+03 5.74510e-12 0.00000e+00
1.07300e+03 5.71606e-12 0.00000e+00
1.07400e+03 5.80851e-12 0.00000e+00
1.07500e+03 5.54314e-12 0.00000e+00
1.07600e+03 5.40781e-12 0.00000e+00
1.07700e+03 5.67949e-12 0.00000e+00
1.07800e+03 5.90294e-12 0.00000e+00
1.07900e+03 6.19216e-12 0.00000e+00
1.08000e+03 5.81696e-12 0.00000e+00
1.08100e+03 5.38393e-12 0.00000e+00
1.08200e+03 5.39822e-12 0.00000e+00
1.08300e+03 5.05792e-12 0.00000e+00
1.08400e+03 5.43551e-12 0.00000e+00
1.08500e+03 5.89202e-12 0.00000e+00
1.08600e+03 5.75794e-12 0.00000e+00
1.08700e+03 5.68823e-12 0.00000e+00
1.08800e+03 5.64332e-12 0.00000e+00
1.08900e+03 5.52374e-12 0.00000e+00
1.09000e+03 5.90608e-12 0.00000e+00
1.09100e+03 4.90975e-12 0.00000e+00
1.09200e+03 5.54595e-12 0.00000e+00
1.09300e+03 5.65209e-12 0.00000e+00
1.09400e+03 5.89182e-12 0.00000e+00
1.09500e+03 5.49481e-12 0.00000e+00
1.09600e+03 5.81228e-12 0.00000e+00
1.09700e+03 5.40439e-12 0.00000e+00
1.09800e+03 5.60351e-12 0.00000e+00
1.09900e+03 5.67262e-12 0.00000e+00
1.10000e+03 5.52189e-12 0.00000e+00
1.10100e+03 5.82929e-12 0.00000e+00
1.10200e+03 5.16564e-12 0.00000e+00
1.10300e+03 5.34627e-12 0.00000e+00
1.10400e+03 5.56802e-12 0.00000e+00
1.10500e+03 5.02715e-12 0.00000e+00
1.10600e+03 5.56907e-12 0.00000e+00
1.10700e+03 5.23213e-12 0.00000e+00
1.10800e+03 5.52863e-12 0.00000e+00
1.10900e+03 5.27878e-12 0.00000e+00
1.11000e+03 5.16773e-12 0.00000e+00
1.11100e+03 5.15695e-12 0.00000e+00
1.11200e+03 5.26258e-12 0.00000e+00
1.11300e+03 5.21761e-12 0.00000e+00
1.11400e+03 4.82562e-12 0.00000e+00
1.11500e+03 5.18376e-12 0.00000e+00
1.11600e+03 5.08325e-12 0.00000e+00
1.11700e+03 5.59956e-12 0.00000e+00
1.11800e+03 5.46115e-12 0.00000e+00
1.11900e+03 5.24686e-12 0.00000e+00
1.12000e+03 4.94771e-12 0.00000e+00
1.12100e+03 5.60752e-12 0.00000e+00
1.12200e+03 5.19623e-12 0.00000e+00
1.12300e+03 5.10853e-12 0.00000e+00
1.12400e+03 5.06913e-12 0.00000e+00
1.12500e+03 5.14640e-12 0.00000e+00
1.12600e+03 4.96390e-12 0.00000e+00
1.12700e+03 5.23570e-12 0.00000e+00
1.12800e+03 5.15261e-12 0.00000e+00
1.12900e+03 5.45941e-12 0.00000e+00
1.13000e+03 4.96923e-12 0.00000e+00
1.13100e+03 5.09404e-12 0.00000e+00
1.13200e+03 4.79682e-12 0.00000e+00
1.13300e+03 5.21009e-12 0.00000e+00
1.13400e+03 4.69465e-12 0.00000e+00
1.13500e+03 4.91482e-12 0.00000e+00
1.13600e+03 4.64480e-12 0.00000e+00
1.13700e+03 5.23299e-12 0.00000e+00
1.13800e+03 5.52293e-12 0.00000e+00
1.13900e+03 5.20952e-12 0.00000e+00
1.14000e+03 5.46620e-12 0.00000e+00
1.14100e+03 5.07212e-12 0.00000e+00
1.14200e+03 4.80839e-12 0.00000e+00
1.14300e+03 4.95399e-12 0.00000e+00
1.14400e+03 4.73429e-12 0.00000e+00
1.14500e+03 5.03731e-12 0.00000e+00
1.14600e+03 4.94461e-12 0.00000e+00
1.14700e+03 5.19912e-12 0.00000e+00
1.14800e+03 4.76060e-12 0.00000e+00
1.14900e+03 4.58574e-12 0.00000e+00
1.15000e+03 5.32701e-12 0.00000e+00
1.15100e+03 4.99176e-12 0.00000e+00
1.15200e+03 4.91460e-12 0.00000e+00
1.15300e+03 5.08629e-12 0.00000e+00
1.15400e+03 5.02399e-12 0.00000e+00
1.15500e+03 4.59855e-12 0.00000e+00
1.15600e+03 4.94880e-12 0.00000e+00
1.15700e+03 5.15425e-12 0.00000e+00
1.15800e+03 4.57563e-12 0.00000e+00
1.15900e+03 4.93282e-12 0.00000e+00
1.16000e+03 4.35609e-12 0.00000e+00
1.16100e+03 4.76058e-12 0.00000e+00
1.16200e+03 4.88511e-12 0.00000e+00
1.16300e+03 4.88342e-12 0.00000e+00
1.16400e+03 4.92870e-12 0.00000e+00
1.16500e+03 4.72514e-12 0.00000e+00
1.16600e+03 5.05887e-12 0.00000e+00
1.16700e+03 4.74900e-12 0.00000e+00
1.16800e+03 4.58031e-12 0.00000e+00
1.16900e+03 5.05145e-12 0.00000e+00
1.17000e+03 4.52294e-12 0.00000e+00
1.17100e+03 4.81928e-12 0.00000e+00
1.17200e+03 5.02938e-12 0.00000e+00
1.17300e+03 4.74380e-12 0.00000e+00
1.17400e+03 5.32038e-12 0.00000e+00
1.17500e+03 4.77510e-12 0.00000e+00
1.17600e+03 4.58528e-12 0.00000e+00
1.17700e+03 4.70794e-12 0.00000e+00
1.17800e+03 4.47809e-12 0.00000e+00
1.17900e+03 4.37286e-12 0.00000e+00
1.18000e+03 4.77960e-12 0.00000e+00
1.18100e+03 4.74181e-12 0.00000e+00
1.18200e+03 4.68451e-12 0.00000e+00
1.18300e+03 4.60231e-12 0.00000e+00
1.18400e+03 4.47148e-12 0.00000e+00
1.18500e+03 4.62889e-12 0.00000e+00
1.18600e+03 4.40498e-12 0.00000e+00
1.18700e+03 4.62798e-12 0.00000e+00
1.18800e+03 4.60370e-12 0.00000e+00
1.18900e+03 4.52146e-12 0.00000e+00
1.19000e+03 4.46664e-12 0.00000e+00
1.19100e+03 5.13328e-12 0.00000e+00
1.19200e+03 4.66200e-12 0.00000e+00
1.19300e+03 4.35198e-12 0.00000e+00
1.19400e+03 4.59385e-12 0.00000e+00
1.19500e+03 4.75640e-12 0.00000e+00
1.19600e+03 4.58118e-12 0.00000e+00
1.19700e+03 4.95512e-12 0.00000e+00
1.19800e+03 4.51613e-12 0.00000e+00
1.19900e+03 4.65982e-12 0.00000e+00
1.20000e+03 4.36942e-12 0.00000e+00
1.20100e+03 4.57247e-12 0.00000e+00
1.20200e+03 3.99790e-12 0.00000e+00
1.20300e+03 4.83663e-12 0.00000e+00
1.20400e+03 4.76868e-12 0.00000e+00
1.20500e+03 4.38641e-12 0.00000e+00
1.20600e+03 4.73215e-12 0.00000e+00
1.20700e+03 4.49716e-12 0.00000e+00
1.20800e+03 4.63328e-12 0.00000e+00
1.20900e+03 4.29246e-12 0.00000e+00
1.21000e+03 4.60997e-12 0.00000e+00
1.21100e+03 4.13810e-12 0.00000e+00
1.21200e+03 4.62906e-12 0.00000e+00
1.21300e+03 4.44781e-12 0.00000e+00
1.21400e+03 4.24799e-12 0.00000e+00
1.21500e+03 4.42881e-12 0.00000e+00
1.21600e+03 4.45127e-12 0.00000e+00
1.21700e+03 4.32487e-12 0.00000e+00
1.21800e+03 4.25408e-12 0.00000e+00
1.21900e+03 4.43628e-12 0.00000e+00
1.22000e+03 4.65375e-12 0.00000e+00
1.22100e+03 4.29896e-12 0.00000e+00
1.22200e+03 4.44614e-12 0.00000e+00
1.22300e+03 4.10070e-12 0.00000e+00
1.22400e+03 4.49466e-12 0.00000e+00
1.22500e+03 4.09649e-12 0.00000e+00
1.22600e+03 4.30899e-12 0.00000e+00
1.22700e+03 4.23728e-12 0.00000e+00
1.22800e+03 4.58305e-12 0.00000e+00
1.22900e+03 4.40839e-12 0.00000e+00
1.23000e+03 4.26857e-12 0.00000e+00
1.23100e+03 4.55679e-12 0.00000e+00
1.23200e+03 4.57619e-12 0.00000e+00
1.23300e+03 4.03911e-12 0.00000e+00
1.23400e+03 4.34526e-12 0.00000e+00
1.23500e+03 3.84864e-12 0.00000e+00
1.23600e+03 4.43078e-12 0.00000e+00
1.23700e+03 4.41319e-12 0.00000e+00
1.23800e+03 4.00348e-12 0.00000e+00
1.23900e+03 4.22760e-12 0.00000e+00
1.24000e+03 4.24732e-12 0.00000e+00
1.24100e+03 3.93403e-12 0.00000e+00
1.24200e+03 3.86997e-12 0.00000e+00
1.24300e+03 3.89737e-12 0.00000e+00
1.24400e+03 4.27008e-12 0.00000e+00
1.24500e+03 4.07130e-12 0.00000e+00
1.24600e+03 3.66040e-12 0.00000e+00
1.24700e+03 4.48283e-12 0.00000e+00
1.24800e+03 3.93638e-12 0.00000e+00
1.24900e+03 4.01183e-12 0.00000e+00
1.25000e+03 4.06637e-12 0.00000e+00
1.25100e+03 3.85938e-12 0.00000e+00
1.25200e+03 4.09402e-12 0.00000e+00
1.25300e+03 4.36494e-12 0.00000e+00
1.25400e+03 4.05026e-12 0.00000e+00
1.25500e+03 3.70161e-12 0.00000e+00
1.25600e+03 4.13795e-12 0.00000e+00
1.25700e+03 3.87527e-12 0.00000e+00
1.25800e+03 4.30794e-12 0.00000e+00
1.25900e+03 3.93790e-12 0.00000e+00
1.26000e+03 4.10758e-12 0.00000e+00
1.26100e+03 4.28552e-12 0.00000e+00
1.26200e+03 4.28440e-12 0.00000e+00
1.26300e+03 3.95489e-12 0.00000e+00
1.26400e+03 4.15267e-12 0.00000e+00
1.26500e+03 3.98397e-12 0.00000e+00
1.26600e+03 4.40428e-12 0.00000e+00
1.26700e+03 3.91604e-12 0.00000e+00
1.26800e+03 4.39592e-12 0.00000e+00
1.26900e+03 4.01639e-12 0.00000e+00
1.27000e+03 3.91343e-12 0.00000e+00
1.27100e+03 3.96744e-12 0.00000e+00
1.27200e+03 4.43797e-12 0.00000e+00
1.27300e+03 3.86294e-12 0.00000e+00
1.27400e+03 3.81946e-12 0.00000e+00
1.27500e+03 3.79356e-12 0.00000e+00
1.27600e+03 4.13588e-12 0.00000e+00
1.27700e+03 3.92084e-12 0.00000e+00
1.27800e+03 3.68946e-12 0.00000e+00
1.27900e+03 3.77359e-12 0.00000e+00
1.28000e+03 4.20432e-12 0.00000e+00
1.28100e+03 3.96917e-12 0.00000e+00
1.28200e+03 4.11901e-12 0.00000e+00
1.28300e+03 3.83063e-12 0.00000e+00
1.28400e+03 3.99077e-12 0.00000e+00
1.28500e+03 3.98294e-12 0.00000e+00
1.28600e+03 3.59445e-12 0.00000e+00
1.28700e+03 3.57022e-12 0.00000e+00
1.28800e+03 4.07120e-12 0.00000e+00
1.28900e+03 4.01957e-12 0.00000e+00
1.29000e+03 3.85534e-12 0.00000e+00
1.29100e+03 3.57407e-12 0.00000e+00
1.29200e+03 3.84760e-12 0.00000e+00
1.29300e+03 3.93471e-12 0.00000e+00
1.29400e+03 4.18888e-12 0.00000e+00
1.29500e+03 3.91683e-12 0.00000e+00
1.29600e+03 3.61694e-12 0.00000e+00
1.29700e+03 3.47882e-12 0.00000e+00
1.29800e+03 3.51846e-12 0.00000e+00
1.29900e+03 3.63946e-12 0.00000e+00
1.30000e+03 3.63654e-12 0.00000e+00
1.30100e+03 3.74446e-12 0.00000e+00
1.30200e+03 3.88156e-12 0.00000e+00
1.30300e+03 3.82143e-12 0.00000e+00
1.30400e+03 3.67009e-12 0.00000e+00
1.30500e+03 3.65950e-12 0.00000e+00
1.30600e+03 3.68768e-12 0.00000e+00
1.30700e+03 3.53629e-12 0.00000e+00
1.30800e+03 3.58189e-12 0.00000e+00
1.30900e+03 3.63109e-12 0.00000e+00
1.31000e+03 3.71748e-12 0.00000e+00
1.31100e+03 3.67004e-12 0.00000e+00
1.31200e+03 3.81592e-12 0.00000e+00
1.31300e+03 3.51218e-12 0.00000e+00
1.31400e+03 3.53761e-12 0.00000e+00
1.31500e+03 3.60680e-12 0.00000e+00
1.31600e+03 3.56207e-12 0.00000e+00
1.31700e+03 3.61475e-12 0.00000e+00
1.31800e+03 3.68946e-12 0.00000e+00
1.31900e+03 3.49611e-12 0.00000e+00
1.32000e+03 3.48409e-12 0.00000e+00
1.32100e+03 3.63197e-12 0.00000e+00
1.32200e+03 3.70298e-12 0.00000e+00
1.32300e+03 3.75326e-12 0.00000e+00
1.32400e+03 3.57174e-12 0.00000e+00
1.32500e+03 3.54211e-12 0.00000e+00
1.32600e+03 3.55652e-12 0.00000e+00
1.32700e+03 3.42333e-12 0.00000e+00
1.32800e+03 3.43424e-12 0.00000e+00
1.32900e+03 3.52058e-12 0.00000e+00
1.33000e+03 3.22093e-12 0.00000e+00
1.33100e+03 3.29314e-12 0.00000e+00
1.33200e+03 3.92737e-12 0.00000e+00
1.33300e+03 3.68743e-12 0.00000e+00
1.33400e+03 3.46820e-12 0.00000e+00
1.33500e+03 3.33108e-12 0.00000e+00
1.33600e+03 3.60628e-12 0.00000e+00
1.33700e+03 3.46917e-12 0.00000e+00
1.33800e+03 3.33888e-12 0.00000e+00
1.33900e+03 3.27351e-12 0.00000e+00
1.34000e+03 3.72673e-12 0.00000e+00
1.34100e+03 3.39395e-12 0.00000e+00
1.34200e+03 3.60251e-12 0.00000e+00
1.34300e+03 3.55754e-12 0.00000e+00
1.34400e+03 3.53519e-12 0.00000e+00
1.34500e+03 3.38956e-12 0.00000e+00
1.34600e+03 3.41930e-12 0.00000e+00
1.34700e+03 3.40569e-12 0.00000e+00
1.34800e+03 3.44602e-12 0.00000e+00
1.34900e+03 3.15983e-12 0.00000e+00
1.35000e+03 3.48732e-12 0.00000e+00
1.35100e+03 3.41440e-12 0.00000e+00
1.35200e+03 3.46469e-12 0.00000e+00
1.35300e+03 3.19014e-12 0.00000e+00
1.35400e+03 3.26117e-12 0.00000e+00
1.35500e+03 3.46234e-12 0.00000e+00
1.35600e+03 3.53828e-12 0.00000e+00
1.35700e+03 3.44417e-12 0.00000e+00
1.35800e+03 3.46219e-12 0.00000e+00
1.35900e+03 3.48426e-12 0.00000e+00
1.36000e+03 3.27118e-12 0.00000e+00
1.36100e+03 3.70006e-12 0.00000e+00
1.36200e+03 3.09100e-12 0.00000e+00
1.36300e+03 3.30690e-12 0.00000e+00
1.36400e+03 3.24190e-12 0.00000e+00
1.36500e+03 3.13743e-12 0.00000e+00
1.36600e+03 3.21125e-12 0.00000e+00
1.36700e+03 3.06017e-12 0.00000e+00
1.36800e+03 3.27591e-12 0.00000e+00
1.36900e+03 3.18184e-12 0.00000e+00
1.37000e+03 3.12489e-12 0.00000e+00
1.37100e+03 3.30826e-12 0.00000e+00
1.37200e+03 3.37984e-12 0.00000e+00
1.37300e+03 3.15325e-12 0.00000e+00
1.37400e+03 3.10679e-12 0.00000e+00
1.37500e+03 3.35383e-12 0.00000e+00
1.37600e+03 3.28981e-12 0.00000e+00
1.37700e+03 2.93837e-12 0.00000e+00
1.37800e+03 3.31473e-12 0.00000e+00
1.37900e+03 3.17952e-12 0.00000e+00
1.38000e+03 3.19704e-12 0.00000e+00
1.38100e+03 3.28828e-12 0.00000e+00
1.38200e+03 3.62361e-12 0.00000e+00
1.38300e+03 3.25237e-12 0.00000e+00
1.38400e+03 2.92632e-12 0.00000e+00
1.38500e+03 3.11139e-12 0.00000e+00
1.38600e+03 3.48986e-12 0.00000e+00
1.38700e+03 3.02229e-12 0.00000e+00
1.38800e+03 3.20190e-12 0.00000e+00
1.38900e+03 3.33008e-12 0.00000e+00
1.39000e+03 3.18925e-12 0.00000e+00
1.39100e+03 3.24029e-12 0.00000e+00
1.39200e+03 3.15688e-12 0.00000e+00
1.39300e+03 3.24816e-12 0.00000e+00
1.39400e+03 3.41116e-12 0.00000e+00
1.39500e+03 3.16393e-12 0.00000e+00
1.39600e+03 3.27054e-12 0.00000e+00
1.39700e+03 2.96662e-12 0.00000e+00
1.39800e+03 3.31371e-12 0.00000e+00
1.39900e+03 3.14642e-12 0.00000e+00
1.40000e+03 3.29260e-12 0.00000e+00
1.40100e+03 3.09203e-12 0.00000e+00
1.40200e+03 3.02204e-12 0.00000e+00
1.40300e+03 3.31407e-12 0.00000e+00
1.40400e+03 2.99912e-12 0.00000e+00
1.40500e+03 2.91429e-12 0.00000e+00
1.40600e+03 3.15879e-12 0.00000e+00
1.40700e+03 3.13070e-12 0.00000e+00
1.40800e+03 3.15452e-12 0.00000e+00
1.40900e+03 2.80615e-12 0.00000e+00
1.41000e+03 3.13520e-12 0.00000e+00
1.41100e+03 3.00106e-12 0.00000e+00
1.41200e+03 2.96035e-12 0.00000e+00
1.41300e+03 2.91034e-12 0.00000e+00
1.41400e+03 3.07682e-12 0.00000e+00
1.41500e+03 3.10039e-12 0.00000e+00
1.41600e+03 2.98915e-12 0.00000e+00
1.41700e+03 2.95096e-12 0.00000e+00
1.41800e+03 2.89675e-12 0.00000e+00
1.41900e+03 3.05953e-12 0.00000e+00
1.42000e+03 2.99460e-12 0.00000e+00
1.42100e+03 2.82943e-12 0.00000e+00
1.42200e+03 2.99613e-12 0.00000e+00
1.42300e+03 2.91267e-12 0.00000e+00
1.42400e+03 2.77429e-12 0.00000e+00
1.42500e+03 2.77394e-12 0.00000e+00
1.42600e+03 3.05796e-12 0.00000e+00
1.42700e+03 2.84851e-12 0.00000e+00
1.42800e+03 2.90639e-12 0.00000e+00
1.42900e+03 2.86904e-12 0.00000e+00
1.43000e+03 2.93643e-12 0.00000e+00
1.43100e+03 2.73705e-12 0.00000e+00
1.43200e+03 2.89771e-12 0.00000e+00
1.43300e+03 3.16341e-12 0.00000e+00
1.43400e+03 3.16846e-12 0.00000e+00
1.43500e+03 2.84461e-12 0.00000e+00
1.43600e+03 2.96503e-12 0.00000e+00
1.43700e+03 2.64011e-12 0.00000e+00
1.43800e+03 2.99604e-12 0.00000e+00
1.43900e+03 2.93740e-12 0.00000e+00
1.44000e+03 2.75503e-12 0.00000e+00
1.44100e+03 2.91298e-12 0.00000e+00
1.44200e+03 2.73289e-12 0.00000e+00
1.44300e+03 2.61000e-12 0.00000e+00
1.44400e+03 3.10357e-12 0.00000e+00
1.44500e+03 2.90372e-12 0.00000e+00
1.44600e+03 2.72990e-12 0.00000e+00
1.44700e+03 2.91815e-12 0.00000e+00
1.44800e+03 2.77043e-12 0.00000e+00
1.44900e+03 2.63097e-12 0.00000e+00
1.45000e+03 2.91120e-12 0.00000e+00
1.45100e+03 2.85156e-12 0.00000e+00
1.45200e+03 2.95935e-12 0.00000e+00
1.45300e+03 2.80255e-12 0.00000e+00
1.45400e+03 2.92913e-12 0.00000e+00
1.45500e+03 2.89974e-12 0.00000e+00
1.45600e+03 2.87711e-12 0.00000e+00
1.45700e+03 2.74851e-12 0.00000e+00
1.45800e+03 2.85321e-12 0.00000e+00
1.45900e+03 2.97218e-12 0.00000e+00
1.46000e+03 2.68473e-12 0.00000e+00
1.46100e+03 2.67517e-12 0.00000e+00
1.46200e+03 2.72801e-12 0.00000e+00
1.46300e+03 2.70786e-12 0.00000e+00
1.46400e+03 2.59942e-12 0.00000e+00
1.46500e+03 2.91938e-12 0.00000e+00
1.46600e+03 2.74173e-12 0.00000e+00
1.46700e+03 2.60495e-12 0.00000e+00
1.46800e+03 2.90108e-12 0.00000e+00
1.46900e+03 2.63984e-12 0.00000e+00
1.47000e+03 2.42952e-12 0.00000e+00
1.47100e+03 2.57372e-12 0.00000e+00
1.47200e+03 2.81773e-12 0.00000e+00
1.47300e+03 2.49255e-12 0.00000e+00
1.47400e+03 2.80506e-12 0.00000e+00
1.47500e+03 2.58138e-12 0.00000e+00
1.47600e+03 2.84524e-12 0.00000e+00
1.47700e+03 2.55586e-12 0.00000e+00
1.47800e+03 2.86978e-12 0.00000e+00
1.47900e+03 2.75285e-12 0.00000e+00
1.48000e+03 2.62963e-12 0.00000e+00
1.48100e+03 2.68865e-12 0.00000e+00
1.48200e+03 2.67506e-12 0.00000e+00
1.48300e+03 2.73470e-12 0.00000e+00
1.48400e+03 2.58264e-12 0.00000e+00
1.48500e+03 2.50875e-12 0.00000e+00
1.48600e+03 2.56978e-12 0.00000e+00
1.48700e+03 2.54581e-12 0.00000e+00
1.48800e+03 2.62326e-12 0.00000e+00
1.48900e+03 2.67512e-12 0.00000e+00
1.49000e+03 2.64449e-12 0.00000e+00
1.49100e+03 2.44919e-12 0.00000e+00
1.49200e+03 2.44976e-12 0.00000e+00
1.49300e+03 2.62992e-12 0.00000e+00
1.49400e+03 2.59945e-12 0.00000e+00
1.49500e+03 2.54707e-12 0.00000e+00
1.49600e+03 2.41853e-12 0.00000e+00
1.49700e+03 2.37030e-12 0.00000e+00
1.49800e+03 2.61518e-12 0.00000e+00
1.49900e+03 2.38029e-12 0.00000e+00
1.50000e+03 2.59403e-12 0.00000e+00
1.50100e+03 2.54541e-12 0.00000e+00
1.50200e+03 2.51983e-12 0.00000e+00
1.50300e+03 2.55338e-12 0.00000e+00
1.50400e+03 2.41443e-12 0.00000e+00
1.50500e+03 2.36854e-12 0.00000e+00
1.50600e+03 2.37960e-12 0.00000e+00
1.50700e+03 2.53538e-12 0.00000e+00
1.50800e+03 2.42919e-12 0.00000e+00
1.50900e+03 2.38990e-12 0.00000e+00
1.51000e+03 2.33674e-12 0.00000e+00
1.51100e+03 2.50883e-12 0.00000e+00
1.51200e+03 2.52933e-12 0.00000e+00
1.51300e+03 2.38174e-12 0.00000e+00
1.51400e+03 2.64541e-12 0.00000e+00
1.51500e+03 2.59992e-12 0.00000e+00
1.51600e+03 2.30812e-12 0.00000e+00
1.51700e+03 2.44649e-12 0.00000e+00
1.51800e+03 2.56092e-12 0.00000e+00
1.51900e+03 2.31837e-12 0.00000e+00
1.52000e+03 2.59146e-12 0.00000e+00
1.52100e+03 2.40772e-12 0.00000e+00
1.52200e+03 2.45221e-12 0.00000e+00
1.52300e+03 2.49445e-12 0.00000e+00
1.52400e+03 2.44553e-12 0.00000e+00
1.52500e+03 2.44160e-12 0.00000e+00
1.52600e+03 2.31015e-12 0.00000e+00
1.52700e+03 2.45904e-12 0.00000e+00
1.52800e+03 2.37805e-12 0.00000e+00
1.52900e+03 2.36732e-12 0.00000e+00
1.53000e+03 2.52313e-12 0.00000e+00
1.53100e+03 2.28752e-12 0.00000e+00
1.53200e+03 2.27036e-12 0.00000e+00
1.53300e+03 2.57945e-12 0.00000e+00
1.53400e+03 2.22697e-12 0.00000e+00
1.53500e+03 2.39588e-12 0.00000e+00
1.53600e+03 2.23539e-12 0.00000e+00
1.53700e+03 2.36728e-12 0.00000e+00
1.53800e+03 2.29411e-12 0.00000e+00
1.53900e+03 2.41793e-12 0.00000e+00
1.54000e+03 2.42770e-12 0.00000e+00
1.54100e+03 2.14308e-12 0.00000e+00
1.54200e+03 2.51574e-12 0.00000e+00
1.54300e+03 2.24956e-12 0.00000e+00
1.54400e+03 2.40314e-12 0.00000e+00
1.54500e+03 2.28628e-12 0.00000e+00
1.54600e+03 2.22296e-12 0.00000e+00
1.54700e+03 2.28403e-12 0.00000e+00
1.54800e+03 2.33254e-12 0.00000e+00
1.54900e+03 2.16306e-12 0.00000e+00
1.55000e+03 2.42602e-12 0.00000e+00
1.55100e+03 2.38362e-12 0.00000e+00
1.55200e+03 2.40057e-12 0.00000e+00
1.55300e+03 2.21972e-12 0.00000e+00
1.55400e+03 2.29856e-12 0.00000e+00
1.55500e+03 2.27925e-12 0.00000e+00
1.55600e+03 2.23196e-12 0.00000e+00
1.55700e+03 1.91263e-12 0.00000e+00
1.55800e+03 2.20345e-12 0.00000e+00
1.55900e+03 2.35729e-12 0.00000e+00
1.56000e+03 2.40108e-12 0.00000e+00
1.56100e+03 2.24938e-12 0.00000e+00
1.56200e+03 2.23037e-12 0.00000e+00
1.56300e+03 2.33900e-12 0.00000e+00
1.56400e+03 2.05498e-12 0.00000e+00
1.56500e+03 2.28590e-12 0.00000e+00
1.56600e+03 2.19549e-12 0.00000e+00
1.56700e+03 2.11945e-12 0.00000e+00
1.56800e+03 2.16790e-12 0.00000e+00
1.56900e+03 2.16208e-12 0.00000e+00
1.57000e+03 2.28927e-12 0.00000e+00
1.57100e+03 2.18689e-12 0.00000e+00
1.57200e+03 2.04407e-12 0.00000e+00
1.57300e+03 2.10210e-12 0.00000e+00
1.57400e+03 2.25046e-12 0.00000e+00
1.57500e+03 2.11259e-12 0.00000e+00
1.57600e+03 2.17745e-12 0.00000e+00
1.57700e+03 2.02224e-12 0.00000e+00
1.57800e+03 2.17089e-12 0.00000e+00
1.57900e+03 2.08655e-12 0.00000e+00
1.58000e+03 2.28116e-12 0.00000e+00
1.58100e+03 2.24761e-12 0.00000e+00
1.58200e+03 2.19897e-12 0.00000e+00
1.58300e+03 2.22233e-12 0.00000e+00
1.58400e+03 1.99519e-12 0.00000e+00
1.58500e+03 2.21753e-12 0.00000e+00
1.58600e+03 2.26687e-12 0.00000e+00
1.58700e+03 2.19538e-12 0.00000e+00
1.58800e+03 2.11560e-12 0.00000e+00
1.58900e+03 2.17864e-12 0.00000e+00
1.59000e+03 2.12366e-12 0.00000e+00
1.59100e+03 1.99983e-12 0.00000e+00
1.59200e+03 2.24888e-12 0.00000e+00
1.59300e+03 2.12933e-12 0.00000e+00
1.59400e+03 2.00546e-12 0.00000e+00
1.59500e+03 1.87030e-12 0.00000e+00
1.59600e+03 2.32718e-12 0.00000e+00
1.59700e+03 2.09754e-12 0.00000e+00
1.59800e+03 2.05481e-12 0.00000e+00
1.59900e+03 2.12822e-12 0.00000e+00
1.60000e+03 2.11428e-12 0.00000e+00
1.60100e+03 2.04964e-12 0.00000e+00
1.60200e+03 2.07845e-12 0.00000e+00
1.60300e+03 2.13337e-12 0.00000e+00
1.60400e+03 2.02268e-12 0.00000e+00
1.60500e+03 2.15177e-12 0.00000e+00
1.60600e+03 2.13488e-12 0.00000e+00
1.60700e+03 2.14857e-12 0.00000e+00
1.60800e+03 2.00602e-12 0.00000e+00
1.60900e+03 2.01184e-12 0.00000e+00
1.61000e+03 2.07706e-12 0.00000e+00
1.61100e+03 1.94818e-12 0.00000e+00
1.61200e+03 1.88425e-12 0.00000e+00
1.61300e+03 2.02545e-12 0.00000e+00
1.61400e+03 1.92876e-12 0.00000e+00
1.61500e+03 2.05521e-12 0.00000e+00
1.61600e+03 2.01136e-12 0.00000e+00
1.61700e+03 2.00535e-12 0.00000e+00
1.61800e+03 2.12822e-12 0.00000e+00
1.61900e+03 1.85938e-12 0.00000e+00
1.62000e+03 1.90252e-12 0.00000e+00
1.62100e+03 1.88587e-12 0.00000e+00
1.62200e+03 2.01654e-12 0.00000e+00
1.62300e+03 1.97192e-12 0.00000e+00
1.62400e+03 1.88763e-12 0.00000e+00
1.62500e+03 2.00244e-12 0.00000e+00
1.62600e+03 2.04082e-12 0.00000e+00
1.62700e+03 1.97505e-12 0.00000e+00
1.62800e+03 2.11941e-12 0.00000e+00
1.62900e+03 1.79339e-12 0.00000e+00
1.63000e+03 1.98614e-12 0.00000e+00
1.63100e+03 1.97400e-12 0.00000e+00
1.63200e+03 1.98033e-12 0.00000e+00
1.63300e+03 1.94544e-12 0.00000e+00
1.63400e+03 1.82864e-12 0.00000e+00
1.63500e+03 1.97021e-12 0.00000e+00
1.63600e+03 1.75574e-12 0.00000e+00
1.63700e+03 2.14075e-12 0.00000e+00
1.63800e+03 1.92139e-12 0.00000e+00
1.63900e+03 1.88681e-12 0.00000e+00
1.64000e+03 1.87073e-12 0.00000e+00
1.64100e+03 1.85229e-12 0.00000e+00
1.64200e+03 2.14891e-12 0.00000e+00
1.64300e+03 1.93856e-12 0.00000e+00
1.64400e+03 2.01655e-12 0.00000e+00
1.64500e+03 1.90959e-12 0.00000e+00
1.64600e+03 1.86238e-12 0.00000e+00
1.64700e+03 1.82879e-12 0.00000e+00
1.64800e+03 2.06262e-12 0.00000e+00
1.64900e+03 1.80886e-12 0.00000e+00
1.65000e+03 1.93901e-12 0.00000e+00
1.65100e+03 1.79617e-12 0.00000e+00
1.65200e+03 1.85799e-12 0.00000e+00
1.65300e+03 1.88489e-12 0.00000e+00
1.65400e+03 1.86052e-12 0.00000e+00
1.65500e+03 1.77793e-12 0.00000e+00
1.65600e+03 1.79003e-12 0.00000e+00
1.65700e+03 1.94595e-12 0.00000e+00
1.65800e+03 1.85759e-12 0.00000e+00
1.65900e+03 1.70899e-12 0.00000e+00
1.66000e+03 1.83125e-12 0.00000e+00
1.66100e+03 1.69279e-12 0.00000e+00
1.66200e+03 1.62791e-12 0.00000e+00
1.66300e+03 1.73066e-12 0.00000e+00
1.66400e+03 1.68532e-12 0.00000e+00
1.66500e+03 1.79278e-12 0.00000e+00
1.66600e+03 1.83603e-12 0.00000e+00
1.66700e+03 1.59281e-12 0.00000e+00
1.66800e+03 1.82404e-12 0.00000e+00
1.66900e+03 1.66682e-12 0.00000e+00
1.67000e+03 1.82542e-12 0.00000e+00
1.67100e+03 1.70034e-12 0.00000e+00
1.67200e+03 1.59346e-12 0.00000e+00
1.67300e+03 1.78102e-12 0.00000e+00
1.67400e+03 1.77269e-12 0.00000e+00
1.67500e+03 1.87128e-12 0.00000e+00
1.67600e+03 1.67814e-12 0.00000e+00
1.67700e+03 1.79891e-12 0.00000e+00
1.67800e+03 1.93910e-12 0.00000e+00
1.67900e+03 1.74420e-12 0.00000e+00
1.68000e+03 1.67506e-12 0.00000e+00
1.68100e+03 1.59970e-12 0.00000e+00
1.68200e+03 1.81762e-12 0.00000e+00
1.68300e+03 1.75323e-12 0.00000e+00
1.68400e+03 1.67760e-12 0.00000e+00
1.68500e+03 1.65787e-12 0.00000e+00
1.68600e+03 1.69570e-12 0.00000e+00
1.68700e+03 1.78816e-12 0.00000e+00
1.68800e+03 1.74751e-12 0.00000e+00
1.68900e+03 1.73115e-12 0.00000e+00
1.69000e+03 1.55309e-12 0.00000e+00
1.69100e+03 1.64763e-12 0.00000e+00
1.69200e+03 1.76984e-12 0.00000e+00
1.69300e+03 1.60706e-12 0.00000e+00
1.69400e+03 1.58859e-12 0.00000e+00
1.69500e+03 1.77729e-12 0.00000e+00
1.69600e+03 1.61075e-12 0.00000e+00
1.69700e+03 1.61032e-12 0.00000e+00
1.69800e+03 1.66478e-12 0.00000e+00
1.69900e+03 1.63070e-12 0.00000e+00
1.70000e+03 1.55832e-12 0.00000e+00
1.70100e+03 1.63194e-12 0.00000e+00
1.70200e+03 1.65847e-12 0.00000e+00
1.70300e+03 1.71074e-12 0.00000e+00
1.70400e+03 1.73906e-12 0.00000e+00
1.70500e+03 1.55982e-12 0.00000e+00
1.70600e+03 1.62029e-12 0.00000e+00
1.70700e+03 1.75013e-12 0.00000e+00
1.70800e+03 1.57456e-12 0.00000e+00
1.70900e+03 1.51309e-12 0.00000e+00
1.71000e+03 1.55304e-12 0.00000e+00
1.71100e+03 1.57972e-12 0.00000e+00
1.71200e+03 1.65341e-12 0.00000e+00
1.71300e+03 1.70810e-12 0.00000e+00
1.71400e+03 1.43883e-12 0.00000e+00
1.71500e+03 1.58178e-12 0.00000e+00
1.71600e+03 1.64330e-12 0.00000e+00
1.71700e+03 1.52054e-12 0.00000e+00
1.71800e+03 1.64388e-12 0.00000e+00
1.71900e+03 1.56637e-12 0.00000e+00
1.72000e+03 1.65290e-12 0.00000e+00
1.72100e+03 1.48562e-12 0.00000e+00
1.72200e+03 1.64263e-12 0.00000e+00
1.72300e+03 1.57544e-12 0.00000e+00
1.72400e+03 1.62010e-12 0.00000e+00
1.72500e+03 1.56266e-12 0.00000e+00
1.72600e+03 1.56357e-12 0.00000e+00
1.72700e+03 1.65351e-12 0.00000e+00
1.72800e+03 1.50292e-12 0.00000e+00
1.72900e+03 1.62849e-12 0.00000e+00
1.73000e+03 1.56699e-12 0.00000e+00
1.73100e+03 1.42098e-12 0.00000e+00
1.73200e+03 1.54384e-12 0.00000e+00
1.73300e+03 1.49750e-12 0.00000e+00
1.73400e+03 1.50082e-12 0.00000e+00
1.73500e+03 1.57278e-12 0.00000e+00
1.73600e+03 1.42468e-12 0.00000e+00
1.73700e+03 1.64382e-12 0.00000e+00
1.73800e+03 1.50177e-12 0.00000e+00
1.73900e+03 1.50173e-12 0.00000e+00
1.74000e+03 1.49410e-12 0.00000e+00
1.74100e+03 1.46221e-12 0.00000e+00
1.74200e+03 1.38404e-12 0.00000e+00
1.74300e+03 1.49215e-12 0.00000e+00
1.74400e+03 1.61932e-12 0.00000e+00
1.74500e+03 1.57117e-12 0.00000e+00
1.74600e+03 1.54069e-12 0.00000e+00
1.74700e+03 1.40050e-12 0.00000e+00
1.74800e+03 1.50038e-12 0.00000e+00
1.74900e+03 1.41170e-12 0.00000e+00
1.75000e+03 1.35696e-12 0.00000e+00
1.75100e+03 1.41945e-12 0.00000e+00
1.75200e+03 1.60270e-12 0.00000e+00
1.75300e+03 1.57479e-12 0.00000e+00
1.75400e+03 1.43066e-12 0.00000e+00
1.75500e+03 1.49470e-12 0.00000e+00
1.75600e+03 1.51560e-12 0.00000e+00
1.75700e+03 1.43648e-12 0.00000e+00
1.75800e+03 1.57220e-12 0.00000e+00
1.75900e+03 1.54121e-12 0.00000e+00
1.76000e+03 1.44251e-12 0.00000e+00
1.76100e+03 1.65897e-12 0.00000e+00
1.76200e+03 1.46692e-12 0.00000e+00
1.76300e+03 1.38965e-12 0.00000e+00
1.76400e+03 1.44925e-12 0.00000e+00
1.76500e+03 1.65052e-12 0.00000e+00
1.76600e+03 1.47251e-12 0.00000e+00
1.76700e+03 1.43471e-12 0.00000e+00
1.76800e+03 1.43837e-12 0.00000e+00
1.76900e+03 1.36470e-12 0.00000e+00
1.77000e+03 1.28800e-12 0.00000e+00
1.77100e+03 1.33270e-12 0.00000e+00
1.77200e+03 1.32489e-12 0.00000e+00
1.77300e+03 1.57095e-12 0.00000e+00
1.77400e+03 1.32755e-12 0.00000e+00
1.77500e+03 1.37656e-12 0.00000e+00
1.77600e+03 1.44501e-12 0.00000e+00
1.77700e+03 1.53502e-12 0.00000e+00
1.77800e+03 1.38188e-12 0.00000e+00
1.77900e+03 1.40736e-12 0.00000e+00
1.78000e+03 1.34452e-12 0.00000e+00
1.78100e+03 1.35896e-12 0.00000e+00
1.78200e+03 1.31282e-12 0.00000e+00
1.78300e+03 1.40757e-12 0.00000e+00
1.78400e+03 1.36255e-12 0.00000e+00
1.78500e+03 1.45909e-12 0.00000e+00
1.78600e+03 1.45062e-12 0.00000e+00
1.78700e+03 1.23955e-12 0.00000e+00
1.78800e+03 1.31403e-12 0.00000e+00
1.78900e+03 1.36641e-12 0.00000e+00
1.79000e+03 1.20020e-12 0.00000e+00
1.79100e+03 1.31188e-12 0.00000e+00
1.79200e+03 1.33023e-12 0.00000e+00
1.79300e+03 1.24998e-12 0.00000e+00
1.79400e+03 1.29414e-12 0.00000e+00
1.79500e+03 1.32336e-12 0.00000e+00
1.79600e+03 1.24041e-12 0.00000e+00
1.79700e+03 1.27917e-12 0.00000e+00
1.79800e+03 1.35480e-12 0.00000e+00
1.79900e+03 1.28047e-12 0.00000e+00
1.80000e+03 1.29403e-12 0.00000e+00
1.80100e+03 1.31365e-12 0.00000e+00
1.80200e+03 1.28069e-12 0.00000e+00
1.80300e+03 1.31848e-12 0.00000e+00
1.80400e+03 1.36126e-12 0.00000e+00
1.80500e+03 1.29122e-12 0.00000e+00
1.80600e+03 1.24651e-12 0.00000e+00
1.80700e+03 1.25833e-12 0.00000e+00
1.80800e+03 1.20449e-12 0.00000e+00
1.80900e+03 1.22700e-12 0.00000e+00
1.81000e+03 1.22410e-12 0.00000e+00
1.81100e+03 1.22547e-12 0.00000e+00
1.81200e+03 1.33050e-12 0.00000e+00
1.81300e+03 1.16349e-12 0.00000e+00
1.81400e+03 1.36704e-12 0.00000e+00
1.81500e+03 1.17675e-12 0.00000e+00
1.81600e+03 1.17376e-12 0.00000e+00
1.81700e+03 1.29764e-12 0.00000e+00
1.81800e+03 1.24334e-12 0.00000e+00
1.81900e+03 1.22342e-12 0.00000e+00
1.82000e+03 1.32712e-12 0.00000e+00
1.82100e+03 1.23634e-12 0.00000e+00
1.82200e+03 1.27819e-12 0.00000e+00
1.82300e+03 1.22503e-12 0.00000e+00
1.82400e+03 1.26644e-12 0.00000e+00
1.82500e+03 1.31056e-12 0.00000e+00
1.82600e+03 1.20510e-12 0.00000e+00
1.82700e+03 1.13986e-12 0.00000e+00
1.82800e+03 1.24553e-12 0.00000e+00
1.82900e+03 1.23994e-12 0.00000e+00
1.83000e+03 1.14688e-12 0.00000e+00
1.83100e+03 1.15805e-12 0.00000e+00
1.83200e+03 1.15265e-12 0.00000e+00
1.83300e+03 1.18549e-12 0.00000e+00
1.83400e+03 1.27572e-12 0.00000e+00
1.83500e+03 1.24673e-12 0.00000e+00
1.83600e+03 1.20757e-12 0.00000e+00
1.83700e+03 1.23421e-12 0.00000e+00
1.83800e+03 1.25196e-12 0.00000e+00
1.83900e+03 1.21990e-12 0.00000e+00
1.84000e+03 1.23199e-12 0.00000e+00
1.84100e+03 1.23536e-12 0.00000e+00
1.84200e+03 1.16400e-12 0.00000e+00
1.84300e+03 1.15074e-12 0.00000e+00
1.84400e+03 1.17251e-12 0.00000e+00
1.84500e+03 1.06085e-12 0.00000e+00
1.84600e+03 1.07100e-12 0.00000e+00
1.84700e+03 1.16671e-12 0.00000e+00
1.84800e+03 1.14045e-12 0.00000e+00
1.84900e+03 1.22161e-12 0.00000e+00
1.85000e+03 1.19626e-12 0.00000e+00
1.85100e+03 1.10337e-12 0.00000e+00
1.85200e+03 1.11046e-12 0.00000e+00
1.85300e+03 1.14701e-12 0.00000e+00
1.85400e+03 1.12683e-12 0.00000e+00
1.85500e+03 1.23632e-12 0.00000e+00
1.85600e+03 1.11522e-12 0.00000e+00
1.85700e+03 1.06987e-12 0.00000e+00
1.85800e+03 1.07459e-12 0.00000e+00
1.85900e+03 1.17908e-12 0.00000e+00
1.86000e+03 1.07624e-12 0.00000e+00
1.86100e+03 1.10345e-12 0.00000e+00
1.86200e+03 1.15767e-12 0.00000e+00
1.86300e+03 1.10092e-12 0.00000e+00
1.86400e+03 1.26948e-12 0.00000e+00
1.86500e+03 1.17115e-12 0.00000e+00
1.86600e+03 1.14117e-12 0.00000e+00
1.86700e+03 1.14984e-12 0.00000e+00
1.86800e+03 1.07114e-12 0.00000e+00
1.86900e+03 1.04533e-12 0.00000e+00
1.87000e+03 1.05179e-12 0.00000e+00
1.87100e+03 1.05053e-12 0.00000e+00
1.87200e+03 1.00824e-12 0.00000e+00
1.87300e+03 1.17811e-12 0.00000e+00
1.87400e+03 1.12026e-12 0.00000e+00
1.87500e+03 1.06647e-12 0.00000e+00
1.87600e+03 1.04461e-12 0.00000e+00
1.87700e+03 1.12319e-12 0.00000e+00
1.87800e+03 1.13042e-12 0.00000e+00
1.87900e+03 1.00097e-12 0.00000e+00
1.88000e+03 1.08998e-12 0.00000e+00
1.88100e+03 1.09821e-12 0.00000e+00
1.88200e+03 1.04274e-12 0.00000e+00
1.88300e+03 1.19870e-12 0.00000e+00
1.88400e+03 1.07943e-12 0.00000e+00
1.88500e+03 1.03011e-12 0.00000e+00
1.88600e+03 1.01796e-12 0.00000e+00
1.88700e+03 1.12568e-12 0.00000e+00
1.88800e+03 1.00804e-12 0.00000e+00
1.88900e+03 1.14018e-12 0.00000e+00
1.89000e+03 1.03847e-12 0.00000e+00
1.89100e+03 1.04172e-12 0.00000e+00
1.89200e+03 9.78561e-13 0.00000e+00
1.89300e+03 9.83729e-13 0.00000e+00
1.89400e+03 1.02393e-12 0.00000e+00
1.89500e+03 9.82508e-13 0.00000e+00
1.89600e+03 1.00007e-12 0.00000e+00
1.89700e+03 1.01833e-12 0.00000e+00
1.89800e+03 1.03236e-12 0.00000e+00
1.89900e+03 9.50379e-13 0.00000e+00
1.90000e+03 9.44974e-13 0.00000e+00
1.90100e+03 8.88606e-13 0.00000e+00
1.90200e+03 1.09962e-12 0.00000e+00
1.90300e+03 1.06682e-12 0.00000e+00
1.90400e+03 1.02755e-12 0.00000e+00
1.90500e+03 9.65068e-13 0.00000e+00
1.90600e+03 9.53854e-13 0.00000e+00
1.90700e+03 9.47500e-13 0.00000e+00
1.90800e+03 1.04411e-12 0.00000e+00
1.90900e+03 1.01093e-12 0.00000e+00
1.91000e+03 9.85284e-13 0.00000e+00
1.91100e+03 8.79276e-13 0.00000e+00
1.91200e+03 1.03528e-12 0.00000e+00
1.91300e+03 9.88968e-13 0.00000e+00
1.91400e+03 9.62190e-13 0.00000e+00
1.91500e+03 9.31241e-13 0.00000e+00
1.91600e+03 1.02379e-12 0.00000e+00
1.91700e+03 1.00890e-12 0.00000e+00
1.91800e+03 9.30642e-13 0.00000e+00
1.91900e+03 9.58704e-13 0.00000e+00
1.92000e+03 1.02029e-12 0.00000e+00
1.92100e+03 9.58815e-13 0.00000e+00
1.92200e+03 9.90266e-13 0.00000e+00
1.92300e+03 9.37920e-13 0.00000e+00
1.92400e+03 9.63657e-13 0.00000e+00
1.92500e+03 9.43409e-13 0.00000e+00
1.92600e+03 9.18567e-13 0.00000e+00
1.92700e+03 1.00328e-12 0.00000e+00
1.92800e+03 9.35929e-13 0.00000e+00
1.92900e+03 9.95929e-13 0.00000e+00
1.93000e+03 9.22711e-13 0.00000e+00
1.93100e+03 9.08484e-13 0.00000e+00
1.93200e+03 8.93345e-13 0.00000e+00
1.93300e+03 9.23771e-13 0.00000e+00
1.93400e+03 8.98500e-13 0.00000e+00
1.93500e+03 8.93742e-13 0.00000e+00
1.93600e+03 9.86956e-13 0.00000e+00
1.93700e+03 9.95024e-13 0.00000e+00
1.93800e+03 9.09181e-13 0.00000e+00
1.93900e+03 9.32049e-13 0.00000e+00
1.94000e+03 8.55060e-13 0.00000e+00
1.94100e+03 9.83087e-13 0.00000e+00
1.94200e+03 9.00581e-13 0.00000e+00
1.94300e+03 8.90712e-13 0.00000e+00
1.94400e+03 9.13367e-13 0.00000e+00
1.94500e+03 9.32890e-13 0.00000e+00
1.94600e+03 8.51907e-13 0.00000e+00
1.94700e+03 8.61024e-13 0.00000e+00
1.94800e+03 9.02625e-13 0.00000e+00
1.94900e+03 9.75188e-13 0.00000e+00
1.95000e+03 8.52138e-13 0.00000e+00
1.95100e+03 9.43832e-13 0.00000e+00
1.95200e+03 9.66473e-13 0.00000e+00
1.95300e+03 8.99143e-13 0.00000e+00
1.95400e+03 8.44292e-13 0.00000e+00
1.95500e+03 9.02729e-13 0.00000e+00
1.95600e+03 8.56841e-13 0.00000e+00
1.95700e+03 8.58501e-13 0.00000e+00
1.95800e+03 8.58549e-13 0.00000e+00
1.95900e+03 8.24088e-13 0.00000e+00
1.96000e+03 8.95321e-13 0.00000e+00
1.96100e+03 8.53553e-13 0.00000e+00
1.96200e+03 7.73690e-13 0.00000e+00
1.96300e+03 9.11364e-13 0.00000e+00
1.96400e+03 8.27508e-13 0.00000e+00
1.96500e+03 9.09784e-13 0.00000e+00
1.96600e+03 8.61105e-13 0.00000e+00
1.96700e+03 8.59335e-13 0.00000e+00
1.96800e+03 8.52318e-13 0.00000e+00
1.96900e+03 8.20473e-13 0.00000e+00
1.97000e+03 8.42994e-13 0.00000e+00
1.97100e+03 8.35990e-13 0.00000e+00
1.97200e+03 8.29239e-13 0.00000e+00
1.97300e+03 8.23400e-13 0.00000e+00
1.97400e+03 8.14306e-13 0.00000e+00
1.97500e+03 8.16048e-13 0.00000e+00
1.97600e+03 8.28884e-13 0.00000e+00
1.97700e+03 8.61057e-13 0.00000e+00
1.97800e+03 8.19111e-13 0.00000e+00
1.97900e+03 8.64790e-13 0.00000e+00
1.98000e+03 8.11146e-13 0.00000e+00
1.98100e+03 8.15007e-13 0.00000e+00
1.98200e+03 8.19047e-13 0.00000e+00
1.98300e+03 7.85568e-13 0.00000e+00
1.98400e+03 7.61697e-13 0.00000e+00
1.98500e+03 8.08936e-13 0.00000e+00
1.98600e+03 8.20906e-13 0.00000e+00
1.98700e+03 8.20537e-13 0.00000e+00
1.98800e+03 8.44982e-13 0.00000e+00
1.98900e+03 7.62944e-13 0.00000e+00
1.99000e+03 8.00752e-13 0.00000e+00
1.99100e+03 8.38915e-13 0.00000e+00
1.99200e+03 8.01489e-13 0.00000e+00
1.99300e+03 8.00501e-13 0.00000e+00
1.99400e+03 8.06250e-13 0.00000e+00
1.99500e+03 7.62972e-13 0.00000e+00
1.99600e+03 7.76431e-13 0.00000e+00
1.99700e+03 7.59303e-13 0.00000e+00
1.99800e+03 7.54540e-13 0.00000e+00
1.99900e+03 7.78250e-13 0.00000e+00
2.00000e+03 7.67641e-13 0.00000e+00
