0.00000e+00 0.00000e+00 0.00000e+00
1.00000e+00 0.00000e+00 0.00000e+00
2.00000e+00 0.00000e+00 0.00000e+00
3.00000e+00 0.00000e+00 0.00000e+00
4.00000e+00 0.00000e+00 0.00000e+00
5.00000e+00 0.00000e+00 0.00000e+00
6.00000e+00 0.00000e+00 0.00000e+00
7.00000e+00 0.00000e+00 0.00000e+00
8.00000e+00 0.00000e+00 0.00000e+00
9.00000e+00 0.00000e+00 0.00000e+00
1.00000e+01 0.00000e+00 0.00000e+00
1.10000e+01 0.00000e+00 0.00000e+00
1.20000e+01 0.00000e+00 0.00000e+00
1.30000e+01 0.00000e+00 0.00000e+00
1.40000e+01 0.00000e+00 0.00000e+00
1.50000e+01 0.00000e+00 0.00000e+00
1.60000e+01 0.00000e+00 0.00000e+00
1.70000e+01 0.00000e+00 0.00000e+00
1.80000e+01 0.00000e+00 0.00000e+00
1.90000e+01 0.00000e+00 0.00000e+00
2.00000e+01 0.00000e+00 0.00000e+00
2.10000e+01 0.00000e+00 0.00000e+00
2.20000e+01 0.00000e+00 0.00000e+00
2.30000e+01 0.00000e+00 0.00000e+00
2.40000e+01 0.00000e+00 0.00000e+00
2.50000e+01 0.00000e+00 0.00000e+00
2.60000e+01 0.00000e+00 0.00000e+00
2.70000e+01 0.00000e+00 0.00000e+00
2.80000e+01 0.00000e+00 0.00000e+00
2.90000e+01 0.00000e+00 0.00000e+00
3.00000e+01 0.00000e+00 0.00000e+00
3.10000e+01 0.00000e+00 0.00000e+00
3.20000e+01 0.00000e+00 0.00000e+00
3.30000e+01 0.00000e+00 0.00000e+00
3.40000e+01 0.00000e+00 0.00000e+00
3.50000e+01 0.00000e+00 0.00000e+00
3.60000e+01 0.00000e+00 0.00000e+00
3.70000e+01 0.00000e+00 0.00000e+00
3.80000e+01 0.00000e+00 0.00000e+00
3.90000e+01 0.00000e+00 0.00000e+00
4.00000e+01 0.00000e+00 0.00000e+00
4.10000e+01 0.00000e+00 0.00000e+00
4.20000e+01 0.00000e+00 0.00000e+00
4.30000e+01 0.00000e+00 0.00000e+00
4.40000e+01 0.00000e+00 0.00000e+00
4.50000e+01 0.00000e+00 0.00000e+00
4.60000e+01 0.00000e+00 0.00000e+00
4.70000e+01 0.00000e+00 0.00000e+00
4.80000e+01 0.00000e+00 0.00000e+00
4.90000e+01 0.00000e+00 0.00000e+00
5.00000e+01 0.00000e+00 0.00000e+00
5.10000e+01 0.00000e+00 0.00000e+00
5.20000e+01 0.00000e+00 0.00000e+00
5.30000e+01 0.00000e+00 0.00000e+00
5.40000e+01 0.00000e+00 0.00000e+00
5.50000e+01 0.00000e+00 0.00000e+00
5.60000e+01 0.00000e+00 0.00000e+00
5.70000e+01 0.00000e+00 0.00000e+00
5.80000e+01 0.00000e+00 0.00000e+00
5.90000e+01 0.00000e+00 0.00000e+00
6.00000e+01 0.00000e+00 0.00000e+00
6.10000e+01 0.00000e+00 0.00000e+00
6.20000e+01 0.00000e+00 0.00000e+00
6.30000e+01 0.00000e+00 0.00000e+00
6.40000e+01 0.00000e+00 0.00000e+00
6.50000e+01 0.00000e+00 0.00000e+00
6.60000e+01 0.00000e+00 0.00000e+00
6.70000e+01 0.00000e+00 0.00000e+00
6.80000e+01 0.00000e+00 0.00000e+00
6.90000e+01 0.00000e+00 0.00000e+00
7.00000e+01 0.00000e+00 0.00000e+00
7.10000e+01 0.00000e+00 0.00000e+00
7.20000e+01 0.00000e+00 0.00000e+00
7.30000e+01 0.00000e+00 0.00000e+00
7.40000e+01 0.00000e+00 0.00000e+00
7.50000e+01 0.00000e+00 0.00000e+00
7.60000e+01 0.00000e+00 0.00000e+00
7.70000e+01 0.00000e+00 0.00000e+00
7.80000e+01 0.00000e+00 0.00000e+00
7.90000e+01 0.00000e+00 0.00000e+00
8.00000e+01 0.00000e+00 0.00000e+00
8.10000e+01 0.00000e+00 0.00000e+00
8.20000e+01 0.00000e+00 0.00000e+00
8.30000e+01 0.00000e+00 0.00000e+00
8.40000e+01 0.00000e+00 0.00000e+00
8.50000e+01 0.00000e+00 0.00000e+00
8.60000e+01 0.00000e+00 0.00000e+00
8.70000e+01 0.00000e+00 0.00000e+00
8.80000e+01 0.00000e+00 0.00000e+00
8.90000e+01 0.00000e+00 0.00000e+00
9.00000e+01 0.00000e+00 0.00000e+00
9.10000e+01 0.00000e+00 0.00000e+00
9.20000e+01 0.00000e+00 0.00000e+00
9.30000e+01 0.00000e+00 0.00000e+00
9.40000e+01 0.00000e+00 0.00000e+00
9.50000e+01 0.00000e+00 0.00000e+00
9.60000e+01 0.00000e+00 0.00000e+00
9.70000e+01 0.00000e+00 0.00000e+00
9.80000e+01 0.00000e+00 0.00000e+00
9.90000e+01 0.00000e+00 0.00000e+00
1.00000e+02 1.37149e-10 0.00000e+00
1.01000e+02 1.54427e-10 0.00000e+00
1.02000e+02 1.54346e-10 0.00000e+00
1.03000e+02 1.50621e-10 0.00000e+00
1.04000e+02 1.20446e-10 0.00000e+00
1.05000e+02 1.12383e-10 0.00000e+00
1.06000e+02 1.33772e-10 0.00000e+00
1.07000e+02 1.57054e-10 0.00000e+00
1.08000e+02 1.51814e-10 0.00000e+00
1.09000e+02 1.50349e-10 0.00000e+00
1.10000e+02 1.45928e-10 0.00000e+00
1.11000e+02 1.34876e-10 0.00000e+00
1.12000e+02 1.30233e-10 0.00000e+00
1.13000e+02 1.82540e-10 0.00000e+00
1.14000e+02 1.58586e-10 0.00000e+00
1.15000e+02 1.65741e-10 0.00000e+00
1.16000e+02 1.30630e-10 0.00000e+00
1.17000e+02 1.50901e-10 0.00000e+00
1.18000e+02 1.25395e-10 0.00000e+00
1.19000e+02 1.23982e-10 0.00000e+00
1.20000e+02 1.56531e-10 0.00000e+00
1.21000e+02 1.35322e-10 0.00000e+00
1.22000e+02 1.33979e-10 0.00000e+00
1.23000e+02 1.26375e-10 0.00000e+00
1.24000e+02 1.32581e-10 0.00000e+00
1.25000e+02 8.76367e-11 0.00000e+00
1.26000e+02 1.28920e-10 0.00000e+00
1.27000e+02 1.37106e-10 0.00000e+00
1.28000e+02 1.16692e-10 0.00000e+00
1.29000e+02 1.01390e-10 0.00000e+00
1.30000e+02 8.64038e-11 0.00000e+00
1.31000e+02 1.28138e-10 0.00000e+00
1.32000e+02 9.88464e-11 0.00000e+00
1.33000e+02 1.22918e-10 0.00000e+00
1.34000e+02 1.26515e-10 0.00000e+00
1.35000e+02 1.04083e-10 0.00000e+00
1.36000e+02 1.18550e-10 0.00000e+00
1.37000e+02 9.76551e-11 0.00000e+00
1.38000e+02 1.29490e-10 0.00000e+00
1.39000e+02 1.09881e-10 0.00000e+00
1.40000e+02 1.18096e-10 0.00000e+00
1.41000e+02 1.39210e-10 0.00000e+00
1.42000e+02 1.03021e-10 0.00000e+00
1.43000e+02 1.16949e-10 0.00000e+00
1.44000e+02 1.27582e-10 0.00000e+00
1.45000e+02 1.11052e-10 0.00000e+00
1.46000e+02 9.68015e-11 0.00000e+00
1.47000e+02 9.04623e-11 0.00000e+00
1.48000e+02 9.17528e-11 0.00000e+00
1.49000e+02 1.05424e-10 0.00000e+00
1.50000e+02 1.25583e-10 0.00000e+00
1.51000e+02 9.90300e-11 0.00000e+00
1.52000e+02 7.96320e-11 0.00000e+00
1.53000e+02 6.49739e-11 0.00000e+00
1.54000e+02 1.17683e-10 0.00000e+00
1.55000e+02 9.61837e-11 0.00000e+00
1.56000e+02 8.47011e-11 0.00000e+00
1.57000e+02 1.07752e-10 0.00000e+00
1.58000e+02 9.71496e-11 0.00000e+00
1.59000e+02 8.35442e-11 0.00000e+00
1.60000e+02 9.84773e-11 0.00000e+00
1.61000e+02 8.31462e-11 0.00000e+00
1.62000e+02 1.10853e-10 0.00000e+00
1.63000e+02 8.95282e-11 0.00000e+00
1.64000e+02 1.07772e-10 0.00000e+00
1.65000e+02 8.98086e-11 0.00000e+00
1.66000e+02 9.54085e-11 0.00000e+00
1.67000e+02 1.12972e-10 0.00000e+00
1.68000e+02 7.81417e-11 0.00000e+00
1.69000e+02 9.43538e-11 0.00000e+00
1.70000e+02 1.11968e-10 0.00000e+00
1.71000e+02 8.11754e-11 0.00000e+00
1.72000e+02 8.66252e-11 0.00000e+00
1.73000e+02 9.01885e-11 0.00000e+00
1.74000e+02 7.28463e-11 0.00000e+00
1.75000e+02 6.95527e-11 0.00000e+00
1.76000e+02 9.79851e-11 0.00000e+00
1.77000e+02 7.89695e-11 0.00000e+00
1.78000e+02 6.82567e-11 0.00000e+00
1.79000e+02 7.38557e-11 0.00000e+00
1.80000e+02 9.62703e-11 0.00000e+00
1.81000e+02 8.84061e-11 0.00000e+00
1.82000e+02 1.02713e-10 0.00000e+00
1.83000e+02 8.05390e-11 0.00000e+00
1.84000e+02 1.05644e-10 0.00000e+00
1.85000e+02 7.94213e-11 0.00000e+00
1.86000e+02 8.38852e-11 0.00000e+00
1.87000e+02 7.33760e-11 0.00000e+00
1.88000e+02 8.48116e-11 0.00000e+00
1.89000e+02 8.88085e-11 0.00000e+00
1.90000e+02 5.88526e-11 0.00000e+00
1.91000e+02 7.20092e-11 0.00000e+00
1.92000e+02 7.56793e-11 0.00000e+00
1.93000e+02 7.83099e-11 0.00000e+00
1.94000e+02 6.59096e-11 0.00000e+00
1.95000e+02 5.57262e-11 0.00000e+00
1.96000e+02 7.27851e-11 0.00000e+00
1.97000e+02 5.62157e-11 0.00000e+00
1.98000e+02 7.92560e-11 0.00000e+00
1.99000e+02 7.20813e-11 0.00000e+00
2.00000e+02 6.79152e-11 0.00000e+00
2.01000e+02 6.81462e-11 0.00000e+00
2.02000e+02 6.14533e-11 0.00000e+00
2.03000e+02 6.37244e-11 0.00000e+00
2.04000e+02 6.74495e-11 0.00000e+00
2.05000e+02 6.46962e-11 0.00000e+00
2.06000e+02 8.11808e-11 0.00000e+00
2.07000e+02 5.83031e-11 0.00000e+00
2.08000e+02 7.01313e-11 0.00000e+00
2.09000e+02 6.23047e-11 0.00000e+00
2.10000e+02 8.44692e-11 0.00000e+00
2.11000e+02 5.43812e-11 0.00000e+00
2.12000e+02 6.66605e-11 0.00000e+00
2.13000e+02 4.97646e-11 0.00000e+00
2.14000e+02 6.26190e-11 0.00000e+00
2.15000e+02 7.51267e-11 0.00000e+00
2.16000e+02 8.26317e-11 0.00000e+00
2.17000e+02 7.92662e-11 0.00000e+00
2.18000e+02 7.48888e-11 0.00000e+00
2.19000e+02 6.65272e-11 0.00000e+00
2.20000e+02 5.80469e-11 0.00000e+00
2.21000e+02 6.93862e-11 0.00000e+00
2.22000e+02 6.68860e-11 0.00000e+00
2.23000e+02 5.76196e-11 0.00000e+00
2.24000e+02 6.48569e-11 0.00000e+00
2.25000e+02 6.78816e-11 0.00000e+00
2.26000e+02 7.00035e-11 0.00000e+00
2.27000e+02 6.75693e-11 0.00000e+00
2.28000e+02 6.01569e-11 0.00000e+00
2.29000e+02 6.57781e-11 0.00000e+00
2.30000e+02 6.43088e-11 0.00000e+00
2.31000e+02 6.20815e-11 0.00000e+00
2.32000e+02 6.24191e-11 0.00000e+00
2.33000e+02 6.35053e-11 0.00000e+00
2.34000e+02 6.15153e-11 0.00000e+00
2.35000e+02 6.01361e-11 0.00000e+00
2.36000e+02 5.35054e-11 0.00000e+00
2.37000e+02 6.14332e-11 0.00000e+00
2.38000e+02 5.85778e-11 0.00000e+00
2.39000e+02 7.02111e-11 0.00000e+00
2.40000e+02 5.56373e-11 0.00000e+00
2.41000e+02 7.11438e-11 0.00000e+00
2.42000e+02 8.43725e-11 0.00000e+00
2.43000e+02 5.31805e-11 0.00000e+00
2.44000e+02 5.88677e-11 0.00000e+00
2.45000e+02 7.36443e-11 0.00000e+00
2.46000e+02 6.17001e-11 0.00000e+00
2.47000e+02 5.44176e-11 0.00000e+00
2.48000e+02 6.35787e-11 0.00000e+00
2.49000e+02 6.97462e-11 0.00000e+00
2.50000e+02 6.63852e-11 0.00000e+00
2.51000e+02 7.41498e-11 0.00000e+00
2.52000e+02 5.20727e-11 0.00000e+00
2.53000e+02 4.85687e-11 0.00000e+00
2.54000e+02 4.64430e-11 0.00000e+00
2.55000e+02 5.75285e-11 0.00000e+00
2.56000e+02 6.47049e-11 0.00000e+00
2.57000e+02 6.82741e-11 0.00000e+00
2.58000e+02 6.08880e-11 0.00000e+00
2.59000e+02 6.23991e-11 0.00000e+00
2.60000e+02 6.30812e-11 0.00000e+00
2.61000e+02 5.44799e-11 0.00000e+00
2.62000e+02 4.88961e-11 0.00000e+00
2.63000e+02 6.41852e-11 0.00000e+00
2.64000e+02 5.48741e-11 0.00000e+00
2.65000e+02 5.91976e-11 0.00000e+00
2.66000e+02 5.06634e-11 0.00000e+00
2.67000e+02 6.01860e-11 0.00000e+00
2.68000e+02 5.04091e-11 0.00000e+00
2.69000e+02 5.41778e-11 0.00000e+00
2.70000e+02 6.23118e-11 0.00000e+00
2.71000e+02 5.04467e-11 0.00000e+00
2.72000e+02 4.77979e-11 0.00000e+00
2.73000e+02 5.27915e-11 0.00000e+00
2.74000e+02 5.55170e-11 0.00000e+00
2.75000e+02 6.12767e-11 0.00000e+00
2.76000e+02 4.37559e-11 0.00000e+00
2.77000e+02 4.67446e-11 0.00000e+00
2.78000e+02 4.69896e-11 0.00000e+00
2.79000e+02 4.80740e-11 0.00000e+00
2.80000e+02 4.91737e-11 0.00000e+00
2.81000e+02 5.46484e-11 0.00000e+00
2.82000e+02 5.23442e-11 0.00000e+00
2.83000e+02 4.73010e-11 0.00000e+00
2.84000e+02 5.28277e-11 0.00000e+00
2.85000e+02 6.12259e-11 0.00000e+00
2.86000e+02 6.10551e-11 0.00000e+00
2.87000e+02 6.22741e-11 0.00000e+00
2.88000e+02 4.92903e-11 0.00000e+00
2.89000e+02 4.92455e-11 0.00000e+00
2.90000e+02 5.96252e-11 0.00000e+00
2.91000e+02 5.52882e-11 0.00000e+00
2.92000e+02 5.01403e-11 0.00000e+00
2.93000e+02 4.28323e-11 0.00000e+00
2.94000e+02 5.28832e-11 0.00000e+00
2.95000e+02 5.48683e-11 0.00000e+00
2.96000e+02 5.10727e-11 0.00000e+00
2.97000e+02 4.68141e-11 0.00000e+00
2.98000e+02 5.37297e-11 0.00000e+00
2.99000e+02 5.03617e-11 0.00000e+00
3.00000e+02 4.65909e-11 0.00000e+00
3.01000e+02 5.10927e-11 0.00000e+00
3.02000e+02 5.52745e-11 0.00000e+00
3.03000e+02 4.49669e-11 0.00000e+00
3.04000e+02 5.92267e-11 0.00000e+00
3.05000e+02 4.81858e-11 0.00000e+00
3.06000e+02 5.82391e-11 0.00000e+00
3.07000e+02 4.84008e-11 0.00000e+00
3.08000e+02 5.29354e-11 0.00000e+00
3.09000e+02 5.53925e-11 0.00000e+00
3.10000e+02 5.55015e-11 0.00000e+00
3.11000e+02 3.79433e-11 0.00000e+00
3.12000e+02 5.05932e-11 0.00000e+00
3.13000e+02 4.52270e-11 0.00000e+00
3.14000e+02 4.17435e-11 0.00000e+00
3.15000e+02 4.79909e-11 0.00000e+00
3.16000e+02 5.11026e-11 0.00000e+00
3.17000e+02 4.21192e-11 0.00000e+00
3.18000e+02 4.38813e-11 0.00000e+00
3.19000e+02 4.26719e-11 0.00000e+00
3.20000e+02 3.98160e-11 0.00000e+00
3.21000e+02 4.68272e-11 0.00000e+00
3.22000e+02 5.16412e-11 0.00000e+00
3.23000e+02 5.23077e-11 0.00000e+00
3.24000e+02 4.40035e-11 0.00000e+00
3.25000e+02 4.20274e-11 0.00000e+00
3.26000e+02 5.00646e-11 0.00000e+00
3.27000e+02 4.87007e-11 0.00000e+00
3.28000e+02 3.92737e-11 0.00000e+00
3.29000e+02 4.35810e-11 0.00000e+00
3.30000e+02 4.50780e-11 0.00000e+00
3.31000e+02 5.22005e-11 0.00000e+00
3.32000e+02 4.09910e-11 0.00000e+00
3.33000e+02 4.81219e-11 0.00000e+00
3.34000e+02 4.90736e-11 0.00000e+00
3.35000e+02 4.40825e-11 0.00000e+00
3.36000e+02 5.18421e-11 0.00000e+00
3.37000e+02 4.74993e-11 0.00000e+00
3.38000e+02 3.66180e-11 0.00000e+00
3.39000e+02 4.31115e-11 0.00000e+00
3.40000e+02 4.45986e-11 0.00000e+00
3.41000e+02 4.62687e-11 0.00000e+00
3.42000e+02 3.75320e-11 0.00000e+00
3.43000e+02 4.51853e-11 0.00000e+00
3.44000e+02 4.58539e-11 0.00000e+00
3.45000e+02 4.12446e-11 0.00000e+00
3.46000e+02 5.14906e-11 0.00000e+00
3.47000e+02 2.86791e-11 0.00000e+00
3.48000e+02 3.91020e-11 0.00000e+00
3.49000e+02 3.93660e-11 0.00000e+00
3.50000e+02 4.21233e-11 0.00000e+00
3.51000e+02 4.09337e-11 0.00000e+00
3.52000e+02 5.13823e-11 0.00000e+00
3.53000e+02 3.98534e-11 0.00000e+00
3.54000e+02 4.34966e-11 0.00000e+00
3.55000e+02 4.15966e-11 0.00000e+00
3.56000e+02 4.19551e-11 0.00000e+00
3.57000e+02 3.60643e-11 0.00000e+00
3.58000e+02 4.73503e-11 0.00000e+00
3.59000e+02 4.06317e-11 0.00000e+00
3.60000e+02 3.43434e-11 0.00000e+00
3.61000e+02 4.29896e-11 0.00000e+00
3.62000e+02 4.73803e-11 0.00000e+00
3.63000e+02 4.28786e-11 0.00000e+00
3.64000e+02 3.60418e-11 0.00000e+00
3.65000e+02 4.00854e-11 0.00000e+00
3.66000e+02 3.93860e-11 0.00000e+00
3.67000e+02 4.22260e-11 0.00000e+00
3.68000e+02 4.96702e-11 0.00000e+00
3.69000e+02 4.17152e-11 0.00000e+00
3.70000e+02 4.07599e-11 0.00000e+00
3.71000e+02 3.73160e-11 0.00000e+00
3.72000e+02 4.55096e-11 0.00000e+00
3.73000e+02 4.25430e-11 0.00000e+00
3.74000e+02 4.25532e-11 0.00000e+00
3.75000e+02 4.67449e-11 0.00000e+00
3.76000e+02 4.05613e-11 0.00000e+00
3.77000e+02 3.81489e-11 0.00000e+00
3.78000e+02 4.57651e-11 0.00000e+00
3.79000e+02 3.39845e-11 0.00000e+00
3.80000e+02 4.24858e-11 0.00000e+00
3.81000e+02 3.61860e-11 0.00000e+00
3.82000e+02 4.12837e-11 0.00000e+00
3.83000e+02 5.45734e-11 0.00000e+00
3.84000e+02 4.00580e-11 0.00000e+00
3.85000e+02 3.92353e-11 0.00000e+00
3.86000e+02 4.05012e-11 0.00000e+00
3.87000e+02 4.39118e-11 0.00000e+00
3.88000e+02 3.82529e-11 0.00000e+00
3.89000e+02 3.69945e-11 0.00000e+00
3.90000e+02 4.07760e-11 0.00000e+00
3.91000e+02 3.90066e-11 0.00000e+00
3.92000e+02 4.49085e-11 0.00000e+00
3.93000e+02 4.08461e-11 0.00000e+00
3.94000e+02 3.71395e-11 0.00000e+00
3.95000e+02 3.58601e-11 0.00000e+00
3.96000e+02 4.12068e-11 0.00000e+00
3.97000e+02 4.41936e-11 0.00000e+00
3.98000e+02 4.78912e-11 0.00000e+00
3.99000e+02 3.71792e-11 0.00000e+00
4.00000e+02 3.82147e-11 0.00000e+00
4.01000e+02 3.77613e-11 0.00000e+00
4.02000e+02 4.10147e-11 0.00000e+00
4.03000e+02 4.23954e-11 0.00000e+00
4.04000e+02 4.07651e-11 0.00000e+00
4.05000e+02 3.95403e-11 0.00000e+00
4.06000e+02 3.68698e-11 0.00000e+00
4.07000e+02 4.73438e-11 0.00000e+00
4.08000e+02 3.93686e-11 0.00000e+00
4.09000e+02 3.84954e-11 0.00000e+00
4.10000e+02 3.53606e-11 0.00000e+00
4.11000e+02 4.08416e-11 0.00000e+00
4.12000e+02 3.16319e-11 0.00000e+00
4.13000e+02 3.91245e-11 0.00000e+00
4.14000e+02 3.81425e-11 0.00000e+00
4.15000e+02 3.51748e-11 0.00000e+00
4.16000e+02 3.06630e-11 0.00000e+00
4.17000e+02 3.29350e-11 0.00000e+00
4.18000e+02 3.01931e-11 0.00000e+00
4.19000e+02 4.10543e-11 0.00000e+00
4.20000e+02 3.54411e-11 0.00000e+00
4.21000e+02 3.28632e-11 0.00000e+00
4.22000e+02 3.28701e-11 0.00000e+00
4.23000e+02 3.22157e-11 0.00000e+00
4.24000e+02 3.64862e-11 0.00000e+00
4.25000e+02 3.45373e-11 0.00000e+00
4.26000e+02 3.60997e-11 0.00000e+00
4.27000e+02 3.68335e-11 0.00000e+00
4.28000e+02 3.18521e-11 0.00000e+00
4.29000e+02 3.12166e-11 0.00000e+00
4.30000e+02 3.48129e-11 0.00000e+00
4.31000e+02 3.38094e-11 0.00000e+00
4.32000e+02 3.73610e-11 0.00000e+00
4.33000e+02 3.09811e-11 0.00000e+00
4.34000e+02 4.13289e-11 0.00000e+00
4.35000e+02 3.33434e-11 0.00000e+00
4.36000e+02 3.13874e-11 0.00000e+00
4.37000e+02 3.82398e-11 0.00000e+00
4.38000e+02 3.46873e-11 0.00000e+00
4.39000e+02 3.75183e-11 0.00000e+00
4.40000e+02 3.43051e-11 0.00000e+00
4.41000e+02 2.85224e-11 0.00000e+00
4.42000e+02 3.61953e-11 0.00000e+00
4.43000e+02 3.49386e-11 0.00000e+00
4.44000e+02 3.74829e-11 0.00000e+00
4.45000e+02 3.74800e-11 0.00000e+00
4.46000e+02 3.49173e-11 0.00000e+00
4.47000e+02 3.26236e-11 0.00000e+00
4.48000e+02 3.30411e-11 0.00000e+00
4.49000e+02 3.52567e-11 0.00000e+00
4.50000e+02 3.56631e-11 0.00000e+00
4.51000e+02 3.38615e-11 0.00000e+00
4.52000e+02 3.96407e-11 0.00000e+00
4.53000e+02 4.00891e-11 0.00000e+00
4.54000e+02 3.35836e-11 0.00000e+00
4.55000e+02 3.48885e-11 0.00000e+00
4.56000e+02 3.22674e-11 0.00000e+00
4.57000e+02 3.60591e-11 0.00000e+00
4.58000e+02 3.29553e-11 0.00000e+00
4.59000e+02 3.73242e-11 0.00000e+00
4.60000e+02 3.28433e-11 0.00000e+00
4.61000e+02 3.51185e-11 0.00000e+00
4.62000e+02 3.79516e-11 0.00000e+00
4.63000e+02 3.36050e-11 0.00000e+00
4.64000e+02 3.18141e-11 0.00000e+00
4.65000e+02 3.10687e-11 0.00000e+00
4.66000e+02 3.07219e-11 0.00000e+00
4.67000e+02 2.98430e-11 0.00000e+00
4.68000e+02 3.36658e-11 0.00000e+00
4.69000e+02 3.00746e-11 0.00000e+00
4.70000e+02 3.06516e-11 0.00000e+00
4.71000e+02 2.71057e-11 0.00000e+00
4.72000e+02 3.54705e-11 0.00000e+00
4.73000e+02 3.58112e-11 0.00000e+00
4.74000e+02 3.36298e-11 0.00000e+00
4.75000e+02 3.55531e-11 0.00000e+00
4.76000e+02 3.23293e-11 0.00000e+00
4.77000e+02 2.83916e-11 0.00000e+00
4.78000e+02 3.24353e-11 0.00000e+00
4.79000e+02 3.40543e-11 0.00000e+00
4.80000e+02 3.32607e-11 0.00000e+00
4.81000e+02 3.17868e-11 0.00000e+00
4.82000e+02 3.34694e-11 0.00000e+00
4.83000e+02 3.21401e-11 0.00000e+00
4.84000e+02 3.42625e-11 0.00000e+00
4.85000e+02 3.34944e-11 0.00000e+00
4.86000e+02 3.16183e-11 0.00000e+00
4.87000e+02 3.24419e-11 0.00000e+00
4.88000e+02 2.79658e-11 0.00000e+00
4.89000e+02 3.10416e-11 0.00000e+00
4.90000e+02 3.48006e-11 0.00000e+00
4.91000e+02 3.24270e-11 0.00000e+00
4.92000e+02 3.21754e-11 0.00000e+00
4.93000e+02 3.63662e-11 0.00000e+00
4.94000e+02 3.66857e-11 0.00000e+00
4.95000e+02 3.16114e-11 0.00000e+00
4.96000e+02 3.35187e-11 0.00000e+00
4.97000e+02 3.18905e-11 0.00000e+00
4.98000e+02 3.31220e-11 0.00000e+00
4.99000e+02 3.19831e-11 0.00000e+00
5.00000e+02 3.29896e-11 0.00000e+00
5.01000e+02 3.25633e-11 0.00000e+00
5.02000e+02 3.28486e-11 0.00000e+00
5.03000e+02 3.10952e-11 0.00000e+00
5.04000e+02 3.16924e-11 0.00000e+00
5.05000e+02 3.18780e-11 0.00000e+00
5.06000e+02 2.82168e-11 0.00000e+00
5.07000e+02 3.18375e-11 0.00000e+00
5.08000e+02 3.63917e-11 0.00000e+00
5.09000e+02 3.13746e-11 0.00000e+00
5.10000e+02 3.01257e-11 0.00000e+00
5.11000e+02 3.21323e-11 0.00000e+00
5.12000e+02 3.31927e-11 0.00000e+00
5.13000e+02 2.90422e-11 0.00000e+00
5.14000e+02 2.88782e-11 0.00000e+00
5.15000e+02 3.27468e-11 0.00000e+00
5.16000e+02 2.64748e-11 0.00000e+00
5.17000e+02 3.06951e-11 0.00000e+00
5.18000e+02 2.69204e-11 0.00000e+00
5.19000e+02 3.18820e-11 0.00000e+00
5.20000e+02 2.96464e-11 0.00000e+00
5.21000e+02 3.18484e-11 0.00000e+00
5.22000e+02 3.04066e-11 0.00000e+00
5.23000e+02 2.93231e-11 0.00000e+00
5.24000e+02 2.67475e-11 0.00000e+00
5.25000e+02 2.95174e-11 0.00000e+00
5.26000e+02 2.65420e-11 0.00000e+00
5.27000e+02 2.79476e-11 0.00000e+00
5.28000e+02 3.20633e-11 0.00000e+00
5.29000e+02 3.21554e-11 0.00000e+00
5.30000e+02 2.82670e-11 0.00000e+00
5.31000e+02 2.59388e-11 0.00000e+00
5.32000e+02 2.43702e-11 0.00000e+00
5.33000e+02 3.00044e-11 0.00000e+00
5.34000e+02 3.11499e-11 0.00000e+00
5.35000e+02 2.63929e-11 0.00000e+00
5.36000e+02 2.94084e-11 0.00000e+00
5.37000e+02 2.69691e-11 0.00000e+00
5.38000e+02 2.71375e-11 0.00000e+00
5.39000e+02 3.10905e-11 0.00000e+00
5.40000e+02 3.13254e-11 0.00000e+00
5.41000e+02 3.13422e-11 0.00000e+00
5.42000e+02 2.94508e-11 0.00000e+00
5.43000e+02 2.53514e-11 0.00000e+00
5.44000e+02 2.67089e-11 0.00000e+00
5.45000e+02 3.47718e-11 0.00000e+00
5.46000e+02 2.95534e-11 0.00000e+00
5.47000e+02 2.69093e-11 0.00000e+00
5.48000e+02 2.91536e-11 0.00000e+00
5.49000e+02 2.94336e-11 0.00000e+00
5.50000e+02 2.88858e-11 0.00000e+00
5.51000e+02 2.78599e-11 0.00000e+00
5.52000e+02 3.12004e-11 0.00000e+00
5.53000e+02 2.67503e-11 0.00000e+00
5.54000e+02 2.71288e-11 0.00000e+00
5.55000e+02 2.34582e-11 0.00000e+00
5.56000e+02 3.49448e-11 0.00000e+00
5.57000e+02 2.79815e-11 0.00000e+00
5.58000e+02 2.66675e-11 0.00000e+00
5.59000e+02 3.06965e-11 0.00000e+00
5.60000e+02 2.92026e-11 0.00000e+00
5.61000e+02 3.12314e-11 0.00000e+00
5.62000e+02 2.79130e-11 0.00000e+00
5.63000e+02 2.90295e-11 0.00000e+00
5.64000e+02 2.74061e-11 0.00000e+00
5.65000e+02 2.78281e-11 0.00000e+00
5.66000e+02 2.28281e-11 0.00000e+00
5.67000e+02 2.89526e-11 0.00000e+00
5.68000e+02 2.44017e-11 0.00000e+00
5.69000e+02 2.31608e-11 0.00000e+00
5.70000e+02 2.71911e-11 0.00000e+00
5.71000e+02 2.97297e-11 0.00000e+00
5.72000e+02 2.92775e-11 0.00000e+00
5.73000e+02 2.86235e-11 0.00000e+00
5.74000e+02 2.65592e-11 0.00000e+00
5.75000e+02 2.53449e-11 0.00000e+00
5.76000e+02 2.62634e-11 0.00000e+00
5.77000e+02 2.43877e-11 0.00000e+00
5.78000e+02 2.63720e-11 0.00000e+00
5.79000e+02 3.02080e-11 0.00000e+00
5.80000e+02 2.39692e-11 0.00000e+00
5.81000e+02 2.67554e-11 0.00000e+00
5.82000e+02 2.30599e-11 0.00000e+00
5.83000e+02 2.59989e-11 0.00000e+00
5.84000e+02 2.61593e-11 0.00000e+00
5.85000e+02 2.90970e-11 0.00000e+00
5.86000e+02 2.58181e-11 0.00000e+00
5.87000e+02 2.67710e-11 0.00000e+00
5.88000e+02 2.47755e-11 0.00000e+00
5.89000e+02 2.69130e-11 0.00000e+00
5.90000e+02 2.66379e-11 0.00000e+00
5.91000e+02 2.84089e-11 0.00000e+00
5.92000e+02 2.93014e-11 0.00000e+00
5.93000e+02 3.14631e-11 0.00000e+00
5.94000e+02 2.80822e-11 0.00000e+00
5.95000e+02 2.71700e-11 0.00000e+00
5.96000e+02 2.84171e-11 0.00000e+00
5.97000e+02 2.55327e-11 0.00000e+00
5.98000e+02 2.38415e-11 0.00000e+00
5.99000e+02 2.59384e-11 0.00000e+00
6.00000e+02 2.63930e-11 0.00000e+00
6.01000e+02 2.48761e-11 0.00000e+00
6.02000e+02 2.64700e-11 0.00000e+00
6.03000e+02 2.37882e-11 0.00000e+00
6.04000e+02 2.52060e-11 0.00000e+00
6.05000e+02 2.54733e-11 0.00000e+00
6.06000e+02 2.24217e-11 0.00000e+00
6.07000e+02 2.69800e-11 0.00000e+00
6.08000e+02 2.71849e-11 0.00000e+00
6.09000e+02 2.28107e-11 0.00000e+00
6.10000e+02 2.78439e-11 0.00000e+00
6.11000e+02 2.33737e-11 0.00000e+00
6.12000e+02 2.70351e-11 0.00000e+00
6.13000e+02 2.74676e-11 0.00000e+00
6.14000e+02 2.81470e-11 0.00000e+00
6.15000e+02 2.47547e-11 0.00000e+00
6.16000e+02 2.44770e-11 0.00000e+00
6.17000e+02 2.64414e-11 0.00000e+00
6.18000e+02 2.70946e-11 0.00000e+00
6.19000e+02 2.50434e-11 0.00000e+00
6.20000e+02 2.83953e-11 0.00000e+00
6.21000e+02 2.57285e-11 0.00000e+00
6.22000e+02 2.39099e-11 0.00000e+00
6.23000e+02 2.62894e-11 0.00000e+00
6.24000e+02 2.80980e-11 0.00000e+00
6.25000e+02 2.39277e-11 0.00000e+00
6.26000e+02 2.32648e-11 0.00000e+00
6.27000e+02 2.63177e-11 0.00000e+00
6.28000e+02 2.82222e-11 0.00000e+00
6.29000e+02 2.41482e-11 0.00000e+00
6.30000e+02 2.29234e-11 0.00000e+00
6.31000e+02 2.53392e-11 0.00000e+00
6.32000e+02 2.37970e-11 0.00000e+00
6.33000e+02 2.36015e-11 0.00000e+00
6.34000e+02 2.37534e-11 0.00000e+00
6.35000e+02 2.41260e-11 0.00000e+00
6.36000e+02 2.49521e-11 0.00000e+00
6.37000e+02 2.75812e-11 0.00000e+00
6.38000e+02 2.57540e-11 0.00000e+00
6.39000e+02 2.07259e-11 0.00000e+00
6.40000e+02 2.47037e-11 0.00000e+00
6.41000e+02 2.48178e-11 0.00000e+00
6.42000e+02 2.22358e-11 0.00000e+00
6.43000e+02 2.38490e-11 0.00000e+00
6.44000e+02 2.84066e-11 0.00000e+00
6.45000e+02 2.22603e-11 0.00000e+00
6.46000e+02 2.66085e-11 0.00000e+00
6.47000e+02 2.30087e-11 0.00000e+00
6.48000e+02 2.41709e-11 0.00000e+00
6.49000e+02 2.62207e-11 0.00000e+00
6.50000e+02 2.52015e-11 0.00000e+00
6.51000e+02 2.49109e-11 0.00000e+00
6.52000e+02 2.70515e-11 0.00000e+00
6.53000e+02 2.44350e-11 0.00000e+00
6.54000e+02 2.46473e-11 0.00000e+00
6.55000e+02 2.44311e-11 0.00000e+00
6.56000e+02 2.75440e-11 0.00000e+00
6.57000e+02 2.68869e-11 0.00000e+00
6.58000e+02 2.38884e-11 0.00000e+00
6.59000e+02 2.69387e-11 0.00000e+00
6.60000e+02 2.17729e-11 0.00000e+00
6.61000e+02 2.25895e-11 0.00000e+00
6.62000e+02 2.37355e-11 0.00000e+00
6.63000e+02 2.43723e-11 0.00000e+00
6.64000e+02 2.18563e-11 0.00000e+00
6.65000e+02 2.47792e-11 0.00000e+00
6.66000e+02 2.56457e-11 0.00000e+00
6.67000e+02 2.49218e-11 0.00000e+00
6.68000e+02 2.18791e-11 0.00000e+00
6.69000e+02 2.37078e-11 0.00000e+00
6.70000e+02 2.15801e-11 0.00000e+00
6.71000e+02 2.46481e-11 0.00000e+00
6.72000e+02 2.23457e-11 0.00000e+00
6.73000e+02 2.28648e-11 0.00000e+00
6.74000e+02 2.34505e-11 0.00000e+00
6.75000e+02 2.23025e-11 0.00000e+00
6.76000e+02 2.52127e-11 0.00000e+00
6.77000e+02 2.16184e-11 0.00000e+00
6.78000e+02 2.62902e-11 0.00000e+00
6.79000e+02 2.10400e-11 0.00000e+00
6.80000e+02 2.34814e-11 0.00000e+00
6.81000e+02 2.45121e-11 0.00000e+00
6.82000e+02 2.48644e-11 0.00000e+00
6.83000e+02 2.61105e-11 0.00000e+00
6.84000e+02 2.18164e-11 0.00000e+00
6.85000e+02 2.65145e-11 0.00000e+00
6.86000e+02 2.09220e-11 0.00000e+00
6.87000e+02 2.14060e-11 0.00000e+00
6.88000e+02 2.60924e-11 0.00000e+00
6.89000e+02 2.33602e-11 0.00000e+00
6.90000e+02 2.14504e-11 0.00000e+00
6.91000e+02 2.28426e-11 0.00000e+00
6.92000e+02 2.32879e-11 0.00000e+00
6.93000e+02 2.18513e-11 0.00000e+00
6.94000e+02 2.41246e-11 0.00000e+00
6.95000e+02 2.21432e-11 0.00000e+00
6.96000e+02 2.29596e-11 0.00000e+00
6.97000e+02 2.28952e-11 0.00000e+00
6.98000e+02 2.07215e-11 0.00000e+00
6.99000e+02 2.18495e-11 0.00000e+00
7.00000e+02 2.39814e-11 0.00000e+00
7.01000e+02 2.43466e-11 0.00000e+00
7.02000e+02 1.95274e-11 0.00000e+00
7.03000e+02 1.95922e-11 0.00000e+00
7.04000e+02 2.05047e-11 0.00000e+00
7.05000e+02 2.22684e-11 0.00000e+00
7.06000e+02 2.34513e-11 0.00000e+00
7.07000e+02 2.53479e-11 0.00000e+00
7.08000e+02 2.37968e-11 0.00000e+00
7.09000e+02 2.32361e-11 0.00000e+00
7.10000e+02 2.17240e-11 0.00000e+00
7.11000e+02 2.26824e-11 0.00000e+00
7.12000e+02 2.09216e-11 0.00000e+00
7.13000e+02 2.26514e-11 0.00000e+00
7.14000e+02 2.28651e-11 0.00000e+00
7.15000e+02 1.99476e-11 0.00000e+00
7.16000e+02 2.13898e-11 0.00000e+00
7.17000e+02 2.27563e-11 0.00000e+00
7.18000e+02 2.28662e-11 0.00000e+00
7.19000e+02 1.99603e-11 0.00000e+00
7.20000e+02 1.99880e-11 0.00000e+00
7.21000e+02 2.25015e-11 0.00000e+00
7.22000e+02 2.33642e-11 0.00000e+00
7.23000e+02 1.93275e-11 0.00000e+00
7.24000e+02 2.07199e-11 0.00000e+00
7.25000e+02 2.34845e-11 0.00000e+00
7.26000e+02 2.08467e-11 0.00000e+00
7.27000e+02 2.24467e-11 0.00000e+00
7.28000e+02 2.34947e-11 0.00000e+00
7.29000e+02 2.20904e-11 0.00000e+00
7.30000e+02 2.17331e-11 0.00000e+00
7.31000e+02 2.20895e-11 0.00000e+00
7.32000e+02 2.46205e-11 0.00000e+00
7.33000e+02 2.07492e-11 0.00000e+00
7.34000e+02 2.39335e-11 0.00000e+00
7.35000e+02 2.53217e-11 0.00000e+00
7.36000e+02 2.09866e-11 0.00000e+00
7.37000e+02 2.41205e-11 0.00000e+00
7.38000e+02 2.19166e-11 0.00000e+00
7.39000e+02 2.37370e-11 0.00000e+00
7.40000e+02 2.09174e-11 0.00000e+00
7.41000e+02 2.47844e-11 0.00000e+00
7.42000e+02 2.09402e-11 0.00000e+00
7.43000e+02 2.16013e-11 0.00000e+00
7.44000e+02 1.88947e-11 0.00000e+00
7.45000e+02 2.33368e-11 0.00000e+00
7.46000e+02 2.04682e-11 0.00000e+00
7.47000e+02 2.14225e-11 0.00000e+00
7.48000e+02 1.94180e-11 0.00000e+00
7.49000e+02 2.10707e-11 0.00000e+00
7.50000e+02 2.30677e-11 0.00000e+00
7.51000e+02 2.09688e-11 0.00000e+00
7.52000e+02 2.25919e-11 0.00000e+00
7.53000e+02 2.30031e-11 0.00000e+00
7.54000e+02 2.28957e-11 0.00000e+00
7.55000e+02 1.99555e-11 0.00000e+00
7.56000e+02 2.17701e-11 0.00000e+00
7.57000e+02 2.10105e-11 0.00000e+00
7.58000e+02 2.16376e-11 0.00000e+00
7.59000e+02 2.03864e-11 0.00000e+00
7.60000e+02 2.02663e-11 0.00000e+00
7.61000e+02 2.06435e-11 0.00000e+00
7.62000e+02 2.08327e-11 0.00000e+00
7.63000e+02 1.94958e-11 0.00000e+00
7.64000e+02 2.14931e-11 0.00000e+00
7.65000e+02 2.10111e-11 0.00000e+00
7.66000e+02 1.82964e-11 0.00000e+00
7.67000e+02 2.36795e-11 0.00000e+00
7.68000e+02 2.20105e-11 0.00000e+00
7.69000e+02 1.89565e-11 0.00000e+00
7.70000e+02 2.13275e-11 0.00000e+00
7.71000e+02 1.96592e-11 0.00000e+00
7.72000e+02 2.01507e-11 0.00000e+00
7.73000e+02 2.04588e-11 0.00000e+00
7.74000e+02 1.96789e-11 0.00000e+00
7.75000e+02 2.04769e-11 0.00000e+00
7.76000e+02 1.91574e-11 0.00000e+00
7.77000e+02 2.16519e-11 0.00000e+00
7.78000e+02 2.13275e-11 0.00000e+00
7.79000e+02 1.93094e-11 0.00000e+00
7.80000e+02 1.96205e-11 0.00000e+00
7.81000e+02 2.03786e-11 0.00000e+00
7.82000e+02 2.30125e-11 0.00000e+00
7.83000e+02 1.87626e-11 0.00000e+00
7.84000e+02 1.82433e-11 0.00000e+00
7.85000e+02 2.04297e-11 0.00000e+00
7.86000e+02 1.80544e-11 0.00000e+00
7.87000e+02 2.21636e-11 0.00000e+00
7.88000e+02 2.07669e-11 0.00000e+00
7.89000e+02 1.96729e-11 0.00000e+00
7.90000e+02 2.27532e-11 0.00000e+00
7.91000e+02 2.03575e-11 0.00000e+00
7.92000e+02 1.90315e-11 0.00000e+00
7.93000e+02 1.90676e-11 0.00000e+00
7.94000e+02 2.08056e-11 0.00000e+00
7.95000e+02 1.80622e-11 0.00000e+00
7.96000e+02 2.01983e-11 0.00000e+00
7.97000e+02 1.82415e-11 0.00000e+00
7.98000e+02 1.98743e-11 0.00000e+00
7.99000e+02 1.90802e-11 0.00000e+00
8.00000e+02 1.91594e-11 0.00000e+00
8.01000e+02 2.11933e-11 0.00000e+00
8.02000e+02 2.15136e-11 0.00000e+00
8.03000e+02 1.76768e-11 0.00000e+00
8.04000e+02 2.09497e-11 0.00000e+00
8.05000e+02 1.90842e-11 0.00000e+00
8.06000e+02 2.18031e-11 0.00000e+00
8.07000e+02 1.94813e-11 0.00000e+00
8.08000e+02 1.98165e-11 0.00000e+00
8.09000e+02 1.93879e-11 0.00000e+00
8.10000e+02 2.23069e-11 0.00000e+00
8.11000e+02 2.05988e-11 0.00000e+00
8.12000e+02 1.76903e-11 0.00000e+00
8.13000e+02 1.89448e-11 0.00000e+00
8.14000e+02 1.99166e-11 0.00000e+00
8.15000e+02 1.91572e-11 0.00000e+00
8.16000e+02 1.86798e-11 0.00000e+00
8.17000e+02 1.81892e-11 0.00000e+00
8.18000e+02 1.87293e-11 0.00000e+00
8.19000e+02 2.09719e-11 0.00000e+00
8.20000e+02 2.05406e-11 0.00000e+00
8.21000e+02 1.90667e-11 0.00000e+00
8.22000e+02 1.87540e-11 0.00000e+00
8.23000e+02 2.10193e-11 0.00000e+00
8.24000e+02 1.83847e-11 0.00000e+00
8.25000e+02 1.93588e-11 0.00000e+00
8.26000e+02 2.03762e-11 0.00000e+00
8.27000e+02 1.98619e-11 0.00000e+00
8.28000e+02 1.74985e-11 0.00000e+00
8.29000e+02 1.93001e-11 0.00000e+00
8.30000e+02 1.99561e-11 0.00000e+00
8.31000e+02 1.85432e-11 0.00000e+00
8.32000e+02 1.84338e-11 0.00000e+00
8.33000e+02 1.83117e-11 0.00000e+00
8.34000e+02 1.92998e-11 0.00000e+00
8.35000e+02 1.98422e-11 0.00000e+00
8.36000e+02 1.86843e-11 0.00000e+00
8.37000e+02 1.86992e-11 0.00000e+00
8.38000e+02 1.84499e-11 0.00000e+00
8.39000e+02 1.90991e-11 0.00000e+00
8.40000e+02 1.75986e-11 0.00000e+00
8.41000e+02 1.98462e-11 0.00000e+00
8.42000e+02 1.80098e-11 0.00000e+00
8.43000e+02 1.92502e-11 0.00000e+00
8.44000e+02 1.79946e-11 0.00000e+00
8.45000e+02 2.08115e-11 0.00000e+00
8.46000e+02 2.01506e-11 0.00000e+00
8.47000e+02 1.83597e-11 0.00000e+00
8.48000e+02 1.84099e-11 0.00000e+00
8.49000e+02 1.74245e-11 0.00000e+00
8.50000e+02 1.80945e-11 0.00000e+00
8.51000e+02 1.84067e-11 0.00000e+00
8.52000e+02 1.94131e-11 0.00000e+00
8.53000e+02 1.84506e-11 0.00000e+00
8.54000e+02 1.87756e-11 0.00000e+00
8.55000e+02 1.88686e-11 0.00000e+00
8.56000e+02 1.97534e-11 0.00000e+00
8.57000e+02 1.77577e-11 0.00000e+00
8.58000e+02 2.02830e-11 0.00000e+00
8.59000e+02 1.87265e-11 0.00000e+00
8.60000e+02 1.68308e-11 0.00000e+00
8.61000e+02 1.73398e-11 0.00000e+00
8.62000e+02 1.79589e-11 0.00000e+00
8.63000e+02 1.94102e-11 0.00000e+00
8.64000e+02 1.66925e-11 0.00000e+00
8.65000e+02 1.78633e-11 0.00000e+00
8.66000e+02 1.81720e-11 0.00000e+00
8.67000e+02 1.94590e-11 0.00000e+00
8.68000e+02 1.70133e-11 0.00000e+00
8.69000e+02 1.85631e-11 0.00000e+00
8.70000e+02 1.89537e-11 0.00000e+00
8.71000e+02 1.79504e-11 0.00000e+00
8.72000e+02 1.81413e-11 0.00000e+00
8.73000e+02 1.83657e-11 0.00000e+00
8.74000e+02 1.58655e-11 0.00000e+00
8.75000e+02 1.69265e-11 0.00000e+00
8.76000e+02 1.63046e-11 0.00000e+00
8.77000e+02 1.71996e-11 0.00000e+00
8.78000e+02 1.71419e-11 0.00000e+00
8.79000e+02 1.79494e-11 0.00000e+00
8.80000e+02 1.83112e-11 0.00000e+00
8.81000e+02 1.81723e-11 0.00000e+00
8.82000e+02 1.69092e-11 0.00000e+00
8.83000e+02 1.54063e-11 0.00000e+00
8.84000e+02 1.87787e-11 0.00000e+00
8.85000e+02 1.70358e-11 0.00000e+00
8.86000e+02 1.81348e-11 0.00000e+00
8.87000e+02 1.74888e-11 0.00000e+00
8.88000e+02 1.71636e-11 0.00000e+00
8.89000e+02 1.75518e-11 0.00000e+00
8.90000e+02 1.60820e-11 0.00000e+00
8.91000e+02 1.70836e-11 0.00000e+00
8.92000e+02 1.79341e-11 0.00000e+00
8.93000e+02 1.74759e-11 0.00000e+00
8.94000e+02 1.75845e-11 0.00000e+00
8.95000e+02 1.80790e-11 0.00000e+00
8.96000e+02 1.82538e-11 0.00000e+00
8.97000e+02 1.71155e-11 0.00000e+00
8.98000e+02 1.73466e-11 0.00000e+00
8.99000e+02 1.76630e-11 0.00000e+00
9.00000e+02 1.86611e-11 0.00000e+00
9.01000e+02 1.84443e-11 0.00000e+00
9.02000e+02 1.71979e-11 0.00000e+00
9.03000e+02 1.81552e-11 0.00000e+00
9.04000e+02 1.75595e-11 0.00000e+00
9.05000e+02 1.73825e-11 0.00000e+00
9.06000e+02 1.76417e-11 0.00000e+00
9.07000e+02 1.80248e-11 0.00000e+00
9.08000e+02 1.57253e-11 0.00000e+00
9.09000e+02 1.63617e-11 0.00000e+00
9.10000e+02 1.86683e-11 0.00000e+00
9.11000e+02 1.72099e-11 0.00000e+00
9.12000e+02 1.76574e-11 0.00000e+00
9.13000e+02 1.68326e-11 0.00000e+00
9.14000e+02 1.76959e-11 0.00000e+00
9.15000e+02 1.68734e-11 0.00000e+00
9.16000e+02 1.72048e-11 0.00000e+00
9.17000e+02 1.61410e-11 0.00000e+00
9.18000e+02 1.70191e-11 0.00000e+00
9.19000e+02 1.55097e-11 0.00000e+00
9.20000e+02 1.60268e-11 0.00000e+00
9.21000e+02 1.83550e-11 0.00000e+00
9.22000e+02 1.75746e-11 0.00000e+00
9.23000e+02 1.67306e-11 0.00000e+00
9.24000e+02 1.83596e-11 0.00000e+00
9.25000e+02 1.75449e-11 0.00000e+00
9.26000e+02 1.68204e-11 0.00000e+00
9.27000e+02 1.79437e-11 0.00000e+00
9.28000e+02 1.66707e-11 0.00000e+00
9.29000e+02 1.61274e-11 0.00000e+00
9.30000e+02 1.63776e-11 0.00000e+00
9.31000e+02 1.80151e-11 0.00000e+00
9.32000e+02 1.56164e-11 0.00000e+00
9.33000e+02 1.69226e-11 0.00000e+00
9.34000e+02 1.64644e-11 0.00000e+00
9.35000e+02 1.51363e-11 0.00000e+00
9.36000e+02 1.71404e-11 0.00000e+00
9.37000e+02 1.65627e-11 0.00000e+00
9.38000e+02 1.68546e-11 0.00000e+00
9.39000e+02 1.63018e-11 0.00000e+00
9.40000e+02 1.86169e-11 0.00000e+00
9.41000e+02 1.54816e-11 0.00000e+00
9.42000e+02 1.64402e-11 0.00000e+00
9.43000e+02 1.63529e-11 0.00000e+00
9.44000e+02 1.67363e-11 0.00000e+00
9.45000e+02 1.53081e-11 0.00000e+00
9.46000e+02 1.63125e-11 0.00000e+00
9.47000e+02 1.62546e-11 0.00000e+00
9.48000e+02 1.54178e-11 0.00000e+00
9.49000e+02 1.76183e-11 0.00000e+00
9.50000e+02 1.63085e-11 0.00000e+00
9.51000e+02 1.59337e-11 0.00000e+00
9.52000e+02 1.41532e-11 0.00000e+00
9.53000e+02 1.48441e-11 0.00000e+00
9.54000e+02 1.52415e-11 0.00000e+00
9.55000e+02 1.89635e-11 0.00000e+00
9.56000e+02 1.76141e-11 0.00000e+00
9.57000e+02 1.43070e-11 0.00000e+00
9.58000e+02 1.46835e-11 0.00000e+00
9.59000e+02 1.58247e-11 0.00000e+00
9.60000e+02 1.54972e-11 0.00000e+00
9.61000e+02 1.57572e-11 0.00000e+00
9.62000e+02 1.63747e-11 0.00000e+00
9.63000e+02 1.53471e-11 0.00000e+00
9.64000e+02 1.58577e-11 0.00000e+00
9.65000e+02 1.57970e-11 0.00000e+00
9.66000e+02 1.45246e-11 0.00000e+00
9.67000e+02 1.54418e-11 0.00000e+00
9.68000e+02 1.53391e-11 0.00000e+00
9.69000e+02 1.65900e-11 0.00000e+00
9.70000e+02 1.65673e-11 0.00000e+00
9.71000e+02 1.69586e-11 0.00000e+00
9.72000e+02 1.48885e-11 0.00000e+00
9.73000e+02 1.46815e-11 0.00000e+00
9.74000e+02 1.65886e-11 0.00000e+00
9.75000e+02 1.70858e-11 0.00000e+00
9.76000e+02 1.67543e-11 0.00000e+00
9.77000e+02 1.50865e-11 0.00000e+00
9.78000e+02 1.67960e-11 0.00000e+00
9.79000e+02 1.47818e-11 0.00000e+00
9.80000e+02 1.56713e-11 0.00000e+00
9.81000e+02 1.65601e-11 0.00000e+00
9.82000e+02 1.55240e-11 0.00000e+00
9.83000e+02 1.62747e-11 0.00000e+00
9.84000e+02 1.61867e-11 0.00000e+00
9.85000e+02 1.66158e-11 0.00000e+00
9.86000e+02 1.46320e-11 0.00000e+00
9.87000e+02 1.53728e-11 0.00000e+00
9.88000e+02 1.75977e-11 0.00000e+00
9.89000e+02 1.39537e-11 0.00000e+00
9.90000e+02 1.44079e-11 0.00000e+00
9.91000e+02 1.45578e-11 0.00000e+00
9.92000e+02 1.46981e-11 0.00000e+00
9.93000e+02 1.55847e-11 0.00000e+00
9.94000e+02 1.45890e-11 0.00000e+00
9.95000e+02 1.53700e-11 0.00000e+00
9.96000e+02 1.66902e-11 0.00000e+00
9.97000e+02 1.55338e-11 0.00000e+00
9.98000e+02 1.41263e-11 0.00000e+00
9.99000e+02 1.50345e-11 0.00000e+00
1.00000e+03 1.59671e-11 0.00000e+00
1.00100e+03 1.47347e-11 0.00000e+00
1.00200e+03 1.67904e-11 0.00000e+00
1.00300e+03 1.50536e-11 0.00000e+00
1.00400e+03 1.52184e-11 0.00000e+00
1.00500e+03 1.57414e-11 0.00000e+00
1.00600e+03 1.47947e-11 0.00000e+00
1.00700e+03 1.51864e-11 0.00000e+00
1.00800e+03 1.54698e-11 0.00000e+00
1.00900e+03 1.63794e-11 0.00000e+00
1.01000e+03 1.59651e-11 0.00000e+00
1.01100e+03 1.47248e-11 0.00000e+00
1.01200e+03 1.41016e-11 0.00000e+00
1.01300e+03 1.48862e-11 0.00000e+00
1.01400e+03 1.70313e-11 0.00000e+00
1.01500e+03 1.47446e-11 0.00000e+00
1.01600e+03 1.47683e-11 0.00000e+00
1.01700e+03 1.43798e-11 0.00000e+00
1.01800e+03 1.58046e-11 0.00000e+00
1.01900e+03 1.50294e-11 0.00000e+00
1.02000e+03 1.52079e-11 0.00000e+00
1.02100e+03 1.61395e-11 0.00000e+00
1.02200e+03 1.49990e-11 0.00000e+00
1.02300e+03 1.60065e-11 0.00000e+00
1.02400e+03 1.33004e-11 0.00000e+00
1.02500e+03 1.37472e-11 0.00000e+00
1.02600e+03 1.49819e-11 0.00000e+00
1.02700e+03 1.57683e-11 0.00000e+00
1.02800e+03 1.49066e-11 0.00000e+00
1.02900e+03 1.50678e-11 0.00000e+00
1.03000e+03 1.43645e-11 0.00000e+00
1.03100e+03 1.53416e-11 0.00000e+00
1.03200e+03 1.42082e-11 0.00000e+00
1.03300e+03 1.62076e-11 0.00000e+00
1.03400e+03 1.46913e-11 0.00000e+00
1.03500e+03 1.38530e-11 0.00000e+00
1.03600e+03 1.47497e-11 0.00000e+00
1.03700e+03 1.49171e-11 0.00000e+00
1.03800e+03 1.43746e-11 0.00000e+00
1.03900e+03 1.61240e-11 0.00000e+00
1.04000e+03 1.49071e-11 0.00000e+00
1.04100e+03 1.47359e-11 0.00000e+00
1.04200e+03 1.60845e-11 0.00000e+00
1.04300e+03 1.47716e-11 0.00000e+00
1.04400e+03 1.46278e-11 0.00000e+00
1.04500e+03 1.41899e-11 0.00000e+00
1.04600e+03 1.52648e-11 0.00000e+00
1.04700e+03 1.41273e-11 0.00000e+00
1.04800e+03 1.51977e-11 0.00000e+00
1.04900e+03 1.39422e-11 0.00000e+00
1.05000e+03 1.60183e-11 0.00000e+00
1.05100e+03 1.39306e-11 0.00000e+00
1.05200e+03 1.37618e-11 0.00000e+00
1.05300e+03 1.51475e-11 0.00000e+00
1.05400e+03 1.43354e-11 0.00000e+00
1.05500e+03 1.50897e-11 0.00000e+00
1.05600e+03 1.37793e-11 0.00000e+00
1.05700e+03 1.47168e-11 0.00000e+00
1.05800e+03 1.47891e-11 0.00000e+00
1.05900e+03 1.28584e-11 0.00000e+00
1.06000e+03 1.49543e-11 0.00000e+00
1.06100e+03 1.45668e-11 0.00000e+00
1.06200e+03 1.60037e-11 0.00000e+00
1.06300e+03 1.47924e-11 0.00000e+00
1.06400e+03 1.44805e-11 0.00000e+00
1.06500e+03 1.39660e-11 0.00000e+00
1.06600e+03 1.44302e-11 0.00000e+00
1.06700e+03 1.41011e-11 0.00000e+00
1.06800e+03 1.44295e-11 0.00000e+00
1.06900e+03 1.28702e-11 0.00000e+00
1.07000e+03 1.25994e-11 0.00000e+00
1.07100e+03 1.28026e-11 0.00000e+00
1.07200e+03 1.45344e-11 0.00000e+00
1.07300e+03 1.45475e-11 0.00000e+00
1.07400e+03 1.44067e-11 0.00000e+00
1.07500e+03 1.37689e-11 0.00000e+00
1.07600e+03 1.38445e-11 0.00000e+00
1.07700e+03 1.39834e-11 0.00000e+00
1.07800e+03 1.49804e-11 0.00000e+00
1.07900e+03 1.55326e-11 0.00000e+00
1.08000e+03 1.44935e-11 0.00000e+00
1.08100e+03 1.31871e-11 0.00000e+00
1.08200e+03 1.38120e-11 0.00000e+00
1.08300e+03 1.21290e-11 0.00000e+00
1.08400e+03 1.36705e-11 0.00000e+00
1.08500e+03 1.48119e-11 0.00000e+00
1.08600e+03 1.49634e-11 0.00000e+00
1.08700e+03 1.42370e-11 0.00000e+00
1.08800e+03 1.41282e-11 0.00000e+00
1.08900e+03 1.44547e-11 0.00000e+00
1.09000e+03 1.52863e-11 0.00000e+00
1.09100e+03 1.24463e-11 0.00000e+00
1.09200e+03 1.40833e-11 0.00000e+00
1.09300e+03 1.41966e-11 0.00000e+00
1.09400e+03 1.48689e-11 0.00000e+00
1.09500e+03 1.39903e-11 0.00000e+00
1.09600e+03 1.48066e-11 0.00000e+00
1.09700e+03 1.38331e-11 0.00000e+00
1.09800e+03 1.47495e-11 0.00000e+00
1.09900e+03 1.45023e-11 0.00000e+00
1.10000e+03 1.41861e-11 0.00000e+00
1.10100e+03 1.52979e-11 0.00000e+00
1.10200e+03 1.32610e-11 0.00000e+00
1.10300e+03 1.37347e-11 0.00000e+00
1.10400e+03 1.42484e-11 0.00000e+00
1.10500e+03 1.30403e-11 0.00000e+00
1.10600e+03 1.39547e-11 0.00000e+00
1.10700e+03 1.28722e-11 0.00000e+00
1.10800e+03 1.43221e-11 0.00000e+00
1.10900e+03 1.34837e-11 0.00000e+00
1.11000e+03 1.31685e-11 0.00000e+00
1.11100e+03 1.22585e-11 0.00000e+00
1.11200e+03 1.34826e-11 0.00000e+00
1.11300e+03 1.34698e-11 0.00000e+00
1.11400e+03 1.26716e-11 0.00000e+00
1.11500e+03 1.35031e-11 0.00000e+00
1.11600e+03 1.28560e-11 0.00000e+00
1.11700e+03 1.45586e-11 0.00000e+00
1.11800e+03 1.45940e-11 0.00000e+00
1.11900e+03 1.37842e-11 0.00000e+00
1.12000e+03 1.27030e-11 0.00000e+00
1.12100e+03 1.48772e-11 0.00000e+00
1.12200e+03 1.32848e-11 0.00000e+00
1.12300e+03 1.31681e-11 0.00000e+00
1.12400e+03 1.30670e-11 0.00000e+00
1.12500e+03 1.39068e-11 0.00000e+00
1.12600e+03 1.26441e-11 0.00000e+00
1.12700e+03 1.35049e-11 0.00000e+00
1.12800e+03 1.37415e-11 0.00000e+00
1.12900e+03 1.43692e-11 0.00000e+00
1.13000e+03 1.29916e-11 0.00000e+00
1.13100e+03 1.35014e-11 0.00000e+00
1.13200e+03 1.22204e-11 0.00000e+00
1.13300e+03 1.36010e-11 0.00000e+00
1.13400e+03 1.22525e-11 0.00000e+00
1.13500e+03 1.30453e-11 0.00000e+00
1.13600e+03 1.23389e-11 0.00000e+00
1.13700e+03 1.39811e-11 0.00000e+00
1.13800e+03 1.44505e-11 0.00000e+00
1.13900e+03 1.34199e-11 0.00000e+00
1.14000e+03 1.44232e-11 0.00000e+00
1.14100e+03 1.36550e-11 0.00000e+00
1.14200e+03 1.22628e-11 0.00000e+00
1.14300e+03 1.26689e-11 0.00000e+00
1.14400e+03 1.24696e-11 0.00000e+00
1.14500e+03 1.35826e-11 0.00000e+00
1.14600e+03 1.27459e-11 0.00000e+00
1.14700e+03 1.35147e-11 0.00000e+00
1.14800e+03 1.22484e-11 0.00000e+00
1.14900e+03 1.18412e-11 0.00000e+00
1.15000e+03 1.44224e-11 0.00000e+00
1.15100e+03 1.29718e-11 0.00000e+00
1.15200e+03 1.30163e-11 0.00000e+00
1.15300e+03 1.34481e-11 0.00000e+00
1.15400e+03 1.35538e-11 0.00000e+00
1.15500e+03 1.25738e-11 0.00000e+00
1.15600e+03 1.32578e-11 0.00000e+00
1.15700e+03 1.33287e-11 0.00000e+00
1.15800e+03 1.21335e-11 0.00000e+00
1.15900e+03 1.27788e-11 0.00000e+00
1.16000e+03 1.16380e-11 0.00000e+00
1.16100e+03 1.25324e-11 0.00000e+00
1.16200e+03 1.28844e-11 0.00000e+00
1.16300e+03 1.27625e-11 0.00000e+00
1.16400e+03 1.32815e-11 0.00000e+00
1.16500e+03 1.26880e-11 0.00000e+00
1.16600e+03 1.30576e-11 0.00000e+00
1.16700e+03 1.23433e-11 0.00000e+00
1.16800e+03 1.18507e-11 0.00000e+00
1.16900e+03 1.32760e-11 0.00000e+00
1.17000e+03 1.24720e-11 0.00000e+00
1.17100e+03 1.30703e-11 0.00000e+00
1.17200e+03 1.35962e-11 0.00000e+00
1.17300e+03 1.25712e-11 0.00000e+00
1.17400e+03 1.45257e-11 0.00000e+00
1.17500e+03 1.26525e-11 0.00000e+00
1.17600e+03 1.21654e-11 0.00000e+00
1.17700e+03 1.25972e-11 0.00000e+00
1.17800e+03 1.18304e-11 0.00000e+00
1.17900e+03 1.19309e-11 0.00000e+00
1.18000e+03 1.29056e-11 0.00000e+00
1.18100e+03 1.23860e-11 0.00000e+00
1.18200e+03 1.21524e-11 0.00000e+00
1.18300e+03 1.25927e-11 0.00000e+00
1.18400e+03 1.15384e-11 0.00000e+00
1.18500e+03 1.23293e-11 0.00000e+00
1.18600e+03 1.19382e-11 0.00000e+00
1.18700e+03 1.21187e-11 0.00000e+00
1.18800e+03 1.24331e-11 0.00000e+00
1.18900e+03 1.22906e-11 0.00000e+00
1.19000e+03 1.18614e-11 0.00000e+00
1.19100e+03 1.35639e-11 0.00000e+00
1.19200e+03 1.24272e-11 0.00000e+00
1.19300e+03 1.11240e-11 0.00000e+00
1.19400e+03 1.24608e-11 0.00000e+00
1.19500e+03 1.27028e-11 0.00000e+00
1.19600e+03 1.22042e-11 0.00000e+00
1.19700e+03 1.34482e-11 0.00000e+00
1.19800e+03 1.20916e-11 0.00000e+00
1.19900e+03 1.25463e-11 0.00000e+00
1.20000e+03 1.16959e-11 0.00000e+00
1.20100e+03 1.21657e-11 0.00000e+00
1.20200e+03 1.07236e-11 0.00000e+00
1.20300e+03 1.32612e-11 0.00000e+00
1.20400e+03 1.30358e-11 0.00000e+00
1.20500e+03 1.18375e-11 0.00000e+00
1.20600e+03 1.28249e-11 0.00000e+00
1.20700e+03 1.18203e-11 0.00000e+00
1.20800e+03 1.23258e-11 0.00000e+00
1.20900e+03 1.18409e-11 0.00000e+00
1.21000e+03 1.26834e-11 0.00000e+00
1.21100e+03 1.12126e-11 0.00000e+00
1.21200e+03 1.27493e-11 0.00000e+00
1.21300e+03 1.18757e-11 0.00000e+00
1.21400e+03 1.15809e-11 0.00000e+00
1.21500e+03 1.18084e-11 0.00000e+00
1.21600e+03 1.18481e-11 0.00000e+00
1.21700e+03 1.18465e-11 0.00000e+00
1.21800e+03 1.18077e-11 0.00000e+00
1.21900e+03 1.21299e-11 0.00000e+00
1.22000e+03 1.27618e-11 0.00000e+00
1.22100e+03 1.19529e-11 0.00000e+00
1.22200e+03 1.21034e-11 0.00000e+00
1.22300e+03 1.13971e-11 0.00000e+00
1.22400e+03 1.25705e-11 0.00000e+00
1.22500e+03 1.14141e-11 0.00000e+00
1.22600e+03 1.16767e-11 0.00000e+00
1.22700e+03 1.18344e-11 0.00000e+00
1.22800e+03 1.24336e-11 0.00000e+00
1.22900e+03 1.21907e-11 0.00000e+00
1.23000e+03 1.19003e-11 0.00000e+00
1.23100e+03 1.25917e-11 0.00000e+00
1.23200e+03 1.25502e-11 0.00000e+00
1.23300e+03 1.08534e-11 0.00000e+00
1.23400e+03 1.19202e-11 0.00000e+00
1.23500e+03 1.06875e-11 0.00000e+00
1.23600e+03 1.21043e-11 0.00000e+00
1.23700e+03 1.20871e-11 0.00000e+00
1.23800e+03 1.12788e-11 0.00000e+00
1.23900e+03 1.17764e-11 0.00000e+00
1.24000e+03 1.16534e-11 0.00000e+00
1.24100e+03 1.09584e-11 0.00000e+00
1.24200e+03 1.03809e-11 0.00000e+00
1.24300e+03 1.07131e-11 0.00000e+00
1.24400e+03 1.20530e-11 0.00000e+00
1.24500e+03 1.11251e-11 0.00000e+00
1.24600e+03 9.75778e-12 0.00000e+00
1.24700e+03 1.27317e-11 0.00000e+00
1.24800e+03 1.08552e-11 0.00000e+00
1.24900e+03 1.10188e-11 0.00000e+00
1.25000e+03 1.16101e-11 0.00000e+00
1.25100e+03 1.08478e-11 0.00000e+00
1.25200e+03 1.16061e-11 0.00000e+00
1.25300e+03 1.19237e-11 0.00000e+00
1.25400e+03 1.13827e-11 0.00000e+00
1.25500e+03 1.05765e-11 0.00000e+00
1.25600e+03 1.20877e-11 0.00000e+00
1.25700e+03 1.07413e-11 0.00000e+00
1.25800e+03 1.20378e-11 0.00000e+00
1.25900e+03 1.11627e-11 0.00000e+00
1.26000e+03 1.16696e-11 0.00000e+00
1.26100e+03 1.20173e-11 0.00000e+00
1.26200e+03 1.22962e-11 0.00000e+00
1.26300e+03 1.08876e-11 0.00000e+00
1.26400e+03 1.16549e-11 0.00000e+00
1.26500e+03 1.11201e-11 0.00000e+00
1.26600e+03 1.24357e-11 0.00000e+00
1.26700e+03 1.11927e-11 0.00000e+00
1.26800e+03 1.27068e-11 0.00000e+00
1.26900e+03 1.14432e-11 0.00000e+00
1.27000e+03 1.10456e-11 0.00000e+00
1.27100e+03 1.11814e-11 0.00000e+00
1.27200e+03 1.26481e-11 0.00000e+00
1.27300e+03 1.06213e-11 0.00000e+00
1.27400e+03 1.10241e-11 0.00000e+00
1.27500e+03 1.09956e-11 0.00000e+00
1.27600e+03 1.15447e-11 0.00000e+00
1.27700e+03 1.11223e-11 0.00000e+00
1.27800e+03 1.05039e-11 0.00000e+00
1.27900e+03 1.10231e-11 0.00000e+00
1.28000e+03 1.23662e-11 0.00000e+00
1.28100e+03 1.13115e-11 0.00000e+00
1.28200e+03 1.15553e-11 0.00000e+00
1.28300e+03 1.06344e-11 0.00000e+00
1.28400e+03 1.12727e-11 0.00000e+00
1.28500e+03 1.11069e-11 0.00000e+00
1.28600e+03 1.01519e-11 0.00000e+00
1.28700e+03 1.03214e-11 0.00000e+00
1.28800e+03 1.17337e-11 0.00000e+00
1.28900e+03 1.15626e-11 0.00000e+00
1.29000e+03 1.12434e-11 0.00000e+00
1.29100e+03 1.02646e-11 0.00000e+00
1.29200e+03 1.11059e-11 0.00000e+00
1.29300e+03 1.14256e-11 0.00000e+00
1.29400e+03 1.20711e-11 0.00000e+00
1.29500e+03 1.12894e-11 0.00000e+00
1.29600e+03 1.02666e-11 0.00000e+00
1.29700e+03 9.68653e-12 0.00000e+00
1.29800e+03 9.98830e-12 0.00000e+00
1.29900e+03 1.06946e-11 0.00000e+00
1.30000e+03 1.03905e-11 0.00000e+00
1.30100e+03 1.12416e-11 0.00000e+00
1.30200e+03 1.12754e-11 0.00000e+00
1.30300e+03 1.16884e-11 0.00000e+00
1.30400e+03 1.06890e-11 0.00000e+00
1.30500e+03 1.07214e-11 0.00000e+00
1.30600e+03 1.05366e-11 0.00000e+00
1.30700e+03 1.01900e-11 0.00000e+00
1.30800e+03 1.05246e-11 0.00000e+00
1.30900e+03 1.05447e-11 0.00000e+00
1.31000e+03 1.09650e-11 0.00000e+00
1.31100e+03 1.05473e-11 0.00000e+00
1.31200e+03 1.12417e-11 0.00000e+00
1.31300e+03 1.00762e-11 0.00000e+00
1.31400e+03 9.93055e-12 0.00000e+00
1.31500e+03 1.08100e-11 0.00000e+00
1.31600e+03 1.00643e-11 0.00000e+00
1.31700e+03 1.03382e-11 0.00000e+00
1.31800e+03 1.09483e-11 0.00000e+00
1.31900e+03 1.03747e-11 0.00000e+00
1.32000e+03 1.04123e-11 0.00000e+00
1.32100e+03 1.05431e-11 0.00000e+00
1.32200e+03 1.10757e-11 0.00000e+00
1.32300e+03 1.12176e-11 0.00000e+00
1.32400e+03 1.03075e-11 0.00000e+00
1.32500e+03 1.02396e-11 0.00000e+00
1.32600e+03 1.03507e-11 0.00000e+00
1.32700e+03 9.83004e-12 0.00000e+00
1.32800e+03 1.00119e-11 0.00000e+00
1.32900e+03 1.02384e-11 0.00000e+00
1.33000e+03 9.30870e-12 0.00000e+00
1.33100e+03 9.78597e-12 0.00000e+00
1.33200e+03 1.19316e-11 0.00000e+00
1.33300e+03 1.08471e-11 0.00000e+00
1.33400e+03 1.02608e-11 0.00000e+00
1.33500e+03 9.57517e-12 0.00000e+00
1.33600e+03 1.07858e-11 0.00000e+00
1.33700e+03 1.01230e-11 0.00000e+00
1.33800e+03 9.88535e-12 0.00000e+00
1.33900e+03 9.50988e-12 0.00000e+00
1.34000e+03 1.12292e-11 0.00000e+00
1.34100e+03 1.00034e-11 0.00000e+00
1.34200e+03 1.08556e-11 0.00000e+00
1.34300e+03 1.08169e-11 0.00000e+00
1.34400e+03 1.03582e-11 0.00000e+00
1.34500e+03 1.00796e-11 0.00000e+00
1.34600e+03 1.00805e-11 0.00000e+00
1.34700e+03 1.02080e-11 0.00000e+00
1.34800e+03 1.01508e-11 0.00000e+00
1.34900e+03 9.27104e-12 0.00000e+00
1.35000e+03 1.06547e-11 0.00000e+00
1.35100e+03 1.05041e-11 0.00000e+00
1.35200e+03 1.06639e-11 0.00000e+00
1.35300e+03 9.52130e-12 0.00000e+00
1.35400e+03 9.64398e-12 0.00000e+00
1.35500e+03 1.01371e-11 0.00000e+00
1.35600e+03 1.07951e-11 0.00000e+00
1.35700e+03 1.04671e-11 0.00000e+00
1.35800e+03 1.04682e-11 0.00000e+00
1.35900e+03 1.05418e-11 0.00000e+00
1.36000e+03 9.91749e-12 0.00000e+00
1.36100e+03 1.13312e-11 0.00000e+00
1.36200e+03 9.70299e-12 0.00000e+00
1.36300e+03 1.01568e-11 0.00000e+00
1.36400e+03 9.85836e-12 0.00000e+00
1.36500e+03 9.64272e-12 0.00000e+00
1.36600e+03 9.56920e-12 0.00000e+00
1.36700e+03 9.45180e-12 0.00000e+00
1.36800e+03 9.68006e-12 0.00000e+00
1.36900e+03 9.65544e-12 0.00000e+00
1.37000e+03 9.12592e-12 0.00000e+00
1.37100e+03 1.00393e-11 0.00000e+00
1.37200e+03 1.03998e-11 0.00000e+00
1.37300e+03 9.64033e-12 0.00000e+00
1.37400e+03 9.60626e-12 0.00000e+00
1.37500e+03 1.03413e-11 0.00000e+00
1.37600e+03 9.87080e-12 0.00000e+00
1.37700e+03 9.03826e-12 0.00000e+00
1.37800e+03 1.01857e-11 0.00000e+00
1.37900e+03 9.94317e-12 0.00000e+00
1.38000e+03 9.90366e-12 0.00000e+00
1.38100e+03 1.00536e-11 0.00000e+00
1.38200e+03 1.11169e-11 0.00000e+00
1.38300e+03 1.00564e-11 0.00000e+00
1.38400e+03 8.92693e-12 0.00000e+00
1.38500e+03 9.58271e-12 0.00000e+00
1.38600e+03 1.05558e-11 0.00000e+00
1.38700e+03 9.40381e-12 0.00000e+00
1.38800e+03 1.00978e-11 0.00000e+00
1.38900e+03 1.03349e-11 0.00000e+00
1.39000e+03 9.91298e-12 0.00000e+00
1.39100e+03 9.70866e-12 0.00000e+00
1.39200e+03 9.60713e-12 0.00000e+00
1.39300e+03 1.02660e-11 0.00000e+00
1.39400e+03 1.05573e-11 0.00000e+00
1.39500e+03 9.69114e-12 0.00000e+00
1.39600e+03 9.94585e-12 0.00000e+00
1.39700e+03 8.96327e-12 0.00000e+00
1.39800e+03 1.04987e-11 0.00000e+00
1.39900e+03 9.71047e-12 0.00000e+00
1.40000e+03 9.99733e-12 0.00000e+00
1.40100e+03 9.93597e-12 0.00000e+00
1.40200e+03 9.32928e-12 0.00000e+00
1.40300e+03 1.04354e-11 0.00000e+00
1.40400e+03 9.33660e-12 0.00000e+00
1.40500e+03 9.10374e-12 0.00000e+00
1.40600e+03 9.83010e-12 0.00000e+00
1.40700e+03 9.79557e-12 0.00000e+00
1.40800e+03 1.02039e-11 0.00000e+00
1.40900e+03 8.69082e-12 0.00000e+00
1.41000e+03 9.94453e-12 0.00000e+00
1.41100e+03 9.36686e-12 0.00000e+00
1.41200e+03 9.25938e-12 0.00000e+00
1.41300e+03 8.63317e-12 0.00000e+00
1.41400e+03 9.50829e-12 0.00000e+00
1.41500e+03 9.80085e-12 0.00000e+00
1.41600e+03 9.44553e-12 0.00000e+00
1.41700e+03 9.39073e-12 0.00000e+00
1.41800e+03 9.36648e-12 0.00000e+00
1.41900e+03 9.48624e-12 0.00000e+00
1.42000e+03 9.46358e-12 0.00000e+00
1.42100e+03 9.06797e-12 0.00000e+00
1.42200e+03 9.58170e-12 0.00000e+00
1.42300e+03 9.24432e-12 0.00000e+00
1.42400e+03 8.67226e-12 0.00000e+00
1.42500e+03 8.89674e-12 0.00000e+00
1.42600e+03 9.59673e-12 0.00000e+00
1.42700e+03 9.12609e-12 0.00000e+00
1.42800e+03 9.02372e-12 0.00000e+00
1.42900e+03 9.01298e-12 0.00000e+00
1.43000e+03 9.31068e-12 0.00000e+00
1.43100e+03 8.73670e-12 0.00000e+00
1.43200e+03 9.41023e-12 0.00000e+00
1.43300e+03 1.02398e-11 0.00000e+00
1.43400e+03 1.00996e-11 0.00000e+00
1.43500e+03 8.83712e-12 0.00000e+00
1.43600e+03 9.22120e-12 0.00000e+00
1.43700e+03 8.50537e-12 0.00000e+00
1.43800e+03 9.65340e-12 0.00000e+00
1.43900e+03 9.42099e-12 0.00000e+00
1.44000e+03 8.72736e-12 0.00000e+00
1.44100e+03 9.42691e-12 0.00000e+00
1.44200e+03 8.72028e-12 0.00000e+00
1.44300e+03 8.40406e-12 0.00000e+00
1.44400e+03 9.83467e-12 0.00000e+00
1.44500e+03 9.39688e-12 0.00000e+00
1.44600e+03 8.53289e-12 0.00000e+00
1.44700e+03 9.46743e-12 0.00000e+00
1.44800e+03 8.63288e-12 0.00000e+00
1.44900e+03 8.51177e-12 0.00000e+00
1.45000e+03 9.55097e-12 0.00000e+00
1.45100e+03 9.12975e-12 0.00000e+00
1.45200e+03 9.69906e-12 0.00000e+00
1.45300e+03 9.26691e-12 0.00000e+00
1.45400e+03 9.59332e-12 0.00000e+00
1.45500e+03 9.37400e-12 0.00000e+00
1.45600e+03 9.16271e-12 0.00000e+00
1.45700e+03 9.00063e-12 0.00000e+00
1.45800e+03 9.39286e-12 0.00000e+00
1.45900e+03 9.81898e-12 0.00000e+00
1.46000e+03 8.68953e-12 0.00000e+00
1.46100e+03 8.55315e-12 0.00000e+00
1.46200e+03 8.72400e-12 0.00000e+00
1.46300e+03 8.86994e-12 0.00000e+00
1.46400e+03 8.75837e-12 0.00000e+00
1.46500e+03 9.59383e-12 0.00000e+00
1.46600e+03 8.75429e-12 0.00000e+00
1.46700e+03 8.26959e-12 0.00000e+00
1.46800e+03 9.38689e-12 0.00000e+00
1.46900e+03 8.80352e-12 0.00000e+00
1.47000e+03 7.79795e-12 0.00000e+00
1.47100e+03 8.45921e-12 0.00000e+00
1.47200e+03 9.35067e-12 0.00000e+00
1.47300e+03 7.95663e-12 0.00000e+00
1.47400e+03 9.42353e-12 0.00000e+00
1.47500e+03 8.61351e-12 0.00000e+00
1.47600e+03 9.48306e-12 0.00000e+00
1.47700e+03 8.32626e-12 0.00000e+00
1.47800e+03 9.28318e-12 0.00000e+00
1.47900e+03 9.07853e-12 0.00000e+00
1.48000e+03 8.82345e-12 0.00000e+00
1.48100e+03 8.92906e-12 0.00000e+00
1.48200e+03 8.61173e-12 0.00000e+00
1.48300e+03 9.38571e-12 0.00000e+00
1.48400e+03 8.63347e-12 0.00000e+00
1.48500e+03 8.29979e-12 0.00000e+00
1.48600e+03 8.70547e-12 0.00000e+00
1.48700e+03 8.31753e-12 0.00000e+00
1.48800e+03 8.84066e-12 0.00000e+00
1.48900e+03 9.08005e-12 0.00000e+00
1.49000e+03 8.83903e-12 0.00000e+00
1.49100e+03 8.11520e-12 0.00000e+00
1.49200e+03 8.04683e-12 0.00000e+00
1.49300e+03 8.83182e-12 0.00000e+00
1.49400e+03 8.39735e-12 0.00000e+00
1.49500e+03 8.24885e-12 0.00000e+00
1.49600e+03 8.02082e-12 0.00000e+00
1.49700e+03 7.46376e-12 0.00000e+00
1.49800e+03 9.04447e-12 0.00000e+00
1.49900e+03 8.27056e-12 0.00000e+00
1.50000e+03 8.71618e-12 0.00000e+00
1.50100e+03 8.47864e-12 0.00000e+00
1.50200e+03 8.62132e-12 0.00000e+00
1.50300e+03 8.39930e-12 0.00000e+00
1.50400e+03 7.98940e-12 0.00000e+00
1.50500e+03 7.85474e-12 0.00000e+00
1.50600e+03 7.98396e-12 0.00000e+00
1.50700e+03 8.41978e-12 0.00000e+00
1.50800e+03 8.26364e-12 0.00000e+00
1.50900e+03 8.16639e-12 0.00000e+00
1.51000e+03 8.00042e-12 0.00000e+00
1.51100e+03 8.41600e-12 0.00000e+00
1.51200e+03 8.57809e-12 0.00000e+00
1.51300e+03 8.22788e-12 0.00000e+00
1.51400e+03 9.00735e-12 0.00000e+00
1.51500e+03 8.90220e-12 0.00000e+00
1.51600e+03 8.14808e-12 0.00000e+00
1.51700e+03 8.48797e-12 0.00000e+00
1.51800e+03 8.84339e-12 0.00000e+00
1.51900e+03 7.93549e-12 0.00000e+00
1.52000e+03 9.17123e-12 0.00000e+00
1.52100e+03 8.08663e-12 0.00000e+00
1.52200e+03 8.41434e-12 0.00000e+00
1.52300e+03 8.68505e-12 0.00000e+00
1.52400e+03 8.61624e-12 0.00000e+00
1.52500e+03 8.39258e-12 0.00000e+00
1.52600e+03 8.11467e-12 0.00000e+00
1.52700e+03 8.56588e-12 0.00000e+00
1.52800e+03 8.11098e-12 0.00000e+00
1.52900e+03 8.02133e-12 0.00000e+00
1.53000e+03 8.79611e-12 0.00000e+00
1.53100e+03 7.80598e-12 0.00000e+00
1.53200e+03 7.48054e-12 0.00000e+00
1.53300e+03 8.81739e-12 0.00000e+00
1.53400e+03 7.76188e-12 0.00000e+00
1.53500e+03 8.27349e-12 0.00000e+00
1.53600e+03 7.54031e-12 0.00000e+00
1.53700e+03 8.05710e-12 0.00000e+00
1.53800e+03 8.02850e-12 0.00000e+00
1.53900e+03 8.49229e-12 0.00000e+00
1.54000e+03 8.32932e-12 0.00000e+00
1.54100e+03 7.65285e-12 0.00000e+00
1.54200e+03 8.78933e-12 0.00000e+00
1.54300e+03 7.79026e-12 0.00000e+00
1.54400e+03 8.28174e-12 0.00000e+00
1.54500e+03 7.96080e-12 0.00000e+00
1.54600e+03 7.95128e-12 0.00000e+00
1.54700e+03 8.02145e-12 0.00000e+00
1.54800e+03 8.40083e-12 0.00000e+00
1.54900e+03 7.46831e-12 0.00000e+00
1.55000e+03 8.23251e-12 0.00000e+00
1.55100e+03 8.51217e-12 0.00000e+00
1.55200e+03 8.42770e-12 0.00000e+00
1.55300e+03 7.73696e-12 0.00000e+00
1.55400e+03 7.97887e-12 0.00000e+00
1.55500e+03 8.21059e-12 0.00000e+00
1.55600e+03 8.20037e-12 0.00000e+00
1.55700e+03 6.78041e-12 0.00000e+00
1.55800e+03 7.90964e-12 0.00000e+00
1.55900e+03 8.32211e-12 0.00000e+00
1.56000e+03 8.61273e-12 0.00000e+00
1.56100e+03 7.93226e-12 0.00000e+00
1.56200e+03 8.26571e-12 0.00000e+00
1.56300e+03 8.64681e-12 0.00000e+00
1.56400e+03 7.09612e-12 0.00000e+00
1.56500e+03 8.09698e-12 0.00000e+00
1.56600e+03 8.09306e-12 0.00000e+00
1.56700e+03 7.46103e-12 0.00000e+00
1.56800e+03 7.80523e-12 0.00000e+00
1.56900e+03 7.63005e-12 0.00000e+00
1.57000e+03 8.03504e-12 0.00000e+00
1.57100e+03 7.67561e-12 0.00000e+00
1.57200e+03 7.36754e-12 0.00000e+00
1.57300e+03 7.43843e-12 0.00000e+00
1.57400e+03 8.08363e-12 0.00000e+00
1.57500e+03 7.64063e-12 0.00000e+00
1.57600e+03 7.85040e-12 0.00000e+00
1.57700e+03 7.14917e-12 0.00000e+00
1.57800e+03 7.97314e-12 0.00000e+00
1.57900e+03 7.44612e-12 0.00000e+00
1.58000e+03 7.94848e-12 0.00000e+00
1.58100e+03 7.95921e-12 0.00000e+00
1.58200e+03 8.02830e-12 0.00000e+00
1.58300e+03 7.93386e-12 0.00000e+00
1.58400e+03 7.31297e-12 0.00000e+00
1.58500e+03 8.07487e-12 0.00000e+00
1.58600e+03 8.09518e-12 0.00000e+00
1.58700e+03 7.49923e-12 0.00000e+00
1.58800e+03 7.71514e-12 0.00000e+00
1.58900e+03 7.85454e-12 0.00000e+00
1.59000e+03 7.83077e-12 0.00000e+00
1.59100e+03 7.21576e-12 0.00000e+00
1.59200e+03 8.20720e-12 0.00000e+00
1.59300e+03 7.62047e-12 0.00000e+00
1.59400e+03 7.49315e-12 0.00000e+00
1.59500e+03 6.50781e-12 0.00000e+00
1.59600e+03 8.72503e-12 0.00000e+00
1.59700e+03 7.74123e-12 0.00000e+00
1.59800e+03 7.66054e-12 0.00000e+00
1.59900e+03 7.70268e-12 0.00000e+00
1.60000e+03 7.70703e-12 0.00000e+00
1.60100e+03 7.52575e-12 0.00000e+00
1.60200e+03 7.68104e-12 0.00000e+00
1.60300e+03 7.60821e-12 0.00000e+00
1.60400e+03 7.28189e-12 0.00000e+00
1.60500e+03 7.95329e-12 0.00000e+00
1.60600e+03 7.72453e-12 0.00000e+00
1.60700e+03 7.80338e-12 0.00000e+00
1.60800e+03 7.29149e-12 0.00000e+00
1.60900e+03 7.64278e-12 0.00000e+00
1.61000e+03 7.60964e-12 0.00000e+00
1.61100e+03 7.17890e-12 0.00000e+00
1.61200e+03 6.86682e-12 0.00000e+00
1.61300e+03 7.49886e-12 0.00000e+00
1.61400e+03 7.18676e-12 0.00000e+00
1.61500e+03 7.48562e-12 0.00000e+00
1.61600e+03 7.55703e-12 0.00000e+00
1.61700e+03 7.41132e-12 0.00000e+00
1.61800e+03 7.89263e-12 0.00000e+00
1.61900e+03 6.82015e-12 0.00000e+00
1.62000e+03 6.90765e-12 0.00000e+00
1.62100e+03 6.82801e-12 0.00000e+00
1.62200e+03 7.57155e-12 0.00000e+00
1.62300e+03 7.29642e-12 0.00000e+00
1.62400e+03 7.00787e-12 0.00000e+00
1.62500e+03 7.56123e-12 0.00000e+00
1.62600e+03 7.57898e-12 0.00000e+00
1.62700e+03 7.30880e-12 0.00000e+00
1.62800e+03 8.11209e-12 0.00000e+00
1.62900e+03 6.80631e-12 0.00000e+00
1.63000e+03 7.43520e-12 0.00000e+00
1.63100e+03 7.54539e-12 0.00000e+00
1.63200e+03 7.42134e-12 0.00000e+00
1.63300e+03 7.31118e-12 0.00000e+00
1.63400e+03 6.90241e-12 0.00000e+00
1.63500e+03 7.20266e-12 0.00000e+00
1.63600e+03 6.50714e-12 0.00000e+00
1.63700e+03 8.31533e-12 0.00000e+00
1.63800e+03 7.23665e-12 0.00000e+00
1.63900e+03 7.17868e-12 0.00000e+00
1.64000e+03 7.13939e-12 0.00000e+00
1.64100e+03 6.87760e-12 0.00000e+00
1.64200e+03 7.99299e-12 0.00000e+00
1.64300e+03 7.23562e-12 0.00000e+00
1.64400e+03 7.74839e-12 0.00000e+00
1.64500e+03 7.22046e-12 0.00000e+00
1.64600e+03 7.20974e-12 0.00000e+00
1.64700e+03 6.96035e-12 0.00000e+00
1.64800e+03 7.92378e-12 0.00000e+00
1.64900e+03 7.01582e-12 0.00000e+00
1.65000e+03 7.46273e-12 0.00000e+00
1.65100e+03 6.93558e-12 0.00000e+00
1.65200e+03 7.15631e-12 0.00000e+00
1.65300e+03 7.02919e-12 0.00000e+00
1.65400e+03 7.27915e-12 0.00000e+00
1.65500e+03 6.92774e-12 0.00000e+00
1.65600e+03 6.83085e-12 0.00000e+00
1.65700e+03 7.33660e-12 0.00000e+00
1.65800e+03 7.11325e-12 0.00000e+00
1.65900e+03 6.56119e-12 0.00000e+00
1.66000e+03 6.89947e-12 0.00000e+00
1.66100e+03 6.55509e-12 0.00000e+00
1.66200e+03 6.21506e-12 0.00000e+00
1.66300e+03 6.50860e-12 0.00000e+00
1.66400e+03 6.52345e-12 0.00000e+00
1.66500e+03 7.22731e-12 0.00000e+00
1.66600e+03 7.29288e-12 0.00000e+00
1.66700e+03 6.07847e-12 0.00000e+00
1.66800e+03 7.12291e-12 0.00000e+00
1.66900e+03 6.40760e-12 0.00000e+00
1.67000e+03 7.01581e-12 0.00000e+00
1.67100e+03 6.49581e-12 0.00000e+00
1.67200e+03 6.39176e-12 0.00000e+00
1.67300e+03 7.00440e-12 0.00000e+00
1.67400e+03 6.91851e-12 0.00000e+00
1.67500e+03 7.33973e-12 0.00000e+00
1.67600e+03 6.64513e-12 0.00000e+00
1.67700e+03 6.98029e-12 0.00000e+00
1.67800e+03 7.66546e-12 0.00000e+00
1.67900e+03 6.96225e-12 0.00000e+00
1.68000e+03 6.54502e-12 0.00000e+00
1.68100e+03 6.43828e-12 0.00000e+00
1.68200e+03 7.09611e-12 0.00000e+00
1.68300e+03 7.03756e-12 0.00000e+00
1.68400e+03 6.67342e-12 0.00000e+00
1.68500e+03 6.46974e-12 0.00000e+00
1.68600e+03 6.58820e-12 0.00000e+00
1.68700e+03 7.00458e-12 0.00000e+00
1.68800e+03 6.96184e-12 0.00000e+00
1.68900e+03 6.89814e-12 0.00000e+00
1.69000e+03 6.07149e-12 0.00000e+00
1.69100e+03 6.48429e-12 0.00000e+00
1.69200e+03 6.92623e-12 0.00000e+00
1.69300e+03 6.31151e-12 0.00000e+00
1.69400e+03 6.36952e-12 0.00000e+00
1.69500e+03 7.14553e-12 0.00000e+00
1.69600e+03 6.27745e-12 0.00000e+00
1.69700e+03 6.57471e-12 0.00000e+00
1.69800e+03 6.53290e-12 0.00000e+00
1.69900e+03 6.40845e-12 0.00000e+00
1.70000e+03 6.07863e-12 0.00000e+00
1.70100e+03 6.52209e-12 0.00000e+00
1.70200e+03 6.67620e-12 0.00000e+00
1.70300e+03 6.84124e-12 0.00000e+00
1.70400e+03 7.04589e-12 0.00000e+00
1.70500e+03 6.10901e-12 0.00000e+00
1.70600e+03 6.34620e-12 0.00000e+00
1.70700e+03 7.15802e-12 0.00000e+00
1.70800e+03 6.44790e-12 0.00000e+00
1.70900e+03 5.74445e-12 0.00000e+00
1.71000e+03 6.28863e-12 0.00000e+00
1.71100e+03 6.40335e-12 0.00000e+00
1.71200e+03 6.46599e-12 0.00000e+00
1.71300e+03 6.85175e-12 0.00000e+00
1.71400e+03 5.89549e-12 0.00000e+00
1.71500e+03 6.43451e-12 0.00000e+00
1.71600e+03 6.77591e-12 0.00000e+00
1.71700e+03 6.10160e-12 0.00000e+00
1.71800e+03 6.82876e-12 0.00000e+00
1.71900e+03 6.24728e-12 0.00000e+00
1.72000e+03 6.73129e-12 0.00000e+00
1.72100e+03 6.17253e-12 0.00000e+00
1.72200e+03 6.80951e-12 0.00000e+00
1.72300e+03 6.36384e-12 0.00000e+00
1.72400e+03 6.49638e-12 0.00000e+00
1.72500e+03 6.23508e-12 0.00000e+00
1.72600e+03 6.23968e-12 0.00000e+00
1.72700e+03 6.64678e-12 0.00000e+00
1.72800e+03 6.19242e-12 0.00000e+00
1.72900e+03 6.66399e-12 0.00000e+00
1.73000e+03 6.34039e-12 0.00000e+00
1.73100e+03 5.77421e-12 0.00000e+00
1.73200e+03 6.30878e-12 0.00000e+00
1.73300e+03 6.10143e-12 0.00000e+00
1.73400e+03 6.28920e-12 0.00000e+00
1.73500e+03 6.56599e-12 0.00000e+00
1.73600e+03 5.77492e-12 0.00000e+00
1.73700e+03 6.67683e-12 0.00000e+00
1.73800e+03 6.39172e-12 0.00000e+00
1.73900e+03 6.22941e-12 0.00000e+00
1.74000e+03 6.17443e-12 0.00000e+00
1.74100e+03 6.04375e-12 0.00000e+00
1.74200e+03 5.58430e-12 0.00000e+00
1.74300e+03 6.13696e-12 0.00000e+00
1.74400e+03 6.82043e-12 0.00000e+00
1.74500e+03 6.56331e-12 0.00000e+00
1.74600e+03 6.48613e-12 0.00000e+00
1.74700e+03 5.78614e-12 0.00000e+00
1.74800e+03 6.35449e-12 0.00000e+00
1.74900e+03 5.90152e-12 0.00000e+00
1.75000e+03 5.66063e-12 0.00000e+00
1.75100e+03 5.85114e-12 0.00000e+00
1.75200e+03 6.83924e-12 0.00000e+00
1.75300e+03 6.57301e-12 0.00000e+00
1.75400e+03 6.14928e-12 0.00000e+00
1.75500e+03 6.55757e-12 0.00000e+00
1.75600e+03 6.39072e-12 0.00000e+00
1.75700e+03 6.10560e-12 0.00000e+00
1.75800e+03 6.60361e-12 0.00000e+00
1.75900e+03 6.43575e-12 0.00000e+00
1.76000e+03 5.88342e-12 0.00000e+00
1.76100e+03 7.08376e-12 0.00000e+00
1.76200e+03 6.34156e-12 0.00000e+00
1.76300e+03 5.93452e-12 0.00000e+00
1.76400e+03 6.21890e-12 0.00000e+00
1.76500e+03 7.14235e-12 0.00000e+00
1.76600e+03 6.07346e-12 0.00000e+00
1.76700e+03 6.21846e-12 0.00000e+00
1.76800e+03 6.20707e-12 0.00000e+00
1.76900e+03 5.82104e-12 0.00000e+00
1.77000e+03 5.40545e-12 0.00000e+00
1.77100e+03 5.43386e-12 0.00000e+00
1.77200e+03 5.66784e-12 0.00000e+00
1.77300e+03 6.61036e-12 0.00000e+00
1.77400e+03 5.64552e-12 0.00000e+00
1.77500e+03 5.81166e-12 0.00000e+00
1.77600e+03 6.17985e-12 0.00000e+00
1.77700e+03 6.78569e-12 0.00000e+00
1.77800e+03 5.86575e-12 0.00000e+00
1.77900e+03 6.07610e-12 0.00000e+00
1.78000e+03 5.83236e-12 0.00000e+00
1.78100e+03 5.70638e-12 0.00000e+00
1.78200e+03 5.56641e-12 0.00000e+00
1.78300e+03 6.13987e-12 0.00000e+00
1.78400e+03 5.89893e-12 0.00000e+00
1.78500e+03 6.39476e-12 0.00000e+00
1.78600e+03 6.40177e-12 0.00000e+00
1.78700e+03 5.27741e-12 0.00000e+00
1.78800e+03 5.59338e-12 0.00000e+00
1.78900e+03 6.00572e-12 0.00000e+00
1.79000e+03 5.06847e-12 0.00000e+00
1.79100e+03 5.65659e-12 0.00000e+00
1.79200e+03 5.76620e-12 0.00000e+00
1.79300e+03 5.32306e-12 0.00000e+00
1.79400e+03 5.62037e-12 0.00000e+00
1.79500e+03 5.80046e-12 0.00000e+00
1.79600e+03 5.43245e-12 0.00000e+00
1.79700e+03 5.46884e-12 0.00000e+00
1.79800e+03 5.96904e-12 0.00000e+00
1.79900e+03 5.61289e-12 0.00000e+00
1.80000e+03 5.69134e-12 0.00000e+00
1.80100e+03 5.77183e-12 0.00000e+00
1.80200e+03 5.52448e-12 0.00000e+00
1.80300e+03 5.67342e-12 0.00000e+00
1.80400e+03 5.90972e-12 0.00000e+00
1.80500e+03 5.33607e-12 0.00000e+00
1.80600e+03 5.66486e-12 0.00000e+00
1.80700e+03 5.60008e-12 0.00000e+00
1.80800e+03 5.06610e-12 0.00000e+00
1.80900e+03 5.38972e-12 0.00000e+00
1.81000e+03 5.46362e-12 0.00000e+00
1.81100e+03 5.41113e-12 0.00000e+00
1.81200e+03 5.79541e-12 0.00000e+00
1.81300e+03 5.14133e-12 0.00000e+00
1.81400e+03 5.77724e-12 0.00000e+00
1.81500e+03 5.07411e-12 0.00000e+00
1.81600e+03 5.24326e-12 0.00000e+00
1.81700e+03 5.84696e-12 0.00000e+00
1.81800e+03 5.48384e-12 0.00000e+00
1.81900e+03 5.37706e-12 0.00000e+00
1.82000e+03 5.77164e-12 0.00000e+00
1.82100e+03 5.66043e-12 0.00000e+00
1.82200e+03 5.73443e-12 0.00000e+00
1.82300e+03 5.52318e-12 0.00000e+00
1.82400e+03 5.61546e-12 0.00000e+00
1.82500e+03 6.00252e-12 0.00000e+00
1.82600e+03 5.50773e-12 0.00000e+00
1.82700e+03 5.17281e-12 0.00000e+00
1.82800e+03 5.57330e-12 0.00000e+00
1.82900e+03 5.57245e-12 0.00000e+00
1.83000e+03 5.20193e-12 0.00000e+00
1.83100e+03 5.30833e-12 0.00000e+00
1.83200e+03 5.22503e-12 0.00000e+00
1.83300e+03 5.24419e-12 0.00000e+00
1.83400e+03 5.81526e-12 0.00000e+00
1.83500e+03 5.62559e-12 0.00000e+00
1.83600e+03 5.29647e-12 0.00000e+00
1.83700e+03 5.57239e-12 0.00000e+00
1.83800e+03 5.44392e-12 0.00000e+00
1.83900e+03 5.59021e-12 0.00000e+00
1.84000e+03 5.37803e-12 0.00000e+00
1.84100e+03 5.57447e-12 0.00000e+00
1.84200e+03 5.45743e-12 0.00000e+00
1.84300e+03 5.22022e-12 0.00000e+00
1.84400e+03 5.24003e-12 0.00000e+00
1.84500e+03 4.67788e-12 0.00000e+00
1.84600e+03 4.80317e-12 0.00000e+00
1.84700e+03 5.34679e-12 0.00000e+00
1.84800e+03 5.22592e-12 0.00000e+00
1.84900e+03 5.69950e-12 0.00000e+00
1.85000e+03 5.41892e-12 0.00000e+00
1.85100e+03 5.01105e-12 0.00000e+00
1.85200e+03 5.01768e-12 0.00000e+00
1.85300e+03 5.24034e-12 0.00000e+00
1.85400e+03 5.05217e-12 0.00000e+00
1.85500e+03 5.83957e-12 0.00000e+00
1.85600e+03 5.15785e-12 0.00000e+00
1.85700e+03 4.90424e-12 0.00000e+00
1.85800e+03 4.92447e-12 0.00000e+00
1.85900e+03 5.52919e-12 0.00000e+00
1.86000e+03 4.87443e-12 0.00000e+00
1.86100e+03 5.09558e-12 0.00000e+00
1.86200e+03 5.25571e-12 0.00000e+00
1.86300e+03 5.02460e-12 0.00000e+00
1.86400e+03 5.85097e-12 0.00000e+00
1.86500e+03 5.29488e-12 0.00000e+00
1.86600e+03 5.40319e-12 0.00000e+00
1.86700e+03 5.42430e-12 0.00000e+00
1.86800e+03 5.08771e-12 0.00000e+00
1.86900e+03 4.87145e-12 0.00000e+00
1.87000e+03 4.88854e-12 0.00000e+00
1.87100e+03 4.82129e-12 0.00000e+00
1.87200e+03 4.68691e-12 0.00000e+00
1.87300e+03 5.61992e-12 0.00000e+00
1.87400e+03 5.23933e-12 0.00000e+00
1.87500e+03 4.93738e-12 0.00000e+00
1.87600e+03 4.96431e-12 0.00000e+00
1.87700e+03 5.23592e-12 0.00000e+00
1.87800e+03 5.28029e-12 0.00000e+00
1.87900e+03 4.68175e-12 0.00000e+00
1.88000e+03 5.14690e-12 0.00000e+00
1.88100e+03 5.15476e-12 0.00000e+00
1.88200e+03 4.88936e-12 0.00000e+00
1.88300e+03 5.65215e-12 0.00000e+00
1.88400e+03 5.12190e-12 0.00000e+00
1.88500e+03 4.99072e-12 0.00000e+00
1.88600e+03 4.96403e-12 0.00000e+00
1.88700e+03 5.39117e-12 0.00000e+00
1.88800e+03 4.81963e-12 0.00000e+00
1.88900e+03 5.41103e-12 0.00000e+00
1.89000e+03 4.81642e-12 0.00000e+00
1.89100e+03 4.86744e-12 0.00000e+00
1.89200e+03 4.57121e-12 0.00000e+00
1.89300e+03 4.80877e-12 0.00000e+00
1.89400e+03 5.04403e-12 0.00000e+00
1.89500e+03 4.68860e-12 0.00000e+00
1.89600e+03 4.90110e-12 0.00000e+00
1.89700e+03 4.99922e-12 0.00000e+00
1.89800e+03 4.95061e-12 0.00000e+00
1.89900e+03 4.51560e-12 0.00000e+00
1.90000e+03 4.40584e-12 0.00000e+00
1.90100e+03 4.20513e-12 0.00000e+00
1.90200e+03 5.40956e-12 0.00000e+00
1.90300e+03 5.24287e-12 0.00000e+00
1.90400e+03 4.92414e-12 0.00000e+00
1.90500e+03 4.65387e-12 0.00000e+00
1.90600e+03 4.57708e-12 0.00000e+00
1.90700e+03 4.62570e-12 0.00000e+00
1.90800e+03 4.85439e-12 0.00000e+00
1.90900e+03 4.78883e-12 0.00000e+00
1.91000e+03 4.67020e-12 0.00000e+00
1.91100e+03 4.33637e-12 0.00000e+00
1.91200e+03 4.87294e-12 0.00000e+00
1.91300e+03 4.75796e-12 0.00000e+00
1.91400e+03 4.81877e-12 0.00000e+00
1.91500e+03 4.43400e-12 0.00000e+00
1.91600e+03 4.99160e-12 0.00000e+00
1.91700e+03 4.77768e-12 0.00000e+00
1.91800e+03 4.43537e-12 0.00000e+00
1.91900e+03 4.67275e-12 0.00000e+00
1.92000e+03 4.86454e-12 0.00000e+00
1.92100e+03 4.75851e-12 0.00000e+00
1.92200e+03 4.89647e-12 0.00000e+00
1.92300e+03 4.45980e-12 0.00000e+00
1.92400e+03 4.61000e-12 0.00000e+00
1.92500e+03 4.57749e-12 0.00000e+00
1.92600e+03 4.35930e-12 0.00000e+00
1.92700e+03 4.87420e-12 0.00000e+00
1.92800e+03 4.48990e-12 0.00000e+00
1.92900e+03 4.82552e-12 0.00000e+00
1.93000e+03 4.65517e-12 0.00000e+00
1.93100e+03 4.43402e-12 0.00000e+00
1.93200e+03 4.44277e-12 0.00000e+00
1.93300e+03 4.43506e-12 0.00000e+00
1.93400e+03 4.32319e-12 0.00000e+00
1.93500e+03 4.38891e-12 0.00000e+00
1.93600e+03 5.01418e-12 0.00000e+00
1.93700e+03 5.03718e-12 0.00000e+00
1.93800e+03 4.39780e-12 0.00000e+00
1.93900e+03 4.56725e-12 0.00000e+00
1.94000e+03 4.32133e-12 0.00000e+00
1.94100e+03 4.97022e-12 0.00000e+00
1.94200e+03 4.50892e-12 0.00000e+00
1.94300e+03 4.52388e-12 0.00000e+00
1.94400e+03 4.48902e-12 0.00000e+00
1.94500e+03 4.64210e-12 0.00000e+00
1.94600e+03 4.33572e-12 0.00000e+00
1.94700e+03 4.48571e-12 0.00000e+00
1.94800e+03 4.62024e-12 0.00000e+00
1.94900e+03 4.80153e-12 0.00000e+00
1.95000e+03 4.33315e-12 0.00000e+00
1.95100e+03 4.80919e-12 0.00000e+00
1.95200e+03 4.88156e-12 0.00000e+00
1.95300e+03 4.64508e-12 0.00000e+00
1.95400e+03 4.15589e-12 0.00000e+00
1.95500e+03 4.64567e-12 0.00000e+00
1.95600e+03 4.32746e-12 0.00000e+00
1.95700e+03 4.36765e-12 0.00000e+00
1.95800e+03 4.31960e-12 0.00000e+00
1.95900e+03 4.09246e-12 0.00000e+00
1.96000e+03 4.50892e-12 0.00000e+00
1.96100e+03 4.32745e-12 0.00000e+00
1.96200e+03 3.99611e-12 0.00000e+00
1.96300e+03 4.85154e-12 0.00000e+00
1.96400e+03 4.14594e-12 0.00000e+00
1.96500e+03 4.68855e-12 0.00000e+00
1.96600e+03 4.43734e-12 0.00000e+00
1.96700e+03 4.30303e-12 0.00000e+00
1.96800e+03 4.31003e-12 0.00000e+00
1.96900e+03 4.29396e-12 0.00000e+00
1.97000e+03 4.14860e-12 0.00000e+00
1.97100e+03 4.28828e-12 0.00000e+00
1.97200e+03 4.29288e-12 0.00000e+00
1.97300e+03 4.09034e-12 0.00000e+00
1.97400e+03 4.17797e-12 0.00000e+00
1.97500e+03 4.20882e-12 0.00000e+00
1.97600e+03 4.18021e-12 0.00000e+00
1.97700e+03 4.53602e-12 0.00000e+00
1.97800e+03 4.09537e-12 0.00000e+00
1.97900e+03 4.42007e-12 0.00000e+00
1.98000e+03 4.25848e-12 0.00000e+00
1.98100e+03 4.14815e-12 0.00000e+00
1.98200e+03 4.17743e-12 0.00000e+00
1.98300e+03 4.11382e-12 0.00000e+00
1.98400e+03 3.92521e-12 0.00000e+00
1.98500e+03 4.28764e-12 0.00000e+00
1.98600e+03 4.23573e-12 0.00000e+00
1.98700e+03 4.34922e-12 0.00000e+00
1.98800e+03 4.37616e-12 0.00000e+00
1.98900e+03 4.07261e-12 0.00000e+00
1.99000e+03 4.21437e-12 0.00000e+00
1.99100e+03 4.42711e-12 0.00000e+00
1.99200e+03 4.20763e-12 0.00000e+00
1.99300e+03 4.20686e-12 0.00000e+00
1.99400e+03 4.33061e-12 0.00000e+00
1.99500e+03 3.87327e-12 0.00000e+00
1.99600e+03 4.05182e-12 0.00000e+00
1.99700e+03 3.96755e-12 0.00000e+00
1.99800e+03 4.05246e-12 0.00000e+00
1.99900e+03 4.10761e-12 0.00000e+00
2.00000e+03 4.11938e-12 0.00000e+00
