0.00000e+00 0.00000e+00 0.00000e+00
1.00000e+00 0.00000e+00 0.00000e+00
2.00000e+00 0.00000e+00 0.00000e+00
3.00000e+00 0.00000e+00 0.00000e+00
4.00000e+00 0.00000e+00 0.00000e+00
5.00000e+00 0.00000e+00 0.00000e+00
6.00000e+00 0.00000e+00 0.00000e+00
7.00000e+00 0.00000e+00 0.00000e+00
8.00000e+00 0.00000e+00 0.00000e+00
9.00000e+00 0.00000e+00 0.00000e+00
1.00000e+01 0.00000e+00 0.00000e+00
1.10000e+01 0.00000e+00 0.00000e+00
1.20000e+01 0.00000e+00 0.00000e+00
1.30000e+01 0.00000e+00 0.00000e+00
1.40000e+01 0.00000e+00 0.00000e+00
1.50000e+01 0.00000e+00 0.00000e+00
1.60000e+01 0.00000e+00 0.00000e+00
1.70000e+01 0.00000e+00 0.00000e+00
1.80000e+01 0.00000e+00 0.00000e+00
1.90000e+01 0.00000e+00 0.00000e+00
2.00000e+01 0.00000e+00 0.00000e+00
2.10000e+01 0.00000e+00 0.00000e+00
2.20000e+01 0.00000e+00 0.00000e+00
2.30000e+01 0.00000e+00 0.00000e+00
2.40000e+01 0.00000e+00 0.00000e+00
2.50000e+01 0.00000e+00 0.00000e+00
2.60000e+01 0.00000e+00 0.00000e+00
2.70000e+01 0.00000e+00 0.00000e+00
2.80000e+01 0.00000e+00 0.00000e+00
2.90000e+01 0.00000e+00 0.00000e+00
3.00000e+01 0.00000e+00 0.00000e+00
3.10000e+01 0.00000e+00 0.00000e+00
3.20000e+01 0.00000e+00 0.00000e+00
3.30000e+01 0.00000e+00 0.00000e+00
3.40000e+01 0.00000e+00 0.00000e+00
3.50000e+01 0.00000e+00 0.00000e+00
3.60000e+01 0.00000e+00 0.00000e+00
3.70000e+01 0.00000e+00 0.00000e+00
3.80000e+01 0.00000e+00 0.00000e+00
3.90000e+01 0.00000e+00 0.00000e+00
4.00000e+01 0.00000e+00 0.00000e+00
4.10000e+01 0.00000e+00 0.00000e+00
4.20000e+01 0.00000e+00 0.00000e+00
4.30000e+01 0.00000e+00 0.00000e+00
4.40000e+01 0.00000e+00 0.00000e+00
4.50000e+01 0.00000e+00 0.00000e+00
4.60000e+01 0.00000e+00 0.00000e+00
4.70000e+01 0.00000e+00 0.00000e+00
4.80000e+01 0.00000e+00 0.00000e+00
4.90000e+01 0.00000e+00 0.00000e+00
5.00000e+01 0.00000e+00 0.00000e+00
5.10000e+01 0.00000e+00 0.00000e+00
5.20000e+01 0.00000e+00 0.00000e+00
5.30000e+01 0.00000e+00 0.00000e+00
5.40000e+01 0.00000e+00 0.00000e+00
5.50000e+01 0.00000e+00 0.00000e+00
5.60000e+01 0.00000e+00 0.00000e+00
5.70000e+01 0.00000e+00 0.00000e+00
5.80000e+01 0.00000e+00 0.00000e+00
5.90000e+01 0.00000e+00 0.00000e+00
6.00000e+01 0.00000e+00 0.00000e+00
6.10000e+01 0.00000e+00 0.00000e+00
6.20000e+01 0.00000e+00 0.00000e+00
6.30000e+01 0.00000e+00 0.00000e+00
6.40000e+01 0.00000e+00 0.00000e+00
6.50000e+01 0.00000e+00 0.00000e+00
6.60000e+01 0.00000e+00 0.00000e+00
6.70000e+01 0.00000e+00 0.00000e+00
6.80000e+01 0.00000e+00 0.00000e+00
6.90000e+01 0.00000e+00 0.00000e+00
7.00000e+01 0.00000e+00 0.00000e+00
7.10000e+01 0.00000e+00 0.00000e+00
7.20000e+01 0.00000e+00 0.00000e+00
7.30000e+01 0.00000e+00 0.00000e+00
7.40000e+01 0.00000e+00 0.00000e+00
7.50000e+01 0.00000e+00 0.00000e+00
7.60000e+01 0.00000e+00 0.00000e+00
7.70000e+01 0.00000e+00 0.00000e+00
7.80000e+01 0.00000e+00 0.00000e+00
7.90000e+01 0.00000e+00 0.00000e+00
8.00000e+01 0.00000e+00 0.00000e+00
8.10000e+01 0.00000e+00 0.00000e+00
8.20000e+01 0.00000e+00 0.00000e+00
8.30000e+01 0.00000e+00 0.00000e+00
8.40000e+01 0.00000e+00 0.00000e+00
8.50000e+01 0.00000e+00 0.00000e+00
8.60000e+01 0.00000e+00 0.00000e+00
8.70000e+01 0.00000e+00 0.00000e+00
8.80000e+01 0.00000e+00 0.00000e+00
8.90000e+01 0.00000e+00 0.00000e+00
9.00000e+01 0.00000e+00 0.00000e+00
9.10000e+01 0.00000e+00 0.00000e+00
9.20000e+01 0.00000e+00 0.00000e+00
9.30000e+01 0.00000e+00 0.00000e+00
9.40000e+01 0.00000e+00 0.00000e+00
9.50000e+01 0.00000e+00 0.00000e+00
9.60000e+01 0.00000e+00 0.00000e+00
9.70000e+01 0.00000e+00 0.00000e+00
9.80000e+01 0.00000e+00 0.00000e+00
9.90000e+01 0.00000e+00 0.00000e+00
1.00000e+02 5.58978e-11 0.00000e+00
1.01000e+02 6.83846e-11 0.00000e+00
1.02000e+02 6.17021e-11 0.00000e+00
1.03000e+02 5.12889e-11 0.00000e+00
1.04000e+02 5.27731e-11 0.00000e+00
1.05000e+02 5.72223e-11 0.00000e+00
1.06000e+02 6.30143e-11 0.00000e+00
1.07000e+02 6.16874e-11 0.00000e+00
1.08000e+02 6.05818e-11 0.00000e+00
1.09000e+02 6.89805e-11 0.00000e+00
1.10000e+02 6.69792e-11 0.00000e+00
1.11000e+02 6.73673e-11 0.00000e+00
1.12000e+02 5.68223e-11 0.00000e+00
1.13000e+02 8.37173e-11 0.00000e+00
1.14000e+02 6.43621e-11 0.00000e+00
1.15000e+02 7.12381e-11 0.00000e+00
1.16000e+02 5.83848e-11 0.00000e+00
1.17000e+02 5.79113e-11 0.00000e+00
1.18000e+02 4.43283e-11 0.00000e+00
1.19000e+02 5.58076e-11 0.00000e+00
1.20000e+02 6.28761e-11 0.00000e+00
1.21000e+02 5.81270e-11 0.00000e+00
1.22000e+02 5.73587e-11 0.00000e+00
1.23000e+02 5.93935e-11 0.00000e+00
1.24000e+02 5.75488e-11 0.00000e+00
1.25000e+02 4.19342e-11 0.00000e+00
1.26000e+02 4.87137e-11 0.00000e+00
1.27000e+02 5.92232e-11 0.00000e+00
1.28000e+02 5.25245e-11 0.00000e+00
1.29000e+02 4.05029e-11 0.00000e+00
1.30000e+02 4.37536e-11 0.00000e+00
1.31000e+02 6.01716e-11 0.00000e+00
1.32000e+02 4.25270e-11 0.00000e+00
1.33000e+02 5.03205e-11 0.00000e+00
1.34000e+02 5.28080e-11 0.00000e+00
1.35000e+02 4.24897e-11 0.00000e+00
1.36000e+02 5.18829e-11 0.00000e+00
1.37000e+02 4.10563e-11 0.00000e+00
1.38000e+02 5.01540e-11 0.00000e+00
1.39000e+02 4.47264e-11 0.00000e+00
1.40000e+02 4.67142e-11 0.00000e+00
1.41000e+02 5.62752e-11 0.00000e+00
1.42000e+02 4.42698e-11 0.00000e+00
1.43000e+02 4.84537e-11 0.00000e+00
1.44000e+02 4.82816e-11 0.00000e+00
1.45000e+02 4.91768e-11 0.00000e+00
1.46000e+02 4.97075e-11 0.00000e+00
1.47000e+02 3.61457e-11 0.00000e+00
1.48000e+02 4.41350e-11 0.00000e+00
1.49000e+02 4.45001e-11 0.00000e+00
1.50000e+02 5.22086e-11 0.00000e+00
1.51000e+02 4.08564e-11 0.00000e+00
1.52000e+02 3.56048e-11 0.00000e+00
1.53000e+02 2.81223e-11 0.00000e+00
1.54000e+02 5.06675e-11 0.00000e+00
1.55000e+02 4.70201e-11 0.00000e+00
1.56000e+02 3.14867e-11 0.00000e+00
1.57000e+02 4.82142e-11 0.00000e+00
1.58000e+02 4.12173e-11 0.00000e+00
1.59000e+02 3.65555e-11 0.00000e+00
1.60000e+02 4.18876e-11 0.00000e+00
1.61000e+02 3.57782e-11 0.00000e+00
1.62000e+02 4.15648e-11 0.00000e+00
1.63000e+02 3.91175e-11 0.00000e+00
1.64000e+02 4.50685e-11 0.00000e+00
1.65000e+02 3.56602e-11 0.00000e+00
1.66000e+02 3.86523e-11 0.00000e+00
1.67000e+02 4.48476e-11 0.00000e+00
1.68000e+02 3.48934e-11 0.00000e+00
1.69000e+02 4.23681e-11 0.00000e+00
1.70000e+02 4.64495e-11 0.00000e+00
1.71000e+02 3.85669e-11 0.00000e+00
1.72000e+02 3.85012e-11 0.00000e+00
1.73000e+02 3.99804e-11 0.00000e+00
1.74000e+02 3.22943e-11 0.00000e+00
1.75000e+02 3.73859e-11 0.00000e+00
1.76000e+02 4.39954e-11 0.00000e+00
1.77000e+02 3.20721e-11 0.00000e+00
1.78000e+02 3.35833e-11 0.00000e+00
1.79000e+02 3.98861e-11 0.00000e+00
1.80000e+02 4.03813e-11 0.00000e+00
1.81000e+02 3.61834e-11 0.00000e+00
1.82000e+02 4.51347e-11 0.00000e+00
1.83000e+02 3.44504e-11 0.00000e+00
1.84000e+02 4.38893e-11 0.00000e+00
1.85000e+02 3.75958e-11 0.00000e+00
1.86000e+02 3.49207e-11 0.00000e+00
1.87000e+02 3.33449e-11 0.00000e+00
1.88000e+02 3.87875e-11 0.00000e+00
1.89000e+02 3.61121e-11 0.00000e+00
1.90000e+02 3.02756e-11 0.00000e+00
1.91000e+02 2.74103e-11 0.00000e+00
1.92000e+02 3.00209e-11 0.00000e+00
1.93000e+02 3.69139e-11 0.00000e+00
1.94000e+02 3.17307e-11 0.00000e+00
1.95000e+02 2.97987e-11 0.00000e+00
1.96000e+02 3.19902e-11 0.00000e+00
1.97000e+02 2.71526e-11 0.00000e+00
1.98000e+02 3.65256e-11 0.00000e+00
1.99000e+02 3.15245e-11 0.00000e+00
2.00000e+02 3.17503e-11 0.00000e+00
2.01000e+02 3.18991e-11 0.00000e+00
2.02000e+02 2.75333e-11 0.00000e+00
2.03000e+02 3.38018e-11 0.00000e+00
2.04000e+02 3.17178e-11 0.00000e+00
2.05000e+02 2.65567e-11 0.00000e+00
2.06000e+02 4.02983e-11 0.00000e+00
2.07000e+02 2.74559e-11 0.00000e+00
2.08000e+02 3.04124e-11 0.00000e+00
2.09000e+02 2.46888e-11 0.00000e+00
2.10000e+02 3.85105e-11 0.00000e+00
2.11000e+02 2.62555e-11 0.00000e+00
2.12000e+02 3.22871e-11 0.00000e+00
2.13000e+02 2.81266e-11 0.00000e+00
2.14000e+02 3.03716e-11 0.00000e+00
2.15000e+02 2.81928e-11 0.00000e+00
2.16000e+02 3.41759e-11 0.00000e+00
2.17000e+02 3.27827e-11 0.00000e+00
2.18000e+02 3.55014e-11 0.00000e+00
2.19000e+02 3.18204e-11 0.00000e+00
2.20000e+02 2.65224e-11 0.00000e+00
2.21000e+02 3.13819e-11 0.00000e+00
2.22000e+02 3.22917e-11 0.00000e+00
2.23000e+02 2.60379e-11 0.00000e+00
2.24000e+02 3.15505e-11 0.00000e+00
2.25000e+02 3.16755e-11 0.00000e+00
2.26000e+02 3.10764e-11 0.00000e+00
2.27000e+02 3.08038e-11 0.00000e+00
2.28000e+02 2.78736e-11 0.00000e+00
2.29000e+02 3.28017e-11 0.00000e+00
2.30000e+02 3.06990e-11 0.00000e+00
2.31000e+02 3.09222e-11 0.00000e+00
2.32000e+02 2.91580e-11 0.00000e+00
2.33000e+02 2.70495e-11 0.00000e+00
2.34000e+02 3.07960e-11 0.00000e+00
2.35000e+02 2.61933e-11 0.00000e+00
2.36000e+02 2.76990e-11 0.00000e+00
2.37000e+02 2.30138e-11 0.00000e+00
2.38000e+02 2.63539e-11 0.00000e+00
2.39000e+02 3.05540e-11 0.00000e+00
2.40000e+02 2.64980e-11 0.00000e+00
2.41000e+02 3.23614e-11 0.00000e+00
2.42000e+02 3.14104e-11 0.00000e+00
2.43000e+02 2.63728e-11 0.00000e+00
2.44000e+02 2.58967e-11 0.00000e+00
2.45000e+02 3.19780e-11 0.00000e+00
2.46000e+02 3.05771e-11 0.00000e+00
2.47000e+02 2.43718e-11 0.00000e+00
2.48000e+02 2.78624e-11 0.00000e+00
2.49000e+02 2.95357e-11 0.00000e+00
2.50000e+02 2.68008e-11 0.00000e+00
2.51000e+02 3.05789e-11 0.00000e+00
2.52000e+02 2.42611e-11 0.00000e+00
2.53000e+02 2.23176e-11 0.00000e+00
2.54000e+02 2.68654e-11 0.00000e+00
2.55000e+02 2.76198e-11 0.00000e+00
2.56000e+02 2.71105e-11 0.00000e+00
2.57000e+02 2.57244e-11 0.00000e+00
2.58000e+02 2.50046e-11 0.00000e+00
2.59000e+02 2.68054e-11 0.00000e+00
2.60000e+02 3.05863e-11 0.00000e+00
2.61000e+02 2.71535e-11 0.00000e+00
2.62000e+02 2.17026e-11 0.00000e+00
2.63000e+02 2.95605e-11 0.00000e+00
2.64000e+02 2.63688e-11 0.00000e+00
2.65000e+02 2.53272e-11 0.00000e+00
2.66000e+02 2.50561e-11 0.00000e+00
2.67000e+02 2.71044e-11 0.00000e+00
2.68000e+02 2.35440e-11 0.00000e+00
2.69000e+02 2.54081e-11 0.00000e+00
2.70000e+02 2.71373e-11 0.00000e+00
2.71000e+02 2.51383e-11 0.00000e+00
2.72000e+02 2.19115e-11 0.00000e+00
2.73000e+02 2.72726e-11 0.00000e+00
2.74000e+02 2.72819e-11 0.00000e+00
2.75000e+02 2.62166e-11 0.00000e+00
2.76000e+02 2.12750e-11 0.00000e+00
2.77000e+02 2.11447e-11 0.00000e+00
2.78000e+02 2.53539e-11 0.00000e+00
2.79000e+02 2.39049e-11 0.00000e+00
2.80000e+02 2.26144e-11 0.00000e+00
2.81000e+02 2.67231e-11 0.00000e+00
2.82000e+02 2.38069e-11 0.00000e+00
2.83000e+02 2.07519e-11 0.00000e+00
2.84000e+02 2.43746e-11 0.00000e+00
2.85000e+02 2.81397e-11 0.00000e+00
2.86000e+02 2.78757e-11 0.00000e+00
2.87000e+02 2.56565e-11 0.00000e+00
2.88000e+02 2.54012e-11 0.00000e+00
2.89000e+02 2.10526e-11 0.00000e+00
2.90000e+02 2.82768e-11 0.00000e+00
2.91000e+02 2.35472e-11 0.00000e+00
2.92000e+02 2.32489e-11 0.00000e+00
2.93000e+02 2.00236e-11 0.00000e+00
2.94000e+02 2.46113e-11 0.00000e+00
2.95000e+02 2.51519e-11 0.00000e+00
2.96000e+02 2.56418e-11 0.00000e+00
2.97000e+02 2.26838e-11 0.00000e+00
2.98000e+02 2.57979e-11 0.00000e+00
2.99000e+02 2.44521e-11 0.00000e+00
3.00000e+02 2.13227e-11 0.00000e+00
3.01000e+02 2.23538e-11 0.00000e+00
3.02000e+02 2.61863e-11 0.00000e+00
3.03000e+02 2.20697e-11 0.00000e+00
3.04000e+02 2.50251e-11 0.00000e+00
3.05000e+02 2.16027e-11 0.00000e+00
3.06000e+02 2.66356e-11 0.00000e+00
3.07000e+02 2.37267e-11 0.00000e+00
3.08000e+02 2.45428e-11 0.00000e+00
3.09000e+02 2.59953e-11 0.00000e+00
3.10000e+02 2.80535e-11 0.00000e+00
3.11000e+02 1.83712e-11 0.00000e+00
3.12000e+02 2.31164e-11 0.00000e+00
3.13000e+02 2.38207e-11 0.00000e+00
3.14000e+02 1.93230e-11 0.00000e+00
3.15000e+02 2.19648e-11 0.00000e+00
3.16000e+02 2.24933e-11 0.00000e+00
3.17000e+02 1.93437e-11 0.00000e+00
3.18000e+02 2.21658e-11 0.00000e+00
3.19000e+02 2.04591e-11 0.00000e+00
3.20000e+02 2.07758e-11 0.00000e+00
3.21000e+02 2.36147e-11 0.00000e+00
3.22000e+02 2.40378e-11 0.00000e+00
3.23000e+02 2.46798e-11 0.00000e+00
3.24000e+02 2.00796e-11 0.00000e+00
3.25000e+02 1.99168e-11 0.00000e+00
3.26000e+02 2.07932e-11 0.00000e+00
3.27000e+02 2.34391e-11 0.00000e+00
3.28000e+02 2.08994e-11 0.00000e+00
3.29000e+02 2.05419e-11 0.00000e+00
3.30000e+02 1.96109e-11 0.00000e+00
3.31000e+02 2.48703e-11 0.00000e+00
3.32000e+02 1.83180e-11 0.00000e+00
3.33000e+02 2.02369e-11 0.00000e+00
3.34000e+02 2.47291e-11 0.00000e+00
3.35000e+02 2.14738e-11 0.00000e+00
3.36000e+02 2.44297e-11 0.00000e+00
3.37000e+02 2.58836e-11 0.00000e+00
3.38000e+02 1.81948e-11 0.00000e+00
3.39000e+02 2.13541e-11 0.00000e+00
3.40000e+02 2.08376e-11 0.00000e+00
3.41000e+02 2.20806e-11 0.00000e+00
3.42000e+02 1.89204e-11 0.00000e+00
3.43000e+02 2.09464e-11 0.00000e+00
3.44000e+02 2.13103e-11 0.00000e+00
3.45000e+02 2.06726e-11 0.00000e+00
3.46000e+02 2.35531e-11 0.00000e+00
3.47000e+02 1.55025e-11 0.00000e+00
3.48000e+02 1.98283e-11 0.00000e+00
3.49000e+02 2.01858e-11 0.00000e+00
3.50000e+02 2.00115e-11 0.00000e+00
3.51000e+02 2.01517e-11 0.00000e+00
3.52000e+02 2.32137e-11 0.00000e+00
3.53000e+02 2.02984e-11 0.00000e+00
3.54000e+02 2.03467e-11 0.00000e+00
3.55000e+02 1.98371e-11 0.00000e+00
3.56000e+02 2.20682e-11 0.00000e+00
3.57000e+02 1.75970e-11 0.00000e+00
3.58000e+02 2.25358e-11 0.00000e+00
3.59000e+02 1.87532e-11 0.00000e+00
3.60000e+02 1.88322e-11 0.00000e+00
3.61000e+02 1.95025e-11 0.00000e+00
3.62000e+02 2.19248e-11 0.00000e+00
3.63000e+02 2.00025e-11 0.00000e+00
3.64000e+02 1.71972e-11 0.00000e+00
3.65000e+02 1.86692e-11 0.00000e+00
3.66000e+02 1.99102e-11 0.00000e+00
3.67000e+02 2.08149e-11 0.00000e+00
3.68000e+02 2.29874e-11 0.00000e+00
3.69000e+02 2.02777e-11 0.00000e+00
3.70000e+02 1.96520e-11 0.00000e+00
3.71000e+02 1.88571e-11 0.00000e+00
3.72000e+02 2.17455e-11 0.00000e+00
3.73000e+02 1.88827e-11 0.00000e+00
3.74000e+02 2.09173e-11 0.00000e+00
3.75000e+02 2.03698e-11 0.00000e+00
3.76000e+02 2.01955e-11 0.00000e+00
3.77000e+02 1.87550e-11 0.00000e+00
3.78000e+02 2.06887e-11 0.00000e+00
3.79000e+02 1.61542e-11 0.00000e+00
3.80000e+02 2.06236e-11 0.00000e+00
3.81000e+02 1.72480e-11 0.00000e+00
3.82000e+02 2.01148e-11 0.00000e+00
3.83000e+02 2.30012e-11 0.00000e+00
3.84000e+02 1.87102e-11 0.00000e+00
3.85000e+02 1.78242e-11 0.00000e+00
3.86000e+02 1.78445e-11 0.00000e+00
3.87000e+02 1.98084e-11 0.00000e+00
3.88000e+02 1.83605e-11 0.00000e+00
3.89000e+02 1.80069e-11 0.00000e+00
3.90000e+02 1.88379e-11 0.00000e+00
3.91000e+02 1.68281e-11 0.00000e+00
3.92000e+02 2.22556e-11 0.00000e+00
3.93000e+02 1.90061e-11 0.00000e+00
3.94000e+02 1.59936e-11 0.00000e+00
3.95000e+02 1.76509e-11 0.00000e+00
3.96000e+02 1.96271e-11 0.00000e+00
3.97000e+02 2.06792e-11 0.00000e+00
3.98000e+02 2.14463e-11 0.00000e+00
3.99000e+02 1.83002e-11 0.00000e+00
4.00000e+02 1.80508e-11 0.00000e+00
4.01000e+02 1.86488e-11 0.00000e+00
4.02000e+02 1.84346e-11 0.00000e+00
4.03000e+02 1.97444e-11 0.00000e+00
4.04000e+02 1.91093e-11 0.00000e+00
4.05000e+02 1.91509e-11 0.00000e+00
4.06000e+02 1.72376e-11 0.00000e+00
4.07000e+02 2.07906e-11 0.00000e+00
4.08000e+02 1.86059e-11 0.00000e+00
4.09000e+02 1.70428e-11 0.00000e+00
4.10000e+02 1.70069e-11 0.00000e+00
4.11000e+02 1.84624e-11 0.00000e+00
4.12000e+02 1.52055e-11 0.00000e+00
4.13000e+02 1.93906e-11 0.00000e+00
4.14000e+02 1.91310e-11 0.00000e+00
4.15000e+02 1.75228e-11 0.00000e+00
4.16000e+02 1.60062e-11 0.00000e+00
4.17000e+02 1.60721e-11 0.00000e+00
4.18000e+02 1.63657e-11 0.00000e+00
4.19000e+02 1.83852e-11 0.00000e+00
4.20000e+02 1.66861e-11 0.00000e+00
4.21000e+02 1.76236e-11 0.00000e+00
4.22000e+02 1.54931e-11 0.00000e+00
4.23000e+02 1.56066e-11 0.00000e+00
4.24000e+02 1.84805e-11 0.00000e+00
4.25000e+02 1.64257e-11 0.00000e+00
4.26000e+02 1.54979e-11 0.00000e+00
4.27000e+02 1.84754e-11 0.00000e+00
4.28000e+02 1.59469e-11 0.00000e+00
4.29000e+02 1.44122e-11 0.00000e+00
4.30000e+02 1.73785e-11 0.00000e+00
4.31000e+02 1.65273e-11 0.00000e+00
4.32000e+02 1.71832e-11 0.00000e+00
4.33000e+02 1.53590e-11 0.00000e+00
4.34000e+02 2.00139e-11 0.00000e+00
4.35000e+02 1.71818e-11 0.00000e+00
4.36000e+02 1.74048e-11 0.00000e+00
4.37000e+02 1.78873e-11 0.00000e+00
4.38000e+02 1.60051e-11 0.00000e+00
4.39000e+02 1.68734e-11 0.00000e+00
4.40000e+02 1.70362e-11 0.00000e+00
4.41000e+02 1.35917e-11 0.00000e+00
4.42000e+02 1.71831e-11 0.00000e+00
4.43000e+02 1.72726e-11 0.00000e+00
4.44000e+02 1.73006e-11 0.00000e+00
4.45000e+02 1.81231e-11 0.00000e+00
4.46000e+02 1.56170e-11 0.00000e+00
4.47000e+02 1.61590e-11 0.00000e+00
4.48000e+02 1.69125e-11 0.00000e+00
4.49000e+02 1.74506e-11 0.00000e+00
4.50000e+02 1.80123e-11 0.00000e+00
4.51000e+02 1.70417e-11 0.00000e+00
4.52000e+02 1.89136e-11 0.00000e+00
4.53000e+02 1.83824e-11 0.00000e+00
4.54000e+02 1.59237e-11 0.00000e+00
4.55000e+02 1.64838e-11 0.00000e+00
4.56000e+02 1.55759e-11 0.00000e+00
4.57000e+02 1.72781e-11 0.00000e+00
4.58000e+02 1.62110e-11 0.00000e+00
4.59000e+02 1.64009e-11 0.00000e+00
4.60000e+02 1.50316e-11 0.00000e+00
4.61000e+02 1.68489e-11 0.00000e+00
4.62000e+02 1.86097e-11 0.00000e+00
4.63000e+02 1.57851e-11 0.00000e+00
4.64000e+02 1.48984e-11 0.00000e+00
4.65000e+02 1.60666e-11 0.00000e+00
4.66000e+02 1.33533e-11 0.00000e+00
4.67000e+02 1.55781e-11 0.00000e+00
4.68000e+02 1.75995e-11 0.00000e+00
4.69000e+02 1.51476e-11 0.00000e+00
4.70000e+02 1.55706e-11 0.00000e+00
4.71000e+02 1.39309e-11 0.00000e+00
4.72000e+02 1.70961e-11 0.00000e+00
4.73000e+02 1.61565e-11 0.00000e+00
4.74000e+02 1.66135e-11 0.00000e+00
4.75000e+02 1.64311e-11 0.00000e+00
4.76000e+02 1.52317e-11 0.00000e+00
4.77000e+02 1.47693e-11 0.00000e+00
4.78000e+02 1.60427e-11 0.00000e+00
4.79000e+02 1.72178e-11 0.00000e+00
4.80000e+02 1.51575e-11 0.00000e+00
4.81000e+02 1.52071e-11 0.00000e+00
4.82000e+02 1.60586e-11 0.00000e+00
4.83000e+02 1.54475e-11 0.00000e+00
4.84000e+02 1.70133e-11 0.00000e+00
4.85000e+02 1.55805e-11 0.00000e+00
4.86000e+02 1.46652e-11 0.00000e+00
4.87000e+02 1.58282e-11 0.00000e+00
4.88000e+02 1.34418e-11 0.00000e+00
4.89000e+02 1.64606e-11 0.00000e+00
4.90000e+02 1.62047e-11 0.00000e+00
4.91000e+02 1.55079e-11 0.00000e+00
4.92000e+02 1.62812e-11 0.00000e+00
4.93000e+02 1.82666e-11 0.00000e+00
4.94000e+02 1.74642e-11 0.00000e+00
4.95000e+02 1.55050e-11 0.00000e+00
4.96000e+02 1.64652e-11 0.00000e+00
4.97000e+02 1.58514e-11 0.00000e+00
4.98000e+02 1.60176e-11 0.00000e+00
4.99000e+02 1.55245e-11 0.00000e+00
5.00000e+02 1.45883e-11 0.00000e+00
5.01000e+02 1.54805e-11 0.00000e+00
5.02000e+02 1.64237e-11 0.00000e+00
5.03000e+02 1.51044e-11 0.00000e+00
5.04000e+02 1.57271e-11 0.00000e+00
5.05000e+02 1.56729e-11 0.00000e+00
5.06000e+02 1.39103e-11 0.00000e+00
5.07000e+02 1.52566e-11 0.00000e+00
5.08000e+02 1.67970e-11 0.00000e+00
5.09000e+02 1.49824e-11 0.00000e+00
5.10000e+02 1.54559e-11 0.00000e+00
5.11000e+02 1.57068e-11 0.00000e+00
5.12000e+02 1.66659e-11 0.00000e+00
5.13000e+02 1.46681e-11 0.00000e+00
5.14000e+02 1.47255e-11 0.00000e+00
5.15000e+02 1.49291e-11 0.00000e+00
5.16000e+02 1.37916e-11 0.00000e+00
5.17000e+02 1.52484e-11 0.00000e+00
5.18000e+02 1.37272e-11 0.00000e+00
5.19000e+02 1.66582e-11 0.00000e+00
5.20000e+02 1.44278e-11 0.00000e+00
5.21000e+02 1.45706e-11 0.00000e+00
5.22000e+02 1.53005e-11 0.00000e+00
5.23000e+02 1.43828e-11 0.00000e+00
5.24000e+02 1.26800e-11 0.00000e+00
5.25000e+02 1.52152e-11 0.00000e+00
5.26000e+02 1.29221e-11 0.00000e+00
5.27000e+02 1.35870e-11 0.00000e+00
5.28000e+02 1.56770e-11 0.00000e+00
5.29000e+02 1.50132e-11 0.00000e+00
5.30000e+02 1.37772e-11 0.00000e+00
5.31000e+02 1.38457e-11 0.00000e+00
5.32000e+02 1.34655e-11 0.00000e+00
5.33000e+02 1.42188e-11 0.00000e+00
5.34000e+02 1.46096e-11 0.00000e+00
5.35000e+02 1.30874e-11 0.00000e+00
5.36000e+02 1.57525e-11 0.00000e+00
5.37000e+02 1.42902e-11 0.00000e+00
5.38000e+02 1.16652e-11 0.00000e+00
5.39000e+02 1.53032e-11 0.00000e+00
5.40000e+02 1.60407e-11 0.00000e+00
5.41000e+02 1.54250e-11 0.00000e+00
5.42000e+02 1.45941e-11 0.00000e+00
5.43000e+02 1.23666e-11 0.00000e+00
5.44000e+02 1.31005e-11 0.00000e+00
5.45000e+02 1.69234e-11 0.00000e+00
5.46000e+02 1.34246e-11 0.00000e+00
5.47000e+02 1.38394e-11 0.00000e+00
5.48000e+02 1.41567e-11 0.00000e+00
5.49000e+02 1.46219e-11 0.00000e+00
5.50000e+02 1.38375e-11 0.00000e+00
5.51000e+02 1.30293e-11 0.00000e+00
5.52000e+02 1.47634e-11 0.00000e+00
5.53000e+02 1.40444e-11 0.00000e+00
5.54000e+02 1.31071e-11 0.00000e+00
5.55000e+02 1.21293e-11 0.00000e+00
5.56000e+02 1.57627e-11 0.00000e+00
5.57000e+02 1.39287e-11 0.00000e+00
5.58000e+02 1.31201e-11 0.00000e+00
5.59000e+02 1.55137e-11 0.00000e+00
5.60000e+02 1.39623e-11 0.00000e+00
5.61000e+02 1.38160e-11 0.00000e+00
5.62000e+02 1.29348e-11 0.00000e+00
5.63000e+02 1.43987e-11 0.00000e+00
5.64000e+02 1.36874e-11 0.00000e+00
5.65000e+02 1.34151e-11 0.00000e+00
5.66000e+02 1.15398e-11 0.00000e+00
5.67000e+02 1.31955e-11 0.00000e+00
5.68000e+02 1.25501e-11 0.00000e+00
5.69000e+02 1.25026e-11 0.00000e+00
5.70000e+02 1.30819e-11 0.00000e+00
5.71000e+02 1.43844e-11 0.00000e+00
5.72000e+02 1.49455e-11 0.00000e+00
5.73000e+02 1.45874e-11 0.00000e+00
5.74000e+02 1.28473e-11 0.00000e+00
5.75000e+02 1.23341e-11 0.00000e+00
5.76000e+02 1.32239e-11 0.00000e+00
5.77000e+02 1.29255e-11 0.00000e+00
5.78000e+02 1.29198e-11 0.00000e+00
5.79000e+02 1.38202e-11 0.00000e+00
5.80000e+02 1.24616e-11 0.00000e+00
5.81000e+02 1.32100e-11 0.00000e+00
5.82000e+02 1.13899e-11 0.00000e+00
5.83000e+02 1.26647e-11 0.00000e+00
5.84000e+02 1.40211e-11 0.00000e+00
5.85000e+02 1.38925e-11 0.00000e+00
5.86000e+02 1.24367e-11 0.00000e+00
5.87000e+02 1.33939e-11 0.00000e+00
5.88000e+02 1.10843e-11 0.00000e+00
5.89000e+02 1.25829e-11 0.00000e+00
5.90000e+02 1.33939e-11 0.00000e+00
5.91000e+02 1.38786e-11 0.00000e+00
5.92000e+02 1.42319e-11 0.00000e+00
5.93000e+02 1.44064e-11 0.00000e+00
5.94000e+02 1.35457e-11 0.00000e+00
5.95000e+02 1.26678e-11 0.00000e+00
5.96000e+02 1.35605e-11 0.00000e+00
5.97000e+02 1.22708e-11 0.00000e+00
5.98000e+02 1.21191e-11 0.00000e+00
5.99000e+02 1.25375e-11 0.00000e+00
6.00000e+02 1.33977e-11 0.00000e+00
6.01000e+02 1.30206e-11 0.00000e+00
6.02000e+02 1.32316e-11 0.00000e+00
6.03000e+02 1.26295e-11 0.00000e+00
6.04000e+02 1.32070e-11 0.00000e+00
6.05000e+02 1.19329e-11 0.00000e+00
6.06000e+02 1.22926e-11 0.00000e+00
6.07000e+02 1.24777e-11 0.00000e+00
6.08000e+02 1.29848e-11 0.00000e+00
6.09000e+02 1.13224e-11 0.00000e+00
6.10000e+02 1.30391e-11 0.00000e+00
6.11000e+02 1.19333e-11 0.00000e+00
6.12000e+02 1.32912e-11 0.00000e+00
6.13000e+02 1.27829e-11 0.00000e+00
6.14000e+02 1.34545e-11 0.00000e+00
6.15000e+02 1.21895e-11 0.00000e+00
6.16000e+02 1.20750e-11 0.00000e+00
6.17000e+02 1.28795e-11 0.00000e+00
6.18000e+02 1.18063e-11 0.00000e+00
6.19000e+02 1.24421e-11 0.00000e+00
6.20000e+02 1.37744e-11 0.00000e+00
6.21000e+02 1.27161e-11 0.00000e+00
6.22000e+02 1.16472e-11 0.00000e+00
6.23000e+02 1.26334e-11 0.00000e+00
6.24000e+02 1.40230e-11 0.00000e+00
6.25000e+02 1.17182e-11 0.00000e+00
6.26000e+02 1.13301e-11 0.00000e+00
6.27000e+02 1.23752e-11 0.00000e+00
6.28000e+02 1.33194e-11 0.00000e+00
6.29000e+02 1.24917e-11 0.00000e+00
6.30000e+02 1.16022e-11 0.00000e+00
6.31000e+02 1.25684e-11 0.00000e+00
6.32000e+02 1.23201e-11 0.00000e+00
6.33000e+02 1.16430e-11 0.00000e+00
6.34000e+02 1.18874e-11 0.00000e+00
6.35000e+02 1.17481e-11 0.00000e+00
6.36000e+02 1.30753e-11 0.00000e+00
6.37000e+02 1.34136e-11 0.00000e+00
6.38000e+02 1.16404e-11 0.00000e+00
6.39000e+02 1.14916e-11 0.00000e+00
6.40000e+02 1.29372e-11 0.00000e+00
6.41000e+02 1.25499e-11 0.00000e+00
6.42000e+02 1.08685e-11 0.00000e+00
6.43000e+02 1.26730e-11 0.00000e+00
6.44000e+02 1.41993e-11 0.00000e+00
6.45000e+02 1.16450e-11 0.00000e+00
6.46000e+02 1.29846e-11 0.00000e+00
6.47000e+02 1.17675e-11 0.00000e+00
6.48000e+02 1.13242e-11 0.00000e+00
6.49000e+02 1.17605e-11 0.00000e+00
6.50000e+02 1.24820e-11 0.00000e+00
6.51000e+02 1.20701e-11 0.00000e+00
6.52000e+02 1.33910e-11 0.00000e+00
6.53000e+02 1.20445e-11 0.00000e+00
6.54000e+02 1.21201e-11 0.00000e+00
6.55000e+02 1.17201e-11 0.00000e+00
6.56000e+02 1.34780e-11 0.00000e+00
6.57000e+02 1.30307e-11 0.00000e+00
6.58000e+02 1.22128e-11 0.00000e+00
6.59000e+02 1.26533e-11 0.00000e+00
6.60000e+02 1.08393e-11 0.00000e+00
6.61000e+02 1.12401e-11 0.00000e+00
6.62000e+02 1.15193e-11 0.00000e+00
6.63000e+02 1.14645e-11 0.00000e+00
6.64000e+02 1.18024e-11 0.00000e+00
6.65000e+02 1.23245e-11 0.00000e+00
6.66000e+02 1.20145e-11 0.00000e+00
6.67000e+02 1.20357e-11 0.00000e+00
6.68000e+02 1.02946e-11 0.00000e+00
6.69000e+02 1.16173e-11 0.00000e+00
6.70000e+02 1.07970e-11 0.00000e+00
6.71000e+02 1.28432e-11 0.00000e+00
6.72000e+02 1.09140e-11 0.00000e+00
6.73000e+02 1.10160e-11 0.00000e+00
6.74000e+02 1.12966e-11 0.00000e+00
6.75000e+02 1.09252e-11 0.00000e+00
6.76000e+02 1.21387e-11 0.00000e+00
6.77000e+02 1.04629e-11 0.00000e+00
6.78000e+02 1.26939e-11 0.00000e+00
6.79000e+02 1.06599e-11 0.00000e+00
6.80000e+02 1.17343e-11 0.00000e+00
6.81000e+02 1.23097e-11 0.00000e+00
6.82000e+02 1.16999e-11 0.00000e+00
6.83000e+02 1.23381e-11 0.00000e+00
6.84000e+02 1.08035e-11 0.00000e+00
6.85000e+02 1.28539e-11 0.00000e+00
6.86000e+02 1.01102e-11 0.00000e+00
6.87000e+02 1.02657e-11 0.00000e+00
6.88000e+02 1.19770e-11 0.00000e+00
6.89000e+02 1.05773e-11 0.00000e+00
6.90000e+02 1.10443e-11 0.00000e+00
6.91000e+02 1.17680e-11 0.00000e+00
6.92000e+02 1.13354e-11 0.00000e+00
6.93000e+02 1.10003e-11 0.00000e+00
6.94000e+02 1.25353e-11 0.00000e+00
6.95000e+02 1.12667e-11 0.00000e+00
6.96000e+02 1.19993e-11 0.00000e+00
6.97000e+02 1.16340e-11 0.00000e+00
6.98000e+02 1.04285e-11 0.00000e+00
6.99000e+02 1.07540e-11 0.00000e+00
7.00000e+02 1.21830e-11 0.00000e+00
7.01000e+02 1.21786e-11 0.00000e+00
7.02000e+02 1.00871e-11 0.00000e+00
7.03000e+02 9.34391e-12 0.00000e+00
7.04000e+02 1.02868e-11 0.00000e+00
7.05000e+02 1.11988e-11 0.00000e+00
7.06000e+02 1.09526e-11 0.00000e+00
7.07000e+02 1.22236e-11 0.00000e+00
7.08000e+02 1.07459e-11 0.00000e+00
7.09000e+02 1.15285e-11 0.00000e+00
7.10000e+02 1.12151e-11 0.00000e+00
7.11000e+02 1.10455e-11 0.00000e+00
7.12000e+02 1.04903e-11 0.00000e+00
7.13000e+02 1.17123e-11 0.00000e+00
7.14000e+02 1.09687e-11 0.00000e+00
7.15000e+02 9.98352e-12 0.00000e+00
7.16000e+02 1.02503e-11 0.00000e+00
7.17000e+02 1.06603e-11 0.00000e+00
7.18000e+02 1.18165e-11 0.00000e+00
7.19000e+02 9.79096e-12 0.00000e+00
7.20000e+02 1.02462e-11 0.00000e+00
7.21000e+02 1.05956e-11 0.00000e+00
7.22000e+02 1.10882e-11 0.00000e+00
7.23000e+02 9.59448e-12 0.00000e+00
7.24000e+02 1.00771e-11 0.00000e+00
7.25000e+02 1.09885e-11 0.00000e+00
7.26000e+02 9.72684e-12 0.00000e+00
7.27000e+02 1.13853e-11 0.00000e+00
7.28000e+02 1.16732e-11 0.00000e+00
7.29000e+02 1.08325e-11 0.00000e+00
7.30000e+02 1.10895e-11 0.00000e+00
7.31000e+02 1.13105e-11 0.00000e+00
7.32000e+02 1.20210e-11 0.00000e+00
7.33000e+02 1.01226e-11 0.00000e+00
7.34000e+02 1.16373e-11 0.00000e+00
7.35000e+02 1.20673e-11 0.00000e+00
7.36000e+02 1.01578e-11 0.00000e+00
7.37000e+02 1.11861e-11 0.00000e+00
7.38000e+02 1.01488e-11 0.00000e+00
7.39000e+02 1.11023e-11 0.00000e+00
7.40000e+02 1.03477e-11 0.00000e+00
7.41000e+02 1.20608e-11 0.00000e+00
7.42000e+02 1.04313e-11 0.00000e+00
7.43000e+02 1.07127e-11 0.00000e+00
7.44000e+02 9.93711e-12 0.00000e+00
7.45000e+02 1.12146e-11 0.00000e+00
7.46000e+02 9.24810e-12 0.00000e+00
7.47000e+02 1.04408e-11 0.00000e+00
7.48000e+02 9.81206e-12 0.00000e+00
7.49000e+02 1.06257e-11 0.00000e+00
7.50000e+02 1.10948e-11 0.00000e+00
7.51000e+02 1.08891e-11 0.00000e+00
7.52000e+02 1.10905e-11 0.00000e+00
7.53000e+02 1.06896e-11 0.00000e+00
7.54000e+02 1.09515e-11 0.00000e+00
7.55000e+02 9.57708e-12 0.00000e+00
7.56000e+02 1.04772e-11 0.00000e+00
7.57000e+02 1.07716e-11 0.00000e+00
7.58000e+02 1.03846e-11 0.00000e+00
7.59000e+02 1.01407e-11 0.00000e+00
7.60000e+02 1.03246e-11 0.00000e+00
7.61000e+02 1.04074e-11 0.00000e+00
7.62000e+02 1.01279e-11 0.00000e+00
7.63000e+02 9.65218e-12 0.00000e+00
7.64000e+02 9.95282e-12 0.00000e+00
7.65000e+02 1.07131e-11 0.00000e+00
7.66000e+02 9.60410e-12 0.00000e+00
7.67000e+02 1.13204e-11 0.00000e+00
7.68000e+02 1.06679e-11 0.00000e+00
7.69000e+02 9.09727e-12 0.00000e+00
7.70000e+02 1.00590e-11 0.00000e+00
7.71000e+02 9.94593e-12 0.00000e+00
7.72000e+02 1.01034e-11 0.00000e+00
7.73000e+02 9.90266e-12 0.00000e+00
7.74000e+02 9.75276e-12 0.00000e+00
7.75000e+02 1.00030e-11 0.00000e+00
7.76000e+02 8.81042e-12 0.00000e+00
7.77000e+02 1.02936e-11 0.00000e+00
7.78000e+02 1.03454e-11 0.00000e+00
7.79000e+02 9.85475e-12 0.00000e+00
7.80000e+02 9.69154e-12 0.00000e+00
7.81000e+02 1.01250e-11 0.00000e+00
7.82000e+02 1.10133e-11 0.00000e+00
7.83000e+02 9.24647e-12 0.00000e+00
7.84000e+02 8.92874e-12 0.00000e+00
7.85000e+02 9.94586e-12 0.00000e+00
7.86000e+02 9.01742e-12 0.00000e+00
7.87000e+02 1.15449e-11 0.00000e+00
7.88000e+02 1.05674e-11 0.00000e+00
7.89000e+02 9.52443e-12 0.00000e+00
7.90000e+02 1.04257e-11 0.00000e+00
7.91000e+02 9.44679e-12 0.00000e+00
7.92000e+02 9.26294e-12 0.00000e+00
7.93000e+02 9.31131e-12 0.00000e+00
7.94000e+02 1.01701e-11 0.00000e+00
7.95000e+02 9.26697e-12 0.00000e+00
7.96000e+02 1.01861e-11 0.00000e+00
7.97000e+02 9.53013e-12 0.00000e+00
7.98000e+02 9.46371e-12 0.00000e+00
7.99000e+02 9.16181e-12 0.00000e+00
8.00000e+02 9.74505e-12 0.00000e+00
8.01000e+02 1.06452e-11 0.00000e+00
8.02000e+02 1.02494e-11 0.00000e+00
8.03000e+02 8.41431e-12 0.00000e+00
8.04000e+02 9.67288e-12 0.00000e+00
8.05000e+02 8.37561e-12 0.00000e+00
8.06000e+02 1.05995e-11 0.00000e+00
8.07000e+02 9.25789e-12 0.00000e+00
8.08000e+02 9.23698e-12 0.00000e+00
8.09000e+02 9.78757e-12 0.00000e+00
8.10000e+02 1.07497e-11 0.00000e+00
8.11000e+02 9.85235e-12 0.00000e+00
8.12000e+02 8.57467e-12 0.00000e+00
8.13000e+02 9.29077e-12 0.00000e+00
8.14000e+02 9.80878e-12 0.00000e+00
8.15000e+02 9.42061e-12 0.00000e+00
8.16000e+02 9.27530e-12 0.00000e+00
8.17000e+02 8.88412e-12 0.00000e+00
8.18000e+02 8.96643e-12 0.00000e+00
8.19000e+02 9.65006e-12 0.00000e+00
8.20000e+02 1.00146e-11 0.00000e+00
8.21000e+02 9.39433e-12 0.00000e+00
8.22000e+02 9.17035e-12 0.00000e+00
8.23000e+02 9.23948e-12 0.00000e+00
8.24000e+02 9.34455e-12 0.00000e+00
8.25000e+02 9.19187e-12 0.00000e+00
8.26000e+02 9.51275e-12 0.00000e+00
8.27000e+02 1.03283e-11 0.00000e+00
8.28000e+02 9.35224e-12 0.00000e+00
8.29000e+02 9.89595e-12 0.00000e+00
8.30000e+02 1.01675e-11 0.00000e+00
8.31000e+02 9.42588e-12 0.00000e+00
8.32000e+02 8.84806e-12 0.00000e+00
8.33000e+02 8.62740e-12 0.00000e+00
8.34000e+02 9.43272e-12 0.00000e+00
8.35000e+02 1.02116e-11 0.00000e+00
8.36000e+02 9.22268e-12 0.00000e+00
8.37000e+02 9.23454e-12 0.00000e+00
8.38000e+02 8.78485e-12 0.00000e+00
8.39000e+02 9.32247e-12 0.00000e+00
8.40000e+02 8.77647e-12 0.00000e+00
8.41000e+02 9.38254e-12 0.00000e+00
8.42000e+02 8.49211e-12 0.00000e+00
8.43000e+02 9.55638e-12 0.00000e+00
8.44000e+02 8.51834e-12 0.00000e+00
8.45000e+02 9.73620e-12 0.00000e+00
8.46000e+02 1.01898e-11 0.00000e+00
8.47000e+02 8.69146e-12 0.00000e+00
8.48000e+02 9.20326e-12 0.00000e+00
8.49000e+02 8.56155e-12 0.00000e+00
8.50000e+02 8.58452e-12 0.00000e+00
8.51000e+02 8.99134e-12 0.00000e+00
8.52000e+02 9.50727e-12 0.00000e+00
8.53000e+02 8.97366e-12 0.00000e+00
8.54000e+02 9.11263e-12 0.00000e+00
8.55000e+02 9.08095e-12 0.00000e+00
8.56000e+02 9.57539e-12 0.00000e+00
8.57000e+02 8.80266e-12 0.00000e+00
8.58000e+02 9.39507e-12 0.00000e+00
8.59000e+02 8.98999e-12 0.00000e+00
8.60000e+02 8.57529e-12 0.00000e+00
8.61000e+02 8.57393e-12 0.00000e+00
8.62000e+02 8.35718e-12 0.00000e+00
8.63000e+02 8.84374e-12 0.00000e+00
8.64000e+02 8.16827e-12 0.00000e+00
8.65000e+02 8.11137e-12 0.00000e+00
8.66000e+02 9.22810e-12 0.00000e+00
8.67000e+02 8.57790e-12 0.00000e+00
8.68000e+02 8.20430e-12 0.00000e+00
8.69000e+02 9.26708e-12 0.00000e+00
8.70000e+02 9.55861e-12 0.00000e+00
8.71000e+02 8.63448e-12 0.00000e+00
8.72000e+02 8.97698e-12 0.00000e+00
8.73000e+02 8.66612e-12 0.00000e+00
8.74000e+02 8.26216e-12 0.00000e+00
8.75000e+02 8.47674e-12 0.00000e+00
8.76000e+02 8.05141e-12 0.00000e+00
8.77000e+02 8.84465e-12 0.00000e+00
8.78000e+02 8.64218e-12 0.00000e+00
8.79000e+02 8.12790e-12 0.00000e+00
8.80000e+02 8.90652e-12 0.00000e+00
8.81000e+02 7.99524e-12 0.00000e+00
8.82000e+02 8.69059e-12 0.00000e+00
8.83000e+02 7.81953e-12 0.00000e+00
8.84000e+02 8.96983e-12 0.00000e+00
8.85000e+02 8.23543e-12 0.00000e+00
8.86000e+02 8.71562e-12 0.00000e+00
8.87000e+02 8.90014e-12 0.00000e+00
8.88000e+02 8.54069e-12 0.00000e+00
8.89000e+02 8.33032e-12 0.00000e+00
8.90000e+02 8.10545e-12 0.00000e+00
8.91000e+02 8.54555e-12 0.00000e+00
8.92000e+02 9.05062e-12 0.00000e+00
8.93000e+02 8.88179e-12 0.00000e+00
8.94000e+02 8.46176e-12 0.00000e+00
8.95000e+02 8.59760e-12 0.00000e+00
8.96000e+02 8.66102e-12 0.00000e+00
8.97000e+02 8.57214e-12 0.00000e+00
8.98000e+02 8.71996e-12 0.00000e+00
8.99000e+02 8.53271e-12 0.00000e+00
9.00000e+02 8.80671e-12 0.00000e+00
9.01000e+02 8.52849e-12 0.00000e+00
9.02000e+02 8.40254e-12 0.00000e+00
9.03000e+02 8.77417e-12 0.00000e+00
9.04000e+02 8.09782e-12 0.00000e+00
9.05000e+02 8.97303e-12 0.00000e+00
9.06000e+02 8.24951e-12 0.00000e+00
9.07000e+02 9.25641e-12 0.00000e+00
9.08000e+02 7.55354e-12 0.00000e+00
9.09000e+02 8.22802e-12 0.00000e+00
9.10000e+02 8.31147e-12 0.00000e+00
9.11000e+02 7.78005e-12 0.00000e+00
9.12000e+02 8.41806e-12 0.00000e+00
9.13000e+02 8.13840e-12 0.00000e+00
9.14000e+02 8.45012e-12 0.00000e+00
9.15000e+02 8.41650e-12 0.00000e+00
9.16000e+02 8.19774e-12 0.00000e+00
9.17000e+02 8.05776e-12 0.00000e+00
9.18000e+02 8.64563e-12 0.00000e+00
9.19000e+02 8.08508e-12 0.00000e+00
9.20000e+02 8.00753e-12 0.00000e+00
9.21000e+02 8.61422e-12 0.00000e+00
9.22000e+02 8.31884e-12 0.00000e+00
9.23000e+02 7.93275e-12 0.00000e+00
9.24000e+02 8.59065e-12 0.00000e+00
9.25000e+02 8.62237e-12 0.00000e+00
9.26000e+02 8.08332e-12 0.00000e+00
9.27000e+02 8.80968e-12 0.00000e+00
9.28000e+02 7.67995e-12 0.00000e+00
9.29000e+02 7.74987e-12 0.00000e+00
9.30000e+02 7.86244e-12 0.00000e+00
9.31000e+02 8.45829e-12 0.00000e+00
9.32000e+02 7.70468e-12 0.00000e+00
9.33000e+02 8.33501e-12 0.00000e+00
9.34000e+02 7.83987e-12 0.00000e+00
9.35000e+02 7.01166e-12 0.00000e+00
9.36000e+02 8.74886e-12 0.00000e+00
9.37000e+02 7.85035e-12 0.00000e+00
9.38000e+02 8.09750e-12 0.00000e+00
9.39000e+02 8.55290e-12 0.00000e+00
9.40000e+02 8.41915e-12 0.00000e+00
9.41000e+02 7.57830e-12 0.00000e+00
9.42000e+02 8.06562e-12 0.00000e+00
9.43000e+02 7.57204e-12 0.00000e+00
9.44000e+02 7.99629e-12 0.00000e+00
9.45000e+02 7.51629e-12 0.00000e+00
9.46000e+02 8.02646e-12 0.00000e+00
9.47000e+02 7.59810e-12 0.00000e+00
9.48000e+02 7.66751e-12 0.00000e+00
9.49000e+02 8.35317e-12 0.00000e+00
9.50000e+02 7.87553e-12 0.00000e+00
9.51000e+02 7.68672e-12 0.00000e+00
9.52000e+02 7.17757e-12 0.00000e+00
9.53000e+02 7.33188e-12 0.00000e+00
9.54000e+02 7.47857e-12 0.00000e+00
9.55000e+02 8.78223e-12 0.00000e+00
9.56000e+02 8.16631e-12 0.00000e+00
9.57000e+02 7.06382e-12 0.00000e+00
9.58000e+02 7.04411e-12 0.00000e+00
9.59000e+02 7.57087e-12 0.00000e+00
9.60000e+02 7.93877e-12 0.00000e+00
9.61000e+02 7.87619e-12 0.00000e+00
9.62000e+02 7.63734e-12 0.00000e+00
9.63000e+02 7.32912e-12 0.00000e+00
9.64000e+02 7.96358e-12 0.00000e+00
9.65000e+02 7.87634e-12 0.00000e+00
9.66000e+02 7.33649e-12 0.00000e+00
9.67000e+02 7.74190e-12 0.00000e+00
9.68000e+02 7.08094e-12 0.00000e+00
9.69000e+02 7.81866e-12 0.00000e+00
9.70000e+02 7.68798e-12 0.00000e+00
9.71000e+02 8.51998e-12 0.00000e+00
9.72000e+02 7.42548e-12 0.00000e+00
9.73000e+02 7.08467e-12 0.00000e+00
9.74000e+02 8.05597e-12 0.00000e+00
9.75000e+02 8.24591e-12 0.00000e+00
9.76000e+02 7.50895e-12 0.00000e+00
9.77000e+02 7.90002e-12 0.00000e+00
9.78000e+02 7.86377e-12 0.00000e+00
9.79000e+02 6.99366e-12 0.00000e+00
9.80000e+02 7.70165e-12 0.00000e+00
9.81000e+02 7.80393e-12 0.00000e+00
9.82000e+02 7.53311e-12 0.00000e+00
9.83000e+02 7.94784e-12 0.00000e+00
9.84000e+02 7.81953e-12 0.00000e+00
9.85000e+02 8.08416e-12 0.00000e+00
9.86000e+02 7.25885e-12 0.00000e+00
9.87000e+02 7.88626e-12 0.00000e+00
9.88000e+02 8.37495e-12 0.00000e+00
9.89000e+02 6.81982e-12 0.00000e+00
9.90000e+02 6.87548e-12 0.00000e+00
9.91000e+02 7.10880e-12 0.00000e+00
9.92000e+02 7.21406e-12 0.00000e+00
9.93000e+02 7.30051e-12 0.00000e+00
9.94000e+02 6.99748e-12 0.00000e+00
9.95000e+02 7.14860e-12 0.00000e+00
9.96000e+02 7.78985e-12 0.00000e+00
9.97000e+02 7.07873e-12 0.00000e+00
9.98000e+02 7.11008e-12 0.00000e+00
9.99000e+02 7.48129e-12 0.00000e+00
1.00000e+03 7.45686e-12 0.00000e+00
1.00100e+03 7.10392e-12 0.00000e+00
1.00200e+03 7.84806e-12 0.00000e+00
1.00300e+03 7.30378e-12 0.00000e+00
1.00400e+03 7.46098e-12 0.00000e+00
1.00500e+03 7.40487e-12 0.00000e+00
1.00600e+03 6.98781e-12 0.00000e+00
1.00700e+03 7.28495e-12 0.00000e+00
1.00800e+03 7.70434e-12 0.00000e+00
1.00900e+03 7.70071e-12 0.00000e+00
1.01000e+03 7.66532e-12 0.00000e+00
1.01100e+03 7.23516e-12 0.00000e+00
1.01200e+03 6.79511e-12 0.00000e+00
1.01300e+03 7.24357e-12 0.00000e+00
1.01400e+03 7.83505e-12 0.00000e+00
1.01500e+03 7.27903e-12 0.00000e+00
1.01600e+03 7.02527e-12 0.00000e+00
1.01700e+03 7.00451e-12 0.00000e+00
1.01800e+03 7.20171e-12 0.00000e+00
1.01900e+03 7.22304e-12 0.00000e+00
1.02000e+03 7.31702e-12 0.00000e+00
1.02100e+03 7.62544e-12 0.00000e+00
1.02200e+03 7.12155e-12 0.00000e+00
1.02300e+03 7.49368e-12 0.00000e+00
1.02400e+03 6.64891e-12 0.00000e+00
1.02500e+03 6.57693e-12 0.00000e+00
1.02600e+03 6.90659e-12 0.00000e+00
1.02700e+03 6.79189e-12 0.00000e+00
1.02800e+03 6.86028e-12 0.00000e+00
1.02900e+03 7.12266e-12 0.00000e+00
1.03000e+03 6.82680e-12 0.00000e+00
1.03100e+03 7.33282e-12 0.00000e+00
1.03200e+03 6.68315e-12 0.00000e+00
1.03300e+03 7.45516e-12 0.00000e+00
1.03400e+03 6.55847e-12 0.00000e+00
1.03500e+03 6.63675e-12 0.00000e+00
1.03600e+03 6.99434e-12 0.00000e+00
1.03700e+03 7.17324e-12 0.00000e+00
1.03800e+03 6.62041e-12 0.00000e+00
1.03900e+03 7.27362e-12 0.00000e+00
1.04000e+03 7.16715e-12 0.00000e+00
1.04100e+03 7.17486e-12 0.00000e+00
1.04200e+03 7.61490e-12 0.00000e+00
1.04300e+03 7.07640e-12 0.00000e+00
1.04400e+03 7.25015e-12 0.00000e+00
1.04500e+03 6.64678e-12 0.00000e+00
1.04600e+03 7.28989e-12 0.00000e+00
1.04700e+03 6.74696e-12 0.00000e+00
1.04800e+03 6.91952e-12 0.00000e+00
1.04900e+03 6.69331e-12 0.00000e+00
1.05000e+03 7.74137e-12 0.00000e+00
1.05100e+03 6.69276e-12 0.00000e+00
1.05200e+03 6.91581e-12 0.00000e+00
1.05300e+03 7.29002e-12 0.00000e+00
1.05400e+03 6.94257e-12 0.00000e+00
1.05500e+03 7.30610e-12 0.00000e+00
1.05600e+03 6.73213e-12 0.00000e+00
1.05700e+03 7.02745e-12 0.00000e+00
1.05800e+03 6.36045e-12 0.00000e+00
1.05900e+03 6.54178e-12 0.00000e+00
1.06000e+03 6.77830e-12 0.00000e+00
1.06100e+03 6.94146e-12 0.00000e+00
1.06200e+03 7.71917e-12 0.00000e+00
1.06300e+03 7.18045e-12 0.00000e+00
1.06400e+03 7.16056e-12 0.00000e+00
1.06500e+03 6.58152e-12 0.00000e+00
1.06600e+03 6.98427e-12 0.00000e+00
1.06700e+03 6.40720e-12 0.00000e+00
1.06800e+03 6.39839e-12 0.00000e+00
1.06900e+03 6.41176e-12 0.00000e+00
1.07000e+03 6.14208e-12 0.00000e+00
1.07100e+03 6.51015e-12 0.00000e+00
1.07200e+03 6.72077e-12 0.00000e+00
1.07300e+03 6.57184e-12 0.00000e+00
1.07400e+03 6.81673e-12 0.00000e+00
1.07500e+03 6.53721e-12 0.00000e+00
1.07600e+03 6.50245e-12 0.00000e+00
1.07700e+03 6.77832e-12 0.00000e+00
1.07800e+03 6.99172e-12 0.00000e+00
1.07900e+03 7.44815e-12 0.00000e+00
1.08000e+03 6.77475e-12 0.00000e+00
1.08100e+03 6.45233e-12 0.00000e+00
1.08200e+03 6.40412e-12 0.00000e+00
1.08300e+03 6.21146e-12 0.00000e+00
1.08400e+03 6.40115e-12 0.00000e+00
1.08500e+03 7.08644e-12 0.00000e+00
1.08600e+03 6.81569e-12 0.00000e+00
1.08700e+03 6.72567e-12 0.00000e+00
1.08800e+03 6.70836e-12 0.00000e+00
1.08900e+03 6.64127e-12 0.00000e+00
1.09000e+03 7.01961e-12 0.00000e+00
1.09100e+03 5.95758e-12 0.00000e+00
1.09200e+03 6.73657e-12 0.00000e+00
1.09300e+03 6.78573e-12 0.00000e+00
1.09400e+03 7.06871e-12 0.00000e+00
1.09500e+03 6.62567e-12 0.00000e+00
1.09600e+03 6.83797e-12 0.00000e+00
1.09700e+03 6.35283e-12 0.00000e+00
1.09800e+03 6.52611e-12 0.00000e+00
1.09900e+03 6.76941e-12 0.00000e+00
1.10000e+03 6.26462e-12 0.00000e+00
1.10100e+03 6.76879e-12 0.00000e+00
1.10200e+03 6.16401e-12 0.00000e+00
1.10300e+03 6.50206e-12 0.00000e+00
1.10400e+03 6.74101e-12 0.00000e+00
1.10500e+03 6.16061e-12 0.00000e+00
1.10600e+03 6.68903e-12 0.00000e+00
1.10700e+03 6.30305e-12 0.00000e+00
1.10800e+03 6.68829e-12 0.00000e+00
1.10900e+03 6.41433e-12 0.00000e+00
1.11000e+03 6.16383e-12 0.00000e+00
1.11100e+03 6.27469e-12 0.00000e+00
1.11200e+03 6.42487e-12 0.00000e+00
1.11300e+03 6.27881e-12 0.00000e+00
1.11400e+03 5.80958e-12 0.00000e+00
1.11500e+03 6.21236e-12 0.00000e+00
1.11600e+03 6.24257e-12 0.00000e+00
1.11700e+03 6.68583e-12 0.00000e+00
1.11800e+03 6.51467e-12 0.00000e+00
1.11900e+03 6.41643e-12 0.00000e+00
1.12000e+03 6.03358e-12 0.00000e+00
1.12100e+03 6.73987e-12 0.00000e+00
1.12200e+03 6.26641e-12 0.00000e+00
1.12300e+03 6.34610e-12 0.00000e+00
1.12400e+03 6.14810e-12 0.00000e+00
1.12500e+03 6.20430e-12 0.00000e+00
1.12600e+03 6.05400e-12 0.00000e+00
1.12700e+03 6.36102e-12 0.00000e+00
1.12800e+03 6.32815e-12 0.00000e+00
1.12900e+03 6.59333e-12 0.00000e+00
1.13000e+03 6.08640e-12 0.00000e+00
1.13100e+03 6.25068e-12 0.00000e+00
1.13200e+03 5.93558e-12 0.00000e+00
1.13300e+03 6.60684e-12 0.00000e+00
1.13400e+03 5.89228e-12 0.00000e+00
1.13500e+03 6.06444e-12 0.00000e+00
1.13600e+03 5.68776e-12 0.00000e+00
1.13700e+03 6.27673e-12 0.00000e+00
1.13800e+03 6.63414e-12 0.00000e+00
1.13900e+03 6.36877e-12 0.00000e+00
1.14000e+03 6.55673e-12 0.00000e+00
1.14100e+03 6.09682e-12 0.00000e+00
1.14200e+03 5.96748e-12 0.00000e+00
1.14300e+03 6.23146e-12 0.00000e+00
1.14400e+03 5.93319e-12 0.00000e+00
1.14500e+03 6.18232e-12 0.00000e+00
1.14600e+03 6.11833e-12 0.00000e+00
1.14700e+03 6.34145e-12 0.00000e+00
1.14800e+03 5.77450e-12 0.00000e+00
1.14900e+03 5.67337e-12 0.00000e+00
1.15000e+03 6.54555e-12 0.00000e+00
1.15100e+03 6.05759e-12 0.00000e+00
1.15200e+03 6.04224e-12 0.00000e+00
1.15300e+03 6.27107e-12 0.00000e+00
1.15400e+03 6.23012e-12 0.00000e+00
1.15500e+03 5.77289e-12 0.00000e+00
1.15600e+03 6.06532e-12 0.00000e+00
1.15700e+03 6.51561e-12 0.00000e+00
1.15800e+03 5.81296e-12 0.00000e+00
1.15900e+03 6.19792e-12 0.00000e+00
1.16000e+03 5.58782e-12 0.00000e+00
1.16100e+03 5.78883e-12 0.00000e+00
1.16200e+03 6.10039e-12 0.00000e+00
1.16300e+03 6.21180e-12 0.00000e+00
1.16400e+03 6.11638e-12 0.00000e+00
1.16500e+03 5.85222e-12 0.00000e+00
1.16600e+03 6.30071e-12 0.00000e+00
1.16700e+03 6.02255e-12 0.00000e+00
1.16800e+03 5.75587e-12 0.00000e+00
1.16900e+03 6.27432e-12 0.00000e+00
1.17000e+03 5.76223e-12 0.00000e+00
1.17100e+03 6.10904e-12 0.00000e+00
1.17200e+03 6.22208e-12 0.00000e+00
1.17300e+03 5.93009e-12 0.00000e+00
1.17400e+03 6.52898e-12 0.00000e+00
1.17500e+03 5.86980e-12 0.00000e+00
1.17600e+03 5.79335e-12 0.00000e+00
1.17700e+03 6.13381e-12 0.00000e+00
1.17800e+03 5.74120e-12 0.00000e+00
1.17900e+03 5.53154e-12 0.00000e+00
1.18000e+03 6.00769e-12 0.00000e+00
1.18100e+03 5.81769e-12 0.00000e+00
1.18200e+03 5.70861e-12 0.00000e+00
1.18300e+03 5.73458e-12 0.00000e+00
1.18400e+03 5.53044e-12 0.00000e+00
1.18500e+03 5.90699e-12 0.00000e+00
1.18600e+03 5.62038e-12 0.00000e+00
1.18700e+03 5.81841e-12 0.00000e+00
1.18800e+03 5.71699e-12 0.00000e+00
1.18900e+03 5.77549e-12 0.00000e+00
1.19000e+03 5.70383e-12 0.00000e+00
1.19100e+03 6.53920e-12 0.00000e+00
1.19200e+03 5.72167e-12 0.00000e+00
1.19300e+03 5.50708e-12 0.00000e+00
1.19400e+03 5.82311e-12 0.00000e+00
1.19500e+03 5.98389e-12 0.00000e+00
1.19600e+03 5.93625e-12 0.00000e+00
1.19700e+03 6.22491e-12 0.00000e+00
1.19800e+03 5.56495e-12 0.00000e+00
1.19900e+03 5.80863e-12 0.00000e+00
1.20000e+03 5.59233e-12 0.00000e+00
1.20100e+03 5.69818e-12 0.00000e+00
1.20200e+03 5.09734e-12 0.00000e+00
1.20300e+03 5.99412e-12 0.00000e+00
1.20400e+03 5.88058e-12 0.00000e+00
1.20500e+03 5.56946e-12 0.00000e+00
1.20600e+03 6.05171e-12 0.00000e+00
1.20700e+03 5.66942e-12 0.00000e+00
1.20800e+03 5.96293e-12 0.00000e+00
1.20900e+03 5.30771e-12 0.00000e+00
1.21000e+03 5.97741e-12 0.00000e+00
1.21100e+03 5.30591e-12 0.00000e+00
1.21200e+03 5.88511e-12 0.00000e+00
1.21300e+03 5.71310e-12 0.00000e+00
1.21400e+03 5.32118e-12 0.00000e+00
1.21500e+03 5.71168e-12 0.00000e+00
1.21600e+03 5.71411e-12 0.00000e+00
1.21700e+03 5.49925e-12 0.00000e+00
1.21800e+03 5.31829e-12 0.00000e+00
1.21900e+03 5.60445e-12 0.00000e+00
1.22000e+03 5.92187e-12 0.00000e+00
1.22100e+03 5.53282e-12 0.00000e+00
1.22200e+03 5.57598e-12 0.00000e+00
1.22300e+03 5.30507e-12 0.00000e+00
1.22400e+03 5.85221e-12 0.00000e+00
1.22500e+03 5.28009e-12 0.00000e+00
1.22600e+03 5.55234e-12 0.00000e+00
1.22700e+03 5.46824e-12 0.00000e+00
1.22800e+03 5.88330e-12 0.00000e+00
1.22900e+03 5.65293e-12 0.00000e+00
1.23000e+03 5.52492e-12 0.00000e+00
1.23100e+03 5.72387e-12 0.00000e+00
1.23200e+03 5.88047e-12 0.00000e+00
1.23300e+03 5.20198e-12 0.00000e+00
1.23400e+03 5.58603e-12 0.00000e+00
1.23500e+03 4.92784e-12 0.00000e+00
1.23600e+03 5.68861e-12 0.00000e+00
1.23700e+03 5.59822e-12 0.00000e+00
1.23800e+03 5.11457e-12 0.00000e+00
1.23900e+03 5.36267e-12 0.00000e+00
1.24000e+03 5.54964e-12 0.00000e+00
1.24100e+03 5.04458e-12 0.00000e+00
1.24200e+03 5.03272e-12 0.00000e+00
1.24300e+03 4.92927e-12 0.00000e+00
1.24400e+03 5.46824e-12 0.00000e+00
1.24500e+03 5.21635e-12 0.00000e+00
1.24600e+03 4.67184e-12 0.00000e+00
1.24700e+03 5.73990e-12 0.00000e+00
1.24800e+03 5.11175e-12 0.00000e+00
1.24900e+03 5.20923e-12 0.00000e+00
1.25000e+03 5.14756e-12 0.00000e+00
1.25100e+03 5.10725e-12 0.00000e+00
1.25200e+03 5.11841e-12 0.00000e+00
1.25300e+03 5.73764e-12 0.00000e+00
1.25400e+03 5.30455e-12 0.00000e+00
1.25500e+03 4.75969e-12 0.00000e+00
1.25600e+03 5.12959e-12 0.00000e+00
1.25700e+03 4.98514e-12 0.00000e+00
1.25800e+03 5.56434e-12 0.00000e+00
1.25900e+03 5.11481e-12 0.00000e+00
1.26000e+03 5.27955e-12 0.00000e+00
1.26100e+03 5.46359e-12 0.00000e+00
1.26200e+03 5.53029e-12 0.00000e+00
1.26300e+03 5.17321e-12 0.00000e+00
1.26400e+03 5.39956e-12 0.00000e+00
1.26500e+03 5.31793e-12 0.00000e+00
1.26600e+03 5.71064e-12 0.00000e+00
1.26700e+03 5.20570e-12 0.00000e+00
1.26800e+03 5.55097e-12 0.00000e+00
1.26900e+03 5.25609e-12 0.00000e+00
1.27000e+03 5.18167e-12 0.00000e+00
1.27100e+03 5.31118e-12 0.00000e+00
1.27200e+03 5.87928e-12 0.00000e+00
1.27300e+03 5.25257e-12 0.00000e+00
1.27400e+03 4.98327e-12 0.00000e+00
1.27500e+03 4.88069e-12 0.00000e+00
1.27600e+03 5.50174e-12 0.00000e+00
1.27700e+03 5.12123e-12 0.00000e+00
1.27800e+03 4.77107e-12 0.00000e+00
1.27900e+03 4.98214e-12 0.00000e+00
1.28000e+03 5.40966e-12 0.00000e+00
1.28100e+03 5.08852e-12 0.00000e+00
1.28200e+03 5.51788e-12 0.00000e+00
1.28300e+03 5.08293e-12 0.00000e+00
1.28400e+03 5.20457e-12 0.00000e+00
1.28500e+03 5.19461e-12 0.00000e+00
1.28600e+03 4.78798e-12 0.00000e+00
1.28700e+03 4.68400e-12 0.00000e+00
1.28800e+03 5.39748e-12 0.00000e+00
1.28900e+03 5.26592e-12 0.00000e+00
1.29000e+03 5.05990e-12 0.00000e+00
1.29100e+03 4.83971e-12 0.00000e+00
1.29200e+03 5.03556e-12 0.00000e+00
1.29300e+03 5.21385e-12 0.00000e+00
1.29400e+03 5.48901e-12 0.00000e+00
1.29500e+03 5.13891e-12 0.00000e+00
1.29600e+03 4.92774e-12 0.00000e+00
1.29700e+03 4.72161e-12 0.00000e+00
1.29800e+03 4.75827e-12 0.00000e+00
1.29900e+03 4.83834e-12 0.00000e+00
1.30000e+03 4.78382e-12 0.00000e+00
1.30100e+03 4.93937e-12 0.00000e+00
1.30200e+03 5.19634e-12 0.00000e+00
1.30300e+03 4.89925e-12 0.00000e+00
1.30400e+03 4.95990e-12 0.00000e+00
1.30500e+03 4.90586e-12 0.00000e+00
1.30600e+03 5.04918e-12 0.00000e+00
1.30700e+03 4.76149e-12 0.00000e+00
1.30800e+03 4.75799e-12 0.00000e+00
1.30900e+03 4.84578e-12 0.00000e+00
1.31000e+03 4.93533e-12 0.00000e+00
1.31100e+03 4.99483e-12 0.00000e+00
1.31200e+03 5.11838e-12 0.00000e+00
1.31300e+03 4.73162e-12 0.00000e+00
1.31400e+03 4.86543e-12 0.00000e+00
1.31500e+03 4.72103e-12 0.00000e+00
1.31600e+03 4.93361e-12 0.00000e+00
1.31700e+03 4.90754e-12 0.00000e+00
1.31800e+03 4.84797e-12 0.00000e+00
1.31900e+03 4.70969e-12 0.00000e+00
1.32000e+03 4.76890e-12 0.00000e+00
1.32100e+03 4.96782e-12 0.00000e+00
1.32200e+03 4.94061e-12 0.00000e+00
1.32300e+03 4.99005e-12 0.00000e+00
1.32400e+03 4.89873e-12 0.00000e+00
1.32500e+03 4.78783e-12 0.00000e+00
1.32600e+03 4.70036e-12 0.00000e+00
1.32700e+03 4.81282e-12 0.00000e+00
1.32800e+03 4.73351e-12 0.00000e+00
1.32900e+03 4.87374e-12 0.00000e+00
1.33000e+03 4.46739e-12 0.00000e+00
1.33100e+03 4.48492e-12 0.00000e+00
1.33200e+03 5.32581e-12 0.00000e+00
1.33300e+03 5.01285e-12 0.00000e+00
1.33400e+03 4.88980e-12 0.00000e+00
1.33500e+03 4.48463e-12 0.00000e+00
1.33600e+03 4.78781e-12 0.00000e+00
1.33700e+03 4.71369e-12 0.00000e+00
1.33800e+03 4.53556e-12 0.00000e+00
1.33900e+03 4.39519e-12 0.00000e+00
1.34000e+03 4.93560e-12 0.00000e+00
1.34100e+03 4.79774e-12 0.00000e+00
1.34200e+03 4.90530e-12 0.00000e+00
1.34300e+03 4.81556e-12 0.00000e+00
1.34400e+03 5.02821e-12 0.00000e+00
1.34500e+03 4.72250e-12 0.00000e+00
1.34600e+03 4.73789e-12 0.00000e+00
1.34700e+03 4.66777e-12 0.00000e+00
1.34800e+03 4.77735e-12 0.00000e+00
1.34900e+03 4.46606e-12 0.00000e+00
1.35000e+03 4.57600e-12 0.00000e+00
1.35100e+03 4.63915e-12 0.00000e+00
1.35200e+03 4.60856e-12 0.00000e+00
1.35300e+03 4.38559e-12 0.00000e+00
1.35400e+03 4.53759e-12 0.00000e+00
1.35500e+03 4.68924e-12 0.00000e+00
1.35600e+03 4.88871e-12 0.00000e+00
1.35700e+03 4.68604e-12 0.00000e+00
1.35800e+03 4.62373e-12 0.00000e+00
1.35900e+03 4.69872e-12 0.00000e+00
1.36000e+03 4.41868e-12 0.00000e+00
1.36100e+03 5.16901e-12 0.00000e+00
1.36200e+03 4.32314e-12 0.00000e+00
1.36300e+03 4.53519e-12 0.00000e+00
1.36400e+03 4.39458e-12 0.00000e+00
1.36500e+03 4.35197e-12 0.00000e+00
1.36600e+03 4.44048e-12 0.00000e+00
1.36700e+03 4.26002e-12 0.00000e+00
1.36800e+03 4.70217e-12 0.00000e+00
1.36900e+03 4.55903e-12 0.00000e+00
1.37000e+03 4.35450e-12 0.00000e+00
1.37100e+03 4.61162e-12 0.00000e+00
1.37200e+03 4.60212e-12 0.00000e+00
1.37300e+03 4.39592e-12 0.00000e+00
1.37400e+03 4.33524e-12 0.00000e+00
1.37500e+03 4.60512e-12 0.00000e+00
1.37600e+03 4.59770e-12 0.00000e+00
1.37700e+03 4.15487e-12 0.00000e+00
1.37800e+03 4.51365e-12 0.00000e+00
1.37900e+03 4.55592e-12 0.00000e+00
1.38000e+03 4.44315e-12 0.00000e+00
1.38100e+03 4.56507e-12 0.00000e+00
1.38200e+03 4.93667e-12 0.00000e+00
1.38300e+03 4.53854e-12 0.00000e+00
1.38400e+03 4.05570e-12 0.00000e+00
1.38500e+03 4.35749e-12 0.00000e+00
1.38600e+03 4.96451e-12 0.00000e+00
1.38700e+03 4.15179e-12 0.00000e+00
1.38800e+03 4.44659e-12 0.00000e+00
1.38900e+03 4.61707e-12 0.00000e+00
1.39000e+03 4.36672e-12 0.00000e+00
1.39100e+03 4.49945e-12 0.00000e+00
1.39200e+03 4.30788e-12 0.00000e+00
1.39300e+03 4.56704e-12 0.00000e+00
1.39400e+03 4.73853e-12 0.00000e+00
1.39500e+03 4.42548e-12 0.00000e+00
1.39600e+03 4.64189e-12 0.00000e+00
1.39700e+03 4.25180e-12 0.00000e+00
1.39800e+03 4.58562e-12 0.00000e+00
1.39900e+03 4.43203e-12 0.00000e+00
1.40000e+03 4.73631e-12 0.00000e+00
1.40100e+03 4.37256e-12 0.00000e+00
1.40200e+03 4.24721e-12 0.00000e+00
1.40300e+03 4.59667e-12 0.00000e+00
1.40400e+03 4.23666e-12 0.00000e+00
1.40500e+03 4.13679e-12 0.00000e+00
1.40600e+03 4.46616e-12 0.00000e+00
1.40700e+03 4.52737e-12 0.00000e+00
1.40800e+03 4.38005e-12 0.00000e+00
1.40900e+03 4.12035e-12 0.00000e+00
1.41000e+03 4.42813e-12 0.00000e+00
1.41100e+03 4.18958e-12 0.00000e+00
1.41200e+03 4.19809e-12 0.00000e+00
1.41300e+03 4.15262e-12 0.00000e+00
1.41400e+03 4.30819e-12 0.00000e+00
1.41500e+03 4.35676e-12 0.00000e+00
1.41600e+03 4.12081e-12 0.00000e+00
1.41700e+03 4.18622e-12 0.00000e+00
1.41800e+03 4.19664e-12 0.00000e+00
1.41900e+03 4.37142e-12 0.00000e+00
1.42000e+03 4.23220e-12 0.00000e+00
1.42100e+03 4.15297e-12 0.00000e+00
1.42200e+03 4.30629e-12 0.00000e+00
1.42300e+03 4.09321e-12 0.00000e+00
1.42400e+03 4.06332e-12 0.00000e+00
1.42500e+03 3.95149e-12 0.00000e+00
1.42600e+03 4.37634e-12 0.00000e+00
1.42700e+03 4.10884e-12 0.00000e+00
1.42800e+03 4.11213e-12 0.00000e+00
1.42900e+03 4.15798e-12 0.00000e+00
1.43000e+03 4.22554e-12 0.00000e+00
1.43100e+03 3.91294e-12 0.00000e+00
1.43200e+03 4.13822e-12 0.00000e+00
1.43300e+03 4.44353e-12 0.00000e+00
1.43400e+03 4.45717e-12 0.00000e+00
1.43500e+03 4.10443e-12 0.00000e+00
1.43600e+03 4.44110e-12 0.00000e+00
1.43700e+03 3.92124e-12 0.00000e+00
1.43800e+03 4.33318e-12 0.00000e+00
1.43900e+03 4.12111e-12 0.00000e+00
1.44000e+03 4.04196e-12 0.00000e+00
1.44100e+03 4.31278e-12 0.00000e+00
1.44200e+03 3.99727e-12 0.00000e+00
1.44300e+03 3.84787e-12 0.00000e+00
1.44400e+03 4.47169e-12 0.00000e+00
1.44500e+03 4.13251e-12 0.00000e+00
1.44600e+03 4.07612e-12 0.00000e+00
1.44700e+03 4.16939e-12 0.00000e+00
1.44800e+03 4.09262e-12 0.00000e+00
1.44900e+03 3.81417e-12 0.00000e+00
1.45000e+03 4.29788e-12 0.00000e+00
1.45100e+03 4.07488e-12 0.00000e+00
1.45200e+03 4.23400e-12 0.00000e+00
1.45300e+03 3.95280e-12 0.00000e+00
1.45400e+03 4.23389e-12 0.00000e+00
1.45500e+03 4.12920e-12 0.00000e+00
1.45600e+03 4.17442e-12 0.00000e+00
1.45700e+03 3.96578e-12 0.00000e+00
1.45800e+03 4.15471e-12 0.00000e+00
1.45900e+03 4.28325e-12 0.00000e+00
1.46000e+03 4.00016e-12 0.00000e+00
1.46100e+03 3.92553e-12 0.00000e+00
1.46200e+03 4.02840e-12 0.00000e+00
1.46300e+03 3.93006e-12 0.00000e+00
1.46400e+03 3.82303e-12 0.00000e+00
1.46500e+03 4.21108e-12 0.00000e+00
1.46600e+03 4.10978e-12 0.00000e+00
1.46700e+03 3.86991e-12 0.00000e+00
1.46800e+03 4.24461e-12 0.00000e+00
1.46900e+03 3.81767e-12 0.00000e+00
1.47000e+03 3.63271e-12 0.00000e+00
1.47100e+03 3.72142e-12 0.00000e+00
1.47200e+03 4.14634e-12 0.00000e+00
1.47300e+03 3.72891e-12 0.00000e+00
1.47400e+03 4.12115e-12 0.00000e+00
1.47500e+03 3.78163e-12 0.00000e+00
1.47600e+03 4.17768e-12 0.00000e+00
1.47700e+03 3.81445e-12 0.00000e+00
1.47800e+03 4.23277e-12 0.00000e+00
1.47900e+03 4.11761e-12 0.00000e+00
1.48000e+03 3.92136e-12 0.00000e+00
1.48100e+03 4.03963e-12 0.00000e+00
1.48200e+03 4.04752e-12 0.00000e+00
1.48300e+03 3.98411e-12 0.00000e+00
1.48400e+03 3.81287e-12 0.00000e+00
1.48500e+03 3.71806e-12 0.00000e+00
1.48600e+03 3.72304e-12 0.00000e+00
1.48700e+03 3.76575e-12 0.00000e+00
1.48800e+03 3.85289e-12 0.00000e+00
1.48900e+03 3.88285e-12 0.00000e+00
1.49000e+03 3.80694e-12 0.00000e+00
1.49100e+03 3.67197e-12 0.00000e+00
1.49200e+03 3.67472e-12 0.00000e+00
1.49300e+03 3.83238e-12 0.00000e+00
1.49400e+03 3.89577e-12 0.00000e+00
1.49500e+03 3.83115e-12 0.00000e+00
1.49600e+03 3.62715e-12 0.00000e+00
1.49700e+03 3.63262e-12 0.00000e+00
1.49800e+03 3.85499e-12 0.00000e+00
1.49900e+03 3.53513e-12 0.00000e+00
1.50000e+03 3.85971e-12 0.00000e+00
1.50100e+03 3.85908e-12 0.00000e+00
1.50200e+03 3.79293e-12 0.00000e+00
1.50300e+03 3.92866e-12 0.00000e+00
1.50400e+03 3.76118e-12 0.00000e+00
1.50500e+03 3.64251e-12 0.00000e+00
1.50600e+03 3.59109e-12 0.00000e+00
1.50700e+03 3.88613e-12 0.00000e+00
1.50800e+03 3.74429e-12 0.00000e+00
1.50900e+03 3.62341e-12 0.00000e+00
1.51000e+03 3.50593e-12 0.00000e+00
1.51100e+03 3.77807e-12 0.00000e+00
1.51200e+03 3.89996e-12 0.00000e+00
1.51300e+03 3.66316e-12 0.00000e+00
1.51400e+03 3.93975e-12 0.00000e+00
1.51500e+03 3.82426e-12 0.00000e+00
1.51600e+03 3.56698e-12 0.00000e+00
1.51700e+03 3.78577e-12 0.00000e+00
1.51800e+03 3.97353e-12 0.00000e+00
1.51900e+03 3.54313e-12 0.00000e+00
1.52000e+03 3.84752e-12 0.00000e+00
1.52100e+03 3.59215e-12 0.00000e+00
1.52200e+03 3.68621e-12 0.00000e+00
1.52300e+03 3.83643e-12 0.00000e+00
1.52400e+03 3.71485e-12 0.00000e+00
1.52500e+03 3.65207e-12 0.00000e+00
1.52600e+03 3.54808e-12 0.00000e+00
1.52700e+03 3.69537e-12 0.00000e+00
1.52800e+03 3.63356e-12 0.00000e+00
1.52900e+03 3.73965e-12 0.00000e+00
1.53000e+03 3.87822e-12 0.00000e+00
1.53100e+03 3.52550e-12 0.00000e+00
1.53200e+03 3.50895e-12 0.00000e+00
1.53300e+03 3.90587e-12 0.00000e+00
1.53400e+03 3.36457e-12 0.00000e+00
1.53500e+03 3.74171e-12 0.00000e+00
1.53600e+03 3.48384e-12 0.00000e+00
1.53700e+03 3.65282e-12 0.00000e+00
1.53800e+03 3.49238e-12 0.00000e+00
1.53900e+03 3.72750e-12 0.00000e+00
1.54000e+03 3.74970e-12 0.00000e+00
1.54100e+03 3.42525e-12 0.00000e+00
1.54200e+03 3.86493e-12 0.00000e+00
1.54300e+03 3.46296e-12 0.00000e+00
1.54400e+03 3.77129e-12 0.00000e+00
1.54500e+03 3.59879e-12 0.00000e+00
1.54600e+03 3.35156e-12 0.00000e+00
1.54700e+03 3.50213e-12 0.00000e+00
1.54800e+03 3.53992e-12 0.00000e+00
1.54900e+03 3.43760e-12 0.00000e+00
1.55000e+03 3.77260e-12 0.00000e+00
1.55100e+03 3.69662e-12 0.00000e+00
1.55200e+03 3.74888e-12 0.00000e+00
1.55300e+03 3.41206e-12 0.00000e+00
1.55400e+03 3.54506e-12 0.00000e+00
1.55500e+03 3.51263e-12 0.00000e+00
1.55600e+03 3.36279e-12 0.00000e+00
1.55700e+03 3.01095e-12 0.00000e+00
1.55800e+03 3.39901e-12 0.00000e+00
1.55900e+03 3.67687e-12 0.00000e+00
1.56000e+03 3.73146e-12 0.00000e+00
1.56100e+03 3.51255e-12 0.00000e+00
1.56200e+03 3.47431e-12 0.00000e+00
1.56300e+03 3.56519e-12 0.00000e+00
1.56400e+03 3.21725e-12 0.00000e+00
1.56500e+03 3.59593e-12 0.00000e+00
1.56600e+03 3.40864e-12 0.00000e+00
1.56700e+03 3.28472e-12 0.00000e+00
1.56800e+03 3.46610e-12 0.00000e+00
1.56900e+03 3.32108e-12 0.00000e+00
1.57000e+03 3.64160e-12 0.00000e+00
1.57100e+03 3.48195e-12 0.00000e+00
1.57200e+03 3.26187e-12 0.00000e+00
1.57300e+03 3.33643e-12 0.00000e+00
1.57400e+03 3.50070e-12 0.00000e+00
1.57500e+03 3.37180e-12 0.00000e+00
1.57600e+03 3.38397e-12 0.00000e+00
1.57700e+03 3.21538e-12 0.00000e+00
1.57800e+03 3.34718e-12 0.00000e+00
1.57900e+03 3.23654e-12 0.00000e+00
1.58000e+03 3.59371e-12 0.00000e+00
1.58100e+03 3.50529e-12 0.00000e+00
1.58200e+03 3.45582e-12 0.00000e+00
1.58300e+03 3.53801e-12 0.00000e+00
1.58400e+03 3.27050e-12 0.00000e+00
1.58500e+03 3.51095e-12 0.00000e+00
1.58600e+03 3.60071e-12 0.00000e+00
1.58700e+03 3.53877e-12 0.00000e+00
1.58800e+03 3.41526e-12 0.00000e+00
1.58900e+03 3.44618e-12 0.00000e+00
1.59000e+03 3.25596e-12 0.00000e+00
1.59100e+03 3.22451e-12 0.00000e+00
1.59200e+03 3.55773e-12 0.00000e+00
1.59300e+03 3.36970e-12 0.00000e+00
1.59400e+03 3.15066e-12 0.00000e+00
1.59500e+03 3.09180e-12 0.00000e+00
1.59600e+03 3.61043e-12 0.00000e+00
1.59700e+03 3.25355e-12 0.00000e+00
1.59800e+03 3.21097e-12 0.00000e+00
1.59900e+03 3.45429e-12 0.00000e+00
1.60000e+03 3.38326e-12 0.00000e+00
1.60100e+03 3.31085e-12 0.00000e+00
1.60200e+03 3.26506e-12 0.00000e+00
1.60300e+03 3.40926e-12 0.00000e+00
1.60400e+03 3.27534e-12 0.00000e+00
1.60500e+03 3.50724e-12 0.00000e+00
1.60600e+03 3.48150e-12 0.00000e+00
1.60700e+03 3.42352e-12 0.00000e+00
1.60800e+03 3.16296e-12 0.00000e+00
1.60900e+03 3.20359e-12 0.00000e+00
1.61000e+03 3.39636e-12 0.00000e+00
1.61100e+03 3.11918e-12 0.00000e+00
1.61200e+03 3.09282e-12 0.00000e+00
1.61300e+03 3.24249e-12 0.00000e+00
1.61400e+03 3.05992e-12 0.00000e+00
1.61500e+03 3.25783e-12 0.00000e+00
1.61600e+03 3.20139e-12 0.00000e+00
1.61700e+03 3.28039e-12 0.00000e+00
1.61800e+03 3.43582e-12 0.00000e+00
1.61900e+03 3.02763e-12 0.00000e+00
1.62000e+03 3.14003e-12 0.00000e+00
1.62100e+03 3.11292e-12 0.00000e+00
1.62200e+03 3.32238e-12 0.00000e+00
1.62300e+03 3.14608e-12 0.00000e+00
1.62400e+03 3.01960e-12 0.00000e+00
1.62500e+03 3.27197e-12 0.00000e+00
1.62600e+03 3.26736e-12 0.00000e+00
1.62700e+03 3.21586e-12 0.00000e+00
1.62800e+03 3.45912e-12 0.00000e+00
1.62900e+03 2.93787e-12 0.00000e+00
1.63000e+03 3.18837e-12 0.00000e+00
1.63100e+03 3.27380e-12 0.00000e+00
1.63200e+03 3.22170e-12 0.00000e+00
1.63300e+03 3.14221e-12 0.00000e+00
1.63400e+03 3.05785e-12 0.00000e+00
1.63500e+03 3.23230e-12 0.00000e+00
1.63600e+03 2.91661e-12 0.00000e+00
1.63700e+03 3.51591e-12 0.00000e+00
1.63800e+03 3.13538e-12 0.00000e+00
1.63900e+03 3.09421e-12 0.00000e+00
1.64000e+03 3.13275e-12 0.00000e+00
1.64100e+03 3.04500e-12 0.00000e+00
1.64200e+03 3.49126e-12 0.00000e+00
1.64300e+03 3.19083e-12 0.00000e+00
1.64400e+03 3.24486e-12 0.00000e+00
1.64500e+03 3.14658e-12 0.00000e+00
1.64600e+03 3.00477e-12 0.00000e+00
1.64700e+03 3.02933e-12 0.00000e+00
1.64800e+03 3.27626e-12 0.00000e+00
1.64900e+03 2.95298e-12 0.00000e+00
1.65000e+03 3.21144e-12 0.00000e+00
1.65100e+03 3.05388e-12 0.00000e+00
1.65200e+03 3.03153e-12 0.00000e+00
1.65300e+03 3.15072e-12 0.00000e+00
1.65400e+03 3.02147e-12 0.00000e+00
1.65500e+03 3.00320e-12 0.00000e+00
1.65600e+03 3.09261e-12 0.00000e+00
1.65700e+03 3.26833e-12 0.00000e+00
1.65800e+03 3.09307e-12 0.00000e+00
1.65900e+03 2.90195e-12 0.00000e+00
1.66000e+03 3.08139e-12 0.00000e+00
1.66100e+03 2.88576e-12 0.00000e+00
1.66200e+03 2.84047e-12 0.00000e+00
1.66300e+03 2.96216e-12 0.00000e+00
1.66400e+03 2.80875e-12 0.00000e+00
1.66500e+03 2.93521e-12 0.00000e+00
1.66600e+03 3.05389e-12 0.00000e+00
1.66700e+03 2.70461e-12 0.00000e+00
1.66800e+03 3.11833e-12 0.00000e+00
1.66900e+03 2.79167e-12 0.00000e+00
1.67000e+03 3.08537e-12 0.00000e+00
1.67100e+03 2.91658e-12 0.00000e+00
1.67200e+03 2.68635e-12 0.00000e+00
1.67300e+03 2.97851e-12 0.00000e+00
1.67400e+03 2.97818e-12 0.00000e+00
1.67500e+03 3.22238e-12 0.00000e+00
1.67600e+03 2.79665e-12 0.00000e+00
1.67700e+03 2.98280e-12 0.00000e+00
1.67800e+03 3.27545e-12 0.00000e+00
1.67900e+03 2.92244e-12 0.00000e+00
1.68000e+03 2.81230e-12 0.00000e+00
1.68100e+03 2.74006e-12 0.00000e+00
1.68200e+03 3.03284e-12 0.00000e+00
1.68300e+03 2.96164e-12 0.00000e+00
1.68400e+03 2.84111e-12 0.00000e+00
1.68500e+03 2.79804e-12 0.00000e+00
1.68600e+03 2.90326e-12 0.00000e+00
1.68700e+03 3.06927e-12 0.00000e+00
1.68800e+03 2.89710e-12 0.00000e+00
1.68900e+03 2.92685e-12 0.00000e+00
1.69000e+03 2.66186e-12 0.00000e+00
1.69100e+03 2.85661e-12 0.00000e+00
1.69200e+03 3.02572e-12 0.00000e+00
1.69300e+03 2.68917e-12 0.00000e+00
1.69400e+03 2.69117e-12 0.00000e+00
1.69500e+03 3.06935e-12 0.00000e+00
1.69600e+03 2.78846e-12 0.00000e+00
1.69700e+03 2.77480e-12 0.00000e+00
1.69800e+03 2.82384e-12 0.00000e+00
1.69900e+03 2.77671e-12 0.00000e+00
1.70000e+03 2.67471e-12 0.00000e+00
1.70100e+03 2.80618e-12 0.00000e+00
1.70200e+03 2.80193e-12 0.00000e+00
1.70300e+03 2.93960e-12 0.00000e+00
1.70400e+03 3.01788e-12 0.00000e+00
1.70500e+03 2.76067e-12 0.00000e+00
1.70600e+03 2.83468e-12 0.00000e+00
1.70700e+03 2.99682e-12 0.00000e+00
1.70800e+03 2.64780e-12 0.00000e+00
1.70900e+03 2.68391e-12 0.00000e+00
1.71000e+03 2.70347e-12 0.00000e+00
1.71100e+03 2.71051e-12 0.00000e+00
1.71200e+03 2.80278e-12 0.00000e+00
1.71300e+03 2.97269e-12 0.00000e+00
1.71400e+03 2.44966e-12 0.00000e+00
1.71500e+03 2.72654e-12 0.00000e+00
1.71600e+03 2.85058e-12 0.00000e+00
1.71700e+03 2.69454e-12 0.00000e+00
1.71800e+03 2.86316e-12 0.00000e+00
1.71900e+03 2.75195e-12 0.00000e+00
1.72000e+03 2.82213e-12 0.00000e+00
1.72100e+03 2.59518e-12 0.00000e+00
1.72200e+03 2.85092e-12 0.00000e+00
1.72300e+03 2.78307e-12 0.00000e+00
1.72400e+03 2.86418e-12 0.00000e+00
1.72500e+03 2.79653e-12 0.00000e+00
1.72600e+03 2.73748e-12 0.00000e+00
1.72700e+03 2.87183e-12 0.00000e+00
1.72800e+03 2.61505e-12 0.00000e+00
1.72900e+03 2.81902e-12 0.00000e+00
1.73000e+03 2.80342e-12 0.00000e+00
1.73100e+03 2.53379e-12 0.00000e+00
1.73200e+03 2.74196e-12 0.00000e+00
1.73300e+03 2.64845e-12 0.00000e+00
1.73400e+03 2.65000e-12 0.00000e+00
1.73500e+03 2.75489e-12 0.00000e+00
1.73600e+03 2.61625e-12 0.00000e+00
1.73700e+03 2.91755e-12 0.00000e+00
1.73800e+03 2.66134e-12 0.00000e+00
1.73900e+03 2.65374e-12 0.00000e+00
1.74000e+03 2.61996e-12 0.00000e+00
1.74100e+03 2.58192e-12 0.00000e+00
1.74200e+03 2.49377e-12 0.00000e+00
1.74300e+03 2.68439e-12 0.00000e+00
1.74400e+03 2.83779e-12 0.00000e+00
1.74500e+03 2.75817e-12 0.00000e+00
1.74600e+03 2.70186e-12 0.00000e+00
1.74700e+03 2.49116e-12 0.00000e+00
1.74800e+03 2.61627e-12 0.00000e+00
1.74900e+03 2.53073e-12 0.00000e+00
1.75000e+03 2.47527e-12 0.00000e+00
1.75100e+03 2.56021e-12 0.00000e+00
1.75200e+03 2.82715e-12 0.00000e+00
1.75300e+03 2.79519e-12 0.00000e+00
1.75400e+03 2.60743e-12 0.00000e+00
1.75500e+03 2.58326e-12 0.00000e+00
1.75600e+03 2.70534e-12 0.00000e+00
1.75700e+03 2.60987e-12 0.00000e+00
1.75800e+03 2.85094e-12 0.00000e+00
1.75900e+03 2.72366e-12 0.00000e+00
1.76000e+03 2.61402e-12 0.00000e+00
1.76100e+03 2.87982e-12 0.00000e+00
1.76200e+03 2.60622e-12 0.00000e+00
1.76300e+03 2.45750e-12 0.00000e+00
1.76400e+03 2.60084e-12 0.00000e+00
1.76500e+03 2.89155e-12 0.00000e+00
1.76600e+03 2.63487e-12 0.00000e+00
1.76700e+03 2.57257e-12 0.00000e+00
1.76800e+03 2.57872e-12 0.00000e+00
1.76900e+03 2.48510e-12 0.00000e+00
1.77000e+03 2.31212e-12 0.00000e+00
1.77100e+03 2.45695e-12 0.00000e+00
1.77200e+03 2.39126e-12 0.00000e+00
1.77300e+03 2.88505e-12 0.00000e+00
1.77400e+03 2.39833e-12 0.00000e+00
1.77500e+03 2.51025e-12 0.00000e+00
1.77600e+03 2.60251e-12 0.00000e+00
1.77700e+03 2.71104e-12 0.00000e+00
1.77800e+03 2.56356e-12 0.00000e+00
1.77900e+03 2.58121e-12 0.00000e+00
1.78000e+03 2.40822e-12 0.00000e+00
1.78100e+03 2.46903e-12 0.00000e+00
1.78200e+03 2.40651e-12 0.00000e+00
1.78300e+03 2.55116e-12 0.00000e+00
1.78400e+03 2.45986e-12 0.00000e+00
1.78500e+03 2.64091e-12 0.00000e+00
1.78600e+03 2.66008e-12 0.00000e+00
1.78700e+03 2.31162e-12 0.00000e+00
1.78800e+03 2.41156e-12 0.00000e+00
1.78900e+03 2.46568e-12 0.00000e+00
1.79000e+03 2.28400e-12 0.00000e+00
1.79100e+03 2.40142e-12 0.00000e+00
1.79200e+03 2.44967e-12 0.00000e+00
1.79300e+03 2.34038e-12 0.00000e+00
1.79400e+03 2.38322e-12 0.00000e+00
1.79500e+03 2.37705e-12 0.00000e+00
1.79600e+03 2.25718e-12 0.00000e+00
1.79700e+03 2.37863e-12 0.00000e+00
1.79800e+03 2.52040e-12 0.00000e+00
1.79900e+03 2.36965e-12 0.00000e+00
1.80000e+03 2.38083e-12 0.00000e+00
1.80100e+03 2.43065e-12 0.00000e+00
1.80200e+03 2.36679e-12 0.00000e+00
1.80300e+03 2.54785e-12 0.00000e+00
1.80400e+03 2.47190e-12 0.00000e+00
1.80500e+03 2.44470e-12 0.00000e+00
1.80600e+03 2.29141e-12 0.00000e+00
1.80700e+03 2.36336e-12 0.00000e+00
1.80800e+03 2.32250e-12 0.00000e+00
1.80900e+03 2.25302e-12 0.00000e+00
1.81000e+03 2.35475e-12 0.00000e+00
1.81100e+03 2.27709e-12 0.00000e+00
1.81200e+03 2.51977e-12 0.00000e+00
1.81300e+03 2.17729e-12 0.00000e+00
1.81400e+03 2.61902e-12 0.00000e+00
1.81500e+03 2.28267e-12 0.00000e+00
1.81600e+03 2.22778e-12 0.00000e+00
1.81700e+03 2.45387e-12 0.00000e+00
1.81800e+03 2.37867e-12 0.00000e+00
1.81900e+03 2.38104e-12 0.00000e+00
1.82000e+03 2.54001e-12 0.00000e+00
1.82100e+03 2.27994e-12 0.00000e+00
1.82200e+03 2.41212e-12 0.00000e+00
1.82300e+03 2.23193e-12 0.00000e+00
1.82400e+03 2.30924e-12 0.00000e+00
1.82500e+03 2.38951e-12 0.00000e+00
1.82600e+03 2.27181e-12 0.00000e+00
1.82700e+03 2.13668e-12 0.00000e+00
1.82800e+03 2.36146e-12 0.00000e+00
1.82900e+03 2.33551e-12 0.00000e+00
1.83000e+03 2.14217e-12 0.00000e+00
1.83100e+03 2.13572e-12 0.00000e+00
1.83200e+03 2.21424e-12 0.00000e+00
1.83300e+03 2.27210e-12 0.00000e+00
1.83400e+03 2.40391e-12 0.00000e+00
1.83500e+03 2.41032e-12 0.00000e+00
1.83600e+03 2.32263e-12 0.00000e+00
1.83700e+03 2.41688e-12 0.00000e+00
1.83800e+03 2.37200e-12 0.00000e+00
1.83900e+03 2.28396e-12 0.00000e+00
1.84000e+03 2.41269e-12 0.00000e+00
1.84100e+03 2.35909e-12 0.00000e+00
1.84200e+03 2.15239e-12 0.00000e+00
1.84300e+03 2.20379e-12 0.00000e+00
1.84400e+03 2.28166e-12 0.00000e+00
1.84500e+03 2.07804e-12 0.00000e+00
1.84600e+03 2.07145e-12 0.00000e+00
1.84700e+03 2.17306e-12 0.00000e+00
1.84800e+03 2.16764e-12 0.00000e+00
1.84900e+03 2.34756e-12 0.00000e+00
1.85000e+03 2.30631e-12 0.00000e+00
1.85100e+03 2.15563e-12 0.00000e+00
1.85200e+03 2.14822e-12 0.00000e+00
1.85300e+03 2.22476e-12 0.00000e+00
1.85400e+03 2.17674e-12 0.00000e+00
1.85500e+03 2.32183e-12 0.00000e+00
1.85600e+03 2.16214e-12 0.00000e+00
1.85700e+03 2.05278e-12 0.00000e+00
1.85800e+03 2.07084e-12 0.00000e+00
1.85900e+03 2.28705e-12 0.00000e+00
1.86000e+03 2.19038e-12 0.00000e+00
1.86100e+03 2.15730e-12 0.00000e+00
1.86200e+03 2.30273e-12 0.00000e+00
1.86300e+03 2.16760e-12 0.00000e+00
1.86400e+03 2.44898e-12 0.00000e+00
1.86500e+03 2.26788e-12 0.00000e+00
1.86600e+03 2.16495e-12 0.00000e+00
1.86700e+03 2.19059e-12 0.00000e+00
1.86800e+03 2.09772e-12 0.00000e+00
1.86900e+03 2.04776e-12 0.00000e+00
1.87000e+03 2.06195e-12 0.00000e+00
1.87100e+03 2.15922e-12 0.00000e+00
1.87200e+03 1.97172e-12 0.00000e+00
1.87300e+03 2.30015e-12 0.00000e+00
1.87400e+03 2.18241e-12 0.00000e+00
1.87500e+03 2.05090e-12 0.00000e+00
1.87600e+03 2.00486e-12 0.00000e+00
1.87700e+03 2.19907e-12 0.00000e+00
1.87800e+03 2.19503e-12 0.00000e+00
1.87900e+03 1.94296e-12 0.00000e+00
1.88000e+03 2.13023e-12 0.00000e+00
1.88100e+03 2.12780e-12 0.00000e+00
1.88200e+03 2.08669e-12 0.00000e+00
1.88300e+03 2.37850e-12 0.00000e+00
1.88400e+03 2.13700e-12 0.00000e+00
1.88500e+03 2.08562e-12 0.00000e+00
1.88600e+03 1.99107e-12 0.00000e+00
1.88700e+03 2.23290e-12 0.00000e+00
1.88800e+03 1.98021e-12 0.00000e+00
1.88900e+03 2.25058e-12 0.00000e+00
1.89000e+03 2.15904e-12 0.00000e+00
1.89100e+03 2.14438e-12 0.00000e+00
1.89200e+03 1.92485e-12 0.00000e+00
1.89300e+03 1.97179e-12 0.00000e+00
1.89400e+03 2.02358e-12 0.00000e+00
1.89500e+03 1.95259e-12 0.00000e+00
1.89600e+03 1.96597e-12 0.00000e+00
1.89700e+03 1.98919e-12 0.00000e+00
1.89800e+03 2.10077e-12 0.00000e+00
1.89900e+03 1.88472e-12 0.00000e+00
1.90000e+03 1.87213e-12 0.00000e+00
1.90100e+03 1.81221e-12 0.00000e+00
1.90200e+03 2.16767e-12 0.00000e+00
1.90300e+03 2.10538e-12 0.00000e+00
1.90400e+03 2.08026e-12 0.00000e+00
1.90500e+03 1.93927e-12 0.00000e+00
1.90600e+03 1.96347e-12 0.00000e+00
1.90700e+03 1.88957e-12 0.00000e+00
1.90800e+03 2.18184e-12 0.00000e+00
1.90900e+03 2.02727e-12 0.00000e+00
1.91000e+03 1.99853e-12 0.00000e+00
1.91100e+03 1.80096e-12 0.00000e+00
1.91200e+03 2.09460e-12 0.00000e+00
1.91300e+03 1.98307e-12 0.00000e+00
1.91400e+03 1.95288e-12 0.00000e+00
1.91500e+03 1.91180e-12 0.00000e+00
1.91600e+03 2.05941e-12 0.00000e+00
1.91700e+03 2.01627e-12 0.00000e+00
1.91800e+03 1.88219e-12 0.00000e+00
1.91900e+03 1.88366e-12 0.00000e+00
1.92000e+03 2.04899e-12 0.00000e+00
1.92100e+03 1.91191e-12 0.00000e+00
1.92200e+03 2.01221e-12 0.00000e+00
1.92300e+03 1.95607e-12 0.00000e+00
1.92400e+03 1.95929e-12 0.00000e+00
1.92500e+03 1.89432e-12 0.00000e+00
1.92600e+03 1.92627e-12 0.00000e+00
1.92700e+03 2.08729e-12 0.00000e+00
1.92800e+03 1.98300e-12 0.00000e+00
1.92900e+03 2.01486e-12 0.00000e+00
1.93000e+03 1.88011e-12 0.00000e+00
1.93100e+03 1.88961e-12 0.00000e+00
1.93200e+03 1.82341e-12 0.00000e+00
1.93300e+03 1.89655e-12 0.00000e+00
1.93400e+03 1.84703e-12 0.00000e+00
1.93500e+03 1.79282e-12 0.00000e+00
1.93600e+03 2.02187e-12 0.00000e+00
1.93700e+03 1.99689e-12 0.00000e+00
1.93800e+03 1.90464e-12 0.00000e+00
1.93900e+03 1.94088e-12 0.00000e+00
1.94000e+03 1.75865e-12 0.00000e+00
1.94100e+03 1.99920e-12 0.00000e+00
1.94200e+03 1.86736e-12 0.00000e+00
1.94300e+03 1.81433e-12 0.00000e+00
1.94400e+03 1.91948e-12 0.00000e+00
1.94500e+03 1.89860e-12 0.00000e+00
1.94600e+03 1.79382e-12 0.00000e+00
1.94700e+03 1.71561e-12 0.00000e+00
1.94800e+03 1.88431e-12 0.00000e+00
1.94900e+03 1.99228e-12 0.00000e+00
1.95000e+03 1.74758e-12 0.00000e+00
1.95100e+03 1.97796e-12 0.00000e+00
1.95200e+03 2.03415e-12 0.00000e+00
1.95300e+03 1.86091e-12 0.00000e+00
1.95400e+03 1.80774e-12 0.00000e+00
1.95500e+03 1.89011e-12 0.00000e+00
1.95600e+03 1.76710e-12 0.00000e+00
1.95700e+03 1.76926e-12 0.00000e+00
1.95800e+03 1.82786e-12 0.00000e+00
1.95900e+03 1.76851e-12 0.00000e+00
1.96000e+03 1.90103e-12 0.00000e+00
1.96100e+03 1.78801e-12 0.00000e+00
1.96200e+03 1.64067e-12 0.00000e+00
1.96300e+03 1.89985e-12 0.00000e+00
1.96400e+03 1.72663e-12 0.00000e+00
1.96500e+03 1.94048e-12 0.00000e+00
1.96600e+03 1.85058e-12 0.00000e+00
1.96700e+03 1.81513e-12 0.00000e+00
1.96800e+03 1.78015e-12 0.00000e+00
1.96900e+03 1.69652e-12 0.00000e+00
1.97000e+03 1.80213e-12 0.00000e+00
1.97100e+03 1.76503e-12 0.00000e+00
1.97200e+03 1.74589e-12 0.00000e+00
1.97300e+03 1.74723e-12 0.00000e+00
1.97400e+03 1.67349e-12 0.00000e+00
1.97500e+03 1.73106e-12 0.00000e+00
1.97600e+03 1.74629e-12 0.00000e+00
1.97700e+03 1.81338e-12 0.00000e+00
1.97800e+03 1.77864e-12 0.00000e+00
1.97900e+03 1.80916e-12 0.00000e+00
1.98000e+03 1.73840e-12 0.00000e+00
1.98100e+03 1.71727e-12 0.00000e+00
1.98200e+03 1.79587e-12 0.00000e+00
1.98300e+03 1.68950e-12 0.00000e+00
1.98400e+03 1.68656e-12 0.00000e+00
1.98500e+03 1.72600e-12 0.00000e+00
1.98600e+03 1.73963e-12 0.00000e+00
1.98700e+03 1.76380e-12 0.00000e+00
1.98800e+03 1.80684e-12 0.00000e+00
1.98900e+03 1.67096e-12 0.00000e+00
1.99000e+03 1.68450e-12 0.00000e+00
1.99100e+03 1.75974e-12 0.00000e+00
1.99200e+03 1.73567e-12 0.00000e+00
1.99300e+03 1.68812e-12 0.00000e+00
1.99400e+03 1.72455e-12 0.00000e+00
1.99500e+03 1.66528e-12 0.00000e+00
1.99600e+03 1.68608e-12 0.00000e+00
1.99700e+03 1.66147e-12 0.00000e+00
1.99800e+03 1.64863e-12 0.00000e+00
1.99900e+03 1.66306e-12 0.00000e+00
2.00000e+03 1.66642e-12 0.00000e+00
