0.00000e+00 0.00000e+00 0.00000e+00
1.00000e+00 0.00000e+00 0.00000e+00
2.00000e+00 0.00000e+00 0.00000e+00
3.00000e+00 0.00000e+00 0.00000e+00
4.00000e+00 0.00000e+00 0.00000e+00
5.00000e+00 0.00000e+00 0.00000e+00
6.00000e+00 0.00000e+00 0.00000e+00
7.00000e+00 0.00000e+00 0.00000e+00
8.00000e+00 0.00000e+00 0.00000e+00
9.00000e+00 0.00000e+00 0.00000e+00
1.00000e+01 0.00000e+00 0.00000e+00
1.10000e+01 0.00000e+00 0.00000e+00
1.20000e+01 0.00000e+00 0.00000e+00
1.30000e+01 0.00000e+00 0.00000e+00
1.40000e+01 0.00000e+00 0.00000e+00
1.50000e+01 0.00000e+00 0.00000e+00
1.60000e+01 0.00000e+00 0.00000e+00
1.70000e+01 0.00000e+00 0.00000e+00
1.80000e+01 0.00000e+00 0.00000e+00
1.90000e+01 0.00000e+00 0.00000e+00
2.00000e+01 0.00000e+00 0.00000e+00
2.10000e+01 0.00000e+00 0.00000e+00
2.20000e+01 0.00000e+00 0.00000e+00
2.30000e+01 0.00000e+00 0.00000e+00
2.40000e+01 0.00000e+00 0.00000e+00
2.50000e+01 0.00000e+00 0.00000e+00
2.60000e+01 0.00000e+00 0.00000e+00
2.70000e+01 0.00000e+00 0.00000e+00
2.80000e+01 0.00000e+00 0.00000e+00
2.90000e+01 0.00000e+00 0.00000e+00
3.00000e+01 0.00000e+00 0.00000e+00
3.10000e+01 0.00000e+00 0.00000e+00
3.20000e+01 0.00000e+00 0.00000e+00
3.30000e+01 0.00000e+00 0.00000e+00
3.40000e+01 0.00000e+00 0.00000e+00
3.50000e+01 0.00000e+00 0.00000e+00
3.60000e+01 0.00000e+00 0.00000e+00
3.70000e+01 0.00000e+00 0.00000e+00
3.80000e+01 0.00000e+00 0.00000e+00
3.90000e+01 0.00000e+00 0.00000e+00
4.00000e+01 0.00000e+00 0.00000e+00
4.10000e+01 0.00000e+00 0.00000e+00
4.20000e+01 0.00000e+00 0.00000e+00
4.30000e+01 0.00000e+00 0.00000e+00
4.40000e+01 0.00000e+00 0.00000e+00
4.50000e+01 0.00000e+00 0.00000e+00
4.60000e+01 0.00000e+00 0.00000e+00
4.70000e+01 0.00000e+00 0.00000e+00
4.80000e+01 0.00000e+00 0.00000e+00
4.90000e+01 0.00000e+00 0.00000e+00
5.00000e+01 0.00000e+00 0.00000e+00
5.10000e+01 0.00000e+00 0.00000e+00
5.20000e+01 0.00000e+00 0.00000e+00
5.30000e+01 0.00000e+00 0.00000e+00
5.40000e+01 0.00000e+00 0.00000e+00
5.50000e+01 0.00000e+00 0.00000e+00
5.60000e+01 0.00000e+00 0.00000e+00
5.70000e+01 0.00000e+00 0.00000e+00
5.80000e+01 0.00000e+00 0.00000e+00
5.90000e+01 0.00000e+00 0.00000e+00
6.00000e+01 0.00000e+00 0.00000e+00
6.10000e+01 0.00000e+00 0.00000e+00
6.20000e+01 0.00000e+00 0.00000e+00
6.30000e+01 0.00000e+00 0.00000e+00
6.40000e+01 0.00000e+00 0.00000e+00
6.50000e+01 0.00000e+00 0.00000e+00
6.60000e+01 0.00000e+00 0.00000e+00
6.70000e+01 0.00000e+00 0.00000e+00
6.80000e+01 0.00000e+00 0.00000e+00
6.90000e+01 0.00000e+00 0.00000e+00
7.00000e+01 0.00000e+00 0.00000e+00
7.10000e+01 0.00000e+00 0.00000e+00
7.20000e+01 0.00000e+00 0.00000e+00
7.30000e+01 0.00000e+00 0.00000e+00
7.40000e+01 0.00000e+00 0.00000e+00
7.50000e+01 0.00000e+00 0.00000e+00
7.60000e+01 0.00000e+00 0.00000e+00
7.70000e+01 0.00000e+00 0.00000e+00
7.80000e+01 0.00000e+00 0.00000e+00
7.90000e+01 0.00000e+00 0.00000e+00
8.00000e+01 0.00000e+00 0.00000e+00
8.10000e+01 0.00000e+00 0.00000e+00
8.20000e+01 0.00000e+00 0.00000e+00
8.30000e+01 0.00000e+00 0.00000e+00
8.40000e+01 0.00000e+00 0.00000e+00
8.50000e+01 0.00000e+00 0.00000e+00
8.60000e+01 0.00000e+00 0.00000e+00
8.70000e+01 0.00000e+00 0.00000e+00
8.80000e+01 0.00000e+00 0.00000e+00
8.90000e+01 0.00000e+00 0.00000e+00
9.00000e+01 0.00000e+00 0.00000e+00
9.10000e+01 0.00000e+00 0.00000e+00
9.20000e+01 0.00000e+00 0.00000e+00
9.30000e+01 0.00000e+00 0.00000e+00
9.40000e+01 0.00000e+00 0.00000e+00
9.50000e+01 0.00000e+00 0.00000e+00
9.60000e+01 0.00000e+00 0.00000e+00
9.70000e+01 0.00000e+00 0.00000e+00
9.80000e+01 0.00000e+00 0.00000e+00
9.90000e+01 0.00000e+00 0.00000e+00
1.00000e+02 1.33542e-11 0.00000e+00
1.01000e+02 1.42672e-11 0.00000e+00
1.02000e+02 1.33985e-11 0.00000e+00
1.03000e+02 1.21969e-11 0.00000e+00
1.04000e+02 1.04240e-11 0.00000e+00
1.05000e+02 1.58607e-11 0.00000e+00
1.06000e+02 1.14614e-11 0.00000e+00
1.07000e+02 1.15233e-11 0.00000e+00
1.08000e+02 1.36123e-11 0.00000e+00
1.09000e+02 1.43090e-11 0.00000e+00
1.10000e+02 1.58663e-11 0.00000e+00
1.11000e+02 1.64295e-11 0.00000e+00
1.12000e+02 1.37905e-11 0.00000e+00
1.13000e+02 2.03039e-11 0.00000e+00
1.14000e+02 1.62774e-11 0.00000e+00
1.15000e+02 1.86503e-11 0.00000e+00
1.16000e+02 1.21884e-11 0.00000e+00
1.17000e+02 1.22730e-11 0.00000e+00
1.18000e+02 9.26201e-12 0.00000e+00
1.19000e+02 1.05872e-11 0.00000e+00
1.20000e+02 1.36553e-11 0.00000e+00
1.21000e+02 1.62510e-11 0.00000e+00
1.22000e+02 1.13585e-11 0.00000e+00
1.23000e+02 1.25170e-11 0.00000e+00
1.24000e+02 1.52614e-11 0.00000e+00
1.25000e+02 9.62248e-12 0.00000e+00
1.26000e+02 8.76404e-12 0.00000e+00
1.27000e+02 1.24128e-11 0.00000e+00
1.28000e+02 1.01425e-11 0.00000e+00
1.29000e+02 1.12995e-11 0.00000e+00
1.30000e+02 1.10052e-11 0.00000e+00
1.31000e+02 1.52324e-11 0.00000e+00
1.32000e+02 9.65278e-12 0.00000e+00
1.33000e+02 1.21204e-11 0.00000e+00
1.34000e+02 1.11389e-11 0.00000e+00
1.35000e+02 8.53971e-12 0.00000e+00
1.36000e+02 1.04223e-11 0.00000e+00
1.37000e+02 1.05689e-11 0.00000e+00
1.38000e+02 1.51157e-11 0.00000e+00
1.39000e+02 1.12208e-11 0.00000e+00
1.40000e+02 9.64390e-12 0.00000e+00
1.41000e+02 1.02496e-11 0.00000e+00
1.42000e+02 1.04926e-11 0.00000e+00
1.43000e+02 1.16815e-11 0.00000e+00
1.44000e+02 1.18956e-11 0.00000e+00
1.45000e+02 1.05928e-11 0.00000e+00
1.46000e+02 1.05950e-11 0.00000e+00
1.47000e+02 8.54240e-12 0.00000e+00
1.48000e+02 1.10753e-11 0.00000e+00
1.49000e+02 8.34217e-12 0.00000e+00
1.50000e+02 9.56927e-12 0.00000e+00
1.51000e+02 7.28786e-12 0.00000e+00
1.52000e+02 9.28091e-12 0.00000e+00
1.53000e+02 9.66287e-12 0.00000e+00
1.54000e+02 1.09027e-11 0.00000e+00
1.55000e+02 1.01960e-11 0.00000e+00
1.56000e+02 8.02655e-12 0.00000e+00
1.57000e+02 1.26147e-11 0.00000e+00
1.58000e+02 7.07033e-12 0.00000e+00
1.59000e+02 8.84842e-12 0.00000e+00
1.60000e+02 8.60950e-12 0.00000e+00
1.61000e+02 1.00451e-11 0.00000e+00
1.62000e+02 9.79831e-12 0.00000e+00
1.63000e+02 1.02359e-11 0.00000e+00
1.64000e+02 1.08569e-11 0.00000e+00
1.65000e+02 6.52068e-12 0.00000e+00
1.66000e+02 7.24684e-12 0.00000e+00
1.67000e+02 1.09057e-11 0.00000e+00
1.68000e+02 7.33574e-12 0.00000e+00
1.69000e+02 9.44246e-12 0.00000e+00
1.70000e+02 1.10549e-11 0.00000e+00
1.71000e+02 9.23330e-12 0.00000e+00
1.72000e+02 8.98203e-12 0.00000e+00
1.73000e+02 1.04480e-11 0.00000e+00
1.74000e+02 7.33296e-12 0.00000e+00
1.75000e+02 7.92129e-12 0.00000e+00
1.76000e+02 9.01069e-12 0.00000e+00
1.77000e+02 7.83206e-12 0.00000e+00
1.78000e+02 8.67133e-12 0.00000e+00
1.79000e+02 8.52290e-12 0.00000e+00
1.80000e+02 1.01927e-11 0.00000e+00
1.81000e+02 8.70057e-12 0.00000e+00
1.82000e+02 1.08281e-11 0.00000e+00
1.83000e+02 7.79772e-12 0.00000e+00
1.84000e+02 8.28509e-12 0.00000e+00
1.85000e+02 8.41378e-12 0.00000e+00
1.86000e+02 7.54513e-12 0.00000e+00
1.87000e+02 9.54257e-12 0.00000e+00
1.88000e+02 1.04923e-11 0.00000e+00
1.89000e+02 9.28315e-12 0.00000e+00
1.90000e+02 7.34542e-12 0.00000e+00
1.91000e+02 7.29523e-12 0.00000e+00
1.92000e+02 6.73466e-12 0.00000e+00
1.93000e+02 7.81505e-12 0.00000e+00
1.94000e+02 6.94995e-12 0.00000e+00
1.95000e+02 7.68687e-12 0.00000e+00
1.96000e+02 6.53469e-12 0.00000e+00
1.97000e+02 4.44484e-12 0.00000e+00
1.98000e+02 8.61869e-12 0.00000e+00
1.99000e+02 7.75469e-12 0.00000e+00
2.00000e+02 8.54080e-12 0.00000e+00
2.01000e+02 7.64293e-12 0.00000e+00
2.02000e+02 7.21515e-12 0.00000e+00
2.03000e+02 8.42795e-12 0.00000e+00
2.04000e+02 7.62370e-12 0.00000e+00
2.05000e+02 7.13207e-12 0.00000e+00
2.06000e+02 6.99591e-12 0.00000e+00
2.07000e+02 7.30321e-12 0.00000e+00
2.08000e+02 5.95078e-12 0.00000e+00
2.09000e+02 7.13518e-12 0.00000e+00
2.10000e+02 7.84452e-12 0.00000e+00
2.11000e+02 6.28164e-12 0.00000e+00
2.12000e+02 9.17736e-12 0.00000e+00
2.13000e+02 7.55855e-12 0.00000e+00
2.14000e+02 8.72599e-12 0.00000e+00
2.15000e+02 6.95289e-12 0.00000e+00
2.16000e+02 9.21788e-12 0.00000e+00
2.17000e+02 7.04337e-12 0.00000e+00
2.18000e+02 7.64947e-12 0.00000e+00
2.19000e+02 7.70724e-12 0.00000e+00
2.20000e+02 5.44835e-12 0.00000e+00
2.21000e+02 7.26733e-12 0.00000e+00
2.22000e+02 6.50493e-12 0.00000e+00
2.23000e+02 6.88211e-12 0.00000e+00
2.24000e+02 7.24471e-12 0.00000e+00
2.25000e+02 7.33571e-12 0.00000e+00
2.26000e+02 7.92979e-12 0.00000e+00
2.27000e+02 6.18803e-12 0.00000e+00
2.28000e+02 5.97875e-12 0.00000e+00
2.29000e+02 6.62520e-12 0.00000e+00
2.30000e+02 6.63733e-12 0.00000e+00
2.31000e+02 7.90583e-12 0.00000e+00
2.32000e+02 6.71700e-12 0.00000e+00
2.33000e+02 6.65777e-12 0.00000e+00
2.34000e+02 6.82258e-12 0.00000e+00
2.35000e+02 5.86657e-12 0.00000e+00
2.36000e+02 6.47654e-12 0.00000e+00
2.37000e+02 6.74617e-12 0.00000e+00
2.38000e+02 6.12365e-12 0.00000e+00
2.39000e+02 7.13488e-12 0.00000e+00
2.40000e+02 6.96775e-12 0.00000e+00
2.41000e+02 8.18985e-12 0.00000e+00
2.42000e+02 8.13969e-12 0.00000e+00
2.43000e+02 7.09450e-12 0.00000e+00
2.44000e+02 5.93467e-12 0.00000e+00
2.45000e+02 6.88405e-12 0.00000e+00
2.46000e+02 4.99517e-12 0.00000e+00
2.47000e+02 6.60332e-12 0.00000e+00
2.48000e+02 7.12609e-12 0.00000e+00
2.49000e+02 6.16728e-12 0.00000e+00
2.50000e+02 5.59726e-12 0.00000e+00
2.51000e+02 8.20939e-12 0.00000e+00
2.52000e+02 6.65253e-12 0.00000e+00
2.53000e+02 5.46823e-12 0.00000e+00
2.54000e+02 5.90375e-12 0.00000e+00
2.55000e+02 5.98412e-12 0.00000e+00
2.56000e+02 6.01558e-12 0.00000e+00
2.57000e+02 7.11576e-12 0.00000e+00
2.58000e+02 5.22037e-12 0.00000e+00
2.59000e+02 7.18018e-12 0.00000e+00
2.60000e+02 6.61477e-12 0.00000e+00
2.61000e+02 5.80553e-12 0.00000e+00
2.62000e+02 5.86703e-12 0.00000e+00
2.63000e+02 6.13521e-12 0.00000e+00
2.64000e+02 6.05123e-12 0.00000e+00
2.65000e+02 7.47078e-12 0.00000e+00
2.66000e+02 6.93180e-12 0.00000e+00
2.67000e+02 7.26382e-12 0.00000e+00
2.68000e+02 5.90061e-12 0.00000e+00
2.69000e+02 6.77838e-12 0.00000e+00
2.70000e+02 7.24209e-12 0.00000e+00
2.71000e+02 5.59359e-12 0.00000e+00
2.72000e+02 5.36890e-12 0.00000e+00
2.73000e+02 6.63932e-12 0.00000e+00
2.74000e+02 7.31915e-12 0.00000e+00
2.75000e+02 6.52077e-12 0.00000e+00
2.76000e+02 4.04882e-12 0.00000e+00
2.77000e+02 6.53550e-12 0.00000e+00
2.78000e+02 5.97392e-12 0.00000e+00
2.79000e+02 5.91578e-12 0.00000e+00
2.80000e+02 5.65832e-12 0.00000e+00
2.81000e+02 6.44419e-12 0.00000e+00
2.82000e+02 5.28136e-12 0.00000e+00
2.83000e+02 5.07906e-12 0.00000e+00
2.84000e+02 5.53282e-12 0.00000e+00
2.85000e+02 6.51738e-12 0.00000e+00
2.86000e+02 6.73308e-12 0.00000e+00
2.87000e+02 4.59207e-12 0.00000e+00
2.88000e+02 5.38091e-12 0.00000e+00
2.89000e+02 4.75372e-12 0.00000e+00
2.90000e+02 6.78835e-12 0.00000e+00
2.91000e+02 5.60723e-12 0.00000e+00
2.92000e+02 5.46317e-12 0.00000e+00
2.93000e+02 5.10052e-12 0.00000e+00
2.94000e+02 5.09805e-12 0.00000e+00
2.95000e+02 6.02195e-12 0.00000e+00
2.96000e+02 5.99115e-12 0.00000e+00
2.97000e+02 4.95476e-12 0.00000e+00
2.98000e+02 6.58660e-12 0.00000e+00
2.99000e+02 5.77281e-12 0.00000e+00
3.00000e+02 5.22383e-12 0.00000e+00
3.01000e+02 5.41814e-12 0.00000e+00
3.02000e+02 5.16151e-12 0.00000e+00
3.03000e+02 5.10354e-12 0.00000e+00
3.04000e+02 5.61969e-12 0.00000e+00
3.05000e+02 4.91529e-12 0.00000e+00
3.06000e+02 6.41438e-12 0.00000e+00
3.07000e+02 6.08831e-12 0.00000e+00
3.08000e+02 5.61514e-12 0.00000e+00
3.09000e+02 6.08245e-12 0.00000e+00
3.10000e+02 6.15370e-12 0.00000e+00
3.11000e+02 4.70657e-12 0.00000e+00
3.12000e+02 5.93065e-12 0.00000e+00
3.13000e+02 6.37354e-12 0.00000e+00
3.14000e+02 4.55454e-12 0.00000e+00
3.15000e+02 5.22142e-12 0.00000e+00
3.16000e+02 6.07519e-12 0.00000e+00
3.17000e+02 4.75313e-12 0.00000e+00
3.18000e+02 5.22946e-12 0.00000e+00
3.19000e+02 4.14872e-12 0.00000e+00
3.20000e+02 4.90478e-12 0.00000e+00
3.21000e+02 5.28892e-12 0.00000e+00
3.22000e+02 6.58327e-12 0.00000e+00
3.23000e+02 5.58371e-12 0.00000e+00
3.24000e+02 3.90945e-12 0.00000e+00
3.25000e+02 4.23364e-12 0.00000e+00
3.26000e+02 4.73693e-12 0.00000e+00
3.27000e+02 5.25760e-12 0.00000e+00
3.28000e+02 4.43122e-12 0.00000e+00
3.29000e+02 4.86615e-12 0.00000e+00
3.30000e+02 4.32150e-12 0.00000e+00
3.31000e+02 5.97760e-12 0.00000e+00
3.32000e+02 4.02337e-12 0.00000e+00
3.33000e+02 5.14637e-12 0.00000e+00
3.34000e+02 5.11040e-12 0.00000e+00
3.35000e+02 5.46426e-12 0.00000e+00
3.36000e+02 5.21241e-12 0.00000e+00
3.37000e+02 5.43255e-12 0.00000e+00
3.38000e+02 4.63077e-12 0.00000e+00
3.39000e+02 5.19461e-12 0.00000e+00
3.40000e+02 5.40088e-12 0.00000e+00
3.41000e+02 5.81433e-12 0.00000e+00
3.42000e+02 4.37075e-12 0.00000e+00
3.43000e+02 4.74527e-12 0.00000e+00
3.44000e+02 4.81483e-12 0.00000e+00
3.45000e+02 4.95284e-12 0.00000e+00
3.46000e+02 4.75513e-12 0.00000e+00
3.47000e+02 3.67887e-12 0.00000e+00
3.48000e+02 4.90809e-12 0.00000e+00
3.49000e+02 4.40407e-12 0.00000e+00
3.50000e+02 4.12146e-12 0.00000e+00
3.51000e+02 4.44798e-12 0.00000e+00
3.52000e+02 5.10108e-12 0.00000e+00
3.53000e+02 4.42985e-12 0.00000e+00
3.54000e+02 4.18711e-12 0.00000e+00
3.55000e+02 4.81570e-12 0.00000e+00
3.56000e+02 4.86476e-12 0.00000e+00
3.57000e+02 4.08850e-12 0.00000e+00
3.58000e+02 5.60948e-12 0.00000e+00
3.59000e+02 4.42859e-12 0.00000e+00
3.60000e+02 4.80233e-12 0.00000e+00
3.61000e+02 4.01270e-12 0.00000e+00
3.62000e+02 5.10956e-12 0.00000e+00
3.63000e+02 4.69254e-12 0.00000e+00
3.64000e+02 4.80677e-12 0.00000e+00
3.65000e+02 4.06557e-12 0.00000e+00
3.66000e+02 4.61007e-12 0.00000e+00
3.67000e+02 5.13552e-12 0.00000e+00
3.68000e+02 6.02032e-12 0.00000e+00
3.69000e+02 4.68670e-12 0.00000e+00
3.70000e+02 4.13323e-12 0.00000e+00
3.71000e+02 4.10828e-12 0.00000e+00
3.72000e+02 4.45275e-12 0.00000e+00
3.73000e+02 4.34203e-12 0.00000e+00
3.74000e+02 4.74883e-12 0.00000e+00
3.75000e+02 4.51059e-12 0.00000e+00
3.76000e+02 5.03584e-12 0.00000e+00
3.77000e+02 4.91786e-12 0.00000e+00
3.78000e+02 4.40007e-12 0.00000e+00
3.79000e+02 3.76718e-12 0.00000e+00
3.80000e+02 4.98444e-12 0.00000e+00
3.81000e+02 4.28989e-12 0.00000e+00
3.82000e+02 4.29614e-12 0.00000e+00
3.83000e+02 4.86720e-12 0.00000e+00
3.84000e+02 4.65828e-12 0.00000e+00
3.85000e+02 4.19906e-12 0.00000e+00
3.86000e+02 3.55833e-12 0.00000e+00
3.87000e+02 4.21765e-12 0.00000e+00
3.88000e+02 4.45369e-12 0.00000e+00
3.89000e+02 4.43845e-12 0.00000e+00
3.90000e+02 4.07260e-12 0.00000e+00
3.91000e+02 4.08725e-12 0.00000e+00
3.92000e+02 5.39704e-12 0.00000e+00
3.93000e+02 3.86384e-12 0.00000e+00
3.94000e+02 3.50736e-12 0.00000e+00
3.95000e+02 3.93661e-12 0.00000e+00
3.96000e+02 4.53304e-12 0.00000e+00
3.97000e+02 4.36480e-12 0.00000e+00
3.98000e+02 4.12552e-12 0.00000e+00
3.99000e+02 4.05339e-12 0.00000e+00
4.00000e+02 3.73321e-12 0.00000e+00
4.01000e+02 4.21411e-12 0.00000e+00
4.02000e+02 4.79879e-12 0.00000e+00
4.03000e+02 4.76779e-12 0.00000e+00
4.04000e+02 4.51211e-12 0.00000e+00
4.05000e+02 3.89058e-12 0.00000e+00
4.06000e+02 3.38376e-12 0.00000e+00
4.07000e+02 4.13510e-12 0.00000e+00
4.08000e+02 4.50369e-12 0.00000e+00
4.09000e+02 3.45321e-12 0.00000e+00
4.10000e+02 3.81880e-12 0.00000e+00
4.11000e+02 4.14227e-12 0.00000e+00
4.12000e+02 3.38608e-12 0.00000e+00
4.13000e+02 4.43977e-12 0.00000e+00
4.14000e+02 4.16323e-12 0.00000e+00
4.15000e+02 4.06685e-12 0.00000e+00
4.16000e+02 4.02846e-12 0.00000e+00
4.17000e+02 3.19832e-12 0.00000e+00
4.18000e+02 3.31004e-12 0.00000e+00
4.19000e+02 4.01986e-12 0.00000e+00
4.20000e+02 4.02430e-12 0.00000e+00
4.21000e+02 3.55665e-12 0.00000e+00
4.22000e+02 3.19711e-12 0.00000e+00
4.23000e+02 3.65707e-12 0.00000e+00
4.24000e+02 3.96914e-12 0.00000e+00
4.25000e+02 3.72955e-12 0.00000e+00
4.26000e+02 3.64874e-12 0.00000e+00
4.27000e+02 3.75412e-12 0.00000e+00
4.28000e+02 2.91212e-12 0.00000e+00
4.29000e+02 2.96073e-12 0.00000e+00
4.30000e+02 3.82531e-12 0.00000e+00
4.31000e+02 3.59312e-12 0.00000e+00
4.32000e+02 3.70065e-12 0.00000e+00
4.33000e+02 2.87850e-12 0.00000e+00
4.34000e+02 4.42304e-12 0.00000e+00
4.35000e+02 3.40289e-12 0.00000e+00
4.36000e+02 3.71404e-12 0.00000e+00
4.37000e+02 3.24734e-12 0.00000e+00
4.38000e+02 3.78553e-12 0.00000e+00
4.39000e+02 4.06749e-12 0.00000e+00
4.40000e+02 3.94766e-12 0.00000e+00
4.41000e+02 3.52253e-12 0.00000e+00
4.42000e+02 3.68094e-12 0.00000e+00
4.43000e+02 3.46477e-12 0.00000e+00
4.44000e+02 3.97614e-12 0.00000e+00
4.45000e+02 3.40456e-12 0.00000e+00
4.46000e+02 3.73277e-12 0.00000e+00
4.47000e+02 3.05764e-12 0.00000e+00
4.48000e+02 3.34057e-12 0.00000e+00
4.49000e+02 4.11404e-12 0.00000e+00
4.50000e+02 3.38769e-12 0.00000e+00
4.51000e+02 3.85221e-12 0.00000e+00
4.52000e+02 3.86465e-12 0.00000e+00
4.53000e+02 3.72076e-12 0.00000e+00
4.54000e+02 3.46642e-12 0.00000e+00
4.55000e+02 3.09955e-12 0.00000e+00
4.56000e+02 3.45748e-12 0.00000e+00
4.57000e+02 3.57999e-12 0.00000e+00
4.58000e+02 3.94401e-12 0.00000e+00
4.59000e+02 3.38342e-12 0.00000e+00
4.60000e+02 3.61163e-12 0.00000e+00
4.61000e+02 4.09083e-12 0.00000e+00
4.62000e+02 3.79685e-12 0.00000e+00
4.63000e+02 3.52685e-12 0.00000e+00
4.64000e+02 2.97173e-12 0.00000e+00
4.65000e+02 3.05031e-12 0.00000e+00
4.66000e+02 3.29722e-12 0.00000e+00
4.67000e+02 3.44868e-12 0.00000e+00
4.68000e+02 3.68500e-12 0.00000e+00
4.69000e+02 2.85846e-12 0.00000e+00
4.70000e+02 3.21727e-12 0.00000e+00
4.71000e+02 2.92197e-12 0.00000e+00
4.72000e+02 3.90708e-12 0.00000e+00
4.73000e+02 3.27833e-12 0.00000e+00
4.74000e+02 3.75914e-12 0.00000e+00
4.75000e+02 3.32065e-12 0.00000e+00
4.76000e+02 3.41781e-12 0.00000e+00
4.77000e+02 3.05358e-12 0.00000e+00
4.78000e+02 3.70102e-12 0.00000e+00
4.79000e+02 3.30871e-12 0.00000e+00
4.80000e+02 3.46141e-12 0.00000e+00
4.81000e+02 2.92570e-12 0.00000e+00
4.82000e+02 3.18000e-12 0.00000e+00
4.83000e+02 3.45266e-12 0.00000e+00
4.84000e+02 3.49814e-12 0.00000e+00
4.85000e+02 3.10093e-12 0.00000e+00
4.86000e+02 2.99655e-12 0.00000e+00
4.87000e+02 3.51014e-12 0.00000e+00
4.88000e+02 2.84359e-12 0.00000e+00
4.89000e+02 3.35257e-12 0.00000e+00
4.90000e+02 3.37282e-12 0.00000e+00
4.91000e+02 2.91513e-12 0.00000e+00
4.92000e+02 3.39588e-12 0.00000e+00
4.93000e+02 3.71098e-12 0.00000e+00
4.94000e+02 3.86712e-12 0.00000e+00
4.95000e+02 3.14824e-12 0.00000e+00
4.96000e+02 3.58221e-12 0.00000e+00
4.97000e+02 3.37251e-12 0.00000e+00
4.98000e+02 3.35088e-12 0.00000e+00
4.99000e+02 3.03150e-12 0.00000e+00
5.00000e+02 2.74451e-12 0.00000e+00
5.01000e+02 3.20788e-12 0.00000e+00
5.02000e+02 3.03798e-12 0.00000e+00
5.03000e+02 3.00578e-12 0.00000e+00
5.04000e+02 3.55619e-12 0.00000e+00
5.05000e+02 2.93078e-12 0.00000e+00
5.06000e+02 3.15593e-12 0.00000e+00
5.07000e+02 3.03727e-12 0.00000e+00
5.08000e+02 3.11243e-12 0.00000e+00
5.09000e+02 3.13876e-12 0.00000e+00
5.10000e+02 3.06958e-12 0.00000e+00
5.11000e+02 3.22685e-12 0.00000e+00
5.12000e+02 2.86416e-12 0.00000e+00
5.13000e+02 2.95445e-12 0.00000e+00
5.14000e+02 3.05705e-12 0.00000e+00
5.15000e+02 2.83621e-12 0.00000e+00
5.16000e+02 2.87131e-12 0.00000e+00
5.17000e+02 2.86815e-12 0.00000e+00
5.18000e+02 2.83393e-12 0.00000e+00
5.19000e+02 3.26660e-12 0.00000e+00
5.20000e+02 2.83591e-12 0.00000e+00
5.21000e+02 2.84515e-12 0.00000e+00
5.22000e+02 2.82702e-12 0.00000e+00
5.23000e+02 3.07433e-12 0.00000e+00
5.24000e+02 2.64666e-12 0.00000e+00
5.25000e+02 2.81082e-12 0.00000e+00
5.26000e+02 2.45836e-12 0.00000e+00
5.27000e+02 2.70313e-12 0.00000e+00
5.28000e+02 3.09657e-12 0.00000e+00
5.29000e+02 2.70014e-12 0.00000e+00
5.30000e+02 2.63140e-12 0.00000e+00
5.31000e+02 2.98569e-12 0.00000e+00
5.32000e+02 2.66501e-12 0.00000e+00
5.33000e+02 3.04981e-12 0.00000e+00
5.34000e+02 2.92403e-12 0.00000e+00
5.35000e+02 2.30350e-12 0.00000e+00
5.36000e+02 3.06665e-12 0.00000e+00
5.37000e+02 2.66358e-12 0.00000e+00
5.38000e+02 2.41659e-12 0.00000e+00
5.39000e+02 2.75952e-12 0.00000e+00
5.40000e+02 3.14798e-12 0.00000e+00
5.41000e+02 3.14921e-12 0.00000e+00
5.42000e+02 2.62243e-12 0.00000e+00
5.43000e+02 2.45574e-12 0.00000e+00
5.44000e+02 2.65840e-12 0.00000e+00
5.45000e+02 3.16454e-12 0.00000e+00
5.46000e+02 2.37866e-12 0.00000e+00
5.47000e+02 2.83438e-12 0.00000e+00
5.48000e+02 2.78078e-12 0.00000e+00
5.49000e+02 2.90354e-12 0.00000e+00
5.50000e+02 2.42206e-12 0.00000e+00
5.51000e+02 2.57634e-12 0.00000e+00
5.52000e+02 2.67757e-12 0.00000e+00
5.53000e+02 2.78111e-12 0.00000e+00
5.54000e+02 2.45410e-12 0.00000e+00
5.55000e+02 2.25595e-12 0.00000e+00
5.56000e+02 3.02838e-12 0.00000e+00
5.57000e+02 3.17874e-12 0.00000e+00
5.58000e+02 2.74403e-12 0.00000e+00
5.59000e+02 2.61798e-12 0.00000e+00
5.60000e+02 2.52138e-12 0.00000e+00
5.61000e+02 2.67333e-12 0.00000e+00
5.62000e+02 2.34500e-12 0.00000e+00
5.63000e+02 2.63419e-12 0.00000e+00
5.64000e+02 2.62365e-12 0.00000e+00
5.65000e+02 2.46922e-12 0.00000e+00
5.66000e+02 2.47248e-12 0.00000e+00
5.67000e+02 2.32352e-12 0.00000e+00
5.68000e+02 2.20216e-12 0.00000e+00
5.69000e+02 2.42558e-12 0.00000e+00
5.70000e+02 2.51732e-12 0.00000e+00
5.71000e+02 2.78652e-12 0.00000e+00
5.72000e+02 2.79321e-12 0.00000e+00
5.73000e+02 2.74522e-12 0.00000e+00
5.74000e+02 2.39808e-12 0.00000e+00
5.75000e+02 2.25193e-12 0.00000e+00
5.76000e+02 2.50360e-12 0.00000e+00
5.77000e+02 2.40530e-12 0.00000e+00
5.78000e+02 2.27896e-12 0.00000e+00
5.79000e+02 2.59350e-12 0.00000e+00
5.80000e+02 2.39424e-12 0.00000e+00
5.81000e+02 2.46595e-12 0.00000e+00
5.82000e+02 2.14109e-12 0.00000e+00
5.83000e+02 2.08024e-12 0.00000e+00
5.84000e+02 2.73025e-12 0.00000e+00
5.85000e+02 2.55503e-12 0.00000e+00
5.86000e+02 2.32073e-12 0.00000e+00
5.87000e+02 2.44024e-12 0.00000e+00
5.88000e+02 2.18343e-12 0.00000e+00
5.89000e+02 2.13775e-12 0.00000e+00
5.90000e+02 2.26377e-12 0.00000e+00
5.91000e+02 2.58275e-12 0.00000e+00
5.92000e+02 2.55224e-12 0.00000e+00
5.93000e+02 2.67323e-12 0.00000e+00
5.94000e+02 2.41367e-12 0.00000e+00
5.95000e+02 2.47858e-12 0.00000e+00
5.96000e+02 2.21528e-12 0.00000e+00
5.97000e+02 2.09809e-12 0.00000e+00
5.98000e+02 2.26136e-12 0.00000e+00
5.99000e+02 2.47120e-12 0.00000e+00
6.00000e+02 2.35265e-12 0.00000e+00
6.01000e+02 2.39203e-12 0.00000e+00
6.02000e+02 2.36926e-12 0.00000e+00
6.03000e+02 2.44504e-12 0.00000e+00
6.04000e+02 2.12251e-12 0.00000e+00
6.05000e+02 2.19191e-12 0.00000e+00
6.06000e+02 2.35641e-12 0.00000e+00
6.07000e+02 2.12523e-12 0.00000e+00
6.08000e+02 2.40645e-12 0.00000e+00
6.09000e+02 2.08850e-12 0.00000e+00
6.10000e+02 2.31028e-12 0.00000e+00
6.11000e+02 1.91889e-12 0.00000e+00
6.12000e+02 2.37801e-12 0.00000e+00
6.13000e+02 2.18537e-12 0.00000e+00
6.14000e+02 2.09755e-12 0.00000e+00
6.15000e+02 2.04739e-12 0.00000e+00
6.16000e+02 2.15978e-12 0.00000e+00
6.17000e+02 2.15398e-12 0.00000e+00
6.18000e+02 2.25097e-12 0.00000e+00
6.19000e+02 1.97393e-12 0.00000e+00
6.20000e+02 2.31975e-12 0.00000e+00
6.21000e+02 2.16018e-12 0.00000e+00
6.22000e+02 2.11851e-12 0.00000e+00
6.23000e+02 2.29191e-12 0.00000e+00
6.24000e+02 2.36134e-12 0.00000e+00
6.25000e+02 2.15231e-12 0.00000e+00
6.26000e+02 1.95174e-12 0.00000e+00
6.27000e+02 2.19484e-12 0.00000e+00
6.28000e+02 2.08870e-12 0.00000e+00
6.29000e+02 2.10014e-12 0.00000e+00
6.30000e+02 2.09297e-12 0.00000e+00
6.31000e+02 1.86669e-12 0.00000e+00
6.32000e+02 2.25507e-12 0.00000e+00
6.33000e+02 1.80739e-12 0.00000e+00
6.34000e+02 2.11171e-12 0.00000e+00
6.35000e+02 2.13134e-12 0.00000e+00
6.36000e+02 2.25088e-12 0.00000e+00
6.37000e+02 2.31246e-12 0.00000e+00
6.38000e+02 2.01187e-12 0.00000e+00
6.39000e+02 1.99619e-12 0.00000e+00
6.40000e+02 2.14257e-12 0.00000e+00
6.41000e+02 1.99945e-12 0.00000e+00
6.42000e+02 1.74162e-12 0.00000e+00
6.43000e+02 2.13649e-12 0.00000e+00
6.44000e+02 2.24103e-12 0.00000e+00
6.45000e+02 1.86606e-12 0.00000e+00
6.46000e+02 2.31636e-12 0.00000e+00
6.47000e+02 1.93722e-12 0.00000e+00
6.48000e+02 1.89973e-12 0.00000e+00
6.49000e+02 1.88200e-12 0.00000e+00
6.50000e+02 2.25114e-12 0.00000e+00
6.51000e+02 2.04554e-12 0.00000e+00
6.52000e+02 2.05780e-12 0.00000e+00
6.53000e+02 2.12597e-12 0.00000e+00
6.54000e+02 1.87306e-12 0.00000e+00
6.55000e+02 1.94209e-12 0.00000e+00
6.56000e+02 2.25097e-12 0.00000e+00
6.57000e+02 1.85310e-12 0.00000e+00
6.58000e+02 1.96320e-12 0.00000e+00
6.59000e+02 2.07616e-12 0.00000e+00
6.60000e+02 1.71345e-12 0.00000e+00
6.61000e+02 1.89197e-12 0.00000e+00
6.62000e+02 1.94643e-12 0.00000e+00
6.63000e+02 1.80263e-12 0.00000e+00
6.64000e+02 1.81716e-12 0.00000e+00
6.65000e+02 1.96017e-12 0.00000e+00
6.66000e+02 2.01760e-12 0.00000e+00
6.67000e+02 2.09540e-12 0.00000e+00
6.68000e+02 1.69028e-12 0.00000e+00
6.69000e+02 1.84662e-12 0.00000e+00
6.70000e+02 1.82821e-12 0.00000e+00
6.71000e+02 2.00259e-12 0.00000e+00
6.72000e+02 1.78243e-12 0.00000e+00
6.73000e+02 1.80232e-12 0.00000e+00
6.74000e+02 1.89979e-12 0.00000e+00
6.75000e+02 1.62551e-12 0.00000e+00
6.76000e+02 1.96504e-12 0.00000e+00
6.77000e+02 1.63580e-12 0.00000e+00
6.78000e+02 2.02881e-12 0.00000e+00
6.79000e+02 1.72130e-12 0.00000e+00
6.80000e+02 1.93326e-12 0.00000e+00
6.81000e+02 1.93857e-12 0.00000e+00
6.82000e+02 1.90328e-12 0.00000e+00
6.83000e+02 1.84120e-12 0.00000e+00
6.84000e+02 1.78960e-12 0.00000e+00
6.85000e+02 1.95200e-12 0.00000e+00
6.86000e+02 1.54259e-12 0.00000e+00
6.87000e+02 1.66593e-12 0.00000e+00
6.88000e+02 1.65570e-12 0.00000e+00
6.89000e+02 1.78833e-12 0.00000e+00
6.90000e+02 1.85079e-12 0.00000e+00
6.91000e+02 1.95354e-12 0.00000e+00
6.92000e+02 1.62935e-12 0.00000e+00
6.93000e+02 1.80635e-12 0.00000e+00
6.94000e+02 1.96755e-12 0.00000e+00
6.95000e+02 1.89024e-12 0.00000e+00
6.96000e+02 1.68459e-12 0.00000e+00
6.97000e+02 1.56405e-12 0.00000e+00
6.98000e+02 1.63761e-12 0.00000e+00
6.99000e+02 1.62876e-12 0.00000e+00
7.00000e+02 1.71735e-12 0.00000e+00
7.01000e+02 1.78394e-12 0.00000e+00
7.02000e+02 1.69113e-12 0.00000e+00
7.03000e+02 1.43053e-12 0.00000e+00
7.04000e+02 1.48605e-12 0.00000e+00
7.05000e+02 1.78858e-12 0.00000e+00
7.06000e+02 1.74139e-12 0.00000e+00
7.07000e+02 1.85935e-12 0.00000e+00
7.08000e+02 1.63091e-12 0.00000e+00
7.09000e+02 1.75188e-12 0.00000e+00
7.10000e+02 1.78616e-12 0.00000e+00
7.11000e+02 1.60911e-12 0.00000e+00
7.12000e+02 1.63263e-12 0.00000e+00
7.13000e+02 1.64312e-12 0.00000e+00
7.14000e+02 1.63067e-12 0.00000e+00
7.15000e+02 1.46787e-12 0.00000e+00
7.16000e+02 1.44373e-12 0.00000e+00
7.17000e+02 1.60980e-12 0.00000e+00
7.18000e+02 1.66747e-12 0.00000e+00
7.19000e+02 1.46474e-12 0.00000e+00
7.20000e+02 1.54166e-12 0.00000e+00
7.21000e+02 1.59713e-12 0.00000e+00
7.22000e+02 1.74715e-12 0.00000e+00
7.23000e+02 1.42875e-12 0.00000e+00
7.24000e+02 1.43176e-12 0.00000e+00
7.25000e+02 1.71727e-12 0.00000e+00
7.26000e+02 1.34668e-12 0.00000e+00
7.27000e+02 1.63744e-12 0.00000e+00
7.28000e+02 1.51490e-12 0.00000e+00
7.29000e+02 1.69029e-12 0.00000e+00
7.30000e+02 1.66915e-12 0.00000e+00
7.31000e+02 1.49565e-12 0.00000e+00
7.32000e+02 1.57147e-12 0.00000e+00
7.33000e+02 1.51753e-12 0.00000e+00
7.34000e+02 1.71595e-12 0.00000e+00
7.35000e+02 1.79808e-12 0.00000e+00
7.36000e+02 1.45196e-12 0.00000e+00
7.37000e+02 1.62977e-12 0.00000e+00
7.38000e+02 1.40735e-12 0.00000e+00
7.39000e+02 1.55731e-12 0.00000e+00
7.40000e+02 1.52503e-12 0.00000e+00
7.41000e+02 1.68071e-12 0.00000e+00
7.42000e+02 1.42027e-12 0.00000e+00
7.43000e+02 1.56725e-12 0.00000e+00
7.44000e+02 1.31083e-12 0.00000e+00
7.45000e+02 1.48637e-12 0.00000e+00
7.46000e+02 1.28819e-12 0.00000e+00
7.47000e+02 1.32592e-12 0.00000e+00
7.48000e+02 1.38534e-12 0.00000e+00
7.49000e+02 1.44802e-12 0.00000e+00
7.50000e+02 1.51071e-12 0.00000e+00
7.51000e+02 1.47612e-12 0.00000e+00
7.52000e+02 1.35015e-12 0.00000e+00
7.53000e+02 1.43383e-12 0.00000e+00
7.54000e+02 1.50535e-12 0.00000e+00
7.55000e+02 1.39338e-12 0.00000e+00
7.56000e+02 1.32601e-12 0.00000e+00
7.57000e+02 1.65976e-12 0.00000e+00
7.58000e+02 1.58768e-12 0.00000e+00
7.59000e+02 1.54092e-12 0.00000e+00
7.60000e+02 1.57826e-12 0.00000e+00
7.61000e+02 1.50599e-12 0.00000e+00
7.62000e+02 1.37726e-12 0.00000e+00
7.63000e+02 1.22634e-12 0.00000e+00
7.64000e+02 1.33487e-12 0.00000e+00
7.65000e+02 1.34290e-12 0.00000e+00
7.66000e+02 1.26610e-12 0.00000e+00
7.67000e+02 1.57058e-12 0.00000e+00
7.68000e+02 1.33916e-12 0.00000e+00
7.69000e+02 1.20377e-12 0.00000e+00
7.70000e+02 1.43322e-12 0.00000e+00
7.71000e+02 1.44864e-12 0.00000e+00
7.72000e+02 1.44171e-12 0.00000e+00
7.73000e+02 1.35742e-12 0.00000e+00
7.74000e+02 1.36666e-12 0.00000e+00
7.75000e+02 1.37850e-12 0.00000e+00
7.76000e+02 1.22763e-12 0.00000e+00
7.77000e+02 1.40121e-12 0.00000e+00
7.78000e+02 1.36524e-12 0.00000e+00
7.79000e+02 1.22877e-12 0.00000e+00
7.80000e+02 1.37931e-12 0.00000e+00
7.81000e+02 1.35228e-12 0.00000e+00
7.82000e+02 1.41422e-12 0.00000e+00
7.83000e+02 1.21781e-12 0.00000e+00
7.84000e+02 1.30580e-12 0.00000e+00
7.85000e+02 1.19284e-12 0.00000e+00
7.86000e+02 1.10750e-12 0.00000e+00
7.87000e+02 1.46394e-12 0.00000e+00
7.88000e+02 1.31276e-12 0.00000e+00
7.89000e+02 1.20228e-12 0.00000e+00
7.90000e+02 1.29803e-12 0.00000e+00
7.91000e+02 1.20496e-12 0.00000e+00
7.92000e+02 1.21625e-12 0.00000e+00
7.93000e+02 1.11052e-12 0.00000e+00
7.94000e+02 1.20968e-12 0.00000e+00
7.95000e+02 1.06923e-12 0.00000e+00
7.96000e+02 1.29290e-12 0.00000e+00
7.97000e+02 1.27196e-12 0.00000e+00
7.98000e+02 1.28233e-12 0.00000e+00
7.99000e+02 1.15432e-12 0.00000e+00
8.00000e+02 1.37428e-12 0.00000e+00
8.01000e+02 1.32206e-12 0.00000e+00
8.02000e+02 1.26845e-12 0.00000e+00
8.03000e+02 1.09479e-12 0.00000e+00
8.04000e+02 1.20231e-12 0.00000e+00
8.05000e+02 1.05193e-12 0.00000e+00
8.06000e+02 1.28231e-12 0.00000e+00
8.07000e+02 1.20948e-12 0.00000e+00
8.08000e+02 1.32166e-12 0.00000e+00
8.09000e+02 1.21674e-12 0.00000e+00
8.10000e+02 1.33925e-12 0.00000e+00
8.11000e+02 1.18608e-12 0.00000e+00
8.12000e+02 1.22645e-12 0.00000e+00
8.13000e+02 1.15535e-12 0.00000e+00
8.14000e+02 1.26843e-12 0.00000e+00
8.15000e+02 1.05822e-12 0.00000e+00
8.16000e+02 1.11302e-12 0.00000e+00
8.17000e+02 1.03354e-12 0.00000e+00
8.18000e+02 1.09467e-12 0.00000e+00
8.19000e+02 1.13448e-12 0.00000e+00
8.20000e+02 1.25439e-12 0.00000e+00
8.21000e+02 1.10615e-12 0.00000e+00
8.22000e+02 1.13887e-12 0.00000e+00
8.23000e+02 1.18224e-12 0.00000e+00
8.24000e+02 1.07507e-12 0.00000e+00
8.25000e+02 1.15612e-12 0.00000e+00
8.26000e+02 1.08364e-12 0.00000e+00
8.27000e+02 1.19711e-12 0.00000e+00
8.28000e+02 1.09565e-12 0.00000e+00
8.29000e+02 1.14663e-12 0.00000e+00
8.30000e+02 1.14125e-12 0.00000e+00
8.31000e+02 1.15431e-12 0.00000e+00
8.32000e+02 1.09565e-12 0.00000e+00
8.33000e+02 9.53031e-13 0.00000e+00
8.34000e+02 1.11534e-12 0.00000e+00
8.35000e+02 1.13284e-12 0.00000e+00
8.36000e+02 1.04666e-12 0.00000e+00
8.37000e+02 1.08242e-12 0.00000e+00
8.38000e+02 9.94506e-13 0.00000e+00
8.39000e+02 9.53661e-13 0.00000e+00
8.40000e+02 1.06636e-12 0.00000e+00
8.41000e+02 1.08700e-12 0.00000e+00
8.42000e+02 1.04414e-12 0.00000e+00
8.43000e+02 1.16134e-12 0.00000e+00
8.44000e+02 1.11857e-12 0.00000e+00
8.45000e+02 1.10995e-12 0.00000e+00
8.46000e+02 1.20334e-12 0.00000e+00
8.47000e+02 1.08554e-12 0.00000e+00
8.48000e+02 1.15925e-12 0.00000e+00
8.49000e+02 9.42920e-13 0.00000e+00
8.50000e+02 1.02535e-12 0.00000e+00
8.51000e+02 1.09160e-12 0.00000e+00
8.52000e+02 1.00948e-12 0.00000e+00
8.53000e+02 1.02164e-12 0.00000e+00
8.54000e+02 1.01658e-12 0.00000e+00
8.55000e+02 9.86223e-13 0.00000e+00
8.56000e+02 1.05744e-12 0.00000e+00
8.57000e+02 1.03433e-12 0.00000e+00
8.58000e+02 1.15065e-12 0.00000e+00
8.59000e+02 1.07007e-12 0.00000e+00
8.60000e+02 9.97486e-13 0.00000e+00
8.61000e+02 1.01903e-12 0.00000e+00
8.62000e+02 8.84069e-13 0.00000e+00
8.63000e+02 9.56750e-13 0.00000e+00
8.64000e+02 9.38838e-13 0.00000e+00
8.65000e+02 9.46677e-13 0.00000e+00
8.66000e+02 1.00045e-12 0.00000e+00
8.67000e+02 9.04421e-13 0.00000e+00
8.68000e+02 8.98514e-13 0.00000e+00
8.69000e+02 1.06730e-12 0.00000e+00
8.70000e+02 1.03050e-12 0.00000e+00
8.71000e+02 8.65608e-13 0.00000e+00
8.72000e+02 8.78440e-13 0.00000e+00
8.73000e+02 1.05115e-12 0.00000e+00
8.74000e+02 8.45392e-13 0.00000e+00
8.75000e+02 9.78662e-13 0.00000e+00
8.76000e+02 8.56756e-13 0.00000e+00
8.77000e+02 8.99348e-13 0.00000e+00
8.78000e+02 1.01792e-12 0.00000e+00
8.79000e+02 9.42204e-13 0.00000e+00
8.80000e+02 9.54938e-13 0.00000e+00
8.81000e+02 9.04279e-13 0.00000e+00
8.82000e+02 9.12163e-13 0.00000e+00
8.83000e+02 7.74036e-13 0.00000e+00
8.84000e+02 9.68125e-13 0.00000e+00
8.85000e+02 8.90062e-13 0.00000e+00
8.86000e+02 9.19321e-13 0.00000e+00
8.87000e+02 9.56930e-13 0.00000e+00
8.88000e+02 9.00240e-13 0.00000e+00
8.89000e+02 8.52567e-13 0.00000e+00
8.90000e+02 8.24225e-13 0.00000e+00
8.91000e+02 9.06854e-13 0.00000e+00
8.92000e+02 9.64949e-13 0.00000e+00
8.93000e+02 9.33623e-13 0.00000e+00
8.94000e+02 8.64549e-13 0.00000e+00
8.95000e+02 9.62370e-13 0.00000e+00
8.96000e+02 8.62983e-13 0.00000e+00
8.97000e+02 9.68832e-13 0.00000e+00
8.98000e+02 9.33269e-13 0.00000e+00
8.99000e+02 9.19300e-13 0.00000e+00
9.00000e+02 9.14852e-13 0.00000e+00
9.01000e+02 8.58591e-13 0.00000e+00
9.02000e+02 8.51297e-13 0.00000e+00
9.03000e+02 8.93803e-13 0.00000e+00
9.04000e+02 8.82881e-13 0.00000e+00
9.05000e+02 8.66585e-13 0.00000e+00
9.06000e+02 8.13624e-13 0.00000e+00
9.07000e+02 9.10220e-13 0.00000e+00
9.08000e+02 8.65738e-13 0.00000e+00
9.09000e+02 8.10536e-13 0.00000e+00
9.10000e+02 8.25221e-13 0.00000e+00
9.11000e+02 8.61763e-13 0.00000e+00
9.12000e+02 8.72614e-13 0.00000e+00
9.13000e+02 8.09212e-13 0.00000e+00
9.14000e+02 8.18852e-13 0.00000e+00
9.15000e+02 8.42361e-13 0.00000e+00
9.16000e+02 8.53175e-13 0.00000e+00
9.17000e+02 8.47771e-13 0.00000e+00
9.18000e+02 8.80093e-13 0.00000e+00
9.19000e+02 8.36794e-13 0.00000e+00
9.20000e+02 7.91177e-13 0.00000e+00
9.21000e+02 8.24577e-13 0.00000e+00
9.22000e+02 8.63078e-13 0.00000e+00
9.23000e+02 7.62231e-13 0.00000e+00
9.24000e+02 8.88714e-13 0.00000e+00
9.25000e+02 7.93661e-13 0.00000e+00
9.26000e+02 7.40148e-13 0.00000e+00
9.27000e+02 8.44290e-13 0.00000e+00
9.28000e+02 7.22703e-13 0.00000e+00
9.29000e+02 7.48363e-13 0.00000e+00
9.30000e+02 7.59740e-13 0.00000e+00
9.31000e+02 8.87416e-13 0.00000e+00
9.32000e+02 7.36635e-13 0.00000e+00
9.33000e+02 7.37226e-13 0.00000e+00
9.34000e+02 6.82403e-13 0.00000e+00
9.35000e+02 6.89158e-13 0.00000e+00
9.36000e+02 8.09154e-13 0.00000e+00
9.37000e+02 7.25612e-13 0.00000e+00
9.38000e+02 7.52269e-13 0.00000e+00
9.39000e+02 7.49349e-13 0.00000e+00
9.40000e+02 7.80665e-13 0.00000e+00
9.41000e+02 7.78607e-13 0.00000e+00
9.42000e+02 8.15433e-13 0.00000e+00
9.43000e+02 7.93472e-13 0.00000e+00
9.44000e+02 7.83876e-13 0.00000e+00
9.45000e+02 7.11860e-13 0.00000e+00
9.46000e+02 7.02730e-13 0.00000e+00
9.47000e+02 6.96778e-13 0.00000e+00
9.48000e+02 6.89260e-13 0.00000e+00
9.49000e+02 7.72192e-13 0.00000e+00
9.50000e+02 7.67753e-13 0.00000e+00
9.51000e+02 6.86891e-13 0.00000e+00
9.52000e+02 6.88842e-13 0.00000e+00
9.53000e+02 6.68438e-13 0.00000e+00
9.54000e+02 6.73133e-13 0.00000e+00
9.55000e+02 8.19787e-13 0.00000e+00
9.56000e+02 7.08220e-13 0.00000e+00
9.57000e+02 6.39548e-13 0.00000e+00
9.58000e+02 6.67151e-13 0.00000e+00
9.59000e+02 6.96700e-13 0.00000e+00
9.60000e+02 7.04342e-13 0.00000e+00
9.61000e+02 6.89688e-13 0.00000e+00
9.62000e+02 6.39134e-13 0.00000e+00
9.63000e+02 7.12116e-13 0.00000e+00
9.64000e+02 7.30336e-13 0.00000e+00
9.65000e+02 7.34350e-13 0.00000e+00
9.66000e+02 6.90579e-13 0.00000e+00
9.67000e+02 6.44256e-13 0.00000e+00
9.68000e+02 6.19476e-13 0.00000e+00
9.69000e+02 6.95718e-13 0.00000e+00
9.70000e+02 6.55572e-13 0.00000e+00
9.71000e+02 7.57819e-13 0.00000e+00
9.72000e+02 6.85954e-13 0.00000e+00
9.73000e+02 5.95293e-13 0.00000e+00
9.74000e+02 7.69164e-13 0.00000e+00
9.75000e+02 7.19256e-13 0.00000e+00
9.76000e+02 6.46316e-13 0.00000e+00
9.77000e+02 7.00485e-13 0.00000e+00
9.78000e+02 6.42486e-13 0.00000e+00
9.79000e+02 5.90332e-13 0.00000e+00
9.80000e+02 6.25915e-13 0.00000e+00
9.81000e+02 6.56044e-13 0.00000e+00
9.82000e+02 6.41601e-13 0.00000e+00
9.83000e+02 6.92353e-13 0.00000e+00
9.84000e+02 6.69890e-13 0.00000e+00
9.85000e+02 7.19137e-13 0.00000e+00
9.86000e+02 5.96485e-13 0.00000e+00
9.87000e+02 6.75808e-13 0.00000e+00
9.88000e+02 7.63251e-13 0.00000e+00
9.89000e+02 5.97531e-13 0.00000e+00
9.90000e+02 5.85873e-13 0.00000e+00
9.91000e+02 6.38049e-13 0.00000e+00
9.92000e+02 6.58822e-13 0.00000e+00
9.93000e+02 6.26347e-13 0.00000e+00
9.94000e+02 5.66079e-13 0.00000e+00
9.95000e+02 5.74501e-13 0.00000e+00
9.96000e+02 6.22607e-13 0.00000e+00
9.97000e+02 5.71241e-13 0.00000e+00
9.98000e+02 5.59140e-13 0.00000e+00
9.99000e+02 5.93718e-13 0.00000e+00
1.00000e+03 6.43866e-13 0.00000e+00
1.00100e+03 5.52058e-13 0.00000e+00
1.00200e+03 6.40778e-13 0.00000e+00
1.00300e+03 5.85437e-13 0.00000e+00
1.00400e+03 6.32383e-13 0.00000e+00
1.00500e+03 6.46715e-13 0.00000e+00
1.00600e+03 5.98528e-13 0.00000e+00
1.00700e+03 6.11980e-13 0.00000e+00
1.00800e+03 6.18126e-13 0.00000e+00
1.00900e+03 6.16846e-13 0.00000e+00
1.01000e+03 5.63909e-13 0.00000e+00
1.01100e+03 6.05041e-13 0.00000e+00
1.01200e+03 5.47745e-13 0.00000e+00
1.01300e+03 5.47542e-13 0.00000e+00
1.01400e+03 6.01501e-13 0.00000e+00
1.01500e+03 5.67519e-13 0.00000e+00
1.01600e+03 5.78563e-13 0.00000e+00
1.01700e+03 5.93298e-13 0.00000e+00
1.01800e+03 5.59994e-13 0.00000e+00
1.01900e+03 5.61096e-13 0.00000e+00
1.02000e+03 5.90691e-13 0.00000e+00
1.02100e+03 5.74731e-13 0.00000e+00
1.02200e+03 5.75582e-13 0.00000e+00
1.02300e+03 5.72177e-13 0.00000e+00
1.02400e+03 5.33014e-13 0.00000e+00
1.02500e+03 5.20473e-13 0.00000e+00
1.02600e+03 5.69589e-13 0.00000e+00
1.02700e+03 5.06406e-13 0.00000e+00
1.02800e+03 5.18703e-13 0.00000e+00
1.02900e+03 5.44939e-13 0.00000e+00
1.03000e+03 5.35706e-13 0.00000e+00
1.03100e+03 5.60501e-13 0.00000e+00
1.03200e+03 5.35076e-13 0.00000e+00
1.03300e+03 5.77038e-13 0.00000e+00
1.03400e+03 5.15103e-13 0.00000e+00
1.03500e+03 5.15976e-13 0.00000e+00
1.03600e+03 5.38635e-13 0.00000e+00
1.03700e+03 5.11649e-13 0.00000e+00
1.03800e+03 5.47360e-13 0.00000e+00
1.03900e+03 4.93807e-13 0.00000e+00
1.04000e+03 5.26355e-13 0.00000e+00
1.04100e+03 5.09738e-13 0.00000e+00
1.04200e+03 5.41456e-13 0.00000e+00
1.04300e+03 5.31781e-13 0.00000e+00
1.04400e+03 5.67337e-13 0.00000e+00
1.04500e+03 5.08877e-13 0.00000e+00
1.04600e+03 5.59987e-13 0.00000e+00
1.04700e+03 4.94152e-13 0.00000e+00
1.04800e+03 5.15933e-13 0.00000e+00
1.04900e+03 4.81609e-13 0.00000e+00
1.05000e+03 5.25972e-13 0.00000e+00
1.05100e+03 4.88792e-13 0.00000e+00
1.05200e+03 5.35454e-13 0.00000e+00
1.05300e+03 5.21605e-13 0.00000e+00
1.05400e+03 4.74111e-13 0.00000e+00
1.05500e+03 5.50547e-13 0.00000e+00
1.05600e+03 4.78428e-13 0.00000e+00
1.05700e+03 4.94112e-13 0.00000e+00
1.05800e+03 4.43168e-13 0.00000e+00
1.05900e+03 4.64569e-13 0.00000e+00
1.06000e+03 5.00886e-13 0.00000e+00
1.06100e+03 4.77011e-13 0.00000e+00
1.06200e+03 5.03246e-13 0.00000e+00
1.06300e+03 5.17228e-13 0.00000e+00
1.06400e+03 4.79870e-13 0.00000e+00
1.06500e+03 4.75194e-13 0.00000e+00
1.06600e+03 4.58897e-13 0.00000e+00
1.06700e+03 4.43954e-13 0.00000e+00
1.06800e+03 4.72184e-13 0.00000e+00
1.06900e+03 4.53984e-13 0.00000e+00
1.07000e+03 4.36057e-13 0.00000e+00
1.07100e+03 4.46505e-13 0.00000e+00
1.07200e+03 4.74735e-13 0.00000e+00
1.07300e+03 4.24637e-13 0.00000e+00
1.07400e+03 4.68985e-13 0.00000e+00
1.07500e+03 4.63303e-13 0.00000e+00
1.07600e+03 4.06616e-13 0.00000e+00
1.07700e+03 4.82286e-13 0.00000e+00
1.07800e+03 4.69870e-13 0.00000e+00
1.07900e+03 5.08024e-13 0.00000e+00
1.08000e+03 4.81392e-13 0.00000e+00
1.08100e+03 4.14400e-13 0.00000e+00
1.08200e+03 4.48480e-13 0.00000e+00
1.08300e+03 4.18710e-13 0.00000e+00
1.08400e+03 4.42567e-13 0.00000e+00
1.08500e+03 4.91422e-13 0.00000e+00
1.08600e+03 4.41212e-13 0.00000e+00
1.08700e+03 4.39796e-13 0.00000e+00
1.08800e+03 4.74477e-13 0.00000e+00
1.08900e+03 4.24743e-13 0.00000e+00
1.09000e+03 4.74252e-13 0.00000e+00
1.09100e+03 3.86578e-13 0.00000e+00
1.09200e+03 4.23290e-13 0.00000e+00
1.09300e+03 4.44998e-13 0.00000e+00
1.09400e+03 4.52652e-13 0.00000e+00
1.09500e+03 4.28560e-13 0.00000e+00
1.09600e+03 4.46653e-13 0.00000e+00
1.09700e+03 4.00194e-13 0.00000e+00
1.09800e+03 4.32090e-13 0.00000e+00
1.09900e+03 4.18339e-13 0.00000e+00
1.10000e+03 4.30342e-13 0.00000e+00
1.10100e+03 4.40788e-13 0.00000e+00
1.10200e+03 3.66849e-13 0.00000e+00
1.10300e+03 4.20891e-13 0.00000e+00
1.10400e+03 4.22427e-13 0.00000e+00
1.10500e+03 3.76303e-13 0.00000e+00
1.10600e+03 4.26831e-13 0.00000e+00
1.10700e+03 3.86001e-13 0.00000e+00
1.10800e+03 4.21770e-13 0.00000e+00
1.10900e+03 3.90309e-13 0.00000e+00
1.11000e+03 4.08462e-13 0.00000e+00
1.11100e+03 4.21642e-13 0.00000e+00
1.11200e+03 4.06831e-13 0.00000e+00
1.11300e+03 3.96995e-13 0.00000e+00
1.11400e+03 3.68647e-13 0.00000e+00
1.11500e+03 3.82872e-13 0.00000e+00
1.11600e+03 3.98382e-13 0.00000e+00
1.11700e+03 4.13659e-13 0.00000e+00
1.11800e+03 3.88657e-13 0.00000e+00
1.11900e+03 4.03356e-13 0.00000e+00
1.12000e+03 3.85781e-13 0.00000e+00
1.12100e+03 4.04913e-13 0.00000e+00
1.12200e+03 3.94310e-13 0.00000e+00
1.12300e+03 3.77517e-13 0.00000e+00
1.12400e+03 3.69751e-13 0.00000e+00
1.12500e+03 3.65540e-13 0.00000e+00
1.12600e+03 3.75137e-13 0.00000e+00
1.12700e+03 3.72175e-13 0.00000e+00
1.12800e+03 3.85378e-13 0.00000e+00
1.12900e+03 3.77020e-13 0.00000e+00
1.13000e+03 3.64573e-13 0.00000e+00
1.13100e+03 3.99440e-13 0.00000e+00
1.13200e+03 3.40276e-13 0.00000e+00
1.13300e+03 3.64819e-13 0.00000e+00
1.13400e+03 3.27541e-13 0.00000e+00
1.13500e+03 3.66639e-13 0.00000e+00
1.13600e+03 3.19820e-13 0.00000e+00
1.13700e+03 3.57080e-13 0.00000e+00
1.13800e+03 3.99809e-13 0.00000e+00
1.13900e+03 3.78859e-13 0.00000e+00
1.14000e+03 3.94791e-13 0.00000e+00
1.14100e+03 3.66983e-13 0.00000e+00
1.14200e+03 3.42210e-13 0.00000e+00
1.14300e+03 3.12297e-13 0.00000e+00
1.14400e+03 3.52312e-13 0.00000e+00
1.14500e+03 3.51458e-13 0.00000e+00
1.14600e+03 3.33746e-13 0.00000e+00
1.14700e+03 3.55771e-13 0.00000e+00
1.14800e+03 3.56494e-13 0.00000e+00
1.14900e+03 3.41974e-13 0.00000e+00
1.15000e+03 3.48469e-13 0.00000e+00
1.15100e+03 3.46947e-13 0.00000e+00
1.15200e+03 3.33134e-13 0.00000e+00
1.15300e+03 3.46223e-13 0.00000e+00
1.15400e+03 3.48945e-13 0.00000e+00
1.15500e+03 3.23519e-13 0.00000e+00
1.15600e+03 3.46926e-13 0.00000e+00
1.15700e+03 3.53663e-13 0.00000e+00
1.15800e+03 3.19837e-13 0.00000e+00
1.15900e+03 3.42242e-13 0.00000e+00
1.16000e+03 3.07257e-13 0.00000e+00
1.16100e+03 3.47662e-13 0.00000e+00
1.16200e+03 3.10233e-13 0.00000e+00
1.16300e+03 3.20195e-13 0.00000e+00
1.16400e+03 3.21865e-13 0.00000e+00
1.16500e+03 3.26303e-13 0.00000e+00
1.16600e+03 3.57128e-13 0.00000e+00
1.16700e+03 3.31498e-13 0.00000e+00
1.16800e+03 3.34274e-13 0.00000e+00
1.16900e+03 3.40932e-13 0.00000e+00
1.17000e+03 3.05564e-13 0.00000e+00
1.17100e+03 3.06199e-13 0.00000e+00
1.17200e+03 3.15842e-13 0.00000e+00
1.17300e+03 3.10177e-13 0.00000e+00
1.17400e+03 3.48673e-13 0.00000e+00
1.17500e+03 3.46983e-13 0.00000e+00
1.17600e+03 3.18014e-13 0.00000e+00
1.17700e+03 2.98545e-13 0.00000e+00
1.17800e+03 3.18408e-13 0.00000e+00
1.17900e+03 2.77341e-13 0.00000e+00
1.18000e+03 2.99606e-13 0.00000e+00
1.18100e+03 3.00937e-13 0.00000e+00
1.18200e+03 3.31519e-13 0.00000e+00
1.18300e+03 2.90750e-13 0.00000e+00
1.18400e+03 2.90835e-13 0.00000e+00
1.18500e+03 3.05808e-13 0.00000e+00
1.18600e+03 2.92936e-13 0.00000e+00
1.18700e+03 3.19168e-13 0.00000e+00
1.18800e+03 2.71475e-13 0.00000e+00
1.18900e+03 2.63391e-13 0.00000e+00
1.19000e+03 2.87340e-13 0.00000e+00
1.19100e+03 3.35975e-13 0.00000e+00
1.19200e+03 3.14594e-13 0.00000e+00
1.19300e+03 2.95228e-13 0.00000e+00
1.19400e+03 2.87885e-13 0.00000e+00
1.19500e+03 2.86929e-13 0.00000e+00
1.19600e+03 2.84829e-13 0.00000e+00
1.19700e+03 3.24464e-13 0.00000e+00
1.19800e+03 2.86865e-13 0.00000e+00
1.19900e+03 2.81497e-13 0.00000e+00
1.20000e+03 2.80576e-13 0.00000e+00
1.20100e+03 2.81472e-13 0.00000e+00
1.20200e+03 2.49581e-13 0.00000e+00
1.20300e+03 2.94647e-13 0.00000e+00
1.20400e+03 2.94326e-13 0.00000e+00
1.20500e+03 2.74774e-13 0.00000e+00
1.20600e+03 2.88766e-13 0.00000e+00
1.20700e+03 3.03499e-13 0.00000e+00
1.20800e+03 2.60862e-13 0.00000e+00
1.20900e+03 2.54150e-13 0.00000e+00
1.21000e+03 2.82046e-13 0.00000e+00
1.21100e+03 2.52769e-13 0.00000e+00
1.21200e+03 2.79339e-13 0.00000e+00
1.21300e+03 2.72680e-13 0.00000e+00
1.21400e+03 2.68738e-13 0.00000e+00
1.21500e+03 2.77334e-13 0.00000e+00
1.21600e+03 2.57163e-13 0.00000e+00
1.21700e+03 2.69095e-13 0.00000e+00
1.21800e+03 2.66974e-13 0.00000e+00
1.21900e+03 2.72081e-13 0.00000e+00
1.22000e+03 2.79278e-13 0.00000e+00
1.22100e+03 2.70755e-13 0.00000e+00
1.22200e+03 2.68163e-13 0.00000e+00
1.22300e+03 2.69729e-13 0.00000e+00
1.22400e+03 2.63111e-13 0.00000e+00
1.22500e+03 2.37079e-13 0.00000e+00
1.22600e+03 2.65409e-13 0.00000e+00
1.22700e+03 2.39315e-13 0.00000e+00
1.22800e+03 2.71823e-13 0.00000e+00
1.22900e+03 2.39125e-13 0.00000e+00
1.23000e+03 2.45658e-13 0.00000e+00
1.23100e+03 2.62057e-13 0.00000e+00
1.23200e+03 2.59580e-13 0.00000e+00
1.23300e+03 2.29239e-13 0.00000e+00
1.23400e+03 2.53006e-13 0.00000e+00
1.23500e+03 2.15067e-13 0.00000e+00
1.23600e+03 2.54638e-13 0.00000e+00
1.23700e+03 2.64690e-13 0.00000e+00
1.23800e+03 2.20649e-13 0.00000e+00
1.23900e+03 2.45269e-13 0.00000e+00
1.24000e+03 2.22669e-13 0.00000e+00
1.24100e+03 2.19960e-13 0.00000e+00
1.24200e+03 2.20350e-13 0.00000e+00
1.24300e+03 2.25509e-13 0.00000e+00
1.24400e+03 2.31278e-13 0.00000e+00
1.24500e+03 2.37513e-13 0.00000e+00
1.24600e+03 2.02102e-13 0.00000e+00
1.24700e+03 2.48013e-13 0.00000e+00
1.24800e+03 2.20146e-13 0.00000e+00
1.24900e+03 2.18030e-13 0.00000e+00
1.25000e+03 2.28508e-13 0.00000e+00
1.25100e+03 2.21209e-13 0.00000e+00
1.25200e+03 2.28410e-13 0.00000e+00
1.25300e+03 2.32019e-13 0.00000e+00
1.25400e+03 2.17869e-13 0.00000e+00
1.25500e+03 1.92201e-13 0.00000e+00
1.25600e+03 2.22915e-13 0.00000e+00
1.25700e+03 2.20654e-13 0.00000e+00
1.25800e+03 2.36141e-13 0.00000e+00
1.25900e+03 2.30276e-13 0.00000e+00
1.26000e+03 2.23816e-13 0.00000e+00
1.26100e+03 2.48006e-13 0.00000e+00
1.26200e+03 2.14755e-13 0.00000e+00
1.26300e+03 2.20267e-13 0.00000e+00
1.26400e+03 2.23577e-13 0.00000e+00
1.26500e+03 2.04221e-13 0.00000e+00
1.26600e+03 2.21900e-13 0.00000e+00
1.26700e+03 2.25591e-13 0.00000e+00
1.26800e+03 2.14902e-13 0.00000e+00
1.26900e+03 2.13700e-13 0.00000e+00
1.27000e+03 2.13185e-13 0.00000e+00
1.27100e+03 1.98490e-13 0.00000e+00
1.27200e+03 2.39228e-13 0.00000e+00
1.27300e+03 2.05498e-13 0.00000e+00
1.27400e+03 2.00423e-13 0.00000e+00
1.27500e+03 2.10269e-13 0.00000e+00
1.27600e+03 2.25642e-13 0.00000e+00
1.27700e+03 2.05120e-13 0.00000e+00
1.27800e+03 1.88900e-13 0.00000e+00
1.27900e+03 2.04446e-13 0.00000e+00
1.28000e+03 2.14591e-13 0.00000e+00
1.28100e+03 2.11449e-13 0.00000e+00
1.28200e+03 2.18820e-13 0.00000e+00
1.28300e+03 2.06326e-13 0.00000e+00
1.28400e+03 2.02228e-13 0.00000e+00
1.28500e+03 2.09188e-13 0.00000e+00
1.28600e+03 1.96683e-13 0.00000e+00
1.28700e+03 1.84061e-13 0.00000e+00
1.28800e+03 2.03158e-13 0.00000e+00
1.28900e+03 1.99214e-13 0.00000e+00
1.29000e+03 1.97617e-13 0.00000e+00
1.29100e+03 1.82031e-13 0.00000e+00
1.29200e+03 1.95984e-13 0.00000e+00
1.29300e+03 1.96016e-13 0.00000e+00
1.29400e+03 2.05006e-13 0.00000e+00
1.29500e+03 1.94330e-13 0.00000e+00
1.29600e+03 1.89108e-13 0.00000e+00
1.29700e+03 1.79333e-13 0.00000e+00
1.29800e+03 1.83082e-13 0.00000e+00
1.29900e+03 1.80392e-13 0.00000e+00
1.30000e+03 1.91753e-13 0.00000e+00
1.30100e+03 1.78787e-13 0.00000e+00
1.30200e+03 1.89556e-13 0.00000e+00
1.30300e+03 1.70448e-13 0.00000e+00
1.30400e+03 1.78913e-13 0.00000e+00
1.30500e+03 1.81761e-13 0.00000e+00
1.30600e+03 1.77854e-13 0.00000e+00
1.30700e+03 1.74048e-13 0.00000e+00
1.30800e+03 1.69849e-13 0.00000e+00
1.30900e+03 1.77268e-13 0.00000e+00
1.31000e+03 1.67358e-13 0.00000e+00
1.31100e+03 1.74270e-13 0.00000e+00
1.31200e+03 1.73645e-13 0.00000e+00
1.31300e+03 1.69915e-13 0.00000e+00
1.31400e+03 1.76034e-13 0.00000e+00
1.31500e+03 1.68066e-13 0.00000e+00
1.31600e+03 1.70052e-13 0.00000e+00
1.31700e+03 1.63710e-13 0.00000e+00
1.31800e+03 1.81926e-13 0.00000e+00
1.31900e+03 1.62922e-13 0.00000e+00
1.32000e+03 1.63507e-13 0.00000e+00
1.32100e+03 1.74224e-13 0.00000e+00
1.32200e+03 1.69143e-13 0.00000e+00
1.32300e+03 1.66665e-13 0.00000e+00
1.32400e+03 1.62524e-13 0.00000e+00
1.32500e+03 1.60513e-13 0.00000e+00
1.32600e+03 1.66231e-13 0.00000e+00
1.32700e+03 1.64597e-13 0.00000e+00
1.32800e+03 1.60919e-13 0.00000e+00
1.32900e+03 1.68031e-13 0.00000e+00
1.33000e+03 1.57671e-13 0.00000e+00
1.33100e+03 1.54430e-13 0.00000e+00
1.33200e+03 1.81308e-13 0.00000e+00
1.33300e+03 1.65548e-13 0.00000e+00
1.33400e+03 1.60409e-13 0.00000e+00
1.33500e+03 1.46936e-13 0.00000e+00
1.33600e+03 1.60032e-13 0.00000e+00
1.33700e+03 1.56186e-13 0.00000e+00
1.33800e+03 1.51770e-13 0.00000e+00
1.33900e+03 1.36967e-13 0.00000e+00
1.34000e+03 1.62262e-13 0.00000e+00
1.34100e+03 1.42363e-13 0.00000e+00
1.34200e+03 1.45476e-13 0.00000e+00
1.34300e+03 1.49736e-13 0.00000e+00
1.34400e+03 1.59714e-13 0.00000e+00
1.34500e+03 1.51264e-13 0.00000e+00
1.34600e+03 1.58258e-13 0.00000e+00
1.34700e+03 1.46177e-13 0.00000e+00
1.34800e+03 1.40220e-13 0.00000e+00
1.34900e+03 1.41929e-13 0.00000e+00
1.35000e+03 1.55517e-13 0.00000e+00
1.35100e+03 1.45749e-13 0.00000e+00
1.35200e+03 1.48510e-13 0.00000e+00
1.35300e+03 1.35131e-13 0.00000e+00
1.35400e+03 1.33421e-13 0.00000e+00
1.35500e+03 1.52590e-13 0.00000e+00
1.35600e+03 1.49493e-13 0.00000e+00
1.35700e+03 1.42776e-13 0.00000e+00
1.35800e+03 1.45218e-13 0.00000e+00
1.35900e+03 1.55529e-13 0.00000e+00
1.36000e+03 1.43807e-13 0.00000e+00
1.36100e+03 1.53573e-13 0.00000e+00
1.36200e+03 1.28161e-13 0.00000e+00
1.36300e+03 1.36292e-13 0.00000e+00
1.36400e+03 1.38798e-13 0.00000e+00
1.36500e+03 1.29070e-13 0.00000e+00
1.36600e+03 1.35205e-13 0.00000e+00
1.36700e+03 1.31997e-13 0.00000e+00
1.36800e+03 1.42241e-13 0.00000e+00
1.36900e+03 1.35684e-13 0.00000e+00
1.37000e+03 1.32761e-13 0.00000e+00
1.37100e+03 1.31860e-13 0.00000e+00
1.37200e+03 1.42993e-13 0.00000e+00
1.37300e+03 1.27982e-13 0.00000e+00
1.37400e+03 1.33916e-13 0.00000e+00
1.37500e+03 1.31430e-13 0.00000e+00
1.37600e+03 1.30437e-13 0.00000e+00
1.37700e+03 1.22286e-13 0.00000e+00
1.37800e+03 1.39060e-13 0.00000e+00
1.37900e+03 1.20390e-13 0.00000e+00
1.38000e+03 1.25553e-13 0.00000e+00
1.38100e+03 1.29987e-13 0.00000e+00
1.38200e+03 1.45327e-13 0.00000e+00
1.38300e+03 1.26134e-13 0.00000e+00
1.38400e+03 1.20193e-13 0.00000e+00
1.38500e+03 1.34651e-13 0.00000e+00
1.38600e+03 1.37334e-13 0.00000e+00
1.38700e+03 1.19453e-13 0.00000e+00
1.38800e+03 1.31418e-13 0.00000e+00
1.38900e+03 1.33140e-13 0.00000e+00
1.39000e+03 1.18117e-13 0.00000e+00
1.39100e+03 1.26797e-13 0.00000e+00
1.39200e+03 1.25165e-13 0.00000e+00
1.39300e+03 1.20644e-13 0.00000e+00
1.39400e+03 1.30805e-13 0.00000e+00
1.39500e+03 1.23198e-13 0.00000e+00
1.39600e+03 1.26534e-13 0.00000e+00
1.39700e+03 1.05898e-13 0.00000e+00
1.39800e+03 1.23444e-13 0.00000e+00
1.39900e+03 1.17236e-13 0.00000e+00
1.40000e+03 1.19249e-13 0.00000e+00
1.40100e+03 1.12197e-13 0.00000e+00
1.40200e+03 1.15948e-13 0.00000e+00
1.40300e+03 1.28791e-13 0.00000e+00
1.40400e+03 1.17279e-13 0.00000e+00
1.40500e+03 1.15756e-13 0.00000e+00
1.40600e+03 1.26424e-13 0.00000e+00
1.40700e+03 1.18972e-13 0.00000e+00
1.40800e+03 1.07737e-13 0.00000e+00
1.40900e+03 1.02049e-13 0.00000e+00
1.41000e+03 1.19274e-13 0.00000e+00
1.41100e+03 1.17100e-13 0.00000e+00
1.41200e+03 1.17338e-13 0.00000e+00
1.41300e+03 1.12979e-13 0.00000e+00
1.41400e+03 1.18013e-13 0.00000e+00
1.41500e+03 1.10415e-13 0.00000e+00
1.41600e+03 1.07133e-13 0.00000e+00
1.41700e+03 1.07846e-13 0.00000e+00
1.41800e+03 1.04920e-13 0.00000e+00
1.41900e+03 1.17745e-13 0.00000e+00
1.42000e+03 1.04858e-13 0.00000e+00
1.42100e+03 1.02530e-13 0.00000e+00
1.42200e+03 1.03025e-13 0.00000e+00
1.42300e+03 1.08037e-13 0.00000e+00
1.42400e+03 9.01548e-14 0.00000e+00
1.42500e+03 1.01634e-13 0.00000e+00
1.42600e+03 9.86028e-14 0.00000e+00
1.42700e+03 1.00689e-13 0.00000e+00
1.42800e+03 1.01702e-13 0.00000e+00
1.42900e+03 1.01043e-13 0.00000e+00
1.43000e+03 1.02144e-13 0.00000e+00
1.43100e+03 9.88778e-14 0.00000e+00
1.43200e+03 9.80623e-14 0.00000e+00
1.43300e+03 1.11350e-13 0.00000e+00
1.43400e+03 1.03938e-13 0.00000e+00
1.43500e+03 9.94179e-14 0.00000e+00
1.43600e+03 1.06059e-13 0.00000e+00
1.43700e+03 9.25062e-14 0.00000e+00
1.43800e+03 1.01139e-13 0.00000e+00
1.43900e+03 9.88260e-14 0.00000e+00
1.44000e+03 9.65895e-14 0.00000e+00
1.44100e+03 1.03798e-13 0.00000e+00
1.44200e+03 8.97130e-14 0.00000e+00
1.44300e+03 9.14008e-14 0.00000e+00
1.44400e+03 1.08651e-13 0.00000e+00
1.44500e+03 9.91988e-14 0.00000e+00
1.44600e+03 9.86113e-14 0.00000e+00
1.44700e+03 9.95662e-14 0.00000e+00
1.44800e+03 9.90180e-14 0.00000e+00
1.44900e+03 9.36718e-14 0.00000e+00
1.45000e+03 9.72696e-14 0.00000e+00
1.45100e+03 9.01322e-14 0.00000e+00
1.45200e+03 9.96906e-14 0.00000e+00
1.45300e+03 8.67148e-14 0.00000e+00
1.45400e+03 9.45614e-14 0.00000e+00
1.45500e+03 9.77381e-14 0.00000e+00
1.45600e+03 9.65299e-14 0.00000e+00
1.45700e+03 9.11207e-14 0.00000e+00
1.45800e+03 8.99260e-14 0.00000e+00
1.45900e+03 9.03495e-14 0.00000e+00
1.46000e+03 8.45791e-14 0.00000e+00
1.46100e+03 9.09871e-14 0.00000e+00
1.46200e+03 8.84743e-14 0.00000e+00
1.46300e+03 8.30733e-14 0.00000e+00
1.46400e+03 8.31711e-14 0.00000e+00
1.46500e+03 9.09688e-14 0.00000e+00
1.46600e+03 8.57109e-14 0.00000e+00
1.46700e+03 8.92482e-14 0.00000e+00
1.46800e+03 9.46616e-14 0.00000e+00
1.46900e+03 8.13695e-14 0.00000e+00
1.47000e+03 7.99942e-14 0.00000e+00
1.47100e+03 8.50544e-14 0.00000e+00
1.47200e+03 8.67548e-14 0.00000e+00
1.47300e+03 8.66061e-14 0.00000e+00
1.47400e+03 8.52421e-14 0.00000e+00
1.47500e+03 7.85250e-14 0.00000e+00
1.47600e+03 8.51339e-14 0.00000e+00
1.47700e+03 8.51079e-14 0.00000e+00
1.47800e+03 9.18876e-14 0.00000e+00
1.47900e+03 8.73886e-14 0.00000e+00
1.48000e+03 8.62023e-14 0.00000e+00
1.48100e+03 8.22111e-14 0.00000e+00
1.48200e+03 8.25928e-14 0.00000e+00
1.48300e+03 8.26707e-14 0.00000e+00
1.48400e+03 7.79412e-14 0.00000e+00
1.48500e+03 7.93065e-14 0.00000e+00
1.48600e+03 7.88095e-14 0.00000e+00
1.48700e+03 8.15936e-14 0.00000e+00
1.48800e+03 8.11074e-14 0.00000e+00
1.48900e+03 7.80710e-14 0.00000e+00
1.49000e+03 7.83313e-14 0.00000e+00
1.49100e+03 7.21741e-14 0.00000e+00
1.49200e+03 7.40441e-14 0.00000e+00
1.49300e+03 7.65582e-14 0.00000e+00
1.49400e+03 7.79130e-14 0.00000e+00
1.49500e+03 7.32100e-14 0.00000e+00
1.49600e+03 7.86141e-14 0.00000e+00
1.49700e+03 7.70483e-14 0.00000e+00
1.49800e+03 7.45736e-14 0.00000e+00
1.49900e+03 6.56837e-14 0.00000e+00
1.50000e+03 7.43979e-14 0.00000e+00
1.50100e+03 7.35918e-14 0.00000e+00
1.50200e+03 7.02092e-14 0.00000e+00
1.50300e+03 7.28652e-14 0.00000e+00
1.50400e+03 6.98326e-14 0.00000e+00
1.50500e+03 7.30126e-14 0.00000e+00
1.50600e+03 6.89843e-14 0.00000e+00
1.50700e+03 7.03840e-14 0.00000e+00
1.50800e+03 6.86739e-14 0.00000e+00
1.50900e+03 6.66679e-14 0.00000e+00
1.51000e+03 6.93009e-14 0.00000e+00
1.51100e+03 6.60246e-14 0.00000e+00
1.51200e+03 7.09824e-14 0.00000e+00
1.51300e+03 6.40985e-14 0.00000e+00
1.51400e+03 7.34301e-14 0.00000e+00
1.51500e+03 7.11780e-14 0.00000e+00
1.51600e+03 6.39144e-14 0.00000e+00
1.51700e+03 6.51084e-14 0.00000e+00
1.51800e+03 7.16930e-14 0.00000e+00
1.51900e+03 6.27861e-14 0.00000e+00
1.52000e+03 6.84760e-14 0.00000e+00
1.52100e+03 6.63558e-14 0.00000e+00
1.52200e+03 6.83254e-14 0.00000e+00
1.52300e+03 6.47596e-14 0.00000e+00
1.52400e+03 6.54849e-14 0.00000e+00
1.52500e+03 6.74815e-14 0.00000e+00
1.52600e+03 6.60597e-14 0.00000e+00
1.52700e+03 6.50798e-14 0.00000e+00
1.52800e+03 6.54713e-14 0.00000e+00
1.52900e+03 6.33814e-14 0.00000e+00
1.53000e+03 6.11717e-14 0.00000e+00
1.53100e+03 6.39817e-14 0.00000e+00
1.53200e+03 6.15828e-14 0.00000e+00
1.53300e+03 6.97036e-14 0.00000e+00
1.53400e+03 5.84951e-14 0.00000e+00
1.53500e+03 6.56552e-14 0.00000e+00
1.53600e+03 6.35590e-14 0.00000e+00
1.53700e+03 5.84856e-14 0.00000e+00
1.53800e+03 5.98612e-14 0.00000e+00
1.53900e+03 6.49344e-14 0.00000e+00
1.54000e+03 6.13555e-14 0.00000e+00
1.54100e+03 5.99723e-14 0.00000e+00
1.54200e+03 6.71749e-14 0.00000e+00
1.54300e+03 6.11037e-14 0.00000e+00
1.54400e+03 6.25931e-14 0.00000e+00
1.54500e+03 6.12623e-14 0.00000e+00
1.54600e+03 6.10468e-14 0.00000e+00
1.54700e+03 5.77692e-14 0.00000e+00
1.54800e+03 5.81524e-14 0.00000e+00
1.54900e+03 5.59507e-14 0.00000e+00
1.55000e+03 6.34311e-14 0.00000e+00
1.55100e+03 5.82125e-14 0.00000e+00
1.55200e+03 6.10070e-14 0.00000e+00
1.55300e+03 5.67662e-14 0.00000e+00
1.55400e+03 5.50743e-14 0.00000e+00
1.55500e+03 5.94907e-14 0.00000e+00
1.55600e+03 5.40481e-14 0.00000e+00
1.55700e+03 5.13547e-14 0.00000e+00
1.55800e+03 5.40710e-14 0.00000e+00
1.55900e+03 5.62112e-14 0.00000e+00
1.56000e+03 6.09937e-14 0.00000e+00
1.56100e+03 5.60027e-14 0.00000e+00
1.56200e+03 5.46650e-14 0.00000e+00
1.56300e+03 5.52212e-14 0.00000e+00
1.56400e+03 5.40700e-14 0.00000e+00
1.56500e+03 5.48588e-14 0.00000e+00
1.56600e+03 5.64705e-14 0.00000e+00
1.56700e+03 5.24557e-14 0.00000e+00
1.56800e+03 5.34093e-14 0.00000e+00
1.56900e+03 5.57910e-14 0.00000e+00
1.57000e+03 5.29865e-14 0.00000e+00
1.57100e+03 5.41459e-14 0.00000e+00
1.57200e+03 4.87317e-14 0.00000e+00
1.57300e+03 5.14801e-14 0.00000e+00
1.57400e+03 5.32647e-14 0.00000e+00
1.57500e+03 5.02454e-14 0.00000e+00
1.57600e+03 5.23849e-14 0.00000e+00
1.57700e+03 4.97593e-14 0.00000e+00
1.57800e+03 4.88634e-14 0.00000e+00
1.57900e+03 5.11469e-14 0.00000e+00
1.58000e+03 5.65038e-14 0.00000e+00
1.58100e+03 5.38146e-14 0.00000e+00
1.58200e+03 5.16915e-14 0.00000e+00
1.58300e+03 5.05235e-14 0.00000e+00
1.58400e+03 4.73010e-14 0.00000e+00
1.58500e+03 5.04011e-14 0.00000e+00
1.58600e+03 5.09251e-14 0.00000e+00
1.58700e+03 5.09142e-14 0.00000e+00
1.58800e+03 4.80902e-14 0.00000e+00
1.58900e+03 5.04522e-14 0.00000e+00
1.59000e+03 4.75376e-14 0.00000e+00
1.59100e+03 4.38350e-14 0.00000e+00
1.59200e+03 5.21050e-14 0.00000e+00
1.59300e+03 4.95216e-14 0.00000e+00
1.59400e+03 4.52819e-14 0.00000e+00
1.59500e+03 4.23278e-14 0.00000e+00
1.59600e+03 4.82789e-14 0.00000e+00
1.59700e+03 4.80254e-14 0.00000e+00
1.59800e+03 4.89645e-14 0.00000e+00
1.59900e+03 4.50188e-14 0.00000e+00
1.60000e+03 4.64481e-14 0.00000e+00
1.60100e+03 4.48954e-14 0.00000e+00
1.60200e+03 5.04203e-14 0.00000e+00
1.60300e+03 4.75604e-14 0.00000e+00
1.60400e+03 4.65765e-14 0.00000e+00
1.60500e+03 5.00259e-14 0.00000e+00
1.60600e+03 4.67467e-14 0.00000e+00
1.60700e+03 4.66358e-14 0.00000e+00
1.60800e+03 4.32944e-14 0.00000e+00
1.60900e+03 4.35234e-14 0.00000e+00
1.61000e+03 4.39703e-14 0.00000e+00
1.61100e+03 4.08217e-14 0.00000e+00
1.61200e+03 4.26275e-14 0.00000e+00
1.61300e+03 4.45338e-14 0.00000e+00
1.61400e+03 4.32519e-14 0.00000e+00
1.61500e+03 4.50940e-14 0.00000e+00
1.61600e+03 4.21978e-14 0.00000e+00
1.61700e+03 4.21205e-14 0.00000e+00
1.61800e+03 4.28733e-14 0.00000e+00
1.61900e+03 3.94919e-14 0.00000e+00
1.62000e+03 3.92303e-14 0.00000e+00
1.62100e+03 3.86924e-14 0.00000e+00
1.62200e+03 4.06292e-14 0.00000e+00
1.62300e+03 4.45373e-14 0.00000e+00
1.62400e+03 3.86460e-14 0.00000e+00
1.62500e+03 4.20600e-14 0.00000e+00
1.62600e+03 4.04531e-14 0.00000e+00
1.62700e+03 3.93638e-14 0.00000e+00
1.62800e+03 4.00816e-14 0.00000e+00
1.62900e+03 3.81934e-14 0.00000e+00
1.63000e+03 4.16430e-14 0.00000e+00
1.63100e+03 3.99792e-14 0.00000e+00
1.63200e+03 4.16214e-14 0.00000e+00
1.63300e+03 3.82989e-14 0.00000e+00
1.63400e+03 3.71243e-14 0.00000e+00
1.63500e+03 3.89990e-14 0.00000e+00
1.63600e+03 3.64940e-14 0.00000e+00
1.63700e+03 4.20991e-14 0.00000e+00
1.63800e+03 3.66716e-14 0.00000e+00
1.63900e+03 3.86049e-14 0.00000e+00
1.64000e+03 3.37723e-14 0.00000e+00
1.64100e+03 3.79377e-14 0.00000e+00
1.64200e+03 4.18668e-14 0.00000e+00
1.64300e+03 3.96548e-14 0.00000e+00
1.64400e+03 3.94403e-14 0.00000e+00
1.64500e+03 3.64711e-14 0.00000e+00
1.64600e+03 3.68505e-14 0.00000e+00
1.64700e+03 3.43171e-14 0.00000e+00
1.64800e+03 3.77775e-14 0.00000e+00
1.64900e+03 3.57752e-14 0.00000e+00
1.65000e+03 3.53536e-14 0.00000e+00
1.65100e+03 3.52526e-14 0.00000e+00
1.65200e+03 3.47291e-14 0.00000e+00
1.65300e+03 3.59519e-14 0.00000e+00
1.65400e+03 3.45319e-14 0.00000e+00
1.65500e+03 3.49632e-14 0.00000e+00
1.65600e+03 3.37234e-14 0.00000e+00
1.65700e+03 3.56224e-14 0.00000e+00
1.65800e+03 3.34539e-14 0.00000e+00
1.65900e+03 3.21651e-14 0.00000e+00
1.66000e+03 3.43153e-14 0.00000e+00
1.66100e+03 3.30871e-14 0.00000e+00
1.66200e+03 3.17158e-14 0.00000e+00
1.66300e+03 3.20598e-14 0.00000e+00
1.66400e+03 3.19606e-14 0.00000e+00
1.66500e+03 3.19424e-14 0.00000e+00
1.66600e+03 3.19543e-14 0.00000e+00
1.66700e+03 2.89497e-14 0.00000e+00
1.66800e+03 3.38453e-14 0.00000e+00
1.66900e+03 3.09252e-14 0.00000e+00
1.67000e+03 3.51719e-14 0.00000e+00
1.67100e+03 3.00073e-14 0.00000e+00
1.67200e+03 2.92376e-14 0.00000e+00
1.67300e+03 3.27233e-14 0.00000e+00
1.67400e+03 3.14518e-14 0.00000e+00
1.67500e+03 3.24960e-14 0.00000e+00
1.67600e+03 3.04974e-14 0.00000e+00
1.67700e+03 3.10231e-14 0.00000e+00
1.67800e+03 3.31181e-14 0.00000e+00
1.67900e+03 3.03679e-14 0.00000e+00
1.68000e+03 2.96148e-14 0.00000e+00
1.68100e+03 2.80954e-14 0.00000e+00
1.68200e+03 3.16033e-14 0.00000e+00
1.68300e+03 2.87586e-14 0.00000e+00
1.68400e+03 2.93982e-14 0.00000e+00
1.68500e+03 3.06863e-14 0.00000e+00
1.68600e+03 3.00786e-14 0.00000e+00
1.68700e+03 3.00586e-14 0.00000e+00
1.68800e+03 2.95938e-14 0.00000e+00
1.68900e+03 3.03772e-14 0.00000e+00
1.69000e+03 2.57570e-14 0.00000e+00
1.69100e+03 2.89986e-14 0.00000e+00
1.69200e+03 2.96771e-14 0.00000e+00
1.69300e+03 2.80184e-14 0.00000e+00
1.69400e+03 2.75010e-14 0.00000e+00
1.69500e+03 2.89228e-14 0.00000e+00
1.69600e+03 2.79645e-14 0.00000e+00
1.69700e+03 2.75446e-14 0.00000e+00
1.69800e+03 2.66479e-14 0.00000e+00
1.69900e+03 2.64247e-14 0.00000e+00
1.70000e+03 2.66326e-14 0.00000e+00
1.70100e+03 2.91615e-14 0.00000e+00
1.70200e+03 2.77981e-14 0.00000e+00
1.70300e+03 2.82729e-14 0.00000e+00
1.70400e+03 2.75788e-14 0.00000e+00
1.70500e+03 2.68071e-14 0.00000e+00
1.70600e+03 2.65028e-14 0.00000e+00
1.70700e+03 2.79052e-14 0.00000e+00
1.70800e+03 2.54903e-14 0.00000e+00
1.70900e+03 2.61131e-14 0.00000e+00
1.71000e+03 2.59915e-14 0.00000e+00
1.71100e+03 2.67862e-14 0.00000e+00
1.71200e+03 2.65612e-14 0.00000e+00
1.71300e+03 2.66200e-14 0.00000e+00
1.71400e+03 2.37348e-14 0.00000e+00
1.71500e+03 2.51697e-14 0.00000e+00
1.71600e+03 2.84416e-14 0.00000e+00
1.71700e+03 2.38182e-14 0.00000e+00
1.71800e+03 2.39972e-14 0.00000e+00
1.71900e+03 2.53901e-14 0.00000e+00
1.72000e+03 2.57859e-14 0.00000e+00
1.72100e+03 2.43345e-14 0.00000e+00
1.72200e+03 2.49938e-14 0.00000e+00
1.72300e+03 2.50649e-14 0.00000e+00
1.72400e+03 2.52750e-14 0.00000e+00
1.72500e+03 2.45810e-14 0.00000e+00
1.72600e+03 2.45722e-14 0.00000e+00
1.72700e+03 2.49577e-14 0.00000e+00
1.72800e+03 2.34900e-14 0.00000e+00
1.72900e+03 2.39017e-14 0.00000e+00
1.73000e+03 2.38153e-14 0.00000e+00
1.73100e+03 2.07059e-14 0.00000e+00
1.73200e+03 2.29077e-14 0.00000e+00
1.73300e+03 2.34842e-14 0.00000e+00
1.73400e+03 2.21757e-14 0.00000e+00
1.73500e+03 2.19614e-14 0.00000e+00
1.73600e+03 2.30250e-14 0.00000e+00
1.73700e+03 2.37638e-14 0.00000e+00
1.73800e+03 2.19508e-14 0.00000e+00
1.73900e+03 2.23032e-14 0.00000e+00
1.74000e+03 2.15996e-14 0.00000e+00
1.74100e+03 2.18679e-14 0.00000e+00
1.74200e+03 2.06855e-14 0.00000e+00
1.74300e+03 2.12236e-14 0.00000e+00
1.74400e+03 2.25235e-14 0.00000e+00
1.74500e+03 2.17175e-14 0.00000e+00
1.74600e+03 2.06432e-14 0.00000e+00
1.74700e+03 2.03182e-14 0.00000e+00
1.74800e+03 2.28078e-14 0.00000e+00
1.74900e+03 2.00640e-14 0.00000e+00
1.75000e+03 2.01301e-14 0.00000e+00
1.75100e+03 2.00395e-14 0.00000e+00
1.75200e+03 2.15018e-14 0.00000e+00
1.75300e+03 2.10241e-14 0.00000e+00
1.75400e+03 1.98268e-14 0.00000e+00
1.75500e+03 2.06726e-14 0.00000e+00
1.75600e+03 2.09704e-14 0.00000e+00
1.75700e+03 2.09604e-14 0.00000e+00
1.75800e+03 2.09975e-14 0.00000e+00
1.75900e+03 2.16274e-14 0.00000e+00
1.76000e+03 2.03758e-14 0.00000e+00
1.76100e+03 2.13261e-14 0.00000e+00
1.76200e+03 1.92757e-14 0.00000e+00
1.76300e+03 1.90992e-14 0.00000e+00
1.76400e+03 1.98880e-14 0.00000e+00
1.76500e+03 2.25064e-14 0.00000e+00
1.76600e+03 2.03243e-14 0.00000e+00
1.76700e+03 1.89960e-14 0.00000e+00
1.76800e+03 1.81636e-14 0.00000e+00
1.76900e+03 1.77969e-14 0.00000e+00
1.77000e+03 1.78084e-14 0.00000e+00
1.77100e+03 1.88017e-14 0.00000e+00
1.77200e+03 1.81358e-14 0.00000e+00
1.77300e+03 2.11816e-14 0.00000e+00
1.77400e+03 1.73043e-14 0.00000e+00
1.77500e+03 1.79111e-14 0.00000e+00
1.77600e+03 2.03586e-14 0.00000e+00
1.77700e+03 1.97114e-14 0.00000e+00
1.77800e+03 1.79255e-14 0.00000e+00
1.77900e+03 1.81644e-14 0.00000e+00
1.78000e+03 1.71582e-14 0.00000e+00
1.78100e+03 1.90471e-14 0.00000e+00
1.78200e+03 1.81409e-14 0.00000e+00
1.78300e+03 1.80196e-14 0.00000e+00
1.78400e+03 1.66087e-14 0.00000e+00
1.78500e+03 1.86076e-14 0.00000e+00
1.78600e+03 1.73572e-14 0.00000e+00
1.78700e+03 1.64617e-14 0.00000e+00
1.78800e+03 1.73674e-14 0.00000e+00
1.78900e+03 1.82764e-14 0.00000e+00
1.79000e+03 1.62784e-14 0.00000e+00
1.79100e+03 1.63957e-14 0.00000e+00
1.79200e+03 1.61266e-14 0.00000e+00
1.79300e+03 1.57075e-14 0.00000e+00
1.79400e+03 1.65806e-14 0.00000e+00
1.79500e+03 1.59007e-14 0.00000e+00
1.79600e+03 1.64650e-14 0.00000e+00
1.79700e+03 1.65611e-14 0.00000e+00
1.79800e+03 1.66033e-14 0.00000e+00
1.79900e+03 1.54363e-14 0.00000e+00
1.80000e+03 1.58094e-14 0.00000e+00
1.80100e+03 1.58035e-14 0.00000e+00
1.80200e+03 1.63561e-14 0.00000e+00
1.80300e+03 1.64902e-14 0.00000e+00
1.80400e+03 1.67112e-14 0.00000e+00
1.80500e+03 1.61636e-14 0.00000e+00
1.80600e+03 1.47958e-14 0.00000e+00
1.80700e+03 1.57569e-14 0.00000e+00
1.80800e+03 1.46775e-14 0.00000e+00
1.80900e+03 1.53608e-14 0.00000e+00
1.81000e+03 1.47180e-14 0.00000e+00
1.81100e+03 1.47623e-14 0.00000e+00
1.81200e+03 1.63178e-14 0.00000e+00
1.81300e+03 1.45580e-14 0.00000e+00
1.81400e+03 1.66420e-14 0.00000e+00
1.81500e+03 1.52429e-14 0.00000e+00
1.81600e+03 1.44278e-14 0.00000e+00
1.81700e+03 1.49895e-14 0.00000e+00
1.81800e+03 1.36822e-14 0.00000e+00
1.81900e+03 1.42520e-14 0.00000e+00
1.82000e+03 1.64436e-14 0.00000e+00
1.82100e+03 1.41798e-14 0.00000e+00
1.82200e+03 1.43062e-14 0.00000e+00
1.82300e+03 1.34326e-14 0.00000e+00
1.82400e+03 1.46941e-14 0.00000e+00
1.82500e+03 1.44961e-14 0.00000e+00
1.82600e+03 1.32745e-14 0.00000e+00
1.82700e+03 1.29221e-14 0.00000e+00
1.82800e+03 1.49508e-14 0.00000e+00
1.82900e+03 1.34204e-14 0.00000e+00
1.83000e+03 1.34850e-14 0.00000e+00
1.83100e+03 1.25928e-14 0.00000e+00
1.83200e+03 1.26875e-14 0.00000e+00
1.83300e+03 1.30605e-14 0.00000e+00
1.83400e+03 1.38181e-14 0.00000e+00
1.83500e+03 1.41018e-14 0.00000e+00
1.83600e+03 1.39044e-14 0.00000e+00
1.83700e+03 1.35314e-14 0.00000e+00
1.83800e+03 1.43457e-14 0.00000e+00
1.83900e+03 1.36889e-14 0.00000e+00
1.84000e+03 1.33536e-14 0.00000e+00
1.84100e+03 1.32658e-14 0.00000e+00
1.84200e+03 1.31027e-14 0.00000e+00
1.84300e+03 1.19171e-14 0.00000e+00
1.84400e+03 1.28504e-14 0.00000e+00
1.84500e+03 1.21426e-14 0.00000e+00
1.84600e+03 1.18463e-14 0.00000e+00
1.84700e+03 1.24446e-14 0.00000e+00
1.84800e+03 1.25665e-14 0.00000e+00
1.84900e+03 1.25727e-14 0.00000e+00
1.85000e+03 1.21498e-14 0.00000e+00
1.85100e+03 1.15385e-14 0.00000e+00
1.85200e+03 1.17389e-14 0.00000e+00
1.85300e+03 1.23168e-14 0.00000e+00
1.85400e+03 1.11232e-14 0.00000e+00
1.85500e+03 1.23839e-14 0.00000e+00
1.85600e+03 1.22727e-14 0.00000e+00
1.85700e+03 1.14851e-14 0.00000e+00
1.85800e+03 1.14620e-14 0.00000e+00
1.85900e+03 1.15336e-14 0.00000e+00
1.86000e+03 1.15808e-14 0.00000e+00
1.86100e+03 1.09978e-14 0.00000e+00
1.86200e+03 1.18310e-14 0.00000e+00
1.86300e+03 1.11780e-14 0.00000e+00
1.86400e+03 1.23383e-14 0.00000e+00
1.86500e+03 1.11792e-14 0.00000e+00
1.86600e+03 1.10711e-14 0.00000e+00
1.86700e+03 1.16038e-14 0.00000e+00
1.86800e+03 1.09294e-14 0.00000e+00
1.86900e+03 1.06068e-14 0.00000e+00
1.87000e+03 1.05446e-14 0.00000e+00
1.87100e+03 1.06483e-14 0.00000e+00
1.87200e+03 9.82308e-15 0.00000e+00
1.87300e+03 1.06693e-14 0.00000e+00
1.87400e+03 1.05418e-14 0.00000e+00
1.87500e+03 1.04965e-14 0.00000e+00
1.87600e+03 1.05771e-14 0.00000e+00
1.87700e+03 9.90189e-15 0.00000e+00
1.87800e+03 1.02885e-14 0.00000e+00
1.87900e+03 9.86702e-15 0.00000e+00
1.88000e+03 9.66973e-15 0.00000e+00
1.88100e+03 1.07195e-14 0.00000e+00
1.88200e+03 9.38960e-15 0.00000e+00
1.88300e+03 1.09353e-14 0.00000e+00
1.88400e+03 1.00815e-14 0.00000e+00
1.88500e+03 9.73636e-15 0.00000e+00
1.88600e+03 9.21828e-15 0.00000e+00
1.88700e+03 1.01690e-14 0.00000e+00
1.88800e+03 9.45838e-15 0.00000e+00
1.88900e+03 1.04053e-14 0.00000e+00
1.89000e+03 9.87477e-15 0.00000e+00
1.89100e+03 9.58963e-15 0.00000e+00
1.89200e+03 9.56839e-15 0.00000e+00
1.89300e+03 8.67933e-15 0.00000e+00
1.89400e+03 9.94128e-15 0.00000e+00
1.89500e+03 8.92706e-15 0.00000e+00
1.89600e+03 8.82906e-15 0.00000e+00
1.89700e+03 9.57717e-15 0.00000e+00
1.89800e+03 9.31700e-15 0.00000e+00
1.89900e+03 9.26132e-15 0.00000e+00
1.90000e+03 8.93979e-15 0.00000e+00
1.90100e+03 7.92683e-15 0.00000e+00
1.90200e+03 9.74179e-15 0.00000e+00
1.90300e+03 8.72967e-15 0.00000e+00
1.90400e+03 9.03330e-15 0.00000e+00
1.90500e+03 8.32483e-15 0.00000e+00
1.90600e+03 8.35960e-15 0.00000e+00
1.90700e+03 8.11172e-15 0.00000e+00
1.90800e+03 9.64273e-15 0.00000e+00
1.90900e+03 9.05315e-15 0.00000e+00
1.91000e+03 7.98307e-15 0.00000e+00
1.91100e+03 7.41561e-15 0.00000e+00
1.91200e+03 8.63797e-15 0.00000e+00
1.91300e+03 8.71279e-15 0.00000e+00
1.91400e+03 8.40236e-15 0.00000e+00
1.91500e+03 8.54331e-15 0.00000e+00
1.91600e+03 8.74448e-15 0.00000e+00
1.91700e+03 8.83298e-15 0.00000e+00
1.91800e+03 8.04734e-15 0.00000e+00
1.91900e+03 8.27440e-15 0.00000e+00
1.92000e+03 8.57618e-15 0.00000e+00
1.92100e+03 7.97105e-15 0.00000e+00
1.92200e+03 8.61448e-15 0.00000e+00
1.92300e+03 8.01322e-15 0.00000e+00
1.92400e+03 8.11472e-15 0.00000e+00
1.92500e+03 7.68609e-15 0.00000e+00
1.92600e+03 7.71637e-15 0.00000e+00
1.92700e+03 8.58848e-15 0.00000e+00
1.92800e+03 7.84002e-15 0.00000e+00
1.92900e+03 7.76645e-15 0.00000e+00
1.93000e+03 7.63050e-15 0.00000e+00
1.93100e+03 7.64638e-15 0.00000e+00
1.93200e+03 7.20405e-15 0.00000e+00
1.93300e+03 7.70044e-15 0.00000e+00
1.93400e+03 7.65154e-15 0.00000e+00
1.93500e+03 7.46489e-15 0.00000e+00
1.93600e+03 8.01161e-15 0.00000e+00
1.93700e+03 7.47669e-15 0.00000e+00
1.93800e+03 7.49183e-15 0.00000e+00
1.93900e+03 7.04204e-15 0.00000e+00
1.94000e+03 6.87983e-15 0.00000e+00
1.94100e+03 7.35595e-15 0.00000e+00
1.94200e+03 7.06543e-15 0.00000e+00
1.94300e+03 7.41858e-15 0.00000e+00
1.94400e+03 7.29830e-15 0.00000e+00
1.94500e+03 6.99486e-15 0.00000e+00
1.94600e+03 7.11513e-15 0.00000e+00
1.94700e+03 7.05144e-15 0.00000e+00
1.94800e+03 6.76114e-15 0.00000e+00
1.94900e+03 7.48428e-15 0.00000e+00
1.95000e+03 6.61728e-15 0.00000e+00
1.95100e+03 6.89214e-15 0.00000e+00
1.95200e+03 7.02267e-15 0.00000e+00
1.95300e+03 6.45220e-15 0.00000e+00
1.95400e+03 6.93807e-15 0.00000e+00
1.95500e+03 6.72151e-15 0.00000e+00
1.95600e+03 6.73511e-15 0.00000e+00
1.95700e+03 6.69646e-15 0.00000e+00
1.95800e+03 6.98041e-15 0.00000e+00
1.95900e+03 6.76450e-15 0.00000e+00
1.96000e+03 6.48623e-15 0.00000e+00
1.96100e+03 6.56036e-15 0.00000e+00
1.96200e+03 5.95844e-15 0.00000e+00
1.96300e+03 6.67317e-15 0.00000e+00
1.96400e+03 6.55016e-15 0.00000e+00
1.96500e+03 6.62598e-15 0.00000e+00
1.96600e+03 6.42486e-15 0.00000e+00
1.96700e+03 6.58492e-15 0.00000e+00
1.96800e+03 6.43323e-15 0.00000e+00
1.96900e+03 6.00885e-15 0.00000e+00
1.97000e+03 6.34045e-15 0.00000e+00
1.97100e+03 5.96620e-15 0.00000e+00
1.97200e+03 6.24207e-15 0.00000e+00
1.97300e+03 5.83016e-15 0.00000e+00
1.97400e+03 6.14705e-15 0.00000e+00
1.97500e+03 5.78141e-15 0.00000e+00
1.97600e+03 5.95282e-15 0.00000e+00
1.97700e+03 6.27023e-15 0.00000e+00
1.97800e+03 5.73327e-15 0.00000e+00
1.97900e+03 5.89281e-15 0.00000e+00
1.98000e+03 5.47090e-15 0.00000e+00
1.98100e+03 5.64936e-15 0.00000e+00
1.98200e+03 5.45933e-15 0.00000e+00
1.98300e+03 5.51078e-15 0.00000e+00
1.98400e+03 5.23890e-15 0.00000e+00
1.98500e+03 5.51742e-15 0.00000e+00
1.98600e+03 5.88399e-15 0.00000e+00
1.98700e+03 5.62002e-15 0.00000e+00
1.98800e+03 5.87899e-15 0.00000e+00
1.98900e+03 5.25296e-15 0.00000e+00
1.99000e+03 5.39511e-15 0.00000e+00
1.99100e+03 5.40117e-15 0.00000e+00
1.99200e+03 5.32648e-15 0.00000e+00
1.99300e+03 5.47524e-15 0.00000e+00
1.99400e+03 5.38576e-15 0.00000e+00
1.99500e+03 5.23659e-15 0.00000e+00
1.99600e+03 4.95642e-15 0.00000e+00
1.99700e+03 5.05678e-15 0.00000e+00
1.99800e+03 4.77045e-15 0.00000e+00
1.99900e+03 5.34966e-15 0.00000e+00
2.00000e+03 5.09371e-15 0.00000e+00
