0.00000e+00 0.00000e+00 0.00000e+00
1.00000e+00 0.00000e+00 0.00000e+00
2.00000e+00 0.00000e+00 0.00000e+00
3.00000e+00 0.00000e+00 0.00000e+00
4.00000e+00 0.00000e+00 0.00000e+00
5.00000e+00 0.00000e+00 0.00000e+00
6.00000e+00 0.00000e+00 0.00000e+00
7.00000e+00 0.00000e+00 0.00000e+00
8.00000e+00 0.00000e+00 0.00000e+00
9.00000e+00 0.00000e+00 0.00000e+00
1.00000e+01 0.00000e+00 0.00000e+00
1.10000e+01 0.00000e+00 0.00000e+00
1.20000e+01 0.00000e+00 0.00000e+00
1.30000e+01 0.00000e+00 0.00000e+00
1.40000e+01 0.00000e+00 0.00000e+00
1.50000e+01 0.00000e+00 0.00000e+00
1.60000e+01 0.00000e+00 0.00000e+00
1.70000e+01 0.00000e+00 0.00000e+00
1.80000e+01 0.00000e+00 0.00000e+00
1.90000e+01 0.00000e+00 0.00000e+00
2.00000e+01 0.00000e+00 0.00000e+00
2.10000e+01 0.00000e+00 0.00000e+00
2.20000e+01 0.00000e+00 0.00000e+00
2.30000e+01 0.00000e+00 0.00000e+00
2.40000e+01 0.00000e+00 0.00000e+00
2.50000e+01 0.00000e+00 0.00000e+00
2.60000e+01 0.00000e+00 0.00000e+00
2.70000e+01 0.00000e+00 0.00000e+00
2.80000e+01 0.00000e+00 0.00000e+00
2.90000e+01 0.00000e+00 0.00000e+00
3.00000e+01 0.00000e+00 0.00000e+00
3.10000e+01 0.00000e+00 0.00000e+00
3.20000e+01 0.00000e+00 0.00000e+00
3.30000e+01 0.00000e+00 0.00000e+00
3.40000e+01 0.00000e+00 0.00000e+00
3.50000e+01 0.00000e+00 0.00000e+00
3.60000e+01 0.00000e+00 0.00000e+00
3.70000e+01 0.00000e+00 0.00000e+00
3.80000e+01 0.00000e+00 0.00000e+00
3.90000e+01 0.00000e+00 0.00000e+00
4.00000e+01 0.00000e+00 0.00000e+00
4.10000e+01 0.00000e+00 0.00000e+00
4.20000e+01 0.00000e+00 0.00000e+00
4.30000e+01 0.00000e+00 0.00000e+00
4.40000e+01 0.00000e+00 0.00000e+00
4.50000e+01 0.00000e+00 0.00000e+00
4.60000e+01 0.00000e+00 0.00000e+00
4.70000e+01 0.00000e+00 0.00000e+00
4.80000e+01 0.00000e+00 0.00000e+00
4.90000e+01 0.00000e+00 0.00000e+00
5.00000e+01 0.00000e+00 0.00000e+00
5.10000e+01 0.00000e+00 0.00000e+00
5.20000e+01 0.00000e+00 0.00000e+00
5.30000e+01 0.00000e+00 0.00000e+00
5.40000e+01 0.00000e+00 0.00000e+00
5.50000e+01 0.00000e+00 0.00000e+00
5.60000e+01 0.00000e+00 0.00000e+00
5.70000e+01 0.00000e+00 0.00000e+00
5.80000e+01 0.00000e+00 0.00000e+00
5.90000e+01 0.00000e+00 0.00000e+00
6.00000e+01 0.00000e+00 0.00000e+00
6.10000e+01 0.00000e+00 0.00000e+00
6.20000e+01 0.00000e+00 0.00000e+00
6.30000e+01 0.00000e+00 0.00000e+00
6.40000e+01 0.00000e+00 0.00000e+00
6.50000e+01 0.00000e+00 0.00000e+00
6.60000e+01 0.00000e+00 0.00000e+00
6.70000e+01 0.00000e+00 0.00000e+00
6.80000e+01 0.00000e+00 0.00000e+00
6.90000e+01 0.00000e+00 0.00000e+00
7.00000e+01 0.00000e+00 0.00000e+00
7.10000e+01 0.00000e+00 0.00000e+00
7.20000e+01 0.00000e+00 0.00000e+00
7.30000e+01 0.00000e+00 0.00000e+00
7.40000e+01 0.00000e+00 0.00000e+00
7.50000e+01 0.00000e+00 0.00000e+00
7.60000e+01 0.00000e+00 0.00000e+00
7.70000e+01 0.00000e+00 0.00000e+00
7.80000e+01 0.00000e+00 0.00000e+00
7.90000e+01 0.00000e+00 0.00000e+00
8.00000e+01 0.00000e+00 0.00000e+00
8.10000e+01 0.00000e+00 0.00000e+00
8.20000e+01 0.00000e+00 0.00000e+00
8.30000e+01 0.00000e+00 0.00000e+00
8.40000e+01 0.00000e+00 0.00000e+00
8.50000e+01 0.00000e+00 0.00000e+00
8.60000e+01 0.00000e+00 0.00000e+00
8.70000e+01 0.00000e+00 0.00000e+00
8.80000e+01 0.00000e+00 0.00000e+00
8.90000e+01 0.00000e+00 0.00000e+00
9.00000e+01 0.00000e+00 0.00000e+00
9.10000e+01 0.00000e+00 0.00000e+00
9.20000e+01 0.00000e+00 0.00000e+00
9.30000e+01 0.00000e+00 0.00000e+00
9.40000e+01 0.00000e+00 0.00000e+00
9.50000e+01 0.00000e+00 0.00000e+00
9.60000e+01 0.00000e+00 0.00000e+00
9.70000e+01 0.00000e+00 0.00000e+00
9.80000e+01 0.00000e+00 0.00000e+00
9.90000e+01 0.00000e+00 0.00000e+00
1.00000e+02 3.71675e-11 0.00000e+00
1.01000e+02 1.22082e-10 0.00000e+00
1.02000e+02 9.94989e-11 0.00000e+00
1.03000e+02 2.19434e-10 0.00000e+00
1.04000e+02 1.77881e-10 0.00000e+00
1.05000e+02 4.15502e-11 0.00000e+00
1.06000e+02 1.25094e-10 0.00000e+00
1.07000e+02 8.55485e-11 0.00000e+00
1.08000e+02 1.19246e-10 0.00000e+00
1.09000e+02 1.20046e-10 0.00000e+00
1.10000e+02 7.50272e-11 0.00000e+00
1.11000e+02 3.60193e-11 0.00000e+00
1.12000e+02 6.89136e-11 0.00000e+00
1.13000e+02 3.97388e-11 0.00000e+00
1.14000e+02 1.71201e-10 0.00000e+00
1.15000e+02 2.09509e-10 0.00000e+00
1.16000e+02 -5.17835e-11 0.00000e+00
1.17000e+02 7.58976e-11 0.00000e+00
1.18000e+02 7.87082e-11 0.00000e+00
1.19000e+02 1.48753e-10 0.00000e+00
1.20000e+02 2.78899e-10 0.00000e+00
1.21000e+02 3.95864e-11 0.00000e+00
1.22000e+02 1.28654e-10 0.00000e+00
1.23000e+02 6.74140e-11 0.00000e+00
1.24000e+02 1.15567e-10 0.00000e+00
1.25000e+02 1.06437e-10 0.00000e+00
1.26000e+02 9.14898e-11 0.00000e+00
1.27000e+02 4.49860e-11 0.00000e+00
1.28000e+02 1.02449e-10 0.00000e+00
1.29000e+02 6.70797e-11 0.00000e+00
1.30000e+02 1.18484e-10 0.00000e+00
1.31000e+02 9.20205e-11 0.00000e+00
1.32000e+02 3.88579e-11 0.00000e+00
1.33000e+02 7.96260e-11 0.00000e+00
1.34000e+02 2.05092e-10 0.00000e+00
1.35000e+02 -2.13958e-11 0.00000e+00
1.36000e+02 5.61878e-11 0.00000e+00
1.37000e+02 1.32255e-10 0.00000e+00
1.38000e+02 1.10201e-10 0.00000e+00
1.39000e+02 9.56673e-11 0.00000e+00
1.40000e+02 8.14252e-11 0.00000e+00
1.41000e+02 1.52970e-10 0.00000e+00
1.42000e+02 1.07705e-10 0.00000e+00
1.43000e+02 1.00217e-10 0.00000e+00
1.44000e+02 6.40674e-11 0.00000e+00
1.45000e+02 6.74835e-11 0.00000e+00
1.46000e+02 1.51885e-10 0.00000e+00
1.47000e+02 5.31821e-11 0.00000e+00
1.48000e+02 1.51908e-10 0.00000e+00
1.49000e+02 6.10664e-11 0.00000e+00
1.50000e+02 1.13486e-10 0.00000e+00
1.51000e+02 1.05822e-10 0.00000e+00
1.52000e+02 5.09182e-11 0.00000e+00
1.53000e+02 1.00254e-10 0.00000e+00
1.54000e+02 7.19569e-11 0.00000e+00
1.55000e+02 1.11947e-10 0.00000e+00
1.56000e+02 1.47627e-10 0.00000e+00
1.57000e+02 1.22946e-10 0.00000e+00
1.58000e+02 7.51989e-11 0.00000e+00
1.59000e+02 -1.46580e-11 0.00000e+00
1.60000e+02 1.20480e-10 0.00000e+00
1.61000e+02 3.21186e-11 0.00000e+00
1.62000e+02 8.49266e-11 0.00000e+00
1.63000e+02 7.58019e-11 0.00000e+00
1.64000e+02 1.06984e-10 0.00000e+00
1.65000e+02 2.53958e-11 0.00000e+00
1.66000e+02 3.72260e-11 0.00000e+00
1.67000e+02 6.47755e-11 0.00000e+00
1.68000e+02 9.36897e-11 0.00000e+00
1.69000e+02 9.95074e-11 0.00000e+00
1.70000e+02 4.22630e-11 0.00000e+00
1.71000e+02 4.43026e-11 0.00000e+00
1.72000e+02 8.17682e-11 0.00000e+00
1.73000e+02 5.21974e-11 0.00000e+00
1.74000e+02 6.29480e-11 0.00000e+00
1.75000e+02 1.57293e-11 0.00000e+00
1.76000e+02 6.03303e-11 0.00000e+00
1.77000e+02 7.54239e-12 0.00000e+00
1.78000e+02 -1.17160e-11 0.00000e+00
1.79000e+02 1.01364e-10 0.00000e+00
1.80000e+02 1.12095e-10 0.00000e+00
1.81000e+02 8.20601e-11 0.00000e+00
1.82000e+02 1.04254e-10 0.00000e+00
1.83000e+02 1.14645e-10 0.00000e+00
1.84000e+02 1.13247e-10 0.00000e+00
1.85000e+02 2.02491e-11 0.00000e+00
1.86000e+02 4.15972e-11 0.00000e+00
1.87000e+02 5.73455e-11 0.00000e+00
1.88000e+02 8.08011e-11 0.00000e+00
1.89000e+02 7.69599e-11 0.00000e+00
1.90000e+02 8.26570e-11 0.00000e+00
1.91000e+02 7.65512e-12 0.00000e+00
1.92000e+02 3.64429e-11 0.00000e+00
1.93000e+02 1.38048e-10 0.00000e+00
1.94000e+02 9.02729e-11 0.00000e+00
1.95000e+02 3.69177e-11 0.00000e+00
1.96000e+02 1.14357e-11 0.00000e+00
1.97000e+02 9.29528e-11 0.00000e+00
1.98000e+02 5.24097e-11 0.00000e+00
1.99000e+02 1.00837e-10 0.00000e+00
2.00000e+02 6.40247e-11 0.00000e+00
2.01000e+02 6.54318e-11 0.00000e+00
2.02000e+02 1.49349e-11 0.00000e+00
2.03000e+02 4.31703e-11 0.00000e+00
2.04000e+02 5.38261e-11 0.00000e+00
2.05000e+02 9.47296e-12 0.00000e+00
2.06000e+02 3.20829e-11 0.00000e+00
2.07000e+02 4.54408e-11 0.00000e+00
2.08000e+02 3.74258e-11 0.00000e+00
2.09000e+02 1.07240e-10 0.00000e+00
2.10000e+02 1.17611e-10 0.00000e+00
2.11000e+02 6.02591e-11 0.00000e+00
2.12000e+02 2.10175e-11 0.00000e+00
2.13000e+02 3.72373e-11 0.00000e+00
2.14000e+02 5.59686e-11 0.00000e+00
2.15000e+02 1.13002e-10 0.00000e+00
2.16000e+02 6.41904e-11 0.00000e+00
2.17000e+02 4.73327e-11 0.00000e+00
2.18000e+02 5.57644e-11 0.00000e+00
2.19000e+02 4.59394e-11 0.00000e+00
2.20000e+02 3.52926e-11 0.00000e+00
2.21000e+02 5.47131e-11 0.00000e+00
2.22000e+02 -2.29452e-12 0.00000e+00
2.23000e+02 4.31899e-11 0.00000e+00
2.24000e+02 1.24732e-10 0.00000e+00
2.25000e+02 -4.21002e-11 0.00000e+00
2.26000e+02 4.00429e-11 0.00000e+00
2.27000e+02 7.89272e-11 0.00000e+00
2.28000e+02 1.50424e-11 0.00000e+00
2.29000e+02 1.23324e-11 0.00000e+00
2.30000e+02 1.03446e-10 0.00000e+00
2.31000e+02 3.40176e-11 0.00000e+00
2.32000e+02 2.38046e-11 0.00000e+00
2.33000e+02 9.21423e-11 0.00000e+00
2.34000e+02 5.22089e-11 0.00000e+00
2.35000e+02 4.49820e-11 0.00000e+00
2.36000e+02 3.86866e-11 0.00000e+00
2.37000e+02 3.51369e-11 0.00000e+00
2.38000e+02 5.18369e-11 0.00000e+00
2.39000e+02 2.50670e-11 0.00000e+00
2.40000e+02 6.25283e-11 0.00000e+00
2.41000e+02 3.25516e-11 0.00000e+00
2.42000e+02 5.57769e-11 0.00000e+00
2.43000e+02 3.26768e-11 0.00000e+00
2.44000e+02 2.64533e-11 0.00000e+00
2.45000e+02 6.44516e-11 0.00000e+00
2.46000e+02 5.95719e-11 0.00000e+00
2.47000e+02 1.76303e-11 0.00000e+00
2.48000e+02 9.98067e-11 0.00000e+00
2.49000e+02 7.47029e-11 0.00000e+00
2.50000e+02 6.11055e-11 0.00000e+00
2.51000e+02 8.70940e-11 0.00000e+00
2.52000e+02 3.93183e-11 0.00000e+00
2.53000e+02 3.43354e-11 0.00000e+00
2.54000e+02 8.62923e-12 0.00000e+00
2.55000e+02 2.60612e-11 0.00000e+00
2.56000e+02 6.57357e-11 0.00000e+00
2.57000e+02 5.04003e-11 0.00000e+00
2.58000e+02 7.37052e-11 0.00000e+00
2.59000e+02 5.06501e-11 0.00000e+00
2.60000e+02 3.30610e-11 0.00000e+00
2.61000e+02 5.15340e-11 0.00000e+00
2.62000e+02 5.69293e-11 0.00000e+00
2.63000e+02 3.62178e-11 0.00000e+00
2.64000e+02 1.43232e-11 0.00000e+00
2.65000e+02 7.21038e-11 0.00000e+00
2.66000e+02 4.50152e-11 0.00000e+00
2.67000e+02 8.17645e-11 0.00000e+00
2.68000e+02 1.34978e-11 0.00000e+00
2.69000e+02 2.86055e-11 0.00000e+00
2.70000e+02 2.93397e-11 0.00000e+00
2.71000e+02 4.63867e-11 0.00000e+00
2.72000e+02 5.15712e-11 0.00000e+00
2.73000e+02 3.22162e-11 0.00000e+00
2.74000e+02 1.17883e-11 0.00000e+00
2.75000e+02 3.84048e-11 0.00000e+00
2.76000e+02 1.74084e-11 0.00000e+00
2.77000e+02 5.94178e-11 0.00000e+00
2.78000e+02 3.27474e-11 0.00000e+00
2.79000e+02 5.10553e-11 0.00000e+00
2.80000e+02 5.06450e-11 0.00000e+00
2.81000e+02 2.64523e-11 0.00000e+00
2.82000e+02 2.13535e-11 0.00000e+00
2.83000e+02 3.87723e-11 0.00000e+00
2.84000e+02 3.76087e-11 0.00000e+00
2.85000e+02 4.66579e-11 0.00000e+00
2.86000e+02 7.46303e-11 0.00000e+00
2.87000e+02 8.57349e-11 0.00000e+00
2.88000e+02 4.37212e-11 0.00000e+00
2.89000e+02 3.62045e-11 0.00000e+00
2.90000e+02 1.07248e-10 0.00000e+00
2.91000e+02 1.58750e-11 0.00000e+00
2.92000e+02 8.43370e-11 0.00000e+00
2.93000e+02 3.79113e-11 0.00000e+00
2.94000e+02 6.69769e-11 0.00000e+00
2.95000e+02 3.66888e-11 0.00000e+00
2.96000e+02 3.02015e-11 0.00000e+00
2.97000e+02 2.26883e-11 0.00000e+00
2.98000e+02 7.42701e-11 0.00000e+00
2.99000e+02 5.97348e-11 0.00000e+00
3.00000e+02 1.97061e-11 0.00000e+00
3.01000e+02 2.89545e-11 0.00000e+00
3.02000e+02 5.36581e-11 0.00000e+00
3.03000e+02 1.53874e-11 0.00000e+00
3.04000e+02 5.99997e-11 0.00000e+00
3.05000e+02 4.21207e-11 0.00000e+00
3.06000e+02 3.32256e-11 0.00000e+00
3.07000e+02 1.75798e-11 0.00000e+00
3.08000e+02 8.28263e-11 0.00000e+00
3.09000e+02 7.21185e-11 0.00000e+00
3.10000e+02 1.46052e-11 0.00000e+00
3.11000e+02 4.55300e-11 0.00000e+00
3.12000e+02 2.67773e-11 0.00000e+00
3.13000e+02 5.57304e-11 0.00000e+00
3.14000e+02 2.20319e-11 0.00000e+00
3.15000e+02 2.89338e-11 0.00000e+00
3.16000e+02 5.21654e-11 0.00000e+00
3.17000e+02 4.66420e-11 0.00000e+00
3.18000e+02 8.34607e-11 0.00000e+00
3.19000e+02 4.71440e-11 0.00000e+00
3.20000e+02 -3.70311e-12 0.00000e+00
3.21000e+02 2.84169e-11 0.00000e+00
3.22000e+02 2.85719e-11 0.00000e+00
3.23000e+02 4.71745e-11 0.00000e+00
3.24000e+02 4.44697e-11 0.00000e+00
3.25000e+02 5.21996e-11 0.00000e+00
3.26000e+02 6.44978e-11 0.00000e+00
3.27000e+02 -5.29092e-12 0.00000e+00
3.28000e+02 4.18553e-11 0.00000e+00
3.29000e+02 3.72981e-11 0.00000e+00
3.30000e+02 6.40676e-11 0.00000e+00
3.31000e+02 6.11989e-11 0.00000e+00
3.32000e+02 3.87516e-11 0.00000e+00
3.33000e+02 2.17314e-11 0.00000e+00
3.34000e+02 1.41387e-11 0.00000e+00
3.35000e+02 6.50611e-11 0.00000e+00
3.36000e+02 5.73085e-11 0.00000e+00
3.37000e+02 2.94751e-11 0.00000e+00
3.38000e+02 2.42230e-11 0.00000e+00
3.39000e+02 2.78484e-11 0.00000e+00
3.40000e+02 1.00416e-11 0.00000e+00
3.41000e+02 4.42679e-11 0.00000e+00
3.42000e+02 6.52401e-12 0.00000e+00
3.43000e+02 1.95073e-11 0.00000e+00
3.44000e+02 5.24846e-11 0.00000e+00
3.45000e+02 6.25979e-11 0.00000e+00
3.46000e+02 5.30933e-11 0.00000e+00
3.47000e+02 1.13460e-11 0.00000e+00
3.48000e+02 2.54892e-11 0.00000e+00
3.49000e+02 4.82023e-11 0.00000e+00
3.50000e+02 4.59112e-11 0.00000e+00
3.51000e+02 3.58399e-11 0.00000e+00
3.52000e+02 8.53528e-12 0.00000e+00
3.53000e+02 4.49409e-11 0.00000e+00
3.54000e+02 5.36738e-11 0.00000e+00
3.55000e+02 5.92498e-11 0.00000e+00
3.56000e+02 5.66691e-12 0.00000e+00
3.57000e+02 4.00833e-11 0.00000e+00
3.58000e+02 5.35547e-11 0.00000e+00
3.59000e+02 3.67721e-11 0.00000e+00
3.60000e+02 3.80908e-11 0.00000e+00
3.61000e+02 2.99232e-11 0.00000e+00
3.62000e+02 4.27982e-11 0.00000e+00
3.63000e+02 4.96030e-11 0.00000e+00
3.64000e+02 9.95961e-12 0.00000e+00
3.65000e+02 2.15314e-11 0.00000e+00
3.66000e+02 2.73331e-11 0.00000e+00
3.67000e+02 4.41736e-11 0.00000e+00
3.68000e+02 3.03045e-11 0.00000e+00
3.69000e+02 4.75507e-11 0.00000e+00
3.70000e+02 5.05321e-11 0.00000e+00
3.71000e+02 1.66380e-11 0.00000e+00
3.72000e+02 5.07856e-11 0.00000e+00
3.73000e+02 5.75069e-11 0.00000e+00
3.74000e+02 2.94422e-11 0.00000e+00
3.75000e+02 4.36407e-11 0.00000e+00
3.76000e+02 3.16011e-11 0.00000e+00
3.77000e+02 6.33990e-11 0.00000e+00
3.78000e+02 3.56421e-11 0.00000e+00
3.79000e+02 4.46783e-11 0.00000e+00
3.80000e+02 2.54265e-11 0.00000e+00
3.81000e+02 5.11552e-11 0.00000e+00
3.82000e+02 6.41678e-11 0.00000e+00
3.83000e+02 6.58372e-11 0.00000e+00
3.84000e+02 2.70756e-11 0.00000e+00
3.85000e+02 3.69003e-11 0.00000e+00
3.86000e+02 2.36521e-11 0.00000e+00
3.87000e+02 4.63193e-11 0.00000e+00
3.88000e+02 5.83513e-11 0.00000e+00
3.89000e+02 2.37205e-11 0.00000e+00
3.90000e+02 5.71308e-11 0.00000e+00
3.91000e+02 5.00316e-11 0.00000e+00
3.92000e+02 2.04761e-11 0.00000e+00
3.93000e+02 8.72113e-12 0.00000e+00
3.94000e+02 5.34396e-11 0.00000e+00
3.95000e+02 2.42634e-11 0.00000e+00
3.96000e+02 2.24428e-11 0.00000e+00
3.97000e+02 4.06509e-11 0.00000e+00
3.98000e+02 4.25160e-11 0.00000e+00
3.99000e+02 1.19128e-11 0.00000e+00
4.00000e+02 2.89433e-11 0.00000e+00
4.01000e+02 1.40225e-11 0.00000e+00
4.02000e+02 5.71676e-11 0.00000e+00
4.03000e+02 4.31402e-11 0.00000e+00
4.04000e+02 4.42036e-11 0.00000e+00
4.05000e+02 1.97006e-11 0.00000e+00
4.06000e+02 2.69198e-11 0.00000e+00
4.07000e+02 4.14493e-11 0.00000e+00
4.08000e+02 2.64922e-11 0.00000e+00
4.09000e+02 2.77456e-11 0.00000e+00
4.10000e+02 4.10800e-11 0.00000e+00
4.11000e+02 4.80264e-11 0.00000e+00
4.12000e+02 3.03403e-11 0.00000e+00
4.13000e+02 1.30155e-11 0.00000e+00
4.14000e+02 5.33362e-11 0.00000e+00
4.15000e+02 3.76174e-11 0.00000e+00
4.16000e+02 2.64539e-11 0.00000e+00
4.17000e+02 4.38357e-11 0.00000e+00
4.18000e+02 2.96609e-11 0.00000e+00
4.19000e+02 3.42064e-11 0.00000e+00
4.20000e+02 3.60601e-11 0.00000e+00
4.21000e+02 1.98821e-11 0.00000e+00
4.22000e+02 1.33299e-11 0.00000e+00
4.23000e+02 2.36066e-11 0.00000e+00
4.24000e+02 3.55941e-11 0.00000e+00
4.25000e+02 1.69131e-11 0.00000e+00
4.26000e+02 3.35725e-11 0.00000e+00
4.27000e+02 5.81898e-11 0.00000e+00
4.28000e+02 3.13248e-11 0.00000e+00
4.29000e+02 2.24928e-11 0.00000e+00
4.30000e+02 5.35963e-11 0.00000e+00
4.31000e+02 2.10977e-11 0.00000e+00
4.32000e+02 2.67326e-11 0.00000e+00
4.33000e+02 3.04857e-11 0.00000e+00
4.34000e+02 3.65482e-11 0.00000e+00
4.35000e+02 3.48897e-11 0.00000e+00
4.36000e+02 -1.04693e-11 0.00000e+00
4.37000e+02 2.28055e-11 0.00000e+00
4.38000e+02 3.17366e-11 0.00000e+00
4.39000e+02 4.24891e-11 0.00000e+00
4.40000e+02 3.25019e-11 0.00000e+00
4.41000e+02 1.66085e-11 0.00000e+00
4.42000e+02 2.37118e-11 0.00000e+00
4.43000e+02 3.84842e-11 0.00000e+00
4.44000e+02 4.00317e-11 0.00000e+00
4.45000e+02 2.76297e-11 0.00000e+00
4.46000e+02 3.08337e-11 0.00000e+00
4.47000e+02 2.14265e-11 0.00000e+00
4.48000e+02 3.72667e-11 0.00000e+00
4.49000e+02 3.74779e-11 0.00000e+00
4.50000e+02 1.93712e-11 0.00000e+00
4.51000e+02 3.28368e-11 0.00000e+00
4.52000e+02 3.19324e-11 0.00000e+00
4.53000e+02 1.55100e-11 0.00000e+00
4.54000e+02 2.28554e-11 0.00000e+00
4.55000e+02 1.61663e-11 0.00000e+00
4.56000e+02 2.73052e-11 0.00000e+00
4.57000e+02 2.41295e-11 0.00000e+00
4.58000e+02 2.68812e-11 0.00000e+00
4.59000e+02 4.70269e-11 0.00000e+00
4.60000e+02 2.80379e-11 0.00000e+00
4.61000e+02 6.78351e-12 0.00000e+00
4.62000e+02 1.89209e-11 0.00000e+00
4.63000e+02 3.50456e-11 0.00000e+00
4.64000e+02 4.40416e-11 0.00000e+00
4.65000e+02 1.66144e-11 0.00000e+00
4.66000e+02 2.33543e-11 0.00000e+00
4.67000e+02 5.01797e-11 0.00000e+00
4.68000e+02 2.43712e-11 0.00000e+00
4.69000e+02 2.82143e-11 0.00000e+00
4.70000e+02 2.16305e-11 0.00000e+00
4.71000e+02 1.58366e-11 0.00000e+00
4.72000e+02 4.34934e-11 0.00000e+00
4.73000e+02 3.93499e-11 0.00000e+00
4.74000e+02 4.22252e-11 0.00000e+00
4.75000e+02 6.02255e-11 0.00000e+00
4.76000e+02 2.81315e-11 0.00000e+00
4.77000e+02 1.72818e-11 0.00000e+00
4.78000e+02 3.24193e-11 0.00000e+00
4.79000e+02 2.87477e-11 0.00000e+00
4.80000e+02 2.94818e-11 0.00000e+00
4.81000e+02 3.90850e-11 0.00000e+00
4.82000e+02 7.78126e-12 0.00000e+00
4.83000e+02 2.87040e-11 0.00000e+00
4.84000e+02 4.98798e-11 0.00000e+00
4.85000e+02 1.40053e-11 0.00000e+00
4.86000e+02 6.29539e-11 0.00000e+00
4.87000e+02 3.00530e-11 0.00000e+00
4.88000e+02 2.75997e-11 0.00000e+00
4.89000e+02 3.95758e-11 0.00000e+00
4.90000e+02 3.69860e-11 0.00000e+00
4.91000e+02 3.59103e-11 0.00000e+00
4.92000e+02 1.82279e-11 0.00000e+00
4.93000e+02 3.77289e-11 0.00000e+00
4.94000e+02 3.57416e-11 0.00000e+00
4.95000e+02 4.14843e-11 0.00000e+00
4.96000e+02 1.62103e-11 0.00000e+00
4.97000e+02 2.42534e-11 0.00000e+00
4.98000e+02 3.31685e-11 0.00000e+00
4.99000e+02 2.56503e-11 0.00000e+00
5.00000e+02 1.72287e-11 0.00000e+00
5.01000e+02 1.20116e-11 0.00000e+00
5.02000e+02 4.61616e-11 0.00000e+00
5.03000e+02 9.59405e-12 0.00000e+00
5.04000e+02 3.95496e-11 0.00000e+00
5.05000e+02 4.68640e-12 0.00000e+00
5.06000e+02 2.54253e-11 0.00000e+00
5.07000e+02 1.63353e-11 0.00000e+00
5.08000e+02 2.74021e-11 0.00000e+00
5.09000e+02 1.85526e-11 0.00000e+00
5.10000e+02 2.63877e-11 0.00000e+00
5.11000e+02 2.33038e-11 0.00000e+00
5.12000e+02 4.67029e-11 0.00000e+00
5.13000e+02 2.18814e-11 0.00000e+00
5.14000e+02 3.78674e-11 0.00000e+00
5.15000e+02 1.17625e-11 0.00000e+00
5.16000e+02 1.57285e-11 0.00000e+00
5.17000e+02 2.34593e-11 0.00000e+00
5.18000e+02 3.31997e-11 0.00000e+00
5.19000e+02 3.35210e-11 0.00000e+00
5.20000e+02 2.80629e-11 0.00000e+00
5.21000e+02 2.71694e-11 0.00000e+00
5.22000e+02 4.68505e-11 0.00000e+00
5.23000e+02 4.55910e-11 0.00000e+00
5.24000e+02 3.73953e-11 0.00000e+00
5.25000e+02 1.42005e-11 0.00000e+00
5.26000e+02 1.80427e-11 0.00000e+00
5.27000e+02 2.17719e-11 0.00000e+00
5.28000e+02 4.42605e-11 0.00000e+00
5.29000e+02 3.21290e-11 0.00000e+00
5.30000e+02 2.32179e-11 0.00000e+00
5.31000e+02 2.78645e-11 0.00000e+00
5.32000e+02 2.13621e-11 0.00000e+00
5.33000e+02 3.50244e-11 0.00000e+00
5.34000e+02 2.93835e-11 0.00000e+00
5.35000e+02 2.17580e-11 0.00000e+00
5.36000e+02 3.23743e-11 0.00000e+00
5.37000e+02 1.13317e-11 0.00000e+00
5.38000e+02 4.78353e-11 0.00000e+00
5.39000e+02 4.76147e-11 0.00000e+00
5.40000e+02 3.13319e-11 0.00000e+00
5.41000e+02 3.18075e-11 0.00000e+00
5.42000e+02 1.27608e-11 0.00000e+00
5.43000e+02 1.85507e-11 0.00000e+00
5.44000e+02 2.37245e-11 0.00000e+00
5.45000e+02 5.32215e-11 0.00000e+00
5.46000e+02 2.85996e-11 0.00000e+00
5.47000e+02 1.89507e-11 0.00000e+00
5.48000e+02 1.58333e-11 0.00000e+00
5.49000e+02 1.61635e-11 0.00000e+00
5.50000e+02 2.54400e-11 0.00000e+00
5.51000e+02 1.93259e-11 0.00000e+00
5.52000e+02 2.39085e-11 0.00000e+00
5.53000e+02 2.23577e-11 0.00000e+00
5.54000e+02 2.07109e-11 0.00000e+00
5.55000e+02 8.80063e-12 0.00000e+00
5.56000e+02 3.98518e-11 0.00000e+00
5.57000e+02 3.65612e-11 0.00000e+00
5.58000e+02 3.61686e-11 0.00000e+00
5.59000e+02 3.58805e-11 0.00000e+00
5.60000e+02 2.89047e-11 0.00000e+00
5.61000e+02 4.02990e-11 0.00000e+00
5.62000e+02 2.31603e-11 0.00000e+00
5.63000e+02 4.25001e-11 0.00000e+00
5.64000e+02 2.80026e-11 0.00000e+00
5.65000e+02 1.87163e-11 0.00000e+00
5.66000e+02 8.44287e-12 0.00000e+00
5.67000e+02 1.61632e-11 0.00000e+00
5.68000e+02 2.60180e-11 0.00000e+00
5.69000e+02 2.05817e-11 0.00000e+00
5.70000e+02 2.32075e-11 0.00000e+00
5.71000e+02 3.08716e-11 0.00000e+00
5.72000e+02 3.21858e-11 0.00000e+00
5.73000e+02 3.49793e-11 0.00000e+00
5.74000e+02 1.85394e-11 0.00000e+00
5.75000e+02 2.46637e-11 0.00000e+00
5.76000e+02 1.92369e-11 0.00000e+00
5.77000e+02 3.32093e-11 0.00000e+00
5.78000e+02 2.06567e-11 0.00000e+00
5.79000e+02 2.31323e-11 0.00000e+00
5.80000e+02 6.81085e-12 0.00000e+00
5.81000e+02 2.39312e-11 0.00000e+00
5.82000e+02 1.82372e-11 0.00000e+00
5.83000e+02 2.49901e-11 0.00000e+00
5.84000e+02 2.82173e-11 0.00000e+00
5.85000e+02 2.63480e-11 0.00000e+00
5.86000e+02 3.00951e-11 0.00000e+00
5.87000e+02 2.58799e-11 0.00000e+00
5.88000e+02 3.56087e-11 0.00000e+00
5.89000e+02 2.82889e-11 0.00000e+00
5.90000e+02 4.13932e-11 0.00000e+00
5.91000e+02 2.68722e-11 0.00000e+00
5.92000e+02 3.29537e-11 0.00000e+00
5.93000e+02 3.02718e-11 0.00000e+00
5.94000e+02 1.85209e-11 0.00000e+00
5.95000e+02 3.02702e-11 0.00000e+00
5.96000e+02 1.71894e-11 0.00000e+00
5.97000e+02 1.20871e-11 0.00000e+00
5.98000e+02 2.51165e-11 0.00000e+00
5.99000e+02 1.97836e-11 0.00000e+00
6.00000e+02 2.52989e-11 0.00000e+00
6.01000e+02 3.08121e-11 0.00000e+00
6.02000e+02 2.07848e-11 0.00000e+00
6.03000e+02 2.04600e-11 0.00000e+00
6.04000e+02 2.27719e-11 0.00000e+00
6.05000e+02 2.75164e-11 0.00000e+00
6.06000e+02 2.85882e-11 0.00000e+00
6.07000e+02 2.78718e-11 0.00000e+00
6.08000e+02 2.21140e-11 0.00000e+00
6.09000e+02 2.83981e-11 0.00000e+00
6.10000e+02 2.42011e-11 0.00000e+00
6.11000e+02 2.72114e-11 0.00000e+00
6.12000e+02 2.52670e-11 0.00000e+00
6.13000e+02 1.26522e-11 0.00000e+00
6.14000e+02 2.72532e-11 0.00000e+00
6.15000e+02 2.14835e-11 0.00000e+00
6.16000e+02 1.67437e-11 0.00000e+00
6.17000e+02 2.82024e-11 0.00000e+00
6.18000e+02 2.75356e-11 0.00000e+00
6.19000e+02 3.00031e-11 0.00000e+00
6.20000e+02 1.91626e-11 0.00000e+00
6.21000e+02 2.99580e-11 0.00000e+00
6.22000e+02 2.82822e-11 0.00000e+00
6.23000e+02 2.95507e-11 0.00000e+00
6.24000e+02 1.45576e-11 0.00000e+00
6.25000e+02 3.12800e-11 0.00000e+00
6.26000e+02 1.65218e-11 0.00000e+00
6.27000e+02 3.51729e-11 0.00000e+00
6.28000e+02 1.90496e-11 0.00000e+00
6.29000e+02 1.35913e-11 0.00000e+00
6.30000e+02 9.61305e-13 0.00000e+00
6.31000e+02 1.08245e-11 0.00000e+00
6.32000e+02 2.12272e-11 0.00000e+00
6.33000e+02 8.85338e-12 0.00000e+00
6.34000e+02 1.86833e-11 0.00000e+00
6.35000e+02 2.20665e-11 0.00000e+00
6.36000e+02 1.39297e-11 0.00000e+00
6.37000e+02 2.81399e-11 0.00000e+00
6.38000e+02 2.73110e-11 0.00000e+00
6.39000e+02 7.92050e-12 0.00000e+00
6.40000e+02 9.08069e-12 0.00000e+00
6.41000e+02 2.99619e-11 0.00000e+00
6.42000e+02 9.49445e-12 0.00000e+00
6.43000e+02 1.89640e-11 0.00000e+00
6.44000e+02 2.44113e-11 0.00000e+00
6.45000e+02 9.02658e-12 0.00000e+00
6.46000e+02 2.51966e-11 0.00000e+00
6.47000e+02 1.25782e-11 0.00000e+00
6.48000e+02 2.59245e-11 0.00000e+00
6.49000e+02 3.02586e-11 0.00000e+00
6.50000e+02 2.23287e-11 0.00000e+00
6.51000e+02 3.21552e-11 0.00000e+00
6.52000e+02 2.11731e-11 0.00000e+00
6.53000e+02 1.28466e-11 0.00000e+00
6.54000e+02 9.32081e-12 0.00000e+00
6.55000e+02 2.18394e-11 0.00000e+00
6.56000e+02 3.01994e-11 0.00000e+00
6.57000e+02 3.49452e-11 0.00000e+00
6.58000e+02 1.73455e-11 0.00000e+00
6.59000e+02 1.74878e-11 0.00000e+00
6.60000e+02 1.57325e-11 0.00000e+00
6.61000e+02 1.11716e-11 0.00000e+00
6.62000e+02 2.17471e-11 0.00000e+00
6.63000e+02 3.27012e-11 0.00000e+00
6.64000e+02 2.11037e-11 0.00000e+00
6.65000e+02 2.09082e-11 0.00000e+00
6.66000e+02 3.71320e-11 0.00000e+00
6.67000e+02 3.27444e-11 0.00000e+00
6.68000e+02 2.01876e-11 0.00000e+00
6.69000e+02 2.12731e-11 0.00000e+00
6.70000e+02 1.57621e-11 0.00000e+00
6.71000e+02 3.07084e-11 0.00000e+00
6.72000e+02 1.77797e-11 0.00000e+00
6.73000e+02 2.14040e-11 0.00000e+00
6.74000e+02 3.07468e-11 0.00000e+00
6.75000e+02 2.90169e-11 0.00000e+00
6.76000e+02 2.05112e-11 0.00000e+00
6.77000e+02 2.82356e-11 0.00000e+00
6.78000e+02 2.80087e-11 0.00000e+00
6.79000e+02 7.62932e-12 0.00000e+00
6.80000e+02 3.53909e-11 0.00000e+00
6.81000e+02 2.87968e-11 0.00000e+00
6.82000e+02 2.89629e-11 0.00000e+00
6.83000e+02 2.46220e-11 0.00000e+00
6.84000e+02 2.46830e-11 0.00000e+00
6.85000e+02 3.54948e-11 0.00000e+00
6.86000e+02 1.35519e-11 0.00000e+00
6.87000e+02 2.85158e-11 0.00000e+00
6.88000e+02 1.83542e-11 0.00000e+00
6.89000e+02 2.79769e-11 0.00000e+00
6.90000e+02 1.75602e-11 0.00000e+00
6.91000e+02 2.46322e-11 0.00000e+00
6.92000e+02 3.35421e-11 0.00000e+00
6.93000e+02 2.23196e-11 0.00000e+00
6.94000e+02 1.84175e-11 0.00000e+00
6.95000e+02 2.16000e-11 0.00000e+00
6.96000e+02 2.59373e-11 0.00000e+00
6.97000e+02 1.47176e-11 0.00000e+00
6.98000e+02 1.18450e-11 0.00000e+00
6.99000e+02 1.04426e-11 0.00000e+00
7.00000e+02 2.07936e-11 0.00000e+00
7.01000e+02 1.48576e-11 0.00000e+00
7.02000e+02 2.74478e-11 0.00000e+00
7.03000e+02 1.85055e-11 0.00000e+00
7.04000e+02 1.88132e-11 0.00000e+00
7.05000e+02 2.11415e-11 0.00000e+00
7.06000e+02 1.71559e-11 0.00000e+00
7.07000e+02 2.31960e-11 0.00000e+00
7.08000e+02 1.96613e-11 0.00000e+00
7.09000e+02 1.23811e-11 0.00000e+00
7.10000e+02 1.36980e-11 0.00000e+00
7.11000e+02 2.67127e-11 0.00000e+00
7.12000e+02 1.50376e-11 0.00000e+00
7.13000e+02 1.09218e-11 0.00000e+00
7.14000e+02 1.50393e-11 0.00000e+00
7.15000e+02 1.91672e-11 0.00000e+00
7.16000e+02 2.09743e-11 0.00000e+00
7.17000e+02 1.73389e-11 0.00000e+00
7.18000e+02 2.20855e-11 0.00000e+00
7.19000e+02 1.71373e-11 0.00000e+00
7.20000e+02 1.32960e-11 0.00000e+00
7.21000e+02 1.69217e-11 0.00000e+00
7.22000e+02 2.37594e-11 0.00000e+00
7.23000e+02 1.28845e-11 0.00000e+00
7.24000e+02 1.74399e-11 0.00000e+00
7.25000e+02 3.85600e-11 0.00000e+00
7.26000e+02 1.82391e-11 0.00000e+00
7.27000e+02 1.67141e-11 0.00000e+00
7.28000e+02 1.27180e-11 0.00000e+00
7.29000e+02 2.14220e-11 0.00000e+00
7.30000e+02 1.85168e-11 0.00000e+00
7.31000e+02 1.77571e-11 0.00000e+00
7.32000e+02 1.05766e-11 0.00000e+00
7.33000e+02 2.02566e-11 0.00000e+00
7.34000e+02 2.14984e-11 0.00000e+00
7.35000e+02 2.42406e-11 0.00000e+00
7.36000e+02 2.88908e-11 0.00000e+00
7.37000e+02 2.07894e-11 0.00000e+00
7.38000e+02 2.65020e-11 0.00000e+00
7.39000e+02 1.35789e-11 0.00000e+00
7.40000e+02 2.13968e-11 0.00000e+00
7.41000e+02 1.48601e-11 0.00000e+00
7.42000e+02 2.07663e-11 0.00000e+00
7.43000e+02 2.26747e-11 0.00000e+00
7.44000e+02 1.03543e-11 0.00000e+00
7.45000e+02 7.53393e-12 0.00000e+00
7.46000e+02 2.43443e-11 0.00000e+00
7.47000e+02 1.29349e-11 0.00000e+00
7.48000e+02 2.36531e-11 0.00000e+00
7.49000e+02 1.44837e-11 0.00000e+00
7.50000e+02 1.45422e-11 0.00000e+00
7.51000e+02 2.04028e-11 0.00000e+00
7.52000e+02 1.43521e-11 0.00000e+00
7.53000e+02 2.38412e-11 0.00000e+00
7.54000e+02 3.17607e-11 0.00000e+00
7.55000e+02 1.68412e-11 0.00000e+00
7.56000e+02 1.50181e-11 0.00000e+00
7.57000e+02 2.30478e-11 0.00000e+00
7.58000e+02 2.44627e-11 0.00000e+00
7.59000e+02 2.58470e-11 0.00000e+00
7.60000e+02 1.86102e-11 0.00000e+00
7.61000e+02 2.30189e-11 0.00000e+00
7.62000e+02 2.18712e-11 0.00000e+00
7.63000e+02 1.77029e-11 0.00000e+00
7.64000e+02 2.12091e-11 0.00000e+00
7.65000e+02 1.94423e-11 0.00000e+00
7.66000e+02 2.14019e-11 0.00000e+00
7.67000e+02 2.29005e-11 0.00000e+00
7.68000e+02 1.87514e-11 0.00000e+00
7.69000e+02 6.21217e-12 0.00000e+00
7.70000e+02 1.67937e-11 0.00000e+00
7.71000e+02 2.36635e-11 0.00000e+00
7.72000e+02 1.75102e-11 0.00000e+00
7.73000e+02 2.19098e-11 0.00000e+00
7.74000e+02 1.70608e-11 0.00000e+00
7.75000e+02 1.90817e-11 0.00000e+00
7.76000e+02 1.63123e-11 0.00000e+00
7.77000e+02 1.25338e-11 0.00000e+00
7.78000e+02 1.91350e-11 0.00000e+00
7.79000e+02 1.51023e-11 0.00000e+00
7.80000e+02 2.01436e-11 0.00000e+00
7.81000e+02 1.08034e-11 0.00000e+00
7.82000e+02 2.26662e-11 0.00000e+00
7.83000e+02 1.86235e-11 0.00000e+00
7.84000e+02 1.44559e-11 0.00000e+00
7.85000e+02 1.91040e-11 0.00000e+00
7.86000e+02 1.81401e-11 0.00000e+00
7.87000e+02 1.80966e-11 0.00000e+00
7.88000e+02 2.36405e-11 0.00000e+00
7.89000e+02 1.76636e-11 0.00000e+00
7.90000e+02 1.66600e-11 0.00000e+00
7.91000e+02 2.33302e-11 0.00000e+00
7.92000e+02 2.09749e-11 0.00000e+00
7.93000e+02 1.86820e-11 0.00000e+00
7.94000e+02 1.90959e-11 0.00000e+00
7.95000e+02 6.76675e-12 0.00000e+00
7.96000e+02 1.86989e-11 0.00000e+00
7.97000e+02 1.73555e-11 0.00000e+00
7.98000e+02 2.00872e-11 0.00000e+00
7.99000e+02 1.39043e-11 0.00000e+00
8.00000e+02 1.27566e-11 0.00000e+00
8.01000e+02 1.68204e-11 0.00000e+00
8.02000e+02 1.43873e-11 0.00000e+00
8.03000e+02 1.49395e-11 0.00000e+00
8.04000e+02 2.17412e-11 0.00000e+00
8.05000e+02 1.47407e-11 0.00000e+00
8.06000e+02 2.37903e-11 0.00000e+00
8.07000e+02 1.69766e-11 0.00000e+00
8.08000e+02 1.55305e-11 0.00000e+00
8.09000e+02 1.43984e-11 0.00000e+00
8.10000e+02 1.26274e-11 0.00000e+00
8.11000e+02 2.41382e-11 0.00000e+00
8.12000e+02 9.40946e-12 0.00000e+00
8.13000e+02 1.76267e-11 0.00000e+00
8.14000e+02 1.38679e-11 0.00000e+00
8.15000e+02 2.21283e-11 0.00000e+00
8.16000e+02 2.52967e-11 0.00000e+00
8.17000e+02 1.11396e-11 0.00000e+00
8.18000e+02 1.14955e-11 0.00000e+00
8.19000e+02 2.57279e-11 0.00000e+00
8.20000e+02 2.20794e-11 0.00000e+00
8.21000e+02 9.05621e-12 0.00000e+00
8.22000e+02 1.90421e-11 0.00000e+00
8.23000e+02 1.57610e-11 0.00000e+00
8.24000e+02 1.62157e-11 0.00000e+00
8.25000e+02 2.13706e-11 0.00000e+00
8.26000e+02 1.55740e-11 0.00000e+00
8.27000e+02 1.34315e-11 0.00000e+00
8.28000e+02 1.59723e-11 0.00000e+00
8.29000e+02 1.59353e-11 0.00000e+00
8.30000e+02 2.39254e-11 0.00000e+00
8.31000e+02 1.56760e-11 0.00000e+00
8.32000e+02 2.21619e-11 0.00000e+00
8.33000e+02 1.75804e-11 0.00000e+00
8.34000e+02 2.39643e-11 0.00000e+00
8.35000e+02 2.01571e-11 0.00000e+00
8.36000e+02 1.91971e-11 0.00000e+00
8.37000e+02 2.13174e-11 0.00000e+00
8.38000e+02 1.90402e-11 0.00000e+00
8.39000e+02 1.81716e-11 0.00000e+00
8.40000e+02 1.74060e-11 0.00000e+00
8.41000e+02 1.96095e-11 0.00000e+00
8.42000e+02 1.91091e-11 0.00000e+00
8.43000e+02 1.34666e-11 0.00000e+00
8.44000e+02 2.05712e-11 0.00000e+00
8.45000e+02 2.04583e-11 0.00000e+00
8.46000e+02 1.84516e-11 0.00000e+00
8.47000e+02 1.86915e-11 0.00000e+00
8.48000e+02 1.96720e-11 0.00000e+00
8.49000e+02 1.39056e-11 0.00000e+00
8.50000e+02 1.09584e-11 0.00000e+00
8.51000e+02 1.58938e-11 0.00000e+00
8.52000e+02 1.50153e-11 0.00000e+00
8.53000e+02 1.17392e-11 0.00000e+00
8.54000e+02 1.44383e-11 0.00000e+00
8.55000e+02 2.01901e-11 0.00000e+00
8.56000e+02 2.79132e-11 0.00000e+00
8.57000e+02 2.08731e-11 0.00000e+00
8.58000e+02 1.29518e-11 0.00000e+00
8.59000e+02 2.27142e-11 0.00000e+00
8.60000e+02 1.78566e-11 0.00000e+00
8.61000e+02 1.74812e-11 0.00000e+00
8.62000e+02 9.66012e-12 0.00000e+00
8.63000e+02 1.26201e-11 0.00000e+00
8.64000e+02 1.60517e-11 0.00000e+00
8.65000e+02 1.49586e-11 0.00000e+00
8.66000e+02 2.28152e-11 0.00000e+00
8.67000e+02 1.54826e-11 0.00000e+00
8.68000e+02 1.51356e-11 0.00000e+00
8.69000e+02 1.44977e-11 0.00000e+00
8.70000e+02 2.00886e-11 0.00000e+00
8.71000e+02 1.38024e-11 0.00000e+00
8.72000e+02 1.10161e-11 0.00000e+00
8.73000e+02 1.94251e-11 0.00000e+00
8.74000e+02 1.32344e-11 0.00000e+00
8.75000e+02 1.56011e-11 0.00000e+00
8.76000e+02 1.94973e-11 0.00000e+00
8.77000e+02 1.76982e-11 0.00000e+00
8.78000e+02 2.13179e-11 0.00000e+00
8.79000e+02 1.37355e-11 0.00000e+00
8.80000e+02 1.72857e-11 0.00000e+00
8.81000e+02 2.40459e-11 0.00000e+00
8.82000e+02 9.41948e-12 0.00000e+00
8.83000e+02 6.50518e-12 0.00000e+00
8.84000e+02 2.20717e-11 0.00000e+00
8.85000e+02 1.50350e-11 0.00000e+00
8.86000e+02 1.01992e-11 0.00000e+00
8.87000e+02 1.67586e-11 0.00000e+00
8.88000e+02 1.17714e-11 0.00000e+00
8.89000e+02 2.28184e-11 0.00000e+00
8.90000e+02 1.73369e-11 0.00000e+00
8.91000e+02 1.42864e-11 0.00000e+00
8.92000e+02 1.02613e-11 0.00000e+00
8.93000e+02 8.99541e-12 0.00000e+00
8.94000e+02 8.10778e-12 0.00000e+00
8.95000e+02 1.37660e-11 0.00000e+00
8.96000e+02 2.21040e-11 0.00000e+00
8.97000e+02 1.10880e-11 0.00000e+00
8.98000e+02 2.23788e-11 0.00000e+00
8.99000e+02 2.13343e-11 0.00000e+00
9.00000e+02 1.52902e-11 0.00000e+00
9.01000e+02 1.96344e-11 0.00000e+00
9.02000e+02 1.75347e-11 0.00000e+00
9.03000e+02 1.07531e-11 0.00000e+00
9.04000e+02 1.63963e-11 0.00000e+00
9.05000e+02 1.96382e-11 0.00000e+00
9.06000e+02 1.94474e-11 0.00000e+00
9.07000e+02 2.44393e-11 0.00000e+00
9.08000e+02 1.52914e-11 0.00000e+00
9.09000e+02 1.73993e-11 0.00000e+00
9.10000e+02 1.75649e-11 0.00000e+00
9.11000e+02 1.63422e-11 0.00000e+00
9.12000e+02 1.41612e-11 0.00000e+00
9.13000e+02 1.83097e-11 0.00000e+00
9.14000e+02 1.21359e-11 0.00000e+00
9.15000e+02 1.43804e-11 0.00000e+00
9.16000e+02 2.01137e-11 0.00000e+00
9.17000e+02 1.32644e-11 0.00000e+00
9.18000e+02 1.15082e-11 0.00000e+00
9.19000e+02 1.61845e-11 0.00000e+00
9.20000e+02 1.61102e-11 0.00000e+00
9.21000e+02 1.94911e-11 0.00000e+00
9.22000e+02 1.73838e-11 0.00000e+00
9.23000e+02 1.69363e-11 0.00000e+00
9.24000e+02 2.33582e-11 0.00000e+00
9.25000e+02 1.08703e-11 0.00000e+00
9.26000e+02 1.92224e-11 0.00000e+00
9.27000e+02 1.91716e-11 0.00000e+00
9.28000e+02 1.59833e-11 0.00000e+00
9.29000e+02 1.81825e-11 0.00000e+00
9.30000e+02 1.82825e-11 0.00000e+00
9.31000e+02 1.50699e-11 0.00000e+00
9.32000e+02 1.59732e-11 0.00000e+00
9.33000e+02 1.05301e-11 0.00000e+00
9.34000e+02 1.67855e-11 0.00000e+00
9.35000e+02 1.27448e-11 0.00000e+00
9.36000e+02 1.87131e-11 0.00000e+00
9.37000e+02 1.92820e-11 0.00000e+00
9.38000e+02 2.09987e-11 0.00000e+00
9.39000e+02 9.53834e-12 0.00000e+00
9.40000e+02 2.56989e-11 0.00000e+00
9.41000e+02 1.76052e-11 0.00000e+00
9.42000e+02 2.03627e-11 0.00000e+00
9.43000e+02 1.18868e-11 0.00000e+00
9.44000e+02 1.55687e-11 0.00000e+00
9.45000e+02 1.87650e-11 0.00000e+00
9.46000e+02 1.21350e-11 0.00000e+00
9.47000e+02 2.68829e-11 0.00000e+00
9.48000e+02 6.54890e-12 0.00000e+00
9.49000e+02 1.65830e-11 0.00000e+00
9.50000e+02 1.42039e-11 0.00000e+00
9.51000e+02 1.61849e-11 0.00000e+00
9.52000e+02 8.23071e-12 0.00000e+00
9.53000e+02 1.94974e-11 0.00000e+00
9.54000e+02 1.58898e-11 0.00000e+00
9.55000e+02 2.21596e-11 0.00000e+00
9.56000e+02 1.75828e-11 0.00000e+00
9.57000e+02 9.88243e-12 0.00000e+00
9.58000e+02 1.35010e-11 0.00000e+00
9.59000e+02 1.35057e-11 0.00000e+00
9.60000e+02 1.73067e-11 0.00000e+00
9.61000e+02 1.92685e-11 0.00000e+00
9.62000e+02 1.43504e-11 0.00000e+00
9.63000e+02 1.54144e-11 0.00000e+00
9.64000e+02 1.37569e-11 0.00000e+00
9.65000e+02 1.91292e-11 0.00000e+00
9.66000e+02 1.14692e-11 0.00000e+00
9.67000e+02 1.94722e-11 0.00000e+00
9.68000e+02 1.67488e-11 0.00000e+00
9.69000e+02 1.18302e-11 0.00000e+00
9.70000e+02 1.21919e-11 0.00000e+00
9.71000e+02 1.45739e-11 0.00000e+00
9.72000e+02 3.98121e-12 0.00000e+00
9.73000e+02 1.33056e-11 0.00000e+00
9.74000e+02 1.50494e-11 0.00000e+00
9.75000e+02 1.53323e-11 0.00000e+00
9.76000e+02 9.46268e-12 0.00000e+00
9.77000e+02 1.77884e-11 0.00000e+00
9.78000e+02 1.55161e-11 0.00000e+00
9.79000e+02 1.09567e-11 0.00000e+00
9.80000e+02 1.77137e-11 0.00000e+00
9.81000e+02 1.46086e-11 0.00000e+00
9.82000e+02 1.46172e-11 0.00000e+00
9.83000e+02 1.08718e-11 0.00000e+00
9.84000e+02 2.00291e-11 0.00000e+00
9.85000e+02 1.78490e-11 0.00000e+00
9.86000e+02 1.66429e-11 0.00000e+00
9.87000e+02 1.58766e-11 0.00000e+00
9.88000e+02 2.11223e-11 0.00000e+00
9.89000e+02 9.36277e-12 0.00000e+00
9.90000e+02 9.81138e-12 0.00000e+00
9.91000e+02 1.09365e-11 0.00000e+00
9.92000e+02 2.15803e-11 0.00000e+00
9.93000e+02 9.09078e-12 0.00000e+00
9.94000e+02 1.44340e-11 0.00000e+00
9.95000e+02 1.31985e-11 0.00000e+00
9.96000e+02 1.56855e-11 0.00000e+00
9.97000e+02 1.26496e-11 0.00000e+00
9.98000e+02 1.41197e-11 0.00000e+00
9.99000e+02 1.37025e-11 0.00000e+00
1.00000e+03 1.70781e-11 0.00000e+00
1.00100e+03 1.30435e-11 0.00000e+00
1.00200e+03 1.86183e-11 0.00000e+00
1.00300e+03 1.34152e-11 0.00000e+00
1.00400e+03 1.25178e-11 0.00000e+00
1.00500e+03 1.85415e-11 0.00000e+00
1.00600e+03 1.02748e-11 0.00000e+00
1.00700e+03 1.12883e-11 0.00000e+00
1.00800e+03 1.38185e-11 0.00000e+00
1.00900e+03 1.74638e-11 0.00000e+00
1.01000e+03 7.98664e-12 0.00000e+00
1.01100e+03 1.36089e-11 0.00000e+00
1.01200e+03 1.02282e-11 0.00000e+00
1.01300e+03 1.02632e-11 0.00000e+00
1.01400e+03 1.35916e-11 0.00000e+00
1.01500e+03 1.48901e-11 0.00000e+00
1.01600e+03 1.11346e-11 0.00000e+00
1.01700e+03 1.19089e-11 0.00000e+00
1.01800e+03 1.87736e-11 0.00000e+00
1.01900e+03 1.35587e-11 0.00000e+00
1.02000e+03 1.23294e-11 0.00000e+00
1.02100e+03 1.60899e-11 0.00000e+00
1.02200e+03 1.31298e-11 0.00000e+00
1.02300e+03 1.50198e-11 0.00000e+00
1.02400e+03 7.66221e-12 0.00000e+00
1.02500e+03 9.92845e-12 0.00000e+00
1.02600e+03 1.12439e-11 0.00000e+00
1.02700e+03 1.30886e-11 0.00000e+00
1.02800e+03 1.31131e-11 0.00000e+00
1.02900e+03 1.30786e-11 0.00000e+00
1.03000e+03 1.57111e-11 0.00000e+00
1.03100e+03 1.15036e-11 0.00000e+00
1.03200e+03 1.09142e-11 0.00000e+00
1.03300e+03 1.94871e-11 0.00000e+00
1.03400e+03 1.47980e-11 0.00000e+00
1.03500e+03 1.00719e-11 0.00000e+00
1.03600e+03 1.65306e-11 0.00000e+00
1.03700e+03 1.27289e-11 0.00000e+00
1.03800e+03 1.41254e-11 0.00000e+00
1.03900e+03 1.46077e-11 0.00000e+00
1.04000e+03 1.31768e-11 0.00000e+00
1.04100e+03 1.31425e-11 0.00000e+00
1.04200e+03 1.13342e-11 0.00000e+00
1.04300e+03 1.44530e-11 0.00000e+00
1.04400e+03 1.61442e-11 0.00000e+00
1.04500e+03 7.30065e-12 0.00000e+00
1.04600e+03 1.88888e-11 0.00000e+00
1.04700e+03 1.58199e-11 0.00000e+00
1.04800e+03 1.66692e-11 0.00000e+00
1.04900e+03 1.63679e-11 0.00000e+00
1.05000e+03 8.74802e-12 0.00000e+00
1.05100e+03 1.04211e-11 0.00000e+00
1.05200e+03 1.18840e-11 0.00000e+00
1.05300e+03 8.87566e-12 0.00000e+00
1.05400e+03 1.29951e-11 0.00000e+00
1.05500e+03 1.09081e-11 0.00000e+00
1.05600e+03 1.25820e-11 0.00000e+00
1.05700e+03 8.65459e-12 0.00000e+00
1.05800e+03 1.20938e-11 0.00000e+00
1.05900e+03 9.70814e-12 0.00000e+00
1.06000e+03 1.20918e-11 0.00000e+00
1.06100e+03 1.61132e-11 0.00000e+00
1.06200e+03 1.52137e-11 0.00000e+00
1.06300e+03 8.48816e-12 0.00000e+00
1.06400e+03 1.53707e-11 0.00000e+00
1.06500e+03 1.11909e-11 0.00000e+00
1.06600e+03 1.04445e-11 0.00000e+00
1.06700e+03 1.25708e-11 0.00000e+00
1.06800e+03 1.27566e-11 0.00000e+00
1.06900e+03 1.85317e-11 0.00000e+00
1.07000e+03 1.18440e-11 0.00000e+00
1.07100e+03 1.16616e-11 0.00000e+00
1.07200e+03 1.05678e-11 0.00000e+00
1.07300e+03 1.77272e-11 0.00000e+00
1.07400e+03 1.03474e-11 0.00000e+00
1.07500e+03 1.60890e-11 0.00000e+00
1.07600e+03 1.69986e-11 0.00000e+00
1.07700e+03 1.42532e-11 0.00000e+00
1.07800e+03 1.41620e-11 0.00000e+00
1.07900e+03 1.45277e-11 0.00000e+00
1.08000e+03 1.44465e-11 0.00000e+00
1.08100e+03 1.56104e-11 0.00000e+00
1.08200e+03 1.22295e-11 0.00000e+00
1.08300e+03 7.64175e-12 0.00000e+00
1.08400e+03 1.15193e-11 0.00000e+00
1.08500e+03 1.61391e-11 0.00000e+00
1.08600e+03 1.13069e-11 0.00000e+00
1.08700e+03 1.44142e-11 0.00000e+00
1.08800e+03 1.37861e-11 0.00000e+00
1.08900e+03 1.26914e-11 0.00000e+00
1.09000e+03 1.25075e-11 0.00000e+00
1.09100e+03 9.89850e-12 0.00000e+00
1.09200e+03 1.08788e-11 0.00000e+00
1.09300e+03 1.21638e-11 0.00000e+00
1.09400e+03 1.12396e-11 0.00000e+00
1.09500e+03 1.65642e-11 0.00000e+00
1.09600e+03 1.57000e-11 0.00000e+00
1.09700e+03 7.21435e-12 0.00000e+00
1.09800e+03 1.47095e-11 0.00000e+00
1.09900e+03 1.08659e-11 0.00000e+00
1.10000e+03 1.47804e-11 0.00000e+00
1.10100e+03 1.74262e-11 0.00000e+00
1.10200e+03 1.07874e-11 0.00000e+00
1.10300e+03 1.53502e-11 0.00000e+00
1.10400e+03 1.14902e-11 0.00000e+00
1.10500e+03 8.25092e-12 0.00000e+00
1.10600e+03 1.76061e-11 0.00000e+00
1.10700e+03 6.35816e-12 0.00000e+00
1.10800e+03 1.10555e-11 0.00000e+00
1.10900e+03 9.74238e-12 0.00000e+00
1.11000e+03 1.33491e-11 0.00000e+00
1.11100e+03 8.24279e-12 0.00000e+00
1.11200e+03 1.50378e-11 0.00000e+00
1.11300e+03 1.05675e-11 0.00000e+00
1.11400e+03 1.70758e-11 0.00000e+00
1.11500e+03 1.35533e-11 0.00000e+00
1.11600e+03 8.21490e-12 0.00000e+00
1.11700e+03 1.28502e-11 0.00000e+00
1.11800e+03 1.10812e-11 0.00000e+00
1.11900e+03 1.44513e-11 0.00000e+00
1.12000e+03 1.23023e-11 0.00000e+00
1.12100e+03 1.25098e-11 0.00000e+00
1.12200e+03 1.19931e-11 0.00000e+00
1.12300e+03 8.00753e-12 0.00000e+00
1.12400e+03 1.80263e-11 0.00000e+00
1.12500e+03 1.44402e-11 0.00000e+00
1.12600e+03 1.50517e-11 0.00000e+00
1.12700e+03 1.22315e-11 0.00000e+00
1.12800e+03 1.24423e-11 0.00000e+00
1.12900e+03 1.02794e-11 0.00000e+00
1.13000e+03 9.86503e-12 0.00000e+00
1.13100e+03 9.33713e-12 0.00000e+00
1.13200e+03 8.52480e-12 0.00000e+00
1.13300e+03 1.05993e-11 0.00000e+00
1.13400e+03 6.50425e-12 0.00000e+00
1.13500e+03 1.36724e-11 0.00000e+00
1.13600e+03 1.14422e-11 0.00000e+00
1.13700e+03 8.76116e-12 0.00000e+00
1.13800e+03 1.58825e-11 0.00000e+00
1.13900e+03 1.40896e-11 0.00000e+00
1.14000e+03 1.21266e-11 0.00000e+00
1.14100e+03 9.61111e-12 0.00000e+00
1.14200e+03 1.11376e-11 0.00000e+00
1.14300e+03 1.10961e-11 0.00000e+00
1.14400e+03 1.40111e-11 0.00000e+00
1.14500e+03 1.59662e-11 0.00000e+00
1.14600e+03 1.06714e-11 0.00000e+00
1.14700e+03 9.24487e-12 0.00000e+00
1.14800e+03 1.14939e-11 0.00000e+00
1.14900e+03 8.97332e-12 0.00000e+00
1.15000e+03 1.62172e-11 0.00000e+00
1.15100e+03 7.95003e-12 0.00000e+00
1.15200e+03 1.26154e-11 0.00000e+00
1.15300e+03 9.56430e-12 0.00000e+00
1.15400e+03 9.49267e-12 0.00000e+00
1.15500e+03 1.00056e-11 0.00000e+00
1.15600e+03 1.38941e-11 0.00000e+00
1.15700e+03 8.99988e-12 0.00000e+00
1.15800e+03 1.32183e-11 0.00000e+00
1.15900e+03 1.00253e-11 0.00000e+00
1.16000e+03 8.60681e-12 0.00000e+00
1.16100e+03 1.28408e-11 0.00000e+00
1.16200e+03 9.14271e-12 0.00000e+00
1.16300e+03 1.21322e-11 0.00000e+00
1.16400e+03 1.19119e-11 0.00000e+00
1.16500e+03 1.73273e-11 0.00000e+00
1.16600e+03 1.23696e-11 0.00000e+00
1.16700e+03 7.17486e-12 0.00000e+00
1.16800e+03 1.12841e-11 0.00000e+00
1.16900e+03 6.96442e-12 0.00000e+00
1.17000e+03 1.26390e-11 0.00000e+00
1.17100e+03 9.79118e-12 0.00000e+00
1.17200e+03 9.88971e-12 0.00000e+00
1.17300e+03 1.34200e-11 0.00000e+00
1.17400e+03 1.66230e-11 0.00000e+00
1.17500e+03 1.24751e-11 0.00000e+00
1.17600e+03 1.01198e-11 0.00000e+00
1.17700e+03 1.38763e-11 0.00000e+00
1.17800e+03 9.92508e-12 0.00000e+00
1.17900e+03 8.80020e-12 0.00000e+00
1.18000e+03 1.32373e-11 0.00000e+00
1.18100e+03 1.23984e-11 0.00000e+00
1.18200e+03 1.38117e-11 0.00000e+00
1.18300e+03 1.26299e-11 0.00000e+00
1.18400e+03 9.26310e-12 0.00000e+00
1.18500e+03 1.40073e-11 0.00000e+00
1.18600e+03 1.13187e-11 0.00000e+00
1.18700e+03 9.40205e-12 0.00000e+00
1.18800e+03 1.07497e-11 0.00000e+00
1.18900e+03 8.53238e-12 0.00000e+00
1.19000e+03 1.37386e-11 0.00000e+00
1.19100e+03 1.43416e-11 0.00000e+00
1.19200e+03 9.29029e-12 0.00000e+00
1.19300e+03 7.95621e-12 0.00000e+00
1.19400e+03 1.04902e-11 0.00000e+00
1.19500e+03 8.94677e-12 0.00000e+00
1.19600e+03 1.14125e-11 0.00000e+00
1.19700e+03 1.35619e-11 0.00000e+00
1.19800e+03 1.09910e-11 0.00000e+00
1.19900e+03 7.84995e-12 0.00000e+00
1.20000e+03 1.03601e-11 0.00000e+00
1.20100e+03 1.16559e-11 0.00000e+00
1.20200e+03 8.76720e-12 0.00000e+00
1.20300e+03 1.23356e-11 0.00000e+00
1.20400e+03 1.34003e-11 0.00000e+00
1.20500e+03 9.99992e-12 0.00000e+00
1.20600e+03 1.05947e-11 0.00000e+00
1.20700e+03 1.06467e-11 0.00000e+00
1.20800e+03 5.69884e-12 0.00000e+00
1.20900e+03 1.54560e-11 0.00000e+00
1.21000e+03 1.06820e-11 0.00000e+00
1.21100e+03 5.44894e-12 0.00000e+00
1.21200e+03 1.17246e-11 0.00000e+00
1.21300e+03 1.04854e-11 0.00000e+00
1.21400e+03 1.26760e-11 0.00000e+00
1.21500e+03 9.89816e-12 0.00000e+00
1.21600e+03 9.36676e-12 0.00000e+00
1.21700e+03 1.40226e-11 0.00000e+00
1.21800e+03 8.16826e-12 0.00000e+00
1.21900e+03 1.24359e-11 0.00000e+00
1.22000e+03 1.32692e-11 0.00000e+00
1.22100e+03 1.12107e-11 0.00000e+00
1.22200e+03 8.10090e-12 0.00000e+00
1.22300e+03 1.05340e-11 0.00000e+00
1.22400e+03 1.13110e-11 0.00000e+00
1.22500e+03 1.11602e-11 0.00000e+00
1.22600e+03 7.93370e-12 0.00000e+00
1.22700e+03 6.86807e-12 0.00000e+00
1.22800e+03 1.43468e-11 0.00000e+00
1.22900e+03 1.02706e-11 0.00000e+00
1.23000e+03 1.09788e-11 0.00000e+00
1.23100e+03 1.58645e-11 0.00000e+00
1.23200e+03 1.16958e-11 0.00000e+00
1.23300e+03 8.97657e-12 0.00000e+00
1.23400e+03 1.30093e-11 0.00000e+00
1.23500e+03 8.46393e-12 0.00000e+00
1.23600e+03 1.10810e-11 0.00000e+00
1.23700e+03 1.00553e-11 0.00000e+00
1.23800e+03 1.39556e-11 0.00000e+00
1.23900e+03 9.16929e-12 0.00000e+00
1.24000e+03 1.06383e-11 0.00000e+00
1.24100e+03 7.29987e-12 0.00000e+00
1.24200e+03 8.24049e-12 0.00000e+00
1.24300e+03 8.70701e-12 0.00000e+00
1.24400e+03 1.08079e-11 0.00000e+00
1.24500e+03 8.23805e-12 0.00000e+00
1.24600e+03 6.78989e-12 0.00000e+00
1.24700e+03 1.26283e-11 0.00000e+00
1.24800e+03 1.34176e-11 0.00000e+00
1.24900e+03 9.48375e-12 0.00000e+00
1.25000e+03 1.31725e-11 0.00000e+00
1.25100e+03 1.00960e-11 0.00000e+00
1.25200e+03 1.15363e-11 0.00000e+00
1.25300e+03 1.50505e-11 0.00000e+00
1.25400e+03 1.56330e-11 0.00000e+00
1.25500e+03 9.36650e-12 0.00000e+00
1.25600e+03 1.22399e-11 0.00000e+00
1.25700e+03 8.05677e-12 0.00000e+00
1.25800e+03 8.36819e-12 0.00000e+00
1.25900e+03 7.61790e-12 0.00000e+00
1.26000e+03 1.53717e-11 0.00000e+00
1.26100e+03 1.37135e-11 0.00000e+00
1.26200e+03 8.55368e-12 0.00000e+00
1.26300e+03 9.00977e-12 0.00000e+00
1.26400e+03 1.05161e-11 0.00000e+00
1.26500e+03 1.09999e-11 0.00000e+00
1.26600e+03 1.25900e-11 0.00000e+00
1.26700e+03 1.30276e-11 0.00000e+00
1.26800e+03 1.06801e-11 0.00000e+00
1.26900e+03 8.00636e-12 0.00000e+00
1.27000e+03 9.43068e-12 0.00000e+00
1.27100e+03 1.19157e-11 0.00000e+00
1.27200e+03 1.09102e-11 0.00000e+00
1.27300e+03 1.09457e-11 0.00000e+00
1.27400e+03 8.10936e-12 0.00000e+00
1.27500e+03 8.74683e-12 0.00000e+00
1.27600e+03 1.10618e-11 0.00000e+00
1.27700e+03 1.04172e-11 0.00000e+00
1.27800e+03 9.72886e-12 0.00000e+00
1.27900e+03 1.19619e-11 0.00000e+00
1.28000e+03 1.10569e-11 0.00000e+00
1.28100e+03 1.16153e-11 0.00000e+00
1.28200e+03 1.23679e-11 0.00000e+00
1.28300e+03 9.98905e-12 0.00000e+00
1.28400e+03 1.46225e-11 0.00000e+00
1.28500e+03 1.28413e-11 0.00000e+00
1.28600e+03 1.00827e-11 0.00000e+00
1.28700e+03 1.27414e-11 0.00000e+00
1.28800e+03 6.92952e-12 0.00000e+00
1.28900e+03 9.74446e-12 0.00000e+00
1.29000e+03 1.06139e-11 0.00000e+00
1.29100e+03 9.96721e-12 0.00000e+00
1.29200e+03 1.03910e-11 0.00000e+00
1.29300e+03 1.04514e-11 0.00000e+00
1.29400e+03 8.44510e-12 0.00000e+00
1.29500e+03 1.42107e-11 0.00000e+00
1.29600e+03 9.93716e-12 0.00000e+00
1.29700e+03 1.00038e-11 0.00000e+00
1.29800e+03 8.18816e-12 0.00000e+00
1.29900e+03 1.02609e-11 0.00000e+00
1.30000e+03 8.68103e-12 0.00000e+00
1.30100e+03 1.43068e-11 0.00000e+00
1.30200e+03 1.15870e-11 0.00000e+00
1.30300e+03 9.62756e-12 0.00000e+00
1.30400e+03 1.14714e-11 0.00000e+00
1.30500e+03 1.17284e-11 0.00000e+00
1.30600e+03 8.05513e-12 0.00000e+00
1.30700e+03 6.34822e-12 0.00000e+00
1.30800e+03 9.04628e-12 0.00000e+00
1.30900e+03 1.03097e-11 0.00000e+00
1.31000e+03 7.50436e-12 0.00000e+00
1.31100e+03 1.03227e-11 0.00000e+00
1.31200e+03 9.43050e-12 0.00000e+00
1.31300e+03 7.93546e-12 0.00000e+00
1.31400e+03 6.34188e-12 0.00000e+00
1.31500e+03 1.11164e-11 0.00000e+00
1.31600e+03 9.32979e-12 0.00000e+00
1.31700e+03 7.81530e-12 0.00000e+00
1.31800e+03 1.04262e-11 0.00000e+00
1.31900e+03 9.39471e-12 0.00000e+00
1.32000e+03 6.37789e-12 0.00000e+00
1.32100e+03 1.08527e-11 0.00000e+00
1.32200e+03 1.17170e-11 0.00000e+00
1.32300e+03 1.15464e-11 0.00000e+00
1.32400e+03 8.21179e-12 0.00000e+00
1.32500e+03 7.60602e-12 0.00000e+00
1.32600e+03 6.56658e-12 0.00000e+00
1.32700e+03 1.03657e-11 0.00000e+00
1.32800e+03 8.03083e-12 0.00000e+00
1.32900e+03 9.87320e-12 0.00000e+00
1.33000e+03 9.95557e-12 0.00000e+00
1.33100e+03 7.56902e-12 0.00000e+00
1.33200e+03 8.73337e-12 0.00000e+00
1.33300e+03 8.97529e-12 0.00000e+00
1.33400e+03 1.11150e-11 0.00000e+00
1.33500e+03 7.68804e-12 0.00000e+00
1.33600e+03 6.83526e-12 0.00000e+00
1.33700e+03 7.87177e-12 0.00000e+00
1.33800e+03 1.18412e-11 0.00000e+00
1.33900e+03 8.09867e-12 0.00000e+00
1.34000e+03 1.14199e-11 0.00000e+00
1.34100e+03 9.80346e-12 0.00000e+00
1.34200e+03 6.86045e-12 0.00000e+00
1.34300e+03 1.06228e-11 0.00000e+00
1.34400e+03 9.61714e-12 0.00000e+00
1.34500e+03 9.69217e-12 0.00000e+00
1.34600e+03 9.45097e-12 0.00000e+00
1.34700e+03 9.21973e-12 0.00000e+00
1.34800e+03 6.93931e-12 0.00000e+00
1.34900e+03 5.45723e-12 0.00000e+00
1.35000e+03 8.40553e-12 0.00000e+00
1.35100e+03 1.12850e-11 0.00000e+00
1.35200e+03 9.19383e-12 0.00000e+00
1.35300e+03 1.05515e-11 0.00000e+00
1.35400e+03 7.66206e-12 0.00000e+00
1.35500e+03 9.41856e-12 0.00000e+00
1.35600e+03 7.75515e-12 0.00000e+00
1.35700e+03 9.70284e-12 0.00000e+00
1.35800e+03 9.14936e-12 0.00000e+00
1.35900e+03 1.08373e-11 0.00000e+00
1.36000e+03 5.52178e-12 0.00000e+00
1.36100e+03 1.04289e-11 0.00000e+00
1.36200e+03 9.86168e-12 0.00000e+00
1.36300e+03 1.06923e-11 0.00000e+00
1.36400e+03 7.86093e-12 0.00000e+00
1.36500e+03 9.33158e-12 0.00000e+00
1.36600e+03 1.10906e-11 0.00000e+00
1.36700e+03 8.05213e-12 0.00000e+00
1.36800e+03 8.08155e-12 0.00000e+00
1.36900e+03 9.69450e-12 0.00000e+00
1.37000e+03 8.99887e-12 0.00000e+00
1.37100e+03 1.04214e-11 0.00000e+00
1.37200e+03 8.13085e-12 0.00000e+00
1.37300e+03 9.03078e-12 0.00000e+00
1.37400e+03 1.14310e-11 0.00000e+00
1.37500e+03 1.13619e-11 0.00000e+00
1.37600e+03 9.02740e-12 0.00000e+00
1.37700e+03 8.12875e-12 0.00000e+00
1.37800e+03 1.36750e-11 0.00000e+00
1.37900e+03 1.05153e-11 0.00000e+00
1.38000e+03 1.08907e-11 0.00000e+00
1.38100e+03 5.64828e-12 0.00000e+00
1.38200e+03 1.02139e-11 0.00000e+00
1.38300e+03 9.22730e-12 0.00000e+00
1.38400e+03 9.31673e-12 0.00000e+00
1.38500e+03 6.97518e-12 0.00000e+00
1.38600e+03 7.27146e-12 0.00000e+00
1.38700e+03 8.33810e-12 0.00000e+00
1.38800e+03 8.24371e-12 0.00000e+00
1.38900e+03 1.14355e-11 0.00000e+00
1.39000e+03 1.08297e-11 0.00000e+00
1.39100e+03 1.07926e-11 0.00000e+00
1.39200e+03 8.06598e-12 0.00000e+00
1.39300e+03 1.04808e-11 0.00000e+00
1.39400e+03 6.73190e-12 0.00000e+00
1.39500e+03 8.61703e-12 0.00000e+00
1.39600e+03 1.19588e-11 0.00000e+00
1.39700e+03 6.70545e-12 0.00000e+00
1.39800e+03 1.29335e-11 0.00000e+00
1.39900e+03 9.38291e-12 0.00000e+00
1.40000e+03 8.82342e-12 0.00000e+00
1.40100e+03 1.08572e-11 0.00000e+00
1.40200e+03 9.77510e-12 0.00000e+00
1.40300e+03 7.00486e-12 0.00000e+00
1.40400e+03 9.88824e-12 0.00000e+00
1.40500e+03 8.15030e-12 0.00000e+00
1.40600e+03 8.32750e-12 0.00000e+00
1.40700e+03 1.21115e-11 0.00000e+00
1.40800e+03 1.05072e-11 0.00000e+00
1.40900e+03 6.79816e-12 0.00000e+00
1.41000e+03 1.00974e-11 0.00000e+00
1.41100e+03 7.93497e-12 0.00000e+00
1.41200e+03 8.93976e-12 0.00000e+00
1.41300e+03 7.85662e-12 0.00000e+00
1.41400e+03 6.41390e-12 0.00000e+00
1.41500e+03 7.93319e-12 0.00000e+00
1.41600e+03 9.48371e-12 0.00000e+00
1.41700e+03 1.05208e-11 0.00000e+00
1.41800e+03 8.54666e-12 0.00000e+00
1.41900e+03 3.85723e-12 0.00000e+00
1.42000e+03 7.92742e-12 0.00000e+00
1.42100e+03 7.97660e-12 0.00000e+00
1.42200e+03 6.19929e-12 0.00000e+00
1.42300e+03 1.19772e-11 0.00000e+00
1.42400e+03 7.34386e-12 0.00000e+00
1.42500e+03 9.60496e-12 0.00000e+00
1.42600e+03 1.12000e-11 0.00000e+00
1.42700e+03 8.91117e-12 0.00000e+00
1.42800e+03 8.00188e-12 0.00000e+00
1.42900e+03 8.15148e-12 0.00000e+00
1.43000e+03 7.10029e-12 0.00000e+00
1.43100e+03 7.33806e-12 0.00000e+00
1.43200e+03 7.73317e-12 0.00000e+00
1.43300e+03 1.00853e-11 0.00000e+00
1.43400e+03 8.75812e-12 0.00000e+00
1.43500e+03 1.11614e-11 0.00000e+00
1.43600e+03 8.14809e-12 0.00000e+00
1.43700e+03 6.03691e-12 0.00000e+00
1.43800e+03 9.38004e-12 0.00000e+00
1.43900e+03 9.06970e-12 0.00000e+00
1.44000e+03 8.53113e-12 0.00000e+00
1.44100e+03 1.06330e-11 0.00000e+00
1.44200e+03 1.00963e-11 0.00000e+00
1.44300e+03 9.46844e-12 0.00000e+00
1.44400e+03 9.01905e-12 0.00000e+00
1.44500e+03 8.02005e-12 0.00000e+00
1.44600e+03 6.01632e-12 0.00000e+00
1.44700e+03 6.39325e-12 0.00000e+00
1.44800e+03 8.77564e-12 0.00000e+00
1.44900e+03 7.52005e-12 0.00000e+00
1.45000e+03 7.91769e-12 0.00000e+00
1.45100e+03 7.38409e-12 0.00000e+00
1.45200e+03 9.38880e-12 0.00000e+00
1.45300e+03 7.10915e-12 0.00000e+00
1.45400e+03 7.57782e-12 0.00000e+00
1.45500e+03 8.02029e-12 0.00000e+00
1.45600e+03 6.82156e-12 0.00000e+00
1.45700e+03 9.13565e-12 0.00000e+00
1.45800e+03 9.39728e-12 0.00000e+00
1.45900e+03 5.12894e-12 0.00000e+00
1.46000e+03 4.23419e-12 0.00000e+00
1.46100e+03 7.77708e-12 0.00000e+00
1.46200e+03 9.16008e-12 0.00000e+00
1.46300e+03 8.44564e-12 0.00000e+00
1.46400e+03 4.41875e-12 0.00000e+00
1.46500e+03 1.20357e-11 0.00000e+00
1.46600e+03 7.63417e-12 0.00000e+00
1.46700e+03 8.74145e-12 0.00000e+00
1.46800e+03 1.07596e-11 0.00000e+00
1.46900e+03 8.60057e-12 0.00000e+00
1.47000e+03 4.81148e-12 0.00000e+00
1.47100e+03 7.76300e-12 0.00000e+00
1.47200e+03 5.31401e-12 0.00000e+00
1.47300e+03 8.47618e-12 0.00000e+00
1.47400e+03 8.54141e-12 0.00000e+00
1.47500e+03 1.03554e-11 0.00000e+00
1.47600e+03 6.61372e-12 0.00000e+00
1.47700e+03 8.57359e-12 0.00000e+00
1.47800e+03 8.33229e-12 0.00000e+00
1.47900e+03 1.07848e-11 0.00000e+00
1.48000e+03 9.46269e-12 0.00000e+00
1.48100e+03 8.42994e-12 0.00000e+00
1.48200e+03 8.05695e-12 0.00000e+00
1.48300e+03 6.25592e-12 0.00000e+00
1.48400e+03 8.25735e-12 0.00000e+00
1.48500e+03 8.73223e-12 0.00000e+00
1.48600e+03 8.85060e-12 0.00000e+00
1.48700e+03 7.97550e-12 0.00000e+00
1.48800e+03 9.66165e-12 0.00000e+00
1.48900e+03 8.20530e-12 0.00000e+00
1.49000e+03 7.98527e-12 0.00000e+00
1.49100e+03 7.36377e-12 0.00000e+00
1.49200e+03 7.18359e-12 0.00000e+00
1.49300e+03 7.92218e-12 0.00000e+00
1.49400e+03 7.68545e-12 0.00000e+00
1.49500e+03 9.26501e-12 0.00000e+00
1.49600e+03 7.22229e-12 0.00000e+00
1.49700e+03 5.56897e-12 0.00000e+00
1.49800e+03 1.02359e-11 0.00000e+00
1.49900e+03 7.13587e-12 0.00000e+00
1.50000e+03 1.01598e-11 0.00000e+00
1.50100e+03 6.50194e-12 0.00000e+00
1.50200e+03 9.01896e-12 0.00000e+00
1.50300e+03 1.00955e-11 0.00000e+00
1.50400e+03 6.39343e-12 0.00000e+00
1.50500e+03 8.09810e-12 0.00000e+00
1.50600e+03 9.06655e-12 0.00000e+00
1.50700e+03 7.57910e-12 0.00000e+00
1.50800e+03 7.34319e-12 0.00000e+00
1.50900e+03 5.36548e-12 0.00000e+00
1.51000e+03 7.87412e-12 0.00000e+00
1.51100e+03 8.45271e-12 0.00000e+00
1.51200e+03 8.76709e-12 0.00000e+00
1.51300e+03 4.80763e-12 0.00000e+00
1.51400e+03 6.42952e-12 0.00000e+00
1.51500e+03 6.96494e-12 0.00000e+00
1.51600e+03 6.57253e-12 0.00000e+00
1.51700e+03 8.37583e-12 0.00000e+00
1.51800e+03 8.06844e-12 0.00000e+00
1.51900e+03 5.51325e-12 0.00000e+00
1.52000e+03 7.46699e-12 0.00000e+00
1.52100e+03 9.09438e-12 0.00000e+00
1.52200e+03 9.43323e-12 0.00000e+00
1.52300e+03 6.39752e-12 0.00000e+00
1.52400e+03 6.25624e-12 0.00000e+00
1.52500e+03 9.61488e-12 0.00000e+00
1.52600e+03 9.76495e-12 0.00000e+00
1.52700e+03 1.04573e-11 0.00000e+00
1.52800e+03 9.33247e-12 0.00000e+00
1.52900e+03 5.94744e-12 0.00000e+00
1.53000e+03 8.66317e-12 0.00000e+00
1.53100e+03 6.75109e-12 0.00000e+00
1.53200e+03 6.37948e-12 0.00000e+00
1.53300e+03 7.25838e-12 0.00000e+00
1.53400e+03 5.32606e-12 0.00000e+00
1.53500e+03 6.38568e-12 0.00000e+00
1.53600e+03 7.15201e-12 0.00000e+00
1.53700e+03 6.06137e-12 0.00000e+00
1.53800e+03 1.00038e-11 0.00000e+00
1.53900e+03 7.57679e-12 0.00000e+00
1.54000e+03 8.71946e-12 0.00000e+00
1.54100e+03 7.84996e-12 0.00000e+00
1.54200e+03 8.13811e-12 0.00000e+00
1.54300e+03 8.03792e-12 0.00000e+00
1.54400e+03 8.47932e-12 0.00000e+00
1.54500e+03 7.38464e-12 0.00000e+00
1.54600e+03 1.20628e-11 0.00000e+00
1.54700e+03 8.25696e-12 0.00000e+00
1.54800e+03 9.82280e-12 0.00000e+00
1.54900e+03 9.28049e-12 0.00000e+00
1.55000e+03 8.55472e-12 0.00000e+00
1.55100e+03 5.69225e-12 0.00000e+00
1.55200e+03 7.95703e-12 0.00000e+00
1.55300e+03 8.47539e-12 0.00000e+00
1.55400e+03 6.28463e-12 0.00000e+00
1.55500e+03 6.46718e-12 0.00000e+00
1.55600e+03 7.93373e-12 0.00000e+00
1.55700e+03 7.04831e-12 0.00000e+00
1.55800e+03 8.17011e-12 0.00000e+00
1.55900e+03 7.11974e-12 0.00000e+00
1.56000e+03 6.18705e-12 0.00000e+00
1.56100e+03 5.07720e-12 0.00000e+00
1.56200e+03 7.87991e-12 0.00000e+00
1.56300e+03 8.36633e-12 0.00000e+00
1.56400e+03 6.75296e-12 0.00000e+00
1.56500e+03 6.77744e-12 0.00000e+00
1.56600e+03 7.67953e-12 0.00000e+00
1.56700e+03 5.83669e-12 0.00000e+00
1.56800e+03 8.98803e-12 0.00000e+00
1.56900e+03 7.11625e-12 0.00000e+00
1.57000e+03 8.47953e-12 0.00000e+00
1.57100e+03 7.84900e-12 0.00000e+00
1.57200e+03 7.54394e-12 0.00000e+00
1.57300e+03 6.41374e-12 0.00000e+00
1.57400e+03 8.95480e-12 0.00000e+00
1.57500e+03 8.00387e-12 0.00000e+00
1.57600e+03 8.05148e-12 0.00000e+00
1.57700e+03 7.46775e-12 0.00000e+00
1.57800e+03 8.46666e-12 0.00000e+00
1.57900e+03 7.16081e-12 0.00000e+00
1.58000e+03 6.06750e-12 0.00000e+00
1.58100e+03 6.39901e-12 0.00000e+00
1.58200e+03 9.49655e-12 0.00000e+00
1.58300e+03 1.02996e-11 0.00000e+00
1.58400e+03 6.72032e-12 0.00000e+00
1.58500e+03 7.55672e-12 0.00000e+00
1.58600e+03 7.16698e-12 0.00000e+00
1.58700e+03 5.77946e-12 0.00000e+00
1.58800e+03 5.32280e-12 0.00000e+00
1.58900e+03 6.86155e-12 0.00000e+00
1.59000e+03 9.25580e-12 0.00000e+00
1.59100e+03 5.24137e-12 0.00000e+00
1.59200e+03 6.27106e-12 0.00000e+00
1.59300e+03 7.66163e-12 0.00000e+00
1.59400e+03 5.72022e-12 0.00000e+00
1.59500e+03 5.21374e-12 0.00000e+00
1.59600e+03 7.47281e-12 0.00000e+00
1.59700e+03 7.94678e-12 0.00000e+00
1.59800e+03 9.22889e-12 0.00000e+00
1.59900e+03 6.15637e-12 0.00000e+00
1.60000e+03 4.82504e-12 0.00000e+00
1.60100e+03 8.47455e-12 0.00000e+00
1.60200e+03 7.79265e-12 0.00000e+00
1.60300e+03 7.46860e-12 0.00000e+00
1.60400e+03 6.97954e-12 0.00000e+00
1.60500e+03 6.11566e-12 0.00000e+00
1.60600e+03 8.12547e-12 0.00000e+00
1.60700e+03 7.52879e-12 0.00000e+00
1.60800e+03 6.75458e-12 0.00000e+00
1.60900e+03 6.39557e-12 0.00000e+00
1.61000e+03 6.99822e-12 0.00000e+00
1.61100e+03 6.36875e-12 0.00000e+00
1.61200e+03 4.57403e-12 0.00000e+00
1.61300e+03 7.19864e-12 0.00000e+00
1.61400e+03 6.94025e-12 0.00000e+00
1.61500e+03 4.69924e-12 0.00000e+00
1.61600e+03 7.15772e-12 0.00000e+00
1.61700e+03 8.71580e-12 0.00000e+00
1.61800e+03 6.94655e-12 0.00000e+00
1.61900e+03 7.00523e-12 0.00000e+00
1.62000e+03 5.97065e-12 0.00000e+00
1.62100e+03 4.54101e-12 0.00000e+00
1.62200e+03 9.36302e-12 0.00000e+00
1.62300e+03 6.81384e-12 0.00000e+00
1.62400e+03 6.99045e-12 0.00000e+00
1.62500e+03 7.44090e-12 0.00000e+00
1.62600e+03 6.30304e-12 0.00000e+00
1.62700e+03 7.25939e-12 0.00000e+00
1.62800e+03 7.05638e-12 0.00000e+00
1.62900e+03 4.62102e-12 0.00000e+00
1.63000e+03 7.99713e-12 0.00000e+00
1.63100e+03 6.59156e-12 0.00000e+00
1.63200e+03 7.92699e-12 0.00000e+00
1.63300e+03 8.94757e-12 0.00000e+00
1.63400e+03 6.92296e-12 0.00000e+00
1.63500e+03 4.79780e-12 0.00000e+00
1.63600e+03 7.48770e-12 0.00000e+00
1.63700e+03 8.49838e-12 0.00000e+00
1.63800e+03 6.35314e-12 0.00000e+00
1.63900e+03 8.54606e-12 0.00000e+00
1.64000e+03 6.05805e-12 0.00000e+00
1.64100e+03 6.05631e-12 0.00000e+00
1.64200e+03 7.92537e-12 0.00000e+00
1.64300e+03 7.29201e-12 0.00000e+00
1.64400e+03 8.39431e-12 0.00000e+00
1.64500e+03 5.68557e-12 0.00000e+00
1.64600e+03 4.87815e-12 0.00000e+00
1.64700e+03 6.17312e-12 0.00000e+00
1.64800e+03 6.65753e-12 0.00000e+00
1.64900e+03 6.07500e-12 0.00000e+00
1.65000e+03 6.47252e-12 0.00000e+00
1.65100e+03 7.25497e-12 0.00000e+00
1.65200e+03 4.62032e-12 0.00000e+00
1.65300e+03 6.48351e-12 0.00000e+00
1.65400e+03 6.67336e-12 0.00000e+00
1.65500e+03 8.62385e-12 0.00000e+00
1.65600e+03 4.18541e-12 0.00000e+00
1.65700e+03 8.04441e-12 0.00000e+00
1.65800e+03 5.96890e-12 0.00000e+00
1.65900e+03 5.25529e-12 0.00000e+00
1.66000e+03 6.28959e-12 0.00000e+00
1.66100e+03 6.60793e-12 0.00000e+00
1.66200e+03 5.08344e-12 0.00000e+00
1.66300e+03 7.67510e-12 0.00000e+00
1.66400e+03 3.81826e-12 0.00000e+00
1.66500e+03 5.86447e-12 0.00000e+00
1.66600e+03 7.37918e-12 0.00000e+00
1.66700e+03 6.90479e-12 0.00000e+00
1.66800e+03 7.32726e-12 0.00000e+00
1.66900e+03 6.86749e-12 0.00000e+00
1.67000e+03 5.40005e-12 0.00000e+00
1.67100e+03 6.06473e-12 0.00000e+00
1.67200e+03 6.44428e-12 0.00000e+00
1.67300e+03 5.47808e-12 0.00000e+00
1.67400e+03 7.37330e-12 0.00000e+00
1.67500e+03 7.01052e-12 0.00000e+00
1.67600e+03 6.05221e-12 0.00000e+00
1.67700e+03 6.34588e-12 0.00000e+00
1.67800e+03 7.58393e-12 0.00000e+00
1.67900e+03 3.84174e-12 0.00000e+00
1.68000e+03 6.99294e-12 0.00000e+00
1.68100e+03 5.89185e-12 0.00000e+00
1.68200e+03 8.50776e-12 0.00000e+00
1.68300e+03 5.72716e-12 0.00000e+00
1.68400e+03 5.03551e-12 0.00000e+00
1.68500e+03 6.10289e-12 0.00000e+00
1.68600e+03 6.83693e-12 0.00000e+00
1.68700e+03 5.33560e-12 0.00000e+00
1.68800e+03 7.35861e-12 0.00000e+00
1.68900e+03 8.27016e-12 0.00000e+00
1.69000e+03 5.75056e-12 0.00000e+00
1.69100e+03 6.30262e-12 0.00000e+00
1.69200e+03 6.44304e-12 0.00000e+00
1.69300e+03 5.67918e-12 0.00000e+00
1.69400e+03 7.63561e-12 0.00000e+00
1.69500e+03 6.87889e-12 0.00000e+00
1.69600e+03 6.38171e-12 0.00000e+00
1.69700e+03 6.45288e-12 0.00000e+00
1.69800e+03 5.97561e-12 0.00000e+00
1.69900e+03 6.25044e-12 0.00000e+00
1.70000e+03 4.74126e-12 0.00000e+00
1.70100e+03 6.60213e-12 0.00000e+00
1.70200e+03 4.76676e-12 0.00000e+00
1.70300e+03 8.99912e-12 0.00000e+00
1.70400e+03 6.68711e-12 0.00000e+00
1.70500e+03 4.68784e-12 0.00000e+00
1.70600e+03 5.24482e-12 0.00000e+00
1.70700e+03 7.26229e-12 0.00000e+00
1.70800e+03 8.08865e-12 0.00000e+00
1.70900e+03 5.65990e-12 0.00000e+00
1.71000e+03 4.09212e-12 0.00000e+00
1.71100e+03 4.04403e-12 0.00000e+00
1.71200e+03 7.07191e-12 0.00000e+00
1.71300e+03 6.47221e-12 0.00000e+00
1.71400e+03 7.81635e-12 0.00000e+00
1.71500e+03 5.59627e-12 0.00000e+00
1.71600e+03 5.03695e-12 0.00000e+00
1.71700e+03 4.37158e-12 0.00000e+00
1.71800e+03 5.85110e-12 0.00000e+00
1.71900e+03 4.03423e-12 0.00000e+00
1.72000e+03 6.83916e-12 0.00000e+00
1.72100e+03 5.60527e-12 0.00000e+00
1.72200e+03 6.31483e-12 0.00000e+00
1.72300e+03 6.54527e-12 0.00000e+00
1.72400e+03 6.58788e-12 0.00000e+00
1.72500e+03 5.50994e-12 0.00000e+00
1.72600e+03 6.08334e-12 0.00000e+00
1.72700e+03 4.91015e-12 0.00000e+00
1.72800e+03 6.90986e-12 0.00000e+00
1.72900e+03 3.29239e-12 0.00000e+00
1.73000e+03 7.16597e-12 0.00000e+00
1.73100e+03 4.31721e-12 0.00000e+00
1.73200e+03 4.31772e-12 0.00000e+00
1.73300e+03 7.07181e-12 0.00000e+00
1.73400e+03 4.70509e-12 0.00000e+00
1.73500e+03 3.09107e-12 0.00000e+00
1.73600e+03 5.16329e-12 0.00000e+00
1.73700e+03 5.42298e-12 0.00000e+00
1.73800e+03 5.89342e-12 0.00000e+00
1.73900e+03 6.59006e-12 0.00000e+00
1.74000e+03 6.80163e-12 0.00000e+00
1.74100e+03 4.95220e-12 0.00000e+00
1.74200e+03 3.75794e-12 0.00000e+00
1.74300e+03 6.03487e-12 0.00000e+00
1.74400e+03 4.59247e-12 0.00000e+00
1.74500e+03 5.19972e-12 0.00000e+00
1.74600e+03 5.18002e-12 0.00000e+00
1.74700e+03 4.92361e-12 0.00000e+00
1.74800e+03 4.79386e-12 0.00000e+00
1.74900e+03 3.41066e-12 0.00000e+00
1.75000e+03 5.37171e-12 0.00000e+00
1.75100e+03 4.32757e-12 0.00000e+00
1.75200e+03 4.13448e-12 0.00000e+00
1.75300e+03 6.64838e-12 0.00000e+00
1.75400e+03 4.42076e-12 0.00000e+00
1.75500e+03 6.13924e-12 0.00000e+00
1.75600e+03 5.93351e-12 0.00000e+00
1.75700e+03 5.87818e-12 0.00000e+00
1.75800e+03 7.25323e-12 0.00000e+00
1.75900e+03 7.31030e-12 0.00000e+00
1.76000e+03 5.07189e-12 0.00000e+00
1.76100e+03 6.01025e-12 0.00000e+00
1.76200e+03 4.92856e-12 0.00000e+00
1.76300e+03 4.31477e-12 0.00000e+00
1.76400e+03 5.88446e-12 0.00000e+00
1.76500e+03 4.83710e-12 0.00000e+00
1.76600e+03 4.86633e-12 0.00000e+00
1.76700e+03 5.07799e-12 0.00000e+00
1.76800e+03 6.15936e-12 0.00000e+00
1.76900e+03 5.14218e-12 0.00000e+00
1.77000e+03 5.32517e-12 0.00000e+00
1.77100e+03 4.65593e-12 0.00000e+00
1.77200e+03 5.83316e-12 0.00000e+00
1.77300e+03 5.04700e-12 0.00000e+00
1.77400e+03 3.17834e-12 0.00000e+00
1.77500e+03 6.32237e-12 0.00000e+00
1.77600e+03 5.34944e-12 0.00000e+00
1.77700e+03 4.96843e-12 0.00000e+00
1.77800e+03 6.34434e-12 0.00000e+00
1.77900e+03 5.35095e-12 0.00000e+00
1.78000e+03 6.16088e-12 0.00000e+00
1.78100e+03 4.66898e-12 0.00000e+00
1.78200e+03 2.52082e-12 0.00000e+00
1.78300e+03 5.36691e-12 0.00000e+00
1.78400e+03 5.76776e-12 0.00000e+00
1.78500e+03 7.02504e-12 0.00000e+00
1.78600e+03 4.94935e-12 0.00000e+00
1.78700e+03 4.42495e-12 0.00000e+00
1.78800e+03 4.36525e-12 0.00000e+00
1.78900e+03 6.05960e-12 0.00000e+00
1.79000e+03 4.22117e-12 0.00000e+00
1.79100e+03 3.02225e-12 0.00000e+00
1.79200e+03 5.31428e-12 0.00000e+00
1.79300e+03 3.90377e-12 0.00000e+00
1.79400e+03 4.63715e-12 0.00000e+00
1.79500e+03 2.48038e-12 0.00000e+00
1.79600e+03 7.63646e-12 0.00000e+00
1.79700e+03 4.11328e-12 0.00000e+00
1.79800e+03 5.05422e-12 0.00000e+00
1.79900e+03 4.43826e-12 0.00000e+00
1.80000e+03 5.75971e-12 0.00000e+00
1.80100e+03 3.27864e-12 0.00000e+00
1.80200e+03 4.05150e-12 0.00000e+00
1.80300e+03 5.98130e-12 0.00000e+00
1.80400e+03 6.16460e-12 0.00000e+00
1.80500e+03 5.40797e-12 0.00000e+00
1.80600e+03 5.19550e-12 0.00000e+00
1.80700e+03 5.49907e-12 0.00000e+00
1.80800e+03 2.90650e-12 0.00000e+00
1.80900e+03 4.88148e-12 0.00000e+00
1.81000e+03 3.90037e-12 0.00000e+00
1.81100e+03 6.13103e-12 0.00000e+00
1.81200e+03 4.86560e-12 0.00000e+00
1.81300e+03 4.46210e-12 0.00000e+00
1.81400e+03 4.63406e-12 0.00000e+00
1.81500e+03 4.69652e-12 0.00000e+00
1.81600e+03 6.32734e-12 0.00000e+00
1.81700e+03 5.46651e-12 0.00000e+00
1.81800e+03 6.08955e-12 0.00000e+00
1.81900e+03 5.37462e-12 0.00000e+00
1.82000e+03 5.36198e-12 0.00000e+00
1.82100e+03 5.21622e-12 0.00000e+00
1.82200e+03 4.98492e-12 0.00000e+00
1.82300e+03 6.00868e-12 0.00000e+00
1.82400e+03 4.38741e-12 0.00000e+00
1.82500e+03 4.18020e-12 0.00000e+00
1.82600e+03 5.06408e-12 0.00000e+00
1.82700e+03 3.50655e-12 0.00000e+00
1.82800e+03 5.73834e-12 0.00000e+00
1.82900e+03 3.90870e-12 0.00000e+00
1.83000e+03 3.91100e-12 0.00000e+00
1.83100e+03 3.74036e-12 0.00000e+00
1.83200e+03 5.59373e-12 0.00000e+00
1.83300e+03 4.61760e-12 0.00000e+00
1.83400e+03 5.40932e-12 0.00000e+00
1.83500e+03 4.38586e-12 0.00000e+00
1.83600e+03 5.20821e-12 0.00000e+00
1.83700e+03 6.32667e-12 0.00000e+00
1.83800e+03 6.00746e-12 0.00000e+00
1.83900e+03 5.06534e-12 0.00000e+00
1.84000e+03 5.81335e-12 0.00000e+00
1.84100e+03 5.64396e-12 0.00000e+00
1.84200e+03 4.40990e-12 0.00000e+00
1.84300e+03 4.92674e-12 0.00000e+00
1.84400e+03 4.28665e-12 0.00000e+00
1.84500e+03 5.70907e-12 0.00000e+00
1.84600e+03 4.57091e-12 0.00000e+00
1.84700e+03 3.70152e-12 0.00000e+00
1.84800e+03 3.84704e-12 0.00000e+00
1.84900e+03 5.76847e-12 0.00000e+00
1.85000e+03 5.41604e-12 0.00000e+00
1.85100e+03 2.96121e-12 0.00000e+00
1.85200e+03 1.74713e-12 0.00000e+00
1.85300e+03 4.41703e-12 0.00000e+00
1.85400e+03 5.62134e-12 0.00000e+00
1.85500e+03 4.54646e-12 0.00000e+00
1.85600e+03 5.31394e-12 0.00000e+00
1.85700e+03 4.84385e-12 0.00000e+00
1.85800e+03 2.66570e-12 0.00000e+00
1.85900e+03 5.69931e-12 0.00000e+00
1.86000e+03 5.03852e-12 0.00000e+00
1.86100e+03 4.30622e-12 0.00000e+00
1.86200e+03 4.81882e-12 0.00000e+00
1.86300e+03 5.34508e-12 0.00000e+00
1.86400e+03 4.63919e-12 0.00000e+00
1.86500e+03 4.65127e-12 0.00000e+00
1.86600e+03 4.08696e-12 0.00000e+00
1.86700e+03 5.81069e-12 0.00000e+00
1.86800e+03 5.07172e-12 0.00000e+00
1.86900e+03 3.83298e-12 0.00000e+00
1.87000e+03 3.95346e-12 0.00000e+00
1.87100e+03 4.61504e-12 0.00000e+00
1.87200e+03 5.00985e-12 0.00000e+00
1.87300e+03 3.05325e-12 0.00000e+00
1.87400e+03 4.52356e-12 0.00000e+00
1.87500e+03 3.74828e-12 0.00000e+00
1.87600e+03 4.37146e-12 0.00000e+00
1.87700e+03 4.18243e-12 0.00000e+00
1.87800e+03 4.78768e-12 0.00000e+00
1.87900e+03 6.15927e-12 0.00000e+00
1.88000e+03 3.97154e-12 0.00000e+00
1.88100e+03 4.24837e-12 0.00000e+00
1.88200e+03 4.23479e-12 0.00000e+00
1.88300e+03 4.81980e-12 0.00000e+00
1.88400e+03 5.23748e-12 0.00000e+00
1.88500e+03 3.95591e-12 0.00000e+00
1.88600e+03 4.04484e-12 0.00000e+00
1.88700e+03 6.55367e-12 0.00000e+00
1.88800e+03 5.77647e-12 0.00000e+00
1.88900e+03 6.14365e-12 0.00000e+00
1.89000e+03 2.96750e-12 0.00000e+00
1.89100e+03 4.45989e-12 0.00000e+00
1.89200e+03 5.27290e-12 0.00000e+00
1.89300e+03 5.04464e-12 0.00000e+00
1.89400e+03 5.29586e-12 0.00000e+00
1.89500e+03 3.16115e-12 0.00000e+00
1.89600e+03 5.09325e-12 0.00000e+00
1.89700e+03 4.63570e-12 0.00000e+00
1.89800e+03 3.58666e-12 0.00000e+00
1.89900e+03 3.95224e-12 0.00000e+00
1.90000e+03 2.45921e-12 0.00000e+00
1.90100e+03 3.35088e-12 0.00000e+00
1.90200e+03 6.24836e-12 0.00000e+00
1.90300e+03 5.23934e-12 0.00000e+00
1.90400e+03 4.07926e-12 0.00000e+00
1.90500e+03 3.78945e-12 0.00000e+00
1.90600e+03 5.78984e-12 0.00000e+00
1.90700e+03 3.40374e-12 0.00000e+00
1.90800e+03 4.10256e-12 0.00000e+00
1.90900e+03 4.65150e-12 0.00000e+00
1.91000e+03 3.81296e-12 0.00000e+00
1.91100e+03 3.86959e-12 0.00000e+00
1.91200e+03 3.78260e-12 0.00000e+00
1.91300e+03 4.14363e-12 0.00000e+00
1.91400e+03 4.63593e-12 0.00000e+00
1.91500e+03 3.71110e-12 0.00000e+00
1.91600e+03 4.66241e-12 0.00000e+00
1.91700e+03 3.97879e-12 0.00000e+00
1.91800e+03 3.60483e-12 0.00000e+00
1.91900e+03 4.19096e-12 0.00000e+00
1.92000e+03 3.59385e-12 0.00000e+00
1.92100e+03 4.76484e-12 0.00000e+00
1.92200e+03 4.57335e-12 0.00000e+00
1.92300e+03 3.42449e-12 0.00000e+00
1.92400e+03 5.29350e-12 0.00000e+00
1.92500e+03 3.38642e-12 0.00000e+00
1.92600e+03 2.35071e-12 0.00000e+00
1.92700e+03 3.90358e-12 0.00000e+00
1.92800e+03 4.13384e-12 0.00000e+00
1.92900e+03 5.18783e-12 0.00000e+00
1.93000e+03 4.81761e-12 0.00000e+00
1.93100e+03 3.34908e-12 0.00000e+00
1.93200e+03 5.36535e-12 0.00000e+00
1.93300e+03 3.04479e-12 0.00000e+00
1.93400e+03 3.62196e-12 0.00000e+00
1.93500e+03 3.47749e-12 0.00000e+00
1.93600e+03 4.14986e-12 0.00000e+00
1.93700e+03 4.67013e-12 0.00000e+00
1.93800e+03 2.62340e-12 0.00000e+00
1.93900e+03 4.16626e-12 0.00000e+00
1.94000e+03 2.51277e-12 0.00000e+00
1.94100e+03 4.37462e-12 0.00000e+00
1.94200e+03 4.13690e-12 0.00000e+00
1.94300e+03 4.41647e-12 0.00000e+00
1.94400e+03 4.20612e-12 0.00000e+00
1.94500e+03 4.89144e-12 0.00000e+00
1.94600e+03 4.07836e-12 0.00000e+00
1.94700e+03 3.19827e-12 0.00000e+00
1.94800e+03 5.26810e-12 0.00000e+00
1.94900e+03 3.90794e-12 0.00000e+00
1.95000e+03 3.33289e-12 0.00000e+00
1.95100e+03 4.74841e-12 0.00000e+00
1.95200e+03 4.61561e-12 0.00000e+00
1.95300e+03 3.56264e-12 0.00000e+00
1.95400e+03 2.69800e-12 0.00000e+00
1.95500e+03 4.27362e-12 0.00000e+00
1.95600e+03 3.31793e-12 0.00000e+00
1.95700e+03 3.78187e-12 0.00000e+00
1.95800e+03 3.67812e-12 0.00000e+00
1.95900e+03 3.06919e-12 0.00000e+00
1.96000e+03 2.73541e-12 0.00000e+00
1.96100e+03 3.97533e-12 0.00000e+00
1.96200e+03 3.24763e-12 0.00000e+00
1.96300e+03 4.53492e-12 0.00000e+00
1.96400e+03 3.78573e-12 0.00000e+00
1.96500e+03 4.40646e-12 0.00000e+00
1.96600e+03 5.18480e-12 0.00000e+00
1.96700e+03 2.69556e-12 0.00000e+00
1.96800e+03 3.92386e-12 0.00000e+00
1.96900e+03 4.30820e-12 0.00000e+00
1.97000e+03 3.94087e-12 0.00000e+00
1.97100e+03 2.69334e-12 0.00000e+00
1.97200e+03 3.23281e-12 0.00000e+00
1.97300e+03 2.19382e-12 0.00000e+00
1.97400e+03 3.11748e-12 0.00000e+00
1.97500e+03 4.45081e-12 0.00000e+00
1.97600e+03 3.66853e-12 0.00000e+00
1.97700e+03 5.20086e-12 0.00000e+00
1.97800e+03 3.16139e-12 0.00000e+00
1.97900e+03 2.68192e-12 0.00000e+00
1.98000e+03 3.82438e-12 0.00000e+00
1.98100e+03 3.60936e-12 0.00000e+00
1.98200e+03 3.26334e-12 0.00000e+00
1.98300e+03 5.06394e-12 0.00000e+00
1.98400e+03 4.10734e-12 0.00000e+00
1.98500e+03 4.23269e-12 0.00000e+00
1.98600e+03 3.35820e-12 0.00000e+00
1.98700e+03 2.96435e-12 0.00000e+00
1.98800e+03 4.24054e-12 0.00000e+00
1.98900e+03 4.21759e-12 0.00000e+00
1.99000e+03 3.62590e-12 0.00000e+00
1.99100e+03 3.32715e-12 0.00000e+00
1.99200e+03 3.13163e-12 0.00000e+00
1.99300e+03 4.31534e-12 0.00000e+00
1.99400e+03 4.95187e-12 0.00000e+00
1.99500e+03 3.29021e-12 0.00000e+00
1.99600e+03 4.39313e-12 0.00000e+00
1.99700e+03 2.80674e-12 0.00000e+00
1.99800e+03 3.50300e-12 0.00000e+00
1.99900e+03 2.81755e-12 0.00000e+00
2.00000e+03 3.96473e-12 0.00000e+00
