0.00000e+00 0.00000e+00 0.00000e+00
1.00000e+00 0.00000e+00 0.00000e+00
2.00000e+00 0.00000e+00 0.00000e+00
3.00000e+00 0.00000e+00 0.00000e+00
4.00000e+00 0.00000e+00 0.00000e+00
5.00000e+00 0.00000e+00 0.00000e+00
6.00000e+00 0.00000e+00 0.00000e+00
7.00000e+00 0.00000e+00 0.00000e+00
8.00000e+00 0.00000e+00 0.00000e+00
9.00000e+00 0.00000e+00 0.00000e+00
1.00000e+01 0.00000e+00 0.00000e+00
1.10000e+01 0.00000e+00 0.00000e+00
1.20000e+01 0.00000e+00 0.00000e+00
1.30000e+01 0.00000e+00 0.00000e+00
1.40000e+01 0.00000e+00 0.00000e+00
1.50000e+01 0.00000e+00 0.00000e+00
1.60000e+01 0.00000e+00 0.00000e+00
1.70000e+01 0.00000e+00 0.00000e+00
1.80000e+01 0.00000e+00 0.00000e+00
1.90000e+01 0.00000e+00 0.00000e+00
2.00000e+01 0.00000e+00 0.00000e+00
2.10000e+01 0.00000e+00 0.00000e+00
2.20000e+01 0.00000e+00 0.00000e+00
2.30000e+01 0.00000e+00 0.00000e+00
2.40000e+01 0.00000e+00 0.00000e+00
2.50000e+01 0.00000e+00 0.00000e+00
2.60000e+01 0.00000e+00 0.00000e+00
2.70000e+01 0.00000e+00 0.00000e+00
2.80000e+01 0.00000e+00 0.00000e+00
2.90000e+01 0.00000e+00 0.00000e+00
3.00000e+01 0.00000e+00 0.00000e+00
3.10000e+01 0.00000e+00 0.00000e+00
3.20000e+01 0.00000e+00 0.00000e+00
3.30000e+01 0.00000e+00 0.00000e+00
3.40000e+01 0.00000e+00 0.00000e+00
3.50000e+01 0.00000e+00 0.00000e+00
3.60000e+01 0.00000e+00 0.00000e+00
3.70000e+01 0.00000e+00 0.00000e+00
3.80000e+01 0.00000e+00 0.00000e+00
3.90000e+01 0.00000e+00 0.00000e+00
4.00000e+01 0.00000e+00 0.00000e+00
4.10000e+01 0.00000e+00 0.00000e+00
4.20000e+01 0.00000e+00 0.00000e+00
4.30000e+01 0.00000e+00 0.00000e+00
4.40000e+01 0.00000e+00 0.00000e+00
4.50000e+01 0.00000e+00 0.00000e+00
4.60000e+01 0.00000e+00 0.00000e+00
4.70000e+01 0.00000e+00 0.00000e+00
4.80000e+01 0.00000e+00 0.00000e+00
4.90000e+01 0.00000e+00 0.00000e+00
5.00000e+01 0.00000e+00 0.00000e+00
5.10000e+01 0.00000e+00 0.00000e+00
5.20000e+01 0.00000e+00 0.00000e+00
5.30000e+01 0.00000e+00 0.00000e+00
5.40000e+01 0.00000e+00 0.00000e+00
5.50000e+01 0.00000e+00 0.00000e+00
5.60000e+01 0.00000e+00 0.00000e+00
5.70000e+01 0.00000e+00 0.00000e+00
5.80000e+01 0.00000e+00 0.00000e+00
5.90000e+01 0.00000e+00 0.00000e+00
6.00000e+01 0.00000e+00 0.00000e+00
6.10000e+01 0.00000e+00 0.00000e+00
6.20000e+01 0.00000e+00 0.00000e+00
6.30000e+01 0.00000e+00 0.00000e+00
6.40000e+01 0.00000e+00 0.00000e+00
6.50000e+01 0.00000e+00 0.00000e+00
6.60000e+01 0.00000e+00 0.00000e+00
6.70000e+01 0.00000e+00 0.00000e+00
6.80000e+01 0.00000e+00 0.00000e+00
6.90000e+01 0.00000e+00 0.00000e+00
7.00000e+01 0.00000e+00 0.00000e+00
7.10000e+01 0.00000e+00 0.00000e+00
7.20000e+01 0.00000e+00 0.00000e+00
7.30000e+01 0.00000e+00 0.00000e+00
7.40000e+01 0.00000e+00 0.00000e+00
7.50000e+01 0.00000e+00 0.00000e+00
7.60000e+01 0.00000e+00 0.00000e+00
7.70000e+01 0.00000e+00 0.00000e+00
7.80000e+01 0.00000e+00 0.00000e+00
7.90000e+01 0.00000e+00 0.00000e+00
8.00000e+01 0.00000e+00 0.00000e+00
8.10000e+01 0.00000e+00 0.00000e+00
8.20000e+01 0.00000e+00 0.00000e+00
8.30000e+01 0.00000e+00 0.00000e+00
8.40000e+01 0.00000e+00 0.00000e+00
8.50000e+01 0.00000e+00 0.00000e+00
8.60000e+01 0.00000e+00 0.00000e+00
8.70000e+01 0.00000e+00 0.00000e+00
8.80000e+01 0.00000e+00 0.00000e+00
8.90000e+01 0.00000e+00 0.00000e+00
9.00000e+01 0.00000e+00 0.00000e+00
9.10000e+01 0.00000e+00 0.00000e+00
9.20000e+01 0.00000e+00 0.00000e+00
9.30000e+01 0.00000e+00 0.00000e+00
9.40000e+01 0.00000e+00 0.00000e+00
9.50000e+01 0.00000e+00 0.00000e+00
9.60000e+01 0.00000e+00 0.00000e+00
9.70000e+01 0.00000e+00 0.00000e+00
9.80000e+01 0.00000e+00 0.00000e+00
9.90000e+01 0.00000e+00 0.00000e+00
1.00000e+02 7.85343e-12 0.00000e+00
1.01000e+02 9.43244e-12 0.00000e+00
1.02000e+02 8.77702e-12 0.00000e+00
1.03000e+02 5.92565e-12 0.00000e+00
1.04000e+02 6.64756e-12 0.00000e+00
1.05000e+02 9.21094e-12 0.00000e+00
1.06000e+02 7.31906e-12 0.00000e+00
1.07000e+02 6.65756e-12 0.00000e+00
1.08000e+02 7.72691e-12 0.00000e+00
1.09000e+02 7.92881e-12 0.00000e+00
1.10000e+02 9.08853e-12 0.00000e+00
1.11000e+02 9.88378e-12 0.00000e+00
1.12000e+02 7.18865e-12 0.00000e+00
1.13000e+02 1.18886e-11 0.00000e+00
1.14000e+02 8.37048e-12 0.00000e+00
1.15000e+02 1.06562e-11 0.00000e+00
1.16000e+02 6.97167e-12 0.00000e+00
1.17000e+02 8.53116e-12 0.00000e+00
1.18000e+02 3.74404e-12 0.00000e+00
1.19000e+02 8.44944e-12 0.00000e+00
1.20000e+02 8.25084e-12 0.00000e+00
1.21000e+02 8.88519e-12 0.00000e+00
1.22000e+02 8.36505e-12 0.00000e+00
1.23000e+02 7.81717e-12 0.00000e+00
1.24000e+02 9.13123e-12 0.00000e+00
1.25000e+02 6.89900e-12 0.00000e+00
1.26000e+02 6.68672e-12 0.00000e+00
1.27000e+02 8.19779e-12 0.00000e+00
1.28000e+02 7.76099e-12 0.00000e+00
1.29000e+02 4.94696e-12 0.00000e+00
1.30000e+02 6.31673e-12 0.00000e+00
1.31000e+02 7.70130e-12 0.00000e+00
1.32000e+02 6.32854e-12 0.00000e+00
1.33000e+02 7.46312e-12 0.00000e+00
1.34000e+02 8.27927e-12 0.00000e+00
1.35000e+02 4.51248e-12 0.00000e+00
1.36000e+02 6.74491e-12 0.00000e+00
1.37000e+02 5.44048e-12 0.00000e+00
1.38000e+02 7.15966e-12 0.00000e+00
1.39000e+02 6.99065e-12 0.00000e+00
1.40000e+02 5.76335e-12 0.00000e+00
1.41000e+02 6.75917e-12 0.00000e+00
1.42000e+02 5.90246e-12 0.00000e+00
1.43000e+02 6.58195e-12 0.00000e+00
1.44000e+02 5.89882e-12 0.00000e+00
1.45000e+02 6.90830e-12 0.00000e+00
1.46000e+02 6.94416e-12 0.00000e+00
1.47000e+02 5.87541e-12 0.00000e+00
1.48000e+02 7.53924e-12 0.00000e+00
1.49000e+02 5.49117e-12 0.00000e+00
1.50000e+02 6.40010e-12 0.00000e+00
1.51000e+02 5.39756e-12 0.00000e+00
1.52000e+02 6.20220e-12 0.00000e+00
1.53000e+02 4.55700e-12 0.00000e+00
1.54000e+02 7.43215e-12 0.00000e+00
1.55000e+02 7.37893e-12 0.00000e+00
1.56000e+02 4.65890e-12 0.00000e+00
1.57000e+02 6.59286e-12 0.00000e+00
1.58000e+02 5.36141e-12 0.00000e+00
1.59000e+02 5.69684e-12 0.00000e+00
1.60000e+02 5.46464e-12 0.00000e+00
1.61000e+02 4.72079e-12 0.00000e+00
1.62000e+02 6.28782e-12 0.00000e+00
1.63000e+02 5.83352e-12 0.00000e+00
1.64000e+02 5.63988e-12 0.00000e+00
1.65000e+02 5.38130e-12 0.00000e+00
1.66000e+02 4.97341e-12 0.00000e+00
1.67000e+02 6.67782e-12 0.00000e+00
1.68000e+02 4.36565e-12 0.00000e+00
1.69000e+02 6.30657e-12 0.00000e+00
1.70000e+02 6.63932e-12 0.00000e+00
1.71000e+02 5.37094e-12 0.00000e+00
1.72000e+02 5.61592e-12 0.00000e+00
1.73000e+02 5.70417e-12 0.00000e+00
1.74000e+02 4.28900e-12 0.00000e+00
1.75000e+02 6.10251e-12 0.00000e+00
1.76000e+02 5.52281e-12 0.00000e+00
1.77000e+02 4.01949e-12 0.00000e+00
1.78000e+02 5.70037e-12 0.00000e+00
1.79000e+02 6.04045e-12 0.00000e+00
1.80000e+02 6.27447e-12 0.00000e+00
1.81000e+02 4.93146e-12 0.00000e+00
1.82000e+02 6.83991e-12 0.00000e+00
1.83000e+02 4.97701e-12 0.00000e+00
1.84000e+02 5.90252e-12 0.00000e+00
1.85000e+02 5.53801e-12 0.00000e+00
1.86000e+02 5.08039e-12 0.00000e+00
1.87000e+02 5.48070e-12 0.00000e+00
1.88000e+02 5.93922e-12 0.00000e+00
1.89000e+02 5.42673e-12 0.00000e+00
1.90000e+02 5.45957e-12 0.00000e+00
1.91000e+02 3.95650e-12 0.00000e+00
1.92000e+02 4.88395e-12 0.00000e+00
1.93000e+02 5.57490e-12 0.00000e+00
1.94000e+02 4.63541e-12 0.00000e+00
1.95000e+02 5.46136e-12 0.00000e+00
1.96000e+02 4.78384e-12 0.00000e+00
1.97000e+02 3.44618e-12 0.00000e+00
1.98000e+02 4.93224e-12 0.00000e+00
1.99000e+02 4.44213e-12 0.00000e+00
2.00000e+02 5.63529e-12 0.00000e+00
2.01000e+02 5.22160e-12 0.00000e+00
2.02000e+02 4.60292e-12 0.00000e+00
2.03000e+02 5.42242e-12 0.00000e+00
2.04000e+02 5.12609e-12 0.00000e+00
2.05000e+02 3.84774e-12 0.00000e+00
2.06000e+02 6.32796e-12 0.00000e+00
2.07000e+02 5.25077e-12 0.00000e+00
2.08000e+02 4.73836e-12 0.00000e+00
2.09000e+02 3.87821e-12 0.00000e+00
2.10000e+02 6.18370e-12 0.00000e+00
2.11000e+02 4.44427e-12 0.00000e+00
2.12000e+02 5.40388e-12 0.00000e+00
2.13000e+02 4.50806e-12 0.00000e+00
2.14000e+02 5.34633e-12 0.00000e+00
2.15000e+02 4.11154e-12 0.00000e+00
2.16000e+02 4.30549e-12 0.00000e+00
2.17000e+02 3.97934e-12 0.00000e+00
2.18000e+02 4.86088e-12 0.00000e+00
2.19000e+02 5.08610e-12 0.00000e+00
2.20000e+02 4.67052e-12 0.00000e+00
2.21000e+02 5.39147e-12 0.00000e+00
2.22000e+02 4.31832e-12 0.00000e+00
2.23000e+02 4.50598e-12 0.00000e+00
2.24000e+02 4.85960e-12 0.00000e+00
2.25000e+02 5.17465e-12 0.00000e+00
2.26000e+02 4.89674e-12 0.00000e+00
2.27000e+02 4.52518e-12 0.00000e+00
2.28000e+02 3.95674e-12 0.00000e+00
2.29000e+02 5.00663e-12 0.00000e+00
2.30000e+02 4.69494e-12 0.00000e+00
2.31000e+02 4.91790e-12 0.00000e+00
2.32000e+02 4.61811e-12 0.00000e+00
2.33000e+02 3.89010e-12 0.00000e+00
2.34000e+02 5.52500e-12 0.00000e+00
2.35000e+02 4.11140e-12 0.00000e+00
2.36000e+02 4.94883e-12 0.00000e+00
2.37000e+02 3.20525e-12 0.00000e+00
2.38000e+02 4.19216e-12 0.00000e+00
2.39000e+02 4.72963e-12 0.00000e+00
2.40000e+02 4.35605e-12 0.00000e+00
2.41000e+02 4.92885e-12 0.00000e+00
2.42000e+02 4.87486e-12 0.00000e+00
2.43000e+02 3.75582e-12 0.00000e+00
2.44000e+02 3.89445e-12 0.00000e+00
2.45000e+02 5.06075e-12 0.00000e+00
2.46000e+02 4.36218e-12 0.00000e+00
2.47000e+02 4.01325e-12 0.00000e+00
2.48000e+02 4.18702e-12 0.00000e+00
2.49000e+02 4.39819e-12 0.00000e+00
2.50000e+02 3.64649e-12 0.00000e+00
2.51000e+02 4.85091e-12 0.00000e+00
2.52000e+02 3.95695e-12 0.00000e+00
2.53000e+02 3.46511e-12 0.00000e+00
2.54000e+02 4.43679e-12 0.00000e+00
2.55000e+02 3.70187e-12 0.00000e+00
2.56000e+02 3.69092e-12 0.00000e+00
2.57000e+02 4.13092e-12 0.00000e+00
2.58000e+02 3.61576e-12 0.00000e+00
2.59000e+02 4.26387e-12 0.00000e+00
2.60000e+02 4.80859e-12 0.00000e+00
2.61000e+02 4.26121e-12 0.00000e+00
2.62000e+02 3.71953e-12 0.00000e+00
2.63000e+02 4.51249e-12 0.00000e+00
2.64000e+02 4.02221e-12 0.00000e+00
2.65000e+02 4.70830e-12 0.00000e+00
2.66000e+02 4.03431e-12 0.00000e+00
2.67000e+02 4.06838e-12 0.00000e+00
2.68000e+02 3.69430e-12 0.00000e+00
2.69000e+02 3.54177e-12 0.00000e+00
2.70000e+02 3.94284e-12 0.00000e+00
2.71000e+02 3.81549e-12 0.00000e+00
2.72000e+02 3.98846e-12 0.00000e+00
2.73000e+02 4.40704e-12 0.00000e+00
2.74000e+02 4.39151e-12 0.00000e+00
2.75000e+02 3.76101e-12 0.00000e+00
2.76000e+02 3.19660e-12 0.00000e+00
2.77000e+02 3.95289e-12 0.00000e+00
2.78000e+02 4.36183e-12 0.00000e+00
2.79000e+02 3.94445e-12 0.00000e+00
2.80000e+02 3.61709e-12 0.00000e+00
2.81000e+02 4.22128e-12 0.00000e+00
2.82000e+02 3.77670e-12 0.00000e+00
2.83000e+02 2.65114e-12 0.00000e+00
2.84000e+02 3.77459e-12 0.00000e+00
2.85000e+02 4.24750e-12 0.00000e+00
2.86000e+02 4.80104e-12 0.00000e+00
2.87000e+02 3.93338e-12 0.00000e+00
2.88000e+02 3.68750e-12 0.00000e+00
2.89000e+02 3.27478e-12 0.00000e+00
2.90000e+02 4.08880e-12 0.00000e+00
2.91000e+02 3.45345e-12 0.00000e+00
2.92000e+02 3.98475e-12 0.00000e+00
2.93000e+02 3.08776e-12 0.00000e+00
2.94000e+02 3.72288e-12 0.00000e+00
2.95000e+02 3.86457e-12 0.00000e+00
2.96000e+02 4.03828e-12 0.00000e+00
2.97000e+02 3.42734e-12 0.00000e+00
2.98000e+02 3.99107e-12 0.00000e+00
2.99000e+02 3.83850e-12 0.00000e+00
3.00000e+02 3.15297e-12 0.00000e+00
3.01000e+02 3.20809e-12 0.00000e+00
3.02000e+02 3.65979e-12 0.00000e+00
3.03000e+02 3.38935e-12 0.00000e+00
3.04000e+02 3.53230e-12 0.00000e+00
3.05000e+02 3.43588e-12 0.00000e+00
3.06000e+02 4.00933e-12 0.00000e+00
3.07000e+02 3.57954e-12 0.00000e+00
3.08000e+02 3.75907e-12 0.00000e+00
3.09000e+02 3.76612e-12 0.00000e+00
3.10000e+02 4.14486e-12 0.00000e+00
3.11000e+02 3.21746e-12 0.00000e+00
3.12000e+02 3.37148e-12 0.00000e+00
3.13000e+02 4.12633e-12 0.00000e+00
3.14000e+02 3.03834e-12 0.00000e+00
3.15000e+02 3.56414e-12 0.00000e+00
3.16000e+02 3.75455e-12 0.00000e+00
3.17000e+02 2.78209e-12 0.00000e+00
3.18000e+02 3.61539e-12 0.00000e+00
3.19000e+02 2.83014e-12 0.00000e+00
3.20000e+02 3.17535e-12 0.00000e+00
3.21000e+02 3.44941e-12 0.00000e+00
3.22000e+02 3.62832e-12 0.00000e+00
3.23000e+02 4.06769e-12 0.00000e+00
3.24000e+02 3.17014e-12 0.00000e+00
3.25000e+02 3.11053e-12 0.00000e+00
3.26000e+02 2.92201e-12 0.00000e+00
3.27000e+02 3.24955e-12 0.00000e+00
3.28000e+02 3.22493e-12 0.00000e+00
3.29000e+02 3.29671e-12 0.00000e+00
3.30000e+02 2.82596e-12 0.00000e+00
3.31000e+02 3.69483e-12 0.00000e+00
3.32000e+02 2.78392e-12 0.00000e+00
3.33000e+02 2.92459e-12 0.00000e+00
3.34000e+02 3.49502e-12 0.00000e+00
3.35000e+02 3.37353e-12 0.00000e+00
3.36000e+02 3.70866e-12 0.00000e+00
3.37000e+02 4.04657e-12 0.00000e+00
3.38000e+02 2.77377e-12 0.00000e+00
3.39000e+02 3.08968e-12 0.00000e+00
3.40000e+02 3.09940e-12 0.00000e+00
3.41000e+02 3.47579e-12 0.00000e+00
3.42000e+02 2.83677e-12 0.00000e+00
3.43000e+02 2.97825e-12 0.00000e+00
3.44000e+02 3.21868e-12 0.00000e+00
3.45000e+02 3.31758e-12 0.00000e+00
3.46000e+02 3.40477e-12 0.00000e+00
3.47000e+02 2.59383e-12 0.00000e+00
3.48000e+02 3.42135e-12 0.00000e+00
3.49000e+02 3.04908e-12 0.00000e+00
3.50000e+02 3.01814e-12 0.00000e+00
3.51000e+02 3.08648e-12 0.00000e+00
3.52000e+02 3.31630e-12 0.00000e+00
3.53000e+02 3.26456e-12 0.00000e+00
3.54000e+02 3.14041e-12 0.00000e+00
3.55000e+02 3.01711e-12 0.00000e+00
3.56000e+02 3.11518e-12 0.00000e+00
3.57000e+02 2.84566e-12 0.00000e+00
3.58000e+02 3.54791e-12 0.00000e+00
3.59000e+02 2.71099e-12 0.00000e+00
3.60000e+02 2.89393e-12 0.00000e+00
3.61000e+02 2.74911e-12 0.00000e+00
3.62000e+02 3.19710e-12 0.00000e+00
3.63000e+02 2.81767e-12 0.00000e+00
3.64000e+02 2.81840e-12 0.00000e+00
3.65000e+02 2.42489e-12 0.00000e+00
3.66000e+02 3.14004e-12 0.00000e+00
3.67000e+02 3.06654e-12 0.00000e+00
3.68000e+02 3.51187e-12 0.00000e+00
3.69000e+02 2.81609e-12 0.00000e+00
3.70000e+02 2.70804e-12 0.00000e+00
3.71000e+02 2.64046e-12 0.00000e+00
3.72000e+02 2.95571e-12 0.00000e+00
3.73000e+02 2.64024e-12 0.00000e+00
3.74000e+02 3.19133e-12 0.00000e+00
3.75000e+02 2.90929e-12 0.00000e+00
3.76000e+02 2.99113e-12 0.00000e+00
3.77000e+02 3.08203e-12 0.00000e+00
3.78000e+02 3.23210e-12 0.00000e+00
3.79000e+02 2.35179e-12 0.00000e+00
3.80000e+02 2.91695e-12 0.00000e+00
3.81000e+02 2.61978e-12 0.00000e+00
3.82000e+02 3.24663e-12 0.00000e+00
3.83000e+02 2.87325e-12 0.00000e+00
3.84000e+02 2.42132e-12 0.00000e+00
3.85000e+02 2.64324e-12 0.00000e+00
3.86000e+02 2.50669e-12 0.00000e+00
3.87000e+02 2.64812e-12 0.00000e+00
3.88000e+02 2.83477e-12 0.00000e+00
3.89000e+02 2.61175e-12 0.00000e+00
3.90000e+02 2.53049e-12 0.00000e+00
3.91000e+02 2.50640e-12 0.00000e+00
3.92000e+02 3.33300e-12 0.00000e+00
3.93000e+02 2.76653e-12 0.00000e+00
3.94000e+02 2.29110e-12 0.00000e+00
3.95000e+02 2.79064e-12 0.00000e+00
3.96000e+02 2.73664e-12 0.00000e+00
3.97000e+02 2.57822e-12 0.00000e+00
3.98000e+02 2.91770e-12 0.00000e+00
3.99000e+02 2.78165e-12 0.00000e+00
4.00000e+02 2.65573e-12 0.00000e+00
4.01000e+02 2.78724e-12 0.00000e+00
4.02000e+02 2.48614e-12 0.00000e+00
4.03000e+02 2.95781e-12 0.00000e+00
4.04000e+02 2.82753e-12 0.00000e+00
4.05000e+02 2.65026e-12 0.00000e+00
4.06000e+02 2.30764e-12 0.00000e+00
4.07000e+02 2.68747e-12 0.00000e+00
4.08000e+02 2.83842e-12 0.00000e+00
4.09000e+02 2.37776e-12 0.00000e+00
4.10000e+02 2.67454e-12 0.00000e+00
4.11000e+02 2.63547e-12 0.00000e+00
4.12000e+02 2.16373e-12 0.00000e+00
4.13000e+02 2.72876e-12 0.00000e+00
4.14000e+02 2.88942e-12 0.00000e+00
4.15000e+02 2.84376e-12 0.00000e+00
4.16000e+02 2.46752e-12 0.00000e+00
4.17000e+02 2.29747e-12 0.00000e+00
4.18000e+02 2.39682e-12 0.00000e+00
4.19000e+02 2.53121e-12 0.00000e+00
4.20000e+02 2.64268e-12 0.00000e+00
4.21000e+02 2.49482e-12 0.00000e+00
4.22000e+02 2.23254e-12 0.00000e+00
4.23000e+02 2.35188e-12 0.00000e+00
4.24000e+02 2.48531e-12 0.00000e+00
4.25000e+02 2.18330e-12 0.00000e+00
4.26000e+02 2.17751e-12 0.00000e+00
4.27000e+02 2.79929e-12 0.00000e+00
4.28000e+02 2.23010e-12 0.00000e+00
4.29000e+02 1.83332e-12 0.00000e+00
4.30000e+02 2.47091e-12 0.00000e+00
4.31000e+02 2.33881e-12 0.00000e+00
4.32000e+02 2.37455e-12 0.00000e+00
4.33000e+02 2.09819e-12 0.00000e+00
4.34000e+02 2.80595e-12 0.00000e+00
4.35000e+02 2.31868e-12 0.00000e+00
4.36000e+02 2.39809e-12 0.00000e+00
4.37000e+02 2.41052e-12 0.00000e+00
4.38000e+02 2.24132e-12 0.00000e+00
4.39000e+02 2.11638e-12 0.00000e+00
4.40000e+02 2.30345e-12 0.00000e+00
4.41000e+02 1.99613e-12 0.00000e+00
4.42000e+02 2.27481e-12 0.00000e+00
4.43000e+02 2.27758e-12 0.00000e+00
4.44000e+02 2.37388e-12 0.00000e+00
4.45000e+02 2.30176e-12 0.00000e+00
4.46000e+02 2.22097e-12 0.00000e+00
4.47000e+02 2.13449e-12 0.00000e+00
4.48000e+02 2.34914e-12 0.00000e+00
4.49000e+02 2.37360e-12 0.00000e+00
4.50000e+02 2.50388e-12 0.00000e+00
4.51000e+02 2.40753e-12 0.00000e+00
4.52000e+02 2.48890e-12 0.00000e+00
4.53000e+02 2.48682e-12 0.00000e+00
4.54000e+02 2.30126e-12 0.00000e+00
4.55000e+02 2.24146e-12 0.00000e+00
4.56000e+02 2.05842e-12 0.00000e+00
4.57000e+02 2.38255e-12 0.00000e+00
4.58000e+02 2.27381e-12 0.00000e+00
4.59000e+02 2.32353e-12 0.00000e+00
4.60000e+02 2.13110e-12 0.00000e+00
4.61000e+02 2.39626e-12 0.00000e+00
4.62000e+02 2.67901e-12 0.00000e+00
4.63000e+02 1.98857e-12 0.00000e+00
4.64000e+02 1.92395e-12 0.00000e+00
4.65000e+02 2.18581e-12 0.00000e+00
4.66000e+02 1.81529e-12 0.00000e+00
4.67000e+02 1.97401e-12 0.00000e+00
4.68000e+02 2.71118e-12 0.00000e+00
4.69000e+02 2.34273e-12 0.00000e+00
4.70000e+02 1.95954e-12 0.00000e+00
4.71000e+02 2.15817e-12 0.00000e+00
4.72000e+02 2.34432e-12 0.00000e+00
4.73000e+02 2.06327e-12 0.00000e+00
4.74000e+02 2.23163e-12 0.00000e+00
4.75000e+02 1.90285e-12 0.00000e+00
4.76000e+02 2.30309e-12 0.00000e+00
4.77000e+02 2.19708e-12 0.00000e+00
4.78000e+02 2.22758e-12 0.00000e+00
4.79000e+02 2.31969e-12 0.00000e+00
4.80000e+02 2.04282e-12 0.00000e+00
4.81000e+02 2.01314e-12 0.00000e+00
4.82000e+02 2.08712e-12 0.00000e+00
4.83000e+02 2.15818e-12 0.00000e+00
4.84000e+02 2.06588e-12 0.00000e+00
4.85000e+02 2.06063e-12 0.00000e+00
4.86000e+02 1.93891e-12 0.00000e+00
4.87000e+02 2.08621e-12 0.00000e+00
4.88000e+02 1.83456e-12 0.00000e+00
4.89000e+02 2.22894e-12 0.00000e+00
4.90000e+02 2.13331e-12 0.00000e+00
4.91000e+02 2.03182e-12 0.00000e+00
4.92000e+02 2.20690e-12 0.00000e+00
4.93000e+02 2.33070e-12 0.00000e+00
4.94000e+02 2.24447e-12 0.00000e+00
4.95000e+02 2.06072e-12 0.00000e+00
4.96000e+02 2.13201e-12 0.00000e+00
4.97000e+02 2.06596e-12 0.00000e+00
4.98000e+02 2.21375e-12 0.00000e+00
4.99000e+02 1.98335e-12 0.00000e+00
5.00000e+02 1.81940e-12 0.00000e+00
5.01000e+02 2.05539e-12 0.00000e+00
5.02000e+02 2.11363e-12 0.00000e+00
5.03000e+02 1.80672e-12 0.00000e+00
5.04000e+02 2.23880e-12 0.00000e+00
5.05000e+02 2.01707e-12 0.00000e+00
5.06000e+02 1.80248e-12 0.00000e+00
5.07000e+02 1.94064e-12 0.00000e+00
5.08000e+02 2.04882e-12 0.00000e+00
5.09000e+02 1.90000e-12 0.00000e+00
5.10000e+02 1.95054e-12 0.00000e+00
5.11000e+02 2.13994e-12 0.00000e+00
5.12000e+02 2.01579e-12 0.00000e+00
5.13000e+02 1.68000e-12 0.00000e+00
5.14000e+02 1.85393e-12 0.00000e+00
5.15000e+02 1.83308e-12 0.00000e+00
5.16000e+02 1.90132e-12 0.00000e+00
5.17000e+02 1.95878e-12 0.00000e+00
5.18000e+02 1.74470e-12 0.00000e+00
5.19000e+02 2.06359e-12 0.00000e+00
5.20000e+02 1.66994e-12 0.00000e+00
5.21000e+02 1.68905e-12 0.00000e+00
5.22000e+02 1.84983e-12 0.00000e+00
5.23000e+02 1.94208e-12 0.00000e+00
5.24000e+02 1.74148e-12 0.00000e+00
5.25000e+02 1.87058e-12 0.00000e+00
5.26000e+02 1.73104e-12 0.00000e+00
5.27000e+02 1.62733e-12 0.00000e+00
5.28000e+02 1.79814e-12 0.00000e+00
5.29000e+02 1.69885e-12 0.00000e+00
5.30000e+02 1.72767e-12 0.00000e+00
5.31000e+02 1.90747e-12 0.00000e+00
5.32000e+02 1.77365e-12 0.00000e+00
5.33000e+02 1.75169e-12 0.00000e+00
5.34000e+02 1.79081e-12 0.00000e+00
5.35000e+02 1.69559e-12 0.00000e+00
5.36000e+02 1.82745e-12 0.00000e+00
5.37000e+02 2.00052e-12 0.00000e+00
5.38000e+02 1.41131e-12 0.00000e+00
5.39000e+02 1.90867e-12 0.00000e+00
5.40000e+02 1.93430e-12 0.00000e+00
5.41000e+02 1.94277e-12 0.00000e+00
5.42000e+02 1.78797e-12 0.00000e+00
5.43000e+02 1.64415e-12 0.00000e+00
5.44000e+02 1.67181e-12 0.00000e+00
5.45000e+02 2.13170e-12 0.00000e+00
5.46000e+02 1.55648e-12 0.00000e+00
5.47000e+02 1.88053e-12 0.00000e+00
5.48000e+02 1.79650e-12 0.00000e+00
5.49000e+02 1.74271e-12 0.00000e+00
5.50000e+02 1.66271e-12 0.00000e+00
5.51000e+02 1.57579e-12 0.00000e+00
5.52000e+02 1.69341e-12 0.00000e+00
5.53000e+02 1.91635e-12 0.00000e+00
5.54000e+02 1.51543e-12 0.00000e+00
5.55000e+02 1.62995e-12 0.00000e+00
5.56000e+02 1.77724e-12 0.00000e+00
5.57000e+02 1.82387e-12 0.00000e+00
5.58000e+02 1.52786e-12 0.00000e+00
5.59000e+02 1.83966e-12 0.00000e+00
5.60000e+02 1.57655e-12 0.00000e+00
5.61000e+02 1.49585e-12 0.00000e+00
5.62000e+02 1.49838e-12 0.00000e+00
5.63000e+02 1.55053e-12 0.00000e+00
5.64000e+02 1.52658e-12 0.00000e+00
5.65000e+02 1.44525e-12 0.00000e+00
5.66000e+02 1.35313e-12 0.00000e+00
5.67000e+02 1.55874e-12 0.00000e+00
5.68000e+02 1.48539e-12 0.00000e+00
5.69000e+02 1.62958e-12 0.00000e+00
5.70000e+02 1.50259e-12 0.00000e+00
5.71000e+02 1.74515e-12 0.00000e+00
5.72000e+02 1.82680e-12 0.00000e+00
5.73000e+02 1.75655e-12 0.00000e+00
5.74000e+02 1.52347e-12 0.00000e+00
5.75000e+02 1.41997e-12 0.00000e+00
5.76000e+02 1.61976e-12 0.00000e+00
5.77000e+02 1.54684e-12 0.00000e+00
5.78000e+02 1.50151e-12 0.00000e+00
5.79000e+02 1.63089e-12 0.00000e+00
5.80000e+02 1.36970e-12 0.00000e+00
5.81000e+02 1.42776e-12 0.00000e+00
5.82000e+02 1.27210e-12 0.00000e+00
5.83000e+02 1.53844e-12 0.00000e+00
5.84000e+02 1.71535e-12 0.00000e+00
5.85000e+02 1.58217e-12 0.00000e+00
5.86000e+02 1.47483e-12 0.00000e+00
5.87000e+02 1.62932e-12 0.00000e+00
5.88000e+02 1.22291e-12 0.00000e+00
5.89000e+02 1.42927e-12 0.00000e+00
5.90000e+02 1.47590e-12 0.00000e+00
5.91000e+02 1.58346e-12 0.00000e+00
5.92000e+02 1.62572e-12 0.00000e+00
5.93000e+02 1.60467e-12 0.00000e+00
5.94000e+02 1.45027e-12 0.00000e+00
5.95000e+02 1.46217e-12 0.00000e+00
5.96000e+02 1.54082e-12 0.00000e+00
5.97000e+02 1.34632e-12 0.00000e+00
5.98000e+02 1.47992e-12 0.00000e+00
5.99000e+02 1.36805e-12 0.00000e+00
6.00000e+02 1.58399e-12 0.00000e+00
6.01000e+02 1.67030e-12 0.00000e+00
6.02000e+02 1.54056e-12 0.00000e+00
6.03000e+02 1.54565e-12 0.00000e+00
6.04000e+02 1.49788e-12 0.00000e+00
6.05000e+02 1.35740e-12 0.00000e+00
6.06000e+02 1.35528e-12 0.00000e+00
6.07000e+02 1.29090e-12 0.00000e+00
6.08000e+02 1.53370e-12 0.00000e+00
6.09000e+02 1.24110e-12 0.00000e+00
6.10000e+02 1.47296e-12 0.00000e+00
6.11000e+02 1.47421e-12 0.00000e+00
6.12000e+02 1.38384e-12 0.00000e+00
6.13000e+02 1.31482e-12 0.00000e+00
6.14000e+02 1.37567e-12 0.00000e+00
6.15000e+02 1.38956e-12 0.00000e+00
6.16000e+02 1.33157e-12 0.00000e+00
6.17000e+02 1.39942e-12 0.00000e+00
6.18000e+02 1.21185e-12 0.00000e+00
6.19000e+02 1.45684e-12 0.00000e+00
6.20000e+02 1.51495e-12 0.00000e+00
6.21000e+02 1.37332e-12 0.00000e+00
6.22000e+02 1.17983e-12 0.00000e+00
6.23000e+02 1.23839e-12 0.00000e+00
6.24000e+02 1.53033e-12 0.00000e+00
6.25000e+02 1.34589e-12 0.00000e+00
6.26000e+02 1.25715e-12 0.00000e+00
6.27000e+02 1.31187e-12 0.00000e+00
6.28000e+02 1.46567e-12 0.00000e+00
6.29000e+02 1.36231e-12 0.00000e+00
6.30000e+02 1.23622e-12 0.00000e+00
6.31000e+02 1.27206e-12 0.00000e+00
6.32000e+02 1.38220e-12 0.00000e+00
6.33000e+02 1.31424e-12 0.00000e+00
6.34000e+02 1.28294e-12 0.00000e+00
6.35000e+02 1.32255e-12 0.00000e+00
6.36000e+02 1.31024e-12 0.00000e+00
6.37000e+02 1.38401e-12 0.00000e+00
6.38000e+02 1.28835e-12 0.00000e+00
6.39000e+02 1.37230e-12 0.00000e+00
6.40000e+02 1.30715e-12 0.00000e+00
6.41000e+02 1.34166e-12 0.00000e+00
6.42000e+02 1.21379e-12 0.00000e+00
6.43000e+02 1.35986e-12 0.00000e+00
6.44000e+02 1.51245e-12 0.00000e+00
6.45000e+02 1.30506e-12 0.00000e+00
6.46000e+02 1.46101e-12 0.00000e+00
6.47000e+02 1.24519e-12 0.00000e+00
6.48000e+02 1.14989e-12 0.00000e+00
6.49000e+02 1.14560e-12 0.00000e+00
6.50000e+02 1.35132e-12 0.00000e+00
6.51000e+02 1.20076e-12 0.00000e+00
6.52000e+02 1.31687e-12 0.00000e+00
6.53000e+02 1.20588e-12 0.00000e+00
6.54000e+02 1.18897e-12 0.00000e+00
6.55000e+02 1.16595e-12 0.00000e+00
6.56000e+02 1.40737e-12 0.00000e+00
6.57000e+02 1.32887e-12 0.00000e+00
6.58000e+02 1.27620e-12 0.00000e+00
6.59000e+02 1.28171e-12 0.00000e+00
6.60000e+02 9.96241e-13 0.00000e+00
6.61000e+02 1.08254e-12 0.00000e+00
6.62000e+02 1.24632e-12 0.00000e+00
6.63000e+02 1.19451e-12 0.00000e+00
6.64000e+02 1.24033e-12 0.00000e+00
6.65000e+02 1.32186e-12 0.00000e+00
6.66000e+02 1.20134e-12 0.00000e+00
6.67000e+02 1.24003e-12 0.00000e+00
6.68000e+02 1.05736e-12 0.00000e+00
6.69000e+02 1.22813e-12 0.00000e+00
6.70000e+02 1.14913e-12 0.00000e+00
6.71000e+02 1.36215e-12 0.00000e+00
6.72000e+02 1.10197e-12 0.00000e+00
6.73000e+02 1.07562e-12 0.00000e+00
6.74000e+02 1.11838e-12 0.00000e+00
6.75000e+02 9.82023e-13 0.00000e+00
6.76000e+02 1.17803e-12 0.00000e+00
6.77000e+02 1.00420e-12 0.00000e+00
6.78000e+02 1.30088e-12 0.00000e+00
6.79000e+02 1.12548e-12 0.00000e+00
6.80000e+02 1.10308e-12 0.00000e+00
6.81000e+02 1.23328e-12 0.00000e+00
6.82000e+02 1.14523e-12 0.00000e+00
6.83000e+02 1.18174e-12 0.00000e+00
6.84000e+02 1.02328e-12 0.00000e+00
6.85000e+02 1.29053e-12 0.00000e+00
6.86000e+02 9.55137e-13 0.00000e+00
6.87000e+02 1.02759e-12 0.00000e+00
6.88000e+02 1.12905e-12 0.00000e+00
6.89000e+02 9.62484e-13 0.00000e+00
6.90000e+02 1.10092e-12 0.00000e+00
6.91000e+02 1.14533e-12 0.00000e+00
6.92000e+02 1.07645e-12 0.00000e+00
6.93000e+02 1.22519e-12 0.00000e+00
6.94000e+02 1.20230e-12 0.00000e+00
6.95000e+02 1.18224e-12 0.00000e+00
6.96000e+02 1.15756e-12 0.00000e+00
6.97000e+02 1.05301e-12 0.00000e+00
6.98000e+02 1.05673e-12 0.00000e+00
6.99000e+02 1.01938e-12 0.00000e+00
7.00000e+02 1.18047e-12 0.00000e+00
7.01000e+02 1.14354e-12 0.00000e+00
7.02000e+02 9.68539e-13 0.00000e+00
7.03000e+02 7.93631e-13 0.00000e+00
7.04000e+02 9.28430e-13 0.00000e+00
7.05000e+02 1.01446e-12 0.00000e+00
7.06000e+02 1.06252e-12 0.00000e+00
7.07000e+02 1.12096e-12 0.00000e+00
7.08000e+02 9.45754e-13 0.00000e+00
7.09000e+02 1.04289e-12 0.00000e+00
7.10000e+02 1.07140e-12 0.00000e+00
7.11000e+02 1.03532e-12 0.00000e+00
7.12000e+02 9.97256e-13 0.00000e+00
7.13000e+02 1.05655e-12 0.00000e+00
7.14000e+02 9.95081e-13 0.00000e+00
7.15000e+02 9.08341e-13 0.00000e+00
7.16000e+02 9.07147e-13 0.00000e+00
7.17000e+02 9.68368e-13 0.00000e+00
7.18000e+02 1.02675e-12 0.00000e+00
7.19000e+02 9.33622e-13 0.00000e+00
7.20000e+02 9.83278e-13 0.00000e+00
7.21000e+02 9.66519e-13 0.00000e+00
7.22000e+02 1.02632e-12 0.00000e+00
7.23000e+02 9.29340e-13 0.00000e+00
7.24000e+02 9.20459e-13 0.00000e+00
7.25000e+02 1.00272e-12 0.00000e+00
7.26000e+02 8.73721e-13 0.00000e+00
7.27000e+02 1.06284e-12 0.00000e+00
7.28000e+02 9.41548e-13 0.00000e+00
7.29000e+02 1.01209e-12 0.00000e+00
7.30000e+02 1.02472e-12 0.00000e+00
7.31000e+02 1.02918e-12 0.00000e+00
7.32000e+02 1.07579e-12 0.00000e+00
7.33000e+02 9.66395e-13 0.00000e+00
7.34000e+02 1.08953e-12 0.00000e+00
7.35000e+02 1.05610e-12 0.00000e+00
7.36000e+02 9.69488e-13 0.00000e+00
7.37000e+02 9.31411e-13 0.00000e+00
7.38000e+02 9.30057e-13 0.00000e+00
7.39000e+02 9.54707e-13 0.00000e+00
7.40000e+02 9.52296e-13 0.00000e+00
7.41000e+02 1.00129e-12 0.00000e+00
7.42000e+02 8.58340e-13 0.00000e+00
7.43000e+02 9.61798e-13 0.00000e+00
7.44000e+02 9.22479e-13 0.00000e+00
7.45000e+02 9.43133e-13 0.00000e+00
7.46000e+02 7.81230e-13 0.00000e+00
7.47000e+02 8.40789e-13 0.00000e+00
7.48000e+02 8.50600e-13 0.00000e+00
7.49000e+02 9.03363e-13 0.00000e+00
7.50000e+02 9.02266e-13 0.00000e+00
7.51000e+02 9.40898e-13 0.00000e+00
7.52000e+02 9.06889e-13 0.00000e+00
7.53000e+02 8.54561e-13 0.00000e+00
7.54000e+02 8.84610e-13 0.00000e+00
7.55000e+02 7.96335e-13 0.00000e+00
7.56000e+02 8.47450e-13 0.00000e+00
7.57000e+02 9.47676e-13 0.00000e+00
7.58000e+02 8.77207e-13 0.00000e+00
7.59000e+02 8.87257e-13 0.00000e+00
7.60000e+02 9.04661e-13 0.00000e+00
7.61000e+02 9.30170e-13 0.00000e+00
7.62000e+02 8.50291e-13 0.00000e+00
7.63000e+02 8.58739e-13 0.00000e+00
7.64000e+02 7.86169e-13 0.00000e+00
7.65000e+02 8.97739e-13 0.00000e+00
7.66000e+02 8.42191e-13 0.00000e+00
7.67000e+02 8.99075e-13 0.00000e+00
7.68000e+02 9.00701e-13 0.00000e+00
7.69000e+02 7.04795e-13 0.00000e+00
7.70000e+02 8.34840e-13 0.00000e+00
7.71000e+02 8.94303e-13 0.00000e+00
7.72000e+02 9.34816e-13 0.00000e+00
7.73000e+02 7.99167e-13 0.00000e+00
7.74000e+02 8.32616e-13 0.00000e+00
7.75000e+02 8.44852e-13 0.00000e+00
7.76000e+02 7.41798e-13 0.00000e+00
7.77000e+02 8.28427e-13 0.00000e+00
7.78000e+02 8.43371e-13 0.00000e+00
7.79000e+02 8.19409e-13 0.00000e+00
7.80000e+02 8.63642e-13 0.00000e+00
7.81000e+02 8.09858e-13 0.00000e+00
7.82000e+02 8.75803e-13 0.00000e+00
7.83000e+02 7.69800e-13 0.00000e+00
7.84000e+02 7.60216e-13 0.00000e+00
7.85000e+02 8.67103e-13 0.00000e+00
7.86000e+02 7.27251e-13 0.00000e+00
7.87000e+02 9.50906e-13 0.00000e+00
7.88000e+02 8.83585e-13 0.00000e+00
7.89000e+02 7.51927e-13 0.00000e+00
7.90000e+02 7.88102e-13 0.00000e+00
7.91000e+02 7.02155e-13 0.00000e+00
7.92000e+02 7.64464e-13 0.00000e+00
7.93000e+02 7.52250e-13 0.00000e+00
7.94000e+02 8.29212e-13 0.00000e+00
7.95000e+02 7.78868e-13 0.00000e+00
7.96000e+02 8.10770e-13 0.00000e+00
7.97000e+02 7.88743e-13 0.00000e+00
7.98000e+02 7.57082e-13 0.00000e+00
7.99000e+02 6.83687e-13 0.00000e+00
8.00000e+02 7.94635e-13 0.00000e+00
8.01000e+02 8.53001e-13 0.00000e+00
8.02000e+02 7.86819e-13 0.00000e+00
8.03000e+02 6.36612e-13 0.00000e+00
8.04000e+02 7.27727e-13 0.00000e+00
8.05000e+02 6.21127e-13 0.00000e+00
8.06000e+02 7.92789e-13 0.00000e+00
8.07000e+02 6.55823e-13 0.00000e+00
8.08000e+02 6.99915e-13 0.00000e+00
8.09000e+02 7.31640e-13 0.00000e+00
8.10000e+02 7.86827e-13 0.00000e+00
8.11000e+02 7.23336e-13 0.00000e+00
8.12000e+02 6.47804e-13 0.00000e+00
8.13000e+02 7.39387e-13 0.00000e+00
8.14000e+02 7.75722e-13 0.00000e+00
8.15000e+02 7.14258e-13 0.00000e+00
8.16000e+02 6.49332e-13 0.00000e+00
8.17000e+02 6.29191e-13 0.00000e+00
8.18000e+02 6.94352e-13 0.00000e+00
8.19000e+02 6.82870e-13 0.00000e+00
8.20000e+02 7.32497e-13 0.00000e+00
8.21000e+02 6.82456e-13 0.00000e+00
8.22000e+02 6.79907e-13 0.00000e+00
8.23000e+02 6.36135e-13 0.00000e+00
8.24000e+02 6.71121e-13 0.00000e+00
8.25000e+02 6.90797e-13 0.00000e+00
8.26000e+02 6.97640e-13 0.00000e+00
8.27000e+02 7.60832e-13 0.00000e+00
8.28000e+02 7.39452e-13 0.00000e+00
8.29000e+02 7.22519e-13 0.00000e+00
8.30000e+02 7.40665e-13 0.00000e+00
8.31000e+02 7.07595e-13 0.00000e+00
8.32000e+02 6.57121e-13 0.00000e+00
8.33000e+02 5.79083e-13 0.00000e+00
8.34000e+02 7.27399e-13 0.00000e+00
8.35000e+02 6.89436e-13 0.00000e+00
8.36000e+02 7.03776e-13 0.00000e+00
8.37000e+02 6.51434e-13 0.00000e+00
8.38000e+02 6.27369e-13 0.00000e+00
8.39000e+02 6.73702e-13 0.00000e+00
8.40000e+02 6.55579e-13 0.00000e+00
8.41000e+02 6.93127e-13 0.00000e+00
8.42000e+02 6.42684e-13 0.00000e+00
8.43000e+02 6.73903e-13 0.00000e+00
8.44000e+02 6.26204e-13 0.00000e+00
8.45000e+02 6.60188e-13 0.00000e+00
8.46000e+02 7.51800e-13 0.00000e+00
8.47000e+02 5.72569e-13 0.00000e+00
8.48000e+02 6.61756e-13 0.00000e+00
8.49000e+02 5.57588e-13 0.00000e+00
8.50000e+02 6.10521e-13 0.00000e+00
8.51000e+02 6.46585e-13 0.00000e+00
8.52000e+02 6.58075e-13 0.00000e+00
8.53000e+02 6.36388e-13 0.00000e+00
8.54000e+02 6.26052e-13 0.00000e+00
8.55000e+02 6.52779e-13 0.00000e+00
8.56000e+02 6.41883e-13 0.00000e+00
8.57000e+02 6.19195e-13 0.00000e+00
8.58000e+02 6.67371e-13 0.00000e+00
8.59000e+02 6.32001e-13 0.00000e+00
8.60000e+02 6.23044e-13 0.00000e+00
8.61000e+02 5.93955e-13 0.00000e+00
8.62000e+02 5.77991e-13 0.00000e+00
8.63000e+02 5.71144e-13 0.00000e+00
8.64000e+02 5.66418e-13 0.00000e+00
8.65000e+02 5.50674e-13 0.00000e+00
8.66000e+02 6.39009e-13 0.00000e+00
8.67000e+02 5.49286e-13 0.00000e+00
8.68000e+02 5.32855e-13 0.00000e+00
8.69000e+02 6.57743e-13 0.00000e+00
8.70000e+02 6.94872e-13 0.00000e+00
8.71000e+02 5.99371e-13 0.00000e+00
8.72000e+02 6.08952e-13 0.00000e+00
8.73000e+02 5.80277e-13 0.00000e+00
8.74000e+02 5.33348e-13 0.00000e+00
8.75000e+02 5.67293e-13 0.00000e+00
8.76000e+02 5.58464e-13 0.00000e+00
8.77000e+02 5.93608e-13 0.00000e+00
8.78000e+02 6.13566e-13 0.00000e+00
8.79000e+02 5.43323e-13 0.00000e+00
8.80000e+02 5.72759e-13 0.00000e+00
8.81000e+02 4.90464e-13 0.00000e+00
8.82000e+02 5.64635e-13 0.00000e+00
8.83000e+02 5.28123e-13 0.00000e+00
8.84000e+02 5.95795e-13 0.00000e+00
8.85000e+02 5.25247e-13 0.00000e+00
8.86000e+02 5.75642e-13 0.00000e+00
8.87000e+02 5.38490e-13 0.00000e+00
8.88000e+02 5.73873e-13 0.00000e+00
8.89000e+02 5.48775e-13 0.00000e+00
8.90000e+02 5.58237e-13 0.00000e+00
8.91000e+02 5.56409e-13 0.00000e+00
8.92000e+02 5.84834e-13 0.00000e+00
8.93000e+02 5.61078e-13 0.00000e+00
8.94000e+02 5.38147e-13 0.00000e+00
8.95000e+02 5.68158e-13 0.00000e+00
8.96000e+02 5.55512e-13 0.00000e+00
8.97000e+02 5.69804e-13 0.00000e+00
8.98000e+02 5.73329e-13 0.00000e+00
8.99000e+02 5.41618e-13 0.00000e+00
9.00000e+02 5.36246e-13 0.00000e+00
9.01000e+02 5.12585e-13 0.00000e+00
9.02000e+02 5.41588e-13 0.00000e+00
9.03000e+02 5.30911e-13 0.00000e+00
9.04000e+02 4.73407e-13 0.00000e+00
9.05000e+02 5.53182e-13 0.00000e+00
9.06000e+02 4.93943e-13 0.00000e+00
9.07000e+02 5.63376e-13 0.00000e+00
9.08000e+02 4.93926e-13 0.00000e+00
9.09000e+02 5.43223e-13 0.00000e+00
9.10000e+02 4.61201e-13 0.00000e+00
9.11000e+02 4.70744e-13 0.00000e+00
9.12000e+02 5.43129e-13 0.00000e+00
9.13000e+02 5.00758e-13 0.00000e+00
9.14000e+02 4.80773e-13 0.00000e+00
9.15000e+02 5.28150e-13 0.00000e+00
9.16000e+02 4.98861e-13 0.00000e+00
9.17000e+02 4.73268e-13 0.00000e+00
9.18000e+02 5.26008e-13 0.00000e+00
9.19000e+02 4.93754e-13 0.00000e+00
9.20000e+02 4.77476e-13 0.00000e+00
9.21000e+02 5.10759e-13 0.00000e+00
9.22000e+02 5.23195e-13 0.00000e+00
9.23000e+02 4.80423e-13 0.00000e+00
9.24000e+02 5.00796e-13 0.00000e+00
9.25000e+02 5.24323e-13 0.00000e+00
9.26000e+02 4.69911e-13 0.00000e+00
9.27000e+02 5.38208e-13 0.00000e+00
9.28000e+02 4.75464e-13 0.00000e+00
9.29000e+02 4.32268e-13 0.00000e+00
9.30000e+02 4.82759e-13 0.00000e+00
9.31000e+02 4.72493e-13 0.00000e+00
9.32000e+02 4.46809e-13 0.00000e+00
9.33000e+02 5.04537e-13 0.00000e+00
9.34000e+02 4.47775e-13 0.00000e+00
9.35000e+02 4.22815e-13 0.00000e+00
9.36000e+02 5.20275e-13 0.00000e+00
9.37000e+02 4.42869e-13 0.00000e+00
9.38000e+02 4.74689e-13 0.00000e+00
9.39000e+02 4.90298e-13 0.00000e+00
9.40000e+02 4.79426e-13 0.00000e+00
9.41000e+02 4.38489e-13 0.00000e+00
9.42000e+02 4.89805e-13 0.00000e+00
9.43000e+02 4.54374e-13 0.00000e+00
9.44000e+02 4.66630e-13 0.00000e+00
9.45000e+02 4.63218e-13 0.00000e+00
9.46000e+02 4.80958e-13 0.00000e+00
9.47000e+02 4.47417e-13 0.00000e+00
9.48000e+02 4.36882e-13 0.00000e+00
9.49000e+02 4.08214e-13 0.00000e+00
9.50000e+02 4.42162e-13 0.00000e+00
9.51000e+02 4.32120e-13 0.00000e+00
9.52000e+02 4.20810e-13 0.00000e+00
9.53000e+02 4.08332e-13 0.00000e+00
9.54000e+02 4.44950e-13 0.00000e+00
9.55000e+02 4.79203e-13 0.00000e+00
9.56000e+02 4.56856e-13 0.00000e+00
9.57000e+02 3.86786e-13 0.00000e+00
9.58000e+02 4.16223e-13 0.00000e+00
9.59000e+02 4.16428e-13 0.00000e+00
9.60000e+02 4.62954e-13 0.00000e+00
9.61000e+02 4.46120e-13 0.00000e+00
9.62000e+02 3.78880e-13 0.00000e+00
9.63000e+02 4.13691e-13 0.00000e+00
9.64000e+02 4.43125e-13 0.00000e+00
9.65000e+02 4.52377e-13 0.00000e+00
9.66000e+02 4.14834e-13 0.00000e+00
9.67000e+02 4.13279e-13 0.00000e+00
9.68000e+02 3.67459e-13 0.00000e+00
9.69000e+02 3.98389e-13 0.00000e+00
9.70000e+02 4.10350e-13 0.00000e+00
9.71000e+02 4.63850e-13 0.00000e+00
9.72000e+02 4.16490e-13 0.00000e+00
9.73000e+02 3.61424e-13 0.00000e+00
9.74000e+02 4.37037e-13 0.00000e+00
9.75000e+02 4.21542e-13 0.00000e+00
9.76000e+02 3.63459e-13 0.00000e+00
9.77000e+02 4.60590e-13 0.00000e+00
9.78000e+02 3.89726e-13 0.00000e+00
9.79000e+02 3.78975e-13 0.00000e+00
9.80000e+02 3.95759e-13 0.00000e+00
9.81000e+02 3.85888e-13 0.00000e+00
9.82000e+02 3.90522e-13 0.00000e+00
9.83000e+02 4.32539e-13 0.00000e+00
9.84000e+02 4.11849e-13 0.00000e+00
9.85000e+02 4.44443e-13 0.00000e+00
9.86000e+02 3.93692e-13 0.00000e+00
9.87000e+02 4.17538e-13 0.00000e+00
9.88000e+02 4.01748e-13 0.00000e+00
9.89000e+02 3.71904e-13 0.00000e+00
9.90000e+02 3.55605e-13 0.00000e+00
9.91000e+02 3.78510e-13 0.00000e+00
9.92000e+02 3.71428e-13 0.00000e+00
9.93000e+02 3.74960e-13 0.00000e+00
9.94000e+02 3.78891e-13 0.00000e+00
9.95000e+02 3.77642e-13 0.00000e+00
9.96000e+02 3.81288e-13 0.00000e+00
9.97000e+02 3.46253e-13 0.00000e+00
9.98000e+02 3.53540e-13 0.00000e+00
9.99000e+02 3.72776e-13 0.00000e+00
1.00000e+03 3.84255e-13 0.00000e+00
1.00100e+03 3.50062e-13 0.00000e+00
1.00200e+03 3.75489e-13 0.00000e+00
1.00300e+03 3.63060e-13 0.00000e+00
1.00400e+03 3.77493e-13 0.00000e+00
1.00500e+03 3.64585e-13 0.00000e+00
1.00600e+03 3.45731e-13 0.00000e+00
1.00700e+03 3.45041e-13 0.00000e+00
1.00800e+03 3.93081e-13 0.00000e+00
1.00900e+03 3.68401e-13 0.00000e+00
1.01000e+03 3.73593e-13 0.00000e+00
1.01100e+03 3.69564e-13 0.00000e+00
1.01200e+03 3.27018e-13 0.00000e+00
1.01300e+03 3.46655e-13 0.00000e+00
1.01400e+03 3.76790e-13 0.00000e+00
1.01500e+03 3.44067e-13 0.00000e+00
1.01600e+03 3.41153e-13 0.00000e+00
1.01700e+03 3.42650e-13 0.00000e+00
1.01800e+03 3.42348e-13 0.00000e+00
1.01900e+03 3.52373e-13 0.00000e+00
1.02000e+03 3.52030e-13 0.00000e+00
1.02100e+03 3.39596e-13 0.00000e+00
1.02200e+03 3.27475e-13 0.00000e+00
1.02300e+03 3.41666e-13 0.00000e+00
1.02400e+03 3.45738e-13 0.00000e+00
1.02500e+03 3.27619e-13 0.00000e+00
1.02600e+03 3.03371e-13 0.00000e+00
1.02700e+03 2.94546e-13 0.00000e+00
1.02800e+03 3.13932e-13 0.00000e+00
1.02900e+03 3.34302e-13 0.00000e+00
1.03000e+03 2.91885e-13 0.00000e+00
1.03100e+03 3.46400e-13 0.00000e+00
1.03200e+03 3.08384e-13 0.00000e+00
1.03300e+03 3.32894e-13 0.00000e+00
1.03400e+03 2.86792e-13 0.00000e+00
1.03500e+03 3.00709e-13 0.00000e+00
1.03600e+03 3.28358e-13 0.00000e+00
1.03700e+03 3.14159e-13 0.00000e+00
1.03800e+03 2.92438e-13 0.00000e+00
1.03900e+03 3.28375e-13 0.00000e+00
1.04000e+03 3.19448e-13 0.00000e+00
1.04100e+03 3.29081e-13 0.00000e+00
1.04200e+03 3.29981e-13 0.00000e+00
1.04300e+03 3.23955e-13 0.00000e+00
1.04400e+03 3.29269e-13 0.00000e+00
1.04500e+03 2.97809e-13 0.00000e+00
1.04600e+03 3.33317e-13 0.00000e+00
1.04700e+03 2.91441e-13 0.00000e+00
1.04800e+03 2.97627e-13 0.00000e+00
1.04900e+03 2.93160e-13 0.00000e+00
1.05000e+03 3.29736e-13 0.00000e+00
1.05100e+03 2.90835e-13 0.00000e+00
1.05200e+03 3.18002e-13 0.00000e+00
1.05300e+03 3.39882e-13 0.00000e+00
1.05400e+03 3.06972e-13 0.00000e+00
1.05500e+03 3.13947e-13 0.00000e+00
1.05600e+03 2.99996e-13 0.00000e+00
1.05700e+03 2.98555e-13 0.00000e+00
1.05800e+03 2.62003e-13 0.00000e+00
1.05900e+03 2.92293e-13 0.00000e+00
1.06000e+03 2.74240e-13 0.00000e+00
1.06100e+03 2.94669e-13 0.00000e+00
1.06200e+03 3.46272e-13 0.00000e+00
1.06300e+03 3.25353e-13 0.00000e+00
1.06400e+03 3.11274e-13 0.00000e+00
1.06500e+03 2.63555e-13 0.00000e+00
1.06600e+03 2.94725e-13 0.00000e+00
1.06700e+03 2.62716e-13 0.00000e+00
1.06800e+03 2.54711e-13 0.00000e+00
1.06900e+03 2.75134e-13 0.00000e+00
1.07000e+03 2.55274e-13 0.00000e+00
1.07100e+03 2.83308e-13 0.00000e+00
1.07200e+03 2.72845e-13 0.00000e+00
1.07300e+03 2.58137e-13 0.00000e+00
1.07400e+03 2.74924e-13 0.00000e+00
1.07500e+03 2.61360e-13 0.00000e+00
1.07600e+03 2.54844e-13 0.00000e+00
1.07700e+03 2.76145e-13 0.00000e+00
1.07800e+03 2.85511e-13 0.00000e+00
1.07900e+03 3.07894e-13 0.00000e+00
1.08000e+03 2.79849e-13 0.00000e+00
1.08100e+03 2.53853e-13 0.00000e+00
1.08200e+03 2.67967e-13 0.00000e+00
1.08300e+03 2.54910e-13 0.00000e+00
1.08400e+03 2.49156e-13 0.00000e+00
1.08500e+03 2.91001e-13 0.00000e+00
1.08600e+03 2.59857e-13 0.00000e+00
1.08700e+03 2.81044e-13 0.00000e+00
1.08800e+03 2.70379e-13 0.00000e+00
1.08900e+03 2.46553e-13 0.00000e+00
1.09000e+03 2.59127e-13 0.00000e+00
1.09100e+03 2.31664e-13 0.00000e+00
1.09200e+03 2.58347e-13 0.00000e+00
1.09300e+03 2.79175e-13 0.00000e+00
1.09400e+03 2.63328e-13 0.00000e+00
1.09500e+03 2.64840e-13 0.00000e+00
1.09600e+03 2.64629e-13 0.00000e+00
1.09700e+03 2.34988e-13 0.00000e+00
1.09800e+03 2.40060e-13 0.00000e+00
1.09900e+03 2.53981e-13 0.00000e+00
1.10000e+03 2.30732e-13 0.00000e+00
1.10100e+03 2.41925e-13 0.00000e+00
1.10200e+03 2.34859e-13 0.00000e+00
1.10300e+03 2.55454e-13 0.00000e+00
1.10400e+03 2.52084e-13 0.00000e+00
1.10500e+03 2.28939e-13 0.00000e+00
1.10600e+03 2.67849e-13 0.00000e+00
1.10700e+03 2.44287e-13 0.00000e+00
1.10800e+03 2.44580e-13 0.00000e+00
1.10900e+03 2.39431e-13 0.00000e+00
1.11000e+03 2.34350e-13 0.00000e+00
1.11100e+03 2.34216e-13 0.00000e+00
1.11200e+03 2.47005e-13 0.00000e+00
1.11300e+03 2.22332e-13 0.00000e+00
1.11400e+03 2.11917e-13 0.00000e+00
1.11500e+03 2.33357e-13 0.00000e+00
1.11600e+03 2.41988e-13 0.00000e+00
1.11700e+03 2.39026e-13 0.00000e+00
1.11800e+03 2.28950e-13 0.00000e+00
1.11900e+03 2.39912e-13 0.00000e+00
1.12000e+03 2.13414e-13 0.00000e+00
1.12100e+03 2.55924e-13 0.00000e+00
1.12200e+03 2.23089e-13 0.00000e+00
1.12300e+03 2.30729e-13 0.00000e+00
1.12400e+03 2.26873e-13 0.00000e+00
1.12500e+03 2.09025e-13 0.00000e+00
1.12600e+03 2.12725e-13 0.00000e+00
1.12700e+03 2.17214e-13 0.00000e+00
1.12800e+03 2.30398e-13 0.00000e+00
1.12900e+03 2.42284e-13 0.00000e+00
1.13000e+03 2.31099e-13 0.00000e+00
1.13100e+03 2.18753e-13 0.00000e+00
1.13200e+03 2.15810e-13 0.00000e+00
1.13300e+03 2.42063e-13 0.00000e+00
1.13400e+03 2.17799e-13 0.00000e+00
1.13500e+03 2.10745e-13 0.00000e+00
1.13600e+03 1.92780e-13 0.00000e+00
1.13700e+03 2.11251e-13 0.00000e+00
1.13800e+03 2.29762e-13 0.00000e+00
1.13900e+03 2.32082e-13 0.00000e+00
1.14000e+03 2.30121e-13 0.00000e+00
1.14100e+03 2.05324e-13 0.00000e+00
1.14200e+03 2.16725e-13 0.00000e+00
1.14300e+03 2.13414e-13 0.00000e+00
1.14400e+03 2.06930e-13 0.00000e+00
1.14500e+03 2.12146e-13 0.00000e+00
1.14600e+03 1.99715e-13 0.00000e+00
1.14700e+03 2.04543e-13 0.00000e+00
1.14800e+03 1.97759e-13 0.00000e+00
1.14900e+03 1.96414e-13 0.00000e+00
1.15000e+03 2.21884e-13 0.00000e+00
1.15100e+03 1.95050e-13 0.00000e+00
1.15200e+03 2.03730e-13 0.00000e+00
1.15300e+03 2.12582e-13 0.00000e+00
1.15400e+03 2.07238e-13 0.00000e+00
1.15500e+03 1.98886e-13 0.00000e+00
1.15600e+03 2.07202e-13 0.00000e+00
1.15700e+03 2.20693e-13 0.00000e+00
1.15800e+03 1.93599e-13 0.00000e+00
1.15900e+03 2.10321e-13 0.00000e+00
1.16000e+03 1.87450e-13 0.00000e+00
1.16100e+03 1.86314e-13 0.00000e+00
1.16200e+03 1.98521e-13 0.00000e+00
1.16300e+03 1.99975e-13 0.00000e+00
1.16400e+03 1.89331e-13 0.00000e+00
1.16500e+03 1.90499e-13 0.00000e+00
1.16600e+03 2.06366e-13 0.00000e+00
1.16700e+03 1.88463e-13 0.00000e+00
1.16800e+03 1.91004e-13 0.00000e+00
1.16900e+03 1.89871e-13 0.00000e+00
1.17000e+03 1.85076e-13 0.00000e+00
1.17100e+03 1.89573e-13 0.00000e+00
1.17200e+03 2.03131e-13 0.00000e+00
1.17300e+03 1.78458e-13 0.00000e+00
1.17400e+03 2.15114e-13 0.00000e+00
1.17500e+03 1.83742e-13 0.00000e+00
1.17600e+03 1.87682e-13 0.00000e+00
1.17700e+03 1.99671e-13 0.00000e+00
1.17800e+03 1.81219e-13 0.00000e+00
1.17900e+03 1.74948e-13 0.00000e+00
1.18000e+03 1.90001e-13 0.00000e+00
1.18100e+03 1.75289e-13 0.00000e+00
1.18200e+03 1.86346e-13 0.00000e+00
1.18300e+03 1.71984e-13 0.00000e+00
1.18400e+03 1.69547e-13 0.00000e+00
1.18500e+03 1.87013e-13 0.00000e+00
1.18600e+03 1.84083e-13 0.00000e+00
1.18700e+03 1.91778e-13 0.00000e+00
1.18800e+03 1.64360e-13 0.00000e+00
1.18900e+03 1.76541e-13 0.00000e+00
1.19000e+03 1.68142e-13 0.00000e+00
1.19100e+03 1.93682e-13 0.00000e+00
1.19200e+03 1.78211e-13 0.00000e+00
1.19300e+03 1.65212e-13 0.00000e+00
1.19400e+03 1.66503e-13 0.00000e+00
1.19500e+03 1.77421e-13 0.00000e+00
1.19600e+03 1.82342e-13 0.00000e+00
1.19700e+03 1.74878e-13 0.00000e+00
1.19800e+03 1.65846e-13 0.00000e+00
1.19900e+03 1.65548e-13 0.00000e+00
1.20000e+03 1.68812e-13 0.00000e+00
1.20100e+03 1.62696e-13 0.00000e+00
1.20200e+03 1.52279e-13 0.00000e+00
1.20300e+03 1.65841e-13 0.00000e+00
1.20400e+03 1.62258e-13 0.00000e+00
1.20500e+03 1.74505e-13 0.00000e+00
1.20600e+03 1.72862e-13 0.00000e+00
1.20700e+03 1.69283e-13 0.00000e+00
1.20800e+03 1.65494e-13 0.00000e+00
1.20900e+03 1.48732e-13 0.00000e+00
1.21000e+03 1.72651e-13 0.00000e+00
1.21100e+03 1.59038e-13 0.00000e+00
1.21200e+03 1.68121e-13 0.00000e+00
1.21300e+03 1.58431e-13 0.00000e+00
1.21400e+03 1.55970e-13 0.00000e+00
1.21500e+03 1.69255e-13 0.00000e+00
1.21600e+03 1.55557e-13 0.00000e+00
1.21700e+03 1.63221e-13 0.00000e+00
1.21800e+03 1.48981e-13 0.00000e+00
1.21900e+03 1.57546e-13 0.00000e+00
1.22000e+03 1.64930e-13 0.00000e+00
1.22100e+03 1.55562e-13 0.00000e+00
1.22200e+03 1.50808e-13 0.00000e+00
1.22300e+03 1.56132e-13 0.00000e+00
1.22400e+03 1.55684e-13 0.00000e+00
1.22500e+03 1.48798e-13 0.00000e+00
1.22600e+03 1.47851e-13 0.00000e+00
1.22700e+03 1.48113e-13 0.00000e+00
1.22800e+03 1.55119e-13 0.00000e+00
1.22900e+03 1.51237e-13 0.00000e+00
1.23000e+03 1.53289e-13 0.00000e+00
1.23100e+03 1.50300e-13 0.00000e+00
1.23200e+03 1.61610e-13 0.00000e+00
1.23300e+03 1.35148e-13 0.00000e+00
1.23400e+03 1.44031e-13 0.00000e+00
1.23500e+03 1.30870e-13 0.00000e+00
1.23600e+03 1.54053e-13 0.00000e+00
1.23700e+03 1.51323e-13 0.00000e+00
1.23800e+03 1.22047e-13 0.00000e+00
1.23900e+03 1.43442e-13 0.00000e+00
1.24000e+03 1.45033e-13 0.00000e+00
1.24100e+03 1.30113e-13 0.00000e+00
1.24200e+03 1.40526e-13 0.00000e+00
1.24300e+03 1.26500e-13 0.00000e+00
1.24400e+03 1.29568e-13 0.00000e+00
1.24500e+03 1.31399e-13 0.00000e+00
1.24600e+03 1.20430e-13 0.00000e+00
1.24700e+03 1.37241e-13 0.00000e+00
1.24800e+03 1.28606e-13 0.00000e+00
1.24900e+03 1.36210e-13 0.00000e+00
1.25000e+03 1.35376e-13 0.00000e+00
1.25100e+03 1.25117e-13 0.00000e+00
1.25200e+03 1.26511e-13 0.00000e+00
1.25300e+03 1.46021e-13 0.00000e+00
1.25400e+03 1.32155e-13 0.00000e+00
1.25500e+03 1.25768e-13 0.00000e+00
1.25600e+03 1.28172e-13 0.00000e+00
1.25700e+03 1.23065e-13 0.00000e+00
1.25800e+03 1.33366e-13 0.00000e+00
1.25900e+03 1.28613e-13 0.00000e+00
1.26000e+03 1.19669e-13 0.00000e+00
1.26100e+03 1.38003e-13 0.00000e+00
1.26200e+03 1.24959e-13 0.00000e+00
1.26300e+03 1.27302e-13 0.00000e+00
1.26400e+03 1.24078e-13 0.00000e+00
1.26500e+03 1.29537e-13 0.00000e+00
1.26600e+03 1.33875e-13 0.00000e+00
1.26700e+03 1.29298e-13 0.00000e+00
1.26800e+03 1.19989e-13 0.00000e+00
1.26900e+03 1.23024e-13 0.00000e+00
1.27000e+03 1.21408e-13 0.00000e+00
1.27100e+03 1.24967e-13 0.00000e+00
1.27200e+03 1.40341e-13 0.00000e+00
1.27300e+03 1.28255e-13 0.00000e+00
1.27400e+03 1.19023e-13 0.00000e+00
1.27500e+03 1.18875e-13 0.00000e+00
1.27600e+03 1.34219e-13 0.00000e+00
1.27700e+03 1.15052e-13 0.00000e+00
1.27800e+03 1.06141e-13 0.00000e+00
1.27900e+03 1.12333e-13 0.00000e+00
1.28000e+03 1.17512e-13 0.00000e+00
1.28100e+03 1.23971e-13 0.00000e+00
1.28200e+03 1.26505e-13 0.00000e+00
1.28300e+03 1.18797e-13 0.00000e+00
1.28400e+03 1.19899e-13 0.00000e+00
1.28500e+03 1.18024e-13 0.00000e+00
1.28600e+03 1.11628e-13 0.00000e+00
1.28700e+03 1.08049e-13 0.00000e+00
1.28800e+03 1.22431e-13 0.00000e+00
1.28900e+03 1.15686e-13 0.00000e+00
1.29000e+03 1.15977e-13 0.00000e+00
1.29100e+03 1.13706e-13 0.00000e+00
1.29200e+03 1.13550e-13 0.00000e+00
1.29300e+03 1.20039e-13 0.00000e+00
1.29400e+03 1.21243e-13 0.00000e+00
1.29500e+03 1.19025e-13 0.00000e+00
1.29600e+03 1.07349e-13 0.00000e+00
1.29700e+03 1.04191e-13 0.00000e+00
1.29800e+03 1.05301e-13 0.00000e+00
1.29900e+03 1.07838e-13 0.00000e+00
1.30000e+03 1.06803e-13 0.00000e+00
1.30100e+03 1.01550e-13 0.00000e+00
1.30200e+03 1.15611e-13 0.00000e+00
1.30300e+03 9.59338e-14 0.00000e+00
1.30400e+03 1.09021e-13 0.00000e+00
1.30500e+03 1.07897e-13 0.00000e+00
1.30600e+03 1.14985e-13 0.00000e+00
1.30700e+03 1.01540e-13 0.00000e+00
1.30800e+03 1.01016e-13 0.00000e+00
1.30900e+03 1.00358e-13 0.00000e+00
1.31000e+03 9.96326e-14 0.00000e+00
1.31100e+03 1.04337e-13 0.00000e+00
1.31200e+03 1.02815e-13 0.00000e+00
1.31300e+03 1.00519e-13 0.00000e+00
1.31400e+03 1.02854e-13 0.00000e+00
1.31500e+03 9.76223e-14 0.00000e+00
1.31600e+03 1.06061e-13 0.00000e+00
1.31700e+03 9.91020e-14 0.00000e+00
1.31800e+03 1.03168e-13 0.00000e+00
1.31900e+03 9.94139e-14 0.00000e+00
1.32000e+03 9.97276e-14 0.00000e+00
1.32100e+03 1.04160e-13 0.00000e+00
1.32200e+03 9.44287e-14 0.00000e+00
1.32300e+03 1.00347e-13 0.00000e+00
1.32400e+03 1.00987e-13 0.00000e+00
1.32500e+03 9.97793e-14 0.00000e+00
1.32600e+03 9.26618e-14 0.00000e+00
1.32700e+03 1.01066e-13 0.00000e+00
1.32800e+03 9.71239e-14 0.00000e+00
1.32900e+03 9.60105e-14 0.00000e+00
1.33000e+03 9.34867e-14 0.00000e+00
1.33100e+03 8.71031e-14 0.00000e+00
1.33200e+03 1.04288e-13 0.00000e+00
1.33300e+03 1.02351e-13 0.00000e+00
1.33400e+03 9.67616e-14 0.00000e+00
1.33500e+03 9.05170e-14 0.00000e+00
1.33600e+03 9.63533e-14 0.00000e+00
1.33700e+03 8.97807e-14 0.00000e+00
1.33800e+03 9.16361e-14 0.00000e+00
1.33900e+03 8.34180e-14 0.00000e+00
1.34000e+03 9.07128e-14 0.00000e+00
1.34100e+03 9.17282e-14 0.00000e+00
1.34200e+03 8.88804e-14 0.00000e+00
1.34300e+03 8.99517e-14 0.00000e+00
1.34400e+03 9.55151e-14 0.00000e+00
1.34500e+03 9.12397e-14 0.00000e+00
1.34600e+03 8.93239e-14 0.00000e+00
1.34700e+03 8.55822e-14 0.00000e+00
1.34800e+03 8.86976e-14 0.00000e+00
1.34900e+03 8.62748e-14 0.00000e+00
1.35000e+03 8.17659e-14 0.00000e+00
1.35100e+03 8.27478e-14 0.00000e+00
1.35200e+03 8.42387e-14 0.00000e+00
1.35300e+03 8.06590e-14 0.00000e+00
1.35400e+03 8.07332e-14 0.00000e+00
1.35500e+03 8.49171e-14 0.00000e+00
1.35600e+03 8.88404e-14 0.00000e+00
1.35700e+03 8.29496e-14 0.00000e+00
1.35800e+03 8.34831e-14 0.00000e+00
1.35900e+03 8.59045e-14 0.00000e+00
1.36000e+03 8.16115e-14 0.00000e+00
1.36100e+03 9.30507e-14 0.00000e+00
1.36200e+03 8.07203e-14 0.00000e+00
1.36300e+03 8.06668e-14 0.00000e+00
1.36400e+03 7.99101e-14 0.00000e+00
1.36500e+03 7.45531e-14 0.00000e+00
1.36600e+03 7.33486e-14 0.00000e+00
1.36700e+03 8.13328e-14 0.00000e+00
1.36800e+03 8.92906e-14 0.00000e+00
1.36900e+03 7.78120e-14 0.00000e+00
1.37000e+03 7.68062e-14 0.00000e+00
1.37100e+03 7.84968e-14 0.00000e+00
1.37200e+03 7.94918e-14 0.00000e+00
1.37300e+03 7.95275e-14 0.00000e+00
1.37400e+03 7.60446e-14 0.00000e+00
1.37500e+03 7.80181e-14 0.00000e+00
1.37600e+03 7.30081e-14 0.00000e+00
1.37700e+03 6.88436e-14 0.00000e+00
1.37800e+03 7.53669e-14 0.00000e+00
1.37900e+03 7.49336e-14 0.00000e+00
1.38000e+03 7.38863e-14 0.00000e+00
1.38100e+03 7.46279e-14 0.00000e+00
1.38200e+03 8.12782e-14 0.00000e+00
1.38300e+03 7.37446e-14 0.00000e+00
1.38400e+03 7.11372e-14 0.00000e+00
1.38500e+03 7.28825e-14 0.00000e+00
1.38600e+03 8.62195e-14 0.00000e+00
1.38700e+03 6.72791e-14 0.00000e+00
1.38800e+03 7.38335e-14 0.00000e+00
1.38900e+03 7.52186e-14 0.00000e+00
1.39000e+03 6.61741e-14 0.00000e+00
1.39100e+03 7.30842e-14 0.00000e+00
1.39200e+03 7.29437e-14 0.00000e+00
1.39300e+03 7.10594e-14 0.00000e+00
1.39400e+03 7.52414e-14 0.00000e+00
1.39500e+03 7.10073e-14 0.00000e+00
1.39600e+03 7.04052e-14 0.00000e+00
1.39700e+03 6.88569e-14 0.00000e+00
1.39800e+03 7.12847e-14 0.00000e+00
1.39900e+03 6.81092e-14 0.00000e+00
1.40000e+03 7.37483e-14 0.00000e+00
1.40100e+03 7.09731e-14 0.00000e+00
1.40200e+03 6.67248e-14 0.00000e+00
1.40300e+03 6.95530e-14 0.00000e+00
1.40400e+03 6.43818e-14 0.00000e+00
1.40500e+03 6.17173e-14 0.00000e+00
1.40600e+03 7.00208e-14 0.00000e+00
1.40700e+03 7.17501e-14 0.00000e+00
1.40800e+03 6.68349e-14 0.00000e+00
1.40900e+03 6.49563e-14 0.00000e+00
1.41000e+03 7.09913e-14 0.00000e+00
1.41100e+03 6.32620e-14 0.00000e+00
1.41200e+03 6.78607e-14 0.00000e+00
1.41300e+03 6.75876e-14 0.00000e+00
1.41400e+03 6.35584e-14 0.00000e+00
1.41500e+03 6.46657e-14 0.00000e+00
1.41600e+03 6.08467e-14 0.00000e+00
1.41700e+03 6.26563e-14 0.00000e+00
1.41800e+03 5.99306e-14 0.00000e+00
1.41900e+03 6.78502e-14 0.00000e+00
1.42000e+03 6.39171e-14 0.00000e+00
1.42100e+03 6.22560e-14 0.00000e+00
1.42200e+03 6.07351e-14 0.00000e+00
1.42300e+03 6.30752e-14 0.00000e+00
1.42400e+03 5.85791e-14 0.00000e+00
1.42500e+03 5.67849e-14 0.00000e+00
1.42600e+03 6.11403e-14 0.00000e+00
1.42700e+03 6.09971e-14 0.00000e+00
1.42800e+03 5.79827e-14 0.00000e+00
1.42900e+03 6.17334e-14 0.00000e+00
1.43000e+03 6.07471e-14 0.00000e+00
1.43100e+03 5.78085e-14 0.00000e+00
1.43200e+03 5.60180e-14 0.00000e+00
1.43300e+03 6.37913e-14 0.00000e+00
1.43400e+03 5.90290e-14 0.00000e+00
1.43500e+03 5.88747e-14 0.00000e+00
1.43600e+03 6.37204e-14 0.00000e+00
1.43700e+03 5.53770e-14 0.00000e+00
1.43800e+03 5.85917e-14 0.00000e+00
1.43900e+03 5.64418e-14 0.00000e+00
1.44000e+03 5.58050e-14 0.00000e+00
1.44100e+03 6.34690e-14 0.00000e+00
1.44200e+03 5.48924e-14 0.00000e+00
1.44300e+03 5.64699e-14 0.00000e+00
1.44400e+03 5.90830e-14 0.00000e+00
1.44500e+03 5.70831e-14 0.00000e+00
1.44600e+03 5.85811e-14 0.00000e+00
1.44700e+03 5.67348e-14 0.00000e+00
1.44800e+03 5.69635e-14 0.00000e+00
1.44900e+03 5.20719e-14 0.00000e+00
1.45000e+03 5.64867e-14 0.00000e+00
1.45100e+03 5.28167e-14 0.00000e+00
1.45200e+03 5.66891e-14 0.00000e+00
1.45300e+03 5.10936e-14 0.00000e+00
1.45400e+03 5.20460e-14 0.00000e+00
1.45500e+03 5.33086e-14 0.00000e+00
1.45600e+03 5.20194e-14 0.00000e+00
1.45700e+03 5.16586e-14 0.00000e+00
1.45800e+03 5.32163e-14 0.00000e+00
1.45900e+03 5.03900e-14 0.00000e+00
1.46000e+03 5.26569e-14 0.00000e+00
1.46100e+03 5.21211e-14 0.00000e+00
1.46200e+03 5.25129e-14 0.00000e+00
1.46300e+03 5.34589e-14 0.00000e+00
1.46400e+03 4.73278e-14 0.00000e+00
1.46500e+03 5.25161e-14 0.00000e+00
1.46600e+03 5.27502e-14 0.00000e+00
1.46700e+03 5.09812e-14 0.00000e+00
1.46800e+03 5.26962e-14 0.00000e+00
1.46900e+03 4.77473e-14 0.00000e+00
1.47000e+03 4.58563e-14 0.00000e+00
1.47100e+03 4.75889e-14 0.00000e+00
1.47200e+03 5.23447e-14 0.00000e+00
1.47300e+03 4.95086e-14 0.00000e+00
1.47400e+03 5.18479e-14 0.00000e+00
1.47500e+03 4.59708e-14 0.00000e+00
1.47600e+03 4.92122e-14 0.00000e+00
1.47700e+03 4.86883e-14 0.00000e+00
1.47800e+03 4.92044e-14 0.00000e+00
1.47900e+03 5.11330e-14 0.00000e+00
1.48000e+03 4.91640e-14 0.00000e+00
1.48100e+03 4.73039e-14 0.00000e+00
1.48200e+03 4.81029e-14 0.00000e+00
1.48300e+03 4.61359e-14 0.00000e+00
1.48400e+03 4.65167e-14 0.00000e+00
1.48500e+03 4.38355e-14 0.00000e+00
1.48600e+03 4.57892e-14 0.00000e+00
1.48700e+03 4.44542e-14 0.00000e+00
1.48800e+03 4.71102e-14 0.00000e+00
1.48900e+03 4.32635e-14 0.00000e+00
1.49000e+03 4.26252e-14 0.00000e+00
1.49100e+03 4.27427e-14 0.00000e+00
1.49200e+03 4.51202e-14 0.00000e+00
1.49300e+03 4.36893e-14 0.00000e+00
1.49400e+03 4.41395e-14 0.00000e+00
1.49500e+03 4.45724e-14 0.00000e+00
1.49600e+03 4.47377e-14 0.00000e+00
1.49700e+03 4.34535e-14 0.00000e+00
1.49800e+03 4.50657e-14 0.00000e+00
1.49900e+03 3.81215e-14 0.00000e+00
1.50000e+03 4.32336e-14 0.00000e+00
1.50100e+03 4.51679e-14 0.00000e+00
1.50200e+03 4.16717e-14 0.00000e+00
1.50300e+03 4.35984e-14 0.00000e+00
1.50400e+03 4.36785e-14 0.00000e+00
1.50500e+03 4.13648e-14 0.00000e+00
1.50600e+03 4.13920e-14 0.00000e+00
1.50700e+03 4.23212e-14 0.00000e+00
1.50800e+03 4.00747e-14 0.00000e+00
1.50900e+03 4.16063e-14 0.00000e+00
1.51000e+03 3.76326e-14 0.00000e+00
1.51100e+03 4.06722e-14 0.00000e+00
1.51200e+03 3.98849e-14 0.00000e+00
1.51300e+03 3.77605e-14 0.00000e+00
1.51400e+03 4.33489e-14 0.00000e+00
1.51500e+03 4.03404e-14 0.00000e+00
1.51600e+03 3.97171e-14 0.00000e+00
1.51700e+03 3.85672e-14 0.00000e+00
1.51800e+03 4.33596e-14 0.00000e+00
1.51900e+03 3.86418e-14 0.00000e+00
1.52000e+03 3.93110e-14 0.00000e+00
1.52100e+03 3.64863e-14 0.00000e+00
1.52200e+03 3.88986e-14 0.00000e+00
1.52300e+03 3.98929e-14 0.00000e+00
1.52400e+03 4.17838e-14 0.00000e+00
1.52500e+03 3.72104e-14 0.00000e+00
1.52600e+03 3.77350e-14 0.00000e+00
1.52700e+03 3.78695e-14 0.00000e+00
1.52800e+03 3.91941e-14 0.00000e+00
1.52900e+03 3.94810e-14 0.00000e+00
1.53000e+03 3.92768e-14 0.00000e+00
1.53100e+03 3.52273e-14 0.00000e+00
1.53200e+03 3.60710e-14 0.00000e+00
1.53300e+03 3.78965e-14 0.00000e+00
1.53400e+03 3.34776e-14 0.00000e+00
1.53500e+03 3.75626e-14 0.00000e+00
1.53600e+03 3.56990e-14 0.00000e+00
1.53700e+03 3.72613e-14 0.00000e+00
1.53800e+03 3.38932e-14 0.00000e+00
1.53900e+03 3.76037e-14 0.00000e+00
1.54000e+03 3.83257e-14 0.00000e+00
1.54100e+03 3.61448e-14 0.00000e+00
1.54200e+03 3.93154e-14 0.00000e+00
1.54300e+03 3.34436e-14 0.00000e+00
1.54400e+03 3.77010e-14 0.00000e+00
1.54500e+03 3.73696e-14 0.00000e+00
1.54600e+03 3.32438e-14 0.00000e+00
1.54700e+03 3.16702e-14 0.00000e+00
1.54800e+03 3.25539e-14 0.00000e+00
1.54900e+03 3.21145e-14 0.00000e+00
1.55000e+03 3.62640e-14 0.00000e+00
1.55100e+03 3.54439e-14 0.00000e+00
1.55200e+03 3.67314e-14 0.00000e+00
1.55300e+03 3.48019e-14 0.00000e+00
1.55400e+03 3.29022e-14 0.00000e+00
1.55500e+03 3.23756e-14 0.00000e+00
1.55600e+03 3.08372e-14 0.00000e+00
1.55700e+03 2.99788e-14 0.00000e+00
1.55800e+03 3.27031e-14 0.00000e+00
1.55900e+03 3.39187e-14 0.00000e+00
1.56000e+03 3.52490e-14 0.00000e+00
1.56100e+03 3.46824e-14 0.00000e+00
1.56200e+03 3.28684e-14 0.00000e+00
1.56300e+03 3.13719e-14 0.00000e+00
1.56400e+03 2.98465e-14 0.00000e+00
1.56500e+03 3.31904e-14 0.00000e+00
1.56600e+03 2.97112e-14 0.00000e+00
1.56700e+03 3.05841e-14 0.00000e+00
1.56800e+03 3.13933e-14 0.00000e+00
1.56900e+03 2.90002e-14 0.00000e+00
1.57000e+03 3.20061e-14 0.00000e+00
1.57100e+03 3.29562e-14 0.00000e+00
1.57200e+03 2.76261e-14 0.00000e+00
1.57300e+03 2.92549e-14 0.00000e+00
1.57400e+03 2.97571e-14 0.00000e+00
1.57500e+03 3.08440e-14 0.00000e+00
1.57600e+03 2.99044e-14 0.00000e+00
1.57700e+03 2.97447e-14 0.00000e+00
1.57800e+03 2.82362e-14 0.00000e+00
1.57900e+03 2.81228e-14 0.00000e+00
1.58000e+03 3.18767e-14 0.00000e+00
1.58100e+03 2.92341e-14 0.00000e+00
1.58200e+03 2.83089e-14 0.00000e+00
1.58300e+03 2.93269e-14 0.00000e+00
1.58400e+03 2.91129e-14 0.00000e+00
1.58500e+03 2.94476e-14 0.00000e+00
1.58600e+03 3.02082e-14 0.00000e+00
1.58700e+03 2.98620e-14 0.00000e+00
1.58800e+03 2.73993e-14 0.00000e+00
1.58900e+03 2.82008e-14 0.00000e+00
1.59000e+03 2.65715e-14 0.00000e+00
1.59100e+03 2.60536e-14 0.00000e+00
1.59200e+03 2.98059e-14 0.00000e+00
1.59300e+03 2.69620e-14 0.00000e+00
1.59400e+03 2.46669e-14 0.00000e+00
1.59500e+03 2.59750e-14 0.00000e+00
1.59600e+03 2.78126e-14 0.00000e+00
1.59700e+03 2.55118e-14 0.00000e+00
1.59800e+03 2.57035e-14 0.00000e+00
1.59900e+03 2.80184e-14 0.00000e+00
1.60000e+03 2.55075e-14 0.00000e+00
1.60100e+03 2.64457e-14 0.00000e+00
1.60200e+03 2.68892e-14 0.00000e+00
1.60300e+03 2.86821e-14 0.00000e+00
1.60400e+03 2.85933e-14 0.00000e+00
1.60500e+03 3.03652e-14 0.00000e+00
1.60600e+03 2.75861e-14 0.00000e+00
1.60700e+03 2.52526e-14 0.00000e+00
1.60800e+03 2.49403e-14 0.00000e+00
1.60900e+03 2.41502e-14 0.00000e+00
1.61000e+03 2.66622e-14 0.00000e+00
1.61100e+03 2.40877e-14 0.00000e+00
1.61200e+03 2.37158e-14 0.00000e+00
1.61300e+03 2.59201e-14 0.00000e+00
1.61400e+03 2.35387e-14 0.00000e+00
1.61500e+03 2.44074e-14 0.00000e+00
1.61600e+03 2.30023e-14 0.00000e+00
1.61700e+03 2.38985e-14 0.00000e+00
1.61800e+03 2.64296e-14 0.00000e+00
1.61900e+03 2.27026e-14 0.00000e+00
1.62000e+03 2.32011e-14 0.00000e+00
1.62100e+03 2.23880e-14 0.00000e+00
1.62200e+03 2.42004e-14 0.00000e+00
1.62300e+03 2.31118e-14 0.00000e+00
1.62400e+03 2.15647e-14 0.00000e+00
1.62500e+03 2.39319e-14 0.00000e+00
1.62600e+03 2.40247e-14 0.00000e+00
1.62700e+03 2.35707e-14 0.00000e+00
1.62800e+03 2.52282e-14 0.00000e+00
1.62900e+03 2.23679e-14 0.00000e+00
1.63000e+03 2.22900e-14 0.00000e+00
1.63100e+03 2.29785e-14 0.00000e+00
1.63200e+03 2.22573e-14 0.00000e+00
1.63300e+03 2.19194e-14 0.00000e+00
1.63400e+03 2.21749e-14 0.00000e+00
1.63500e+03 2.26807e-14 0.00000e+00
1.63600e+03 2.21832e-14 0.00000e+00
1.63700e+03 2.42763e-14 0.00000e+00
1.63800e+03 2.16651e-14 0.00000e+00
1.63900e+03 2.10906e-14 0.00000e+00
1.64000e+03 2.05546e-14 0.00000e+00
1.64100e+03 2.15309e-14 0.00000e+00
1.64200e+03 2.43263e-14 0.00000e+00
1.64300e+03 2.12585e-14 0.00000e+00
1.64400e+03 2.09259e-14 0.00000e+00
1.64500e+03 2.16078e-14 0.00000e+00
1.64600e+03 1.99073e-14 0.00000e+00
1.64700e+03 1.99229e-14 0.00000e+00
1.64800e+03 2.08157e-14 0.00000e+00
1.64900e+03 1.95859e-14 0.00000e+00
1.65000e+03 2.18964e-14 0.00000e+00
1.65100e+03 2.02433e-14 0.00000e+00
1.65200e+03 2.04437e-14 0.00000e+00
1.65300e+03 2.06620e-14 0.00000e+00
1.65400e+03 1.99000e-14 0.00000e+00
1.65500e+03 1.99906e-14 0.00000e+00
1.65600e+03 2.11174e-14 0.00000e+00
1.65700e+03 2.15157e-14 0.00000e+00
1.65800e+03 2.02890e-14 0.00000e+00
1.65900e+03 1.95816e-14 0.00000e+00
1.66000e+03 2.11904e-14 0.00000e+00
1.66100e+03 1.87892e-14 0.00000e+00
1.66200e+03 1.88367e-14 0.00000e+00
1.66300e+03 1.87475e-14 0.00000e+00
1.66400e+03 1.82090e-14 0.00000e+00
1.66500e+03 1.78786e-14 0.00000e+00
1.66600e+03 1.83722e-14 0.00000e+00
1.66700e+03 1.64554e-14 0.00000e+00
1.66800e+03 1.95867e-14 0.00000e+00
1.66900e+03 1.85628e-14 0.00000e+00
1.67000e+03 2.07802e-14 0.00000e+00
1.67100e+03 1.79697e-14 0.00000e+00
1.67200e+03 1.61964e-14 0.00000e+00
1.67300e+03 1.83072e-14 0.00000e+00
1.67400e+03 1.79245e-14 0.00000e+00
1.67500e+03 1.95916e-14 0.00000e+00
1.67600e+03 1.59136e-14 0.00000e+00
1.67700e+03 1.75319e-14 0.00000e+00
1.67800e+03 1.93507e-14 0.00000e+00
1.67900e+03 1.66781e-14 0.00000e+00
1.68000e+03 1.68161e-14 0.00000e+00
1.68100e+03 1.67054e-14 0.00000e+00
1.68200e+03 1.77439e-14 0.00000e+00
1.68300e+03 1.73476e-14 0.00000e+00
1.68400e+03 1.63760e-14 0.00000e+00
1.68500e+03 1.69903e-14 0.00000e+00
1.68600e+03 1.73876e-14 0.00000e+00
1.68700e+03 1.83428e-14 0.00000e+00
1.68800e+03 1.63763e-14 0.00000e+00
1.68900e+03 1.75674e-14 0.00000e+00
1.69000e+03 1.49986e-14 0.00000e+00
1.69100e+03 1.63273e-14 0.00000e+00
1.69200e+03 1.64295e-14 0.00000e+00
1.69300e+03 1.57551e-14 0.00000e+00
1.69400e+03 1.59329e-14 0.00000e+00
1.69500e+03 1.68257e-14 0.00000e+00
1.69600e+03 1.61045e-14 0.00000e+00
1.69700e+03 1.54992e-14 0.00000e+00
1.69800e+03 1.59824e-14 0.00000e+00
1.69900e+03 1.52278e-14 0.00000e+00
1.70000e+03 1.47763e-14 0.00000e+00
1.70100e+03 1.60256e-14 0.00000e+00
1.70200e+03 1.58461e-14 0.00000e+00
1.70300e+03 1.62000e-14 0.00000e+00
1.70400e+03 1.66054e-14 0.00000e+00
1.70500e+03 1.52689e-14 0.00000e+00
1.70600e+03 1.54443e-14 0.00000e+00
1.70700e+03 1.51577e-14 0.00000e+00
1.70800e+03 1.35120e-14 0.00000e+00
1.70900e+03 1.44891e-14 0.00000e+00
1.71000e+03 1.43734e-14 0.00000e+00
1.71100e+03 1.45193e-14 0.00000e+00
1.71200e+03 1.43280e-14 0.00000e+00
1.71300e+03 1.51282e-14 0.00000e+00
1.71400e+03 1.25699e-14 0.00000e+00
1.71500e+03 1.48811e-14 0.00000e+00
1.71600e+03 1.51473e-14 0.00000e+00
1.71700e+03 1.41219e-14 0.00000e+00
1.71800e+03 1.42294e-14 0.00000e+00
1.71900e+03 1.46482e-14 0.00000e+00
1.72000e+03 1.37404e-14 0.00000e+00
1.72100e+03 1.29066e-14 0.00000e+00
1.72200e+03 1.43017e-14 0.00000e+00
1.72300e+03 1.42308e-14 0.00000e+00
1.72400e+03 1.51199e-14 0.00000e+00
1.72500e+03 1.38946e-14 0.00000e+00
1.72600e+03 1.38866e-14 0.00000e+00
1.72700e+03 1.37851e-14 0.00000e+00
1.72800e+03 1.32292e-14 0.00000e+00
1.72900e+03 1.40688e-14 0.00000e+00
1.73000e+03 1.44270e-14 0.00000e+00
1.73100e+03 1.20037e-14 0.00000e+00
1.73200e+03 1.35285e-14 0.00000e+00
1.73300e+03 1.27929e-14 0.00000e+00
1.73400e+03 1.28407e-14 0.00000e+00
1.73500e+03 1.29923e-14 0.00000e+00
1.73600e+03 1.30882e-14 0.00000e+00
1.73700e+03 1.44854e-14 0.00000e+00
1.73800e+03 1.29313e-14 0.00000e+00
1.73900e+03 1.30514e-14 0.00000e+00
1.74000e+03 1.24956e-14 0.00000e+00
1.74100e+03 1.12869e-14 0.00000e+00
1.74200e+03 1.21243e-14 0.00000e+00
1.74300e+03 1.30393e-14 0.00000e+00
1.74400e+03 1.31705e-14 0.00000e+00
1.74500e+03 1.28535e-14 0.00000e+00
1.74600e+03 1.24364e-14 0.00000e+00
1.74700e+03 1.14843e-14 0.00000e+00
1.74800e+03 1.21800e-14 0.00000e+00
1.74900e+03 1.22203e-14 0.00000e+00
1.75000e+03 1.15351e-14 0.00000e+00
1.75100e+03 1.17544e-14 0.00000e+00
1.75200e+03 1.22641e-14 0.00000e+00
1.75300e+03 1.21070e-14 0.00000e+00
1.75400e+03 1.18661e-14 0.00000e+00
1.75500e+03 1.11523e-14 0.00000e+00
1.75600e+03 1.16070e-14 0.00000e+00
1.75700e+03 1.13977e-14 0.00000e+00
1.75800e+03 1.24823e-14 0.00000e+00
1.75900e+03 1.17199e-14 0.00000e+00
1.76000e+03 1.16800e-14 0.00000e+00
1.76100e+03 1.18801e-14 0.00000e+00
1.76200e+03 1.11881e-14 0.00000e+00
1.76300e+03 1.09367e-14 0.00000e+00
1.76400e+03 1.13639e-14 0.00000e+00
1.76500e+03 1.19517e-14 0.00000e+00
1.76600e+03 1.14759e-14 0.00000e+00
1.76700e+03 1.06162e-14 0.00000e+00
1.76800e+03 1.13802e-14 0.00000e+00
1.76900e+03 1.07909e-14 0.00000e+00
1.77000e+03 1.00936e-14 0.00000e+00
1.77100e+03 1.08217e-14 0.00000e+00
1.77200e+03 9.93219e-15 0.00000e+00
1.77300e+03 1.23889e-14 0.00000e+00
1.77400e+03 9.80440e-15 0.00000e+00
1.77500e+03 1.07261e-14 0.00000e+00
1.77600e+03 1.11070e-14 0.00000e+00
1.77700e+03 1.08520e-14 0.00000e+00
1.77800e+03 1.05221e-14 0.00000e+00
1.77900e+03 1.06107e-14 0.00000e+00
1.78000e+03 9.60279e-15 0.00000e+00
1.78100e+03 1.00828e-14 0.00000e+00
1.78200e+03 1.01728e-14 0.00000e+00
1.78300e+03 9.66872e-15 0.00000e+00
1.78400e+03 9.88506e-15 0.00000e+00
1.78500e+03 1.04171e-14 0.00000e+00
1.78600e+03 1.01910e-14 0.00000e+00
1.78700e+03 9.32323e-15 0.00000e+00
1.78800e+03 9.85887e-15 0.00000e+00
1.78900e+03 9.97939e-15 0.00000e+00
1.79000e+03 9.60443e-15 0.00000e+00
1.79100e+03 9.32318e-15 0.00000e+00
1.79200e+03 9.30837e-15 0.00000e+00
1.79300e+03 9.01699e-15 0.00000e+00
1.79400e+03 9.58273e-15 0.00000e+00
1.79500e+03 8.65214e-15 0.00000e+00
1.79600e+03 8.69717e-15 0.00000e+00
1.79700e+03 9.13255e-15 0.00000e+00
1.79800e+03 9.66312e-15 0.00000e+00
1.79900e+03 9.18502e-15 0.00000e+00
1.80000e+03 9.43503e-15 0.00000e+00
1.80100e+03 9.01053e-15 0.00000e+00
1.80200e+03 9.44771e-15 0.00000e+00
1.80300e+03 9.72906e-15 0.00000e+00
1.80400e+03 9.02898e-15 0.00000e+00
1.80500e+03 9.90882e-15 0.00000e+00
1.80600e+03 8.34287e-15 0.00000e+00
1.80700e+03 8.98785e-15 0.00000e+00
1.80800e+03 8.89564e-15 0.00000e+00
1.80900e+03 8.13803e-15 0.00000e+00
1.81000e+03 8.62130e-15 0.00000e+00
1.81100e+03 8.48162e-15 0.00000e+00
1.81200e+03 9.66579e-15 0.00000e+00
1.81300e+03 7.98867e-15 0.00000e+00
1.81400e+03 9.48935e-15 0.00000e+00
1.81500e+03 8.78767e-15 0.00000e+00
1.81600e+03 8.14216e-15 0.00000e+00
1.81700e+03 8.58451e-15 0.00000e+00
1.81800e+03 8.33250e-15 0.00000e+00
1.81900e+03 8.51757e-15 0.00000e+00
1.82000e+03 9.27202e-15 0.00000e+00
1.82100e+03 7.79103e-15 0.00000e+00
1.82200e+03 8.67705e-15 0.00000e+00
1.82300e+03 7.44687e-15 0.00000e+00
1.82400e+03 8.28718e-15 0.00000e+00
1.82500e+03 7.71205e-15 0.00000e+00
1.82600e+03 7.37588e-15 0.00000e+00
1.82700e+03 6.74195e-15 0.00000e+00
1.82800e+03 8.48408e-15 0.00000e+00
1.82900e+03 7.48197e-15 0.00000e+00
1.83000e+03 7.20341e-15 0.00000e+00
1.83100e+03 7.05372e-15 0.00000e+00
1.83200e+03 7.38105e-15 0.00000e+00
1.83300e+03 7.50183e-15 0.00000e+00
1.83400e+03 8.15375e-15 0.00000e+00
1.83500e+03 7.94125e-15 0.00000e+00
1.83600e+03 7.78415e-15 0.00000e+00
1.83700e+03 8.10614e-15 0.00000e+00
1.83800e+03 7.63113e-15 0.00000e+00
1.83900e+03 7.24172e-15 0.00000e+00
1.84000e+03 7.86827e-15 0.00000e+00
1.84100e+03 7.51226e-15 0.00000e+00
1.84200e+03 6.59479e-15 0.00000e+00
1.84300e+03 6.70623e-15 0.00000e+00
1.84400e+03 7.40889e-15 0.00000e+00
1.84500e+03 6.95164e-15 0.00000e+00
1.84600e+03 6.70495e-15 0.00000e+00
1.84700e+03 6.77722e-15 0.00000e+00
1.84800e+03 6.93919e-15 0.00000e+00
1.84900e+03 7.19408e-15 0.00000e+00
1.85000e+03 7.38933e-15 0.00000e+00
1.85100e+03 6.69985e-15 0.00000e+00
1.85200e+03 6.37747e-15 0.00000e+00
1.85300e+03 6.73812e-15 0.00000e+00
1.85400e+03 6.91695e-15 0.00000e+00
1.85500e+03 7.10766e-15 0.00000e+00
1.85600e+03 7.13775e-15 0.00000e+00
1.85700e+03 6.25591e-15 0.00000e+00
1.85800e+03 6.26137e-15 0.00000e+00
1.85900e+03 6.69138e-15 0.00000e+00
1.86000e+03 6.48215e-15 0.00000e+00
1.86100e+03 6.64626e-15 0.00000e+00
1.86200e+03 7.13426e-15 0.00000e+00
1.86300e+03 6.13640e-15 0.00000e+00
1.86400e+03 7.01135e-15 0.00000e+00
1.86500e+03 6.62481e-15 0.00000e+00
1.86600e+03 6.17190e-15 0.00000e+00
1.86700e+03 6.34865e-15 0.00000e+00
1.86800e+03 5.91256e-15 0.00000e+00
1.86900e+03 5.81676e-15 0.00000e+00
1.87000e+03 6.10215e-15 0.00000e+00
1.87100e+03 6.46493e-15 0.00000e+00
1.87200e+03 5.87142e-15 0.00000e+00
1.87300e+03 6.37201e-15 0.00000e+00
1.87400e+03 6.05694e-15 0.00000e+00
1.87500e+03 5.69089e-15 0.00000e+00
1.87600e+03 5.96309e-15 0.00000e+00
1.87700e+03 6.02104e-15 0.00000e+00
1.87800e+03 6.32456e-15 0.00000e+00
1.87900e+03 5.73700e-15 0.00000e+00
1.88000e+03 5.65997e-15 0.00000e+00
1.88100e+03 5.97664e-15 0.00000e+00
1.88200e+03 5.72009e-15 0.00000e+00
1.88300e+03 6.29281e-15 0.00000e+00
1.88400e+03 6.03936e-15 0.00000e+00
1.88500e+03 5.78133e-15 0.00000e+00
1.88600e+03 5.39238e-15 0.00000e+00
1.88700e+03 6.19985e-15 0.00000e+00
1.88800e+03 5.33909e-15 0.00000e+00
1.88900e+03 5.97779e-15 0.00000e+00
1.89000e+03 5.86209e-15 0.00000e+00
1.89100e+03 5.94417e-15 0.00000e+00
1.89200e+03 5.17713e-15 0.00000e+00
1.89300e+03 4.81975e-15 0.00000e+00
1.89400e+03 5.39694e-15 0.00000e+00
1.89500e+03 5.26221e-15 0.00000e+00
1.89600e+03 5.00128e-15 0.00000e+00
1.89700e+03 5.01519e-15 0.00000e+00
1.89800e+03 5.29353e-15 0.00000e+00
1.89900e+03 5.08266e-15 0.00000e+00
1.90000e+03 4.77842e-15 0.00000e+00
1.90100e+03 4.73167e-15 0.00000e+00
1.90200e+03 5.37829e-15 0.00000e+00
1.90300e+03 4.89065e-15 0.00000e+00
1.90400e+03 5.34271e-15 0.00000e+00
1.90500e+03 4.85746e-15 0.00000e+00
1.90600e+03 5.01261e-15 0.00000e+00
1.90700e+03 4.50045e-15 0.00000e+00
1.90800e+03 5.49460e-15 0.00000e+00
1.90900e+03 5.17890e-15 0.00000e+00
1.91000e+03 4.93988e-15 0.00000e+00
1.91100e+03 4.28875e-15 0.00000e+00
1.91200e+03 5.14406e-15 0.00000e+00
1.91300e+03 4.60875e-15 0.00000e+00
1.91400e+03 4.92567e-15 0.00000e+00
1.91500e+03 4.86379e-15 0.00000e+00
1.91600e+03 4.88931e-15 0.00000e+00
1.91700e+03 4.82068e-15 0.00000e+00
1.91800e+03 4.58648e-15 0.00000e+00
1.91900e+03 4.47843e-15 0.00000e+00
1.92000e+03 4.68892e-15 0.00000e+00
1.92100e+03 4.40821e-15 0.00000e+00
1.92200e+03 4.64768e-15 0.00000e+00
1.92300e+03 4.67539e-15 0.00000e+00
1.92400e+03 4.43622e-15 0.00000e+00
1.92500e+03 4.34669e-15 0.00000e+00
1.92600e+03 4.35825e-15 0.00000e+00
1.92700e+03 4.79217e-15 0.00000e+00
1.92800e+03 4.32609e-15 0.00000e+00
1.92900e+03 4.62022e-15 0.00000e+00
1.93000e+03 4.21078e-15 0.00000e+00
1.93100e+03 4.52757e-15 0.00000e+00
1.93200e+03 4.13135e-15 0.00000e+00
1.93300e+03 4.39264e-15 0.00000e+00
1.93400e+03 4.40438e-15 0.00000e+00
1.93500e+03 3.93702e-15 0.00000e+00
1.93600e+03 4.44008e-15 0.00000e+00
1.93700e+03 4.18864e-15 0.00000e+00
1.93800e+03 4.14656e-15 0.00000e+00
1.93900e+03 4.21275e-15 0.00000e+00
1.94000e+03 3.93202e-15 0.00000e+00
1.94100e+03 4.16219e-15 0.00000e+00
1.94200e+03 4.25171e-15 0.00000e+00
1.94300e+03 4.05489e-15 0.00000e+00
1.94400e+03 4.37592e-15 0.00000e+00
1.94500e+03 4.01230e-15 0.00000e+00
1.94600e+03 3.99642e-15 0.00000e+00
1.94700e+03 3.74811e-15 0.00000e+00
1.94800e+03 4.00277e-15 0.00000e+00
1.94900e+03 4.21464e-15 0.00000e+00
1.95000e+03 3.72840e-15 0.00000e+00
1.95100e+03 4.14618e-15 0.00000e+00
1.95200e+03 4.17112e-15 0.00000e+00
1.95300e+03 3.70002e-15 0.00000e+00
1.95400e+03 3.98604e-15 0.00000e+00
1.95500e+03 3.78040e-15 0.00000e+00
1.95600e+03 3.62150e-15 0.00000e+00
1.95700e+03 3.52423e-15 0.00000e+00
1.95800e+03 3.87421e-15 0.00000e+00
1.95900e+03 3.79779e-15 0.00000e+00
1.96000e+03 3.82494e-15 0.00000e+00
1.96100e+03 3.56757e-15 0.00000e+00
1.96200e+03 3.23888e-15 0.00000e+00
1.96300e+03 3.66449e-15 0.00000e+00
1.96400e+03 3.52106e-15 0.00000e+00
1.96500e+03 3.97403e-15 0.00000e+00
1.96600e+03 3.75288e-15 0.00000e+00
1.96700e+03 3.71060e-15 0.00000e+00
1.96800e+03 3.40692e-15 0.00000e+00
1.96900e+03 3.27315e-15 0.00000e+00
1.97000e+03 3.49423e-15 0.00000e+00
1.97100e+03 3.28337e-15 0.00000e+00
1.97200e+03 3.47634e-15 0.00000e+00
1.97300e+03 3.30799e-15 0.00000e+00
1.97400e+03 3.31722e-15 0.00000e+00
1.97500e+03 3.32469e-15 0.00000e+00
1.97600e+03 3.18576e-15 0.00000e+00
1.97700e+03 3.35331e-15 0.00000e+00
1.97800e+03 3.38820e-15 0.00000e+00
1.97900e+03 3.46301e-15 0.00000e+00
1.98000e+03 2.99047e-15 0.00000e+00
1.98100e+03 3.15196e-15 0.00000e+00
1.98200e+03 3.36770e-15 0.00000e+00
1.98300e+03 3.04983e-15 0.00000e+00
1.98400e+03 3.22809e-15 0.00000e+00
1.98500e+03 3.14236e-15 0.00000e+00
1.98600e+03 3.19265e-15 0.00000e+00
1.98700e+03 3.13539e-15 0.00000e+00
1.98800e+03 3.13124e-15 0.00000e+00
1.98900e+03 3.01919e-15 0.00000e+00
1.99000e+03 3.00329e-15 0.00000e+00
1.99100e+03 3.07692e-15 0.00000e+00
1.99200e+03 3.02439e-15 0.00000e+00
1.99300e+03 2.80157e-15 0.00000e+00
1.99400e+03 3.17053e-15 0.00000e+00
1.99500e+03 3.01354e-15 0.00000e+00
1.99600e+03 2.88479e-15 0.00000e+00
1.99700e+03 2.97215e-15 0.00000e+00
1.99800e+03 2.60630e-15 0.00000e+00
1.99900e+03 2.92615e-15 0.00000e+00
2.00000e+03 2.80929e-15 0.00000e+00
