0.00000e+00 0.00000e+00 0.00000e+00
1.00000e+00 0.00000e+00 0.00000e+00
2.00000e+00 0.00000e+00 0.00000e+00
3.00000e+00 0.00000e+00 0.00000e+00
4.00000e+00 0.00000e+00 0.00000e+00
5.00000e+00 0.00000e+00 0.00000e+00
6.00000e+00 0.00000e+00 0.00000e+00
7.00000e+00 0.00000e+00 0.00000e+00
8.00000e+00 0.00000e+00 0.00000e+00
9.00000e+00 0.00000e+00 0.00000e+00
1.00000e+01 0.00000e+00 0.00000e+00
1.10000e+01 0.00000e+00 0.00000e+00
1.20000e+01 0.00000e+00 0.00000e+00
1.30000e+01 0.00000e+00 0.00000e+00
1.40000e+01 0.00000e+00 0.00000e+00
1.50000e+01 0.00000e+00 0.00000e+00
1.60000e+01 0.00000e+00 0.00000e+00
1.70000e+01 0.00000e+00 0.00000e+00
1.80000e+01 0.00000e+00 0.00000e+00
1.90000e+01 0.00000e+00 0.00000e+00
2.00000e+01 0.00000e+00 0.00000e+00
2.10000e+01 0.00000e+00 0.00000e+00
2.20000e+01 0.00000e+00 0.00000e+00
2.30000e+01 0.00000e+00 0.00000e+00
2.40000e+01 0.00000e+00 0.00000e+00
2.50000e+01 0.00000e+00 0.00000e+00
2.60000e+01 0.00000e+00 0.00000e+00
2.70000e+01 0.00000e+00 0.00000e+00
2.80000e+01 0.00000e+00 0.00000e+00
2.90000e+01 0.00000e+00 0.00000e+00
3.00000e+01 0.00000e+00 0.00000e+00
3.10000e+01 0.00000e+00 0.00000e+00
3.20000e+01 0.00000e+00 0.00000e+00
3.30000e+01 0.00000e+00 0.00000e+00
3.40000e+01 0.00000e+00 0.00000e+00
3.50000e+01 0.00000e+00 0.00000e+00
3.60000e+01 0.00000e+00 0.00000e+00
3.70000e+01 0.00000e+00 0.00000e+00
3.80000e+01 0.00000e+00 0.00000e+00
3.90000e+01 0.00000e+00 0.00000e+00
4.00000e+01 0.00000e+00 0.00000e+00
4.10000e+01 0.00000e+00 0.00000e+00
4.20000e+01 0.00000e+00 0.00000e+00
4.30000e+01 0.00000e+00 0.00000e+00
4.40000e+01 0.00000e+00 0.00000e+00
4.50000e+01 0.00000e+00 0.00000e+00
4.60000e+01 0.00000e+00 0.00000e+00
4.70000e+01 0.00000e+00 0.00000e+00
4.80000e+01 0.00000e+00 0.00000e+00
4.90000e+01 0.00000e+00 0.00000e+00
5.00000e+01 0.00000e+00 0.00000e+00
5.10000e+01 0.00000e+00 0.00000e+00
5.20000e+01 0.00000e+00 0.00000e+00
5.30000e+01 0.00000e+00 0.00000e+00
5.40000e+01 0.00000e+00 0.00000e+00
5.50000e+01 0.00000e+00 0.00000e+00
5.60000e+01 0.00000e+00 0.00000e+00
5.70000e+01 0.00000e+00 0.00000e+00
5.80000e+01 0.00000e+00 0.00000e+00
5.90000e+01 0.00000e+00 0.00000e+00
6.00000e+01 0.00000e+00 0.00000e+00
6.10000e+01 0.00000e+00 0.00000e+00
6.20000e+01 0.00000e+00 0.00000e+00
6.30000e+01 0.00000e+00 0.00000e+00
6.40000e+01 0.00000e+00 0.00000e+00
6.50000e+01 0.00000e+00 0.00000e+00
6.60000e+01 0.00000e+00 0.00000e+00
6.70000e+01 0.00000e+00 0.00000e+00
6.80000e+01 0.00000e+00 0.00000e+00
6.90000e+01 0.00000e+00 0.00000e+00
7.00000e+01 0.00000e+00 0.00000e+00
7.10000e+01 0.00000e+00 0.00000e+00
7.20000e+01 0.00000e+00 0.00000e+00
7.30000e+01 0.00000e+00 0.00000e+00
7.40000e+01 0.00000e+00 0.00000e+00
7.50000e+01 0.00000e+00 0.00000e+00
7.60000e+01 0.00000e+00 0.00000e+00
7.70000e+01 0.00000e+00 0.00000e+00
7.80000e+01 0.00000e+00 0.00000e+00
7.90000e+01 0.00000e+00 0.00000e+00
8.00000e+01 0.00000e+00 0.00000e+00
8.10000e+01 0.00000e+00 0.00000e+00
8.20000e+01 0.00000e+00 0.00000e+00
8.30000e+01 0.00000e+00 0.00000e+00
8.40000e+01 0.00000e+00 0.00000e+00
8.50000e+01 0.00000e+00 0.00000e+00
8.60000e+01 0.00000e+00 0.00000e+00
8.70000e+01 0.00000e+00 0.00000e+00
8.80000e+01 0.00000e+00 0.00000e+00
8.90000e+01 0.00000e+00 0.00000e+00
9.00000e+01 0.00000e+00 0.00000e+00
9.10000e+01 0.00000e+00 0.00000e+00
9.20000e+01 0.00000e+00 0.00000e+00
9.30000e+01 0.00000e+00 0.00000e+00
9.40000e+01 0.00000e+00 0.00000e+00
9.50000e+01 0.00000e+00 0.00000e+00
9.60000e+01 0.00000e+00 0.00000e+00
9.70000e+01 0.00000e+00 0.00000e+00
9.80000e+01 0.00000e+00 0.00000e+00
9.90000e+01 0.00000e+00 0.00000e+00
1.00000e+02 1.14690e-10 0.00000e+00
1.01000e+02 1.32837e-10 0.00000e+00
1.02000e+02 1.21735e-10 0.00000e+00
1.03000e+02 1.23324e-10 0.00000e+00
1.04000e+02 1.02536e-10 0.00000e+00
1.05000e+02 1.02785e-10 0.00000e+00
1.06000e+02 1.12169e-10 0.00000e+00
1.07000e+02 1.25477e-10 0.00000e+00
1.08000e+02 1.18319e-10 0.00000e+00
1.09000e+02 1.24573e-10 0.00000e+00
1.10000e+02 1.24814e-10 0.00000e+00
1.11000e+02 1.16614e-10 0.00000e+00
1.12000e+02 1.02423e-10 0.00000e+00
1.13000e+02 1.52723e-10 0.00000e+00
1.14000e+02 1.30480e-10 0.00000e+00
1.15000e+02 1.39714e-10 0.00000e+00
1.16000e+02 1.06515e-10 0.00000e+00
1.17000e+02 1.20096e-10 0.00000e+00
1.18000e+02 1.05275e-10 0.00000e+00
1.19000e+02 1.05122e-10 0.00000e+00
1.20000e+02 1.31522e-10 0.00000e+00
1.21000e+02 1.15831e-10 0.00000e+00
1.22000e+02 1.09603e-10 0.00000e+00
1.23000e+02 1.01940e-10 0.00000e+00
1.24000e+02 1.12958e-10 0.00000e+00
1.25000e+02 7.60954e-11 0.00000e+00
1.26000e+02 9.87635e-11 0.00000e+00
1.27000e+02 1.11748e-10 0.00000e+00
1.28000e+02 9.65958e-11 0.00000e+00
1.29000e+02 8.34184e-11 0.00000e+00
1.30000e+02 7.70593e-11 0.00000e+00
1.31000e+02 1.08134e-10 0.00000e+00
1.32000e+02 8.08075e-11 0.00000e+00
1.33000e+02 1.00353e-10 0.00000e+00
1.34000e+02 1.08226e-10 0.00000e+00
1.35000e+02 8.79619e-11 0.00000e+00
1.36000e+02 9.86652e-11 0.00000e+00
1.37000e+02 8.57437e-11 0.00000e+00
1.38000e+02 1.09946e-10 0.00000e+00
1.39000e+02 9.00116e-11 0.00000e+00
1.40000e+02 9.52210e-11 0.00000e+00
1.41000e+02 1.13603e-10 0.00000e+00
1.42000e+02 8.20618e-11 0.00000e+00
1.43000e+02 9.79884e-11 0.00000e+00
1.44000e+02 1.02954e-10 0.00000e+00
1.45000e+02 9.29989e-11 0.00000e+00
1.46000e+02 8.54462e-11 0.00000e+00
1.47000e+02 7.49845e-11 0.00000e+00
1.48000e+02 7.87718e-11 0.00000e+00
1.49000e+02 8.68407e-11 0.00000e+00
1.50000e+02 9.93998e-11 0.00000e+00
1.51000e+02 7.83308e-11 0.00000e+00
1.52000e+02 6.60088e-11 0.00000e+00
1.53000e+02 5.89463e-11 0.00000e+00
1.54000e+02 9.65600e-11 0.00000e+00
1.55000e+02 7.92449e-11 0.00000e+00
1.56000e+02 6.59704e-11 0.00000e+00
1.57000e+02 8.77981e-11 0.00000e+00
1.58000e+02 7.90179e-11 0.00000e+00
1.59000e+02 7.08079e-11 0.00000e+00
1.60000e+02 8.16130e-11 0.00000e+00
1.61000e+02 6.89120e-11 0.00000e+00
1.62000e+02 8.74789e-11 0.00000e+00
1.63000e+02 7.19414e-11 0.00000e+00
1.64000e+02 8.68817e-11 0.00000e+00
1.65000e+02 6.94897e-11 0.00000e+00
1.66000e+02 7.86646e-11 0.00000e+00
1.67000e+02 8.82353e-11 0.00000e+00
1.68000e+02 6.31993e-11 0.00000e+00
1.69000e+02 7.65463e-11 0.00000e+00
1.70000e+02 9.02059e-11 0.00000e+00
1.71000e+02 6.94365e-11 0.00000e+00
1.72000e+02 7.17713e-11 0.00000e+00
1.73000e+02 7.73905e-11 0.00000e+00
1.74000e+02 6.02834e-11 0.00000e+00
1.75000e+02 6.13373e-11 0.00000e+00
1.76000e+02 7.65024e-11 0.00000e+00
1.77000e+02 6.27500e-11 0.00000e+00
1.78000e+02 5.83176e-11 0.00000e+00
1.79000e+02 6.37928e-11 0.00000e+00
1.80000e+02 8.06488e-11 0.00000e+00
1.81000e+02 7.31350e-11 0.00000e+00
1.82000e+02 8.73281e-11 0.00000e+00
1.83000e+02 6.83776e-11 0.00000e+00
1.84000e+02 8.39760e-11 0.00000e+00
1.85000e+02 6.74045e-11 0.00000e+00
1.86000e+02 6.95447e-11 0.00000e+00
1.87000e+02 6.39629e-11 0.00000e+00
1.88000e+02 7.01662e-11 0.00000e+00
1.89000e+02 7.11025e-11 0.00000e+00
1.90000e+02 5.11544e-11 0.00000e+00
1.91000e+02 5.80506e-11 0.00000e+00
1.92000e+02 6.41396e-11 0.00000e+00
1.93000e+02 6.47717e-11 0.00000e+00
1.94000e+02 5.59874e-11 0.00000e+00
1.95000e+02 4.98370e-11 0.00000e+00
1.96000e+02 5.94341e-11 0.00000e+00
1.97000e+02 5.02841e-11 0.00000e+00
1.98000e+02 6.69301e-11 0.00000e+00
1.99000e+02 6.04938e-11 0.00000e+00
2.00000e+02 5.92630e-11 0.00000e+00
2.01000e+02 5.77575e-11 0.00000e+00
2.02000e+02 5.12271e-11 0.00000e+00
2.03000e+02 5.63013e-11 0.00000e+00
2.04000e+02 5.65533e-11 0.00000e+00
2.05000e+02 5.49088e-11 0.00000e+00
2.06000e+02 6.65480e-11 0.00000e+00
2.07000e+02 4.89553e-11 0.00000e+00
2.08000e+02 6.04221e-11 0.00000e+00
2.09000e+02 5.12412e-11 0.00000e+00
2.10000e+02 7.24379e-11 0.00000e+00
2.11000e+02 4.67506e-11 0.00000e+00
2.12000e+02 5.64440e-11 0.00000e+00
2.13000e+02 4.52542e-11 0.00000e+00
2.14000e+02 5.38433e-11 0.00000e+00
2.15000e+02 6.00982e-11 0.00000e+00
2.16000e+02 7.12601e-11 0.00000e+00
2.17000e+02 6.36358e-11 0.00000e+00
2.18000e+02 6.29108e-11 0.00000e+00
2.19000e+02 5.72901e-11 0.00000e+00
2.20000e+02 4.58462e-11 0.00000e+00
2.21000e+02 5.65622e-11 0.00000e+00
2.22000e+02 5.50113e-11 0.00000e+00
2.23000e+02 4.97011e-11 0.00000e+00
2.24000e+02 5.37678e-11 0.00000e+00
2.25000e+02 5.54128e-11 0.00000e+00
2.26000e+02 5.76557e-11 0.00000e+00
2.27000e+02 5.53649e-11 0.00000e+00
2.28000e+02 5.00389e-11 0.00000e+00
2.29000e+02 5.34344e-11 0.00000e+00
2.30000e+02 5.39864e-11 0.00000e+00
2.31000e+02 5.31054e-11 0.00000e+00
2.32000e+02 5.13860e-11 0.00000e+00
2.33000e+02 5.29362e-11 0.00000e+00
2.34000e+02 5.03608e-11 0.00000e+00
2.35000e+02 5.08283e-11 0.00000e+00
2.36000e+02 4.66754e-11 0.00000e+00
2.37000e+02 4.96283e-11 0.00000e+00
2.38000e+02 4.96296e-11 0.00000e+00
2.39000e+02 5.71422e-11 0.00000e+00
2.40000e+02 4.69103e-11 0.00000e+00
2.41000e+02 6.08336e-11 0.00000e+00
2.42000e+02 6.75761e-11 0.00000e+00
2.43000e+02 4.42199e-11 0.00000e+00
2.44000e+02 4.73088e-11 0.00000e+00
2.45000e+02 5.90626e-11 0.00000e+00
2.46000e+02 5.22964e-11 0.00000e+00
2.47000e+02 4.65513e-11 0.00000e+00
2.48000e+02 5.17076e-11 0.00000e+00
2.49000e+02 5.51638e-11 0.00000e+00
2.50000e+02 5.41568e-11 0.00000e+00
2.51000e+02 6.05779e-11 0.00000e+00
2.52000e+02 4.55312e-11 0.00000e+00
2.53000e+02 4.11405e-11 0.00000e+00
2.54000e+02 4.08369e-11 0.00000e+00
2.55000e+02 4.73211e-11 0.00000e+00
2.56000e+02 5.45986e-11 0.00000e+00
2.57000e+02 5.42886e-11 0.00000e+00
2.58000e+02 4.96031e-11 0.00000e+00
2.59000e+02 5.23377e-11 0.00000e+00
2.60000e+02 5.29590e-11 0.00000e+00
2.61000e+02 4.47957e-11 0.00000e+00
2.62000e+02 4.11220e-11 0.00000e+00
2.63000e+02 5.16256e-11 0.00000e+00
2.64000e+02 4.62411e-11 0.00000e+00
2.65000e+02 4.86954e-11 0.00000e+00
2.66000e+02 4.28144e-11 0.00000e+00
2.67000e+02 5.08343e-11 0.00000e+00
2.68000e+02 4.32725e-11 0.00000e+00
2.69000e+02 4.56058e-11 0.00000e+00
2.70000e+02 5.21687e-11 0.00000e+00
2.71000e+02 4.33229e-11 0.00000e+00
2.72000e+02 3.88936e-11 0.00000e+00
2.73000e+02 4.60155e-11 0.00000e+00
2.74000e+02 4.84861e-11 0.00000e+00
2.75000e+02 4.94611e-11 0.00000e+00
2.76000e+02 3.58392e-11 0.00000e+00
2.77000e+02 4.12078e-11 0.00000e+00
2.78000e+02 4.02984e-11 0.00000e+00
2.79000e+02 4.22166e-11 0.00000e+00
2.80000e+02 4.01408e-11 0.00000e+00
2.81000e+02 4.56780e-11 0.00000e+00
2.82000e+02 4.33794e-11 0.00000e+00
2.83000e+02 4.06581e-11 0.00000e+00
2.84000e+02 4.30686e-11 0.00000e+00
2.85000e+02 4.93223e-11 0.00000e+00
2.86000e+02 5.25439e-11 0.00000e+00
2.87000e+02 5.01118e-11 0.00000e+00
2.88000e+02 4.36495e-11 0.00000e+00
2.89000e+02 4.05149e-11 0.00000e+00
2.90000e+02 5.00989e-11 0.00000e+00
2.91000e+02 4.54668e-11 0.00000e+00
2.92000e+02 4.14051e-11 0.00000e+00
2.93000e+02 3.54796e-11 0.00000e+00
2.94000e+02 4.31537e-11 0.00000e+00
2.95000e+02 4.55203e-11 0.00000e+00
2.96000e+02 4.29770e-11 0.00000e+00
2.97000e+02 3.80414e-11 0.00000e+00
2.98000e+02 4.56598e-11 0.00000e+00
2.99000e+02 4.28582e-11 0.00000e+00
3.00000e+02 3.91923e-11 0.00000e+00
3.01000e+02 4.35470e-11 0.00000e+00
3.02000e+02 4.58413e-11 0.00000e+00
3.03000e+02 3.79302e-11 0.00000e+00
3.04000e+02 4.80284e-11 0.00000e+00
3.05000e+02 4.03285e-11 0.00000e+00
3.06000e+02 4.96594e-11 0.00000e+00
3.07000e+02 4.17480e-11 0.00000e+00
3.08000e+02 4.41876e-11 0.00000e+00
3.09000e+02 4.87193e-11 0.00000e+00
3.10000e+02 4.63449e-11 0.00000e+00
3.11000e+02 3.30983e-11 0.00000e+00
3.12000e+02 4.19214e-11 0.00000e+00
3.13000e+02 3.87829e-11 0.00000e+00
3.14000e+02 3.51683e-11 0.00000e+00
3.15000e+02 3.89490e-11 0.00000e+00
3.16000e+02 4.25154e-11 0.00000e+00
3.17000e+02 3.75523e-11 0.00000e+00
3.18000e+02 3.86157e-11 0.00000e+00
3.19000e+02 3.49645e-11 0.00000e+00
3.20000e+02 3.37925e-11 0.00000e+00
3.21000e+02 3.97245e-11 0.00000e+00
3.22000e+02 4.45995e-11 0.00000e+00
3.23000e+02 4.35681e-11 0.00000e+00
3.24000e+02 3.67443e-11 0.00000e+00
3.25000e+02 3.60259e-11 0.00000e+00
3.26000e+02 4.09334e-11 0.00000e+00
3.27000e+02 4.08359e-11 0.00000e+00
3.28000e+02 3.36353e-11 0.00000e+00
3.29000e+02 3.60970e-11 0.00000e+00
3.30000e+02 3.81814e-11 0.00000e+00
3.31000e+02 4.39620e-11 0.00000e+00
3.32000e+02 3.44735e-11 0.00000e+00
3.33000e+02 4.03439e-11 0.00000e+00
3.34000e+02 4.06088e-11 0.00000e+00
3.35000e+02 3.73501e-11 0.00000e+00
3.36000e+02 4.48074e-11 0.00000e+00
3.37000e+02 4.02855e-11 0.00000e+00
3.38000e+02 3.22926e-11 0.00000e+00
3.39000e+02 3.65277e-11 0.00000e+00
3.40000e+02 3.88614e-11 0.00000e+00
3.41000e+02 3.81407e-11 0.00000e+00
3.42000e+02 3.15606e-11 0.00000e+00
3.43000e+02 3.66867e-11 0.00000e+00
3.44000e+02 3.85858e-11 0.00000e+00
3.45000e+02 3.55734e-11 0.00000e+00
3.46000e+02 4.11211e-11 0.00000e+00
3.47000e+02 2.48064e-11 0.00000e+00
3.48000e+02 3.35122e-11 0.00000e+00
3.49000e+02 3.36647e-11 0.00000e+00
3.50000e+02 3.57972e-11 0.00000e+00
3.51000e+02 3.49395e-11 0.00000e+00
3.52000e+02 4.24088e-11 0.00000e+00
3.53000e+02 3.41043e-11 0.00000e+00
3.54000e+02 3.62713e-11 0.00000e+00
3.55000e+02 3.49073e-11 0.00000e+00
3.56000e+02 3.41415e-11 0.00000e+00
3.57000e+02 3.13347e-11 0.00000e+00
3.58000e+02 3.97025e-11 0.00000e+00
3.59000e+02 3.34324e-11 0.00000e+00
3.60000e+02 3.00590e-11 0.00000e+00
3.61000e+02 3.55276e-11 0.00000e+00
3.62000e+02 3.90768e-11 0.00000e+00
3.63000e+02 3.56010e-11 0.00000e+00
3.64000e+02 3.18819e-11 0.00000e+00
3.65000e+02 3.31319e-11 0.00000e+00
3.66000e+02 3.32779e-11 0.00000e+00
3.67000e+02 3.63614e-11 0.00000e+00
3.68000e+02 4.26469e-11 0.00000e+00
3.69000e+02 3.51200e-11 0.00000e+00
3.70000e+02 3.42923e-11 0.00000e+00
3.71000e+02 2.97877e-11 0.00000e+00
3.72000e+02 3.81382e-11 0.00000e+00
3.73000e+02 3.57488e-11 0.00000e+00
3.74000e+02 3.54431e-11 0.00000e+00
3.75000e+02 3.72893e-11 0.00000e+00
3.76000e+02 3.47564e-11 0.00000e+00
3.77000e+02 3.30481e-11 0.00000e+00
3.78000e+02 3.75834e-11 0.00000e+00
3.79000e+02 2.89280e-11 0.00000e+00
3.80000e+02 3.70668e-11 0.00000e+00
3.81000e+02 3.14951e-11 0.00000e+00
3.82000e+02 3.54020e-11 0.00000e+00
3.83000e+02 4.42651e-11 0.00000e+00
3.84000e+02 3.32027e-11 0.00000e+00
3.85000e+02 3.27602e-11 0.00000e+00
3.86000e+02 3.27885e-11 0.00000e+00
3.87000e+02 3.59953e-11 0.00000e+00
3.88000e+02 3.28440e-11 0.00000e+00
3.89000e+02 3.20395e-11 0.00000e+00
3.90000e+02 3.41086e-11 0.00000e+00
3.91000e+02 3.19121e-11 0.00000e+00
3.92000e+02 3.77658e-11 0.00000e+00
3.93000e+02 3.38394e-11 0.00000e+00
3.94000e+02 3.01305e-11 0.00000e+00
3.95000e+02 3.00051e-11 0.00000e+00
3.96000e+02 3.47226e-11 0.00000e+00
3.97000e+02 3.64487e-11 0.00000e+00
3.98000e+02 3.84414e-11 0.00000e+00
3.99000e+02 3.08550e-11 0.00000e+00
4.00000e+02 3.10991e-11 0.00000e+00
4.01000e+02 3.05843e-11 0.00000e+00
4.02000e+02 3.33712e-11 0.00000e+00
4.03000e+02 3.46712e-11 0.00000e+00
4.04000e+02 3.37736e-11 0.00000e+00
4.05000e+02 3.44073e-11 0.00000e+00
4.06000e+02 3.11662e-11 0.00000e+00
4.07000e+02 3.85255e-11 0.00000e+00
4.08000e+02 3.25487e-11 0.00000e+00
4.09000e+02 3.12787e-11 0.00000e+00
4.10000e+02 3.05200e-11 0.00000e+00
4.11000e+02 3.36516e-11 0.00000e+00
4.12000e+02 2.65387e-11 0.00000e+00
4.13000e+02 3.30747e-11 0.00000e+00
4.14000e+02 3.25085e-11 0.00000e+00
4.15000e+02 2.90106e-11 0.00000e+00
4.16000e+02 2.72329e-11 0.00000e+00
4.17000e+02 2.71228e-11 0.00000e+00
4.18000e+02 2.57370e-11 0.00000e+00
4.19000e+02 3.35648e-11 0.00000e+00
4.20000e+02 2.93881e-11 0.00000e+00
4.21000e+02 2.73110e-11 0.00000e+00
4.22000e+02 2.73073e-11 0.00000e+00
4.23000e+02 2.66871e-11 0.00000e+00
4.24000e+02 3.19014e-11 0.00000e+00
4.25000e+02 2.90650e-11 0.00000e+00
4.26000e+02 3.02328e-11 0.00000e+00
4.27000e+02 3.17211e-11 0.00000e+00
4.28000e+02 2.65250e-11 0.00000e+00
4.29000e+02 2.62193e-11 0.00000e+00
4.30000e+02 3.00444e-11 0.00000e+00
4.31000e+02 2.76764e-11 0.00000e+00
4.32000e+02 3.18782e-11 0.00000e+00
4.33000e+02 2.57599e-11 0.00000e+00
4.34000e+02 3.47469e-11 0.00000e+00
4.35000e+02 2.84118e-11 0.00000e+00
4.36000e+02 2.73168e-11 0.00000e+00
4.37000e+02 3.12999e-11 0.00000e+00
4.38000e+02 2.83479e-11 0.00000e+00
4.39000e+02 3.09276e-11 0.00000e+00
4.40000e+02 2.87414e-11 0.00000e+00
4.41000e+02 2.43081e-11 0.00000e+00
4.42000e+02 3.03887e-11 0.00000e+00
4.43000e+02 3.00170e-11 0.00000e+00
4.44000e+02 3.11489e-11 0.00000e+00
4.45000e+02 3.04759e-11 0.00000e+00
4.46000e+02 2.82243e-11 0.00000e+00
4.47000e+02 2.71647e-11 0.00000e+00
4.48000e+02 3.00678e-11 0.00000e+00
4.49000e+02 2.99306e-11 0.00000e+00
4.50000e+02 2.99444e-11 0.00000e+00
4.51000e+02 2.90202e-11 0.00000e+00
4.52000e+02 3.27649e-11 0.00000e+00
4.53000e+02 3.30991e-11 0.00000e+00
4.54000e+02 2.78151e-11 0.00000e+00
4.55000e+02 2.85073e-11 0.00000e+00
4.56000e+02 2.76528e-11 0.00000e+00
4.57000e+02 3.01524e-11 0.00000e+00
4.58000e+02 2.82174e-11 0.00000e+00
4.59000e+02 3.09146e-11 0.00000e+00
4.60000e+02 2.79142e-11 0.00000e+00
4.61000e+02 2.97863e-11 0.00000e+00
4.62000e+02 3.12379e-11 0.00000e+00
4.63000e+02 2.80044e-11 0.00000e+00
4.64000e+02 2.71002e-11 0.00000e+00
4.65000e+02 2.56937e-11 0.00000e+00
4.66000e+02 2.54423e-11 0.00000e+00
4.67000e+02 2.54969e-11 0.00000e+00
4.68000e+02 2.86716e-11 0.00000e+00
4.69000e+02 2.56159e-11 0.00000e+00
4.70000e+02 2.59264e-11 0.00000e+00
4.71000e+02 2.31096e-11 0.00000e+00
4.72000e+02 3.03350e-11 0.00000e+00
4.73000e+02 2.88796e-11 0.00000e+00
4.74000e+02 2.83535e-11 0.00000e+00
4.75000e+02 2.94891e-11 0.00000e+00
4.76000e+02 2.72369e-11 0.00000e+00
4.77000e+02 2.40592e-11 0.00000e+00
4.78000e+02 2.76348e-11 0.00000e+00
4.79000e+02 2.88391e-11 0.00000e+00
4.80000e+02 2.74589e-11 0.00000e+00
4.81000e+02 2.72805e-11 0.00000e+00
4.82000e+02 2.71048e-11 0.00000e+00
4.83000e+02 2.71319e-11 0.00000e+00
4.84000e+02 2.96230e-11 0.00000e+00
4.85000e+02 2.76119e-11 0.00000e+00
4.86000e+02 2.60512e-11 0.00000e+00
4.87000e+02 2.78561e-11 0.00000e+00
4.88000e+02 2.41843e-11 0.00000e+00
4.89000e+02 2.63325e-11 0.00000e+00
4.90000e+02 2.86660e-11 0.00000e+00
4.91000e+02 2.77797e-11 0.00000e+00
4.92000e+02 2.73109e-11 0.00000e+00
4.93000e+02 3.06684e-11 0.00000e+00
4.94000e+02 3.08549e-11 0.00000e+00
4.95000e+02 2.66601e-11 0.00000e+00
4.96000e+02 2.85152e-11 0.00000e+00
4.97000e+02 2.64097e-11 0.00000e+00
4.98000e+02 2.76589e-11 0.00000e+00
4.99000e+02 2.65787e-11 0.00000e+00
5.00000e+02 2.72254e-11 0.00000e+00
5.01000e+02 2.80773e-11 0.00000e+00
5.02000e+02 2.75102e-11 0.00000e+00
5.03000e+02 2.62336e-11 0.00000e+00
5.04000e+02 2.62872e-11 0.00000e+00
5.05000e+02 2.67341e-11 0.00000e+00
5.06000e+02 2.44081e-11 0.00000e+00
5.07000e+02 2.67345e-11 0.00000e+00
5.08000e+02 3.06081e-11 0.00000e+00
5.09000e+02 2.67834e-11 0.00000e+00
5.10000e+02 2.54273e-11 0.00000e+00
5.11000e+02 2.62207e-11 0.00000e+00
5.12000e+02 2.81847e-11 0.00000e+00
5.13000e+02 2.41956e-11 0.00000e+00
5.14000e+02 2.51298e-11 0.00000e+00
5.15000e+02 2.63505e-11 0.00000e+00
5.16000e+02 2.25919e-11 0.00000e+00
5.17000e+02 2.60398e-11 0.00000e+00
5.18000e+02 2.27475e-11 0.00000e+00
5.19000e+02 2.69005e-11 0.00000e+00
5.20000e+02 2.45089e-11 0.00000e+00
5.21000e+02 2.63552e-11 0.00000e+00
5.22000e+02 2.57327e-11 0.00000e+00
5.23000e+02 2.46946e-11 0.00000e+00
5.24000e+02 2.22802e-11 0.00000e+00
5.25000e+02 2.48440e-11 0.00000e+00
5.26000e+02 2.20590e-11 0.00000e+00
5.27000e+02 2.41310e-11 0.00000e+00
5.28000e+02 2.78515e-11 0.00000e+00
5.29000e+02 2.70145e-11 0.00000e+00
5.30000e+02 2.32242e-11 0.00000e+00
5.31000e+02 2.23343e-11 0.00000e+00
5.32000e+02 2.08344e-11 0.00000e+00
5.33000e+02 2.54202e-11 0.00000e+00
5.34000e+02 2.59462e-11 0.00000e+00
5.35000e+02 2.21103e-11 0.00000e+00
5.36000e+02 2.51728e-11 0.00000e+00
5.37000e+02 2.26463e-11 0.00000e+00
5.38000e+02 2.22744e-11 0.00000e+00
5.39000e+02 2.66891e-11 0.00000e+00
5.40000e+02 2.60391e-11 0.00000e+00
5.41000e+02 2.57713e-11 0.00000e+00
5.42000e+02 2.45713e-11 0.00000e+00
5.43000e+02 2.13219e-11 0.00000e+00
5.44000e+02 2.25350e-11 0.00000e+00
5.45000e+02 2.97455e-11 0.00000e+00
5.46000e+02 2.42437e-11 0.00000e+00
5.47000e+02 2.34171e-11 0.00000e+00
5.48000e+02 2.44070e-11 0.00000e+00
5.49000e+02 2.47666e-11 0.00000e+00
5.50000e+02 2.41948e-11 0.00000e+00
5.51000e+02 2.33541e-11 0.00000e+00
5.52000e+02 2.58866e-11 0.00000e+00
5.53000e+02 2.30975e-11 0.00000e+00
5.54000e+02 2.27537e-11 0.00000e+00
5.55000e+02 1.98782e-11 0.00000e+00
5.56000e+02 2.88863e-11 0.00000e+00
5.57000e+02 2.42712e-11 0.00000e+00
5.58000e+02 2.27165e-11 0.00000e+00
5.59000e+02 2.54360e-11 0.00000e+00
5.60000e+02 2.48987e-11 0.00000e+00
5.61000e+02 2.59713e-11 0.00000e+00
5.62000e+02 2.30063e-11 0.00000e+00
5.63000e+02 2.46213e-11 0.00000e+00
5.64000e+02 2.35035e-11 0.00000e+00
5.65000e+02 2.31648e-11 0.00000e+00
5.66000e+02 1.96727e-11 0.00000e+00
5.67000e+02 2.30665e-11 0.00000e+00
5.68000e+02 2.14703e-11 0.00000e+00
5.69000e+02 1.99134e-11 0.00000e+00
5.70000e+02 2.29688e-11 0.00000e+00
5.71000e+02 2.51963e-11 0.00000e+00
5.72000e+02 2.47045e-11 0.00000e+00
5.73000e+02 2.41109e-11 0.00000e+00
5.74000e+02 2.24776e-11 0.00000e+00
5.75000e+02 2.10036e-11 0.00000e+00
5.76000e+02 2.26206e-11 0.00000e+00
5.77000e+02 2.07214e-11 0.00000e+00
5.78000e+02 2.20970e-11 0.00000e+00
5.79000e+02 2.53052e-11 0.00000e+00
5.80000e+02 2.06386e-11 0.00000e+00
5.81000e+02 2.28031e-11 0.00000e+00
5.82000e+02 1.95329e-11 0.00000e+00
5.83000e+02 2.17390e-11 0.00000e+00
5.84000e+02 2.30687e-11 0.00000e+00
5.85000e+02 2.42167e-11 0.00000e+00
5.86000e+02 2.08037e-11 0.00000e+00
5.87000e+02 2.25711e-11 0.00000e+00
5.88000e+02 2.04314e-11 0.00000e+00
5.89000e+02 2.19117e-11 0.00000e+00
5.90000e+02 2.23843e-11 0.00000e+00
5.91000e+02 2.42665e-11 0.00000e+00
5.92000e+02 2.47265e-11 0.00000e+00
5.93000e+02 2.64339e-11 0.00000e+00
5.94000e+02 2.36476e-11 0.00000e+00
5.95000e+02 2.28300e-11 0.00000e+00
5.96000e+02 2.35114e-11 0.00000e+00
5.97000e+02 2.15065e-11 0.00000e+00
5.98000e+02 1.98825e-11 0.00000e+00
5.99000e+02 2.18496e-11 0.00000e+00
6.00000e+02 2.19777e-11 0.00000e+00
6.01000e+02 2.16613e-11 0.00000e+00
6.02000e+02 2.24764e-11 0.00000e+00
6.03000e+02 2.07027e-11 0.00000e+00
6.04000e+02 2.10976e-11 0.00000e+00
6.05000e+02 2.12522e-11 0.00000e+00
6.06000e+02 1.95966e-11 0.00000e+00
6.07000e+02 2.25573e-11 0.00000e+00
6.08000e+02 2.24635e-11 0.00000e+00
6.09000e+02 1.95682e-11 0.00000e+00
6.10000e+02 2.29327e-11 0.00000e+00
6.11000e+02 1.96860e-11 0.00000e+00
6.12000e+02 2.31423e-11 0.00000e+00
6.13000e+02 2.25472e-11 0.00000e+00
6.14000e+02 2.31865e-11 0.00000e+00
6.15000e+02 2.06467e-11 0.00000e+00
6.16000e+02 2.02765e-11 0.00000e+00
6.17000e+02 2.25401e-11 0.00000e+00
6.18000e+02 2.24304e-11 0.00000e+00
6.19000e+02 2.15093e-11 0.00000e+00
6.20000e+02 2.36112e-11 0.00000e+00
6.21000e+02 2.16836e-11 0.00000e+00
6.22000e+02 1.99064e-11 0.00000e+00
6.23000e+02 2.18356e-11 0.00000e+00
6.24000e+02 2.35397e-11 0.00000e+00
6.25000e+02 2.01778e-11 0.00000e+00
6.26000e+02 1.92191e-11 0.00000e+00
6.27000e+02 2.18342e-11 0.00000e+00
6.28000e+02 2.35025e-11 0.00000e+00
6.29000e+02 2.04373e-11 0.00000e+00
6.30000e+02 1.97770e-11 0.00000e+00
6.31000e+02 2.05659e-11 0.00000e+00
6.32000e+02 2.02062e-11 0.00000e+00
6.33000e+02 1.91295e-11 0.00000e+00
6.34000e+02 1.97979e-11 0.00000e+00
6.35000e+02 2.08715e-11 0.00000e+00
6.36000e+02 2.16659e-11 0.00000e+00
6.37000e+02 2.31365e-11 0.00000e+00
6.38000e+02 2.09974e-11 0.00000e+00
6.39000e+02 1.78155e-11 0.00000e+00
6.40000e+02 2.13755e-11 0.00000e+00
6.41000e+02 2.08786e-11 0.00000e+00
6.42000e+02 1.85902e-11 0.00000e+00
6.43000e+02 2.05070e-11 0.00000e+00
6.44000e+02 2.38423e-11 0.00000e+00
6.45000e+02 1.89104e-11 0.00000e+00
6.46000e+02 2.22762e-11 0.00000e+00
6.47000e+02 1.98729e-11 0.00000e+00
6.48000e+02 2.00020e-11 0.00000e+00
6.49000e+02 2.18619e-11 0.00000e+00
6.50000e+02 2.13101e-11 0.00000e+00
6.51000e+02 2.12466e-11 0.00000e+00
6.52000e+02 2.18680e-11 0.00000e+00
6.53000e+02 2.08682e-11 0.00000e+00
6.54000e+02 2.05227e-11 0.00000e+00
6.55000e+02 2.05716e-11 0.00000e+00
6.56000e+02 2.31173e-11 0.00000e+00
6.57000e+02 2.26228e-11 0.00000e+00
6.58000e+02 2.01270e-11 0.00000e+00
6.59000e+02 2.24076e-11 0.00000e+00
6.60000e+02 1.86440e-11 0.00000e+00
6.61000e+02 1.90573e-11 0.00000e+00
6.62000e+02 2.03244e-11 0.00000e+00
6.63000e+02 2.00409e-11 0.00000e+00
6.64000e+02 1.83544e-11 0.00000e+00
6.65000e+02 2.09854e-11 0.00000e+00
6.66000e+02 2.15487e-11 0.00000e+00
6.67000e+02 2.11498e-11 0.00000e+00
6.68000e+02 1.81695e-11 0.00000e+00
6.69000e+02 1.99380e-11 0.00000e+00
6.70000e+02 1.85981e-11 0.00000e+00
6.71000e+02 2.12734e-11 0.00000e+00
6.72000e+02 1.86799e-11 0.00000e+00
6.73000e+02 1.90454e-11 0.00000e+00
6.74000e+02 1.97879e-11 0.00000e+00
6.75000e+02 1.86642e-11 0.00000e+00
6.76000e+02 2.15731e-11 0.00000e+00
6.77000e+02 1.83494e-11 0.00000e+00
6.78000e+02 2.21741e-11 0.00000e+00
6.79000e+02 1.79769e-11 0.00000e+00
6.80000e+02 2.00632e-11 0.00000e+00
6.81000e+02 2.07603e-11 0.00000e+00
6.82000e+02 2.05997e-11 0.00000e+00
6.83000e+02 2.14930e-11 0.00000e+00
6.84000e+02 1.86069e-11 0.00000e+00
6.85000e+02 2.18539e-11 0.00000e+00
6.86000e+02 1.71699e-11 0.00000e+00
6.87000e+02 1.83869e-11 0.00000e+00
6.88000e+02 2.10961e-11 0.00000e+00
6.89000e+02 1.96148e-11 0.00000e+00
6.90000e+02 1.84208e-11 0.00000e+00
6.91000e+02 1.96638e-11 0.00000e+00
6.92000e+02 1.95052e-11 0.00000e+00
6.93000e+02 1.84940e-11 0.00000e+00
6.94000e+02 2.05425e-11 0.00000e+00
6.95000e+02 1.87081e-11 0.00000e+00
6.96000e+02 1.94495e-11 0.00000e+00
6.97000e+02 1.91291e-11 0.00000e+00
6.98000e+02 1.77277e-11 0.00000e+00
6.99000e+02 1.81129e-11 0.00000e+00
7.00000e+02 2.00372e-11 0.00000e+00
7.01000e+02 2.04352e-11 0.00000e+00
7.02000e+02 1.72058e-11 0.00000e+00
7.03000e+02 1.64771e-11 0.00000e+00
7.04000e+02 1.74161e-11 0.00000e+00
7.05000e+02 1.88476e-11 0.00000e+00
7.06000e+02 1.95125e-11 0.00000e+00
7.07000e+02 2.12864e-11 0.00000e+00
7.08000e+02 1.97467e-11 0.00000e+00
7.09000e+02 1.92064e-11 0.00000e+00
7.10000e+02 1.82081e-11 0.00000e+00
7.11000e+02 1.91024e-11 0.00000e+00
7.12000e+02 1.76225e-11 0.00000e+00
7.13000e+02 1.93637e-11 0.00000e+00
7.14000e+02 1.88229e-11 0.00000e+00
7.15000e+02 1.70214e-11 0.00000e+00
7.16000e+02 1.74478e-11 0.00000e+00
7.17000e+02 1.88008e-11 0.00000e+00
7.18000e+02 1.92701e-11 0.00000e+00
7.19000e+02 1.69965e-11 0.00000e+00
7.20000e+02 1.66385e-11 0.00000e+00
7.21000e+02 1.87038e-11 0.00000e+00
7.22000e+02 1.91518e-11 0.00000e+00
7.23000e+02 1.60312e-11 0.00000e+00
7.24000e+02 1.73788e-11 0.00000e+00
7.25000e+02 1.96747e-11 0.00000e+00
7.26000e+02 1.69806e-11 0.00000e+00
7.27000e+02 1.90879e-11 0.00000e+00
7.28000e+02 1.98307e-11 0.00000e+00
7.29000e+02 1.88544e-11 0.00000e+00
7.30000e+02 1.83796e-11 0.00000e+00
7.31000e+02 1.83863e-11 0.00000e+00
7.32000e+02 2.01945e-11 0.00000e+00
7.33000e+02 1.78074e-11 0.00000e+00
7.34000e+02 2.03568e-11 0.00000e+00
7.35000e+02 2.10910e-11 0.00000e+00
7.36000e+02 1.73703e-11 0.00000e+00
7.37000e+02 2.00215e-11 0.00000e+00
7.38000e+02 1.80800e-11 0.00000e+00
7.39000e+02 1.91853e-11 0.00000e+00
7.40000e+02 1.76841e-11 0.00000e+00
7.41000e+02 2.06387e-11 0.00000e+00
7.42000e+02 1.75257e-11 0.00000e+00
7.43000e+02 1.83067e-11 0.00000e+00
7.44000e+02 1.61270e-11 0.00000e+00
7.45000e+02 1.95012e-11 0.00000e+00
7.46000e+02 1.64805e-11 0.00000e+00
7.47000e+02 1.76912e-11 0.00000e+00
7.48000e+02 1.63135e-11 0.00000e+00
7.49000e+02 1.78544e-11 0.00000e+00
7.50000e+02 1.90345e-11 0.00000e+00
7.51000e+02 1.76356e-11 0.00000e+00
7.52000e+02 1.86930e-11 0.00000e+00
7.53000e+02 1.90012e-11 0.00000e+00
7.54000e+02 1.92284e-11 0.00000e+00
7.55000e+02 1.65501e-11 0.00000e+00
7.56000e+02 1.80335e-11 0.00000e+00
7.57000e+02 1.82314e-11 0.00000e+00
7.58000e+02 1.81863e-11 0.00000e+00
7.59000e+02 1.77181e-11 0.00000e+00
7.60000e+02 1.77414e-11 0.00000e+00
7.61000e+02 1.77179e-11 0.00000e+00
7.62000e+02 1.76411e-11 0.00000e+00
7.63000e+02 1.62060e-11 0.00000e+00
7.64000e+02 1.78694e-11 0.00000e+00
7.65000e+02 1.77273e-11 0.00000e+00
7.66000e+02 1.55858e-11 0.00000e+00
7.67000e+02 1.96274e-11 0.00000e+00
7.68000e+02 1.79778e-11 0.00000e+00
7.69000e+02 1.56860e-11 0.00000e+00
7.70000e+02 1.80144e-11 0.00000e+00
7.71000e+02 1.65349e-11 0.00000e+00
7.72000e+02 1.73908e-11 0.00000e+00
7.73000e+02 1.71483e-11 0.00000e+00
7.74000e+02 1.64080e-11 0.00000e+00
7.75000e+02 1.74105e-11 0.00000e+00
7.76000e+02 1.58552e-11 0.00000e+00
7.77000e+02 1.82776e-11 0.00000e+00
7.78000e+02 1.76434e-11 0.00000e+00
7.79000e+02 1.65513e-11 0.00000e+00
7.80000e+02 1.65173e-11 0.00000e+00
7.81000e+02 1.71165e-11 0.00000e+00
7.82000e+02 1.90793e-11 0.00000e+00
7.83000e+02 1.56186e-11 0.00000e+00
7.84000e+02 1.57934e-11 0.00000e+00
7.85000e+02 1.69416e-11 0.00000e+00
7.86000e+02 1.52240e-11 0.00000e+00
7.87000e+02 1.85689e-11 0.00000e+00
7.88000e+02 1.70378e-11 0.00000e+00
7.89000e+02 1.67412e-11 0.00000e+00
7.90000e+02 1.87824e-11 0.00000e+00
7.91000e+02 1.71777e-11 0.00000e+00
7.92000e+02 1.61945e-11 0.00000e+00
7.93000e+02 1.60122e-11 0.00000e+00
7.94000e+02 1.73724e-11 0.00000e+00
7.95000e+02 1.50251e-11 0.00000e+00
7.96000e+02 1.67971e-11 0.00000e+00
7.97000e+02 1.51983e-11 0.00000e+00
7.98000e+02 1.66546e-11 0.00000e+00
7.99000e+02 1.59241e-11 0.00000e+00
8.00000e+02 1.66232e-11 0.00000e+00
8.01000e+02 1.78336e-11 0.00000e+00
8.02000e+02 1.81017e-11 0.00000e+00
8.03000e+02 1.47452e-11 0.00000e+00
8.04000e+02 1.75633e-11 0.00000e+00
8.05000e+02 1.60479e-11 0.00000e+00
8.06000e+02 1.79182e-11 0.00000e+00
8.07000e+02 1.63776e-11 0.00000e+00
8.08000e+02 1.65577e-11 0.00000e+00
8.09000e+02 1.64420e-11 0.00000e+00
8.10000e+02 1.85708e-11 0.00000e+00
8.11000e+02 1.74578e-11 0.00000e+00
8.12000e+02 1.45731e-11 0.00000e+00
8.13000e+02 1.56423e-11 0.00000e+00
8.14000e+02 1.66669e-11 0.00000e+00
8.15000e+02 1.59111e-11 0.00000e+00
8.16000e+02 1.54361e-11 0.00000e+00
8.17000e+02 1.55936e-11 0.00000e+00
8.18000e+02 1.55966e-11 0.00000e+00
8.19000e+02 1.75592e-11 0.00000e+00
8.20000e+02 1.69394e-11 0.00000e+00
8.21000e+02 1.60030e-11 0.00000e+00
8.22000e+02 1.57741e-11 0.00000e+00
8.23000e+02 1.73235e-11 0.00000e+00
8.24000e+02 1.54914e-11 0.00000e+00
8.25000e+02 1.64506e-11 0.00000e+00
8.26000e+02 1.65071e-11 0.00000e+00
8.27000e+02 1.70218e-11 0.00000e+00
8.28000e+02 1.50218e-11 0.00000e+00
8.29000e+02 1.63743e-11 0.00000e+00
8.30000e+02 1.67337e-11 0.00000e+00
8.31000e+02 1.56521e-11 0.00000e+00
8.32000e+02 1.55005e-11 0.00000e+00
8.33000e+02 1.48187e-11 0.00000e+00
8.34000e+02 1.60458e-11 0.00000e+00
8.35000e+02 1.65973e-11 0.00000e+00
8.36000e+02 1.54798e-11 0.00000e+00
8.37000e+02 1.57426e-11 0.00000e+00
8.38000e+02 1.52817e-11 0.00000e+00
8.39000e+02 1.57242e-11 0.00000e+00
8.40000e+02 1.46706e-11 0.00000e+00
8.41000e+02 1.62010e-11 0.00000e+00
8.42000e+02 1.53733e-11 0.00000e+00
8.43000e+02 1.61417e-11 0.00000e+00
8.44000e+02 1.51864e-11 0.00000e+00
8.45000e+02 1.70442e-11 0.00000e+00
8.46000e+02 1.70869e-11 0.00000e+00
8.47000e+02 1.53620e-11 0.00000e+00
8.48000e+02 1.56085e-11 0.00000e+00
8.49000e+02 1.46776e-11 0.00000e+00
8.50000e+02 1.52806e-11 0.00000e+00
8.51000e+02 1.56150e-11 0.00000e+00
8.52000e+02 1.60475e-11 0.00000e+00
8.53000e+02 1.53815e-11 0.00000e+00
8.54000e+02 1.54560e-11 0.00000e+00
8.55000e+02 1.58361e-11 0.00000e+00
8.56000e+02 1.66170e-11 0.00000e+00
8.57000e+02 1.49543e-11 0.00000e+00
8.58000e+02 1.65111e-11 0.00000e+00
8.59000e+02 1.56987e-11 0.00000e+00
8.60000e+02 1.41800e-11 0.00000e+00
8.61000e+02 1.45492e-11 0.00000e+00
8.62000e+02 1.48557e-11 0.00000e+00
8.63000e+02 1.57738e-11 0.00000e+00
8.64000e+02 1.39862e-11 0.00000e+00
8.65000e+02 1.46003e-11 0.00000e+00
8.66000e+02 1.53548e-11 0.00000e+00
8.67000e+02 1.59414e-11 0.00000e+00
8.68000e+02 1.44128e-11 0.00000e+00
8.69000e+02 1.55740e-11 0.00000e+00
8.70000e+02 1.58137e-11 0.00000e+00
8.71000e+02 1.46103e-11 0.00000e+00
8.72000e+02 1.48338e-11 0.00000e+00
8.73000e+02 1.52943e-11 0.00000e+00
8.74000e+02 1.34078e-11 0.00000e+00
8.75000e+02 1.40922e-11 0.00000e+00
8.76000e+02 1.36929e-11 0.00000e+00
8.77000e+02 1.48294e-11 0.00000e+00
8.78000e+02 1.43621e-11 0.00000e+00
8.79000e+02 1.50099e-11 0.00000e+00
8.80000e+02 1.51101e-11 0.00000e+00
8.81000e+02 1.47583e-11 0.00000e+00
8.82000e+02 1.41760e-11 0.00000e+00
8.83000e+02 1.27626e-11 0.00000e+00
8.84000e+02 1.57920e-11 0.00000e+00
8.85000e+02 1.43173e-11 0.00000e+00
8.86000e+02 1.49743e-11 0.00000e+00
8.87000e+02 1.47513e-11 0.00000e+00
8.88000e+02 1.45893e-11 0.00000e+00
8.89000e+02 1.46887e-11 0.00000e+00
8.90000e+02 1.33549e-11 0.00000e+00
8.91000e+02 1.44807e-11 0.00000e+00
8.92000e+02 1.51264e-11 0.00000e+00
8.93000e+02 1.48606e-11 0.00000e+00
8.94000e+02 1.46489e-11 0.00000e+00
8.95000e+02 1.53261e-11 0.00000e+00
8.96000e+02 1.47785e-11 0.00000e+00
8.97000e+02 1.46740e-11 0.00000e+00
8.98000e+02 1.46416e-11 0.00000e+00
8.99000e+02 1.51541e-11 0.00000e+00
9.00000e+02 1.57270e-11 0.00000e+00
9.01000e+02 1.49905e-11 0.00000e+00
9.02000e+02 1.43065e-11 0.00000e+00
9.03000e+02 1.54514e-11 0.00000e+00
9.04000e+02 1.45528e-11 0.00000e+00
9.05000e+02 1.46588e-11 0.00000e+00
9.06000e+02 1.45256e-11 0.00000e+00
9.07000e+02 1.53142e-11 0.00000e+00
9.08000e+02 1.33499e-11 0.00000e+00
9.09000e+02 1.39489e-11 0.00000e+00
9.10000e+02 1.54345e-11 0.00000e+00
9.11000e+02 1.40678e-11 0.00000e+00
9.12000e+02 1.44830e-11 0.00000e+00
9.13000e+02 1.40473e-11 0.00000e+00
9.14000e+02 1.43634e-11 0.00000e+00
9.15000e+02 1.41342e-11 0.00000e+00
9.16000e+02 1.39806e-11 0.00000e+00
9.17000e+02 1.36613e-11 0.00000e+00
9.18000e+02 1.42788e-11 0.00000e+00
9.19000e+02 1.33044e-11 0.00000e+00
9.20000e+02 1.32778e-11 0.00000e+00
9.21000e+02 1.50804e-11 0.00000e+00
9.22000e+02 1.48936e-11 0.00000e+00
9.23000e+02 1.38842e-11 0.00000e+00
9.24000e+02 1.51453e-11 0.00000e+00
9.25000e+02 1.45012e-11 0.00000e+00
9.26000e+02 1.39341e-11 0.00000e+00
9.27000e+02 1.47171e-11 0.00000e+00
9.28000e+02 1.38078e-11 0.00000e+00
9.29000e+02 1.35943e-11 0.00000e+00
9.30000e+02 1.37521e-11 0.00000e+00
9.31000e+02 1.49978e-11 0.00000e+00
9.32000e+02 1.30703e-11 0.00000e+00
9.33000e+02 1.39500e-11 0.00000e+00
9.34000e+02 1.34782e-11 0.00000e+00
9.35000e+02 1.25370e-11 0.00000e+00
9.36000e+02 1.42860e-11 0.00000e+00
9.37000e+02 1.34952e-11 0.00000e+00
9.38000e+02 1.40714e-11 0.00000e+00
9.39000e+02 1.35651e-11 0.00000e+00
9.40000e+02 1.51157e-11 0.00000e+00
9.41000e+02 1.31609e-11 0.00000e+00
9.42000e+02 1.37537e-11 0.00000e+00
9.43000e+02 1.35280e-11 0.00000e+00
9.44000e+02 1.40556e-11 0.00000e+00
9.45000e+02 1.27275e-11 0.00000e+00
9.46000e+02 1.33901e-11 0.00000e+00
9.47000e+02 1.35680e-11 0.00000e+00
9.48000e+02 1.30020e-11 0.00000e+00
9.49000e+02 1.44450e-11 0.00000e+00
9.50000e+02 1.34783e-11 0.00000e+00
9.51000e+02 1.32554e-11 0.00000e+00
9.52000e+02 1.16556e-11 0.00000e+00
9.53000e+02 1.26185e-11 0.00000e+00
9.54000e+02 1.23528e-11 0.00000e+00
9.55000e+02 1.54152e-11 0.00000e+00
9.56000e+02 1.41975e-11 0.00000e+00
9.57000e+02 1.19878e-11 0.00000e+00
9.58000e+02 1.24519e-11 0.00000e+00
9.59000e+02 1.30111e-11 0.00000e+00
9.60000e+02 1.29990e-11 0.00000e+00
9.61000e+02 1.33032e-11 0.00000e+00
9.62000e+02 1.32793e-11 0.00000e+00
9.63000e+02 1.26822e-11 0.00000e+00
9.64000e+02 1.33237e-11 0.00000e+00
9.65000e+02 1.31488e-11 0.00000e+00
9.66000e+02 1.20023e-11 0.00000e+00
9.67000e+02 1.27863e-11 0.00000e+00
9.68000e+02 1.29425e-11 0.00000e+00
9.69000e+02 1.38424e-11 0.00000e+00
9.70000e+02 1.36448e-11 0.00000e+00
9.71000e+02 1.42060e-11 0.00000e+00
9.72000e+02 1.23709e-11 0.00000e+00
9.73000e+02 1.20996e-11 0.00000e+00
9.74000e+02 1.40884e-11 0.00000e+00
9.75000e+02 1.41286e-11 0.00000e+00
9.76000e+02 1.37013e-11 0.00000e+00
9.77000e+02 1.26863e-11 0.00000e+00
9.78000e+02 1.34184e-11 0.00000e+00
9.79000e+02 1.20694e-11 0.00000e+00
9.80000e+02 1.28896e-11 0.00000e+00
9.81000e+02 1.37037e-11 0.00000e+00
9.82000e+02 1.28924e-11 0.00000e+00
9.83000e+02 1.34147e-11 0.00000e+00
9.84000e+02 1.36567e-11 0.00000e+00
9.85000e+02 1.37357e-11 0.00000e+00
9.86000e+02 1.20542e-11 0.00000e+00
9.87000e+02 1.30933e-11 0.00000e+00
9.88000e+02 1.49157e-11 0.00000e+00
9.89000e+02 1.16500e-11 0.00000e+00
9.90000e+02 1.19810e-11 0.00000e+00
9.91000e+02 1.20950e-11 0.00000e+00
9.92000e+02 1.24938e-11 0.00000e+00
9.93000e+02 1.24326e-11 0.00000e+00
9.94000e+02 1.18571e-11 0.00000e+00
9.95000e+02 1.26611e-11 0.00000e+00
9.96000e+02 1.36127e-11 0.00000e+00
9.97000e+02 1.28371e-11 0.00000e+00
9.98000e+02 1.17827e-11 0.00000e+00
9.99000e+02 1.23740e-11 0.00000e+00
1.00000e+03 1.33202e-11 0.00000e+00
1.00100e+03 1.20822e-11 0.00000e+00
1.00200e+03 1.38471e-11 0.00000e+00
1.00300e+03 1.25755e-11 0.00000e+00
1.00400e+03 1.28963e-11 0.00000e+00
1.00500e+03 1.34145e-11 0.00000e+00
1.00600e+03 1.19695e-11 0.00000e+00
1.00700e+03 1.26332e-11 0.00000e+00
1.00800e+03 1.27502e-11 0.00000e+00
1.00900e+03 1.35791e-11 0.00000e+00
1.01000e+03 1.29941e-11 0.00000e+00
1.01100e+03 1.22192e-11 0.00000e+00
1.01200e+03 1.15299e-11 0.00000e+00
1.01300e+03 1.20901e-11 0.00000e+00
1.01400e+03 1.38908e-11 0.00000e+00
1.01500e+03 1.22914e-11 0.00000e+00
1.01600e+03 1.24681e-11 0.00000e+00
1.01700e+03 1.21786e-11 0.00000e+00
1.01800e+03 1.28194e-11 0.00000e+00
1.01900e+03 1.23576e-11 0.00000e+00
1.02000e+03 1.25925e-11 0.00000e+00
1.02100e+03 1.32786e-11 0.00000e+00
1.02200e+03 1.24343e-11 0.00000e+00
1.02300e+03 1.30946e-11 0.00000e+00
1.02400e+03 1.10717e-11 0.00000e+00
1.02500e+03 1.12279e-11 0.00000e+00
1.02600e+03 1.21736e-11 0.00000e+00
1.02700e+03 1.26892e-11 0.00000e+00
1.02800e+03 1.22840e-11 0.00000e+00
1.02900e+03 1.22673e-11 0.00000e+00
1.03000e+03 1.19381e-11 0.00000e+00
1.03100e+03 1.25403e-11 0.00000e+00
1.03200e+03 1.18915e-11 0.00000e+00
1.03300e+03 1.32435e-11 0.00000e+00
1.03400e+03 1.20904e-11 0.00000e+00
1.03500e+03 1.16495e-11 0.00000e+00
1.03600e+03 1.23519e-11 0.00000e+00
1.03700e+03 1.23371e-11 0.00000e+00
1.03800e+03 1.18152e-11 0.00000e+00
1.03900e+03 1.29220e-11 0.00000e+00
1.04000e+03 1.22472e-11 0.00000e+00
1.04100e+03 1.21531e-11 0.00000e+00
1.04200e+03 1.32428e-11 0.00000e+00
1.04300e+03 1.21303e-11 0.00000e+00
1.04400e+03 1.22071e-11 0.00000e+00
1.04500e+03 1.16848e-11 0.00000e+00
1.04600e+03 1.26170e-11 0.00000e+00
1.04700e+03 1.18183e-11 0.00000e+00
1.04800e+03 1.24727e-11 0.00000e+00
1.04900e+03 1.15089e-11 0.00000e+00
1.05000e+03 1.30224e-11 0.00000e+00
1.05100e+03 1.16301e-11 0.00000e+00
1.05200e+03 1.13383e-11 0.00000e+00
1.05300e+03 1.22624e-11 0.00000e+00
1.05400e+03 1.18510e-11 0.00000e+00
1.05500e+03 1.26542e-11 0.00000e+00
1.05600e+03 1.12129e-11 0.00000e+00
1.05700e+03 1.20366e-11 0.00000e+00
1.05800e+03 1.16862e-11 0.00000e+00
1.05900e+03 1.06912e-11 0.00000e+00
1.06000e+03 1.23150e-11 0.00000e+00
1.06100e+03 1.18065e-11 0.00000e+00
1.06200e+03 1.30155e-11 0.00000e+00
1.06300e+03 1.20445e-11 0.00000e+00
1.06400e+03 1.19279e-11 0.00000e+00
1.06500e+03 1.14184e-11 0.00000e+00
1.06600e+03 1.18979e-11 0.00000e+00
1.06700e+03 1.15317e-11 0.00000e+00
1.06800e+03 1.17891e-11 0.00000e+00
1.06900e+03 1.07435e-11 0.00000e+00
1.07000e+03 1.02645e-11 0.00000e+00
1.07100e+03 1.05515e-11 0.00000e+00
1.07200e+03 1.19534e-11 0.00000e+00
1.07300e+03 1.17956e-11 0.00000e+00
1.07400e+03 1.20311e-11 0.00000e+00
1.07500e+03 1.13918e-11 0.00000e+00
1.07600e+03 1.11363e-11 0.00000e+00
1.07700e+03 1.16986e-11 0.00000e+00
1.07800e+03 1.23358e-11 0.00000e+00
1.07900e+03 1.28591e-11 0.00000e+00
1.08000e+03 1.19958e-11 0.00000e+00
1.08100e+03 1.10711e-11 0.00000e+00
1.08200e+03 1.12090e-11 0.00000e+00
1.08300e+03 1.00408e-11 0.00000e+00
1.08400e+03 1.12719e-11 0.00000e+00
1.08500e+03 1.22647e-11 0.00000e+00
1.08600e+03 1.22925e-11 0.00000e+00
1.08700e+03 1.18081e-11 0.00000e+00
1.08800e+03 1.17558e-11 0.00000e+00
1.08900e+03 1.17047e-11 0.00000e+00
1.09000e+03 1.24309e-11 0.00000e+00
1.09100e+03 1.01360e-11 0.00000e+00
1.09200e+03 1.17596e-11 0.00000e+00
1.09300e+03 1.17996e-11 0.00000e+00
1.09400e+03 1.21293e-11 0.00000e+00
1.09500e+03 1.13753e-11 0.00000e+00
1.09600e+03 1.21814e-11 0.00000e+00
1.09700e+03 1.11770e-11 0.00000e+00
1.09800e+03 1.19275e-11 0.00000e+00
1.09900e+03 1.19480e-11 0.00000e+00
1.10000e+03 1.16024e-11 0.00000e+00
1.10100e+03 1.25146e-11 0.00000e+00
1.10200e+03 1.09659e-11 0.00000e+00
1.10300e+03 1.11490e-11 0.00000e+00
1.10400e+03 1.16084e-11 0.00000e+00
1.10500e+03 1.05463e-11 0.00000e+00
1.10600e+03 1.16121e-11 0.00000e+00
1.10700e+03 1.06562e-11 0.00000e+00
1.10800e+03 1.17082e-11 0.00000e+00
1.10900e+03 1.09849e-11 0.00000e+00
1.11000e+03 1.08838e-11 0.00000e+00
1.11100e+03 1.04603e-11 0.00000e+00
1.11200e+03 1.10663e-11 0.00000e+00
1.11300e+03 1.09185e-11 0.00000e+00
1.11400e+03 1.05271e-11 0.00000e+00
1.11500e+03 1.11805e-11 0.00000e+00
1.11600e+03 1.05505e-11 0.00000e+00
1.11700e+03 1.18774e-11 0.00000e+00
1.11800e+03 1.16236e-11 0.00000e+00
1.11900e+03 1.12136e-11 0.00000e+00
1.12000e+03 1.05223e-11 0.00000e+00
1.12100e+03 1.20381e-11 0.00000e+00
1.12200e+03 1.11155e-11 0.00000e+00
1.12300e+03 1.08653e-11 0.00000e+00
1.12400e+03 1.08806e-11 0.00000e+00
1.12500e+03 1.12558e-11 0.00000e+00
1.12600e+03 1.06283e-11 0.00000e+00
1.12700e+03 1.10761e-11 0.00000e+00
1.12800e+03 1.10031e-11 0.00000e+00
1.12900e+03 1.17072e-11 0.00000e+00
1.13000e+03 1.05622e-11 0.00000e+00
1.13100e+03 1.09752e-11 0.00000e+00
1.13200e+03 1.01534e-11 0.00000e+00
1.13300e+03 1.11061e-11 0.00000e+00
1.13400e+03 1.00295e-11 0.00000e+00
1.13500e+03 1.03569e-11 0.00000e+00
1.13600e+03 1.02194e-11 0.00000e+00
1.13700e+03 1.12560e-11 0.00000e+00
1.13800e+03 1.20326e-11 0.00000e+00
1.13900e+03 1.10187e-11 0.00000e+00
1.14000e+03 1.16640e-11 0.00000e+00
1.14100e+03 1.11417e-11 0.00000e+00
1.14200e+03 1.00281e-11 0.00000e+00
1.14300e+03 1.04826e-11 0.00000e+00
1.14400e+03 1.01296e-11 0.00000e+00
1.14500e+03 1.09234e-11 0.00000e+00
1.14600e+03 1.04517e-11 0.00000e+00
1.14700e+03 1.10522e-11 0.00000e+00
1.14800e+03 1.00873e-11 0.00000e+00
1.14900e+03 9.74374e-12 0.00000e+00
1.15000e+03 1.16428e-11 0.00000e+00
1.15100e+03 1.08740e-11 0.00000e+00
1.15200e+03 1.07166e-11 0.00000e+00
1.15300e+03 1.09211e-11 0.00000e+00
1.15400e+03 1.08888e-11 0.00000e+00
1.15500e+03 1.00282e-11 0.00000e+00
1.15600e+03 1.07611e-11 0.00000e+00
1.15700e+03 1.09079e-11 0.00000e+00
1.15800e+03 9.83727e-12 0.00000e+00
1.15900e+03 1.04012e-11 0.00000e+00
1.16000e+03 9.51635e-12 0.00000e+00
1.16100e+03 1.03614e-11 0.00000e+00
1.16200e+03 1.06236e-11 0.00000e+00
1.16300e+03 1.02652e-11 0.00000e+00
1.16400e+03 1.07587e-11 0.00000e+00
1.16500e+03 1.02461e-11 0.00000e+00
1.16600e+03 1.08633e-11 0.00000e+00
1.16700e+03 1.02217e-11 0.00000e+00
1.16800e+03 9.80636e-12 0.00000e+00
1.16900e+03 1.08103e-11 0.00000e+00
1.17000e+03 9.89819e-12 0.00000e+00
1.17100e+03 1.05983e-11 0.00000e+00
1.17200e+03 1.09640e-11 0.00000e+00
1.17300e+03 1.03152e-11 0.00000e+00
1.17400e+03 1.17841e-11 0.00000e+00
1.17500e+03 1.04183e-11 0.00000e+00
1.17600e+03 1.00226e-11 0.00000e+00
1.17700e+03 1.01207e-11 0.00000e+00
1.17800e+03 9.74205e-12 0.00000e+00
1.17900e+03 9.51750e-12 0.00000e+00
1.18000e+03 1.05535e-11 0.00000e+00
1.18100e+03 1.01565e-11 0.00000e+00
1.18200e+03 1.01543e-11 0.00000e+00
1.18300e+03 1.02410e-11 0.00000e+00
1.18400e+03 9.65715e-12 0.00000e+00
1.18500e+03 1.01443e-11 0.00000e+00
1.18600e+03 9.71856e-12 0.00000e+00
1.18700e+03 1.00018e-11 0.00000e+00
1.18800e+03 9.98471e-12 0.00000e+00
1.18900e+03 9.90368e-12 0.00000e+00
1.19000e+03 9.74548e-12 0.00000e+00
1.19100e+03 1.10955e-11 0.00000e+00
1.19200e+03 1.01992e-11 0.00000e+00
1.19300e+03 9.27399e-12 0.00000e+00
1.19400e+03 9.96064e-12 0.00000e+00
1.19500e+03 1.04059e-11 0.00000e+00
1.19600e+03 9.99169e-12 0.00000e+00
1.19700e+03 1.09516e-11 0.00000e+00
1.19800e+03 9.98317e-12 0.00000e+00
1.19900e+03 1.03547e-11 0.00000e+00
1.20000e+03 9.65892e-12 0.00000e+00
1.20100e+03 9.97748e-12 0.00000e+00
1.20200e+03 8.88009e-12 0.00000e+00
1.20300e+03 1.07344e-11 0.00000e+00
1.20400e+03 1.05899e-11 0.00000e+00
1.20500e+03 9.67448e-12 0.00000e+00
1.20600e+03 1.02806e-11 0.00000e+00
1.20700e+03 9.87999e-12 0.00000e+00
1.20800e+03 1.00431e-11 0.00000e+00
1.20900e+03 9.41219e-12 0.00000e+00
1.21000e+03 1.03165e-11 0.00000e+00
1.21100e+03 9.09554e-12 0.00000e+00
1.21200e+03 1.02535e-11 0.00000e+00
1.21300e+03 9.80135e-12 0.00000e+00
1.21400e+03 9.54432e-12 0.00000e+00
1.21500e+03 9.72940e-12 0.00000e+00
1.21600e+03 9.85675e-12 0.00000e+00
1.21700e+03 9.75869e-12 0.00000e+00
1.21800e+03 9.50843e-12 0.00000e+00
1.21900e+03 9.92185e-12 0.00000e+00
1.22000e+03 1.02957e-11 0.00000e+00
1.22100e+03 9.70956e-12 0.00000e+00
1.22200e+03 9.93488e-12 0.00000e+00
1.22300e+03 9.25737e-12 0.00000e+00
1.22400e+03 1.02185e-11 0.00000e+00
1.22500e+03 9.22018e-12 0.00000e+00
1.22600e+03 9.60690e-12 0.00000e+00
1.22700e+03 9.42344e-12 0.00000e+00
1.22800e+03 1.02451e-11 0.00000e+00
1.22900e+03 9.91931e-12 0.00000e+00
1.23000e+03 9.68614e-12 0.00000e+00
1.23100e+03 1.01860e-11 0.00000e+00
1.23200e+03 1.02629e-11 0.00000e+00
1.23300e+03 8.88106e-12 0.00000e+00
1.23400e+03 9.73242e-12 0.00000e+00
1.23500e+03 8.67193e-12 0.00000e+00
1.23600e+03 9.86315e-12 0.00000e+00
1.23700e+03 1.00403e-11 0.00000e+00
1.23800e+03 9.17161e-12 0.00000e+00
1.23900e+03 9.54239e-12 0.00000e+00
1.24000e+03 9.28328e-12 0.00000e+00
1.24100e+03 8.83910e-12 0.00000e+00
1.24200e+03 8.53126e-12 0.00000e+00
1.24300e+03 8.73025e-12 0.00000e+00
1.24400e+03 9.82072e-12 0.00000e+00
1.24500e+03 8.97545e-12 0.00000e+00
1.24600e+03 8.09809e-12 0.00000e+00
1.24700e+03 1.01666e-11 0.00000e+00
1.24800e+03 9.05104e-12 0.00000e+00
1.24900e+03 9.02542e-12 0.00000e+00
1.25000e+03 9.51732e-12 0.00000e+00
1.25100e+03 8.73722e-12 0.00000e+00
1.25200e+03 9.38295e-12 0.00000e+00
1.25300e+03 9.81715e-12 0.00000e+00
1.25400e+03 9.24114e-12 0.00000e+00
1.25500e+03 8.37879e-12 0.00000e+00
1.25600e+03 9.69229e-12 0.00000e+00
1.25700e+03 8.79954e-12 0.00000e+00
1.25800e+03 9.85932e-12 0.00000e+00
1.25900e+03 8.94371e-12 0.00000e+00
1.26000e+03 9.45772e-12 0.00000e+00
1.26100e+03 9.79028e-12 0.00000e+00
1.26200e+03 9.79298e-12 0.00000e+00
1.26300e+03 8.89057e-12 0.00000e+00
1.26400e+03 9.52894e-12 0.00000e+00
1.26500e+03 9.04780e-12 0.00000e+00
1.26600e+03 1.02127e-11 0.00000e+00
1.26700e+03 9.03256e-12 0.00000e+00
1.26800e+03 1.03142e-11 0.00000e+00
1.26900e+03 9.21180e-12 0.00000e+00
1.27000e+03 8.92589e-12 0.00000e+00
1.27100e+03 9.01135e-12 0.00000e+00
1.27200e+03 1.01789e-11 0.00000e+00
1.27300e+03 8.76795e-12 0.00000e+00
1.27400e+03 8.94955e-12 0.00000e+00
1.27500e+03 8.89104e-12 0.00000e+00
1.27600e+03 9.33666e-12 0.00000e+00
1.27700e+03 9.09718e-12 0.00000e+00
1.27800e+03 8.44668e-12 0.00000e+00
1.27900e+03 8.87308e-12 0.00000e+00
1.28000e+03 9.67452e-12 0.00000e+00
1.28100e+03 9.28985e-12 0.00000e+00
1.28200e+03 9.37527e-12 0.00000e+00
1.28300e+03 8.69471e-12 0.00000e+00
1.28400e+03 9.30029e-12 0.00000e+00
1.28500e+03 9.22392e-12 0.00000e+00
1.28600e+03 8.26105e-12 0.00000e+00
1.28700e+03 8.41602e-12 0.00000e+00
1.28800e+03 9.30791e-12 0.00000e+00
1.28900e+03 9.37658e-12 0.00000e+00
1.29000e+03 9.08328e-12 0.00000e+00
1.29100e+03 8.42938e-12 0.00000e+00
1.29200e+03 9.09901e-12 0.00000e+00
1.29300e+03 9.32283e-12 0.00000e+00
1.29400e+03 9.76151e-12 0.00000e+00
1.29500e+03 9.26762e-12 0.00000e+00
1.29600e+03 8.31346e-12 0.00000e+00
1.29700e+03 7.94508e-12 0.00000e+00
1.29800e+03 8.14033e-12 0.00000e+00
1.29900e+03 8.64794e-12 0.00000e+00
1.30000e+03 8.33456e-12 0.00000e+00
1.30100e+03 9.06059e-12 0.00000e+00
1.30200e+03 9.11570e-12 0.00000e+00
1.30300e+03 9.14662e-12 0.00000e+00
1.30400e+03 8.61234e-12 0.00000e+00
1.30500e+03 8.61508e-12 0.00000e+00
1.30600e+03 8.59198e-12 0.00000e+00
1.30700e+03 8.31754e-12 0.00000e+00
1.30800e+03 8.47744e-12 0.00000e+00
1.30900e+03 8.46940e-12 0.00000e+00
1.31000e+03 8.76098e-12 0.00000e+00
1.31100e+03 8.49283e-12 0.00000e+00
1.31200e+03 9.01525e-12 0.00000e+00
1.31300e+03 8.07454e-12 0.00000e+00
1.31400e+03 8.19002e-12 0.00000e+00
1.31500e+03 8.63113e-12 0.00000e+00
1.31600e+03 8.21235e-12 0.00000e+00
1.31700e+03 8.47870e-12 0.00000e+00
1.31800e+03 8.92269e-12 0.00000e+00
1.31900e+03 8.32215e-12 0.00000e+00
1.32000e+03 8.31445e-12 0.00000e+00
1.32100e+03 8.61368e-12 0.00000e+00
1.32200e+03 8.93264e-12 0.00000e+00
1.32300e+03 8.90818e-12 0.00000e+00
1.32400e+03 8.34951e-12 0.00000e+00
1.32500e+03 8.36940e-12 0.00000e+00
1.32600e+03 8.38689e-12 0.00000e+00
1.32700e+03 8.00375e-12 0.00000e+00
1.32800e+03 8.06775e-12 0.00000e+00
1.32900e+03 8.25768e-12 0.00000e+00
1.33000e+03 7.53577e-12 0.00000e+00
1.33100e+03 7.88511e-12 0.00000e+00
1.33200e+03 9.51796e-12 0.00000e+00
1.33300e+03 8.91058e-12 0.00000e+00
1.33400e+03 8.15923e-12 0.00000e+00
1.33500e+03 7.73866e-12 0.00000e+00
1.33600e+03 8.74719e-12 0.00000e+00
1.33700e+03 8.13148e-12 0.00000e+00
1.33800e+03 7.99391e-12 0.00000e+00
1.33900e+03 7.81174e-12 0.00000e+00
1.34000e+03 9.01824e-12 0.00000e+00
1.34100e+03 7.99983e-12 0.00000e+00
1.34200e+03 8.64315e-12 0.00000e+00
1.34300e+03 8.62365e-12 0.00000e+00
1.34400e+03 8.43647e-12 0.00000e+00
1.34500e+03 8.09578e-12 0.00000e+00
1.34600e+03 8.11910e-12 0.00000e+00
1.34700e+03 8.18312e-12 0.00000e+00
1.34800e+03 8.08107e-12 0.00000e+00
1.34900e+03 7.47465e-12 0.00000e+00
1.35000e+03 8.58387e-12 0.00000e+00
1.35100e+03 8.40628e-12 0.00000e+00
1.35200e+03 8.47828e-12 0.00000e+00
1.35300e+03 7.70040e-12 0.00000e+00
1.35400e+03 7.81825e-12 0.00000e+00
1.35500e+03 8.29705e-12 0.00000e+00
1.35600e+03 8.69457e-12 0.00000e+00
1.35700e+03 8.38271e-12 0.00000e+00
1.35800e+03 8.30600e-12 0.00000e+00
1.35900e+03 8.48278e-12 0.00000e+00
1.36000e+03 8.06324e-12 0.00000e+00
1.36100e+03 9.02963e-12 0.00000e+00
1.36200e+03 7.70710e-12 0.00000e+00
1.36300e+03 8.06769e-12 0.00000e+00
1.36400e+03 7.86501e-12 0.00000e+00
1.36500e+03 7.71809e-12 0.00000e+00
1.36600e+03 7.74633e-12 0.00000e+00
1.36700e+03 7.48821e-12 0.00000e+00
1.36800e+03 7.93666e-12 0.00000e+00
1.36900e+03 7.73922e-12 0.00000e+00
1.37000e+03 7.44698e-12 0.00000e+00
1.37100e+03 8.09875e-12 0.00000e+00
1.37200e+03 8.38534e-12 0.00000e+00
1.37300e+03 7.60580e-12 0.00000e+00
1.37400e+03 7.61517e-12 0.00000e+00
1.37500e+03 8.30376e-12 0.00000e+00
1.37600e+03 7.92823e-12 0.00000e+00
1.37700e+03 7.17133e-12 0.00000e+00
1.37800e+03 8.11754e-12 0.00000e+00
1.37900e+03 7.85943e-12 0.00000e+00
1.38000e+03 8.01499e-12 0.00000e+00
1.38100e+03 8.00618e-12 0.00000e+00
1.38200e+03 8.92974e-12 0.00000e+00
1.38300e+03 7.91659e-12 0.00000e+00
1.38400e+03 7.22239e-12 0.00000e+00
1.38500e+03 7.64492e-12 0.00000e+00
1.38600e+03 8.39825e-12 0.00000e+00
1.38700e+03 7.56874e-12 0.00000e+00
1.38800e+03 8.03947e-12 0.00000e+00
1.38900e+03 8.21887e-12 0.00000e+00
1.39000e+03 7.87254e-12 0.00000e+00
1.39100e+03 7.86830e-12 0.00000e+00
1.39200e+03 7.85001e-12 0.00000e+00
1.39300e+03 8.20725e-12 0.00000e+00
1.39400e+03 8.44490e-12 0.00000e+00
1.39500e+03 7.83786e-12 0.00000e+00
1.39600e+03 8.00237e-12 0.00000e+00
1.39700e+03 7.29967e-12 0.00000e+00
1.39800e+03 8.30763e-12 0.00000e+00
1.39900e+03 7.76231e-12 0.00000e+00
1.40000e+03 8.00249e-12 0.00000e+00
1.40100e+03 7.84783e-12 0.00000e+00
1.40200e+03 7.51806e-12 0.00000e+00
1.40300e+03 8.27952e-12 0.00000e+00
1.40400e+03 7.54980e-12 0.00000e+00
1.40500e+03 7.21968e-12 0.00000e+00
1.40600e+03 7.90233e-12 0.00000e+00
1.40700e+03 7.87800e-12 0.00000e+00
1.40800e+03 8.02748e-12 0.00000e+00
1.40900e+03 7.03479e-12 0.00000e+00
1.41000e+03 7.98473e-12 0.00000e+00
1.41100e+03 7.57389e-12 0.00000e+00
1.41200e+03 7.44838e-12 0.00000e+00
1.41300e+03 7.14377e-12 0.00000e+00
1.41400e+03 7.61721e-12 0.00000e+00
1.41500e+03 7.77003e-12 0.00000e+00
1.41600e+03 7.50731e-12 0.00000e+00
1.41700e+03 7.42051e-12 0.00000e+00
1.41800e+03 7.50541e-12 0.00000e+00
1.41900e+03 7.65633e-12 0.00000e+00
1.42000e+03 7.55248e-12 0.00000e+00
1.42100e+03 7.15476e-12 0.00000e+00
1.42200e+03 7.51476e-12 0.00000e+00
1.42300e+03 7.48755e-12 0.00000e+00
1.42400e+03 6.96256e-12 0.00000e+00
1.42500e+03 7.09467e-12 0.00000e+00
1.42600e+03 7.61981e-12 0.00000e+00
1.42700e+03 7.25666e-12 0.00000e+00
1.42800e+03 7.29419e-12 0.00000e+00
1.42900e+03 7.33022e-12 0.00000e+00
1.43000e+03 7.46130e-12 0.00000e+00
1.43100e+03 7.06091e-12 0.00000e+00
1.43200e+03 7.48525e-12 0.00000e+00
1.43300e+03 8.11706e-12 0.00000e+00
1.43400e+03 8.01663e-12 0.00000e+00
1.43500e+03 7.16958e-12 0.00000e+00
1.43600e+03 7.39849e-12 0.00000e+00
1.43700e+03 6.75565e-12 0.00000e+00
1.43800e+03 7.69239e-12 0.00000e+00
1.43900e+03 7.62432e-12 0.00000e+00
1.44000e+03 6.89212e-12 0.00000e+00
1.44100e+03 7.52936e-12 0.00000e+00
1.44200e+03 7.01324e-12 0.00000e+00
1.44300e+03 6.69264e-12 0.00000e+00
1.44400e+03 7.85954e-12 0.00000e+00
1.44500e+03 7.55134e-12 0.00000e+00
1.44600e+03 6.88283e-12 0.00000e+00
1.44700e+03 7.51978e-12 0.00000e+00
1.44800e+03 6.95312e-12 0.00000e+00
1.44900e+03 6.78832e-12 0.00000e+00
1.45000e+03 7.44967e-12 0.00000e+00
1.45100e+03 7.30561e-12 0.00000e+00
1.45200e+03 7.72626e-12 0.00000e+00
1.45300e+03 7.34412e-12 0.00000e+00
1.45400e+03 7.59128e-12 0.00000e+00
1.45500e+03 7.44356e-12 0.00000e+00
1.45600e+03 7.29129e-12 0.00000e+00
1.45700e+03 7.22724e-12 0.00000e+00
1.45800e+03 7.34448e-12 0.00000e+00
1.45900e+03 7.63606e-12 0.00000e+00
1.46000e+03 6.92504e-12 0.00000e+00
1.46100e+03 6.91814e-12 0.00000e+00
1.46200e+03 7.13743e-12 0.00000e+00
1.46300e+03 7.00910e-12 0.00000e+00
1.46400e+03 6.85262e-12 0.00000e+00
1.46500e+03 7.71226e-12 0.00000e+00
1.46600e+03 7.03469e-12 0.00000e+00
1.46700e+03 6.61872e-12 0.00000e+00
1.46800e+03 7.56206e-12 0.00000e+00
1.46900e+03 7.00307e-12 0.00000e+00
1.47000e+03 6.19336e-12 0.00000e+00
1.47100e+03 6.83400e-12 0.00000e+00
1.47200e+03 7.37321e-12 0.00000e+00
1.47300e+03 6.45190e-12 0.00000e+00
1.47400e+03 7.47760e-12 0.00000e+00
1.47500e+03 6.79832e-12 0.00000e+00
1.47600e+03 7.44816e-12 0.00000e+00
1.47700e+03 6.67167e-12 0.00000e+00
1.47800e+03 7.43824e-12 0.00000e+00
1.47900e+03 7.21709e-12 0.00000e+00
1.48000e+03 6.94134e-12 0.00000e+00
1.48100e+03 7.08885e-12 0.00000e+00
1.48200e+03 6.89825e-12 0.00000e+00
1.48300e+03 7.19702e-12 0.00000e+00
1.48400e+03 6.90699e-12 0.00000e+00
1.48500e+03 6.66394e-12 0.00000e+00
1.48600e+03 6.89282e-12 0.00000e+00
1.48700e+03 6.65780e-12 0.00000e+00
1.48800e+03 7.00858e-12 0.00000e+00
1.48900e+03 7.17064e-12 0.00000e+00
1.49000e+03 7.11596e-12 0.00000e+00
1.49100e+03 6.49868e-12 0.00000e+00
1.49200e+03 6.43092e-12 0.00000e+00
1.49300e+03 6.93399e-12 0.00000e+00
1.49400e+03 6.81056e-12 0.00000e+00
1.49500e+03 6.55031e-12 0.00000e+00
1.49600e+03 6.45102e-12 0.00000e+00
1.49700e+03 6.07245e-12 0.00000e+00
1.49800e+03 7.16098e-12 0.00000e+00
1.49900e+03 6.44367e-12 0.00000e+00
1.50000e+03 6.91628e-12 0.00000e+00
1.50100e+03 6.72717e-12 0.00000e+00
1.50200e+03 6.75623e-12 0.00000e+00
1.50300e+03 6.71445e-12 0.00000e+00
1.50400e+03 6.28249e-12 0.00000e+00
1.50500e+03 6.28088e-12 0.00000e+00
1.50600e+03 6.29591e-12 0.00000e+00
1.50700e+03 6.71038e-12 0.00000e+00
1.50800e+03 6.53980e-12 0.00000e+00
1.50900e+03 6.45522e-12 0.00000e+00
1.51000e+03 6.31890e-12 0.00000e+00
1.51100e+03 6.73563e-12 0.00000e+00
1.51200e+03 6.78722e-12 0.00000e+00
1.51300e+03 6.38051e-12 0.00000e+00
1.51400e+03 7.16489e-12 0.00000e+00
1.51500e+03 7.06442e-12 0.00000e+00
1.51600e+03 6.34905e-12 0.00000e+00
1.51700e+03 6.65567e-12 0.00000e+00
1.51800e+03 6.92467e-12 0.00000e+00
1.51900e+03 6.25250e-12 0.00000e+00
1.52000e+03 7.11441e-12 0.00000e+00
1.52100e+03 6.49134e-12 0.00000e+00
1.52200e+03 6.73415e-12 0.00000e+00
1.52300e+03 6.75835e-12 0.00000e+00
1.52400e+03 6.75196e-12 0.00000e+00
1.52500e+03 6.70446e-12 0.00000e+00
1.52600e+03 6.35389e-12 0.00000e+00
1.52700e+03 6.78011e-12 0.00000e+00
1.52800e+03 6.46197e-12 0.00000e+00
1.52900e+03 6.34262e-12 0.00000e+00
1.53000e+03 6.91805e-12 0.00000e+00
1.53100e+03 6.20133e-12 0.00000e+00
1.53200e+03 6.05711e-12 0.00000e+00
1.53300e+03 6.94443e-12 0.00000e+00
1.53400e+03 6.15307e-12 0.00000e+00
1.53500e+03 6.56314e-12 0.00000e+00
1.53600e+03 6.08722e-12 0.00000e+00
1.53700e+03 6.40481e-12 0.00000e+00
1.53800e+03 6.38087e-12 0.00000e+00
1.53900e+03 6.64922e-12 0.00000e+00
1.54000e+03 6.63407e-12 0.00000e+00
1.54100e+03 5.94227e-12 0.00000e+00
1.54200e+03 6.83200e-12 0.00000e+00
1.54300e+03 6.23636e-12 0.00000e+00
1.54400e+03 6.55668e-12 0.00000e+00
1.54500e+03 6.26684e-12 0.00000e+00
1.54600e+03 6.26194e-12 0.00000e+00
1.54700e+03 6.35392e-12 0.00000e+00
1.54800e+03 6.54807e-12 0.00000e+00
1.54900e+03 5.93134e-12 0.00000e+00
1.55000e+03 6.64739e-12 0.00000e+00
1.55100e+03 6.62096e-12 0.00000e+00
1.55200e+03 6.67925e-12 0.00000e+00
1.55300e+03 6.13236e-12 0.00000e+00
1.55400e+03 6.34941e-12 0.00000e+00
1.55500e+03 6.32186e-12 0.00000e+00
1.55600e+03 6.37347e-12 0.00000e+00
1.55700e+03 5.40036e-12 0.00000e+00
1.55800e+03 6.23550e-12 0.00000e+00
1.55900e+03 6.46269e-12 0.00000e+00
1.56000e+03 6.78105e-12 0.00000e+00
1.56100e+03 6.25801e-12 0.00000e+00
1.56200e+03 6.44455e-12 0.00000e+00
1.56300e+03 6.70538e-12 0.00000e+00
1.56400e+03 5.63926e-12 0.00000e+00
1.56500e+03 6.37762e-12 0.00000e+00
1.56600e+03 6.31982e-12 0.00000e+00
1.56700e+03 5.85694e-12 0.00000e+00
1.56800e+03 6.16295e-12 0.00000e+00
1.56900e+03 6.02154e-12 0.00000e+00
1.57000e+03 6.34522e-12 0.00000e+00
1.57100e+03 6.08870e-12 0.00000e+00
1.57200e+03 5.77113e-12 0.00000e+00
1.57300e+03 5.91436e-12 0.00000e+00
1.57400e+03 6.33747e-12 0.00000e+00
1.57500e+03 6.02822e-12 0.00000e+00
1.57600e+03 6.23538e-12 0.00000e+00
1.57700e+03 5.71001e-12 0.00000e+00
1.57800e+03 6.23376e-12 0.00000e+00
1.57900e+03 5.92485e-12 0.00000e+00
1.58000e+03 6.42244e-12 0.00000e+00
1.58100e+03 6.35698e-12 0.00000e+00
1.58200e+03 6.26788e-12 0.00000e+00
1.58300e+03 6.27439e-12 0.00000e+00
1.58400e+03 5.63514e-12 0.00000e+00
1.58500e+03 6.33726e-12 0.00000e+00
1.58600e+03 6.31705e-12 0.00000e+00
1.58700e+03 6.06300e-12 0.00000e+00
1.58800e+03 6.02966e-12 0.00000e+00
1.58900e+03 6.25469e-12 0.00000e+00
1.59000e+03 6.10099e-12 0.00000e+00
1.59100e+03 5.74675e-12 0.00000e+00
1.59200e+03 6.40416e-12 0.00000e+00
1.59300e+03 6.04954e-12 0.00000e+00
1.59400e+03 5.78068e-12 0.00000e+00
1.59500e+03 5.08951e-12 0.00000e+00
1.59600e+03 6.81879e-12 0.00000e+00
1.59700e+03 6.05618e-12 0.00000e+00
1.59800e+03 5.99834e-12 0.00000e+00
1.59900e+03 6.10163e-12 0.00000e+00
1.60000e+03 5.99575e-12 0.00000e+00
1.60100e+03 5.90587e-12 0.00000e+00
1.60200e+03 5.99601e-12 0.00000e+00
1.60300e+03 5.99715e-12 0.00000e+00
1.60400e+03 5.78277e-12 0.00000e+00
1.60500e+03 6.24729e-12 0.00000e+00
1.60600e+03 6.06892e-12 0.00000e+00
1.60700e+03 6.16809e-12 0.00000e+00
1.60800e+03 5.71814e-12 0.00000e+00
1.60900e+03 5.84292e-12 0.00000e+00
1.61000e+03 6.00858e-12 0.00000e+00
1.61100e+03 5.64480e-12 0.00000e+00
1.61200e+03 5.39501e-12 0.00000e+00
1.61300e+03 5.86289e-12 0.00000e+00
1.61400e+03 5.63775e-12 0.00000e+00
1.61500e+03 5.91350e-12 0.00000e+00
1.61600e+03 5.86666e-12 0.00000e+00
1.61700e+03 5.76872e-12 0.00000e+00
1.61800e+03 6.21396e-12 0.00000e+00
1.61900e+03 5.42010e-12 0.00000e+00
1.62000e+03 5.40049e-12 0.00000e+00
1.62100e+03 5.31160e-12 0.00000e+00
1.62200e+03 5.95151e-12 0.00000e+00
1.62300e+03 5.82443e-12 0.00000e+00
1.62400e+03 5.57213e-12 0.00000e+00
1.62500e+03 5.84999e-12 0.00000e+00
1.62600e+03 5.96471e-12 0.00000e+00
1.62700e+03 5.67841e-12 0.00000e+00
1.62800e+03 6.26862e-12 0.00000e+00
1.62900e+03 5.30928e-12 0.00000e+00
1.63000e+03 5.80122e-12 0.00000e+00
1.63100e+03 5.85091e-12 0.00000e+00
1.63200e+03 5.80809e-12 0.00000e+00
1.63300e+03 5.69250e-12 0.00000e+00
1.63400e+03 5.37004e-12 0.00000e+00
1.63500e+03 5.67840e-12 0.00000e+00
1.63600e+03 5.22781e-12 0.00000e+00
1.63700e+03 6.33712e-12 0.00000e+00
1.63800e+03 5.56832e-12 0.00000e+00
1.63900e+03 5.60037e-12 0.00000e+00
1.64000e+03 5.48038e-12 0.00000e+00
1.64100e+03 5.46176e-12 0.00000e+00
1.64200e+03 6.24538e-12 0.00000e+00
1.64300e+03 5.75540e-12 0.00000e+00
1.64400e+03 6.01260e-12 0.00000e+00
1.64500e+03 5.65358e-12 0.00000e+00
1.64600e+03 5.53012e-12 0.00000e+00
1.64700e+03 5.44488e-12 0.00000e+00
1.64800e+03 6.14094e-12 0.00000e+00
1.64900e+03 5.48447e-12 0.00000e+00
1.65000e+03 5.77413e-12 0.00000e+00
1.65100e+03 5.35881e-12 0.00000e+00
1.65200e+03 5.62822e-12 0.00000e+00
1.65300e+03 5.47280e-12 0.00000e+00
1.65400e+03 5.58036e-12 0.00000e+00
1.65500e+03 5.36914e-12 0.00000e+00
1.65600e+03 5.29491e-12 0.00000e+00
1.65700e+03 5.73242e-12 0.00000e+00
1.65800e+03 5.53714e-12 0.00000e+00
1.65900e+03 5.11052e-12 0.00000e+00
1.66000e+03 5.44539e-12 0.00000e+00
1.66100e+03 5.11441e-12 0.00000e+00
1.66200e+03 4.88891e-12 0.00000e+00
1.66300e+03 5.08700e-12 0.00000e+00
1.66400e+03 5.03759e-12 0.00000e+00
1.66500e+03 5.54519e-12 0.00000e+00
1.66600e+03 5.61180e-12 0.00000e+00
1.66700e+03 4.78455e-12 0.00000e+00
1.66800e+03 5.56557e-12 0.00000e+00
1.66900e+03 5.06122e-12 0.00000e+00
1.67000e+03 5.49311e-12 0.00000e+00
1.67100e+03 5.09349e-12 0.00000e+00
1.67200e+03 4.94192e-12 0.00000e+00
1.67300e+03 5.41694e-12 0.00000e+00
1.67400e+03 5.40294e-12 0.00000e+00
1.67500e+03 5.73350e-12 0.00000e+00
1.67600e+03 5.13972e-12 0.00000e+00
1.67700e+03 5.42128e-12 0.00000e+00
1.67800e+03 5.85947e-12 0.00000e+00
1.67900e+03 5.30334e-12 0.00000e+00
1.68000e+03 5.15497e-12 0.00000e+00
1.68100e+03 5.01948e-12 0.00000e+00
1.68200e+03 5.53508e-12 0.00000e+00
1.68300e+03 5.45230e-12 0.00000e+00
1.68400e+03 5.15220e-12 0.00000e+00
1.68500e+03 5.07122e-12 0.00000e+00
1.68600e+03 5.14758e-12 0.00000e+00
1.68700e+03 5.41526e-12 0.00000e+00
1.68800e+03 5.39250e-12 0.00000e+00
1.68900e+03 5.38036e-12 0.00000e+00
1.69000e+03 4.74103e-12 0.00000e+00
1.69100e+03 4.98826e-12 0.00000e+00
1.69200e+03 5.39985e-12 0.00000e+00
1.69300e+03 4.92422e-12 0.00000e+00
1.69400e+03 4.95550e-12 0.00000e+00
1.69500e+03 5.50624e-12 0.00000e+00
1.69600e+03 4.89708e-12 0.00000e+00
1.69700e+03 5.04634e-12 0.00000e+00
1.69800e+03 5.14309e-12 0.00000e+00
1.69900e+03 4.96008e-12 0.00000e+00
1.70000e+03 4.77136e-12 0.00000e+00
1.70100e+03 5.03793e-12 0.00000e+00
1.70200e+03 5.16847e-12 0.00000e+00
1.70300e+03 5.35355e-12 0.00000e+00
1.70400e+03 5.42381e-12 0.00000e+00
1.70500e+03 4.74580e-12 0.00000e+00
1.70600e+03 4.95216e-12 0.00000e+00
1.70700e+03 5.49595e-12 0.00000e+00
1.70800e+03 5.00363e-12 0.00000e+00
1.70900e+03 4.54116e-12 0.00000e+00
1.71000e+03 4.85088e-12 0.00000e+00
1.71100e+03 4.89853e-12 0.00000e+00
1.71200e+03 5.07950e-12 0.00000e+00
1.71300e+03 5.31232e-12 0.00000e+00
1.71400e+03 4.61462e-12 0.00000e+00
1.71500e+03 4.96001e-12 0.00000e+00
1.71600e+03 5.19021e-12 0.00000e+00
1.71700e+03 4.69328e-12 0.00000e+00
1.71800e+03 5.25089e-12 0.00000e+00
1.71900e+03 4.86144e-12 0.00000e+00
1.72000e+03 5.25521e-12 0.00000e+00
1.72100e+03 4.72060e-12 0.00000e+00
1.72200e+03 5.23244e-12 0.00000e+00
1.72300e+03 4.93535e-12 0.00000e+00
1.72400e+03 5.06948e-12 0.00000e+00
1.72500e+03 4.84463e-12 0.00000e+00
1.72600e+03 4.87584e-12 0.00000e+00
1.72700e+03 5.11762e-12 0.00000e+00
1.72800e+03 4.78759e-12 0.00000e+00
1.72900e+03 5.15758e-12 0.00000e+00
1.73000e+03 4.93931e-12 0.00000e+00
1.73100e+03 4.48909e-12 0.00000e+00
1.73200e+03 4.85404e-12 0.00000e+00
1.73300e+03 4.74351e-12 0.00000e+00
1.73400e+03 4.82198e-12 0.00000e+00
1.73500e+03 5.01168e-12 0.00000e+00
1.73600e+03 4.42572e-12 0.00000e+00
1.73700e+03 5.21244e-12 0.00000e+00
1.73800e+03 4.88983e-12 0.00000e+00
1.73900e+03 4.84599e-12 0.00000e+00
1.74000e+03 4.79264e-12 0.00000e+00
1.74100e+03 4.62248e-12 0.00000e+00
1.74200e+03 4.34456e-12 0.00000e+00
1.74300e+03 4.76488e-12 0.00000e+00
1.74400e+03 5.20419e-12 0.00000e+00
1.74500e+03 5.05188e-12 0.00000e+00
1.74600e+03 4.92492e-12 0.00000e+00
1.74700e+03 4.50808e-12 0.00000e+00
1.74800e+03 4.81682e-12 0.00000e+00
1.74900e+03 4.52340e-12 0.00000e+00
1.75000e+03 4.35671e-12 0.00000e+00
1.75100e+03 4.56357e-12 0.00000e+00
1.75200e+03 5.20646e-12 0.00000e+00
1.75300e+03 4.98655e-12 0.00000e+00
1.75400e+03 4.58686e-12 0.00000e+00
1.75500e+03 4.90824e-12 0.00000e+00
1.75600e+03 4.92363e-12 0.00000e+00
1.75700e+03 4.63999e-12 0.00000e+00
1.75800e+03 5.08620e-12 0.00000e+00
1.75900e+03 5.08721e-12 0.00000e+00
1.76000e+03 4.60366e-12 0.00000e+00
1.76100e+03 5.43643e-12 0.00000e+00
1.76200e+03 4.84729e-12 0.00000e+00
1.76300e+03 4.56281e-12 0.00000e+00
1.76400e+03 4.74422e-12 0.00000e+00
1.76500e+03 5.46474e-12 0.00000e+00
1.76600e+03 4.71231e-12 0.00000e+00
1.76700e+03 4.69469e-12 0.00000e+00
1.76800e+03 4.69382e-12 0.00000e+00
1.76900e+03 4.52009e-12 0.00000e+00
1.77000e+03 4.23993e-12 0.00000e+00
1.77100e+03 4.27101e-12 0.00000e+00
1.77200e+03 4.37409e-12 0.00000e+00
1.77300e+03 5.11598e-12 0.00000e+00
1.77400e+03 4.30965e-12 0.00000e+00
1.77500e+03 4.50995e-12 0.00000e+00
1.77600e+03 4.73199e-12 0.00000e+00
1.77700e+03 5.08451e-12 0.00000e+00
1.77800e+03 4.53662e-12 0.00000e+00
1.77900e+03 4.61179e-12 0.00000e+00
1.78000e+03 4.46609e-12 0.00000e+00
1.78100e+03 4.44760e-12 0.00000e+00
1.78200e+03 4.27770e-12 0.00000e+00
1.78300e+03 4.67976e-12 0.00000e+00
1.78400e+03 4.45707e-12 0.00000e+00
1.78500e+03 4.84361e-12 0.00000e+00
1.78600e+03 4.80700e-12 0.00000e+00
1.78700e+03 4.04224e-12 0.00000e+00
1.78800e+03 4.26774e-12 0.00000e+00
1.78900e+03 4.59409e-12 0.00000e+00
1.79000e+03 3.91941e-12 0.00000e+00
1.79100e+03 4.37360e-12 0.00000e+00
1.79200e+03 4.41563e-12 0.00000e+00
1.79300e+03 4.15415e-12 0.00000e+00
1.79400e+03 4.30312e-12 0.00000e+00
1.79500e+03 4.41452e-12 0.00000e+00
1.79600e+03 4.16464e-12 0.00000e+00
1.79700e+03 4.24588e-12 0.00000e+00
1.79800e+03 4.50189e-12 0.00000e+00
1.79900e+03 4.25811e-12 0.00000e+00
1.80000e+03 4.38766e-12 0.00000e+00
1.80100e+03 4.38594e-12 0.00000e+00
1.80200e+03 4.28050e-12 0.00000e+00
1.80300e+03 4.41030e-12 0.00000e+00
1.80400e+03 4.59162e-12 0.00000e+00
1.80500e+03 4.16233e-12 0.00000e+00
1.80600e+03 4.28148e-12 0.00000e+00
1.80700e+03 4.24597e-12 0.00000e+00
1.80800e+03 3.95438e-12 0.00000e+00
1.80900e+03 4.20027e-12 0.00000e+00
1.81000e+03 4.12477e-12 0.00000e+00
1.81100e+03 4.17440e-12 0.00000e+00
1.81200e+03 4.45960e-12 0.00000e+00
1.81300e+03 3.96969e-12 0.00000e+00
1.81400e+03 4.52730e-12 0.00000e+00
1.81500e+03 3.86756e-12 0.00000e+00
1.81600e+03 3.97723e-12 0.00000e+00
1.81700e+03 4.36860e-12 0.00000e+00
1.81800e+03 4.18650e-12 0.00000e+00
1.81900e+03 4.13032e-12 0.00000e+00
1.82000e+03 4.45772e-12 0.00000e+00
1.82100e+03 4.27538e-12 0.00000e+00
1.82200e+03 4.33494e-12 0.00000e+00
1.82300e+03 4.19636e-12 0.00000e+00
1.82400e+03 4.37802e-12 0.00000e+00
1.82500e+03 4.49584e-12 0.00000e+00
1.82600e+03 4.20769e-12 0.00000e+00
1.82700e+03 3.87725e-12 0.00000e+00
1.82800e+03 4.29314e-12 0.00000e+00
1.82900e+03 4.24766e-12 0.00000e+00
1.83000e+03 3.93595e-12 0.00000e+00
1.83100e+03 4.01631e-12 0.00000e+00
1.83200e+03 4.03121e-12 0.00000e+00
1.83300e+03 4.00757e-12 0.00000e+00
1.83400e+03 4.40862e-12 0.00000e+00
1.83500e+03 4.31176e-12 0.00000e+00
1.83600e+03 4.04490e-12 0.00000e+00
1.83700e+03 4.27784e-12 0.00000e+00
1.83800e+03 4.27480e-12 0.00000e+00
1.83900e+03 4.29434e-12 0.00000e+00
1.84000e+03 4.14889e-12 0.00000e+00
1.84100e+03 4.22527e-12 0.00000e+00
1.84200e+03 4.15741e-12 0.00000e+00
1.84300e+03 3.91598e-12 0.00000e+00
1.84400e+03 4.01871e-12 0.00000e+00
1.84500e+03 3.60630e-12 0.00000e+00
1.84600e+03 3.70494e-12 0.00000e+00
1.84700e+03 4.03291e-12 0.00000e+00
1.84800e+03 3.93470e-12 0.00000e+00
1.84900e+03 4.31544e-12 0.00000e+00
1.85000e+03 4.09736e-12 0.00000e+00
1.85100e+03 3.88667e-12 0.00000e+00
1.85200e+03 3.83996e-12 0.00000e+00
1.85300e+03 4.01477e-12 0.00000e+00
1.85400e+03 3.90330e-12 0.00000e+00
1.85500e+03 4.40651e-12 0.00000e+00
1.85600e+03 3.90434e-12 0.00000e+00
1.85700e+03 3.76621e-12 0.00000e+00
1.85800e+03 3.78728e-12 0.00000e+00
1.85900e+03 4.15666e-12 0.00000e+00
1.86000e+03 3.73389e-12 0.00000e+00
1.86100e+03 3.85941e-12 0.00000e+00
1.86200e+03 4.03211e-12 0.00000e+00
1.86300e+03 3.81511e-12 0.00000e+00
1.86400e+03 4.47288e-12 0.00000e+00
1.86500e+03 4.03866e-12 0.00000e+00
1.86600e+03 4.11877e-12 0.00000e+00
1.86700e+03 4.11380e-12 0.00000e+00
1.86800e+03 3.82977e-12 0.00000e+00
1.86900e+03 3.66444e-12 0.00000e+00
1.87000e+03 3.72118e-12 0.00000e+00
1.87100e+03 3.67507e-12 0.00000e+00
1.87200e+03 3.56504e-12 0.00000e+00
1.87300e+03 4.20609e-12 0.00000e+00
1.87400e+03 3.95651e-12 0.00000e+00
1.87500e+03 3.81604e-12 0.00000e+00
1.87600e+03 3.77240e-12 0.00000e+00
1.87700e+03 3.93168e-12 0.00000e+00
1.87800e+03 3.99687e-12 0.00000e+00
1.87900e+03 3.60352e-12 0.00000e+00
1.88000e+03 3.88011e-12 0.00000e+00
1.88100e+03 3.91683e-12 0.00000e+00
1.88200e+03 3.70479e-12 0.00000e+00
1.88300e+03 4.26634e-12 0.00000e+00
1.88400e+03 3.88129e-12 0.00000e+00
1.88500e+03 3.75053e-12 0.00000e+00
1.88600e+03 3.75809e-12 0.00000e+00
1.88700e+03 4.07482e-12 0.00000e+00
1.88800e+03 3.65763e-12 0.00000e+00
1.88900e+03 4.03526e-12 0.00000e+00
1.89000e+03 3.71487e-12 0.00000e+00
1.89100e+03 3.68216e-12 0.00000e+00
1.89200e+03 3.51000e-12 0.00000e+00
1.89300e+03 3.61575e-12 0.00000e+00
1.89400e+03 3.75729e-12 0.00000e+00
1.89500e+03 3.51692e-12 0.00000e+00
1.89600e+03 3.71259e-12 0.00000e+00
1.89700e+03 3.71001e-12 0.00000e+00
1.89800e+03 3.77994e-12 0.00000e+00
1.89900e+03 3.42281e-12 0.00000e+00
1.90000e+03 3.42417e-12 0.00000e+00
1.90100e+03 3.18389e-12 0.00000e+00
1.90200e+03 4.05251e-12 0.00000e+00
1.90300e+03 3.94460e-12 0.00000e+00
1.90400e+03 3.75826e-12 0.00000e+00
1.90500e+03 3.48492e-12 0.00000e+00
1.90600e+03 3.44766e-12 0.00000e+00
1.90700e+03 3.46243e-12 0.00000e+00
1.90800e+03 3.66528e-12 0.00000e+00
1.90900e+03 3.62448e-12 0.00000e+00
1.91000e+03 3.55302e-12 0.00000e+00
1.91100e+03 3.22551e-12 0.00000e+00
1.91200e+03 3.74071e-12 0.00000e+00
1.91300e+03 3.64529e-12 0.00000e+00
1.91400e+03 3.60198e-12 0.00000e+00
1.91500e+03 3.40568e-12 0.00000e+00
1.91600e+03 3.78003e-12 0.00000e+00
1.91700e+03 3.68539e-12 0.00000e+00
1.91800e+03 3.37846e-12 0.00000e+00
1.91900e+03 3.54027e-12 0.00000e+00
1.92000e+03 3.73623e-12 0.00000e+00
1.92100e+03 3.62081e-12 0.00000e+00
1.92200e+03 3.66985e-12 0.00000e+00
1.92300e+03 3.41850e-12 0.00000e+00
1.92400e+03 3.57050e-12 0.00000e+00
1.92500e+03 3.45265e-12 0.00000e+00
1.92600e+03 3.32904e-12 0.00000e+00
1.92700e+03 3.66678e-12 0.00000e+00
1.92800e+03 3.41261e-12 0.00000e+00
1.92900e+03 3.63290e-12 0.00000e+00
1.93000e+03 3.44978e-12 0.00000e+00
1.93100e+03 3.33362e-12 0.00000e+00
1.93200e+03 3.31331e-12 0.00000e+00
1.93300e+03 3.36447e-12 0.00000e+00
1.93400e+03 3.31223e-12 0.00000e+00
1.93500e+03 3.37024e-12 0.00000e+00
1.93600e+03 3.71589e-12 0.00000e+00
1.93700e+03 3.78470e-12 0.00000e+00
1.93800e+03 3.33326e-12 0.00000e+00
1.93900e+03 3.42453e-12 0.00000e+00
1.94000e+03 3.24195e-12 0.00000e+00
1.94100e+03 3.72008e-12 0.00000e+00
1.94200e+03 3.39018e-12 0.00000e+00
1.94300e+03 3.43660e-12 0.00000e+00
1.94400e+03 3.37176e-12 0.00000e+00
1.94500e+03 3.51484e-12 0.00000e+00
1.94600e+03 3.26220e-12 0.00000e+00
1.94700e+03 3.34743e-12 0.00000e+00
1.94800e+03 3.48364e-12 0.00000e+00
1.94900e+03 3.62495e-12 0.00000e+00
1.95000e+03 3.23296e-12 0.00000e+00
1.95100e+03 3.58166e-12 0.00000e+00
1.95200e+03 3.68196e-12 0.00000e+00
1.95300e+03 3.44893e-12 0.00000e+00
1.95400e+03 3.15648e-12 0.00000e+00
1.95500e+03 3.46174e-12 0.00000e+00
1.95600e+03 3.23230e-12 0.00000e+00
1.95700e+03 3.27554e-12 0.00000e+00
1.95800e+03 3.30089e-12 0.00000e+00
1.95900e+03 3.09987e-12 0.00000e+00
1.96000e+03 3.36020e-12 0.00000e+00
1.96100e+03 3.24361e-12 0.00000e+00
1.96200e+03 3.00423e-12 0.00000e+00
1.96300e+03 3.55296e-12 0.00000e+00
1.96400e+03 3.13144e-12 0.00000e+00
1.96500e+03 3.51445e-12 0.00000e+00
1.96600e+03 3.33286e-12 0.00000e+00
1.96700e+03 3.30088e-12 0.00000e+00
1.96800e+03 3.27661e-12 0.00000e+00
1.96900e+03 3.22840e-12 0.00000e+00
1.97000e+03 3.15961e-12 0.00000e+00
1.97100e+03 3.22019e-12 0.00000e+00
1.97200e+03 3.21994e-12 0.00000e+00
1.97300e+03 3.14924e-12 0.00000e+00
1.97400e+03 3.14184e-12 0.00000e+00
1.97500e+03 3.17362e-12 0.00000e+00
1.97600e+03 3.20324e-12 0.00000e+00
1.97700e+03 3.37580e-12 0.00000e+00
1.97800e+03 3.12547e-12 0.00000e+00
1.97900e+03 3.34835e-12 0.00000e+00
1.98000e+03 3.19793e-12 0.00000e+00
1.98100e+03 3.17281e-12 0.00000e+00
1.98200e+03 3.10905e-12 0.00000e+00
1.98300e+03 3.08278e-12 0.00000e+00
1.98400e+03 2.95819e-12 0.00000e+00
1.98500e+03 3.19591e-12 0.00000e+00
1.98600e+03 3.21475e-12 0.00000e+00
1.98700e+03 3.27386e-12 0.00000e+00
1.98800e+03 3.29490e-12 0.00000e+00
1.98900e+03 3.01893e-12 0.00000e+00
1.99000e+03 3.16151e-12 0.00000e+00
1.99100e+03 3.31230e-12 0.00000e+00
1.99200e+03 3.16547e-12 0.00000e+00
1.99300e+03 3.17983e-12 0.00000e+00
1.99400e+03 3.24943e-12 0.00000e+00
1.99500e+03 2.97054e-12 0.00000e+00
1.99600e+03 3.04103e-12 0.00000e+00
1.99700e+03 2.98927e-12 0.00000e+00
1.99800e+03 2.98469e-12 0.00000e+00
1.99900e+03 3.05087e-12 0.00000e+00
2.00000e+03 3.06155e-12 0.00000e+00
