0.00000e+00 0.00000e+00 0.00000e+00
1.00000e+00 0.00000e+00 0.00000e+00
2.00000e+00 0.00000e+00 0.00000e+00
3.00000e+00 0.00000e+00 0.00000e+00
4.00000e+00 0.00000e+00 0.00000e+00
5.00000e+00 0.00000e+00 0.00000e+00
6.00000e+00 0.00000e+00 0.00000e+00
7.00000e+00 0.00000e+00 0.00000e+00
8.00000e+00 0.00000e+00 0.00000e+00
9.00000e+00 0.00000e+00 0.00000e+00
1.00000e+01 0.00000e+00 0.00000e+00
1.10000e+01 0.00000e+00 0.00000e+00
1.20000e+01 0.00000e+00 0.00000e+00
1.30000e+01 0.00000e+00 0.00000e+00
1.40000e+01 0.00000e+00 0.00000e+00
1.50000e+01 0.00000e+00 0.00000e+00
1.60000e+01 0.00000e+00 0.00000e+00
1.70000e+01 0.00000e+00 0.00000e+00
1.80000e+01 0.00000e+00 0.00000e+00
1.90000e+01 0.00000e+00 0.00000e+00
2.00000e+01 0.00000e+00 0.00000e+00
2.10000e+01 0.00000e+00 0.00000e+00
2.20000e+01 0.00000e+00 0.00000e+00
2.30000e+01 0.00000e+00 0.00000e+00
2.40000e+01 0.00000e+00 0.00000e+00
2.50000e+01 0.00000e+00 0.00000e+00
2.60000e+01 0.00000e+00 0.00000e+00
2.70000e+01 0.00000e+00 0.00000e+00
2.80000e+01 0.00000e+00 0.00000e+00
2.90000e+01 0.00000e+00 0.00000e+00
3.00000e+01 0.00000e+00 0.00000e+00
3.10000e+01 0.00000e+00 0.00000e+00
3.20000e+01 0.00000e+00 0.00000e+00
3.30000e+01 0.00000e+00 0.00000e+00
3.40000e+01 0.00000e+00 0.00000e+00
3.50000e+01 0.00000e+00 0.00000e+00
3.60000e+01 0.00000e+00 0.00000e+00
3.70000e+01 0.00000e+00 0.00000e+00
3.80000e+01 0.00000e+00 0.00000e+00
3.90000e+01 0.00000e+00 0.00000e+00
4.00000e+01 0.00000e+00 0.00000e+00
4.10000e+01 0.00000e+00 0.00000e+00
4.20000e+01 0.00000e+00 0.00000e+00
4.30000e+01 0.00000e+00 0.00000e+00
4.40000e+01 0.00000e+00 0.00000e+00
4.50000e+01 0.00000e+00 0.00000e+00
4.60000e+01 0.00000e+00 0.00000e+00
4.70000e+01 0.00000e+00 0.00000e+00
4.80000e+01 0.00000e+00 0.00000e+00
4.90000e+01 0.00000e+00 0.00000e+00
5.00000e+01 0.00000e+00 0.00000e+00
5.10000e+01 0.00000e+00 0.00000e+00
5.20000e+01 0.00000e+00 0.00000e+00
5.30000e+01 0.00000e+00 0.00000e+00
5.40000e+01 0.00000e+00 0.00000e+00
5.50000e+01 0.00000e+00 0.00000e+00
5.60000e+01 0.00000e+00 0.00000e+00
5.70000e+01 0.00000e+00 0.00000e+00
5.80000e+01 0.00000e+00 0.00000e+00
5.90000e+01 0.00000e+00 0.00000e+00
6.00000e+01 0.00000e+00 0.00000e+00
6.10000e+01 0.00000e+00 0.00000e+00
6.20000e+01 0.00000e+00 0.00000e+00
6.30000e+01 0.00000e+00 0.00000e+00
6.40000e+01 0.00000e+00 0.00000e+00
6.50000e+01 0.00000e+00 0.00000e+00
6.60000e+01 0.00000e+00 0.00000e+00
6.70000e+01 0.00000e+00 0.00000e+00
6.80000e+01 0.00000e+00 0.00000e+00
6.90000e+01 0.00000e+00 0.00000e+00
7.00000e+01 0.00000e+00 0.00000e+00
7.10000e+01 0.00000e+00 0.00000e+00
7.20000e+01 0.00000e+00 0.00000e+00
7.30000e+01 0.00000e+00 0.00000e+00
7.40000e+01 0.00000e+00 0.00000e+00
7.50000e+01 0.00000e+00 0.00000e+00
7.60000e+01 0.00000e+00 0.00000e+00
7.70000e+01 0.00000e+00 0.00000e+00
7.80000e+01 0.00000e+00 0.00000e+00
7.90000e+01 0.00000e+00 0.00000e+00
8.00000e+01 0.00000e+00 0.00000e+00
8.10000e+01 0.00000e+00 0.00000e+00
8.20000e+01 0.00000e+00 0.00000e+00
8.30000e+01 0.00000e+00 0.00000e+00
8.40000e+01 0.00000e+00 0.00000e+00
8.50000e+01 0.00000e+00 0.00000e+00
8.60000e+01 0.00000e+00 0.00000e+00
8.70000e+01 0.00000e+00 0.00000e+00
8.80000e+01 0.00000e+00 0.00000e+00
8.90000e+01 0.00000e+00 0.00000e+00
9.00000e+01 0.00000e+00 0.00000e+00
9.10000e+01 0.00000e+00 0.00000e+00
9.20000e+01 0.00000e+00 0.00000e+00
9.30000e+01 0.00000e+00 0.00000e+00
9.40000e+01 0.00000e+00 0.00000e+00
9.50000e+01 0.00000e+00 0.00000e+00
9.60000e+01 0.00000e+00 0.00000e+00
9.70000e+01 0.00000e+00 0.00000e+00
9.80000e+01 0.00000e+00 0.00000e+00
9.90000e+01 0.00000e+00 0.00000e+00
1.00000e+02 4.19636e-11 0.00000e+00
1.01000e+02 5.68395e-11 0.00000e+00
1.02000e+02 4.44678e-11 0.00000e+00
1.03000e+02 5.32069e-11 0.00000e+00
1.04000e+02 4.08104e-11 0.00000e+00
1.05000e+02 3.62320e-11 0.00000e+00
1.06000e+02 3.57314e-11 0.00000e+00
1.07000e+02 5.39393e-11 0.00000e+00
1.08000e+02 4.63125e-11 0.00000e+00
1.09000e+02 5.28902e-11 0.00000e+00
1.10000e+02 5.42371e-11 0.00000e+00
1.11000e+02 5.42214e-11 0.00000e+00
1.12000e+02 4.17718e-11 0.00000e+00
1.13000e+02 6.58290e-11 0.00000e+00
1.14000e+02 6.05897e-11 0.00000e+00
1.15000e+02 6.18557e-11 0.00000e+00
1.16000e+02 4.09976e-11 0.00000e+00
1.17000e+02 5.73742e-11 0.00000e+00
1.18000e+02 4.88011e-11 0.00000e+00
1.19000e+02 4.70641e-11 0.00000e+00
1.20000e+02 5.70703e-11 0.00000e+00
1.21000e+02 4.92277e-11 0.00000e+00
1.22000e+02 4.30679e-11 0.00000e+00
1.23000e+02 3.61905e-11 0.00000e+00
1.24000e+02 5.17230e-11 0.00000e+00
1.25000e+02 3.05327e-11 0.00000e+00
1.26000e+02 3.44383e-11 0.00000e+00
1.27000e+02 4.65284e-11 0.00000e+00
1.28000e+02 3.41566e-11 0.00000e+00
1.29000e+02 3.46957e-11 0.00000e+00
1.30000e+02 2.67518e-11 0.00000e+00
1.31000e+02 4.85949e-11 0.00000e+00
1.32000e+02 3.34005e-11 0.00000e+00
1.33000e+02 4.42102e-11 0.00000e+00
1.34000e+02 4.59744e-11 0.00000e+00
1.35000e+02 3.82518e-11 0.00000e+00
1.36000e+02 4.45097e-11 0.00000e+00
1.37000e+02 3.59079e-11 0.00000e+00
1.38000e+02 5.04788e-11 0.00000e+00
1.39000e+02 3.13109e-11 0.00000e+00
1.40000e+02 3.71408e-11 0.00000e+00
1.41000e+02 4.38080e-11 0.00000e+00
1.42000e+02 3.07094e-11 0.00000e+00
1.43000e+02 4.27824e-11 0.00000e+00
1.44000e+02 4.56106e-11 0.00000e+00
1.45000e+02 3.58841e-11 0.00000e+00
1.46000e+02 3.77651e-11 0.00000e+00
1.47000e+02 2.84388e-11 0.00000e+00
1.48000e+02 3.54537e-11 0.00000e+00
1.49000e+02 3.54411e-11 0.00000e+00
1.50000e+02 4.64455e-11 0.00000e+00
1.51000e+02 3.03309e-11 0.00000e+00
1.52000e+02 2.63490e-11 0.00000e+00
1.53000e+02 2.26387e-11 0.00000e+00
1.54000e+02 4.21665e-11 0.00000e+00
1.55000e+02 2.85637e-11 0.00000e+00
1.56000e+02 2.79759e-11 0.00000e+00
1.57000e+02 3.46077e-11 0.00000e+00
1.58000e+02 3.21374e-11 0.00000e+00
1.59000e+02 2.77648e-11 0.00000e+00
1.60000e+02 3.31275e-11 0.00000e+00
1.61000e+02 2.73534e-11 0.00000e+00
1.62000e+02 3.84876e-11 0.00000e+00
1.63000e+02 3.04609e-11 0.00000e+00
1.64000e+02 4.04561e-11 0.00000e+00
1.65000e+02 2.42766e-11 0.00000e+00
1.66000e+02 3.00317e-11 0.00000e+00
1.67000e+02 3.88527e-11 0.00000e+00
1.68000e+02 2.32082e-11 0.00000e+00
1.69000e+02 3.24180e-11 0.00000e+00
1.70000e+02 4.20709e-11 0.00000e+00
1.71000e+02 2.84357e-11 0.00000e+00
1.72000e+02 2.94819e-11 0.00000e+00
1.73000e+02 3.34922e-11 0.00000e+00
1.74000e+02 2.33454e-11 0.00000e+00
1.75000e+02 2.21304e-11 0.00000e+00
1.76000e+02 2.92791e-11 0.00000e+00
1.77000e+02 2.89668e-11 0.00000e+00
1.78000e+02 2.42840e-11 0.00000e+00
1.79000e+02 2.26854e-11 0.00000e+00
1.80000e+02 3.68960e-11 0.00000e+00
1.81000e+02 3.03736e-11 0.00000e+00
1.82000e+02 3.99381e-11 0.00000e+00
1.83000e+02 2.98287e-11 0.00000e+00
1.84000e+02 3.36349e-11 0.00000e+00
1.85000e+02 2.66079e-11 0.00000e+00
1.86000e+02 2.96828e-11 0.00000e+00
1.87000e+02 2.41469e-11 0.00000e+00
1.88000e+02 3.10787e-11 0.00000e+00
1.89000e+02 2.90146e-11 0.00000e+00
1.90000e+02 1.84556e-11 0.00000e+00
1.91000e+02 2.18187e-11 0.00000e+00
1.92000e+02 2.70146e-11 0.00000e+00
1.93000e+02 2.60940e-11 0.00000e+00
1.94000e+02 1.99875e-11 0.00000e+00
1.95000e+02 1.89016e-11 0.00000e+00
1.96000e+02 2.27413e-11 0.00000e+00
1.97000e+02 1.87838e-11 0.00000e+00
1.98000e+02 3.02841e-11 0.00000e+00
1.99000e+02 2.25520e-11 0.00000e+00
2.00000e+02 2.33074e-11 0.00000e+00
2.01000e+02 2.41940e-11 0.00000e+00
2.02000e+02 1.88084e-11 0.00000e+00
2.03000e+02 1.89142e-11 0.00000e+00
2.04000e+02 1.93692e-11 0.00000e+00
2.05000e+02 1.94621e-11 0.00000e+00
2.06000e+02 2.44813e-11 0.00000e+00
2.07000e+02 1.78616e-11 0.00000e+00
2.08000e+02 2.69337e-11 0.00000e+00
2.09000e+02 2.14208e-11 0.00000e+00
2.10000e+02 3.29320e-11 0.00000e+00
2.11000e+02 1.81107e-11 0.00000e+00
2.12000e+02 2.35049e-11 0.00000e+00
2.13000e+02 1.23449e-11 0.00000e+00
2.14000e+02 2.19950e-11 0.00000e+00
2.15000e+02 2.47223e-11 0.00000e+00
2.16000e+02 3.20174e-11 0.00000e+00
2.17000e+02 2.62363e-11 0.00000e+00
2.18000e+02 2.34686e-11 0.00000e+00
2.19000e+02 2.32399e-11 0.00000e+00
2.20000e+02 1.58213e-11 0.00000e+00
2.21000e+02 2.24151e-11 0.00000e+00
2.22000e+02 2.05130e-11 0.00000e+00
2.23000e+02 2.13808e-11 0.00000e+00
2.24000e+02 2.17310e-11 0.00000e+00
2.25000e+02 2.21864e-11 0.00000e+00
2.26000e+02 2.47541e-11 0.00000e+00
2.27000e+02 2.16259e-11 0.00000e+00
2.28000e+02 2.02241e-11 0.00000e+00
2.29000e+02 2.04125e-11 0.00000e+00
2.30000e+02 2.12939e-11 0.00000e+00
2.31000e+02 2.15989e-11 0.00000e+00
2.32000e+02 2.21189e-11 0.00000e+00
2.33000e+02 2.18828e-11 0.00000e+00
2.34000e+02 1.81325e-11 0.00000e+00
2.35000e+02 2.04402e-11 0.00000e+00
2.36000e+02 1.64250e-11 0.00000e+00
2.37000e+02 2.15952e-11 0.00000e+00
2.38000e+02 2.05784e-11 0.00000e+00
2.39000e+02 2.31500e-11 0.00000e+00
2.40000e+02 1.92167e-11 0.00000e+00
2.41000e+02 2.69321e-11 0.00000e+00
2.42000e+02 2.95340e-11 0.00000e+00
2.43000e+02 1.68441e-11 0.00000e+00
2.44000e+02 1.83646e-11 0.00000e+00
2.45000e+02 2.52305e-11 0.00000e+00
2.46000e+02 2.16311e-11 0.00000e+00
2.47000e+02 1.86971e-11 0.00000e+00
2.48000e+02 2.06712e-11 0.00000e+00
2.49000e+02 2.18841e-11 0.00000e+00
2.50000e+02 2.33725e-11 0.00000e+00
2.51000e+02 2.50852e-11 0.00000e+00
2.52000e+02 1.92525e-11 0.00000e+00
2.53000e+02 1.50065e-11 0.00000e+00
2.54000e+02 1.33070e-11 0.00000e+00
2.55000e+02 1.66492e-11 0.00000e+00
2.56000e+02 2.19888e-11 0.00000e+00
2.57000e+02 2.34159e-11 0.00000e+00
2.58000e+02 1.99748e-11 0.00000e+00
2.59000e+02 2.32882e-11 0.00000e+00
2.60000e+02 2.39163e-11 0.00000e+00
2.61000e+02 1.79064e-11 0.00000e+00
2.62000e+02 1.73651e-11 0.00000e+00
2.63000e+02 2.05778e-11 0.00000e+00
2.64000e+02 1.72156e-11 0.00000e+00
2.65000e+02 2.14294e-11 0.00000e+00
2.66000e+02 1.82011e-11 0.00000e+00
2.67000e+02 2.17246e-11 0.00000e+00
2.68000e+02 1.69542e-11 0.00000e+00
2.69000e+02 1.58375e-11 0.00000e+00
2.70000e+02 2.22945e-11 0.00000e+00
2.71000e+02 1.64109e-11 0.00000e+00
2.72000e+02 1.53948e-11 0.00000e+00
2.73000e+02 1.90575e-11 0.00000e+00
2.74000e+02 1.88408e-11 0.00000e+00
2.75000e+02 2.15065e-11 0.00000e+00
2.76000e+02 1.46174e-11 0.00000e+00
2.77000e+02 1.70672e-11 0.00000e+00
2.78000e+02 1.48754e-11 0.00000e+00
2.79000e+02 1.82393e-11 0.00000e+00
2.80000e+02 1.52005e-11 0.00000e+00
2.81000e+02 1.89821e-11 0.00000e+00
2.82000e+02 1.72130e-11 0.00000e+00
2.83000e+02 1.71771e-11 0.00000e+00
2.84000e+02 1.57548e-11 0.00000e+00
2.85000e+02 1.86608e-11 0.00000e+00
2.86000e+02 2.36137e-11 0.00000e+00
2.87000e+02 1.97361e-11 0.00000e+00
2.88000e+02 1.76357e-11 0.00000e+00
2.89000e+02 1.62194e-11 0.00000e+00
2.90000e+02 2.08925e-11 0.00000e+00
2.91000e+02 1.80827e-11 0.00000e+00
2.92000e+02 1.58974e-11 0.00000e+00
2.93000e+02 1.38432e-11 0.00000e+00
2.94000e+02 1.64069e-11 0.00000e+00
2.95000e+02 1.86000e-11 0.00000e+00
2.96000e+02 1.56383e-11 0.00000e+00
2.97000e+02 1.33032e-11 0.00000e+00
2.98000e+02 1.95395e-11 0.00000e+00
2.99000e+02 1.73942e-11 0.00000e+00
3.00000e+02 1.53888e-11 0.00000e+00
3.01000e+02 1.87440e-11 0.00000e+00
3.02000e+02 1.76001e-11 0.00000e+00
3.03000e+02 1.54486e-11 0.00000e+00
3.04000e+02 1.87228e-11 0.00000e+00
3.05000e+02 1.43975e-11 0.00000e+00
3.06000e+02 2.12036e-11 0.00000e+00
3.07000e+02 1.60615e-11 0.00000e+00
3.08000e+02 1.71904e-11 0.00000e+00
3.09000e+02 2.05740e-11 0.00000e+00
3.10000e+02 1.65414e-11 0.00000e+00
3.11000e+02 1.29344e-11 0.00000e+00
3.12000e+02 1.64917e-11 0.00000e+00
3.13000e+02 1.55964e-11 0.00000e+00
3.14000e+02 1.26991e-11 0.00000e+00
3.15000e+02 1.39662e-11 0.00000e+00
3.16000e+02 1.92441e-11 0.00000e+00
3.17000e+02 1.49829e-11 0.00000e+00
3.18000e+02 1.55954e-11 0.00000e+00
3.19000e+02 1.29313e-11 0.00000e+00
3.20000e+02 1.34903e-11 0.00000e+00
3.21000e+02 1.45831e-11 0.00000e+00
3.22000e+02 1.88610e-11 0.00000e+00
3.23000e+02 1.60708e-11 0.00000e+00
3.24000e+02 1.32231e-11 0.00000e+00
3.25000e+02 1.38305e-11 0.00000e+00
3.26000e+02 1.64277e-11 0.00000e+00
3.27000e+02 1.62811e-11 0.00000e+00
3.28000e+02 1.10078e-11 0.00000e+00
3.29000e+02 1.39734e-11 0.00000e+00
3.30000e+02 1.44756e-11 0.00000e+00
3.31000e+02 1.75077e-11 0.00000e+00
3.32000e+02 1.26273e-11 0.00000e+00
3.33000e+02 1.65638e-11 0.00000e+00
3.34000e+02 1.55440e-11 0.00000e+00
3.35000e+02 1.47380e-11 0.00000e+00
3.36000e+02 1.79636e-11 0.00000e+00
3.37000e+02 1.52653e-11 0.00000e+00
3.38000e+02 1.17776e-11 0.00000e+00
3.39000e+02 1.28455e-11 0.00000e+00
3.40000e+02 1.48862e-11 0.00000e+00
3.41000e+02 1.51226e-11 0.00000e+00
3.42000e+02 1.21239e-11 0.00000e+00
3.43000e+02 1.37033e-11 0.00000e+00
3.44000e+02 1.52150e-11 0.00000e+00
3.45000e+02 1.20725e-11 0.00000e+00
3.46000e+02 1.59090e-11 0.00000e+00
3.47000e+02 8.29939e-12 0.00000e+00
3.48000e+02 1.28154e-11 0.00000e+00
3.49000e+02 1.17826e-11 0.00000e+00
3.50000e+02 1.40323e-11 0.00000e+00
3.51000e+02 1.14387e-11 0.00000e+00
3.52000e+02 1.70746e-11 0.00000e+00
3.53000e+02 1.22623e-11 0.00000e+00
3.54000e+02 1.38318e-11 0.00000e+00
3.55000e+02 1.35069e-11 0.00000e+00
3.56000e+02 1.23270e-11 0.00000e+00
3.57000e+02 1.14487e-11 0.00000e+00
3.58000e+02 1.48475e-11 0.00000e+00
3.59000e+02 1.29018e-11 0.00000e+00
3.60000e+02 1.10164e-11 0.00000e+00
3.61000e+02 1.38978e-11 0.00000e+00
3.62000e+02 1.55128e-11 0.00000e+00
3.63000e+02 1.30199e-11 0.00000e+00
3.64000e+02 1.23133e-11 0.00000e+00
3.65000e+02 1.28898e-11 0.00000e+00
3.66000e+02 1.21830e-11 0.00000e+00
3.67000e+02 1.46294e-11 0.00000e+00
3.68000e+02 1.71958e-11 0.00000e+00
3.69000e+02 1.30535e-11 0.00000e+00
3.70000e+02 1.21893e-11 0.00000e+00
3.71000e+02 1.01009e-11 0.00000e+00
3.72000e+02 1.36528e-11 0.00000e+00
3.73000e+02 1.33833e-11 0.00000e+00
3.74000e+02 1.34771e-11 0.00000e+00
3.75000e+02 1.39109e-11 0.00000e+00
3.76000e+02 1.29273e-11 0.00000e+00
3.77000e+02 1.37633e-11 0.00000e+00
3.78000e+02 1.52238e-11 0.00000e+00
3.79000e+02 1.03127e-11 0.00000e+00
3.80000e+02 1.40616e-11 0.00000e+00
3.81000e+02 1.26160e-11 0.00000e+00
3.82000e+02 1.36371e-11 0.00000e+00
3.83000e+02 1.87554e-11 0.00000e+00
3.84000e+02 1.21777e-11 0.00000e+00
3.85000e+02 1.23005e-11 0.00000e+00
3.86000e+02 1.19543e-11 0.00000e+00
3.87000e+02 1.33607e-11 0.00000e+00
3.88000e+02 1.29472e-11 0.00000e+00
3.89000e+02 1.21294e-11 0.00000e+00
3.90000e+02 1.24446e-11 0.00000e+00
3.91000e+02 1.17134e-11 0.00000e+00
3.92000e+02 1.43434e-11 0.00000e+00
3.93000e+02 1.27408e-11 0.00000e+00
3.94000e+02 1.07661e-11 0.00000e+00
3.95000e+02 1.15143e-11 0.00000e+00
3.96000e+02 1.27651e-11 0.00000e+00
3.97000e+02 1.36794e-11 0.00000e+00
3.98000e+02 1.44001e-11 0.00000e+00
3.99000e+02 1.02436e-11 0.00000e+00
4.00000e+02 1.06838e-11 0.00000e+00
4.01000e+02 1.20610e-11 0.00000e+00
4.02000e+02 1.27192e-11 0.00000e+00
4.03000e+02 1.29173e-11 0.00000e+00
4.04000e+02 1.25728e-11 0.00000e+00
4.05000e+02 1.30250e-11 0.00000e+00
4.06000e+02 1.17974e-11 0.00000e+00
4.07000e+02 1.57555e-11 0.00000e+00
4.08000e+02 1.12879e-11 0.00000e+00
4.09000e+02 1.21384e-11 0.00000e+00
4.10000e+02 1.10685e-11 0.00000e+00
4.11000e+02 1.34399e-11 0.00000e+00
4.12000e+02 9.57949e-12 0.00000e+00
4.13000e+02 1.21197e-11 0.00000e+00
4.14000e+02 1.19933e-11 0.00000e+00
4.15000e+02 1.00018e-11 0.00000e+00
4.16000e+02 9.27449e-12 0.00000e+00
4.17000e+02 9.27575e-12 0.00000e+00
4.18000e+02 8.48438e-12 0.00000e+00
4.19000e+02 1.32715e-11 0.00000e+00
4.20000e+02 1.05558e-11 0.00000e+00
4.21000e+02 8.42439e-12 0.00000e+00
4.22000e+02 9.81397e-12 0.00000e+00
4.23000e+02 9.31980e-12 0.00000e+00
4.24000e+02 1.12902e-11 0.00000e+00
4.25000e+02 1.05550e-11 0.00000e+00
4.26000e+02 1.10034e-11 0.00000e+00
4.27000e+02 1.15784e-11 0.00000e+00
4.28000e+02 8.52624e-12 0.00000e+00
4.29000e+02 9.06127e-12 0.00000e+00
4.30000e+02 1.13268e-11 0.00000e+00
4.31000e+02 9.77047e-12 0.00000e+00
4.32000e+02 1.17265e-11 0.00000e+00
4.33000e+02 7.96572e-12 0.00000e+00
4.34000e+02 1.31023e-11 0.00000e+00
4.35000e+02 9.49913e-12 0.00000e+00
4.36000e+02 9.38817e-12 0.00000e+00
4.37000e+02 1.12517e-11 0.00000e+00
4.38000e+02 9.89172e-12 0.00000e+00
4.39000e+02 1.12214e-11 0.00000e+00
4.40000e+02 1.02095e-11 0.00000e+00
4.41000e+02 8.88388e-12 0.00000e+00
4.42000e+02 1.08817e-11 0.00000e+00
4.43000e+02 1.01405e-11 0.00000e+00
4.44000e+02 1.10744e-11 0.00000e+00
4.45000e+02 1.02440e-11 0.00000e+00
4.46000e+02 9.75700e-12 0.00000e+00
4.47000e+02 8.89207e-12 0.00000e+00
4.48000e+02 1.03722e-11 0.00000e+00
4.49000e+02 1.10465e-11 0.00000e+00
4.50000e+02 1.05397e-11 0.00000e+00
4.51000e+02 9.45113e-12 0.00000e+00
4.52000e+02 1.16980e-11 0.00000e+00
4.53000e+02 1.19919e-11 0.00000e+00
4.54000e+02 9.92260e-12 0.00000e+00
4.55000e+02 1.04588e-11 0.00000e+00
4.56000e+02 9.61841e-12 0.00000e+00
4.57000e+02 1.02101e-11 0.00000e+00
4.58000e+02 1.06686e-11 0.00000e+00
4.59000e+02 1.09460e-11 0.00000e+00
4.60000e+02 9.77359e-12 0.00000e+00
4.61000e+02 1.09553e-11 0.00000e+00
4.62000e+02 1.04995e-11 0.00000e+00
4.63000e+02 9.74440e-12 0.00000e+00
4.64000e+02 9.41475e-12 0.00000e+00
4.65000e+02 8.08469e-12 0.00000e+00
4.66000e+02 9.39267e-12 0.00000e+00
4.67000e+02 8.45535e-12 0.00000e+00
4.68000e+02 9.87242e-12 0.00000e+00
4.69000e+02 7.97285e-12 0.00000e+00
4.70000e+02 8.58672e-12 0.00000e+00
4.71000e+02 7.34438e-12 0.00000e+00
4.72000e+02 1.14796e-11 0.00000e+00
4.73000e+02 9.92906e-12 0.00000e+00
4.74000e+02 9.84619e-12 0.00000e+00
4.75000e+02 1.00260e-11 0.00000e+00
4.76000e+02 9.79282e-12 0.00000e+00
4.77000e+02 7.95625e-12 0.00000e+00
4.78000e+02 9.00399e-12 0.00000e+00
4.79000e+02 1.00912e-11 0.00000e+00
4.80000e+02 9.46804e-12 0.00000e+00
4.81000e+02 9.65834e-12 0.00000e+00
4.82000e+02 9.62844e-12 0.00000e+00
4.83000e+02 9.11324e-12 0.00000e+00
4.84000e+02 1.02347e-11 0.00000e+00
4.85000e+02 8.93628e-12 0.00000e+00
4.86000e+02 8.48184e-12 0.00000e+00
4.87000e+02 1.04211e-11 0.00000e+00
4.88000e+02 8.21124e-12 0.00000e+00
4.89000e+02 8.27294e-12 0.00000e+00
4.90000e+02 1.05051e-11 0.00000e+00
4.91000e+02 9.54335e-12 0.00000e+00
4.92000e+02 9.04830e-12 0.00000e+00
4.93000e+02 1.08344e-11 0.00000e+00
4.94000e+02 1.06129e-11 0.00000e+00
4.95000e+02 9.09735e-12 0.00000e+00
4.96000e+02 9.67936e-12 0.00000e+00
4.97000e+02 8.50479e-12 0.00000e+00
4.98000e+02 9.69911e-12 0.00000e+00
4.99000e+02 8.97454e-12 0.00000e+00
5.00000e+02 9.84956e-12 0.00000e+00
5.01000e+02 9.92372e-12 0.00000e+00
5.02000e+02 9.16748e-12 0.00000e+00
5.03000e+02 8.97752e-12 0.00000e+00
5.04000e+02 8.77715e-12 0.00000e+00
5.05000e+02 8.93573e-12 0.00000e+00
5.06000e+02 8.31159e-12 0.00000e+00
5.07000e+02 8.79743e-12 0.00000e+00
5.08000e+02 1.03535e-11 0.00000e+00
5.09000e+02 8.61545e-12 0.00000e+00
5.10000e+02 8.37359e-12 0.00000e+00
5.11000e+02 8.16734e-12 0.00000e+00
5.12000e+02 9.25502e-12 0.00000e+00
5.13000e+02 7.68119e-12 0.00000e+00
5.14000e+02 8.01995e-12 0.00000e+00
5.15000e+02 8.46702e-12 0.00000e+00
5.16000e+02 6.90220e-12 0.00000e+00
5.17000e+02 8.77772e-12 0.00000e+00
5.18000e+02 7.52995e-12 0.00000e+00
5.19000e+02 8.69621e-12 0.00000e+00
5.20000e+02 8.27516e-12 0.00000e+00
5.21000e+02 8.57818e-12 0.00000e+00
5.22000e+02 8.04652e-12 0.00000e+00
5.23000e+02 7.91528e-12 0.00000e+00
5.24000e+02 7.37276e-12 0.00000e+00
5.25000e+02 8.22765e-12 0.00000e+00
5.26000e+02 6.98215e-12 0.00000e+00
5.27000e+02 7.60116e-12 0.00000e+00
5.28000e+02 9.50872e-12 0.00000e+00
5.29000e+02 8.78440e-12 0.00000e+00
5.30000e+02 7.16132e-12 0.00000e+00
5.31000e+02 7.08886e-12 0.00000e+00
5.32000e+02 6.33775e-12 0.00000e+00
5.33000e+02 8.55004e-12 0.00000e+00
5.34000e+02 8.97896e-12 0.00000e+00
5.35000e+02 6.89321e-12 0.00000e+00
5.36000e+02 7.91422e-12 0.00000e+00
5.37000e+02 6.35983e-12 0.00000e+00
5.38000e+02 7.22457e-12 0.00000e+00
5.39000e+02 8.71163e-12 0.00000e+00
5.40000e+02 8.46148e-12 0.00000e+00
5.41000e+02 8.58910e-12 0.00000e+00
5.42000e+02 7.82171e-12 0.00000e+00
5.43000e+02 6.87081e-12 0.00000e+00
5.44000e+02 6.95207e-12 0.00000e+00
5.45000e+02 1.01493e-11 0.00000e+00
5.46000e+02 7.36312e-12 0.00000e+00
5.47000e+02 7.68299e-12 0.00000e+00
5.48000e+02 7.88180e-12 0.00000e+00
5.49000e+02 7.75194e-12 0.00000e+00
5.50000e+02 7.32782e-12 0.00000e+00
5.51000e+02 7.51604e-12 0.00000e+00
5.52000e+02 8.32629e-12 0.00000e+00
5.53000e+02 6.96263e-12 0.00000e+00
5.54000e+02 6.87736e-12 0.00000e+00
5.55000e+02 5.83850e-12 0.00000e+00
5.56000e+02 9.48685e-12 0.00000e+00
5.57000e+02 7.68751e-12 0.00000e+00
5.58000e+02 6.85446e-12 0.00000e+00
5.59000e+02 7.52540e-12 0.00000e+00
5.60000e+02 7.23476e-12 0.00000e+00
5.61000e+02 8.67510e-12 0.00000e+00
5.62000e+02 7.20893e-12 0.00000e+00
5.63000e+02 7.76948e-12 0.00000e+00
5.64000e+02 7.14016e-12 0.00000e+00
5.65000e+02 7.37843e-12 0.00000e+00
5.66000e+02 5.78585e-12 0.00000e+00
5.67000e+02 7.24108e-12 0.00000e+00
5.68000e+02 6.33885e-12 0.00000e+00
5.69000e+02 5.58769e-12 0.00000e+00
5.70000e+02 7.48545e-12 0.00000e+00
5.71000e+02 7.96404e-12 0.00000e+00
5.72000e+02 7.26047e-12 0.00000e+00
5.73000e+02 7.89700e-12 0.00000e+00
5.74000e+02 6.72351e-12 0.00000e+00
5.75000e+02 6.01138e-12 0.00000e+00
5.76000e+02 6.80011e-12 0.00000e+00
5.77000e+02 5.92748e-12 0.00000e+00
5.78000e+02 6.40405e-12 0.00000e+00
5.79000e+02 7.91726e-12 0.00000e+00
5.80000e+02 6.08357e-12 0.00000e+00
5.81000e+02 6.37865e-12 0.00000e+00
5.82000e+02 5.56720e-12 0.00000e+00
5.83000e+02 6.42594e-12 0.00000e+00
5.84000e+02 6.93762e-12 0.00000e+00
5.85000e+02 7.84693e-12 0.00000e+00
5.86000e+02 5.91657e-12 0.00000e+00
5.87000e+02 6.63789e-12 0.00000e+00
5.88000e+02 6.32516e-12 0.00000e+00
5.89000e+02 6.22908e-12 0.00000e+00
5.90000e+02 6.43659e-12 0.00000e+00
5.91000e+02 7.05449e-12 0.00000e+00
5.92000e+02 7.43200e-12 0.00000e+00
5.93000e+02 8.39920e-12 0.00000e+00
5.94000e+02 7.18374e-12 0.00000e+00
5.95000e+02 7.34200e-12 0.00000e+00
5.96000e+02 6.92621e-12 0.00000e+00
5.97000e+02 6.03540e-12 0.00000e+00
5.98000e+02 5.56659e-12 0.00000e+00
5.99000e+02 6.53501e-12 0.00000e+00
6.00000e+02 6.28088e-12 0.00000e+00
6.01000e+02 6.61254e-12 0.00000e+00
6.02000e+02 6.72767e-12 0.00000e+00
6.03000e+02 6.21303e-12 0.00000e+00
6.04000e+02 5.74732e-12 0.00000e+00
6.05000e+02 6.24081e-12 0.00000e+00
6.06000e+02 5.24278e-12 0.00000e+00
6.07000e+02 6.91937e-12 0.00000e+00
6.08000e+02 6.55967e-12 0.00000e+00
6.09000e+02 5.31026e-12 0.00000e+00
6.10000e+02 7.19084e-12 0.00000e+00
6.11000e+02 5.81185e-12 0.00000e+00
6.12000e+02 7.00183e-12 0.00000e+00
6.13000e+02 6.63766e-12 0.00000e+00
6.14000e+02 6.70102e-12 0.00000e+00
6.15000e+02 6.19440e-12 0.00000e+00
6.16000e+02 5.62528e-12 0.00000e+00
6.17000e+02 6.69033e-12 0.00000e+00
6.18000e+02 6.62055e-12 0.00000e+00
6.19000e+02 6.00099e-12 0.00000e+00
6.20000e+02 6.99684e-12 0.00000e+00
6.21000e+02 6.14156e-12 0.00000e+00
6.22000e+02 5.08928e-12 0.00000e+00
6.23000e+02 6.33827e-12 0.00000e+00
6.24000e+02 7.22452e-12 0.00000e+00
6.25000e+02 5.89711e-12 0.00000e+00
6.26000e+02 5.22313e-12 0.00000e+00
6.27000e+02 6.22685e-12 0.00000e+00
6.28000e+02 6.89741e-12 0.00000e+00
6.29000e+02 5.72775e-12 0.00000e+00
6.30000e+02 5.32912e-12 0.00000e+00
6.31000e+02 5.62741e-12 0.00000e+00
6.32000e+02 5.76611e-12 0.00000e+00
6.33000e+02 5.43716e-12 0.00000e+00
6.34000e+02 5.18377e-12 0.00000e+00
6.35000e+02 6.30014e-12 0.00000e+00
6.36000e+02 6.18807e-12 0.00000e+00
6.37000e+02 6.35754e-12 0.00000e+00
6.38000e+02 5.83698e-12 0.00000e+00
6.39000e+02 4.28816e-12 0.00000e+00
6.40000e+02 5.78872e-12 0.00000e+00
6.41000e+02 5.82019e-12 0.00000e+00
6.42000e+02 4.87632e-12 0.00000e+00
6.43000e+02 5.34983e-12 0.00000e+00
6.44000e+02 6.53263e-12 0.00000e+00
6.45000e+02 4.89333e-12 0.00000e+00
6.46000e+02 6.33995e-12 0.00000e+00
6.47000e+02 5.33631e-12 0.00000e+00
6.48000e+02 5.56004e-12 0.00000e+00
6.49000e+02 6.36742e-12 0.00000e+00
6.50000e+02 5.99168e-12 0.00000e+00
6.51000e+02 5.67497e-12 0.00000e+00
6.52000e+02 6.05962e-12 0.00000e+00
6.53000e+02 5.77517e-12 0.00000e+00
6.54000e+02 5.49887e-12 0.00000e+00
6.55000e+02 5.86686e-12 0.00000e+00
6.56000e+02 6.34051e-12 0.00000e+00
6.57000e+02 6.14289e-12 0.00000e+00
6.58000e+02 5.45413e-12 0.00000e+00
6.59000e+02 6.26836e-12 0.00000e+00
6.60000e+02 5.16135e-12 0.00000e+00
6.61000e+02 5.16080e-12 0.00000e+00
6.62000e+02 5.73332e-12 0.00000e+00
6.63000e+02 5.45566e-12 0.00000e+00
6.64000e+02 4.78529e-12 0.00000e+00
6.65000e+02 5.51950e-12 0.00000e+00
6.66000e+02 6.27418e-12 0.00000e+00
6.67000e+02 5.56463e-12 0.00000e+00
6.68000e+02 4.41970e-12 0.00000e+00
6.69000e+02 5.69974e-12 0.00000e+00
6.70000e+02 5.17824e-12 0.00000e+00
6.71000e+02 5.52915e-12 0.00000e+00
6.72000e+02 4.87965e-12 0.00000e+00
6.73000e+02 5.35576e-12 0.00000e+00
6.74000e+02 5.34216e-12 0.00000e+00
6.75000e+02 5.02798e-12 0.00000e+00
6.76000e+02 5.72240e-12 0.00000e+00
6.77000e+02 4.79502e-12 0.00000e+00
6.78000e+02 5.78836e-12 0.00000e+00
6.79000e+02 4.37853e-12 0.00000e+00
6.80000e+02 5.24363e-12 0.00000e+00
6.81000e+02 5.21297e-12 0.00000e+00
6.82000e+02 5.58790e-12 0.00000e+00
6.83000e+02 5.73796e-12 0.00000e+00
6.84000e+02 5.03099e-12 0.00000e+00
6.85000e+02 5.86011e-12 0.00000e+00
6.86000e+02 4.35793e-12 0.00000e+00
6.87000e+02 4.99532e-12 0.00000e+00
6.88000e+02 5.63760e-12 0.00000e+00
6.89000e+02 5.24718e-12 0.00000e+00
6.90000e+02 4.70305e-12 0.00000e+00
6.91000e+02 5.11647e-12 0.00000e+00
6.92000e+02 4.95091e-12 0.00000e+00
6.93000e+02 4.93669e-12 0.00000e+00
6.94000e+02 5.20418e-12 0.00000e+00
6.95000e+02 4.77582e-12 0.00000e+00
6.96000e+02 4.64799e-12 0.00000e+00
6.97000e+02 4.81228e-12 0.00000e+00
6.98000e+02 4.28638e-12 0.00000e+00
6.99000e+02 4.26236e-12 0.00000e+00
7.00000e+02 5.03392e-12 0.00000e+00
7.01000e+02 5.01845e-12 0.00000e+00
7.02000e+02 4.06951e-12 0.00000e+00
7.03000e+02 4.09964e-12 0.00000e+00
7.04000e+02 4.36064e-12 0.00000e+00
7.05000e+02 4.75852e-12 0.00000e+00
7.06000e+02 4.75793e-12 0.00000e+00
7.07000e+02 5.55770e-12 0.00000e+00
7.08000e+02 5.17679e-12 0.00000e+00
7.09000e+02 4.87971e-12 0.00000e+00
7.10000e+02 4.72118e-12 0.00000e+00
7.11000e+02 4.76155e-12 0.00000e+00
7.12000e+02 4.37049e-12 0.00000e+00
7.13000e+02 4.74036e-12 0.00000e+00
7.14000e+02 4.96958e-12 0.00000e+00
7.15000e+02 4.39771e-12 0.00000e+00
7.16000e+02 4.17911e-12 0.00000e+00
7.17000e+02 4.70873e-12 0.00000e+00
7.18000e+02 4.55347e-12 0.00000e+00
7.19000e+02 4.04022e-12 0.00000e+00
7.20000e+02 3.86745e-12 0.00000e+00
7.21000e+02 4.47528e-12 0.00000e+00
7.22000e+02 4.87001e-12 0.00000e+00
7.23000e+02 3.80052e-12 0.00000e+00
7.24000e+02 4.24319e-12 0.00000e+00
7.25000e+02 4.89209e-12 0.00000e+00
7.26000e+02 3.97222e-12 0.00000e+00
7.27000e+02 4.46609e-12 0.00000e+00
7.28000e+02 4.70341e-12 0.00000e+00
7.29000e+02 4.91385e-12 0.00000e+00
7.30000e+02 4.29850e-12 0.00000e+00
7.31000e+02 4.26934e-12 0.00000e+00
7.32000e+02 4.79684e-12 0.00000e+00
7.33000e+02 4.30943e-12 0.00000e+00
7.34000e+02 4.90518e-12 0.00000e+00
7.35000e+02 5.34761e-12 0.00000e+00
7.36000e+02 3.94316e-12 0.00000e+00
7.37000e+02 4.79350e-12 0.00000e+00
7.38000e+02 4.44195e-12 0.00000e+00
7.39000e+02 4.64128e-12 0.00000e+00
7.40000e+02 4.14023e-12 0.00000e+00
7.41000e+02 5.02950e-12 0.00000e+00
7.42000e+02 4.10808e-12 0.00000e+00
7.43000e+02 4.47850e-12 0.00000e+00
7.44000e+02 3.56887e-12 0.00000e+00
7.45000e+02 4.61399e-12 0.00000e+00
7.46000e+02 3.90563e-12 0.00000e+00
7.47000e+02 4.08046e-12 0.00000e+00
7.48000e+02 3.77558e-12 0.00000e+00
7.49000e+02 3.90854e-12 0.00000e+00
7.50000e+02 4.67196e-12 0.00000e+00
7.51000e+02 3.73665e-12 0.00000e+00
7.52000e+02 4.45249e-12 0.00000e+00
7.53000e+02 4.58449e-12 0.00000e+00
7.54000e+02 4.52744e-12 0.00000e+00
7.55000e+02 3.92808e-12 0.00000e+00
7.56000e+02 4.00365e-12 0.00000e+00
7.57000e+02 4.21217e-12 0.00000e+00
7.58000e+02 4.24060e-12 0.00000e+00
7.59000e+02 3.81496e-12 0.00000e+00
7.60000e+02 4.26604e-12 0.00000e+00
7.61000e+02 4.19468e-12 0.00000e+00
7.62000e+02 4.27173e-12 0.00000e+00
7.63000e+02 3.57279e-12 0.00000e+00
7.64000e+02 4.10198e-12 0.00000e+00
7.65000e+02 3.85585e-12 0.00000e+00
7.66000e+02 3.19710e-12 0.00000e+00
7.67000e+02 4.55940e-12 0.00000e+00
7.68000e+02 4.01476e-12 0.00000e+00
7.69000e+02 3.34505e-12 0.00000e+00
7.70000e+02 3.96164e-12 0.00000e+00
7.71000e+02 3.87375e-12 0.00000e+00
7.72000e+02 4.00646e-12 0.00000e+00
7.73000e+02 3.65724e-12 0.00000e+00
7.74000e+02 3.69996e-12 0.00000e+00
7.75000e+02 3.89702e-12 0.00000e+00
7.76000e+02 3.54284e-12 0.00000e+00
7.77000e+02 4.42301e-12 0.00000e+00
7.78000e+02 3.85578e-12 0.00000e+00
7.79000e+02 3.58136e-12 0.00000e+00
7.80000e+02 3.69856e-12 0.00000e+00
7.81000e+02 3.86729e-12 0.00000e+00
7.82000e+02 4.19356e-12 0.00000e+00
7.83000e+02 3.13559e-12 0.00000e+00
7.84000e+02 3.59965e-12 0.00000e+00
7.85000e+02 3.68070e-12 0.00000e+00
7.86000e+02 3.15068e-12 0.00000e+00
7.87000e+02 4.21052e-12 0.00000e+00
7.88000e+02 3.72836e-12 0.00000e+00
7.89000e+02 3.51207e-12 0.00000e+00
7.90000e+02 4.17250e-12 0.00000e+00
7.91000e+02 3.75514e-12 0.00000e+00
7.92000e+02 3.51626e-12 0.00000e+00
7.93000e+02 3.51904e-12 0.00000e+00
7.94000e+02 3.84971e-12 0.00000e+00
7.95000e+02 3.18416e-12 0.00000e+00
7.96000e+02 3.45786e-12 0.00000e+00
7.97000e+02 3.20265e-12 0.00000e+00
7.98000e+02 3.57987e-12 0.00000e+00
7.99000e+02 3.43265e-12 0.00000e+00
8.00000e+02 3.76903e-12 0.00000e+00
8.01000e+02 3.69363e-12 0.00000e+00
8.02000e+02 3.87875e-12 0.00000e+00
8.03000e+02 3.12358e-12 0.00000e+00
8.04000e+02 3.63494e-12 0.00000e+00
8.05000e+02 3.41334e-12 0.00000e+00
8.06000e+02 3.78797e-12 0.00000e+00
8.07000e+02 3.56362e-12 0.00000e+00
8.08000e+02 3.55098e-12 0.00000e+00
8.09000e+02 3.36735e-12 0.00000e+00
8.10000e+02 4.03834e-12 0.00000e+00
8.11000e+02 3.59831e-12 0.00000e+00
8.12000e+02 3.27510e-12 0.00000e+00
8.13000e+02 3.45212e-12 0.00000e+00
8.14000e+02 3.45772e-12 0.00000e+00
8.15000e+02 3.19264e-12 0.00000e+00
8.16000e+02 3.07772e-12 0.00000e+00
8.17000e+02 3.29256e-12 0.00000e+00
8.18000e+02 3.03726e-12 0.00000e+00
8.19000e+02 3.72736e-12 0.00000e+00
8.20000e+02 3.26429e-12 0.00000e+00
8.21000e+02 3.17646e-12 0.00000e+00
8.22000e+02 3.18401e-12 0.00000e+00
8.23000e+02 3.58846e-12 0.00000e+00
8.24000e+02 3.25819e-12 0.00000e+00
8.25000e+02 3.30775e-12 0.00000e+00
8.26000e+02 3.27229e-12 0.00000e+00
8.27000e+02 3.54015e-12 0.00000e+00
8.28000e+02 2.88277e-12 0.00000e+00
8.29000e+02 3.24391e-12 0.00000e+00
8.30000e+02 3.26535e-12 0.00000e+00
8.31000e+02 3.02037e-12 0.00000e+00
8.32000e+02 3.23152e-12 0.00000e+00
8.33000e+02 2.90915e-12 0.00000e+00
8.34000e+02 3.19065e-12 0.00000e+00
8.35000e+02 3.22527e-12 0.00000e+00
8.36000e+02 3.11418e-12 0.00000e+00
8.37000e+02 3.11401e-12 0.00000e+00
8.38000e+02 3.13117e-12 0.00000e+00
8.39000e+02 3.08713e-12 0.00000e+00
8.40000e+02 2.93196e-12 0.00000e+00
8.41000e+02 3.24769e-12 0.00000e+00
8.42000e+02 2.96858e-12 0.00000e+00
8.43000e+02 3.15899e-12 0.00000e+00
8.44000e+02 3.00511e-12 0.00000e+00
8.45000e+02 3.35284e-12 0.00000e+00
8.46000e+02 3.48844e-12 0.00000e+00
8.47000e+02 3.08589e-12 0.00000e+00
8.48000e+02 3.04180e-12 0.00000e+00
8.49000e+02 2.72003e-12 0.00000e+00
8.50000e+02 2.87498e-12 0.00000e+00
8.51000e+02 3.08317e-12 0.00000e+00
8.52000e+02 3.19024e-12 0.00000e+00
8.53000e+02 3.07389e-12 0.00000e+00
8.54000e+02 2.89348e-12 0.00000e+00
8.55000e+02 2.97263e-12 0.00000e+00
8.56000e+02 3.14385e-12 0.00000e+00
8.57000e+02 2.88781e-12 0.00000e+00
8.58000e+02 3.32647e-12 0.00000e+00
8.59000e+02 3.13183e-12 0.00000e+00
8.60000e+02 2.52071e-12 0.00000e+00
8.61000e+02 2.68467e-12 0.00000e+00
8.62000e+02 2.69443e-12 0.00000e+00
8.63000e+02 3.03534e-12 0.00000e+00
8.64000e+02 2.59531e-12 0.00000e+00
8.65000e+02 2.75900e-12 0.00000e+00
8.66000e+02 2.82728e-12 0.00000e+00
8.67000e+02 3.00292e-12 0.00000e+00
8.68000e+02 2.59449e-12 0.00000e+00
8.69000e+02 3.02208e-12 0.00000e+00
8.70000e+02 2.87871e-12 0.00000e+00
8.71000e+02 2.60578e-12 0.00000e+00
8.72000e+02 2.57874e-12 0.00000e+00
8.73000e+02 3.00564e-12 0.00000e+00
8.74000e+02 2.40601e-12 0.00000e+00
8.75000e+02 2.74773e-12 0.00000e+00
8.76000e+02 2.41285e-12 0.00000e+00
8.77000e+02 2.71994e-12 0.00000e+00
8.78000e+02 2.54132e-12 0.00000e+00
8.79000e+02 2.77842e-12 0.00000e+00
8.80000e+02 2.77324e-12 0.00000e+00
8.81000e+02 2.68400e-12 0.00000e+00
8.82000e+02 2.41659e-12 0.00000e+00
8.83000e+02 2.25565e-12 0.00000e+00
8.84000e+02 2.80383e-12 0.00000e+00
8.85000e+02 2.54861e-12 0.00000e+00
8.86000e+02 2.73789e-12 0.00000e+00
8.87000e+02 2.64546e-12 0.00000e+00
8.88000e+02 2.62949e-12 0.00000e+00
8.89000e+02 2.57039e-12 0.00000e+00
8.90000e+02 2.41564e-12 0.00000e+00
8.91000e+02 2.69633e-12 0.00000e+00
8.92000e+02 2.73295e-12 0.00000e+00
8.93000e+02 2.65430e-12 0.00000e+00
8.94000e+02 2.59671e-12 0.00000e+00
8.95000e+02 2.74040e-12 0.00000e+00
8.96000e+02 2.64137e-12 0.00000e+00
8.97000e+02 2.63616e-12 0.00000e+00
8.98000e+02 2.53315e-12 0.00000e+00
8.99000e+02 2.64157e-12 0.00000e+00
9.00000e+02 2.73441e-12 0.00000e+00
9.01000e+02 2.53733e-12 0.00000e+00
9.02000e+02 2.51700e-12 0.00000e+00
9.03000e+02 2.76654e-12 0.00000e+00
9.04000e+02 2.67852e-12 0.00000e+00
9.05000e+02 2.50249e-12 0.00000e+00
9.06000e+02 2.46494e-12 0.00000e+00
9.07000e+02 2.55726e-12 0.00000e+00
9.08000e+02 2.26868e-12 0.00000e+00
9.09000e+02 2.23319e-12 0.00000e+00
9.10000e+02 2.68113e-12 0.00000e+00
9.11000e+02 2.41645e-12 0.00000e+00
9.12000e+02 2.43347e-12 0.00000e+00
9.13000e+02 2.32104e-12 0.00000e+00
9.14000e+02 2.42760e-12 0.00000e+00
9.15000e+02 2.42232e-12 0.00000e+00
9.16000e+02 2.34271e-12 0.00000e+00
9.17000e+02 2.38387e-12 0.00000e+00
9.18000e+02 2.31575e-12 0.00000e+00
9.19000e+02 2.16589e-12 0.00000e+00
9.20000e+02 2.21951e-12 0.00000e+00
9.21000e+02 2.46565e-12 0.00000e+00
9.22000e+02 2.58597e-12 0.00000e+00
9.23000e+02 2.29464e-12 0.00000e+00
9.24000e+02 2.63498e-12 0.00000e+00
9.25000e+02 2.29461e-12 0.00000e+00
9.26000e+02 2.28792e-12 0.00000e+00
9.27000e+02 2.37504e-12 0.00000e+00
9.28000e+02 2.20400e-12 0.00000e+00
9.29000e+02 2.29142e-12 0.00000e+00
9.30000e+02 2.34937e-12 0.00000e+00
9.31000e+02 2.52596e-12 0.00000e+00
9.32000e+02 2.02604e-12 0.00000e+00
9.33000e+02 2.24917e-12 0.00000e+00
9.34000e+02 2.08313e-12 0.00000e+00
9.35000e+02 2.06154e-12 0.00000e+00
9.36000e+02 2.38639e-12 0.00000e+00
9.37000e+02 2.19811e-12 0.00000e+00
9.38000e+02 2.32402e-12 0.00000e+00
9.39000e+02 2.06039e-12 0.00000e+00
9.40000e+02 2.53002e-12 0.00000e+00
9.41000e+02 2.24225e-12 0.00000e+00
9.42000e+02 2.20654e-12 0.00000e+00
9.43000e+02 2.29672e-12 0.00000e+00
9.44000e+02 2.17274e-12 0.00000e+00
9.45000e+02 2.01118e-12 0.00000e+00
9.46000e+02 2.08107e-12 0.00000e+00
9.47000e+02 2.19268e-12 0.00000e+00
9.48000e+02 2.02739e-12 0.00000e+00
9.49000e+02 2.35212e-12 0.00000e+00
9.50000e+02 2.20769e-12 0.00000e+00
9.51000e+02 2.04156e-12 0.00000e+00
9.52000e+02 1.79438e-12 0.00000e+00
9.53000e+02 1.94407e-12 0.00000e+00
9.54000e+02 1.85023e-12 0.00000e+00
9.55000e+02 2.46753e-12 0.00000e+00
9.56000e+02 2.18713e-12 0.00000e+00
9.57000e+02 1.89434e-12 0.00000e+00
9.58000e+02 1.86632e-12 0.00000e+00
9.59000e+02 2.03100e-12 0.00000e+00
9.60000e+02 1.95453e-12 0.00000e+00
9.61000e+02 2.04924e-12 0.00000e+00
9.62000e+02 2.02759e-12 0.00000e+00
9.63000e+02 2.00988e-12 0.00000e+00
9.64000e+02 2.06469e-12 0.00000e+00
9.65000e+02 2.02309e-12 0.00000e+00
9.66000e+02 1.81467e-12 0.00000e+00
9.67000e+02 1.86461e-12 0.00000e+00
9.68000e+02 1.91705e-12 0.00000e+00
9.69000e+02 2.06783e-12 0.00000e+00
9.70000e+02 2.05141e-12 0.00000e+00
9.71000e+02 2.13565e-12 0.00000e+00
9.72000e+02 1.87922e-12 0.00000e+00
9.73000e+02 1.76815e-12 0.00000e+00
9.74000e+02 2.26056e-12 0.00000e+00
9.75000e+02 2.13130e-12 0.00000e+00
9.76000e+02 2.01566e-12 0.00000e+00
9.77000e+02 1.86049e-12 0.00000e+00
9.78000e+02 1.95588e-12 0.00000e+00
9.79000e+02 1.77665e-12 0.00000e+00
9.80000e+02 1.88993e-12 0.00000e+00
9.81000e+02 2.07039e-12 0.00000e+00
9.82000e+02 1.86209e-12 0.00000e+00
9.83000e+02 1.92795e-12 0.00000e+00
9.84000e+02 2.12964e-12 0.00000e+00
9.85000e+02 2.03262e-12 0.00000e+00
9.86000e+02 1.66447e-12 0.00000e+00
9.87000e+02 1.91370e-12 0.00000e+00
9.88000e+02 2.29909e-12 0.00000e+00
9.89000e+02 1.66597e-12 0.00000e+00
9.90000e+02 1.76067e-12 0.00000e+00
9.91000e+02 1.68775e-12 0.00000e+00
9.92000e+02 1.81982e-12 0.00000e+00
9.93000e+02 1.76696e-12 0.00000e+00
9.94000e+02 1.61424e-12 0.00000e+00
9.95000e+02 1.75678e-12 0.00000e+00
9.96000e+02 1.97244e-12 0.00000e+00
9.97000e+02 1.85453e-12 0.00000e+00
9.98000e+02 1.57292e-12 0.00000e+00
9.99000e+02 1.67165e-12 0.00000e+00
1.00000e+03 1.96829e-12 0.00000e+00
1.00100e+03 1.68979e-12 0.00000e+00
1.00200e+03 1.95084e-12 0.00000e+00
1.00300e+03 1.75864e-12 0.00000e+00
1.00400e+03 1.78375e-12 0.00000e+00
1.00500e+03 1.88593e-12 0.00000e+00
1.00600e+03 1.67042e-12 0.00000e+00
1.00700e+03 1.69412e-12 0.00000e+00
1.00800e+03 1.71368e-12 0.00000e+00
1.00900e+03 1.92270e-12 0.00000e+00
1.01000e+03 1.79511e-12 0.00000e+00
1.01100e+03 1.67540e-12 0.00000e+00
1.01200e+03 1.57063e-12 0.00000e+00
1.01300e+03 1.52951e-12 0.00000e+00
1.01400e+03 1.91021e-12 0.00000e+00
1.01500e+03 1.62995e-12 0.00000e+00
1.01600e+03 1.58054e-12 0.00000e+00
1.01700e+03 1.68107e-12 0.00000e+00
1.01800e+03 1.70560e-12 0.00000e+00
1.01900e+03 1.65506e-12 0.00000e+00
1.02000e+03 1.71854e-12 0.00000e+00
1.02100e+03 1.74813e-12 0.00000e+00
1.02200e+03 1.62809e-12 0.00000e+00
1.02300e+03 1.77390e-12 0.00000e+00
1.02400e+03 1.53675e-12 0.00000e+00
1.02500e+03 1.48835e-12 0.00000e+00
1.02600e+03 1.59172e-12 0.00000e+00
1.02700e+03 1.68601e-12 0.00000e+00
1.02800e+03 1.58124e-12 0.00000e+00
1.02900e+03 1.61304e-12 0.00000e+00
1.03000e+03 1.56984e-12 0.00000e+00
1.03100e+03 1.65286e-12 0.00000e+00
1.03200e+03 1.56373e-12 0.00000e+00
1.03300e+03 1.72978e-12 0.00000e+00
1.03400e+03 1.62421e-12 0.00000e+00
1.03500e+03 1.50007e-12 0.00000e+00
1.03600e+03 1.58352e-12 0.00000e+00
1.03700e+03 1.58846e-12 0.00000e+00
1.03800e+03 1.52001e-12 0.00000e+00
1.03900e+03 1.68219e-12 0.00000e+00
1.04000e+03 1.58569e-12 0.00000e+00
1.04100e+03 1.48802e-12 0.00000e+00
1.04200e+03 1.67641e-12 0.00000e+00
1.04300e+03 1.53122e-12 0.00000e+00
1.04400e+03 1.57275e-12 0.00000e+00
1.04500e+03 1.52404e-12 0.00000e+00
1.04600e+03 1.65806e-12 0.00000e+00
1.04700e+03 1.42670e-12 0.00000e+00
1.04800e+03 1.62810e-12 0.00000e+00
1.04900e+03 1.43277e-12 0.00000e+00
1.05000e+03 1.64489e-12 0.00000e+00
1.05100e+03 1.43165e-12 0.00000e+00
1.05200e+03 1.45585e-12 0.00000e+00
1.05300e+03 1.53064e-12 0.00000e+00
1.05400e+03 1.42680e-12 0.00000e+00
1.05500e+03 1.55202e-12 0.00000e+00
1.05600e+03 1.34949e-12 0.00000e+00
1.05700e+03 1.47677e-12 0.00000e+00
1.05800e+03 1.39839e-12 0.00000e+00
1.05900e+03 1.26791e-12 0.00000e+00
1.06000e+03 1.48135e-12 0.00000e+00
1.06100e+03 1.43524e-12 0.00000e+00
1.06200e+03 1.62712e-12 0.00000e+00
1.06300e+03 1.49368e-12 0.00000e+00
1.06400e+03 1.43134e-12 0.00000e+00
1.06500e+03 1.31840e-12 0.00000e+00
1.06600e+03 1.43699e-12 0.00000e+00
1.06700e+03 1.35695e-12 0.00000e+00
1.06800e+03 1.44316e-12 0.00000e+00
1.06900e+03 1.29586e-12 0.00000e+00
1.07000e+03 1.25646e-12 0.00000e+00
1.07100e+03 1.25382e-12 0.00000e+00
1.07200e+03 1.39750e-12 0.00000e+00
1.07300e+03 1.38080e-12 0.00000e+00
1.07400e+03 1.41919e-12 0.00000e+00
1.07500e+03 1.35941e-12 0.00000e+00
1.07600e+03 1.31508e-12 0.00000e+00
1.07700e+03 1.37911e-12 0.00000e+00
1.07800e+03 1.44854e-12 0.00000e+00
1.07900e+03 1.51031e-12 0.00000e+00
1.08000e+03 1.41928e-12 0.00000e+00
1.08100e+03 1.25463e-12 0.00000e+00
1.08200e+03 1.31334e-12 0.00000e+00
1.08300e+03 1.14355e-12 0.00000e+00
1.08400e+03 1.32297e-12 0.00000e+00
1.08500e+03 1.44834e-12 0.00000e+00
1.08600e+03 1.38414e-12 0.00000e+00
1.08700e+03 1.37065e-12 0.00000e+00
1.08800e+03 1.35433e-12 0.00000e+00
1.08900e+03 1.25337e-12 0.00000e+00
1.09000e+03 1.40114e-12 0.00000e+00
1.09100e+03 1.13715e-12 0.00000e+00
1.09200e+03 1.26836e-12 0.00000e+00
1.09300e+03 1.39217e-12 0.00000e+00
1.09400e+03 1.37739e-12 0.00000e+00
1.09500e+03 1.28287e-12 0.00000e+00
1.09600e+03 1.38017e-12 0.00000e+00
1.09700e+03 1.29807e-12 0.00000e+00
1.09800e+03 1.35011e-12 0.00000e+00
1.09900e+03 1.34298e-12 0.00000e+00
1.10000e+03 1.33826e-12 0.00000e+00
1.10100e+03 1.39800e-12 0.00000e+00
1.10200e+03 1.14669e-12 0.00000e+00
1.10300e+03 1.19085e-12 0.00000e+00
1.10400e+03 1.24342e-12 0.00000e+00
1.10500e+03 1.14948e-12 0.00000e+00
1.10600e+03 1.28555e-12 0.00000e+00
1.10700e+03 1.16360e-12 0.00000e+00
1.10800e+03 1.24431e-12 0.00000e+00
1.10900e+03 1.21207e-12 0.00000e+00
1.11000e+03 1.16279e-12 0.00000e+00
1.11100e+03 1.10173e-12 0.00000e+00
1.11200e+03 1.17513e-12 0.00000e+00
1.11300e+03 1.15992e-12 0.00000e+00
1.11400e+03 1.08233e-12 0.00000e+00
1.11500e+03 1.16362e-12 0.00000e+00
1.11600e+03 1.12980e-12 0.00000e+00
1.11700e+03 1.28114e-12 0.00000e+00
1.11800e+03 1.23806e-12 0.00000e+00
1.11900e+03 1.18164e-12 0.00000e+00
1.12000e+03 1.08053e-12 0.00000e+00
1.12100e+03 1.23063e-12 0.00000e+00
1.12200e+03 1.14688e-12 0.00000e+00
1.12300e+03 1.12009e-12 0.00000e+00
1.12400e+03 1.11730e-12 0.00000e+00
1.12500e+03 1.14207e-12 0.00000e+00
1.12600e+03 1.09832e-12 0.00000e+00
1.12700e+03 1.12646e-12 0.00000e+00
1.12800e+03 1.13670e-12 0.00000e+00
1.12900e+03 1.20296e-12 0.00000e+00
1.13000e+03 1.13269e-12 0.00000e+00
1.13100e+03 1.13358e-12 0.00000e+00
1.13200e+03 1.04248e-12 0.00000e+00
1.13300e+03 1.08554e-12 0.00000e+00
1.13400e+03 9.83912e-13 0.00000e+00
1.13500e+03 1.06019e-12 0.00000e+00
1.13600e+03 9.92760e-13 0.00000e+00
1.13700e+03 1.10233e-12 0.00000e+00
1.13800e+03 1.21739e-12 0.00000e+00
1.13900e+03 1.12373e-12 0.00000e+00
1.14000e+03 1.23051e-12 0.00000e+00
1.14100e+03 1.11499e-12 0.00000e+00
1.14200e+03 1.01484e-12 0.00000e+00
1.14300e+03 1.02551e-12 0.00000e+00
1.14400e+03 9.91112e-13 0.00000e+00
1.14500e+03 1.03798e-12 0.00000e+00
1.14600e+03 1.05208e-12 0.00000e+00
1.14700e+03 1.09817e-12 0.00000e+00
1.14800e+03 9.92593e-13 0.00000e+00
1.14900e+03 9.86472e-13 0.00000e+00
1.15000e+03 1.10172e-12 0.00000e+00
1.15100e+03 1.06464e-12 0.00000e+00
1.15200e+03 1.05147e-12 0.00000e+00
1.15300e+03 1.07059e-12 0.00000e+00
1.15400e+03 1.03213e-12 0.00000e+00
1.15500e+03 9.15946e-13 0.00000e+00
1.15600e+03 1.03850e-12 0.00000e+00
1.15700e+03 1.03062e-12 0.00000e+00
1.15800e+03 9.16051e-13 0.00000e+00
1.15900e+03 9.78329e-13 0.00000e+00
1.16000e+03 8.29998e-13 0.00000e+00
1.16100e+03 1.01402e-12 0.00000e+00
1.16200e+03 9.84722e-13 0.00000e+00
1.16300e+03 9.61776e-13 0.00000e+00
1.16400e+03 1.00467e-12 0.00000e+00
1.16500e+03 9.53432e-13 0.00000e+00
1.16600e+03 1.01258e-12 0.00000e+00
1.16700e+03 9.15926e-13 0.00000e+00
1.16800e+03 9.32470e-13 0.00000e+00
1.16900e+03 1.00817e-12 0.00000e+00
1.17000e+03 8.94311e-13 0.00000e+00
1.17100e+03 9.49881e-13 0.00000e+00
1.17200e+03 1.01915e-12 0.00000e+00
1.17300e+03 9.58537e-13 0.00000e+00
1.17400e+03 1.10565e-12 0.00000e+00
1.17500e+03 9.96746e-13 0.00000e+00
1.17600e+03 9.11821e-13 0.00000e+00
1.17700e+03 8.76195e-13 0.00000e+00
1.17800e+03 8.85440e-13 0.00000e+00
1.17900e+03 8.31289e-13 0.00000e+00
1.18000e+03 9.58165e-13 0.00000e+00
1.18100e+03 9.21494e-13 0.00000e+00
1.18200e+03 9.64398e-13 0.00000e+00
1.18300e+03 8.96797e-13 0.00000e+00
1.18400e+03 8.50691e-13 0.00000e+00
1.18500e+03 8.67835e-13 0.00000e+00
1.18600e+03 8.43810e-13 0.00000e+00
1.18700e+03 9.22023e-13 0.00000e+00
1.18800e+03 9.12175e-13 0.00000e+00
1.18900e+03 8.51580e-13 0.00000e+00
1.19000e+03 8.39579e-13 0.00000e+00
1.19100e+03 9.72155e-13 0.00000e+00
1.19200e+03 9.39712e-13 0.00000e+00
1.19300e+03 8.18015e-13 0.00000e+00
1.19400e+03 8.61129e-13 0.00000e+00
1.19500e+03 8.94746e-13 0.00000e+00
1.19600e+03 8.56117e-13 0.00000e+00
1.19700e+03 9.23888e-13 0.00000e+00
1.19800e+03 8.87784e-13 0.00000e+00
1.19900e+03 8.92806e-13 0.00000e+00
1.20000e+03 8.24549e-13 0.00000e+00
1.20100e+03 8.67477e-13 0.00000e+00
1.20200e+03 7.38701e-13 0.00000e+00
1.20300e+03 9.49938e-13 0.00000e+00
1.20400e+03 9.11548e-13 0.00000e+00
1.20500e+03 8.22004e-13 0.00000e+00
1.20600e+03 8.66542e-13 0.00000e+00
1.20700e+03 8.43355e-13 0.00000e+00
1.20800e+03 8.39904e-13 0.00000e+00
1.20900e+03 8.11627e-13 0.00000e+00
1.21000e+03 8.25734e-13 0.00000e+00
1.21100e+03 7.59257e-13 0.00000e+00
1.21200e+03 8.71924e-13 0.00000e+00
1.21300e+03 8.01651e-13 0.00000e+00
1.21400e+03 7.89871e-13 0.00000e+00
1.21500e+03 8.14751e-13 0.00000e+00
1.21600e+03 8.12372e-13 0.00000e+00
1.21700e+03 8.07342e-13 0.00000e+00
1.21800e+03 7.96273e-13 0.00000e+00
1.21900e+03 7.86779e-13 0.00000e+00
1.22000e+03 8.27030e-13 0.00000e+00
1.22100e+03 7.73520e-13 0.00000e+00
1.22200e+03 8.14931e-13 0.00000e+00
1.22300e+03 7.38836e-13 0.00000e+00
1.22400e+03 8.10950e-13 0.00000e+00
1.22500e+03 7.41140e-13 0.00000e+00
1.22600e+03 7.61155e-13 0.00000e+00
1.22700e+03 7.44122e-13 0.00000e+00
1.22800e+03 8.30033e-13 0.00000e+00
1.22900e+03 7.66638e-13 0.00000e+00
1.23000e+03 7.50145e-13 0.00000e+00
1.23100e+03 8.28540e-13 0.00000e+00
1.23200e+03 8.05818e-13 0.00000e+00
1.23300e+03 6.99550e-13 0.00000e+00
1.23400e+03 7.40017e-13 0.00000e+00
1.23500e+03 6.91659e-13 0.00000e+00
1.23600e+03 7.78277e-13 0.00000e+00
1.23700e+03 7.67105e-13 0.00000e+00
1.23800e+03 7.01392e-13 0.00000e+00
1.23900e+03 7.47479e-13 0.00000e+00
1.24000e+03 7.26682e-13 0.00000e+00
1.24100e+03 6.85678e-13 0.00000e+00
1.24200e+03 6.68105e-13 0.00000e+00
1.24300e+03 6.90838e-13 0.00000e+00
1.24400e+03 7.41910e-13 0.00000e+00
1.24500e+03 7.04832e-13 0.00000e+00
1.24600e+03 6.00791e-13 0.00000e+00
1.24700e+03 7.85994e-13 0.00000e+00
1.24800e+03 6.54876e-13 0.00000e+00
1.24900e+03 6.66292e-13 0.00000e+00
1.25000e+03 7.19701e-13 0.00000e+00
1.25100e+03 6.26973e-13 0.00000e+00
1.25200e+03 7.11735e-13 0.00000e+00
1.25300e+03 7.19788e-13 0.00000e+00
1.25400e+03 6.81744e-13 0.00000e+00
1.25500e+03 6.07950e-13 0.00000e+00
1.25600e+03 7.44746e-13 0.00000e+00
1.25700e+03 6.32489e-13 0.00000e+00
1.25800e+03 7.09530e-13 0.00000e+00
1.25900e+03 6.71331e-13 0.00000e+00
1.26000e+03 6.88533e-13 0.00000e+00
1.26100e+03 7.32831e-13 0.00000e+00
1.26200e+03 7.15508e-13 0.00000e+00
1.26300e+03 6.39293e-13 0.00000e+00
1.26400e+03 6.56757e-13 0.00000e+00
1.26500e+03 6.25697e-13 0.00000e+00
1.26600e+03 7.26386e-13 0.00000e+00
1.26700e+03 6.36357e-13 0.00000e+00
1.26800e+03 7.37607e-13 0.00000e+00
1.26900e+03 6.61285e-13 0.00000e+00
1.27000e+03 6.36981e-13 0.00000e+00
1.27100e+03 6.28926e-13 0.00000e+00
1.27200e+03 7.04285e-13 0.00000e+00
1.27300e+03 5.93238e-13 0.00000e+00
1.27400e+03 5.99623e-13 0.00000e+00
1.27500e+03 6.26896e-13 0.00000e+00
1.27600e+03 6.56392e-13 0.00000e+00
1.27700e+03 6.26039e-13 0.00000e+00
1.27800e+03 5.89958e-13 0.00000e+00
1.27900e+03 5.97766e-13 0.00000e+00
1.28000e+03 6.68024e-13 0.00000e+00
1.28100e+03 6.29541e-13 0.00000e+00
1.28200e+03 6.45417e-13 0.00000e+00
1.28300e+03 5.91021e-13 0.00000e+00
1.28400e+03 6.46606e-13 0.00000e+00
1.28500e+03 6.46894e-13 0.00000e+00
1.28600e+03 5.62026e-13 0.00000e+00
1.28700e+03 5.68654e-13 0.00000e+00
1.28800e+03 6.23515e-13 0.00000e+00
1.28900e+03 6.38445e-13 0.00000e+00
1.29000e+03 6.05343e-13 0.00000e+00
1.29100e+03 5.51948e-13 0.00000e+00
1.29200e+03 5.88327e-13 0.00000e+00
1.29300e+03 6.13580e-13 0.00000e+00
1.29400e+03 6.52445e-13 0.00000e+00
1.29500e+03 6.10501e-13 0.00000e+00
1.29600e+03 5.32227e-13 0.00000e+00
1.29700e+03 5.17322e-13 0.00000e+00
1.29800e+03 5.07574e-13 0.00000e+00
1.29900e+03 5.48020e-13 0.00000e+00
1.30000e+03 5.55133e-13 0.00000e+00
1.30100e+03 5.68797e-13 0.00000e+00
1.30200e+03 5.97094e-13 0.00000e+00
1.30300e+03 5.90220e-13 0.00000e+00
1.30400e+03 5.55152e-13 0.00000e+00
1.30500e+03 5.56127e-13 0.00000e+00
1.30600e+03 5.09284e-13 0.00000e+00
1.30700e+03 5.23401e-13 0.00000e+00
1.30800e+03 5.13858e-13 0.00000e+00
1.30900e+03 5.40319e-13 0.00000e+00
1.31000e+03 5.32127e-13 0.00000e+00
1.31100e+03 5.30691e-13 0.00000e+00
1.31200e+03 5.49147e-13 0.00000e+00
1.31300e+03 4.95566e-13 0.00000e+00
1.31400e+03 4.95914e-13 0.00000e+00
1.31500e+03 5.46175e-13 0.00000e+00
1.31600e+03 5.01748e-13 0.00000e+00
1.31700e+03 5.02885e-13 0.00000e+00
1.31800e+03 5.49670e-13 0.00000e+00
1.31900e+03 4.94983e-13 0.00000e+00
1.32000e+03 4.88810e-13 0.00000e+00
1.32100e+03 5.22238e-13 0.00000e+00
1.32200e+03 5.26351e-13 0.00000e+00
1.32300e+03 5.51175e-13 0.00000e+00
1.32400e+03 4.88562e-13 0.00000e+00
1.32500e+03 5.01075e-13 0.00000e+00
1.32600e+03 5.12277e-13 0.00000e+00
1.32700e+03 4.74218e-13 0.00000e+00
1.32800e+03 5.01454e-13 0.00000e+00
1.32900e+03 4.75758e-13 0.00000e+00
1.33000e+03 4.64616e-13 0.00000e+00
1.33100e+03 4.71535e-13 0.00000e+00
1.33200e+03 5.63230e-13 0.00000e+00
1.33300e+03 5.36678e-13 0.00000e+00
1.33400e+03 4.91113e-13 0.00000e+00
1.33500e+03 4.86941e-13 0.00000e+00
1.33600e+03 5.18437e-13 0.00000e+00
1.33700e+03 4.71162e-13 0.00000e+00
1.33800e+03 4.58930e-13 0.00000e+00
1.33900e+03 4.53514e-13 0.00000e+00
1.34000e+03 5.21726e-13 0.00000e+00
1.34100e+03 4.53899e-13 0.00000e+00
1.34200e+03 4.65197e-13 0.00000e+00
1.34300e+03 4.87983e-13 0.00000e+00
1.34400e+03 4.68206e-13 0.00000e+00
1.34500e+03 4.53628e-13 0.00000e+00
1.34600e+03 4.52323e-13 0.00000e+00
1.34700e+03 4.42731e-13 0.00000e+00
1.34800e+03 4.50657e-13 0.00000e+00
1.34900e+03 3.99526e-13 0.00000e+00
1.35000e+03 4.84854e-13 0.00000e+00
1.35100e+03 4.59565e-13 0.00000e+00
1.35200e+03 4.91935e-13 0.00000e+00
1.35300e+03 4.25795e-13 0.00000e+00
1.35400e+03 4.12613e-13 0.00000e+00
1.35500e+03 4.69318e-13 0.00000e+00
1.35600e+03 4.70493e-13 0.00000e+00
1.35700e+03 4.65441e-13 0.00000e+00
1.35800e+03 4.71991e-13 0.00000e+00
1.35900e+03 4.70959e-13 0.00000e+00
1.36000e+03 4.21748e-13 0.00000e+00
1.36100e+03 4.74742e-13 0.00000e+00
1.36200e+03 3.96142e-13 0.00000e+00
1.36300e+03 4.38940e-13 0.00000e+00
1.36400e+03 4.24987e-13 0.00000e+00
1.36500e+03 4.09559e-13 0.00000e+00
1.36600e+03 4.02008e-13 0.00000e+00
1.36700e+03 4.03739e-13 0.00000e+00
1.36800e+03 4.27075e-13 0.00000e+00
1.36900e+03 3.87262e-13 0.00000e+00
1.37000e+03 4.05618e-13 0.00000e+00
1.37100e+03 4.23981e-13 0.00000e+00
1.37200e+03 4.47466e-13 0.00000e+00
1.37300e+03 3.96118e-13 0.00000e+00
1.37400e+03 4.02702e-13 0.00000e+00
1.37500e+03 4.22215e-13 0.00000e+00
1.37600e+03 4.09365e-13 0.00000e+00
1.37700e+03 3.68895e-13 0.00000e+00
1.37800e+03 4.21132e-13 0.00000e+00
1.37900e+03 3.81165e-13 0.00000e+00
1.38000e+03 3.92268e-13 0.00000e+00
1.38100e+03 4.11069e-13 0.00000e+00
1.38200e+03 4.60715e-13 0.00000e+00
1.38300e+03 4.02322e-13 0.00000e+00
1.38400e+03 3.61958e-13 0.00000e+00
1.38500e+03 3.78454e-13 0.00000e+00
1.38600e+03 4.29055e-13 0.00000e+00
1.38700e+03 3.75007e-13 0.00000e+00
1.38800e+03 4.01884e-13 0.00000e+00
1.38900e+03 4.16226e-13 0.00000e+00
1.39000e+03 3.86177e-13 0.00000e+00
1.39100e+03 3.95890e-13 0.00000e+00
1.39200e+03 3.84284e-13 0.00000e+00
1.39300e+03 3.83400e-13 0.00000e+00
1.39400e+03 4.17153e-13 0.00000e+00
1.39500e+03 3.85250e-13 0.00000e+00
1.39600e+03 3.83387e-13 0.00000e+00
1.39700e+03 3.45607e-13 0.00000e+00
1.39800e+03 4.03901e-13 0.00000e+00
1.39900e+03 3.74774e-13 0.00000e+00
1.40000e+03 3.86787e-13 0.00000e+00
1.40100e+03 3.80547e-13 0.00000e+00
1.40200e+03 3.73793e-13 0.00000e+00
1.40300e+03 3.93154e-13 0.00000e+00
1.40400e+03 3.41164e-13 0.00000e+00
1.40500e+03 3.39048e-13 0.00000e+00
1.40600e+03 3.80947e-13 0.00000e+00
1.40700e+03 3.40873e-13 0.00000e+00
1.40800e+03 3.68626e-13 0.00000e+00
1.40900e+03 3.18525e-13 0.00000e+00
1.41000e+03 3.72669e-13 0.00000e+00
1.41100e+03 3.56311e-13 0.00000e+00
1.41200e+03 3.54730e-13 0.00000e+00
1.41300e+03 3.39598e-13 0.00000e+00
1.41400e+03 3.57276e-13 0.00000e+00
1.41500e+03 3.63255e-13 0.00000e+00
1.41600e+03 3.55493e-13 0.00000e+00
1.41700e+03 3.47642e-13 0.00000e+00
1.41800e+03 3.07442e-13 0.00000e+00
1.41900e+03 3.55865e-13 0.00000e+00
1.42000e+03 3.42009e-13 0.00000e+00
1.42100e+03 3.05884e-13 0.00000e+00
1.42200e+03 3.23457e-13 0.00000e+00
1.42300e+03 3.37747e-13 0.00000e+00
1.42400e+03 3.11993e-13 0.00000e+00
1.42500e+03 3.17585e-13 0.00000e+00
1.42600e+03 3.39191e-13 0.00000e+00
1.42700e+03 3.28914e-13 0.00000e+00
1.42800e+03 3.23703e-13 0.00000e+00
1.42900e+03 3.18561e-13 0.00000e+00
1.43000e+03 3.25782e-13 0.00000e+00
1.43100e+03 2.99148e-13 0.00000e+00
1.43200e+03 3.26374e-13 0.00000e+00
1.43300e+03 3.65132e-13 0.00000e+00
1.43400e+03 3.52255e-13 0.00000e+00
1.43500e+03 2.99940e-13 0.00000e+00
1.43600e+03 3.10287e-13 0.00000e+00
1.43700e+03 2.82511e-13 0.00000e+00
1.43800e+03 3.24494e-13 0.00000e+00
1.43900e+03 3.31204e-13 0.00000e+00
1.44000e+03 2.89927e-13 0.00000e+00
1.44100e+03 3.15724e-13 0.00000e+00
1.44200e+03 2.89805e-13 0.00000e+00
1.44300e+03 2.76863e-13 0.00000e+00
1.44400e+03 3.36327e-13 0.00000e+00
1.44500e+03 3.14661e-13 0.00000e+00
1.44600e+03 2.84559e-13 0.00000e+00
1.44700e+03 3.06533e-13 0.00000e+00
1.44800e+03 2.81791e-13 0.00000e+00
1.44900e+03 2.78053e-13 0.00000e+00
1.45000e+03 3.03691e-13 0.00000e+00
1.45100e+03 3.01008e-13 0.00000e+00
1.45200e+03 3.25564e-13 0.00000e+00
1.45300e+03 2.98493e-13 0.00000e+00
1.45400e+03 2.99096e-13 0.00000e+00
1.45500e+03 3.11445e-13 0.00000e+00
1.45600e+03 2.88713e-13 0.00000e+00
1.45700e+03 2.85069e-13 0.00000e+00
1.45800e+03 2.99400e-13 0.00000e+00
1.45900e+03 3.01174e-13 0.00000e+00
1.46000e+03 2.72023e-13 0.00000e+00
1.46100e+03 2.79050e-13 0.00000e+00
1.46200e+03 2.78849e-13 0.00000e+00
1.46300e+03 2.71801e-13 0.00000e+00
1.46400e+03 2.65462e-13 0.00000e+00
1.46500e+03 2.98199e-13 0.00000e+00
1.46600e+03 2.78984e-13 0.00000e+00
1.46700e+03 2.57064e-13 0.00000e+00
1.46800e+03 2.95528e-13 0.00000e+00
1.46900e+03 2.62944e-13 0.00000e+00
1.47000e+03 2.43050e-13 0.00000e+00
1.47100e+03 2.59522e-13 0.00000e+00
1.47200e+03 2.86952e-13 0.00000e+00
1.47300e+03 2.40485e-13 0.00000e+00
1.47400e+03 2.77959e-13 0.00000e+00
1.47500e+03 2.62091e-13 0.00000e+00
1.47600e+03 2.76552e-13 0.00000e+00
1.47700e+03 2.53693e-13 0.00000e+00
1.47800e+03 2.87045e-13 0.00000e+00
1.47900e+03 2.67151e-13 0.00000e+00
1.48000e+03 2.62185e-13 0.00000e+00
1.48100e+03 2.66588e-13 0.00000e+00
1.48200e+03 2.51340e-13 0.00000e+00
1.48300e+03 2.71925e-13 0.00000e+00
1.48400e+03 2.42802e-13 0.00000e+00
1.48500e+03 2.46140e-13 0.00000e+00
1.48600e+03 2.49268e-13 0.00000e+00
1.48700e+03 2.52853e-13 0.00000e+00
1.48800e+03 2.61660e-13 0.00000e+00
1.48900e+03 2.60040e-13 0.00000e+00
1.49000e+03 2.56415e-13 0.00000e+00
1.49100e+03 2.30961e-13 0.00000e+00
1.49200e+03 2.32791e-13 0.00000e+00
1.49300e+03 2.50342e-13 0.00000e+00
1.49400e+03 2.41442e-13 0.00000e+00
1.49500e+03 2.36094e-13 0.00000e+00
1.49600e+03 2.16611e-13 0.00000e+00
1.49700e+03 2.18849e-13 0.00000e+00
1.49800e+03 2.54811e-13 0.00000e+00
1.49900e+03 2.23967e-13 0.00000e+00
1.50000e+03 2.40104e-13 0.00000e+00
1.50100e+03 2.37728e-13 0.00000e+00
1.50200e+03 2.31696e-13 0.00000e+00
1.50300e+03 2.30174e-13 0.00000e+00
1.50400e+03 2.16566e-13 0.00000e+00
1.50500e+03 2.13789e-13 0.00000e+00
1.50600e+03 2.20615e-13 0.00000e+00
1.50700e+03 2.27973e-13 0.00000e+00
1.50800e+03 2.18490e-13 0.00000e+00
1.50900e+03 2.15792e-13 0.00000e+00
1.51000e+03 2.16371e-13 0.00000e+00
1.51100e+03 2.26619e-13 0.00000e+00
1.51200e+03 2.23590e-13 0.00000e+00
1.51300e+03 2.07062e-13 0.00000e+00
1.51400e+03 2.45067e-13 0.00000e+00
1.51500e+03 2.35833e-13 0.00000e+00
1.51600e+03 2.09254e-13 0.00000e+00
1.51700e+03 2.08431e-13 0.00000e+00
1.51800e+03 2.29938e-13 0.00000e+00
1.51900e+03 2.06517e-13 0.00000e+00
1.52000e+03 2.35682e-13 0.00000e+00
1.52100e+03 2.12496e-13 0.00000e+00
1.52200e+03 2.17379e-13 0.00000e+00
1.52300e+03 2.14904e-13 0.00000e+00
1.52400e+03 2.19284e-13 0.00000e+00
1.52500e+03 2.16257e-13 0.00000e+00
1.52600e+03 2.01452e-13 0.00000e+00
1.52700e+03 2.21140e-13 0.00000e+00
1.52800e+03 2.08058e-13 0.00000e+00
1.52900e+03 2.01365e-13 0.00000e+00
1.53000e+03 2.13848e-13 0.00000e+00
1.53100e+03 1.88085e-13 0.00000e+00
1.53200e+03 1.91944e-13 0.00000e+00
1.53300e+03 2.17588e-13 0.00000e+00
1.53400e+03 1.87953e-13 0.00000e+00
1.53500e+03 1.94071e-13 0.00000e+00
1.53600e+03 1.87136e-13 0.00000e+00
1.53700e+03 1.95666e-13 0.00000e+00
1.53800e+03 1.89878e-13 0.00000e+00
1.53900e+03 2.03964e-13 0.00000e+00
1.54000e+03 2.01131e-13 0.00000e+00
1.54100e+03 1.76222e-13 0.00000e+00
1.54200e+03 2.11914e-13 0.00000e+00
1.54300e+03 1.82522e-13 0.00000e+00
1.54400e+03 1.93108e-13 0.00000e+00
1.54500e+03 1.90252e-13 0.00000e+00
1.54600e+03 1.89699e-13 0.00000e+00
1.54700e+03 1.86230e-13 0.00000e+00
1.54800e+03 1.90261e-13 0.00000e+00
1.54900e+03 1.73550e-13 0.00000e+00
1.55000e+03 1.95665e-13 0.00000e+00
1.55100e+03 1.96222e-13 0.00000e+00
1.55200e+03 1.94839e-13 0.00000e+00
1.55300e+03 1.82035e-13 0.00000e+00
1.55400e+03 1.90066e-13 0.00000e+00
1.55500e+03 1.85681e-13 0.00000e+00
1.55600e+03 1.83170e-13 0.00000e+00
1.55700e+03 1.54955e-13 0.00000e+00
1.55800e+03 1.74194e-13 0.00000e+00
1.55900e+03 1.86601e-13 0.00000e+00
1.56000e+03 1.96941e-13 0.00000e+00
1.56100e+03 1.73823e-13 0.00000e+00
1.56200e+03 1.68959e-13 0.00000e+00
1.56300e+03 1.92031e-13 0.00000e+00
1.56400e+03 1.59121e-13 0.00000e+00
1.56500e+03 1.82152e-13 0.00000e+00
1.56600e+03 1.74994e-13 0.00000e+00
1.56700e+03 1.66705e-13 0.00000e+00
1.56800e+03 1.66982e-13 0.00000e+00
1.56900e+03 1.69374e-13 0.00000e+00
1.57000e+03 1.76990e-13 0.00000e+00
1.57100e+03 1.66398e-13 0.00000e+00
1.57200e+03 1.51847e-13 0.00000e+00
1.57300e+03 1.61697e-13 0.00000e+00
1.57400e+03 1.74281e-13 0.00000e+00
1.57500e+03 1.60577e-13 0.00000e+00
1.57600e+03 1.63530e-13 0.00000e+00
1.57700e+03 1.49121e-13 0.00000e+00
1.57800e+03 1.65478e-13 0.00000e+00
1.57900e+03 1.57971e-13 0.00000e+00
1.58000e+03 1.75306e-13 0.00000e+00
1.58100e+03 1.74466e-13 0.00000e+00
1.58200e+03 1.68456e-13 0.00000e+00
1.58300e+03 1.62796e-13 0.00000e+00
1.58400e+03 1.45993e-13 0.00000e+00
1.58500e+03 1.65907e-13 0.00000e+00
1.58600e+03 1.70885e-13 0.00000e+00
1.58700e+03 1.64920e-13 0.00000e+00
1.58800e+03 1.57044e-13 0.00000e+00
1.58900e+03 1.64005e-13 0.00000e+00
1.59000e+03 1.57688e-13 0.00000e+00
1.59100e+03 1.38392e-13 0.00000e+00
1.59200e+03 1.65902e-13 0.00000e+00
1.59300e+03 1.50610e-13 0.00000e+00
1.59400e+03 1.49902e-13 0.00000e+00
1.59500e+03 1.30429e-13 0.00000e+00
1.59600e+03 1.73385e-13 0.00000e+00
1.59700e+03 1.53274e-13 0.00000e+00
1.59800e+03 1.47136e-13 0.00000e+00
1.59900e+03 1.48838e-13 0.00000e+00
1.60000e+03 1.48921e-13 0.00000e+00
1.60100e+03 1.40131e-13 0.00000e+00
1.60200e+03 1.55412e-13 0.00000e+00
1.60300e+03 1.53940e-13 0.00000e+00
1.60400e+03 1.46147e-13 0.00000e+00
1.60500e+03 1.51626e-13 0.00000e+00
1.60600e+03 1.48351e-13 0.00000e+00
1.60700e+03 1.51694e-13 0.00000e+00
1.60800e+03 1.37378e-13 0.00000e+00
1.60900e+03 1.37649e-13 0.00000e+00
1.61000e+03 1.44747e-13 0.00000e+00
1.61100e+03 1.32603e-13 0.00000e+00
1.61200e+03 1.27280e-13 0.00000e+00
1.61300e+03 1.38239e-13 0.00000e+00
1.61400e+03 1.32628e-13 0.00000e+00
1.61500e+03 1.42136e-13 0.00000e+00
1.61600e+03 1.35118e-13 0.00000e+00
1.61700e+03 1.33808e-13 0.00000e+00
1.61800e+03 1.44539e-13 0.00000e+00
1.61900e+03 1.22858e-13 0.00000e+00
1.62000e+03 1.23198e-13 0.00000e+00
1.62100e+03 1.23156e-13 0.00000e+00
1.62200e+03 1.36281e-13 0.00000e+00
1.62300e+03 1.34104e-13 0.00000e+00
1.62400e+03 1.30507e-13 0.00000e+00
1.62500e+03 1.34619e-13 0.00000e+00
1.62600e+03 1.35429e-13 0.00000e+00
1.62700e+03 1.33076e-13 0.00000e+00
1.62800e+03 1.40415e-13 0.00000e+00
1.62900e+03 1.19028e-13 0.00000e+00
1.63000e+03 1.32552e-13 0.00000e+00
1.63100e+03 1.29372e-13 0.00000e+00
1.63200e+03 1.27136e-13 0.00000e+00
1.63300e+03 1.31473e-13 0.00000e+00
1.63400e+03 1.16605e-13 0.00000e+00
1.63500e+03 1.26564e-13 0.00000e+00
1.63600e+03 1.11459e-13 0.00000e+00
1.63700e+03 1.37113e-13 0.00000e+00
1.63800e+03 1.24397e-13 0.00000e+00
1.63900e+03 1.21338e-13 0.00000e+00
1.64000e+03 1.13909e-13 0.00000e+00
1.64100e+03 1.19218e-13 0.00000e+00
1.64200e+03 1.34410e-13 0.00000e+00
1.64300e+03 1.23904e-13 0.00000e+00
1.64400e+03 1.31576e-13 0.00000e+00
1.64500e+03 1.19547e-13 0.00000e+00
1.64600e+03 1.16936e-13 0.00000e+00
1.64700e+03 1.09988e-13 0.00000e+00
1.64800e+03 1.28918e-13 0.00000e+00
1.64900e+03 1.15785e-13 0.00000e+00
1.65000e+03 1.18736e-13 0.00000e+00
1.65100e+03 1.07333e-13 0.00000e+00
1.65200e+03 1.13892e-13 0.00000e+00
1.65300e+03 1.15549e-13 0.00000e+00
1.65400e+03 1.18492e-13 0.00000e+00
1.65500e+03 1.08084e-13 0.00000e+00
1.65600e+03 1.08700e-13 0.00000e+00
1.65700e+03 1.18642e-13 0.00000e+00
1.65800e+03 1.14063e-13 0.00000e+00
1.65900e+03 1.01941e-13 0.00000e+00
1.66000e+03 1.07448e-13 0.00000e+00
1.66100e+03 9.86652e-14 0.00000e+00
1.66200e+03 9.44206e-14 0.00000e+00
1.66300e+03 1.02959e-13 0.00000e+00
1.66400e+03 9.81932e-14 0.00000e+00
1.66500e+03 1.07438e-13 0.00000e+00
1.66600e+03 1.10646e-13 0.00000e+00
1.66700e+03 9.44881e-14 0.00000e+00
1.66800e+03 1.04284e-13 0.00000e+00
1.66900e+03 9.77556e-14 0.00000e+00
1.67000e+03 1.08152e-13 0.00000e+00
1.67100e+03 9.89766e-14 0.00000e+00
1.67200e+03 9.55834e-14 0.00000e+00
1.67300e+03 1.04275e-13 0.00000e+00
1.67400e+03 1.00360e-13 0.00000e+00
1.67500e+03 1.10193e-13 0.00000e+00
1.67600e+03 9.79224e-14 0.00000e+00
1.67700e+03 1.04584e-13 0.00000e+00
1.67800e+03 1.11338e-13 0.00000e+00
1.67900e+03 9.79788e-14 0.00000e+00
1.68000e+03 9.73080e-14 0.00000e+00
1.68100e+03 9.09055e-14 0.00000e+00
1.68200e+03 1.00648e-13 0.00000e+00
1.68300e+03 9.76863e-14 0.00000e+00
1.68400e+03 9.47867e-14 0.00000e+00
1.68500e+03 9.44644e-14 0.00000e+00
1.68600e+03 9.64315e-14 0.00000e+00
1.68700e+03 9.84435e-14 0.00000e+00
1.68800e+03 9.66854e-14 0.00000e+00
1.68900e+03 9.66780e-14 0.00000e+00
1.69000e+03 8.62025e-14 0.00000e+00
1.69100e+03 9.30331e-14 0.00000e+00
1.69200e+03 9.73817e-14 0.00000e+00
1.69300e+03 9.04224e-14 0.00000e+00
1.69400e+03 8.75361e-14 0.00000e+00
1.69500e+03 9.65428e-14 0.00000e+00
1.69600e+03 8.65291e-14 0.00000e+00
1.69700e+03 8.53133e-14 0.00000e+00
1.69800e+03 9.38315e-14 0.00000e+00
1.69900e+03 8.59534e-14 0.00000e+00
1.70000e+03 8.53832e-14 0.00000e+00
1.70100e+03 9.07710e-14 0.00000e+00
1.70200e+03 9.23469e-14 0.00000e+00
1.70300e+03 9.28692e-14 0.00000e+00
1.70400e+03 9.04746e-14 0.00000e+00
1.70500e+03 8.44035e-14 0.00000e+00
1.70600e+03 8.40745e-14 0.00000e+00
1.70700e+03 9.38772e-14 0.00000e+00
1.70800e+03 8.47771e-14 0.00000e+00
1.70900e+03 7.76773e-14 0.00000e+00
1.71000e+03 8.00434e-14 0.00000e+00
1.71100e+03 8.31854e-14 0.00000e+00
1.71200e+03 8.48364e-14 0.00000e+00
1.71300e+03 8.96253e-14 0.00000e+00
1.71400e+03 7.65036e-14 0.00000e+00
1.71500e+03 8.22710e-14 0.00000e+00
1.71600e+03 8.52036e-14 0.00000e+00
1.71700e+03 7.53042e-14 0.00000e+00
1.71800e+03 8.30429e-14 0.00000e+00
1.71900e+03 7.97736e-14 0.00000e+00
1.72000e+03 8.47807e-14 0.00000e+00
1.72100e+03 7.48952e-14 0.00000e+00
1.72200e+03 8.43317e-14 0.00000e+00
1.72300e+03 7.75466e-14 0.00000e+00
1.72400e+03 8.34000e-14 0.00000e+00
1.72500e+03 7.88088e-14 0.00000e+00
1.72600e+03 7.77864e-14 0.00000e+00
1.72700e+03 8.11960e-14 0.00000e+00
1.72800e+03 7.65938e-14 0.00000e+00
1.72900e+03 8.13834e-14 0.00000e+00
1.73000e+03 7.47864e-14 0.00000e+00
1.73100e+03 6.98308e-14 0.00000e+00
1.73200e+03 7.46398e-14 0.00000e+00
1.73300e+03 7.07953e-14 0.00000e+00
1.73400e+03 7.39345e-14 0.00000e+00
1.73500e+03 7.72071e-14 0.00000e+00
1.73600e+03 6.65357e-14 0.00000e+00
1.73700e+03 8.18309e-14 0.00000e+00
1.73800e+03 7.25993e-14 0.00000e+00
1.73900e+03 7.08909e-14 0.00000e+00
1.74000e+03 7.31032e-14 0.00000e+00
1.74100e+03 6.97525e-14 0.00000e+00
1.74200e+03 6.37747e-14 0.00000e+00
1.74300e+03 6.86558e-14 0.00000e+00
1.74400e+03 7.72435e-14 0.00000e+00
1.74500e+03 7.56394e-14 0.00000e+00
1.74600e+03 7.24431e-14 0.00000e+00
1.74700e+03 6.37620e-14 0.00000e+00
1.74800e+03 7.09805e-14 0.00000e+00
1.74900e+03 6.52374e-14 0.00000e+00
1.75000e+03 6.37993e-14 0.00000e+00
1.75100e+03 6.64801e-14 0.00000e+00
1.75200e+03 7.37123e-14 0.00000e+00
1.75300e+03 7.35266e-14 0.00000e+00
1.75400e+03 6.36391e-14 0.00000e+00
1.75500e+03 7.06918e-14 0.00000e+00
1.75600e+03 6.91842e-14 0.00000e+00
1.75700e+03 6.56860e-14 0.00000e+00
1.75800e+03 6.97999e-14 0.00000e+00
1.75900e+03 7.13674e-14 0.00000e+00
1.76000e+03 6.39693e-14 0.00000e+00
1.76100e+03 7.69792e-14 0.00000e+00
1.76200e+03 6.58948e-14 0.00000e+00
1.76300e+03 6.31541e-14 0.00000e+00
1.76400e+03 6.46863e-14 0.00000e+00
1.76500e+03 7.58213e-14 0.00000e+00
1.76600e+03 6.46834e-14 0.00000e+00
1.76700e+03 6.49367e-14 0.00000e+00
1.76800e+03 6.38773e-14 0.00000e+00
1.76900e+03 6.05183e-14 0.00000e+00
1.77000e+03 5.78781e-14 0.00000e+00
1.77100e+03 5.80657e-14 0.00000e+00
1.77200e+03 5.89987e-14 0.00000e+00
1.77300e+03 6.99295e-14 0.00000e+00
1.77400e+03 5.98357e-14 0.00000e+00
1.77500e+03 5.93175e-14 0.00000e+00
1.77600e+03 6.42475e-14 0.00000e+00
1.77700e+03 6.92307e-14 0.00000e+00
1.77800e+03 5.81834e-14 0.00000e+00
1.77900e+03 6.11129e-14 0.00000e+00
1.78000e+03 5.86099e-14 0.00000e+00
1.78100e+03 6.06848e-14 0.00000e+00
1.78200e+03 5.57751e-14 0.00000e+00
1.78300e+03 5.81836e-14 0.00000e+00
1.78400e+03 5.74822e-14 0.00000e+00
1.78500e+03 6.40225e-14 0.00000e+00
1.78600e+03 5.97976e-14 0.00000e+00
1.78700e+03 5.00071e-14 0.00000e+00
1.78800e+03 5.54728e-14 0.00000e+00
1.78900e+03 5.78827e-14 0.00000e+00
1.79000e+03 4.72396e-14 0.00000e+00
1.79100e+03 5.39245e-14 0.00000e+00
1.79200e+03 5.49949e-14 0.00000e+00
1.79300e+03 5.07432e-14 0.00000e+00
1.79400e+03 5.29271e-14 0.00000e+00
1.79500e+03 5.44515e-14 0.00000e+00
1.79600e+03 5.17556e-14 0.00000e+00
1.79700e+03 5.13747e-14 0.00000e+00
1.79800e+03 5.45623e-14 0.00000e+00
1.79900e+03 5.42570e-14 0.00000e+00
1.80000e+03 5.19615e-14 0.00000e+00
1.80100e+03 5.13508e-14 0.00000e+00
1.80200e+03 5.15954e-14 0.00000e+00
1.80300e+03 5.00034e-14 0.00000e+00
1.80400e+03 5.50233e-14 0.00000e+00
1.80500e+03 4.97857e-14 0.00000e+00
1.80600e+03 5.03470e-14 0.00000e+00
1.80700e+03 4.94685e-14 0.00000e+00
1.80800e+03 4.55907e-14 0.00000e+00
1.80900e+03 4.88644e-14 0.00000e+00
1.81000e+03 4.67337e-14 0.00000e+00
1.81100e+03 4.78344e-14 0.00000e+00
1.81200e+03 5.18324e-14 0.00000e+00
1.81300e+03 4.46668e-14 0.00000e+00
1.81400e+03 5.21435e-14 0.00000e+00
1.81500e+03 4.56883e-14 0.00000e+00
1.81600e+03 4.57551e-14 0.00000e+00
1.81700e+03 4.90975e-14 0.00000e+00
1.81800e+03 4.80541e-14 0.00000e+00
1.81900e+03 4.61522e-14 0.00000e+00
1.82000e+03 5.06802e-14 0.00000e+00
1.82100e+03 4.74253e-14 0.00000e+00
1.82200e+03 4.95457e-14 0.00000e+00
1.82300e+03 4.60107e-14 0.00000e+00
1.82400e+03 5.00617e-14 0.00000e+00
1.82500e+03 4.91254e-14 0.00000e+00
1.82600e+03 4.47358e-14 0.00000e+00
1.82700e+03 4.14083e-14 0.00000e+00
1.82800e+03 4.69613e-14 0.00000e+00
1.82900e+03 4.53822e-14 0.00000e+00
1.83000e+03 4.25637e-14 0.00000e+00
1.83100e+03 4.29867e-14 0.00000e+00
1.83200e+03 4.22569e-14 0.00000e+00
1.83300e+03 4.13964e-14 0.00000e+00
1.83400e+03 4.60862e-14 0.00000e+00
1.83500e+03 4.53348e-14 0.00000e+00
1.83600e+03 4.34963e-14 0.00000e+00
1.83700e+03 4.50312e-14 0.00000e+00
1.83800e+03 4.42155e-14 0.00000e+00
1.83900e+03 4.30854e-14 0.00000e+00
1.84000e+03 4.38733e-14 0.00000e+00
1.84100e+03 4.47334e-14 0.00000e+00
1.84200e+03 4.20108e-14 0.00000e+00
1.84300e+03 3.96241e-14 0.00000e+00
1.84400e+03 4.09700e-14 0.00000e+00
1.84500e+03 3.70229e-14 0.00000e+00
1.84600e+03 3.66191e-14 0.00000e+00
1.84700e+03 4.17497e-14 0.00000e+00
1.84800e+03 3.91755e-14 0.00000e+00
1.84900e+03 4.41600e-14 0.00000e+00
1.85000e+03 4.14040e-14 0.00000e+00
1.85100e+03 3.69302e-14 0.00000e+00
1.85200e+03 3.93105e-14 0.00000e+00
1.85300e+03 3.89969e-14 0.00000e+00
1.85400e+03 3.81714e-14 0.00000e+00
1.85500e+03 4.38558e-14 0.00000e+00
1.85600e+03 3.83819e-14 0.00000e+00
1.85700e+03 3.72185e-14 0.00000e+00
1.85800e+03 3.68703e-14 0.00000e+00
1.85900e+03 4.00640e-14 0.00000e+00
1.86000e+03 3.47308e-14 0.00000e+00
1.86100e+03 3.76502e-14 0.00000e+00
1.86200e+03 3.74047e-14 0.00000e+00
1.86300e+03 3.71675e-14 0.00000e+00
1.86400e+03 4.36877e-14 0.00000e+00
1.86500e+03 3.84779e-14 0.00000e+00
1.86600e+03 3.86064e-14 0.00000e+00
1.86700e+03 3.89741e-14 0.00000e+00
1.86800e+03 3.62054e-14 0.00000e+00
1.86900e+03 3.42706e-14 0.00000e+00
1.87000e+03 3.41365e-14 0.00000e+00
1.87100e+03 3.28169e-14 0.00000e+00
1.87200e+03 3.28856e-14 0.00000e+00
1.87300e+03 3.76593e-14 0.00000e+00
1.87400e+03 3.57055e-14 0.00000e+00
1.87500e+03 3.49516e-14 0.00000e+00
1.87600e+03 3.53612e-14 0.00000e+00
1.87700e+03 3.52458e-14 0.00000e+00
1.87800e+03 3.61804e-14 0.00000e+00
1.87900e+03 3.21552e-14 0.00000e+00
1.88000e+03 3.44521e-14 0.00000e+00
1.88100e+03 3.42932e-14 0.00000e+00
1.88200e+03 3.20536e-14 0.00000e+00
1.88300e+03 3.78652e-14 0.00000e+00
1.88400e+03 3.44338e-14 0.00000e+00
1.88500e+03 3.12995e-14 0.00000e+00
1.88600e+03 3.20244e-14 0.00000e+00
1.88700e+03 3.46112e-14 0.00000e+00
1.88800e+03 3.17051e-14 0.00000e+00
1.88900e+03 3.43692e-14 0.00000e+00
1.89000e+03 3.05619e-14 0.00000e+00
1.89100e+03 3.10958e-14 0.00000e+00
1.89200e+03 3.00570e-14 0.00000e+00
1.89300e+03 3.00191e-14 0.00000e+00
1.89400e+03 3.07220e-14 0.00000e+00
1.89500e+03 2.93620e-14 0.00000e+00
1.89600e+03 3.05891e-14 0.00000e+00
1.89700e+03 3.10266e-14 0.00000e+00
1.89800e+03 3.10028e-14 0.00000e+00
1.89900e+03 2.89344e-14 0.00000e+00
1.90000e+03 2.85989e-14 0.00000e+00
1.90100e+03 2.64932e-14 0.00000e+00
1.90200e+03 3.33771e-14 0.00000e+00
1.90300e+03 3.29131e-14 0.00000e+00
1.90400e+03 3.10324e-14 0.00000e+00
1.90500e+03 2.86835e-14 0.00000e+00
1.90600e+03 2.75105e-14 0.00000e+00
1.90700e+03 2.83486e-14 0.00000e+00
1.90800e+03 2.98168e-14 0.00000e+00
1.90900e+03 2.99700e-14 0.00000e+00
1.91000e+03 2.82236e-14 0.00000e+00
1.91100e+03 2.53491e-14 0.00000e+00
1.91200e+03 2.94341e-14 0.00000e+00
1.91300e+03 2.88602e-14 0.00000e+00
1.91400e+03 2.79115e-14 0.00000e+00
1.91500e+03 2.67423e-14 0.00000e+00
1.91600e+03 3.03522e-14 0.00000e+00
1.91700e+03 2.90164e-14 0.00000e+00
1.91800e+03 2.63621e-14 0.00000e+00
1.91900e+03 2.79117e-14 0.00000e+00
1.92000e+03 2.89751e-14 0.00000e+00
1.92100e+03 2.72826e-14 0.00000e+00
1.92200e+03 2.82144e-14 0.00000e+00
1.92300e+03 2.55001e-14 0.00000e+00
1.92400e+03 2.61420e-14 0.00000e+00
1.92500e+03 2.65140e-14 0.00000e+00
1.92600e+03 2.54308e-14 0.00000e+00
1.92700e+03 2.75201e-14 0.00000e+00
1.92800e+03 2.45379e-14 0.00000e+00
1.92900e+03 2.65229e-14 0.00000e+00
1.93000e+03 2.47077e-14 0.00000e+00
1.93100e+03 2.43679e-14 0.00000e+00
1.93200e+03 2.36895e-14 0.00000e+00
1.93300e+03 2.44315e-14 0.00000e+00
1.93400e+03 2.50336e-14 0.00000e+00
1.93500e+03 2.47008e-14 0.00000e+00
1.93600e+03 2.62030e-14 0.00000e+00
1.93700e+03 2.69386e-14 0.00000e+00
1.93800e+03 2.33553e-14 0.00000e+00
1.93900e+03 2.46789e-14 0.00000e+00
1.94000e+03 2.32071e-14 0.00000e+00
1.94100e+03 2.56944e-14 0.00000e+00
1.94200e+03 2.43849e-14 0.00000e+00
1.94300e+03 2.46610e-14 0.00000e+00
1.94400e+03 2.42290e-14 0.00000e+00
1.94500e+03 2.49511e-14 0.00000e+00
1.94600e+03 2.19285e-14 0.00000e+00
1.94700e+03 2.32555e-14 0.00000e+00
1.94800e+03 2.31679e-14 0.00000e+00
1.94900e+03 2.54176e-14 0.00000e+00
1.95000e+03 2.15588e-14 0.00000e+00
1.95100e+03 2.41200e-14 0.00000e+00
1.95200e+03 2.50270e-14 0.00000e+00
1.95300e+03 2.23407e-14 0.00000e+00
1.95400e+03 2.10467e-14 0.00000e+00
1.95500e+03 2.28070e-14 0.00000e+00
1.95600e+03 2.17328e-14 0.00000e+00
1.95700e+03 2.28070e-14 0.00000e+00
1.95800e+03 2.13280e-14 0.00000e+00
1.95900e+03 2.08007e-14 0.00000e+00
1.96000e+03 2.19677e-14 0.00000e+00
1.96100e+03 2.10733e-14 0.00000e+00
1.96200e+03 1.91946e-14 0.00000e+00
1.96300e+03 2.25297e-14 0.00000e+00
1.96400e+03 2.09675e-14 0.00000e+00
1.96500e+03 2.24989e-14 0.00000e+00
1.96600e+03 2.10193e-14 0.00000e+00
1.96700e+03 2.06977e-14 0.00000e+00
1.96800e+03 2.04663e-14 0.00000e+00
1.96900e+03 2.05281e-14 0.00000e+00
1.97000e+03 2.00556e-14 0.00000e+00
1.97100e+03 1.98295e-14 0.00000e+00
1.97200e+03 2.06699e-14 0.00000e+00
1.97300e+03 1.93295e-14 0.00000e+00
1.97400e+03 1.95699e-14 0.00000e+00
1.97500e+03 1.97504e-14 0.00000e+00
1.97600e+03 1.93451e-14 0.00000e+00
1.97700e+03 2.05580e-14 0.00000e+00
1.97800e+03 1.88381e-14 0.00000e+00
1.97900e+03 2.07769e-14 0.00000e+00
1.98000e+03 1.86807e-14 0.00000e+00
1.98100e+03 1.92344e-14 0.00000e+00
1.98200e+03 1.85227e-14 0.00000e+00
1.98300e+03 1.79394e-14 0.00000e+00
1.98400e+03 1.71812e-14 0.00000e+00
1.98500e+03 1.85119e-14 0.00000e+00
1.98600e+03 1.93585e-14 0.00000e+00
1.98700e+03 1.88606e-14 0.00000e+00
1.98800e+03 1.95195e-14 0.00000e+00
1.98900e+03 1.70769e-14 0.00000e+00
1.99000e+03 1.77263e-14 0.00000e+00
1.99100e+03 1.91586e-14 0.00000e+00
1.99200e+03 1.81228e-14 0.00000e+00
1.99300e+03 1.87838e-14 0.00000e+00
1.99400e+03 1.84415e-14 0.00000e+00
1.99500e+03 1.70323e-14 0.00000e+00
1.99600e+03 1.73847e-14 0.00000e+00
1.99700e+03 1.67285e-14 0.00000e+00
1.99800e+03 1.66560e-14 0.00000e+00
1.99900e+03 1.70336e-14 0.00000e+00
2.00000e+03 1.62255e-14 0.00000e+00
