0.00000e+00 0.00000e+00 0.00000e+00
1.00000e+00 0.00000e+00 0.00000e+00
2.00000e+00 0.00000e+00 0.00000e+00
3.00000e+00 0.00000e+00 0.00000e+00
4.00000e+00 0.00000e+00 0.00000e+00
5.00000e+00 0.00000e+00 0.00000e+00
6.00000e+00 0.00000e+00 0.00000e+00
7.00000e+00 0.00000e+00 0.00000e+00
8.00000e+00 0.00000e+00 0.00000e+00
9.00000e+00 0.00000e+00 0.00000e+00
1.00000e+01 0.00000e+00 0.00000e+00
1.10000e+01 0.00000e+00 0.00000e+00
1.20000e+01 0.00000e+00 0.00000e+00
1.30000e+01 0.00000e+00 0.00000e+00
1.40000e+01 0.00000e+00 0.00000e+00
1.50000e+01 0.00000e+00 0.00000e+00
1.60000e+01 0.00000e+00 0.00000e+00
1.70000e+01 0.00000e+00 0.00000e+00
1.80000e+01 0.00000e+00 0.00000e+00
1.90000e+01 0.00000e+00 0.00000e+00
2.00000e+01 0.00000e+00 0.00000e+00
2.10000e+01 0.00000e+00 0.00000e+00
2.20000e+01 0.00000e+00 0.00000e+00
2.30000e+01 0.00000e+00 0.00000e+00
2.40000e+01 0.00000e+00 0.00000e+00
2.50000e+01 0.00000e+00 0.00000e+00
2.60000e+01 0.00000e+00 0.00000e+00
2.70000e+01 0.00000e+00 0.00000e+00
2.80000e+01 0.00000e+00 0.00000e+00
2.90000e+01 0.00000e+00 0.00000e+00
3.00000e+01 0.00000e+00 0.00000e+00
3.10000e+01 0.00000e+00 0.00000e+00
3.20000e+01 0.00000e+00 0.00000e+00
3.30000e+01 0.00000e+00 0.00000e+00
3.40000e+01 0.00000e+00 0.00000e+00
3.50000e+01 0.00000e+00 0.00000e+00
3.60000e+01 0.00000e+00 0.00000e+00
3.70000e+01 0.00000e+00 0.00000e+00
3.80000e+01 0.00000e+00 0.00000e+00
3.90000e+01 0.00000e+00 0.00000e+00
4.00000e+01 0.00000e+00 0.00000e+00
4.10000e+01 0.00000e+00 0.00000e+00
4.20000e+01 0.00000e+00 0.00000e+00
4.30000e+01 0.00000e+00 0.00000e+00
4.40000e+01 0.00000e+00 0.00000e+00
4.50000e+01 0.00000e+00 0.00000e+00
4.60000e+01 0.00000e+00 0.00000e+00
4.70000e+01 0.00000e+00 0.00000e+00
4.80000e+01 0.00000e+00 0.00000e+00
4.90000e+01 0.00000e+00 0.00000e+00
5.00000e+01 0.00000e+00 0.00000e+00
5.10000e+01 0.00000e+00 0.00000e+00
5.20000e+01 0.00000e+00 0.00000e+00
5.30000e+01 0.00000e+00 0.00000e+00
5.40000e+01 0.00000e+00 0.00000e+00
5.50000e+01 0.00000e+00 0.00000e+00
5.60000e+01 0.00000e+00 0.00000e+00
5.70000e+01 0.00000e+00 0.00000e+00
5.80000e+01 0.00000e+00 0.00000e+00
5.90000e+01 0.00000e+00 0.00000e+00
6.00000e+01 0.00000e+00 0.00000e+00
6.10000e+01 0.00000e+00 0.00000e+00
6.20000e+01 0.00000e+00 0.00000e+00
6.30000e+01 0.00000e+00 0.00000e+00
6.40000e+01 0.00000e+00 0.00000e+00
6.50000e+01 0.00000e+00 0.00000e+00
6.60000e+01 0.00000e+00 0.00000e+00
6.70000e+01 0.00000e+00 0.00000e+00
6.80000e+01 0.00000e+00 0.00000e+00
6.90000e+01 0.00000e+00 0.00000e+00
7.00000e+01 0.00000e+00 0.00000e+00
7.10000e+01 0.00000e+00 0.00000e+00
7.20000e+01 0.00000e+00 0.00000e+00
7.30000e+01 0.00000e+00 0.00000e+00
7.40000e+01 0.00000e+00 0.00000e+00
7.50000e+01 0.00000e+00 0.00000e+00
7.60000e+01 0.00000e+00 0.00000e+00
7.70000e+01 0.00000e+00 0.00000e+00
7.80000e+01 0.00000e+00 0.00000e+00
7.90000e+01 0.00000e+00 0.00000e+00
8.00000e+01 0.00000e+00 0.00000e+00
8.10000e+01 0.00000e+00 0.00000e+00
8.20000e+01 0.00000e+00 0.00000e+00
8.30000e+01 0.00000e+00 0.00000e+00
8.40000e+01 0.00000e+00 0.00000e+00
8.50000e+01 0.00000e+00 0.00000e+00
8.60000e+01 0.00000e+00 0.00000e+00
8.70000e+01 0.00000e+00 0.00000e+00
8.80000e+01 0.00000e+00 0.00000e+00
8.90000e+01 0.00000e+00 0.00000e+00
9.00000e+01 0.00000e+00 0.00000e+00
9.10000e+01 0.00000e+00 0.00000e+00
9.20000e+01 0.00000e+00 0.00000e+00
9.30000e+01 0.00000e+00 0.00000e+00
9.40000e+01 0.00000e+00 0.00000e+00
9.50000e+01 0.00000e+00 0.00000e+00
9.60000e+01 0.00000e+00 0.00000e+00
9.70000e+01 0.00000e+00 0.00000e+00
9.80000e+01 0.00000e+00 0.00000e+00
9.90000e+01 0.00000e+00 0.00000e+00
1.00000e+02 1.72232e-11 0.00000e+00
1.01000e+02 2.66958e-11 0.00000e+00
1.02000e+02 2.43416e-11 0.00000e+00
1.03000e+02 4.11916e-11 0.00000e+00
1.04000e+02 4.89285e-11 0.00000e+00
1.05000e+02 8.28833e-12 0.00000e+00
1.06000e+02 3.42606e-11 0.00000e+00
1.07000e+02 3.42607e-11 0.00000e+00
1.08000e+02 4.51380e-11 0.00000e+00
1.09000e+02 2.27174e-11 0.00000e+00
1.10000e+02 5.37914e-11 0.00000e+00
1.11000e+02 2.41976e-11 0.00000e+00
1.12000e+02 2.62112e-11 0.00000e+00
1.13000e+02 5.78716e-11 0.00000e+00
1.14000e+02 3.39477e-11 0.00000e+00
1.15000e+02 4.51944e-11 0.00000e+00
1.16000e+02 1.79827e-11 0.00000e+00
1.17000e+02 4.99014e-11 0.00000e+00
1.18000e+02 2.65239e-11 0.00000e+00
1.19000e+02 2.25789e-11 0.00000e+00
1.20000e+02 3.64116e-11 0.00000e+00
1.21000e+02 3.81872e-11 0.00000e+00
1.22000e+02 1.97693e-11 0.00000e+00
1.23000e+02 4.43221e-12 0.00000e+00
1.24000e+02 2.82526e-11 0.00000e+00
1.25000e+02 1.57978e-11 0.00000e+00
1.26000e+02 3.36696e-11 0.00000e+00
1.27000e+02 3.05896e-11 0.00000e+00
1.28000e+02 2.15946e-11 0.00000e+00
1.29000e+02 1.22327e-11 0.00000e+00
1.30000e+02 1.85729e-11 0.00000e+00
1.31000e+02 2.50751e-11 0.00000e+00
1.32000e+02 5.80100e-12 0.00000e+00
1.33000e+02 1.37844e-11 0.00000e+00
1.34000e+02 2.47232e-11 0.00000e+00
1.35000e+02 1.63570e-11 0.00000e+00
1.36000e+02 2.53965e-11 0.00000e+00
1.37000e+02 4.03786e-11 0.00000e+00
1.38000e+02 2.78730e-11 0.00000e+00
1.39000e+02 2.24838e-11 0.00000e+00
1.40000e+02 2.60406e-11 0.00000e+00
1.41000e+02 2.12400e-11 0.00000e+00
1.42000e+02 2.61389e-11 0.00000e+00
1.43000e+02 2.66546e-11 0.00000e+00
1.44000e+02 1.67650e-11 0.00000e+00
1.45000e+02 2.77026e-11 0.00000e+00
1.46000e+02 2.05964e-11 0.00000e+00
1.47000e+02 2.93450e-11 0.00000e+00
1.48000e+02 1.96545e-11 0.00000e+00
1.49000e+02 1.68155e-11 0.00000e+00
1.50000e+02 3.86986e-11 0.00000e+00
1.51000e+02 2.06301e-11 0.00000e+00
1.52000e+02 3.65214e-11 0.00000e+00
1.53000e+02 1.06267e-11 0.00000e+00
1.54000e+02 3.10322e-11 0.00000e+00
1.55000e+02 2.00561e-11 0.00000e+00
1.56000e+02 2.78208e-11 0.00000e+00
1.57000e+02 4.33788e-11 0.00000e+00
1.58000e+02 1.98918e-11 0.00000e+00
1.59000e+02 1.88774e-11 0.00000e+00
1.60000e+02 1.65962e-11 0.00000e+00
1.61000e+02 1.42300e-11 0.00000e+00
1.62000e+02 2.61788e-11 0.00000e+00
1.63000e+02 1.84790e-11 0.00000e+00
1.64000e+02 3.04664e-11 0.00000e+00
1.65000e+02 2.25890e-11 0.00000e+00
1.66000e+02 1.29360e-11 0.00000e+00
1.67000e+02 3.34547e-11 0.00000e+00
1.68000e+02 1.87820e-11 0.00000e+00
1.69000e+02 2.71507e-11 0.00000e+00
1.70000e+02 2.74829e-11 0.00000e+00
1.71000e+02 1.91991e-11 0.00000e+00
1.72000e+02 2.56981e-11 0.00000e+00
1.73000e+02 1.59826e-11 0.00000e+00
1.74000e+02 -1.47895e-12 0.00000e+00
1.75000e+02 7.15239e-12 0.00000e+00
1.76000e+02 2.89337e-11 0.00000e+00
1.77000e+02 1.20399e-11 0.00000e+00
1.78000e+02 1.38763e-11 0.00000e+00
1.79000e+02 1.86946e-11 0.00000e+00
1.80000e+02 2.52953e-11 0.00000e+00
1.81000e+02 2.29384e-11 0.00000e+00
1.82000e+02 3.67828e-11 0.00000e+00
1.83000e+02 1.12575e-11 0.00000e+00
1.84000e+02 2.01555e-11 0.00000e+00
1.85000e+02 1.54737e-11 0.00000e+00
1.86000e+02 1.88631e-11 0.00000e+00
1.87000e+02 8.28692e-12 0.00000e+00
1.88000e+02 2.27531e-11 0.00000e+00
1.89000e+02 2.63035e-11 0.00000e+00
1.90000e+02 2.23727e-11 0.00000e+00
1.91000e+02 1.72733e-11 0.00000e+00
1.92000e+02 1.27898e-11 0.00000e+00
1.93000e+02 1.59977e-11 0.00000e+00
1.94000e+02 1.88472e-11 0.00000e+00
1.95000e+02 1.52392e-11 0.00000e+00
1.96000e+02 2.29491e-11 0.00000e+00
1.97000e+02 1.96924e-11 0.00000e+00
1.98000e+02 2.77973e-11 0.00000e+00
1.99000e+02 1.46671e-11 0.00000e+00
2.00000e+02 1.19528e-11 0.00000e+00
2.01000e+02 1.43902e-11 0.00000e+00
2.02000e+02 1.81359e-11 0.00000e+00
2.03000e+02 1.21056e-11 0.00000e+00
2.04000e+02 1.77153e-11 0.00000e+00
2.05000e+02 1.47573e-11 0.00000e+00
2.06000e+02 2.31657e-11 0.00000e+00
2.07000e+02 7.11425e-12 0.00000e+00
2.08000e+02 1.14544e-11 0.00000e+00
2.09000e+02 1.77139e-11 0.00000e+00
2.10000e+02 2.31652e-11 0.00000e+00
2.11000e+02 1.28892e-11 0.00000e+00
2.12000e+02 9.38602e-12 0.00000e+00
2.13000e+02 9.57226e-12 0.00000e+00
2.14000e+02 1.74998e-11 0.00000e+00
2.15000e+02 2.36819e-11 0.00000e+00
2.16000e+02 1.19432e-11 0.00000e+00
2.17000e+02 1.70931e-11 0.00000e+00
2.18000e+02 2.65645e-11 0.00000e+00
2.19000e+02 6.60370e-12 0.00000e+00
2.20000e+02 1.25729e-11 0.00000e+00
2.21000e+02 1.04041e-11 0.00000e+00
2.22000e+02 2.34412e-11 0.00000e+00
2.23000e+02 1.77545e-11 0.00000e+00
2.24000e+02 1.93775e-11 0.00000e+00
2.25000e+02 1.87927e-11 0.00000e+00
2.26000e+02 2.83257e-11 0.00000e+00
2.27000e+02 1.62523e-11 0.00000e+00
2.28000e+02 1.47348e-11 0.00000e+00
2.29000e+02 2.41513e-11 0.00000e+00
2.30000e+02 1.11911e-11 0.00000e+00
2.31000e+02 2.24865e-11 0.00000e+00
2.32000e+02 2.43987e-11 0.00000e+00
2.33000e+02 1.21275e-11 0.00000e+00
2.34000e+02 1.68184e-11 0.00000e+00
2.35000e+02 7.90873e-12 0.00000e+00
2.36000e+02 1.35422e-11 0.00000e+00
2.37000e+02 1.75921e-11 0.00000e+00
2.38000e+02 1.58994e-11 0.00000e+00
2.39000e+02 1.34325e-11 0.00000e+00
2.40000e+02 1.41999e-11 0.00000e+00
2.41000e+02 2.24212e-11 0.00000e+00
2.42000e+02 2.41944e-11 0.00000e+00
2.43000e+02 1.52566e-11 0.00000e+00
2.44000e+02 2.39045e-11 0.00000e+00
2.45000e+02 3.62396e-11 0.00000e+00
2.46000e+02 1.75921e-11 0.00000e+00
2.47000e+02 5.30374e-12 0.00000e+00
2.48000e+02 1.32631e-11 0.00000e+00
2.49000e+02 1.06515e-11 0.00000e+00
2.50000e+02 1.14519e-11 0.00000e+00
2.51000e+02 1.84058e-11 0.00000e+00
2.52000e+02 7.50867e-12 0.00000e+00
2.53000e+02 6.40569e-12 0.00000e+00
2.54000e+02 5.91092e-12 0.00000e+00
2.55000e+02 2.16066e-11 0.00000e+00
2.56000e+02 1.35692e-11 0.00000e+00
2.57000e+02 1.47366e-11 0.00000e+00
2.58000e+02 2.09791e-11 0.00000e+00
2.59000e+02 1.58698e-11 0.00000e+00
2.60000e+02 1.18791e-11 0.00000e+00
2.61000e+02 2.08376e-11 0.00000e+00
2.62000e+02 8.53760e-12 0.00000e+00
2.63000e+02 1.90568e-11 0.00000e+00
2.64000e+02 1.38098e-11 0.00000e+00
2.65000e+02 1.68828e-11 0.00000e+00
2.66000e+02 4.44286e-12 0.00000e+00
2.67000e+02 1.49798e-11 0.00000e+00
2.68000e+02 8.01103e-12 0.00000e+00
2.69000e+02 8.17364e-12 0.00000e+00
2.70000e+02 1.70671e-11 0.00000e+00
2.71000e+02 8.76262e-12 0.00000e+00
2.72000e+02 1.54214e-11 0.00000e+00
2.73000e+02 2.28258e-11 0.00000e+00
2.74000e+02 6.84834e-12 0.00000e+00
2.75000e+02 1.76384e-11 0.00000e+00
2.76000e+02 1.29855e-11 0.00000e+00
2.77000e+02 4.31592e-12 0.00000e+00
2.78000e+02 8.69365e-12 0.00000e+00
2.79000e+02 1.41924e-11 0.00000e+00
2.80000e+02 2.12762e-12 0.00000e+00
2.81000e+02 1.97690e-11 0.00000e+00
2.82000e+02 1.27664e-11 0.00000e+00
2.83000e+02 1.03860e-11 0.00000e+00
2.84000e+02 8.66687e-12 0.00000e+00
2.85000e+02 2.11517e-11 0.00000e+00
2.86000e+02 1.54968e-11 0.00000e+00
2.87000e+02 9.95838e-12 0.00000e+00
2.88000e+02 3.78673e-12 0.00000e+00
2.89000e+02 1.49077e-11 0.00000e+00
2.90000e+02 1.88816e-11 0.00000e+00
2.91000e+02 1.55346e-11 0.00000e+00
2.92000e+02 1.88978e-11 0.00000e+00
2.93000e+02 8.90358e-12 0.00000e+00
2.94000e+02 1.29207e-11 0.00000e+00
2.95000e+02 1.69901e-11 0.00000e+00
2.96000e+02 1.20893e-11 0.00000e+00
2.97000e+02 1.06931e-11 0.00000e+00
2.98000e+02 1.12301e-11 0.00000e+00
2.99000e+02 1.11707e-11 0.00000e+00
3.00000e+02 1.25824e-11 0.00000e+00
3.01000e+02 9.37310e-12 0.00000e+00
3.02000e+02 1.34978e-11 0.00000e+00
3.03000e+02 1.34446e-11 0.00000e+00
3.04000e+02 2.14710e-11 0.00000e+00
3.05000e+02 1.36229e-11 0.00000e+00
3.06000e+02 1.58986e-11 0.00000e+00
3.07000e+02 1.28451e-11 0.00000e+00
3.08000e+02 1.53367e-11 0.00000e+00
3.09000e+02 1.62569e-11 0.00000e+00
3.10000e+02 1.87336e-11 0.00000e+00
3.11000e+02 9.29262e-12 0.00000e+00
3.12000e+02 8.07488e-12 0.00000e+00
3.13000e+02 1.50093e-11 0.00000e+00
3.14000e+02 1.42523e-11 0.00000e+00
3.15000e+02 1.20555e-11 0.00000e+00
3.16000e+02 1.59637e-11 0.00000e+00
3.17000e+02 9.37289e-12 0.00000e+00
3.18000e+02 3.42518e-12 0.00000e+00
3.19000e+02 9.79181e-12 0.00000e+00
3.20000e+02 7.41900e-12 0.00000e+00
3.21000e+02 9.81655e-12 0.00000e+00
3.22000e+02 9.84435e-12 0.00000e+00
3.23000e+02 1.56380e-11 0.00000e+00
3.24000e+02 1.16610e-11 0.00000e+00
3.25000e+02 1.23748e-11 0.00000e+00
3.26000e+02 1.25779e-11 0.00000e+00
3.27000e+02 1.67081e-11 0.00000e+00
3.28000e+02 5.84444e-12 0.00000e+00
3.29000e+02 8.84514e-12 0.00000e+00
3.30000e+02 7.97237e-12 0.00000e+00
3.31000e+02 9.23906e-12 0.00000e+00
3.32000e+02 7.94767e-12 0.00000e+00
3.33000e+02 1.54336e-11 0.00000e+00
3.34000e+02 1.34463e-11 0.00000e+00
3.35000e+02 1.15056e-11 0.00000e+00
3.36000e+02 1.36277e-11 0.00000e+00
3.37000e+02 1.67640e-11 0.00000e+00
3.38000e+02 1.37967e-12 0.00000e+00
3.39000e+02 7.96400e-12 0.00000e+00
3.40000e+02 8.92091e-12 0.00000e+00
3.41000e+02 1.15294e-11 0.00000e+00
3.42000e+02 1.15236e-11 0.00000e+00
3.43000e+02 9.67887e-12 0.00000e+00
3.44000e+02 1.17185e-11 0.00000e+00
3.45000e+02 1.18920e-11 0.00000e+00
3.46000e+02 1.23159e-11 0.00000e+00
3.47000e+02 8.04558e-12 0.00000e+00
3.48000e+02 8.57187e-12 0.00000e+00
3.49000e+02 1.08154e-11 0.00000e+00
3.50000e+02 4.57445e-12 0.00000e+00
3.51000e+02 9.88776e-12 0.00000e+00
3.52000e+02 1.00156e-11 0.00000e+00
3.53000e+02 1.00879e-11 0.00000e+00
3.54000e+02 1.32460e-11 0.00000e+00
3.55000e+02 1.47524e-11 0.00000e+00
3.56000e+02 1.45840e-11 0.00000e+00
3.57000e+02 2.02197e-12 0.00000e+00
3.58000e+02 5.64627e-12 0.00000e+00
3.59000e+02 1.10015e-11 0.00000e+00
3.60000e+02 9.06017e-12 0.00000e+00
3.61000e+02 7.31730e-12 0.00000e+00
3.62000e+02 1.01397e-11 0.00000e+00
3.63000e+02 3.48431e-12 0.00000e+00
3.64000e+02 5.70480e-12 0.00000e+00
3.65000e+02 1.07760e-11 0.00000e+00
3.66000e+02 1.06762e-11 0.00000e+00
3.67000e+02 7.95726e-12 0.00000e+00
3.68000e+02 1.54742e-11 0.00000e+00
3.69000e+02 8.70126e-12 0.00000e+00
3.70000e+02 7.87915e-12 0.00000e+00
3.71000e+02 1.35800e-11 0.00000e+00
3.72000e+02 1.22143e-11 0.00000e+00
3.73000e+02 9.20292e-12 0.00000e+00
3.74000e+02 1.07456e-11 0.00000e+00
3.75000e+02 1.48432e-11 0.00000e+00
3.76000e+02 1.02781e-11 0.00000e+00
3.77000e+02 9.00918e-12 0.00000e+00
3.78000e+02 1.01462e-11 0.00000e+00
3.79000e+02 5.58045e-12 0.00000e+00
3.80000e+02 6.33252e-12 0.00000e+00
3.81000e+02 8.53455e-12 0.00000e+00
3.82000e+02 9.12827e-12 0.00000e+00
3.83000e+02 1.91139e-11 0.00000e+00
3.84000e+02 1.35618e-11 0.00000e+00
3.85000e+02 1.13534e-11 0.00000e+00
3.86000e+02 6.84912e-12 0.00000e+00
3.87000e+02 1.17601e-11 0.00000e+00
3.88000e+02 8.76433e-12 0.00000e+00
3.89000e+02 9.54905e-12 0.00000e+00
3.90000e+02 6.79385e-12 0.00000e+00
3.91000e+02 6.17499e-12 0.00000e+00
3.92000e+02 1.26466e-11 0.00000e+00
3.93000e+02 1.08857e-11 0.00000e+00
3.94000e+02 6.34080e-12 0.00000e+00
3.95000e+02 1.17672e-11 0.00000e+00
3.96000e+02 1.29086e-11 0.00000e+00
3.97000e+02 1.37361e-11 0.00000e+00
3.98000e+02 1.45845e-11 0.00000e+00
3.99000e+02 7.37538e-12 0.00000e+00
4.00000e+02 9.23732e-12 0.00000e+00
4.01000e+02 8.54538e-12 0.00000e+00
4.02000e+02 3.39256e-12 0.00000e+00
4.03000e+02 9.16361e-12 0.00000e+00
4.04000e+02 1.02614e-11 0.00000e+00
4.05000e+02 4.56020e-12 0.00000e+00
4.06000e+02 5.50706e-12 0.00000e+00
4.07000e+02 1.44014e-11 0.00000e+00
4.08000e+02 1.33069e-11 0.00000e+00
4.09000e+02 9.00590e-12 0.00000e+00
4.10000e+02 5.05836e-12 0.00000e+00
4.11000e+02 9.35944e-12 0.00000e+00
4.12000e+02 7.91201e-12 0.00000e+00
4.13000e+02 1.04181e-11 0.00000e+00
4.14000e+02 7.13601e-12 0.00000e+00
4.15000e+02 8.58237e-12 0.00000e+00
4.16000e+02 6.81168e-12 0.00000e+00
4.17000e+02 1.01095e-11 0.00000e+00
4.18000e+02 5.97649e-12 0.00000e+00
4.19000e+02 7.57803e-12 0.00000e+00
4.20000e+02 4.62632e-12 0.00000e+00
4.21000e+02 1.08275e-11 0.00000e+00
4.22000e+02 7.12948e-12 0.00000e+00
4.23000e+02 8.55453e-12 0.00000e+00
4.24000e+02 1.06361e-11 0.00000e+00
4.25000e+02 6.32455e-12 0.00000e+00
4.26000e+02 6.18341e-12 0.00000e+00
4.27000e+02 8.87085e-12 0.00000e+00
4.28000e+02 8.82419e-12 0.00000e+00
4.29000e+02 5.30277e-12 0.00000e+00
4.30000e+02 7.06565e-12 0.00000e+00
4.31000e+02 7.57198e-12 0.00000e+00
4.32000e+02 8.03785e-12 0.00000e+00
4.33000e+02 3.84609e-12 0.00000e+00
4.34000e+02 8.15207e-12 0.00000e+00
4.35000e+02 9.04982e-12 0.00000e+00
4.36000e+02 9.30302e-12 0.00000e+00
4.37000e+02 8.64674e-12 0.00000e+00
4.38000e+02 8.46516e-12 0.00000e+00
4.39000e+02 1.07117e-11 0.00000e+00
4.40000e+02 7.68350e-12 0.00000e+00
4.41000e+02 3.72465e-12 0.00000e+00
4.42000e+02 6.54938e-12 0.00000e+00
4.43000e+02 1.12063e-11 0.00000e+00
4.44000e+02 5.17224e-12 0.00000e+00
4.45000e+02 6.27126e-12 0.00000e+00
4.46000e+02 8.80139e-12 0.00000e+00
4.47000e+02 6.05442e-12 0.00000e+00
4.48000e+02 1.32671e-12 0.00000e+00
4.49000e+02 3.57642e-12 0.00000e+00
4.50000e+02 7.15701e-12 0.00000e+00
4.51000e+02 6.11562e-12 0.00000e+00
4.52000e+02 8.04639e-12 0.00000e+00
4.53000e+02 8.58622e-12 0.00000e+00
4.54000e+02 9.39392e-12 0.00000e+00
4.55000e+02 9.11846e-12 0.00000e+00
4.56000e+02 9.84540e-12 0.00000e+00
4.57000e+02 8.40408e-12 0.00000e+00
4.58000e+02 4.48636e-12 0.00000e+00
4.59000e+02 5.94009e-12 0.00000e+00
4.60000e+02 4.59142e-12 0.00000e+00
4.61000e+02 7.76062e-12 0.00000e+00
4.62000e+02 7.61000e-12 0.00000e+00
4.63000e+02 4.79997e-12 0.00000e+00
4.64000e+02 1.26740e-12 0.00000e+00
4.65000e+02 5.90550e-12 0.00000e+00
4.66000e+02 6.83859e-12 0.00000e+00
4.67000e+02 7.65778e-12 0.00000e+00
4.68000e+02 6.70627e-12 0.00000e+00
4.69000e+02 5.76962e-12 0.00000e+00
4.70000e+02 5.39429e-12 0.00000e+00
4.71000e+02 4.12344e-12 0.00000e+00
4.72000e+02 5.53177e-12 0.00000e+00
4.73000e+02 5.38889e-12 0.00000e+00
4.74000e+02 3.65606e-12 0.00000e+00
4.75000e+02 7.30096e-12 0.00000e+00
4.76000e+02 5.19484e-12 0.00000e+00
4.77000e+02 6.05270e-12 0.00000e+00
4.78000e+02 6.54194e-12 0.00000e+00
4.79000e+02 8.09729e-12 0.00000e+00
4.80000e+02 8.25576e-12 0.00000e+00
4.81000e+02 5.99136e-12 0.00000e+00
4.82000e+02 9.89571e-12 0.00000e+00
4.83000e+02 4.18363e-12 0.00000e+00
4.84000e+02 4.62582e-12 0.00000e+00
4.85000e+02 7.73476e-12 0.00000e+00
4.86000e+02 7.48097e-12 0.00000e+00
4.87000e+02 5.63397e-12 0.00000e+00
4.88000e+02 5.71214e-12 0.00000e+00
4.89000e+02 5.08724e-12 0.00000e+00
4.90000e+02 6.78235e-12 0.00000e+00
4.91000e+02 8.44178e-12 0.00000e+00
4.92000e+02 5.07675e-12 0.00000e+00
4.93000e+02 8.14733e-12 0.00000e+00
4.94000e+02 9.78449e-12 0.00000e+00
4.95000e+02 7.55711e-12 0.00000e+00
4.96000e+02 9.17302e-12 0.00000e+00
4.97000e+02 5.47453e-12 0.00000e+00
4.98000e+02 7.80004e-12 0.00000e+00
4.99000e+02 9.33988e-12 0.00000e+00
5.00000e+02 5.84898e-12 0.00000e+00
5.01000e+02 6.76693e-12 0.00000e+00
5.02000e+02 6.18382e-12 0.00000e+00
5.03000e+02 8.66919e-12 0.00000e+00
5.04000e+02 4.92083e-12 0.00000e+00
5.05000e+02 7.49095e-12 0.00000e+00
5.06000e+02 5.65793e-12 0.00000e+00
5.07000e+02 5.82817e-12 0.00000e+00
5.08000e+02 5.57669e-12 0.00000e+00
5.09000e+02 7.60162e-12 0.00000e+00
5.10000e+02 5.16191e-12 0.00000e+00
5.11000e+02 6.70999e-12 0.00000e+00
5.12000e+02 7.00635e-12 0.00000e+00
5.13000e+02 7.69879e-12 0.00000e+00
5.14000e+02 6.53400e-12 0.00000e+00
5.15000e+02 7.69031e-12 0.00000e+00
5.16000e+02 2.45233e-12 0.00000e+00
5.17000e+02 7.49292e-12 0.00000e+00
5.18000e+02 7.94812e-12 0.00000e+00
5.19000e+02 6.74113e-12 0.00000e+00
5.20000e+02 6.27373e-12 0.00000e+00
5.21000e+02 3.94224e-12 0.00000e+00
5.22000e+02 5.09394e-12 0.00000e+00
5.23000e+02 6.40161e-12 0.00000e+00
5.24000e+02 5.29319e-12 0.00000e+00
5.25000e+02 5.51397e-12 0.00000e+00
5.26000e+02 3.56022e-12 0.00000e+00
5.27000e+02 4.85571e-12 0.00000e+00
5.28000e+02 5.01082e-12 0.00000e+00
5.29000e+02 4.84999e-12 0.00000e+00
5.30000e+02 7.00857e-12 0.00000e+00
5.31000e+02 7.95897e-12 0.00000e+00
5.32000e+02 4.87396e-12 0.00000e+00
5.33000e+02 7.62384e-12 0.00000e+00
5.34000e+02 6.34153e-12 0.00000e+00
5.35000e+02 5.28896e-12 0.00000e+00
5.36000e+02 6.96061e-12 0.00000e+00
5.37000e+02 3.47444e-12 0.00000e+00
5.38000e+02 5.61613e-12 0.00000e+00
5.39000e+02 5.73413e-12 0.00000e+00
5.40000e+02 6.87191e-12 0.00000e+00
5.41000e+02 5.22659e-12 0.00000e+00
5.42000e+02 8.36578e-12 0.00000e+00
5.43000e+02 5.72851e-12 0.00000e+00
5.44000e+02 4.61593e-12 0.00000e+00
5.45000e+02 5.49352e-12 0.00000e+00
5.46000e+02 3.87166e-12 0.00000e+00
5.47000e+02 6.36474e-12 0.00000e+00
5.48000e+02 6.47625e-12 0.00000e+00
5.49000e+02 4.70390e-12 0.00000e+00
5.50000e+02 5.69408e-12 0.00000e+00
5.51000e+02 5.19443e-12 0.00000e+00
5.52000e+02 6.44866e-12 0.00000e+00
5.53000e+02 1.98311e-12 0.00000e+00
5.54000e+02 4.24617e-12 0.00000e+00
5.55000e+02 3.34831e-12 0.00000e+00
5.56000e+02 8.98170e-12 0.00000e+00
5.57000e+02 5.65657e-12 0.00000e+00
5.58000e+02 3.41753e-12 0.00000e+00
5.59000e+02 5.33015e-12 0.00000e+00
5.60000e+02 3.54852e-12 0.00000e+00
5.61000e+02 6.56575e-12 0.00000e+00
5.62000e+02 6.60720e-12 0.00000e+00
5.63000e+02 5.75941e-12 0.00000e+00
5.64000e+02 3.54678e-12 0.00000e+00
5.65000e+02 4.94056e-12 0.00000e+00
5.66000e+02 2.07766e-12 0.00000e+00
5.67000e+02 6.19506e-12 0.00000e+00
5.68000e+02 4.68957e-12 0.00000e+00
5.69000e+02 1.95662e-12 0.00000e+00
5.70000e+02 4.76340e-12 0.00000e+00
5.71000e+02 3.88088e-12 0.00000e+00
5.72000e+02 6.63065e-12 0.00000e+00
5.73000e+02 6.69912e-12 0.00000e+00
5.74000e+02 4.48814e-12 0.00000e+00
5.75000e+02 4.02970e-12 0.00000e+00
5.76000e+02 2.81934e-12 0.00000e+00
5.77000e+02 5.14859e-12 0.00000e+00
5.78000e+02 3.82432e-12 0.00000e+00
5.79000e+02 5.66699e-12 0.00000e+00
5.80000e+02 3.49776e-12 0.00000e+00
5.81000e+02 3.23428e-12 0.00000e+00
5.82000e+02 5.61841e-12 0.00000e+00
5.83000e+02 5.02309e-12 0.00000e+00
5.84000e+02 4.00180e-12 0.00000e+00
5.85000e+02 7.24692e-12 0.00000e+00
5.86000e+02 6.32024e-12 0.00000e+00
5.87000e+02 5.63167e-12 0.00000e+00
5.88000e+02 2.57889e-12 0.00000e+00
5.89000e+02 4.73488e-12 0.00000e+00
5.90000e+02 5.92985e-12 0.00000e+00
5.91000e+02 4.42471e-12 0.00000e+00
5.92000e+02 3.96690e-12 0.00000e+00
5.93000e+02 6.99421e-12 0.00000e+00
5.94000e+02 5.10198e-12 0.00000e+00
5.95000e+02 6.05287e-12 0.00000e+00
5.96000e+02 5.86222e-12 0.00000e+00
5.97000e+02 4.75764e-12 0.00000e+00
5.98000e+02 5.52832e-12 0.00000e+00
5.99000e+02 3.75004e-12 0.00000e+00
6.00000e+02 5.12289e-12 0.00000e+00
6.01000e+02 1.52702e-12 0.00000e+00
6.02000e+02 4.59194e-12 0.00000e+00
6.03000e+02 4.40450e-12 0.00000e+00
6.04000e+02 5.15696e-12 0.00000e+00
6.05000e+02 4.34088e-12 0.00000e+00
6.06000e+02 2.68696e-12 0.00000e+00
6.07000e+02 5.41533e-12 0.00000e+00
6.08000e+02 5.72993e-12 0.00000e+00
6.09000e+02 3.90859e-12 0.00000e+00
6.10000e+02 5.79803e-12 0.00000e+00
6.11000e+02 3.36706e-12 0.00000e+00
6.12000e+02 3.79534e-12 0.00000e+00
6.13000e+02 3.92184e-12 0.00000e+00
6.14000e+02 4.84394e-12 0.00000e+00
6.15000e+02 3.87720e-12 0.00000e+00
6.16000e+02 3.33095e-12 0.00000e+00
6.17000e+02 3.71061e-12 0.00000e+00
6.18000e+02 4.85358e-12 0.00000e+00
6.19000e+02 4.93338e-12 0.00000e+00
6.20000e+02 4.54086e-12 0.00000e+00
6.21000e+02 3.58097e-12 0.00000e+00
6.22000e+02 5.12540e-12 0.00000e+00
6.23000e+02 5.08837e-12 0.00000e+00
6.24000e+02 5.68430e-12 0.00000e+00
6.25000e+02 4.57004e-12 0.00000e+00
6.26000e+02 3.21440e-12 0.00000e+00
6.27000e+02 4.51679e-12 0.00000e+00
6.28000e+02 4.73394e-12 0.00000e+00
6.29000e+02 4.43154e-12 0.00000e+00
6.30000e+02 3.74137e-12 0.00000e+00
6.31000e+02 4.39868e-12 0.00000e+00
6.32000e+02 4.80787e-12 0.00000e+00
6.33000e+02 4.59114e-12 0.00000e+00
6.34000e+02 5.33760e-12 0.00000e+00
6.35000e+02 4.13658e-12 0.00000e+00
6.36000e+02 4.22134e-12 0.00000e+00
6.37000e+02 5.04768e-12 0.00000e+00
6.38000e+02 5.11953e-12 0.00000e+00
6.39000e+02 2.06269e-12 0.00000e+00
6.40000e+02 3.82173e-12 0.00000e+00
6.41000e+02 5.27650e-12 0.00000e+00
6.42000e+02 3.85115e-12 0.00000e+00
6.43000e+02 4.35768e-12 0.00000e+00
6.44000e+02 4.55481e-12 0.00000e+00
6.45000e+02 4.24992e-12 0.00000e+00
6.46000e+02 4.87720e-12 0.00000e+00
6.47000e+02 2.96804e-12 0.00000e+00
6.48000e+02 3.80202e-12 0.00000e+00
6.49000e+02 4.21815e-12 0.00000e+00
6.50000e+02 5.29490e-12 0.00000e+00
6.51000e+02 4.57027e-12 0.00000e+00
6.52000e+02 7.26009e-12 0.00000e+00
6.53000e+02 4.33431e-12 0.00000e+00
6.54000e+02 5.66081e-12 0.00000e+00
6.55000e+02 4.01676e-12 0.00000e+00
6.56000e+02 4.20332e-12 0.00000e+00
6.57000e+02 4.93744e-12 0.00000e+00
6.58000e+02 4.19334e-12 0.00000e+00
6.59000e+02 5.47308e-12 0.00000e+00
6.60000e+02 3.62978e-12 0.00000e+00
6.61000e+02 3.79442e-12 0.00000e+00
6.62000e+02 4.00264e-12 0.00000e+00
6.63000e+02 3.92212e-12 0.00000e+00
6.64000e+02 4.38448e-12 0.00000e+00
6.65000e+02 3.43991e-12 0.00000e+00
6.66000e+02 3.26324e-12 0.00000e+00
6.67000e+02 4.49236e-12 0.00000e+00
6.68000e+02 2.95423e-12 0.00000e+00
6.69000e+02 3.51100e-12 0.00000e+00
6.70000e+02 4.26309e-12 0.00000e+00
6.71000e+02 4.71348e-12 0.00000e+00
6.72000e+02 2.40930e-12 0.00000e+00
6.73000e+02 2.83101e-12 0.00000e+00
6.74000e+02 3.71953e-12 0.00000e+00
6.75000e+02 4.78156e-12 0.00000e+00
6.76000e+02 3.60862e-12 0.00000e+00
6.77000e+02 2.93815e-12 0.00000e+00
6.78000e+02 3.74422e-12 0.00000e+00
6.79000e+02 3.81637e-12 0.00000e+00
6.80000e+02 4.71067e-12 0.00000e+00
6.81000e+02 4.13816e-12 0.00000e+00
6.82000e+02 3.95798e-12 0.00000e+00
6.83000e+02 3.98413e-12 0.00000e+00
6.84000e+02 4.10265e-12 0.00000e+00
6.85000e+02 5.54809e-12 0.00000e+00
6.86000e+02 3.98123e-12 0.00000e+00
6.87000e+02 3.37270e-12 0.00000e+00
6.88000e+02 5.74388e-12 0.00000e+00
6.89000e+02 3.34749e-12 0.00000e+00
6.90000e+02 3.47785e-12 0.00000e+00
6.91000e+02 3.71795e-12 0.00000e+00
6.92000e+02 3.69137e-12 0.00000e+00
6.93000e+02 3.85333e-12 0.00000e+00
6.94000e+02 3.73800e-12 0.00000e+00
6.95000e+02 3.40706e-12 0.00000e+00
6.96000e+02 4.09907e-12 0.00000e+00
6.97000e+02 4.31835e-12 0.00000e+00
6.98000e+02 2.77915e-12 0.00000e+00
6.99000e+02 2.77649e-12 0.00000e+00
7.00000e+02 3.43376e-12 0.00000e+00
7.01000e+02 4.54652e-12 0.00000e+00
7.02000e+02 1.35245e-12 0.00000e+00
7.03000e+02 2.34056e-12 0.00000e+00
7.04000e+02 4.52306e-12 0.00000e+00
7.05000e+02 2.88115e-12 0.00000e+00
7.06000e+02 2.78079e-12 0.00000e+00
7.07000e+02 3.17273e-12 0.00000e+00
7.08000e+02 4.65234e-12 0.00000e+00
7.09000e+02 4.67751e-12 0.00000e+00
7.10000e+02 2.94887e-12 0.00000e+00
7.11000e+02 3.38268e-12 0.00000e+00
7.12000e+02 3.76232e-12 0.00000e+00
7.13000e+02 3.78149e-12 0.00000e+00
7.14000e+02 4.15838e-12 0.00000e+00
7.15000e+02 3.70402e-12 0.00000e+00
7.16000e+02 3.44414e-12 0.00000e+00
7.17000e+02 3.03737e-12 0.00000e+00
7.18000e+02 4.33167e-12 0.00000e+00
7.19000e+02 1.99179e-12 0.00000e+00
7.20000e+02 2.48333e-12 0.00000e+00
7.21000e+02 3.16328e-12 0.00000e+00
7.22000e+02 4.07805e-12 0.00000e+00
7.23000e+02 2.86303e-12 0.00000e+00
7.24000e+02 3.00135e-12 0.00000e+00
7.25000e+02 3.89882e-12 0.00000e+00
7.26000e+02 4.11337e-12 0.00000e+00
7.27000e+02 3.20300e-12 0.00000e+00
7.28000e+02 3.33802e-12 0.00000e+00
7.29000e+02 3.06116e-12 0.00000e+00
7.30000e+02 3.98054e-12 0.00000e+00
7.31000e+02 3.68477e-12 0.00000e+00
7.32000e+02 4.73649e-12 0.00000e+00
7.33000e+02 2.79655e-12 0.00000e+00
7.34000e+02 3.13857e-12 0.00000e+00
7.35000e+02 4.81760e-12 0.00000e+00
7.36000e+02 2.25353e-12 0.00000e+00
7.37000e+02 4.24372e-12 0.00000e+00
7.38000e+02 3.67690e-12 0.00000e+00
7.39000e+02 3.62096e-12 0.00000e+00
7.40000e+02 3.71350e-12 0.00000e+00
7.41000e+02 3.89867e-12 0.00000e+00
7.42000e+02 3.77811e-12 0.00000e+00
7.43000e+02 4.22914e-12 0.00000e+00
7.44000e+02 2.54170e-12 0.00000e+00
7.45000e+02 3.42715e-12 0.00000e+00
7.46000e+02 3.90859e-12 0.00000e+00
7.47000e+02 2.82606e-12 0.00000e+00
7.48000e+02 2.04193e-12 0.00000e+00
7.49000e+02 3.11016e-12 0.00000e+00
7.50000e+02 3.00058e-12 0.00000e+00
7.51000e+02 3.69575e-12 0.00000e+00
7.52000e+02 3.20701e-12 0.00000e+00
7.53000e+02 3.00364e-12 0.00000e+00
7.54000e+02 3.71200e-12 0.00000e+00
7.55000e+02 3.35530e-12 0.00000e+00
7.56000e+02 2.66928e-12 0.00000e+00
7.57000e+02 1.87117e-12 0.00000e+00
7.58000e+02 3.05858e-12 0.00000e+00
7.59000e+02 2.19100e-12 0.00000e+00
7.60000e+02 2.41977e-12 0.00000e+00
7.61000e+02 3.67788e-12 0.00000e+00
7.62000e+02 3.12540e-12 0.00000e+00
7.63000e+02 3.22531e-12 0.00000e+00
7.64000e+02 3.18760e-12 0.00000e+00
7.65000e+02 2.00610e-12 0.00000e+00
7.66000e+02 3.02244e-12 0.00000e+00
7.67000e+02 2.93711e-12 0.00000e+00
7.68000e+02 3.60967e-12 0.00000e+00
7.69000e+02 3.18219e-12 0.00000e+00
7.70000e+02 1.74655e-12 0.00000e+00
7.71000e+02 3.06722e-12 0.00000e+00
7.72000e+02 2.13956e-12 0.00000e+00
7.73000e+02 2.55336e-12 0.00000e+00
7.74000e+02 3.30871e-12 0.00000e+00
7.75000e+02 2.20939e-12 0.00000e+00
7.76000e+02 2.49901e-12 0.00000e+00
7.77000e+02 2.73267e-12 0.00000e+00
7.78000e+02 3.00954e-12 0.00000e+00
7.79000e+02 2.72584e-12 0.00000e+00
7.80000e+02 2.47042e-12 0.00000e+00
7.81000e+02 3.53208e-12 0.00000e+00
7.82000e+02 2.44272e-12 0.00000e+00
7.83000e+02 2.32488e-12 0.00000e+00
7.84000e+02 1.98336e-12 0.00000e+00
7.85000e+02 2.46393e-12 0.00000e+00
7.86000e+02 1.79099e-12 0.00000e+00
7.87000e+02 3.41113e-12 0.00000e+00
7.88000e+02 3.58846e-12 0.00000e+00
7.89000e+02 2.67048e-12 0.00000e+00
7.90000e+02 2.38011e-12 0.00000e+00
7.91000e+02 2.39797e-12 0.00000e+00
7.92000e+02 2.53920e-12 0.00000e+00
7.93000e+02 2.68397e-12 0.00000e+00
7.94000e+02 3.03899e-12 0.00000e+00
7.95000e+02 1.88222e-12 0.00000e+00
7.96000e+02 3.66702e-12 0.00000e+00
7.97000e+02 3.00548e-12 0.00000e+00
7.98000e+02 2.48906e-12 0.00000e+00
7.99000e+02 2.60829e-12 0.00000e+00
8.00000e+02 1.66460e-12 0.00000e+00
8.01000e+02 3.18727e-12 0.00000e+00
8.02000e+02 2.79613e-12 0.00000e+00
8.03000e+02 2.79593e-12 0.00000e+00
8.04000e+02 1.97034e-12 0.00000e+00
8.05000e+02 1.86647e-12 0.00000e+00
8.06000e+02 2.96947e-12 0.00000e+00
8.07000e+02 2.56480e-12 0.00000e+00
8.08000e+02 2.15648e-12 0.00000e+00
8.09000e+02 2.28733e-12 0.00000e+00
8.10000e+02 3.29912e-12 0.00000e+00
8.11000e+02 1.71273e-12 0.00000e+00
8.12000e+02 1.85451e-12 0.00000e+00
8.13000e+02 3.04739e-12 0.00000e+00
8.14000e+02 2.74338e-12 0.00000e+00
8.15000e+02 2.13826e-12 0.00000e+00
8.16000e+02 2.73727e-12 0.00000e+00
8.17000e+02 3.25192e-12 0.00000e+00
8.18000e+02 2.08740e-12 0.00000e+00
8.19000e+02 3.37769e-12 0.00000e+00
8.20000e+02 3.12393e-12 0.00000e+00
8.21000e+02 1.83908e-12 0.00000e+00
8.22000e+02 2.93651e-12 0.00000e+00
8.23000e+02 2.90125e-12 0.00000e+00
8.24000e+02 2.44739e-12 0.00000e+00
8.25000e+02 2.24394e-12 0.00000e+00
8.26000e+02 2.95133e-12 0.00000e+00
8.27000e+02 2.63684e-12 0.00000e+00
8.28000e+02 1.26390e-12 0.00000e+00
8.29000e+02 2.45214e-12 0.00000e+00
8.30000e+02 2.52446e-12 0.00000e+00
8.31000e+02 2.49243e-12 0.00000e+00
8.32000e+02 1.69586e-12 0.00000e+00
8.33000e+02 2.93708e-12 0.00000e+00
8.34000e+02 2.43036e-12 0.00000e+00
8.35000e+02 3.21274e-12 0.00000e+00
8.36000e+02 2.46282e-12 0.00000e+00
8.37000e+02 2.24498e-12 0.00000e+00
8.38000e+02 1.99800e-12 0.00000e+00
8.39000e+02 2.76769e-12 0.00000e+00
8.40000e+02 2.57156e-12 0.00000e+00
8.41000e+02 2.81705e-12 0.00000e+00
8.42000e+02 1.86212e-12 0.00000e+00
8.43000e+02 2.60990e-12 0.00000e+00
8.44000e+02 2.11036e-12 0.00000e+00
8.45000e+02 3.20504e-12 0.00000e+00
8.46000e+02 2.17554e-12 0.00000e+00
8.47000e+02 2.35999e-12 0.00000e+00
8.48000e+02 1.62725e-12 0.00000e+00
8.49000e+02 1.72043e-12 0.00000e+00
8.50000e+02 1.75744e-12 0.00000e+00
8.51000e+02 2.29464e-12 0.00000e+00
8.52000e+02 2.75100e-12 0.00000e+00
8.53000e+02 2.06541e-12 0.00000e+00
8.54000e+02 2.00624e-12 0.00000e+00
8.55000e+02 2.24306e-12 0.00000e+00
8.56000e+02 2.11001e-12 0.00000e+00
8.57000e+02 1.94276e-12 0.00000e+00
8.58000e+02 3.01445e-12 0.00000e+00
8.59000e+02 2.21989e-12 0.00000e+00
8.60000e+02 1.72156e-12 0.00000e+00
8.61000e+02 1.89679e-12 0.00000e+00
8.62000e+02 1.85134e-12 0.00000e+00
8.63000e+02 1.80272e-12 0.00000e+00
8.64000e+02 1.41851e-12 0.00000e+00
8.65000e+02 2.26847e-12 0.00000e+00
8.66000e+02 2.65402e-12 0.00000e+00
8.67000e+02 1.68191e-12 0.00000e+00
8.68000e+02 1.70032e-12 0.00000e+00
8.69000e+02 2.16863e-12 0.00000e+00
8.70000e+02 2.51406e-12 0.00000e+00
8.71000e+02 1.91638e-12 0.00000e+00
8.72000e+02 1.60793e-12 0.00000e+00
8.73000e+02 2.90256e-12 0.00000e+00
8.74000e+02 2.14499e-12 0.00000e+00
8.75000e+02 2.10767e-12 0.00000e+00
8.76000e+02 1.49416e-12 0.00000e+00
8.77000e+02 2.66946e-12 0.00000e+00
8.78000e+02 2.35956e-12 0.00000e+00
8.79000e+02 1.75800e-12 0.00000e+00
8.80000e+02 2.14690e-12 0.00000e+00
8.81000e+02 1.83609e-12 0.00000e+00
8.82000e+02 1.50867e-12 0.00000e+00
8.83000e+02 2.42597e-12 0.00000e+00
8.84000e+02 2.20882e-12 0.00000e+00
8.85000e+02 1.86689e-12 0.00000e+00
8.86000e+02 1.98698e-12 0.00000e+00
8.87000e+02 2.18002e-12 0.00000e+00
8.88000e+02 2.02008e-12 0.00000e+00
8.89000e+02 1.71255e-12 0.00000e+00
8.90000e+02 1.94005e-12 0.00000e+00
8.91000e+02 1.61778e-12 0.00000e+00
8.92000e+02 2.22597e-12 0.00000e+00
8.93000e+02 1.75277e-12 0.00000e+00
8.94000e+02 1.52523e-12 0.00000e+00
8.95000e+02 2.04056e-12 0.00000e+00
8.96000e+02 1.94738e-12 0.00000e+00
8.97000e+02 1.97184e-12 0.00000e+00
8.98000e+02 1.48963e-12 0.00000e+00
8.99000e+02 1.85267e-12 0.00000e+00
9.00000e+02 2.06806e-12 0.00000e+00
9.01000e+02 1.93454e-12 0.00000e+00
9.02000e+02 2.15511e-12 0.00000e+00
9.03000e+02 1.93666e-12 0.00000e+00
9.04000e+02 2.13165e-12 0.00000e+00
9.05000e+02 1.76739e-12 0.00000e+00
9.06000e+02 2.36982e-12 0.00000e+00
9.07000e+02 2.12504e-12 0.00000e+00
9.08000e+02 1.37417e-12 0.00000e+00
9.09000e+02 1.57925e-12 0.00000e+00
9.10000e+02 1.86342e-12 0.00000e+00
9.11000e+02 1.89608e-12 0.00000e+00
9.12000e+02 2.26103e-12 0.00000e+00
9.13000e+02 1.44448e-12 0.00000e+00
9.14000e+02 2.28703e-12 0.00000e+00
9.15000e+02 1.80295e-12 0.00000e+00
9.16000e+02 1.92916e-12 0.00000e+00
9.17000e+02 1.81680e-12 0.00000e+00
9.18000e+02 1.76000e-12 0.00000e+00
9.19000e+02 1.87136e-12 0.00000e+00
9.20000e+02 1.77687e-12 0.00000e+00
9.21000e+02 1.90091e-12 0.00000e+00
9.22000e+02 1.48833e-12 0.00000e+00
9.23000e+02 1.22362e-12 0.00000e+00
9.24000e+02 2.02594e-12 0.00000e+00
9.25000e+02 1.91291e-12 0.00000e+00
9.26000e+02 1.86529e-12 0.00000e+00
9.27000e+02 1.83683e-12 0.00000e+00
9.28000e+02 1.53664e-12 0.00000e+00
9.29000e+02 1.84300e-12 0.00000e+00
9.30000e+02 1.62443e-12 0.00000e+00
9.31000e+02 1.85426e-12 0.00000e+00
9.32000e+02 1.94378e-12 0.00000e+00
9.33000e+02 1.56018e-12 0.00000e+00
9.34000e+02 2.01708e-12 0.00000e+00
9.35000e+02 1.38458e-12 0.00000e+00
9.36000e+02 1.83257e-12 0.00000e+00
9.37000e+02 2.24428e-12 0.00000e+00
9.38000e+02 1.56282e-12 0.00000e+00
9.39000e+02 1.86687e-12 0.00000e+00
9.40000e+02 1.83636e-12 0.00000e+00
9.41000e+02 1.71323e-12 0.00000e+00
9.42000e+02 1.26977e-12 0.00000e+00
9.43000e+02 1.90405e-12 0.00000e+00
9.44000e+02 1.21307e-12 0.00000e+00
9.45000e+02 1.49109e-12 0.00000e+00
9.46000e+02 1.74194e-12 0.00000e+00
9.47000e+02 1.43414e-12 0.00000e+00
9.48000e+02 1.06428e-12 0.00000e+00
9.49000e+02 1.62982e-12 0.00000e+00
9.50000e+02 1.60399e-12 0.00000e+00
9.51000e+02 1.26591e-12 0.00000e+00
9.52000e+02 1.30713e-12 0.00000e+00
9.53000e+02 1.50898e-12 0.00000e+00
9.54000e+02 1.73630e-12 0.00000e+00
9.55000e+02 1.76389e-12 0.00000e+00
9.56000e+02 1.75270e-12 0.00000e+00
9.57000e+02 1.28437e-12 0.00000e+00
9.58000e+02 8.40251e-13 0.00000e+00
9.59000e+02 1.86135e-12 0.00000e+00
9.60000e+02 1.75551e-12 0.00000e+00
9.61000e+02 1.58110e-12 0.00000e+00
9.62000e+02 1.64702e-12 0.00000e+00
9.63000e+02 1.61819e-12 0.00000e+00
9.64000e+02 1.15588e-12 0.00000e+00
9.65000e+02 1.43352e-12 0.00000e+00
9.66000e+02 1.53211e-12 0.00000e+00
9.67000e+02 1.27089e-12 0.00000e+00
9.68000e+02 1.13887e-12 0.00000e+00
9.69000e+02 1.36659e-12 0.00000e+00
9.70000e+02 1.30632e-12 0.00000e+00
9.71000e+02 1.57139e-12 0.00000e+00
9.72000e+02 1.57487e-12 0.00000e+00
9.73000e+02 1.35874e-12 0.00000e+00
9.74000e+02 1.51777e-12 0.00000e+00
9.75000e+02 1.90580e-12 0.00000e+00
9.76000e+02 1.60269e-12 0.00000e+00
9.77000e+02 1.59879e-12 0.00000e+00
9.78000e+02 2.21115e-12 0.00000e+00
9.79000e+02 1.44366e-12 0.00000e+00
9.80000e+02 1.32380e-12 0.00000e+00
9.81000e+02 1.35264e-12 0.00000e+00
9.82000e+02 1.25191e-12 0.00000e+00
9.83000e+02 1.37546e-12 0.00000e+00
9.84000e+02 1.31579e-12 0.00000e+00
9.85000e+02 1.80559e-12 0.00000e+00
9.86000e+02 1.11706e-12 0.00000e+00
9.87000e+02 1.06377e-12 0.00000e+00
9.88000e+02 1.47376e-12 0.00000e+00
9.89000e+02 8.06781e-13 0.00000e+00
9.90000e+02 1.08228e-12 0.00000e+00
9.91000e+02 1.23823e-12 0.00000e+00
9.92000e+02 1.35450e-12 0.00000e+00
9.93000e+02 1.65926e-12 0.00000e+00
9.94000e+02 1.16495e-12 0.00000e+00
9.95000e+02 1.30025e-12 0.00000e+00
9.96000e+02 1.48768e-12 0.00000e+00
9.97000e+02 1.18507e-12 0.00000e+00
9.98000e+02 1.42014e-12 0.00000e+00
9.99000e+02 1.32853e-12 0.00000e+00
1.00000e+03 1.28617e-12 0.00000e+00
1.00100e+03 1.18377e-12 0.00000e+00
1.00200e+03 1.58465e-12 0.00000e+00
1.00300e+03 1.06314e-12 0.00000e+00
1.00400e+03 1.29272e-12 0.00000e+00
1.00500e+03 1.31402e-12 0.00000e+00
1.00600e+03 1.20771e-12 0.00000e+00
1.00700e+03 1.25936e-12 0.00000e+00
1.00800e+03 1.58795e-12 0.00000e+00
1.00900e+03 1.61609e-12 0.00000e+00
1.01000e+03 1.81302e-12 0.00000e+00
1.01100e+03 1.05719e-12 0.00000e+00
1.01200e+03 1.26521e-12 0.00000e+00
1.01300e+03 1.59929e-12 0.00000e+00
1.01400e+03 1.32236e-12 0.00000e+00
1.01500e+03 1.53837e-12 0.00000e+00
1.01600e+03 9.40249e-13 0.00000e+00
1.01700e+03 1.34862e-12 0.00000e+00
1.01800e+03 1.17314e-12 0.00000e+00
1.01900e+03 1.30627e-12 0.00000e+00
1.02000e+03 1.31769e-12 0.00000e+00
1.02100e+03 1.48548e-12 0.00000e+00
1.02200e+03 1.08459e-12 0.00000e+00
1.02300e+03 1.71166e-12 0.00000e+00
1.02400e+03 9.29131e-13 0.00000e+00
1.02500e+03 1.35023e-12 0.00000e+00
1.02600e+03 1.29176e-12 0.00000e+00
1.02700e+03 8.56007e-13 0.00000e+00
1.02800e+03 1.28627e-12 0.00000e+00
1.02900e+03 1.28803e-12 0.00000e+00
1.03000e+03 1.19865e-12 0.00000e+00
1.03100e+03 1.47394e-12 0.00000e+00
1.03200e+03 9.77453e-13 0.00000e+00
1.03300e+03 1.07915e-12 0.00000e+00
1.03400e+03 1.35084e-12 0.00000e+00
1.03500e+03 1.03290e-12 0.00000e+00
1.03600e+03 1.18001e-12 0.00000e+00
1.03700e+03 1.04799e-12 0.00000e+00
1.03800e+03 9.21527e-13 0.00000e+00
1.03900e+03 1.35034e-12 0.00000e+00
1.04000e+03 1.00592e-12 0.00000e+00
1.04100e+03 1.21576e-12 0.00000e+00
1.04200e+03 1.12476e-12 0.00000e+00
1.04300e+03 1.05028e-12 0.00000e+00
1.04400e+03 9.93745e-13 0.00000e+00
1.04500e+03 9.37958e-13 0.00000e+00
1.04600e+03 1.34765e-12 0.00000e+00
1.04700e+03 1.00582e-12 0.00000e+00
1.04800e+03 1.00780e-12 0.00000e+00
1.04900e+03 8.70984e-13 0.00000e+00
1.05000e+03 1.60886e-12 0.00000e+00
1.05100e+03 9.54714e-13 0.00000e+00
1.05200e+03 1.02124e-12 0.00000e+00
1.05300e+03 1.36845e-12 0.00000e+00
1.05400e+03 1.02237e-12 0.00000e+00
1.05500e+03 1.28164e-12 0.00000e+00
1.05600e+03 1.17641e-12 0.00000e+00
1.05700e+03 1.31779e-12 0.00000e+00
1.05800e+03 1.11749e-12 0.00000e+00
1.05900e+03 7.43246e-13 0.00000e+00
1.06000e+03 1.00479e-12 0.00000e+00
1.06100e+03 1.16761e-12 0.00000e+00
1.06200e+03 1.50931e-12 0.00000e+00
1.06300e+03 1.30783e-12 0.00000e+00
1.06400e+03 1.24250e-12 0.00000e+00
1.06500e+03 1.07909e-12 0.00000e+00
1.06600e+03 1.02425e-12 0.00000e+00
1.06700e+03 7.45638e-13 0.00000e+00
1.06800e+03 8.06633e-13 0.00000e+00
1.06900e+03 9.07984e-13 0.00000e+00
1.07000e+03 1.31687e-12 0.00000e+00
1.07100e+03 9.80988e-13 0.00000e+00
1.07200e+03 1.00426e-12 0.00000e+00
1.07300e+03 9.51890e-13 0.00000e+00
1.07400e+03 9.29240e-13 0.00000e+00
1.07500e+03 9.84057e-13 0.00000e+00
1.07600e+03 1.11661e-12 0.00000e+00
1.07700e+03 1.03305e-12 0.00000e+00
1.07800e+03 1.08375e-12 0.00000e+00
1.07900e+03 1.09581e-12 0.00000e+00
1.08000e+03 9.27510e-13 0.00000e+00
1.08100e+03 9.65184e-13 0.00000e+00
1.08200e+03 8.76522e-13 0.00000e+00
1.08300e+03 1.02974e-12 0.00000e+00
1.08400e+03 9.80769e-13 0.00000e+00
1.08500e+03 1.05669e-12 0.00000e+00
1.08600e+03 8.88213e-13 0.00000e+00
1.08700e+03 9.25021e-13 0.00000e+00
1.08800e+03 9.15385e-13 0.00000e+00
1.08900e+03 9.91580e-13 0.00000e+00
1.09000e+03 1.21936e-12 0.00000e+00
1.09100e+03 8.43014e-13 0.00000e+00
1.09200e+03 8.63814e-13 0.00000e+00
1.09300e+03 9.38773e-13 0.00000e+00
1.09400e+03 1.15972e-12 0.00000e+00
1.09500e+03 8.29128e-13 0.00000e+00
1.09600e+03 8.17055e-13 0.00000e+00
1.09700e+03 8.87979e-13 0.00000e+00
1.09800e+03 1.06889e-12 0.00000e+00
1.09900e+03 1.01044e-12 0.00000e+00
1.10000e+03 7.99628e-13 0.00000e+00
1.10100e+03 9.84546e-13 0.00000e+00
1.10200e+03 8.45891e-13 0.00000e+00
1.10300e+03 1.03106e-12 0.00000e+00
1.10400e+03 1.04732e-12 0.00000e+00
1.10500e+03 1.04435e-12 0.00000e+00
1.10600e+03 9.46454e-13 0.00000e+00
1.10700e+03 7.74130e-13 0.00000e+00
1.10800e+03 9.29094e-13 0.00000e+00
1.10900e+03 1.12043e-12 0.00000e+00
1.11000e+03 8.05011e-13 0.00000e+00
1.11100e+03 9.19645e-13 0.00000e+00
1.11200e+03 8.09538e-13 0.00000e+00
1.11300e+03 9.73342e-13 0.00000e+00
1.11400e+03 6.00276e-13 0.00000e+00
1.11500e+03 8.47954e-13 0.00000e+00
1.11600e+03 8.76465e-13 0.00000e+00
1.11700e+03 1.02855e-12 0.00000e+00
1.11800e+03 9.69218e-13 0.00000e+00
1.11900e+03 8.65486e-13 0.00000e+00
1.12000e+03 9.94606e-13 0.00000e+00
1.12100e+03 7.43107e-13 0.00000e+00
1.12200e+03 9.12615e-13 0.00000e+00
1.12300e+03 9.11018e-13 0.00000e+00
1.12400e+03 8.07289e-13 0.00000e+00
1.12500e+03 1.00406e-12 0.00000e+00
1.12600e+03 6.56843e-13 0.00000e+00
1.12700e+03 9.09972e-13 0.00000e+00
1.12800e+03 9.92579e-13 0.00000e+00
1.12900e+03 8.51190e-13 0.00000e+00
1.13000e+03 8.96660e-13 0.00000e+00
1.13100e+03 8.69833e-13 0.00000e+00
1.13200e+03 6.95550e-13 0.00000e+00
1.13300e+03 9.12932e-13 0.00000e+00
1.13400e+03 7.40206e-13 0.00000e+00
1.13500e+03 8.99276e-13 0.00000e+00
1.13600e+03 7.46044e-13 0.00000e+00
1.13700e+03 7.06820e-13 0.00000e+00
1.13800e+03 9.15367e-13 0.00000e+00
1.13900e+03 7.35136e-13 0.00000e+00
1.14000e+03 8.99537e-13 0.00000e+00
1.14100e+03 8.19768e-13 0.00000e+00
1.14200e+03 8.38764e-13 0.00000e+00
1.14300e+03 8.21065e-13 0.00000e+00
1.14400e+03 8.60346e-13 0.00000e+00
1.14500e+03 6.59024e-13 0.00000e+00
1.14600e+03 8.14215e-13 0.00000e+00
1.14700e+03 9.38966e-13 0.00000e+00
1.14800e+03 7.29693e-13 0.00000e+00
1.14900e+03 5.71376e-13 0.00000e+00
1.15000e+03 9.30844e-13 0.00000e+00
1.15100e+03 7.20071e-13 0.00000e+00
1.15200e+03 7.60289e-13 0.00000e+00
1.15300e+03 9.28283e-13 0.00000e+00
1.15400e+03 8.77753e-13 0.00000e+00
1.15500e+03 7.14588e-13 0.00000e+00
1.15600e+03 7.81969e-13 0.00000e+00
1.15700e+03 6.58976e-13 0.00000e+00
1.15800e+03 6.12484e-13 0.00000e+00
1.15900e+03 6.92874e-13 0.00000e+00
1.16000e+03 6.50654e-13 0.00000e+00
1.16100e+03 6.30847e-13 0.00000e+00
1.16200e+03 7.18393e-13 0.00000e+00
1.16300e+03 8.71980e-13 0.00000e+00
1.16400e+03 7.62767e-13 0.00000e+00
1.16500e+03 7.70454e-13 0.00000e+00
1.16600e+03 7.65930e-13 0.00000e+00
1.16700e+03 7.65894e-13 0.00000e+00
1.16800e+03 6.91728e-13 0.00000e+00
1.16900e+03 8.00381e-13 0.00000e+00
1.17000e+03 6.38351e-13 0.00000e+00
1.17100e+03 6.56945e-13 0.00000e+00
1.17200e+03 8.45649e-13 0.00000e+00
1.17300e+03 6.12921e-13 0.00000e+00
1.17400e+03 9.10158e-13 0.00000e+00
1.17500e+03 6.67375e-13 0.00000e+00
1.17600e+03 7.28796e-13 0.00000e+00
1.17700e+03 7.04135e-13 0.00000e+00
1.17800e+03 8.67743e-13 0.00000e+00
1.17900e+03 7.50423e-13 0.00000e+00
1.18000e+03 6.69979e-13 0.00000e+00
1.18100e+03 8.16420e-13 0.00000e+00
1.18200e+03 6.20571e-13 0.00000e+00
1.18300e+03 6.05543e-13 0.00000e+00
1.18400e+03 5.90428e-13 0.00000e+00
1.18500e+03 7.26475e-13 0.00000e+00
1.18600e+03 6.07896e-13 0.00000e+00
1.18700e+03 5.87442e-13 0.00000e+00
1.18800e+03 7.54771e-13 0.00000e+00
1.18900e+03 7.38431e-13 0.00000e+00
1.19000e+03 6.28637e-13 0.00000e+00
1.19100e+03 7.09116e-13 0.00000e+00
1.19200e+03 7.67181e-13 0.00000e+00
1.19300e+03 5.37170e-13 0.00000e+00
1.19400e+03 7.44310e-13 0.00000e+00
1.19500e+03 4.71477e-13 0.00000e+00
1.19600e+03 5.63424e-13 0.00000e+00
1.19700e+03 7.77111e-13 0.00000e+00
1.19800e+03 6.59176e-13 0.00000e+00
1.19900e+03 6.58977e-13 0.00000e+00
1.20000e+03 4.66488e-13 0.00000e+00
1.20100e+03 5.40516e-13 0.00000e+00
1.20200e+03 5.32327e-13 0.00000e+00
1.20300e+03 6.03637e-13 0.00000e+00
1.20400e+03 6.49187e-13 0.00000e+00
1.20500e+03 6.72940e-13 0.00000e+00
1.20600e+03 7.97547e-13 0.00000e+00
1.20700e+03 4.79574e-13 0.00000e+00
1.20800e+03 6.81340e-13 0.00000e+00
1.20900e+03 6.11840e-13 0.00000e+00
1.21000e+03 5.71472e-13 0.00000e+00
1.21100e+03 7.77805e-13 0.00000e+00
1.21200e+03 6.48791e-13 0.00000e+00
1.21300e+03 5.35179e-13 0.00000e+00
1.21400e+03 5.53396e-13 0.00000e+00
1.21500e+03 6.09531e-13 0.00000e+00
1.21600e+03 6.39662e-13 0.00000e+00
1.21700e+03 5.45437e-13 0.00000e+00
1.21800e+03 6.02303e-13 0.00000e+00
1.21900e+03 5.22724e-13 0.00000e+00
1.22000e+03 5.37917e-13 0.00000e+00
1.22100e+03 5.21755e-13 0.00000e+00
1.22200e+03 6.00264e-13 0.00000e+00
1.22300e+03 4.68699e-13 0.00000e+00
1.22400e+03 5.54690e-13 0.00000e+00
1.22500e+03 5.92612e-13 0.00000e+00
1.22600e+03 5.08186e-13 0.00000e+00
1.22700e+03 6.63954e-13 0.00000e+00
1.22800e+03 6.95208e-13 0.00000e+00
1.22900e+03 5.47495e-13 0.00000e+00
1.23000e+03 4.90626e-13 0.00000e+00
1.23100e+03 5.29799e-13 0.00000e+00
1.23200e+03 6.39544e-13 0.00000e+00
1.23300e+03 4.80071e-13 0.00000e+00
1.23400e+03 5.11243e-13 0.00000e+00
1.23500e+03 5.85537e-13 0.00000e+00
1.23600e+03 6.03412e-13 0.00000e+00
1.23700e+03 5.49920e-13 0.00000e+00
1.23800e+03 5.39959e-13 0.00000e+00
1.23900e+03 5.18779e-13 0.00000e+00
1.24000e+03 7.15708e-13 0.00000e+00
1.24100e+03 4.43745e-13 0.00000e+00
1.24200e+03 4.15449e-13 0.00000e+00
1.24300e+03 4.86647e-13 0.00000e+00
1.24400e+03 4.48165e-13 0.00000e+00
1.24500e+03 5.17245e-13 0.00000e+00
1.24600e+03 5.40696e-13 0.00000e+00
1.24700e+03 6.74096e-13 0.00000e+00
1.24800e+03 3.42365e-13 0.00000e+00
1.24900e+03 5.37683e-13 0.00000e+00
1.25000e+03 4.38013e-13 0.00000e+00
1.25100e+03 5.62291e-13 0.00000e+00
1.25200e+03 4.68925e-13 0.00000e+00
1.25300e+03 5.45270e-13 0.00000e+00
1.25400e+03 5.20043e-13 0.00000e+00
1.25500e+03 4.47972e-13 0.00000e+00
1.25600e+03 5.02703e-13 0.00000e+00
1.25700e+03 3.30473e-13 0.00000e+00
1.25800e+03 5.43501e-13 0.00000e+00
1.25900e+03 5.54312e-13 0.00000e+00
1.26000e+03 4.81645e-13 0.00000e+00
1.26100e+03 4.68101e-13 0.00000e+00
1.26200e+03 4.06885e-13 0.00000e+00
1.26300e+03 4.11827e-13 0.00000e+00
1.26400e+03 4.97044e-13 0.00000e+00
1.26500e+03 4.51695e-13 0.00000e+00
1.26600e+03 5.23785e-13 0.00000e+00
1.26700e+03 4.68294e-13 0.00000e+00
1.26800e+03 4.67500e-13 0.00000e+00
1.26900e+03 5.08344e-13 0.00000e+00
1.27000e+03 4.13694e-13 0.00000e+00
1.27100e+03 4.96762e-13 0.00000e+00
1.27200e+03 6.38788e-13 0.00000e+00
1.27300e+03 4.31808e-13 0.00000e+00
1.27400e+03 4.11086e-13 0.00000e+00
1.27500e+03 4.00732e-13 0.00000e+00
1.27600e+03 4.69488e-13 0.00000e+00
1.27700e+03 5.71879e-13 0.00000e+00
1.27800e+03 4.83456e-13 0.00000e+00
1.27900e+03 4.83285e-13 0.00000e+00
1.28000e+03 4.83203e-13 0.00000e+00
1.28100e+03 4.55699e-13 0.00000e+00
1.28200e+03 3.78217e-13 0.00000e+00
1.28300e+03 3.63374e-13 0.00000e+00
1.28400e+03 4.62108e-13 0.00000e+00
1.28500e+03 3.32483e-13 0.00000e+00
1.28600e+03 4.28040e-13 0.00000e+00
1.28700e+03 3.65859e-13 0.00000e+00
1.28800e+03 4.76209e-13 0.00000e+00
1.28900e+03 4.62315e-13 0.00000e+00
1.29000e+03 3.36559e-13 0.00000e+00
1.29100e+03 4.37940e-13 0.00000e+00
1.29200e+03 5.09808e-13 0.00000e+00
1.29300e+03 4.61559e-13 0.00000e+00
1.29400e+03 5.24931e-13 0.00000e+00
1.29500e+03 4.83631e-13 0.00000e+00
1.29600e+03 4.27995e-13 0.00000e+00
1.29700e+03 3.79719e-13 0.00000e+00
1.29800e+03 2.46074e-13 0.00000e+00
1.29900e+03 4.31423e-13 0.00000e+00
1.30000e+03 4.83298e-13 0.00000e+00
1.30100e+03 3.39242e-13 0.00000e+00
1.30200e+03 4.29211e-13 0.00000e+00
1.30300e+03 4.23835e-13 0.00000e+00
1.30400e+03 4.57269e-13 0.00000e+00
1.30500e+03 2.82329e-13 0.00000e+00
1.30600e+03 4.32921e-13 0.00000e+00
1.30700e+03 4.04464e-13 0.00000e+00
1.30800e+03 3.83451e-13 0.00000e+00
1.30900e+03 4.00493e-13 0.00000e+00
1.31000e+03 3.36467e-13 0.00000e+00
1.31100e+03 4.16746e-13 0.00000e+00
1.31200e+03 4.30869e-13 0.00000e+00
1.31300e+03 4.54523e-13 0.00000e+00
1.31400e+03 2.77790e-13 0.00000e+00
1.31500e+03 4.57136e-13 0.00000e+00
1.31600e+03 3.34650e-13 0.00000e+00
1.31700e+03 3.55380e-13 0.00000e+00
1.31800e+03 4.53719e-13 0.00000e+00
1.31900e+03 3.56582e-13 0.00000e+00
1.32000e+03 4.32493e-13 0.00000e+00
1.32100e+03 3.55358e-13 0.00000e+00
1.32200e+03 3.55492e-13 0.00000e+00
1.32300e+03 3.60155e-13 0.00000e+00
1.32400e+03 3.62756e-13 0.00000e+00
1.32500e+03 3.82830e-13 0.00000e+00
1.32600e+03 3.39601e-13 0.00000e+00
1.32700e+03 3.09333e-13 0.00000e+00
1.32800e+03 4.25148e-13 0.00000e+00
1.32900e+03 3.53632e-13 0.00000e+00
1.33000e+03 3.90348e-13 0.00000e+00
1.33100e+03 3.52947e-13 0.00000e+00
1.33200e+03 4.40479e-13 0.00000e+00
1.33300e+03 3.55755e-13 0.00000e+00
1.33400e+03 4.00664e-13 0.00000e+00
1.33500e+03 3.94134e-13 0.00000e+00
1.33600e+03 3.30174e-13 0.00000e+00
1.33700e+03 2.87238e-13 0.00000e+00
1.33800e+03 3.15242e-13 0.00000e+00
1.33900e+03 3.48214e-13 0.00000e+00
1.34000e+03 2.94874e-13 0.00000e+00
1.34100e+03 3.77327e-13 0.00000e+00
1.34200e+03 3.44478e-13 0.00000e+00
1.34300e+03 3.71109e-13 0.00000e+00
1.34400e+03 3.90626e-13 0.00000e+00
1.34500e+03 3.00342e-13 0.00000e+00
1.34600e+03 3.24885e-13 0.00000e+00
1.34700e+03 2.89427e-13 0.00000e+00
1.34800e+03 4.37638e-13 0.00000e+00
1.34900e+03 3.15203e-13 0.00000e+00
1.35000e+03 3.56132e-13 0.00000e+00
1.35100e+03 3.63413e-13 0.00000e+00
1.35200e+03 4.21400e-13 0.00000e+00
1.35300e+03 2.62323e-13 0.00000e+00
1.35400e+03 3.57969e-13 0.00000e+00
1.35500e+03 3.08831e-13 0.00000e+00
1.35600e+03 3.20185e-13 0.00000e+00
1.35700e+03 3.30023e-13 0.00000e+00
1.35800e+03 3.71925e-13 0.00000e+00
1.35900e+03 3.52364e-13 0.00000e+00
1.36000e+03 3.22316e-13 0.00000e+00
1.36100e+03 3.83049e-13 0.00000e+00
1.36200e+03 3.57610e-13 0.00000e+00
1.36300e+03 3.13563e-13 0.00000e+00
1.36400e+03 3.09140e-13 0.00000e+00
1.36500e+03 3.20440e-13 0.00000e+00
1.36600e+03 2.79837e-13 0.00000e+00
1.36700e+03 3.03013e-13 0.00000e+00
1.36800e+03 3.16909e-13 0.00000e+00
1.36900e+03 2.67022e-13 0.00000e+00
1.37000e+03 3.13196e-13 0.00000e+00
1.37100e+03 2.96201e-13 0.00000e+00
1.37200e+03 3.20177e-13 0.00000e+00
1.37300e+03 3.33534e-13 0.00000e+00
1.37400e+03 2.52210e-13 0.00000e+00
1.37500e+03 2.81290e-13 0.00000e+00
1.37600e+03 3.13435e-13 0.00000e+00
1.37700e+03 3.01693e-13 0.00000e+00
1.37800e+03 3.42306e-13 0.00000e+00
1.37900e+03 3.81454e-13 0.00000e+00
1.38000e+03 2.94348e-13 0.00000e+00
1.38100e+03 3.93970e-13 0.00000e+00
1.38200e+03 3.52264e-13 0.00000e+00
1.38300e+03 3.24480e-13 0.00000e+00
1.38400e+03 2.48417e-13 0.00000e+00
1.38500e+03 3.02223e-13 0.00000e+00
1.38600e+03 3.45047e-13 0.00000e+00
1.38700e+03 3.37922e-13 0.00000e+00
1.38800e+03 2.14582e-13 0.00000e+00
1.38900e+03 2.82964e-13 0.00000e+00
1.39000e+03 2.83628e-13 0.00000e+00
1.39100e+03 2.70988e-13 0.00000e+00
1.39200e+03 2.32724e-13 0.00000e+00
1.39300e+03 3.32161e-13 0.00000e+00
1.39400e+03 3.15699e-13 0.00000e+00
1.39500e+03 3.10156e-13 0.00000e+00
1.39600e+03 3.36106e-13 0.00000e+00
1.39700e+03 2.68901e-13 0.00000e+00
1.39800e+03 3.14877e-13 0.00000e+00
1.39900e+03 3.34904e-13 0.00000e+00
1.40000e+03 3.77136e-13 0.00000e+00
1.40100e+03 2.66613e-13 0.00000e+00
1.40200e+03 2.39088e-13 0.00000e+00
1.40300e+03 3.05497e-13 0.00000e+00
1.40400e+03 1.83205e-13 0.00000e+00
1.40500e+03 2.37167e-13 0.00000e+00
1.40600e+03 2.34714e-13 0.00000e+00
1.40700e+03 2.63072e-13 0.00000e+00
1.40800e+03 2.80277e-13 0.00000e+00
1.40900e+03 2.61723e-13 0.00000e+00
1.41000e+03 2.29282e-13 0.00000e+00
1.41100e+03 2.47960e-13 0.00000e+00
1.41200e+03 2.09591e-13 0.00000e+00
1.41300e+03 2.64458e-13 0.00000e+00
1.41400e+03 2.76220e-13 0.00000e+00
1.41500e+03 2.87153e-13 0.00000e+00
1.41600e+03 2.79781e-13 0.00000e+00
1.41700e+03 2.23815e-13 0.00000e+00
1.41800e+03 2.02823e-13 0.00000e+00
1.41900e+03 2.97473e-13 0.00000e+00
1.42000e+03 2.06750e-13 0.00000e+00
1.42100e+03 2.36130e-13 0.00000e+00
1.42200e+03 2.61520e-13 0.00000e+00
1.42300e+03 1.92862e-13 0.00000e+00
1.42400e+03 2.31948e-13 0.00000e+00
1.42500e+03 2.56368e-13 0.00000e+00
1.42600e+03 2.21470e-13 0.00000e+00
1.42700e+03 2.08568e-13 0.00000e+00
1.42800e+03 2.23049e-13 0.00000e+00
1.42900e+03 2.17459e-13 0.00000e+00
1.43000e+03 2.57792e-13 0.00000e+00
1.43100e+03 1.73206e-13 0.00000e+00
1.43200e+03 2.08870e-13 0.00000e+00
1.43300e+03 2.14384e-13 0.00000e+00
1.43400e+03 2.48486e-13 0.00000e+00
1.43500e+03 2.02106e-13 0.00000e+00
1.43600e+03 2.26622e-13 0.00000e+00
1.43700e+03 2.34531e-13 0.00000e+00
1.43800e+03 2.50809e-13 0.00000e+00
1.43900e+03 2.28691e-13 0.00000e+00
1.44000e+03 2.32744e-13 0.00000e+00
1.44100e+03 2.22930e-13 0.00000e+00
1.44200e+03 2.61887e-13 0.00000e+00
1.44300e+03 2.22584e-13 0.00000e+00
1.44400e+03 2.58462e-13 0.00000e+00
1.44500e+03 2.28991e-13 0.00000e+00
1.44600e+03 1.80606e-13 0.00000e+00
1.44700e+03 2.04239e-13 0.00000e+00
1.44800e+03 2.73999e-13 0.00000e+00
1.44900e+03 1.53313e-13 0.00000e+00
1.45000e+03 2.64145e-13 0.00000e+00
1.45100e+03 2.32274e-13 0.00000e+00
1.45200e+03 2.32460e-13 0.00000e+00
1.45300e+03 2.04986e-13 0.00000e+00
1.45400e+03 2.13558e-13 0.00000e+00
1.45500e+03 2.40182e-13 0.00000e+00
1.45600e+03 2.09427e-13 0.00000e+00
1.45700e+03 1.89458e-13 0.00000e+00
1.45800e+03 2.27625e-13 0.00000e+00
1.45900e+03 2.15378e-13 0.00000e+00
1.46000e+03 1.95888e-13 0.00000e+00
1.46100e+03 1.98708e-13 0.00000e+00
1.46200e+03 2.08038e-13 0.00000e+00
1.46300e+03 1.68469e-13 0.00000e+00
1.46400e+03 1.75321e-13 0.00000e+00
1.46500e+03 2.19460e-13 0.00000e+00
1.46600e+03 2.02386e-13 0.00000e+00
1.46700e+03 2.06772e-13 0.00000e+00
1.46800e+03 2.08824e-13 0.00000e+00
1.46900e+03 2.12273e-13 0.00000e+00
1.47000e+03 1.72722e-13 0.00000e+00
1.47100e+03 1.45317e-13 0.00000e+00
1.47200e+03 2.17794e-13 0.00000e+00
1.47300e+03 1.87667e-13 0.00000e+00
1.47400e+03 2.08074e-13 0.00000e+00
1.47500e+03 2.16853e-13 0.00000e+00
1.47600e+03 2.33476e-13 0.00000e+00
1.47700e+03 1.70833e-13 0.00000e+00
1.47800e+03 2.21640e-13 0.00000e+00
1.47900e+03 2.06118e-13 0.00000e+00
1.48000e+03 1.96657e-13 0.00000e+00
1.48100e+03 1.86437e-13 0.00000e+00
1.48200e+03 2.27882e-13 0.00000e+00
1.48300e+03 2.43663e-13 0.00000e+00
1.48400e+03 1.56798e-13 0.00000e+00
1.48500e+03 1.54041e-13 0.00000e+00
1.48600e+03 1.82547e-13 0.00000e+00
1.48700e+03 1.82285e-13 0.00000e+00
1.48800e+03 1.54435e-13 0.00000e+00
1.48900e+03 1.81933e-13 0.00000e+00
1.49000e+03 1.62520e-13 0.00000e+00
1.49100e+03 1.44146e-13 0.00000e+00
1.49200e+03 1.74781e-13 0.00000e+00
1.49300e+03 1.77306e-13 0.00000e+00
1.49400e+03 1.43766e-13 0.00000e+00
1.49500e+03 1.81735e-13 0.00000e+00
1.49600e+03 1.26260e-13 0.00000e+00
1.49700e+03 1.36714e-13 0.00000e+00
1.49800e+03 1.94046e-13 0.00000e+00
1.49900e+03 1.49401e-13 0.00000e+00
1.50000e+03 1.80322e-13 0.00000e+00
1.50100e+03 1.56316e-13 0.00000e+00
1.50200e+03 1.61882e-13 0.00000e+00
1.50300e+03 1.70841e-13 0.00000e+00
1.50400e+03 1.60023e-13 0.00000e+00
1.50500e+03 1.48427e-13 0.00000e+00
1.50600e+03 2.06013e-13 0.00000e+00
1.50700e+03 1.69195e-13 0.00000e+00
1.50800e+03 1.71050e-13 0.00000e+00
1.50900e+03 1.62250e-13 0.00000e+00
1.51000e+03 1.70215e-13 0.00000e+00
1.51100e+03 1.22093e-13 0.00000e+00
1.51200e+03 1.48938e-13 0.00000e+00
1.51300e+03 1.75843e-13 0.00000e+00
1.51400e+03 1.44494e-13 0.00000e+00
1.51500e+03 1.63542e-13 0.00000e+00
1.51600e+03 1.33594e-13 0.00000e+00
1.51700e+03 1.60974e-13 0.00000e+00
1.51800e+03 1.68396e-13 0.00000e+00
1.51900e+03 1.42070e-13 0.00000e+00
1.52000e+03 1.89625e-13 0.00000e+00
1.52100e+03 1.44087e-13 0.00000e+00
1.52200e+03 1.46244e-13 0.00000e+00
1.52300e+03 1.68617e-13 0.00000e+00
1.52400e+03 1.34765e-13 0.00000e+00
1.52500e+03 1.57753e-13 0.00000e+00
1.52600e+03 1.33266e-13 0.00000e+00
1.52700e+03 1.58155e-13 0.00000e+00
1.52800e+03 1.52832e-13 0.00000e+00
1.52900e+03 1.51777e-13 0.00000e+00
1.53000e+03 1.88193e-13 0.00000e+00
1.53100e+03 1.42726e-13 0.00000e+00
1.53200e+03 1.08554e-13 0.00000e+00
1.53300e+03 1.74218e-13 0.00000e+00
1.53400e+03 1.30919e-13 0.00000e+00
1.53500e+03 1.70653e-13 0.00000e+00
1.53600e+03 1.09954e-13 0.00000e+00
1.53700e+03 1.29549e-13 0.00000e+00
1.53800e+03 1.55843e-13 0.00000e+00
1.53900e+03 1.62110e-13 0.00000e+00
1.54000e+03 1.69934e-13 0.00000e+00
1.54100e+03 1.36662e-13 0.00000e+00
1.54200e+03 1.74347e-13 0.00000e+00
1.54300e+03 1.37775e-13 0.00000e+00
1.54400e+03 1.43507e-13 0.00000e+00
1.54500e+03 1.31402e-13 0.00000e+00
1.54600e+03 1.33179e-13 0.00000e+00
1.54700e+03 1.43362e-13 0.00000e+00
1.54800e+03 1.50136e-13 0.00000e+00
1.54900e+03 1.05406e-13 0.00000e+00
1.55000e+03 1.28127e-13 0.00000e+00
1.55100e+03 1.76112e-13 0.00000e+00
1.55200e+03 1.36573e-13 0.00000e+00
1.55300e+03 1.24838e-13 0.00000e+00
1.55400e+03 1.41836e-13 0.00000e+00
1.55500e+03 1.29537e-13 0.00000e+00
1.55600e+03 1.17505e-13 0.00000e+00
1.55700e+03 1.18696e-13 0.00000e+00
1.55800e+03 1.12656e-13 0.00000e+00
1.55900e+03 1.50212e-13 0.00000e+00
1.56000e+03 1.20802e-13 0.00000e+00
1.56100e+03 1.20508e-13 0.00000e+00
1.56200e+03 1.14048e-13 0.00000e+00
1.56300e+03 1.44090e-13 0.00000e+00
1.56400e+03 9.75060e-14 0.00000e+00
1.56500e+03 1.46665e-13 0.00000e+00
1.56600e+03 1.18132e-13 0.00000e+00
1.56700e+03 1.17901e-13 0.00000e+00
1.56800e+03 1.25347e-13 0.00000e+00
1.56900e+03 1.14528e-13 0.00000e+00
1.57000e+03 1.15863e-13 0.00000e+00
1.57100e+03 1.15381e-13 0.00000e+00
1.57200e+03 1.24772e-13 0.00000e+00
1.57300e+03 1.13562e-13 0.00000e+00
1.57400e+03 1.16002e-13 0.00000e+00
1.57500e+03 1.41114e-13 0.00000e+00
1.57600e+03 1.04768e-13 0.00000e+00
1.57700e+03 6.82049e-14 0.00000e+00
1.57800e+03 1.16723e-13 0.00000e+00
1.57900e+03 1.23690e-13 0.00000e+00
1.58000e+03 1.09897e-13 0.00000e+00
1.58100e+03 1.16813e-13 0.00000e+00
1.58200e+03 1.40690e-13 0.00000e+00
1.58300e+03 1.12813e-13 0.00000e+00
1.58400e+03 1.21141e-13 0.00000e+00
1.58500e+03 1.19520e-13 0.00000e+00
1.58600e+03 1.44893e-13 0.00000e+00
1.58700e+03 1.06997e-13 0.00000e+00
1.58800e+03 1.24324e-13 0.00000e+00
1.58900e+03 1.14735e-13 0.00000e+00
1.59000e+03 1.09866e-13 0.00000e+00
1.59100e+03 8.34899e-14 0.00000e+00
1.59200e+03 1.14309e-13 0.00000e+00
1.59300e+03 9.59956e-14 0.00000e+00
1.59400e+03 1.01427e-13 0.00000e+00
1.59500e+03 1.04073e-13 0.00000e+00
1.59600e+03 1.11530e-13 0.00000e+00
1.59700e+03 8.56320e-14 0.00000e+00
1.59800e+03 1.07912e-13 0.00000e+00
1.59900e+03 1.05238e-13 0.00000e+00
1.60000e+03 1.26087e-13 0.00000e+00
1.60100e+03 8.17465e-14 0.00000e+00
1.60200e+03 1.15334e-13 0.00000e+00
1.60300e+03 1.13971e-13 0.00000e+00
1.60400e+03 1.01631e-13 0.00000e+00
1.60500e+03 9.51925e-14 0.00000e+00
1.60600e+03 1.06698e-13 0.00000e+00
1.60700e+03 1.16589e-13 0.00000e+00
1.60800e+03 1.14028e-13 0.00000e+00
1.60900e+03 1.15246e-13 0.00000e+00
1.61000e+03 1.16730e-13 0.00000e+00
1.61100e+03 9.84739e-14 0.00000e+00
1.61200e+03 9.25219e-14 0.00000e+00
1.61300e+03 9.99352e-14 0.00000e+00
1.61400e+03 8.24383e-14 0.00000e+00
1.61500e+03 8.56003e-14 0.00000e+00
1.61600e+03 1.12238e-13 0.00000e+00
1.61700e+03 1.23749e-13 0.00000e+00
1.61800e+03 1.05248e-13 0.00000e+00
1.61900e+03 8.50899e-14 0.00000e+00
1.62000e+03 1.13781e-13 0.00000e+00
1.62100e+03 1.11939e-13 0.00000e+00
1.62200e+03 9.97945e-14 0.00000e+00
1.62300e+03 9.41266e-14 0.00000e+00
1.62400e+03 9.91091e-14 0.00000e+00
1.62500e+03 1.03300e-13 0.00000e+00
1.62600e+03 9.37657e-14 0.00000e+00
1.62700e+03 1.03822e-13 0.00000e+00
1.62800e+03 1.04658e-13 0.00000e+00
1.62900e+03 9.44098e-14 0.00000e+00
1.63000e+03 1.02708e-13 0.00000e+00
1.63100e+03 1.08881e-13 0.00000e+00
1.63200e+03 7.98145e-14 0.00000e+00
1.63300e+03 8.88538e-14 0.00000e+00
1.63400e+03 8.62876e-14 0.00000e+00
1.63500e+03 1.00189e-13 0.00000e+00
1.63600e+03 7.14019e-14 0.00000e+00
1.63700e+03 1.12677e-13 0.00000e+00
1.63800e+03 9.70279e-14 0.00000e+00
1.63900e+03 1.01809e-13 0.00000e+00
1.64000e+03 9.35771e-14 0.00000e+00
1.64100e+03 9.11212e-14 0.00000e+00
1.64200e+03 1.12829e-13 0.00000e+00
1.64300e+03 8.37182e-14 0.00000e+00
1.64400e+03 9.19519e-14 0.00000e+00
1.64500e+03 9.96961e-14 0.00000e+00
1.64600e+03 7.34161e-14 0.00000e+00
1.64700e+03 9.52251e-14 0.00000e+00
1.64800e+03 9.23399e-14 0.00000e+00
1.64900e+03 7.80736e-14 0.00000e+00
1.65000e+03 9.12020e-14 0.00000e+00
1.65100e+03 7.91714e-14 0.00000e+00
1.65200e+03 6.78997e-14 0.00000e+00
1.65300e+03 9.77049e-14 0.00000e+00
1.65400e+03 9.35926e-14 0.00000e+00
1.65500e+03 7.03136e-14 0.00000e+00
1.65600e+03 8.25508e-14 0.00000e+00
1.65700e+03 1.08677e-13 0.00000e+00
1.65800e+03 8.08240e-14 0.00000e+00
1.65900e+03 6.77853e-14 0.00000e+00
1.66000e+03 7.90336e-14 0.00000e+00
1.66100e+03 6.31754e-14 0.00000e+00
1.66200e+03 6.94445e-14 0.00000e+00
1.66300e+03 8.55481e-14 0.00000e+00
1.66400e+03 6.36422e-14 0.00000e+00
1.66500e+03 7.94360e-14 0.00000e+00
1.66600e+03 7.67551e-14 0.00000e+00
1.66700e+03 5.71846e-14 0.00000e+00
1.66800e+03 7.80824e-14 0.00000e+00
1.66900e+03 5.73459e-14 0.00000e+00
1.67000e+03 8.89172e-14 0.00000e+00
1.67100e+03 7.13175e-14 0.00000e+00
1.67200e+03 6.87375e-14 0.00000e+00
1.67300e+03 7.65454e-14 0.00000e+00
1.67400e+03 7.31595e-14 0.00000e+00
1.67500e+03 9.08564e-14 0.00000e+00
1.67600e+03 6.51650e-14 0.00000e+00
1.67700e+03 8.43514e-14 0.00000e+00
1.67800e+03 8.87588e-14 0.00000e+00
1.67900e+03 6.43663e-14 0.00000e+00
1.68000e+03 7.07139e-14 0.00000e+00
1.68100e+03 6.17814e-14 0.00000e+00
1.68200e+03 7.65816e-14 0.00000e+00
1.68300e+03 6.76062e-14 0.00000e+00
1.68400e+03 7.59340e-14 0.00000e+00
1.68500e+03 5.45162e-14 0.00000e+00
1.68600e+03 7.15552e-14 0.00000e+00
1.68700e+03 7.14688e-14 0.00000e+00
1.68800e+03 6.81567e-14 0.00000e+00
1.68900e+03 7.67949e-14 0.00000e+00
1.69000e+03 5.05514e-14 0.00000e+00
1.69100e+03 7.69189e-14 0.00000e+00
1.69200e+03 8.40488e-14 0.00000e+00
1.69300e+03 6.90421e-14 0.00000e+00
1.69400e+03 5.95100e-14 0.00000e+00
1.69500e+03 7.23363e-14 0.00000e+00
1.69600e+03 7.17173e-14 0.00000e+00
1.69700e+03 5.68144e-14 0.00000e+00
1.69800e+03 6.65298e-14 0.00000e+00
1.69900e+03 5.85127e-14 0.00000e+00
1.70000e+03 6.18563e-14 0.00000e+00
1.70100e+03 6.98522e-14 0.00000e+00
1.70200e+03 6.95211e-14 0.00000e+00
1.70300e+03 6.45291e-14 0.00000e+00
1.70400e+03 6.57708e-14 0.00000e+00
1.70500e+03 5.94445e-14 0.00000e+00
1.70600e+03 5.77680e-14 0.00000e+00
1.70700e+03 7.93665e-14 0.00000e+00
1.70800e+03 5.62443e-14 0.00000e+00
1.70900e+03 5.25337e-14 0.00000e+00
1.71000e+03 5.13439e-14 0.00000e+00
1.71100e+03 5.51191e-14 0.00000e+00
1.71200e+03 5.73332e-14 0.00000e+00
1.71300e+03 6.69686e-14 0.00000e+00
1.71400e+03 4.73666e-14 0.00000e+00
1.71500e+03 5.17693e-14 0.00000e+00
1.71600e+03 7.46845e-14 0.00000e+00
1.71700e+03 6.86055e-14 0.00000e+00
1.71800e+03 5.70241e-14 0.00000e+00
1.71900e+03 5.69110e-14 0.00000e+00
1.72000e+03 4.71585e-14 0.00000e+00
1.72100e+03 5.87486e-14 0.00000e+00
1.72200e+03 6.65645e-14 0.00000e+00
1.72300e+03 5.98037e-14 0.00000e+00
1.72400e+03 5.51549e-14 0.00000e+00
1.72500e+03 4.90022e-14 0.00000e+00
1.72600e+03 5.31055e-14 0.00000e+00
1.72700e+03 6.07216e-14 0.00000e+00
1.72800e+03 5.87839e-14 0.00000e+00
1.72900e+03 6.13841e-14 0.00000e+00
1.73000e+03 5.28923e-14 0.00000e+00
1.73100e+03 4.65309e-14 0.00000e+00
1.73200e+03 5.08950e-14 0.00000e+00
1.73300e+03 5.04746e-14 0.00000e+00
1.73400e+03 5.26719e-14 0.00000e+00
1.73500e+03 5.99035e-14 0.00000e+00
1.73600e+03 5.53389e-14 0.00000e+00
1.73700e+03 5.76621e-14 0.00000e+00
1.73800e+03 5.54160e-14 0.00000e+00
1.73900e+03 4.82110e-14 0.00000e+00
1.74000e+03 5.21224e-14 0.00000e+00
1.74100e+03 5.01692e-14 0.00000e+00
1.74200e+03 4.43535e-14 0.00000e+00
1.74300e+03 4.65649e-14 0.00000e+00
1.74400e+03 5.48727e-14 0.00000e+00
1.74500e+03 5.57455e-14 0.00000e+00
1.74600e+03 6.09675e-14 0.00000e+00
1.74700e+03 4.61654e-14 0.00000e+00
1.74800e+03 6.03199e-14 0.00000e+00
1.74900e+03 4.73569e-14 0.00000e+00
1.75000e+03 4.33682e-14 0.00000e+00
1.75100e+03 3.87391e-14 0.00000e+00
1.75200e+03 6.17069e-14 0.00000e+00
1.75300e+03 6.45420e-14 0.00000e+00
1.75400e+03 4.92481e-14 0.00000e+00
1.75500e+03 5.19707e-14 0.00000e+00
1.75600e+03 5.33487e-14 0.00000e+00
1.75700e+03 5.41166e-14 0.00000e+00
1.75800e+03 4.95850e-14 0.00000e+00
1.75900e+03 4.85277e-14 0.00000e+00
1.76000e+03 4.70084e-14 0.00000e+00
1.76100e+03 5.95769e-14 0.00000e+00
1.76200e+03 4.56536e-14 0.00000e+00
1.76300e+03 4.04385e-14 0.00000e+00
1.76400e+03 4.28990e-14 0.00000e+00
1.76500e+03 4.71358e-14 0.00000e+00
1.76600e+03 4.56427e-14 0.00000e+00
1.76700e+03 4.74788e-14 0.00000e+00
1.76800e+03 3.96767e-14 0.00000e+00
1.76900e+03 4.36927e-14 0.00000e+00
1.77000e+03 3.61464e-14 0.00000e+00
1.77100e+03 4.76774e-14 0.00000e+00
1.77200e+03 4.68181e-14 0.00000e+00
1.77300e+03 6.07786e-14 0.00000e+00
1.77400e+03 4.62263e-14 0.00000e+00
1.77500e+03 3.89398e-14 0.00000e+00
1.77600e+03 5.15252e-14 0.00000e+00
1.77700e+03 4.58152e-14 0.00000e+00
1.77800e+03 4.62473e-14 0.00000e+00
1.77900e+03 4.26964e-14 0.00000e+00
1.78000e+03 4.49003e-14 0.00000e+00
1.78100e+03 3.77927e-14 0.00000e+00
1.78200e+03 4.28624e-14 0.00000e+00
1.78300e+03 4.27180e-14 0.00000e+00
1.78400e+03 4.13000e-14 0.00000e+00
1.78500e+03 4.81857e-14 0.00000e+00
1.78600e+03 4.79254e-14 0.00000e+00
1.78700e+03 3.53188e-14 0.00000e+00
1.78800e+03 4.93332e-14 0.00000e+00
1.78900e+03 4.05907e-14 0.00000e+00
1.79000e+03 3.49778e-14 0.00000e+00
1.79100e+03 3.89266e-14 0.00000e+00
1.79200e+03 3.76486e-14 0.00000e+00
1.79300e+03 3.63418e-14 0.00000e+00
1.79400e+03 3.51384e-14 0.00000e+00
1.79500e+03 3.64208e-14 0.00000e+00
1.79600e+03 3.36395e-14 0.00000e+00
1.79700e+03 3.76758e-14 0.00000e+00
1.79800e+03 3.98424e-14 0.00000e+00
1.79900e+03 3.54344e-14 0.00000e+00
1.80000e+03 3.32195e-14 0.00000e+00
1.80100e+03 3.58036e-14 0.00000e+00
1.80200e+03 3.72129e-14 0.00000e+00
1.80300e+03 3.26403e-14 0.00000e+00
1.80400e+03 3.18170e-14 0.00000e+00
1.80500e+03 3.38756e-14 0.00000e+00
1.80600e+03 3.75277e-14 0.00000e+00
1.80700e+03 4.01942e-14 0.00000e+00
1.80800e+03 3.52290e-14 0.00000e+00
1.80900e+03 2.70090e-14 0.00000e+00
1.81000e+03 3.72543e-14 0.00000e+00
1.81100e+03 3.62255e-14 0.00000e+00
1.81200e+03 4.16120e-14 0.00000e+00
1.81300e+03 3.06833e-14 0.00000e+00
1.81400e+03 4.10306e-14 0.00000e+00
1.81500e+03 3.86874e-14 0.00000e+00
1.81600e+03 3.35990e-14 0.00000e+00
1.81700e+03 3.88694e-14 0.00000e+00
1.81800e+03 3.96599e-14 0.00000e+00
1.81900e+03 3.24576e-14 0.00000e+00
1.82000e+03 3.86160e-14 0.00000e+00
1.82100e+03 3.98338e-14 0.00000e+00
1.82200e+03 3.70622e-14 0.00000e+00
1.82300e+03 2.54552e-14 0.00000e+00
1.82400e+03 3.33896e-14 0.00000e+00
1.82500e+03 3.62591e-14 0.00000e+00
1.82600e+03 3.03558e-14 0.00000e+00
1.82700e+03 3.19989e-14 0.00000e+00
1.82800e+03 3.57760e-14 0.00000e+00
1.82900e+03 3.40101e-14 0.00000e+00
1.83000e+03 3.39759e-14 0.00000e+00
1.83100e+03 2.63287e-14 0.00000e+00
1.83200e+03 2.81501e-14 0.00000e+00
1.83300e+03 3.46543e-14 0.00000e+00
1.83400e+03 3.62716e-14 0.00000e+00
1.83500e+03 3.23406e-14 0.00000e+00
1.83600e+03 3.97681e-14 0.00000e+00
1.83700e+03 3.61547e-14 0.00000e+00
1.83800e+03 2.89376e-14 0.00000e+00
1.83900e+03 3.06098e-14 0.00000e+00
1.84000e+03 2.73374e-14 0.00000e+00
1.84100e+03 3.57812e-14 0.00000e+00
1.84200e+03 2.71567e-14 0.00000e+00
1.84300e+03 3.20416e-14 0.00000e+00
1.84400e+03 3.10993e-14 0.00000e+00
1.84500e+03 3.16082e-14 0.00000e+00
1.84600e+03 2.60766e-14 0.00000e+00
1.84700e+03 3.46680e-14 0.00000e+00
1.84800e+03 2.87334e-14 0.00000e+00
1.84900e+03 3.26161e-14 0.00000e+00
1.85000e+03 2.69674e-14 0.00000e+00
1.85100e+03 2.53534e-14 0.00000e+00
1.85200e+03 2.52966e-14 0.00000e+00
1.85300e+03 3.30835e-14 0.00000e+00
1.85400e+03 2.63721e-14 0.00000e+00
1.85500e+03 3.58046e-14 0.00000e+00
1.85600e+03 2.62939e-14 0.00000e+00
1.85700e+03 2.10348e-14 0.00000e+00
1.85800e+03 2.34422e-14 0.00000e+00
1.85900e+03 3.45824e-14 0.00000e+00
1.86000e+03 2.77766e-14 0.00000e+00
1.86100e+03 2.99263e-14 0.00000e+00
1.86200e+03 2.93881e-14 0.00000e+00
1.86300e+03 2.89816e-14 0.00000e+00
1.86400e+03 3.61557e-14 0.00000e+00
1.86500e+03 2.69476e-14 0.00000e+00
1.86600e+03 3.04017e-14 0.00000e+00
1.86700e+03 2.79816e-14 0.00000e+00
1.86800e+03 2.70686e-14 0.00000e+00
1.86900e+03 2.51537e-14 0.00000e+00
1.87000e+03 2.52357e-14 0.00000e+00
1.87100e+03 2.41733e-14 0.00000e+00
1.87200e+03 2.31906e-14 0.00000e+00
1.87300e+03 2.68544e-14 0.00000e+00
1.87400e+03 2.62654e-14 0.00000e+00
1.87500e+03 2.69268e-14 0.00000e+00
1.87600e+03 2.42879e-14 0.00000e+00
1.87700e+03 2.61749e-14 0.00000e+00
1.87800e+03 2.96366e-14 0.00000e+00
1.87900e+03 2.13550e-14 0.00000e+00
1.88000e+03 2.59821e-14 0.00000e+00
1.88100e+03 2.87942e-14 0.00000e+00
1.88200e+03 2.98868e-14 0.00000e+00
1.88300e+03 3.14757e-14 0.00000e+00
1.88400e+03 2.35280e-14 0.00000e+00
1.88500e+03 2.63975e-14 0.00000e+00
1.88600e+03 2.17268e-14 0.00000e+00
1.88700e+03 2.61000e-14 0.00000e+00
1.88800e+03 2.49316e-14 0.00000e+00
1.88900e+03 2.56712e-14 0.00000e+00
1.89000e+03 2.45455e-14 0.00000e+00
1.89100e+03 2.31508e-14 0.00000e+00
1.89200e+03 2.09226e-14 0.00000e+00
1.89300e+03 2.35987e-14 0.00000e+00
1.89400e+03 2.40286e-14 0.00000e+00
1.89500e+03 2.06571e-14 0.00000e+00
1.89600e+03 2.02879e-14 0.00000e+00
1.89700e+03 2.13317e-14 0.00000e+00
1.89800e+03 1.88810e-14 0.00000e+00
1.89900e+03 2.01092e-14 0.00000e+00
1.90000e+03 2.27023e-14 0.00000e+00
1.90100e+03 1.98628e-14 0.00000e+00
1.90200e+03 2.59884e-14 0.00000e+00
1.90300e+03 2.23047e-14 0.00000e+00
1.90400e+03 2.04096e-14 0.00000e+00
1.90500e+03 2.32019e-14 0.00000e+00
1.90600e+03 2.25182e-14 0.00000e+00
1.90700e+03 2.05685e-14 0.00000e+00
1.90800e+03 2.59861e-14 0.00000e+00
1.90900e+03 1.79967e-14 0.00000e+00
1.91000e+03 2.27873e-14 0.00000e+00
1.91100e+03 2.09004e-14 0.00000e+00
1.91200e+03 2.00314e-14 0.00000e+00
1.91300e+03 2.23343e-14 0.00000e+00
1.91400e+03 2.06734e-14 0.00000e+00
1.91500e+03 2.22205e-14 0.00000e+00
1.91600e+03 1.84280e-14 0.00000e+00
1.91700e+03 1.74536e-14 0.00000e+00
1.91800e+03 2.06536e-14 0.00000e+00
1.91900e+03 1.89695e-14 0.00000e+00
1.92000e+03 2.01602e-14 0.00000e+00
1.92100e+03 2.03801e-14 0.00000e+00
1.92200e+03 2.13097e-14 0.00000e+00
1.92300e+03 1.88439e-14 0.00000e+00
1.92400e+03 1.37432e-14 0.00000e+00
1.92500e+03 1.81910e-14 0.00000e+00
1.92600e+03 1.82100e-14 0.00000e+00
1.92700e+03 2.23482e-14 0.00000e+00
1.92800e+03 1.85094e-14 0.00000e+00
1.92900e+03 2.01545e-14 0.00000e+00
1.93000e+03 1.92518e-14 0.00000e+00
1.93100e+03 1.94565e-14 0.00000e+00
1.93200e+03 1.57626e-14 0.00000e+00
1.93300e+03 2.23645e-14 0.00000e+00
1.93400e+03 2.05183e-14 0.00000e+00
1.93500e+03 1.71167e-14 0.00000e+00
1.93600e+03 2.18922e-14 0.00000e+00
1.93700e+03 2.03675e-14 0.00000e+00
1.93800e+03 1.96072e-14 0.00000e+00
1.93900e+03 2.03031e-14 0.00000e+00
1.94000e+03 1.67080e-14 0.00000e+00
1.94100e+03 1.85662e-14 0.00000e+00
1.94200e+03 2.08724e-14 0.00000e+00
1.94300e+03 1.53960e-14 0.00000e+00
1.94400e+03 1.59128e-14 0.00000e+00
1.94500e+03 1.71006e-14 0.00000e+00
1.94600e+03 1.59470e-14 0.00000e+00
1.94700e+03 1.42386e-14 0.00000e+00
1.94800e+03 1.38940e-14 0.00000e+00
1.94900e+03 2.00474e-14 0.00000e+00
1.95000e+03 1.60725e-14 0.00000e+00
1.95100e+03 1.94675e-14 0.00000e+00
1.95200e+03 1.78997e-14 0.00000e+00
1.95300e+03 1.87284e-14 0.00000e+00
1.95400e+03 1.40148e-14 0.00000e+00
1.95500e+03 1.71794e-14 0.00000e+00
1.95600e+03 1.44840e-14 0.00000e+00
1.95700e+03 1.85722e-14 0.00000e+00
1.95800e+03 1.36825e-14 0.00000e+00
1.95900e+03 1.56965e-14 0.00000e+00
1.96000e+03 1.47793e-14 0.00000e+00
1.96100e+03 1.81531e-14 0.00000e+00
1.96200e+03 1.51619e-14 0.00000e+00
1.96300e+03 1.88508e-14 0.00000e+00
1.96400e+03 1.40923e-14 0.00000e+00
1.96500e+03 1.65374e-14 0.00000e+00
1.96600e+03 1.60555e-14 0.00000e+00
1.96700e+03 1.40040e-14 0.00000e+00
1.96800e+03 1.36854e-14 0.00000e+00
1.96900e+03 1.26552e-14 0.00000e+00
1.97000e+03 1.60805e-14 0.00000e+00
1.97100e+03 1.52525e-14 0.00000e+00
1.97200e+03 1.62783e-14 0.00000e+00
1.97300e+03 1.33436e-14 0.00000e+00
1.97400e+03 1.48129e-14 0.00000e+00
1.97500e+03 1.35865e-14 0.00000e+00
1.97600e+03 1.34607e-14 0.00000e+00
1.97700e+03 1.60191e-14 0.00000e+00
1.97800e+03 1.29845e-14 0.00000e+00
1.97900e+03 1.66461e-14 0.00000e+00
1.98000e+03 1.27181e-14 0.00000e+00
1.98100e+03 1.34894e-14 0.00000e+00
1.98200e+03 1.58896e-14 0.00000e+00
1.98300e+03 1.36807e-14 0.00000e+00
1.98400e+03 1.22093e-14 0.00000e+00
1.98500e+03 1.36905e-14 0.00000e+00
1.98600e+03 1.28158e-14 0.00000e+00
1.98700e+03 1.24920e-14 0.00000e+00
1.98800e+03 1.37658e-14 0.00000e+00
1.98900e+03 1.23174e-14 0.00000e+00
1.99000e+03 1.15281e-14 0.00000e+00
1.99100e+03 1.42971e-14 0.00000e+00
1.99200e+03 1.24926e-14 0.00000e+00
1.99300e+03 1.34260e-14 0.00000e+00
1.99400e+03 1.23750e-14 0.00000e+00
1.99500e+03 1.02877e-14 0.00000e+00
1.99600e+03 1.26930e-14 0.00000e+00
1.99700e+03 1.20127e-14 0.00000e+00
1.99800e+03 1.24303e-14 0.00000e+00
1.99900e+03 1.43406e-14 0.00000e+00
2.00000e+03 1.32721e-14 0.00000e+00
