0.00000e+00 0.00000e+00 0.00000e+00
1.00000e+00 0.00000e+00 0.00000e+00
2.00000e+00 0.00000e+00 0.00000e+00
3.00000e+00 0.00000e+00 0.00000e+00
4.00000e+00 0.00000e+00 0.00000e+00
5.00000e+00 0.00000e+00 0.00000e+00
6.00000e+00 0.00000e+00 0.00000e+00
7.00000e+00 0.00000e+00 0.00000e+00
8.00000e+00 0.00000e+00 0.00000e+00
9.00000e+00 0.00000e+00 0.00000e+00
1.00000e+01 0.00000e+00 0.00000e+00
1.10000e+01 0.00000e+00 0.00000e+00
1.20000e+01 0.00000e+00 0.00000e+00
1.30000e+01 0.00000e+00 0.00000e+00
1.40000e+01 0.00000e+00 0.00000e+00
1.50000e+01 0.00000e+00 0.00000e+00
1.60000e+01 0.00000e+00 0.00000e+00
1.70000e+01 0.00000e+00 0.00000e+00
1.80000e+01 0.00000e+00 0.00000e+00
1.90000e+01 0.00000e+00 0.00000e+00
2.00000e+01 0.00000e+00 0.00000e+00
2.10000e+01 0.00000e+00 0.00000e+00
2.20000e+01 0.00000e+00 0.00000e+00
2.30000e+01 0.00000e+00 0.00000e+00
2.40000e+01 0.00000e+00 0.00000e+00
2.50000e+01 0.00000e+00 0.00000e+00
2.60000e+01 0.00000e+00 0.00000e+00
2.70000e+01 0.00000e+00 0.00000e+00
2.80000e+01 0.00000e+00 0.00000e+00
2.90000e+01 0.00000e+00 0.00000e+00
3.00000e+01 0.00000e+00 0.00000e+00
3.10000e+01 0.00000e+00 0.00000e+00
3.20000e+01 0.00000e+00 0.00000e+00
3.30000e+01 0.00000e+00 0.00000e+00
3.40000e+01 0.00000e+00 0.00000e+00
3.50000e+01 0.00000e+00 0.00000e+00
3.60000e+01 0.00000e+00 0.00000e+00
3.70000e+01 0.00000e+00 0.00000e+00
3.80000e+01 0.00000e+00 0.00000e+00
3.90000e+01 0.00000e+00 0.00000e+00
4.00000e+01 0.00000e+00 0.00000e+00
4.10000e+01 0.00000e+00 0.00000e+00
4.20000e+01 0.00000e+00 0.00000e+00
4.30000e+01 0.00000e+00 0.00000e+00
4.40000e+01 0.00000e+00 0.00000e+00
4.50000e+01 0.00000e+00 0.00000e+00
4.60000e+01 0.00000e+00 0.00000e+00
4.70000e+01 0.00000e+00 0.00000e+00
4.80000e+01 0.00000e+00 0.00000e+00
4.90000e+01 0.00000e+00 0.00000e+00
5.00000e+01 0.00000e+00 0.00000e+00
5.10000e+01 0.00000e+00 0.00000e+00
5.20000e+01 0.00000e+00 0.00000e+00
5.30000e+01 0.00000e+00 0.00000e+00
5.40000e+01 0.00000e+00 0.00000e+00
5.50000e+01 0.00000e+00 0.00000e+00
5.60000e+01 0.00000e+00 0.00000e+00
5.70000e+01 0.00000e+00 0.00000e+00
5.80000e+01 0.00000e+00 0.00000e+00
5.90000e+01 0.00000e+00 0.00000e+00
6.00000e+01 0.00000e+00 0.00000e+00
6.10000e+01 0.00000e+00 0.00000e+00
6.20000e+01 0.00000e+00 0.00000e+00
6.30000e+01 0.00000e+00 0.00000e+00
6.40000e+01 0.00000e+00 0.00000e+00
6.50000e+01 0.00000e+00 0.00000e+00
6.60000e+01 0.00000e+00 0.00000e+00
6.70000e+01 0.00000e+00 0.00000e+00
6.80000e+01 0.00000e+00 0.00000e+00
6.90000e+01 0.00000e+00 0.00000e+00
7.00000e+01 0.00000e+00 0.00000e+00
7.10000e+01 0.00000e+00 0.00000e+00
7.20000e+01 0.00000e+00 0.00000e+00
7.30000e+01 0.00000e+00 0.00000e+00
7.40000e+01 0.00000e+00 0.00000e+00
7.50000e+01 0.00000e+00 0.00000e+00
7.60000e+01 0.00000e+00 0.00000e+00
7.70000e+01 0.00000e+00 0.00000e+00
7.80000e+01 0.00000e+00 0.00000e+00
7.90000e+01 0.00000e+00 0.00000e+00
8.00000e+01 0.00000e+00 0.00000e+00
8.10000e+01 0.00000e+00 0.00000e+00
8.20000e+01 0.00000e+00 0.00000e+00
8.30000e+01 0.00000e+00 0.00000e+00
8.40000e+01 0.00000e+00 0.00000e+00
8.50000e+01 0.00000e+00 0.00000e+00
8.60000e+01 0.00000e+00 0.00000e+00
8.70000e+01 0.00000e+00 0.00000e+00
8.80000e+01 0.00000e+00 0.00000e+00
8.90000e+01 0.00000e+00 0.00000e+00
9.00000e+01 0.00000e+00 0.00000e+00
9.10000e+01 0.00000e+00 0.00000e+00
9.20000e+01 0.00000e+00 0.00000e+00
9.30000e+01 0.00000e+00 0.00000e+00
9.40000e+01 0.00000e+00 0.00000e+00
9.50000e+01 0.00000e+00 0.00000e+00
9.60000e+01 0.00000e+00 0.00000e+00
9.70000e+01 0.00000e+00 0.00000e+00
9.80000e+01 0.00000e+00 0.00000e+00
9.90000e+01 0.00000e+00 0.00000e+00
1.00000e+02 1.21719e-10 0.00000e+00
1.01000e+02 1.10844e-10 0.00000e+00
1.02000e+02 1.32050e-10 0.00000e+00
1.03000e+02 1.56223e-10 0.00000e+00
1.04000e+02 2.12123e-10 0.00000e+00
1.05000e+02 6.16099e-11 0.00000e+00
1.06000e+02 1.56103e-10 0.00000e+00
1.07000e+02 1.68765e-10 0.00000e+00
1.08000e+02 1.59987e-10 0.00000e+00
1.09000e+02 7.45025e-11 0.00000e+00
1.10000e+02 1.75517e-10 0.00000e+00
1.11000e+02 1.15360e-10 0.00000e+00
1.12000e+02 1.21577e-10 0.00000e+00
1.13000e+02 2.03097e-10 0.00000e+00
1.14000e+02 1.45296e-10 0.00000e+00
1.15000e+02 1.71641e-10 0.00000e+00
1.16000e+02 1.06226e-10 0.00000e+00
1.17000e+02 1.91938e-10 0.00000e+00
1.18000e+02 1.28562e-10 0.00000e+00
1.19000e+02 1.13206e-10 0.00000e+00
1.20000e+02 1.55302e-10 0.00000e+00
1.21000e+02 1.56804e-10 0.00000e+00
1.22000e+02 1.01402e-10 0.00000e+00
1.23000e+02 6.57542e-11 0.00000e+00
1.24000e+02 1.15775e-10 0.00000e+00
1.25000e+02 5.56382e-11 0.00000e+00
1.26000e+02 1.24706e-10 0.00000e+00
1.27000e+02 1.31265e-10 0.00000e+00
1.28000e+02 9.08544e-11 0.00000e+00
1.29000e+02 7.93559e-11 0.00000e+00
1.30000e+02 7.38450e-11 0.00000e+00
1.31000e+02 1.00843e-10 0.00000e+00
1.32000e+02 4.64235e-11 0.00000e+00
1.33000e+02 8.47452e-11 0.00000e+00
1.34000e+02 1.12098e-10 0.00000e+00
1.35000e+02 9.41520e-11 0.00000e+00
1.36000e+02 8.35159e-11 0.00000e+00
1.37000e+02 1.46302e-10 0.00000e+00
1.38000e+02 1.05200e-10 0.00000e+00
1.39000e+02 1.01489e-10 0.00000e+00
1.40000e+02 8.01549e-11 0.00000e+00
1.41000e+02 1.21767e-10 0.00000e+00
1.42000e+02 1.15684e-10 0.00000e+00
1.43000e+02 9.60736e-11 0.00000e+00
1.44000e+02 1.06596e-10 0.00000e+00
1.45000e+02 1.11528e-10 0.00000e+00
1.46000e+02 8.92866e-11 0.00000e+00
1.47000e+02 9.83246e-11 0.00000e+00
1.48000e+02 6.97659e-11 0.00000e+00
1.49000e+02 8.34180e-11 0.00000e+00
1.50000e+02 1.38001e-10 0.00000e+00
1.51000e+02 1.08876e-10 0.00000e+00
1.52000e+02 1.12077e-10 0.00000e+00
1.53000e+02 5.28963e-11 0.00000e+00
1.54000e+02 1.33608e-10 0.00000e+00
1.55000e+02 9.34587e-11 0.00000e+00
1.56000e+02 1.07376e-10 0.00000e+00
1.57000e+02 1.57113e-10 0.00000e+00
1.58000e+02 9.19375e-11 0.00000e+00
1.59000e+02 8.48174e-11 0.00000e+00
1.60000e+02 7.55625e-11 0.00000e+00
1.61000e+02 7.01218e-11 0.00000e+00
1.62000e+02 1.02744e-10 0.00000e+00
1.63000e+02 8.67065e-11 0.00000e+00
1.64000e+02 1.05843e-10 0.00000e+00
1.65000e+02 1.10478e-10 0.00000e+00
1.66000e+02 8.38943e-11 0.00000e+00
1.67000e+02 1.30309e-10 0.00000e+00
1.68000e+02 8.40798e-11 0.00000e+00
1.69000e+02 9.44806e-11 0.00000e+00
1.70000e+02 1.20570e-10 0.00000e+00
1.71000e+02 8.46499e-11 0.00000e+00
1.72000e+02 1.02010e-10 0.00000e+00
1.73000e+02 6.26430e-11 0.00000e+00
1.74000e+02 3.76399e-11 0.00000e+00
1.75000e+02 4.20226e-11 0.00000e+00
1.76000e+02 1.11745e-10 0.00000e+00
1.77000e+02 6.62014e-11 0.00000e+00
1.78000e+02 6.26990e-11 0.00000e+00
1.79000e+02 7.36322e-11 0.00000e+00
1.80000e+02 9.75651e-11 0.00000e+00
1.81000e+02 8.82972e-11 0.00000e+00
1.82000e+02 1.12313e-10 0.00000e+00
1.83000e+02 5.53193e-11 0.00000e+00
1.84000e+02 8.17878e-11 0.00000e+00
1.85000e+02 5.76786e-11 0.00000e+00
1.86000e+02 9.09082e-11 0.00000e+00
1.87000e+02 6.64573e-11 0.00000e+00
1.88000e+02 8.13291e-11 0.00000e+00
1.89000e+02 9.86028e-11 0.00000e+00
1.90000e+02 7.41762e-11 0.00000e+00
1.91000e+02 8.04881e-11 0.00000e+00
1.92000e+02 6.15940e-11 0.00000e+00
1.93000e+02 6.27946e-11 0.00000e+00
1.94000e+02 7.60707e-11 0.00000e+00
1.95000e+02 4.84581e-11 0.00000e+00
1.96000e+02 9.70909e-11 0.00000e+00
1.97000e+02 7.43195e-11 0.00000e+00
1.98000e+02 9.58390e-11 0.00000e+00
1.99000e+02 7.70611e-11 0.00000e+00
2.00000e+02 4.71869e-11 0.00000e+00
2.01000e+02 7.01888e-11 0.00000e+00
2.02000e+02 7.70541e-11 0.00000e+00
2.03000e+02 5.56865e-11 0.00000e+00
2.04000e+02 7.58103e-11 0.00000e+00
2.05000e+02 5.68628e-11 0.00000e+00
2.06000e+02 8.40727e-11 0.00000e+00
2.07000e+02 4.27957e-11 0.00000e+00
2.08000e+02 6.67701e-11 0.00000e+00
2.09000e+02 7.11605e-11 0.00000e+00
2.10000e+02 8.93644e-11 0.00000e+00
2.11000e+02 4.62425e-11 0.00000e+00
2.12000e+02 4.44569e-11 0.00000e+00
2.13000e+02 4.69133e-11 0.00000e+00
2.14000e+02 7.13614e-11 0.00000e+00
2.15000e+02 1.03046e-10 0.00000e+00
2.16000e+02 6.05005e-11 0.00000e+00
2.17000e+02 9.29580e-11 0.00000e+00
2.18000e+02 9.87502e-11 0.00000e+00
2.19000e+02 4.02966e-11 0.00000e+00
2.20000e+02 6.02773e-11 0.00000e+00
2.21000e+02 4.85933e-11 0.00000e+00
2.22000e+02 7.57424e-11 0.00000e+00
2.23000e+02 6.02143e-11 0.00000e+00
2.24000e+02 7.01297e-11 0.00000e+00
2.25000e+02 6.74712e-11 0.00000e+00
2.26000e+02 9.69933e-11 0.00000e+00
2.27000e+02 6.71349e-11 0.00000e+00
2.28000e+02 5.73488e-11 0.00000e+00
2.29000e+02 6.78808e-11 0.00000e+00
2.30000e+02 5.90967e-11 0.00000e+00
2.31000e+02 7.09973e-11 0.00000e+00
2.32000e+02 8.73671e-11 0.00000e+00
2.33000e+02 6.74724e-11 0.00000e+00
2.34000e+02 6.68035e-11 0.00000e+00
2.35000e+02 5.26128e-11 0.00000e+00
2.36000e+02 5.78861e-11 0.00000e+00
2.37000e+02 8.55727e-11 0.00000e+00
2.38000e+02 5.38592e-11 0.00000e+00
2.39000e+02 7.47707e-11 0.00000e+00
2.40000e+02 4.27116e-11 0.00000e+00
2.41000e+02 7.46038e-11 0.00000e+00
2.42000e+02 1.08070e-10 0.00000e+00
2.43000e+02 5.89664e-11 0.00000e+00
2.44000e+02 9.32764e-11 0.00000e+00
2.45000e+02 1.18499e-10 0.00000e+00
2.46000e+02 6.61653e-11 0.00000e+00
2.47000e+02 4.50991e-11 0.00000e+00
2.48000e+02 6.65800e-11 0.00000e+00
2.49000e+02 6.48055e-11 0.00000e+00
2.50000e+02 6.23973e-11 0.00000e+00
2.51000e+02 7.97689e-11 0.00000e+00
2.52000e+02 5.52016e-11 0.00000e+00
2.53000e+02 4.38859e-11 0.00000e+00
2.54000e+02 3.31628e-11 0.00000e+00
2.55000e+02 6.87279e-11 0.00000e+00
2.56000e+02 6.42064e-11 0.00000e+00
2.57000e+02 7.72610e-11 0.00000e+00
2.58000e+02 7.16433e-11 0.00000e+00
2.59000e+02 5.87644e-11 0.00000e+00
2.60000e+02 4.40023e-11 0.00000e+00
2.61000e+02 6.58346e-11 0.00000e+00
2.62000e+02 3.87687e-11 0.00000e+00
2.63000e+02 7.35398e-11 0.00000e+00
2.64000e+02 5.27732e-11 0.00000e+00
2.65000e+02 5.11599e-11 0.00000e+00
2.66000e+02 3.13717e-11 0.00000e+00
2.67000e+02 5.95614e-11 0.00000e+00
2.68000e+02 5.19325e-11 0.00000e+00
2.69000e+02 5.41385e-11 0.00000e+00
2.70000e+02 6.28878e-11 0.00000e+00
2.71000e+02 3.94764e-11 0.00000e+00
2.72000e+02 5.39749e-11 0.00000e+00
2.73000e+02 6.79946e-11 0.00000e+00
2.74000e+02 3.46669e-11 0.00000e+00
2.75000e+02 6.32451e-11 0.00000e+00
2.76000e+02 4.64381e-11 0.00000e+00
2.77000e+02 3.36268e-11 0.00000e+00
2.78000e+02 4.20455e-11 0.00000e+00
2.79000e+02 3.87850e-11 0.00000e+00
2.80000e+02 1.57701e-11 0.00000e+00
2.81000e+02 7.25918e-11 0.00000e+00
2.82000e+02 4.83181e-11 0.00000e+00
2.83000e+02 4.27054e-11 0.00000e+00
2.84000e+02 4.56738e-11 0.00000e+00
2.85000e+02 7.50504e-11 0.00000e+00
2.86000e+02 6.17957e-11 0.00000e+00
2.87000e+02 4.70783e-11 0.00000e+00
2.88000e+02 2.59803e-11 0.00000e+00
2.89000e+02 5.32033e-11 0.00000e+00
2.90000e+02 6.21839e-11 0.00000e+00
2.91000e+02 6.44315e-11 0.00000e+00
2.92000e+02 6.46735e-11 0.00000e+00
2.93000e+02 3.11342e-11 0.00000e+00
2.94000e+02 6.03558e-11 0.00000e+00
2.95000e+02 6.21502e-11 0.00000e+00
2.96000e+02 4.18821e-11 0.00000e+00
2.97000e+02 4.60099e-11 0.00000e+00
2.98000e+02 4.55041e-11 0.00000e+00
2.99000e+02 4.66603e-11 0.00000e+00
3.00000e+02 5.28217e-11 0.00000e+00
3.01000e+02 3.54923e-11 0.00000e+00
3.02000e+02 6.30509e-11 0.00000e+00
3.03000e+02 5.00527e-11 0.00000e+00
3.04000e+02 8.23296e-11 0.00000e+00
3.05000e+02 5.49157e-11 0.00000e+00
3.06000e+02 6.55010e-11 0.00000e+00
3.07000e+02 5.13221e-11 0.00000e+00
3.08000e+02 5.08662e-11 0.00000e+00
3.09000e+02 5.94641e-11 0.00000e+00
3.10000e+02 7.64082e-11 0.00000e+00
3.11000e+02 4.68520e-11 0.00000e+00
3.12000e+02 3.29017e-11 0.00000e+00
3.13000e+02 5.31335e-11 0.00000e+00
3.14000e+02 5.11284e-11 0.00000e+00
3.15000e+02 4.77678e-11 0.00000e+00
3.16000e+02 5.90666e-11 0.00000e+00
3.17000e+02 4.05406e-11 0.00000e+00
3.18000e+02 1.73702e-11 0.00000e+00
3.19000e+02 4.79691e-11 0.00000e+00
3.20000e+02 3.63176e-11 0.00000e+00
3.21000e+02 4.20042e-11 0.00000e+00
3.22000e+02 4.04370e-11 0.00000e+00
3.23000e+02 7.43259e-11 0.00000e+00
3.24000e+02 5.04447e-11 0.00000e+00
3.25000e+02 3.68592e-11 0.00000e+00
3.26000e+02 6.05564e-11 0.00000e+00
3.27000e+02 6.11193e-11 0.00000e+00
3.28000e+02 2.07220e-11 0.00000e+00
3.29000e+02 3.48132e-11 0.00000e+00
3.30000e+02 3.39859e-11 0.00000e+00
3.31000e+02 4.29078e-11 0.00000e+00
3.32000e+02 3.03475e-11 0.00000e+00
3.33000e+02 6.48291e-11 0.00000e+00
3.34000e+02 4.83997e-11 0.00000e+00
3.35000e+02 4.27760e-11 0.00000e+00
3.36000e+02 5.06004e-11 0.00000e+00
3.37000e+02 6.01001e-11 0.00000e+00
3.38000e+02 1.02325e-11 0.00000e+00
3.39000e+02 4.04759e-11 0.00000e+00
3.40000e+02 3.94360e-11 0.00000e+00
3.41000e+02 5.16647e-11 0.00000e+00
3.42000e+02 4.25931e-11 0.00000e+00
3.43000e+02 4.64095e-11 0.00000e+00
3.44000e+02 4.23659e-11 0.00000e+00
3.45000e+02 5.09848e-11 0.00000e+00
3.46000e+02 4.92008e-11 0.00000e+00
3.47000e+02 1.65717e-11 0.00000e+00
3.48000e+02 3.50401e-11 0.00000e+00
3.49000e+02 3.46757e-11 0.00000e+00
3.50000e+02 2.62204e-11 0.00000e+00
3.51000e+02 4.36969e-11 0.00000e+00
3.52000e+02 4.30730e-11 0.00000e+00
3.53000e+02 3.70725e-11 0.00000e+00
3.54000e+02 5.30099e-11 0.00000e+00
3.55000e+02 5.07857e-11 0.00000e+00
3.56000e+02 5.80165e-11 0.00000e+00
3.57000e+02 2.25920e-11 0.00000e+00
3.58000e+02 3.11708e-11 0.00000e+00
3.59000e+02 4.59404e-11 0.00000e+00
3.60000e+02 3.43260e-11 0.00000e+00
3.61000e+02 3.48584e-11 0.00000e+00
3.62000e+02 4.11779e-11 0.00000e+00
3.63000e+02 2.68215e-11 0.00000e+00
3.64000e+02 3.12193e-11 0.00000e+00
3.65000e+02 4.31527e-11 0.00000e+00
3.66000e+02 4.69558e-11 0.00000e+00
3.67000e+02 3.68492e-11 0.00000e+00
3.68000e+02 6.14967e-11 0.00000e+00
3.69000e+02 4.20444e-11 0.00000e+00
3.70000e+02 3.80868e-11 0.00000e+00
3.71000e+02 4.72007e-11 0.00000e+00
3.72000e+02 5.11528e-11 0.00000e+00
3.73000e+02 4.47027e-11 0.00000e+00
3.74000e+02 3.94102e-11 0.00000e+00
3.75000e+02 5.97149e-11 0.00000e+00
3.76000e+02 4.14174e-11 0.00000e+00
3.77000e+02 3.63610e-11 0.00000e+00
3.78000e+02 4.78556e-11 0.00000e+00
3.79000e+02 3.08270e-11 0.00000e+00
3.80000e+02 3.47998e-11 0.00000e+00
3.81000e+02 3.49347e-11 0.00000e+00
3.82000e+02 3.17794e-11 0.00000e+00
3.83000e+02 7.06514e-11 0.00000e+00
3.84000e+02 4.95773e-11 0.00000e+00
3.85000e+02 4.35358e-11 0.00000e+00
3.86000e+02 3.87627e-11 0.00000e+00
3.87000e+02 4.47011e-11 0.00000e+00
3.88000e+02 2.93860e-11 0.00000e+00
3.89000e+02 3.63939e-11 0.00000e+00
3.90000e+02 3.31587e-11 0.00000e+00
3.91000e+02 3.62197e-11 0.00000e+00
3.92000e+02 5.31417e-11 0.00000e+00
3.93000e+02 5.09200e-11 0.00000e+00
3.94000e+02 3.57039e-11 0.00000e+00
3.95000e+02 3.94919e-11 0.00000e+00
3.96000e+02 4.60328e-11 0.00000e+00
3.97000e+02 5.16457e-11 0.00000e+00
3.98000e+02 5.81728e-11 0.00000e+00
3.99000e+02 3.89361e-11 0.00000e+00
4.00000e+02 4.21007e-11 0.00000e+00
4.01000e+02 3.37793e-11 0.00000e+00
4.02000e+02 2.17368e-11 0.00000e+00
4.03000e+02 4.53794e-11 0.00000e+00
4.04000e+02 4.62772e-11 0.00000e+00
4.05000e+02 2.47329e-11 0.00000e+00
4.06000e+02 3.43313e-11 0.00000e+00
4.07000e+02 5.03486e-11 0.00000e+00
4.08000e+02 5.18132e-11 0.00000e+00
4.09000e+02 3.87983e-11 0.00000e+00
4.10000e+02 2.78754e-11 0.00000e+00
4.11000e+02 3.45220e-11 0.00000e+00
4.12000e+02 3.84817e-11 0.00000e+00
4.13000e+02 4.32012e-11 0.00000e+00
4.14000e+02 3.66973e-11 0.00000e+00
4.15000e+02 3.60508e-11 0.00000e+00
4.16000e+02 3.09882e-11 0.00000e+00
4.17000e+02 3.87515e-11 0.00000e+00
4.18000e+02 2.78048e-11 0.00000e+00
4.19000e+02 3.36668e-11 0.00000e+00
4.20000e+02 2.65819e-11 0.00000e+00
4.21000e+02 3.90453e-11 0.00000e+00
4.22000e+02 2.59148e-11 0.00000e+00
4.23000e+02 3.85076e-11 0.00000e+00
4.24000e+02 3.40296e-11 0.00000e+00
4.25000e+02 3.15158e-11 0.00000e+00
4.26000e+02 2.94575e-11 0.00000e+00
4.27000e+02 3.13671e-11 0.00000e+00
4.28000e+02 3.65579e-11 0.00000e+00
4.29000e+02 2.80910e-11 0.00000e+00
4.30000e+02 3.13593e-11 0.00000e+00
4.31000e+02 3.23581e-11 0.00000e+00
4.32000e+02 3.45760e-11 0.00000e+00
4.33000e+02 2.09983e-11 0.00000e+00
4.34000e+02 3.42901e-11 0.00000e+00
4.35000e+02 3.51768e-11 0.00000e+00
4.36000e+02 3.10791e-11 0.00000e+00
4.37000e+02 3.91382e-11 0.00000e+00
4.38000e+02 4.35047e-11 0.00000e+00
4.39000e+02 4.63643e-11 0.00000e+00
4.40000e+02 2.85230e-11 0.00000e+00
4.41000e+02 3.11766e-11 0.00000e+00
4.42000e+02 3.45189e-11 0.00000e+00
4.43000e+02 3.95488e-11 0.00000e+00
4.44000e+02 3.03161e-11 0.00000e+00
4.45000e+02 3.21433e-11 0.00000e+00
4.46000e+02 4.07829e-11 0.00000e+00
4.47000e+02 2.69669e-11 0.00000e+00
4.48000e+02 1.21338e-11 0.00000e+00
4.49000e+02 2.22505e-11 0.00000e+00
4.50000e+02 3.11314e-11 0.00000e+00
4.51000e+02 2.59455e-11 0.00000e+00
4.52000e+02 3.82152e-11 0.00000e+00
4.53000e+02 4.08641e-11 0.00000e+00
4.54000e+02 3.86393e-11 0.00000e+00
4.55000e+02 3.62872e-11 0.00000e+00
4.56000e+02 3.99652e-11 0.00000e+00
4.57000e+02 3.66408e-11 0.00000e+00
4.58000e+02 2.37511e-11 0.00000e+00
4.59000e+02 2.87561e-11 0.00000e+00
4.60000e+02 2.68360e-11 0.00000e+00
4.61000e+02 3.23396e-11 0.00000e+00
4.62000e+02 4.25294e-11 0.00000e+00
4.63000e+02 2.72305e-11 0.00000e+00
4.64000e+02 1.87674e-11 0.00000e+00
4.65000e+02 2.73621e-11 0.00000e+00
4.66000e+02 3.50212e-11 0.00000e+00
4.67000e+02 3.33185e-11 0.00000e+00
4.68000e+02 2.70742e-11 0.00000e+00
4.69000e+02 2.64803e-11 0.00000e+00
4.70000e+02 2.95236e-11 0.00000e+00
4.71000e+02 2.31215e-11 0.00000e+00
4.72000e+02 2.91454e-11 0.00000e+00
4.73000e+02 3.23465e-11 0.00000e+00
4.74000e+02 2.17393e-11 0.00000e+00
4.75000e+02 3.53014e-11 0.00000e+00
4.76000e+02 2.57844e-11 0.00000e+00
4.77000e+02 2.60016e-11 0.00000e+00
4.78000e+02 3.15663e-11 0.00000e+00
4.79000e+02 3.41819e-11 0.00000e+00
4.80000e+02 3.41352e-11 0.00000e+00
4.81000e+02 2.98419e-11 0.00000e+00
4.82000e+02 3.86417e-11 0.00000e+00
4.83000e+02 2.07882e-11 0.00000e+00
4.84000e+02 2.21286e-11 0.00000e+00
4.85000e+02 3.78018e-11 0.00000e+00
4.86000e+02 3.40533e-11 0.00000e+00
4.87000e+02 2.88829e-11 0.00000e+00
4.88000e+02 2.66181e-11 0.00000e+00
4.89000e+02 2.48419e-11 0.00000e+00
4.90000e+02 3.05870e-11 0.00000e+00
4.91000e+02 3.49933e-11 0.00000e+00
4.92000e+02 2.70571e-11 0.00000e+00
4.93000e+02 3.31776e-11 0.00000e+00
4.94000e+02 4.32289e-11 0.00000e+00
4.95000e+02 3.11650e-11 0.00000e+00
4.96000e+02 3.92469e-11 0.00000e+00
4.97000e+02 2.88541e-11 0.00000e+00
4.98000e+02 3.64750e-11 0.00000e+00
4.99000e+02 3.96644e-11 0.00000e+00
5.00000e+02 2.77440e-11 0.00000e+00
5.01000e+02 3.03380e-11 0.00000e+00
5.02000e+02 3.43115e-11 0.00000e+00
5.03000e+02 3.99607e-11 0.00000e+00
5.04000e+02 2.92859e-11 0.00000e+00
5.05000e+02 3.49034e-11 0.00000e+00
5.06000e+02 3.04172e-11 0.00000e+00
5.07000e+02 2.69838e-11 0.00000e+00
5.08000e+02 3.11149e-11 0.00000e+00
5.09000e+02 3.55502e-11 0.00000e+00
5.10000e+02 2.43849e-11 0.00000e+00
5.11000e+02 3.51029e-11 0.00000e+00
5.12000e+02 2.95769e-11 0.00000e+00
5.13000e+02 3.45807e-11 0.00000e+00
5.14000e+02 3.20545e-11 0.00000e+00
5.15000e+02 3.34724e-11 0.00000e+00
5.16000e+02 2.03568e-11 0.00000e+00
5.17000e+02 3.36087e-11 0.00000e+00
5.18000e+02 3.26105e-11 0.00000e+00
5.19000e+02 2.81117e-11 0.00000e+00
5.20000e+02 2.87963e-11 0.00000e+00
5.21000e+02 2.31688e-11 0.00000e+00
5.22000e+02 2.68592e-11 0.00000e+00
5.23000e+02 2.99866e-11 0.00000e+00
5.24000e+02 2.70507e-11 0.00000e+00
5.25000e+02 2.56392e-11 0.00000e+00
5.26000e+02 1.76705e-11 0.00000e+00
5.27000e+02 2.78702e-11 0.00000e+00
5.28000e+02 2.52337e-11 0.00000e+00
5.29000e+02 2.67715e-11 0.00000e+00
5.30000e+02 3.37917e-11 0.00000e+00
5.31000e+02 2.99594e-11 0.00000e+00
5.32000e+02 1.89787e-11 0.00000e+00
5.33000e+02 3.42299e-11 0.00000e+00
5.34000e+02 2.79010e-11 0.00000e+00
5.35000e+02 2.26113e-11 0.00000e+00
5.36000e+02 2.82921e-11 0.00000e+00
5.37000e+02 2.04129e-11 0.00000e+00
5.38000e+02 3.08657e-11 0.00000e+00
5.39000e+02 3.09489e-11 0.00000e+00
5.40000e+02 2.93866e-11 0.00000e+00
5.41000e+02 2.37418e-11 0.00000e+00
5.42000e+02 3.90114e-11 0.00000e+00
5.43000e+02 3.05554e-11 0.00000e+00
5.44000e+02 2.19774e-11 0.00000e+00
5.45000e+02 2.89531e-11 0.00000e+00
5.46000e+02 2.88078e-11 0.00000e+00
5.47000e+02 3.01999e-11 0.00000e+00
5.48000e+02 2.96496e-11 0.00000e+00
5.49000e+02 2.78053e-11 0.00000e+00
5.50000e+02 2.84094e-11 0.00000e+00
5.51000e+02 2.35152e-11 0.00000e+00
5.52000e+02 3.48005e-11 0.00000e+00
5.53000e+02 1.40229e-11 0.00000e+00
5.54000e+02 2.75518e-11 0.00000e+00
5.55000e+02 1.80525e-11 0.00000e+00
5.56000e+02 4.22319e-11 0.00000e+00
5.57000e+02 2.66554e-11 0.00000e+00
5.58000e+02 1.89311e-11 0.00000e+00
5.59000e+02 2.96091e-11 0.00000e+00
5.60000e+02 2.76005e-11 0.00000e+00
5.61000e+02 3.25591e-11 0.00000e+00
5.62000e+02 3.12272e-11 0.00000e+00
5.63000e+02 2.69464e-11 0.00000e+00
5.64000e+02 2.38996e-11 0.00000e+00
5.65000e+02 2.71031e-11 0.00000e+00
5.66000e+02 1.46865e-11 0.00000e+00
5.67000e+02 3.37758e-11 0.00000e+00
5.68000e+02 2.58415e-11 0.00000e+00
5.69000e+02 1.45183e-11 0.00000e+00
5.70000e+02 2.56867e-11 0.00000e+00
5.71000e+02 2.14114e-11 0.00000e+00
5.72000e+02 3.59864e-11 0.00000e+00
5.73000e+02 2.99672e-11 0.00000e+00
5.74000e+02 2.55242e-11 0.00000e+00
5.75000e+02 2.15733e-11 0.00000e+00
5.76000e+02 1.99853e-11 0.00000e+00
5.77000e+02 2.48272e-11 0.00000e+00
5.78000e+02 2.22695e-11 0.00000e+00
5.79000e+02 3.01766e-11 0.00000e+00
5.80000e+02 1.73408e-11 0.00000e+00
5.81000e+02 2.23227e-11 0.00000e+00
5.82000e+02 2.40722e-11 0.00000e+00
5.83000e+02 2.33185e-11 0.00000e+00
5.84000e+02 1.94197e-11 0.00000e+00
5.85000e+02 3.59566e-11 0.00000e+00
5.86000e+02 2.89596e-11 0.00000e+00
5.87000e+02 2.59754e-11 0.00000e+00
5.88000e+02 2.00646e-11 0.00000e+00
5.89000e+02 2.81027e-11 0.00000e+00
5.90000e+02 3.16709e-11 0.00000e+00
5.91000e+02 2.35113e-11 0.00000e+00
5.92000e+02 2.20441e-11 0.00000e+00
5.93000e+02 3.32198e-11 0.00000e+00
5.94000e+02 2.72919e-11 0.00000e+00
5.95000e+02 2.90011e-11 0.00000e+00
5.96000e+02 2.95942e-11 0.00000e+00
5.97000e+02 2.84164e-11 0.00000e+00
5.98000e+02 2.73614e-11 0.00000e+00
5.99000e+02 2.05806e-11 0.00000e+00
6.00000e+02 2.80764e-11 0.00000e+00
6.01000e+02 1.20352e-11 0.00000e+00
6.02000e+02 2.06821e-11 0.00000e+00
6.03000e+02 2.39339e-11 0.00000e+00
6.04000e+02 2.68840e-11 0.00000e+00
6.05000e+02 2.39782e-11 0.00000e+00
6.06000e+02 1.53936e-11 0.00000e+00
6.07000e+02 2.61402e-11 0.00000e+00
6.08000e+02 3.11081e-11 0.00000e+00
6.09000e+02 2.56281e-11 0.00000e+00
6.10000e+02 2.86646e-11 0.00000e+00
6.11000e+02 1.79294e-11 0.00000e+00
6.12000e+02 2.13793e-11 0.00000e+00
6.13000e+02 2.35590e-11 0.00000e+00
6.14000e+02 2.69606e-11 0.00000e+00
6.15000e+02 2.25996e-11 0.00000e+00
6.16000e+02 1.92660e-11 0.00000e+00
6.17000e+02 2.28042e-11 0.00000e+00
6.18000e+02 2.84848e-11 0.00000e+00
6.19000e+02 2.52501e-11 0.00000e+00
6.20000e+02 2.54460e-11 0.00000e+00
6.21000e+02 2.22769e-11 0.00000e+00
6.22000e+02 2.64531e-11 0.00000e+00
6.23000e+02 2.70936e-11 0.00000e+00
6.24000e+02 3.09413e-11 0.00000e+00
6.25000e+02 2.56056e-11 0.00000e+00
6.26000e+02 2.00460e-11 0.00000e+00
6.27000e+02 2.60046e-11 0.00000e+00
6.28000e+02 2.73064e-11 0.00000e+00
6.29000e+02 2.48541e-11 0.00000e+00
6.30000e+02 1.96145e-11 0.00000e+00
6.31000e+02 2.34407e-11 0.00000e+00
6.32000e+02 2.34528e-11 0.00000e+00
6.33000e+02 2.64363e-11 0.00000e+00
6.34000e+02 2.84020e-11 0.00000e+00
6.35000e+02 2.08629e-11 0.00000e+00
6.36000e+02 2.11451e-11 0.00000e+00
6.37000e+02 3.01857e-11 0.00000e+00
6.38000e+02 2.90495e-11 0.00000e+00
6.39000e+02 1.37617e-11 0.00000e+00
6.40000e+02 2.04501e-11 0.00000e+00
6.41000e+02 3.04061e-11 0.00000e+00
6.42000e+02 2.09457e-11 0.00000e+00
6.43000e+02 2.45254e-11 0.00000e+00
6.44000e+02 2.59638e-11 0.00000e+00
6.45000e+02 2.19628e-11 0.00000e+00
6.46000e+02 2.63102e-11 0.00000e+00
6.47000e+02 1.73061e-11 0.00000e+00
6.48000e+02 2.35436e-11 0.00000e+00
6.49000e+02 2.52832e-11 0.00000e+00
6.50000e+02 2.64347e-11 0.00000e+00
6.51000e+02 2.47338e-11 0.00000e+00
6.52000e+02 3.53545e-11 0.00000e+00
6.53000e+02 2.28583e-11 0.00000e+00
6.54000e+02 3.12606e-11 0.00000e+00
6.55000e+02 2.32607e-11 0.00000e+00
6.56000e+02 2.06098e-11 0.00000e+00
6.57000e+02 2.67244e-11 0.00000e+00
6.58000e+02 2.28720e-11 0.00000e+00
6.59000e+02 2.94887e-11 0.00000e+00
6.60000e+02 2.08093e-11 0.00000e+00
6.61000e+02 2.16769e-11 0.00000e+00
6.62000e+02 2.01808e-11 0.00000e+00
6.63000e+02 2.53142e-11 0.00000e+00
6.64000e+02 2.18294e-11 0.00000e+00
6.65000e+02 2.21081e-11 0.00000e+00
6.66000e+02 2.20757e-11 0.00000e+00
6.67000e+02 2.34720e-11 0.00000e+00
6.68000e+02 1.92197e-11 0.00000e+00
6.69000e+02 2.13696e-11 0.00000e+00
6.70000e+02 2.26440e-11 0.00000e+00
6.71000e+02 2.36597e-11 0.00000e+00
6.72000e+02 1.55040e-11 0.00000e+00
6.73000e+02 1.70083e-11 0.00000e+00
6.74000e+02 2.08047e-11 0.00000e+00
6.75000e+02 2.29300e-11 0.00000e+00
6.76000e+02 2.30518e-11 0.00000e+00
6.77000e+02 1.72745e-11 0.00000e+00
6.78000e+02 2.14592e-11 0.00000e+00
6.79000e+02 2.21007e-11 0.00000e+00
6.80000e+02 2.22774e-11 0.00000e+00
6.81000e+02 2.68100e-11 0.00000e+00
6.82000e+02 2.32598e-11 0.00000e+00
6.83000e+02 2.54180e-11 0.00000e+00
6.84000e+02 2.30923e-11 0.00000e+00
6.85000e+02 3.06225e-11 0.00000e+00
6.86000e+02 2.48950e-11 0.00000e+00
6.87000e+02 2.08036e-11 0.00000e+00
6.88000e+02 3.16784e-11 0.00000e+00
6.89000e+02 2.44413e-11 0.00000e+00
6.90000e+02 2.16342e-11 0.00000e+00
6.91000e+02 2.29420e-11 0.00000e+00
6.92000e+02 2.44501e-11 0.00000e+00
6.93000e+02 2.17586e-11 0.00000e+00
6.94000e+02 1.99227e-11 0.00000e+00
6.95000e+02 2.24494e-11 0.00000e+00
6.96000e+02 2.42445e-11 0.00000e+00
6.97000e+02 2.30648e-11 0.00000e+00
6.98000e+02 1.96698e-11 0.00000e+00
6.99000e+02 1.78747e-11 0.00000e+00
7.00000e+02 2.14838e-11 0.00000e+00
7.01000e+02 2.89111e-11 0.00000e+00
7.02000e+02 1.29797e-11 0.00000e+00
7.03000e+02 1.81812e-11 0.00000e+00
7.04000e+02 2.54602e-11 0.00000e+00
7.05000e+02 1.88614e-11 0.00000e+00
7.06000e+02 1.99039e-11 0.00000e+00
7.07000e+02 2.22203e-11 0.00000e+00
7.08000e+02 2.60507e-11 0.00000e+00
7.09000e+02 2.80574e-11 0.00000e+00
7.10000e+02 1.89254e-11 0.00000e+00
7.11000e+02 1.91778e-11 0.00000e+00
7.12000e+02 2.11821e-11 0.00000e+00
7.13000e+02 2.30771e-11 0.00000e+00
7.14000e+02 2.48250e-11 0.00000e+00
7.15000e+02 2.24253e-11 0.00000e+00
7.16000e+02 2.41890e-11 0.00000e+00
7.17000e+02 1.98157e-11 0.00000e+00
7.18000e+02 2.57640e-11 0.00000e+00
7.19000e+02 1.47627e-11 0.00000e+00
7.20000e+02 1.67851e-11 0.00000e+00
7.21000e+02 1.94074e-11 0.00000e+00
7.22000e+02 2.47347e-11 0.00000e+00
7.23000e+02 1.81548e-11 0.00000e+00
7.24000e+02 2.01102e-11 0.00000e+00
7.25000e+02 2.51168e-11 0.00000e+00
7.26000e+02 2.19048e-11 0.00000e+00
7.27000e+02 2.28532e-11 0.00000e+00
7.28000e+02 2.26684e-11 0.00000e+00
7.29000e+02 1.91282e-11 0.00000e+00
7.30000e+02 2.32347e-11 0.00000e+00
7.31000e+02 2.53425e-11 0.00000e+00
7.32000e+02 2.78071e-11 0.00000e+00
7.33000e+02 1.94726e-11 0.00000e+00
7.34000e+02 2.18321e-11 0.00000e+00
7.35000e+02 3.01566e-11 0.00000e+00
7.36000e+02 1.45341e-11 0.00000e+00
7.37000e+02 2.59084e-11 0.00000e+00
7.38000e+02 2.14181e-11 0.00000e+00
7.39000e+02 2.33982e-11 0.00000e+00
7.40000e+02 2.48888e-11 0.00000e+00
7.41000e+02 2.44448e-11 0.00000e+00
7.42000e+02 2.53167e-11 0.00000e+00
7.43000e+02 2.42184e-11 0.00000e+00
7.44000e+02 1.61664e-11 0.00000e+00
7.45000e+02 2.31815e-11 0.00000e+00
7.46000e+02 2.19867e-11 0.00000e+00
7.47000e+02 2.03962e-11 0.00000e+00
7.48000e+02 1.62858e-11 0.00000e+00
7.49000e+02 2.17852e-11 0.00000e+00
7.50000e+02 2.01994e-11 0.00000e+00
7.51000e+02 2.25320e-11 0.00000e+00
7.52000e+02 1.98802e-11 0.00000e+00
7.53000e+02 1.92302e-11 0.00000e+00
7.54000e+02 2.48715e-11 0.00000e+00
7.55000e+02 2.03766e-11 0.00000e+00
7.56000e+02 1.88024e-11 0.00000e+00
7.57000e+02 1.43217e-11 0.00000e+00
7.58000e+02 1.85228e-11 0.00000e+00
7.59000e+02 1.71867e-11 0.00000e+00
7.60000e+02 1.51101e-11 0.00000e+00
7.61000e+02 2.14657e-11 0.00000e+00
7.62000e+02 2.07014e-11 0.00000e+00
7.63000e+02 2.35017e-11 0.00000e+00
7.64000e+02 2.18503e-11 0.00000e+00
7.65000e+02 1.62567e-11 0.00000e+00
7.66000e+02 1.90449e-11 0.00000e+00
7.67000e+02 2.03381e-11 0.00000e+00
7.68000e+02 2.34592e-11 0.00000e+00
7.69000e+02 1.97749e-11 0.00000e+00
7.70000e+02 1.62262e-11 0.00000e+00
7.71000e+02 2.00455e-11 0.00000e+00
7.72000e+02 1.62055e-11 0.00000e+00
7.73000e+02 1.83783e-11 0.00000e+00
7.74000e+02 2.24277e-11 0.00000e+00
7.75000e+02 1.67649e-11 0.00000e+00
7.76000e+02 1.87759e-11 0.00000e+00
7.77000e+02 1.91628e-11 0.00000e+00
7.78000e+02 2.27860e-11 0.00000e+00
7.79000e+02 1.77418e-11 0.00000e+00
7.80000e+02 1.88522e-11 0.00000e+00
7.81000e+02 2.08236e-11 0.00000e+00
7.82000e+02 1.88931e-11 0.00000e+00
7.83000e+02 1.91612e-11 0.00000e+00
7.84000e+02 1.58808e-11 0.00000e+00
7.85000e+02 1.90326e-11 0.00000e+00
7.86000e+02 1.50169e-11 0.00000e+00
7.87000e+02 2.11774e-11 0.00000e+00
7.88000e+02 2.37093e-11 0.00000e+00
7.89000e+02 1.91915e-11 0.00000e+00
7.90000e+02 1.78041e-11 0.00000e+00
7.91000e+02 1.85361e-11 0.00000e+00
7.92000e+02 1.96070e-11 0.00000e+00
7.93000e+02 1.88979e-11 0.00000e+00
7.94000e+02 2.11785e-11 0.00000e+00
7.95000e+02 1.54680e-11 0.00000e+00
7.96000e+02 2.42137e-11 0.00000e+00
7.97000e+02 1.99044e-11 0.00000e+00
7.98000e+02 1.94473e-11 0.00000e+00
7.99000e+02 1.69238e-11 0.00000e+00
8.00000e+02 1.32528e-11 0.00000e+00
8.01000e+02 2.17536e-11 0.00000e+00
8.02000e+02 1.90072e-11 0.00000e+00
8.03000e+02 2.02216e-11 0.00000e+00
8.04000e+02 1.44026e-11 0.00000e+00
8.05000e+02 1.58363e-11 0.00000e+00
8.06000e+02 2.27582e-11 0.00000e+00
8.07000e+02 1.84167e-11 0.00000e+00
8.08000e+02 1.76720e-11 0.00000e+00
8.09000e+02 1.78270e-11 0.00000e+00
8.10000e+02 2.33019e-11 0.00000e+00
8.11000e+02 1.80398e-11 0.00000e+00
8.12000e+02 1.66451e-11 0.00000e+00
8.13000e+02 2.20702e-11 0.00000e+00
8.14000e+02 2.06630e-11 0.00000e+00
8.15000e+02 1.55333e-11 0.00000e+00
8.16000e+02 2.03492e-11 0.00000e+00
8.17000e+02 2.15288e-11 0.00000e+00
8.18000e+02 1.75574e-11 0.00000e+00
8.19000e+02 2.48497e-11 0.00000e+00
8.20000e+02 2.35399e-11 0.00000e+00
8.21000e+02 1.48618e-11 0.00000e+00
8.22000e+02 2.11786e-11 0.00000e+00
8.23000e+02 2.29838e-11 0.00000e+00
8.24000e+02 1.61431e-11 0.00000e+00
8.25000e+02 1.77818e-11 0.00000e+00
8.26000e+02 2.22660e-11 0.00000e+00
8.27000e+02 1.98990e-11 0.00000e+00
8.28000e+02 1.14264e-11 0.00000e+00
8.29000e+02 1.85354e-11 0.00000e+00
8.30000e+02 1.77308e-11 0.00000e+00
8.31000e+02 1.74118e-11 0.00000e+00
8.32000e+02 1.29767e-11 0.00000e+00
8.33000e+02 2.19658e-11 0.00000e+00
8.34000e+02 1.99553e-11 0.00000e+00
8.35000e+02 2.28437e-11 0.00000e+00
8.36000e+02 1.85621e-11 0.00000e+00
8.37000e+02 1.76181e-11 0.00000e+00
8.38000e+02 1.67134e-11 0.00000e+00
8.39000e+02 2.15597e-11 0.00000e+00
8.40000e+02 1.91596e-11 0.00000e+00
8.41000e+02 1.89377e-11 0.00000e+00
8.42000e+02 1.62533e-11 0.00000e+00
8.43000e+02 1.80480e-11 0.00000e+00
8.44000e+02 1.69643e-11 0.00000e+00
8.45000e+02 2.36814e-11 0.00000e+00
8.46000e+02 1.75629e-11 0.00000e+00
8.47000e+02 1.87950e-11 0.00000e+00
8.48000e+02 1.32376e-11 0.00000e+00
8.49000e+02 1.64237e-11 0.00000e+00
8.50000e+02 1.57528e-11 0.00000e+00
8.51000e+02 1.82310e-11 0.00000e+00
8.52000e+02 1.90062e-11 0.00000e+00
8.53000e+02 1.77164e-11 0.00000e+00
8.54000e+02 1.69263e-11 0.00000e+00
8.55000e+02 2.01034e-11 0.00000e+00
8.56000e+02 1.86491e-11 0.00000e+00
8.57000e+02 1.55080e-11 0.00000e+00
8.58000e+02 2.43093e-11 0.00000e+00
8.59000e+02 2.07668e-11 0.00000e+00
8.60000e+02 1.43077e-11 0.00000e+00
8.61000e+02 1.71390e-11 0.00000e+00
8.62000e+02 1.75665e-11 0.00000e+00
8.63000e+02 1.83496e-11 0.00000e+00
8.64000e+02 1.37414e-11 0.00000e+00
8.65000e+02 2.07394e-11 0.00000e+00
8.66000e+02 2.03107e-11 0.00000e+00
8.67000e+02 1.52364e-11 0.00000e+00
8.68000e+02 1.47075e-11 0.00000e+00
8.69000e+02 1.72370e-11 0.00000e+00
8.70000e+02 1.98332e-11 0.00000e+00
8.71000e+02 1.75589e-11 0.00000e+00
8.72000e+02 1.59451e-11 0.00000e+00
8.73000e+02 2.28110e-11 0.00000e+00
8.74000e+02 1.76608e-11 0.00000e+00
8.75000e+02 1.60360e-11 0.00000e+00
8.76000e+02 1.36895e-11 0.00000e+00
8.77000e+02 2.19178e-11 0.00000e+00
8.78000e+02 1.84163e-11 0.00000e+00
8.79000e+02 1.61163e-11 0.00000e+00
8.80000e+02 1.69497e-11 0.00000e+00
8.81000e+02 1.75946e-11 0.00000e+00
8.82000e+02 1.55477e-11 0.00000e+00
8.83000e+02 1.84188e-11 0.00000e+00
8.84000e+02 1.83476e-11 0.00000e+00
8.85000e+02 1.62361e-11 0.00000e+00
8.86000e+02 1.72763e-11 0.00000e+00
8.87000e+02 1.71431e-11 0.00000e+00
8.88000e+02 1.77093e-11 0.00000e+00
8.89000e+02 1.54227e-11 0.00000e+00
8.90000e+02 1.40837e-11 0.00000e+00
8.91000e+02 1.35115e-11 0.00000e+00
8.92000e+02 1.88003e-11 0.00000e+00
8.93000e+02 1.41983e-11 0.00000e+00
8.94000e+02 1.60500e-11 0.00000e+00
8.95000e+02 1.91335e-11 0.00000e+00
8.96000e+02 1.79678e-11 0.00000e+00
8.97000e+02 1.41919e-11 0.00000e+00
8.98000e+02 1.35525e-11 0.00000e+00
8.99000e+02 1.70121e-11 0.00000e+00
9.00000e+02 1.78448e-11 0.00000e+00
9.01000e+02 1.77941e-11 0.00000e+00
9.02000e+02 1.96062e-11 0.00000e+00
9.03000e+02 1.81539e-11 0.00000e+00
9.04000e+02 1.71302e-11 0.00000e+00
9.05000e+02 1.61348e-11 0.00000e+00
9.06000e+02 2.10789e-11 0.00000e+00
9.07000e+02 1.75842e-11 0.00000e+00
9.08000e+02 1.48404e-11 0.00000e+00
9.09000e+02 1.44564e-11 0.00000e+00
9.10000e+02 1.68096e-11 0.00000e+00
9.11000e+02 1.90846e-11 0.00000e+00
9.12000e+02 1.94371e-11 0.00000e+00
9.13000e+02 1.53225e-11 0.00000e+00
9.14000e+02 1.94148e-11 0.00000e+00
9.15000e+02 1.64151e-11 0.00000e+00
9.16000e+02 1.88475e-11 0.00000e+00
9.17000e+02 1.70634e-11 0.00000e+00
9.18000e+02 1.50563e-11 0.00000e+00
9.19000e+02 1.70477e-11 0.00000e+00
9.20000e+02 1.61677e-11 0.00000e+00
9.21000e+02 1.79546e-11 0.00000e+00
9.22000e+02 1.50713e-11 0.00000e+00
9.23000e+02 1.39700e-11 0.00000e+00
9.24000e+02 1.81926e-11 0.00000e+00
9.25000e+02 1.83901e-11 0.00000e+00
9.26000e+02 1.62246e-11 0.00000e+00
9.27000e+02 1.60232e-11 0.00000e+00
9.28000e+02 1.61611e-11 0.00000e+00
9.29000e+02 1.57900e-11 0.00000e+00
9.30000e+02 1.48412e-11 0.00000e+00
9.31000e+02 1.68010e-11 0.00000e+00
9.32000e+02 1.68854e-11 0.00000e+00
9.33000e+02 1.78979e-11 0.00000e+00
9.34000e+02 1.86100e-11 0.00000e+00
9.35000e+02 1.41489e-11 0.00000e+00
9.36000e+02 1.58790e-11 0.00000e+00
9.37000e+02 1.98303e-11 0.00000e+00
9.38000e+02 1.59207e-11 0.00000e+00
9.39000e+02 1.77617e-11 0.00000e+00
9.40000e+02 1.95366e-11 0.00000e+00
9.41000e+02 1.65417e-11 0.00000e+00
9.42000e+02 1.34737e-11 0.00000e+00
9.43000e+02 1.79758e-11 0.00000e+00
9.44000e+02 1.17111e-11 0.00000e+00
9.45000e+02 1.50720e-11 0.00000e+00
9.46000e+02 1.61054e-11 0.00000e+00
9.47000e+02 1.52886e-11 0.00000e+00
9.48000e+02 1.18916e-11 0.00000e+00
9.49000e+02 1.62090e-11 0.00000e+00
9.50000e+02 1.65968e-11 0.00000e+00
9.51000e+02 1.39643e-11 0.00000e+00
9.52000e+02 1.12247e-11 0.00000e+00
9.53000e+02 1.40393e-11 0.00000e+00
9.54000e+02 1.65057e-11 0.00000e+00
9.55000e+02 1.73181e-11 0.00000e+00
9.56000e+02 1.72184e-11 0.00000e+00
9.57000e+02 1.24888e-11 0.00000e+00
9.58000e+02 1.03021e-11 0.00000e+00
9.59000e+02 1.85332e-11 0.00000e+00
9.60000e+02 1.58218e-11 0.00000e+00
9.61000e+02 1.62046e-11 0.00000e+00
9.62000e+02 1.69098e-11 0.00000e+00
9.63000e+02 1.53278e-11 0.00000e+00
9.64000e+02 1.28186e-11 0.00000e+00
9.65000e+02 1.50215e-11 0.00000e+00
9.66000e+02 1.44413e-11 0.00000e+00
9.67000e+02 1.40484e-11 0.00000e+00
9.68000e+02 1.27879e-11 0.00000e+00
9.69000e+02 1.51572e-11 0.00000e+00
9.70000e+02 1.44299e-11 0.00000e+00
9.71000e+02 1.57214e-11 0.00000e+00
9.72000e+02 1.64118e-11 0.00000e+00
9.73000e+02 1.50370e-11 0.00000e+00
9.74000e+02 1.58755e-11 0.00000e+00
9.75000e+02 1.79010e-11 0.00000e+00
9.76000e+02 1.81577e-11 0.00000e+00
9.77000e+02 1.50324e-11 0.00000e+00
9.78000e+02 2.24385e-11 0.00000e+00
9.79000e+02 1.38177e-11 0.00000e+00
9.80000e+02 1.56263e-11 0.00000e+00
9.81000e+02 1.58806e-11 0.00000e+00
9.82000e+02 1.48784e-11 0.00000e+00
9.83000e+02 1.45978e-11 0.00000e+00
9.84000e+02 1.39258e-11 0.00000e+00
9.85000e+02 1.87203e-11 0.00000e+00
9.86000e+02 1.34017e-11 0.00000e+00
9.87000e+02 1.20126e-11 0.00000e+00
9.88000e+02 1.56785e-11 0.00000e+00
9.89000e+02 9.88622e-12 0.00000e+00
9.90000e+02 1.23233e-11 0.00000e+00
9.91000e+02 1.38245e-11 0.00000e+00
9.92000e+02 1.56325e-11 0.00000e+00
9.93000e+02 1.81309e-11 0.00000e+00
9.94000e+02 1.35536e-11 0.00000e+00
9.95000e+02 1.45427e-11 0.00000e+00
9.96000e+02 1.62641e-11 0.00000e+00
9.97000e+02 1.38344e-11 0.00000e+00
9.98000e+02 1.50001e-11 0.00000e+00
9.99000e+02 1.38976e-11 0.00000e+00
1.00000e+03 1.46428e-11 0.00000e+00
1.00100e+03 1.46659e-11 0.00000e+00
1.00200e+03 1.75868e-11 0.00000e+00
1.00300e+03 1.13867e-11 0.00000e+00
1.00400e+03 1.45871e-11 0.00000e+00
1.00500e+03 1.57153e-11 0.00000e+00
1.00600e+03 1.47364e-11 0.00000e+00
1.00700e+03 1.38374e-11 0.00000e+00
1.00800e+03 1.67109e-11 0.00000e+00
1.00900e+03 1.61532e-11 0.00000e+00
1.01000e+03 1.95479e-11 0.00000e+00
1.01100e+03 1.13798e-11 0.00000e+00
1.01200e+03 1.33986e-11 0.00000e+00
1.01300e+03 1.74510e-11 0.00000e+00
1.01400e+03 1.60653e-11 0.00000e+00
1.01500e+03 1.68650e-11 0.00000e+00
1.01600e+03 1.19217e-11 0.00000e+00
1.01700e+03 1.46588e-11 0.00000e+00
1.01800e+03 1.43788e-11 0.00000e+00
1.01900e+03 1.42477e-11 0.00000e+00
1.02000e+03 1.48639e-11 0.00000e+00
1.02100e+03 1.71338e-11 0.00000e+00
1.02200e+03 1.43500e-11 0.00000e+00
1.02300e+03 1.99236e-11 0.00000e+00
1.02400e+03 1.06113e-11 0.00000e+00
1.02500e+03 1.54902e-11 0.00000e+00
1.02600e+03 1.58121e-11 0.00000e+00
1.02700e+03 1.35194e-11 0.00000e+00
1.02800e+03 1.56836e-11 0.00000e+00
1.02900e+03 1.40024e-11 0.00000e+00
1.03000e+03 1.37703e-11 0.00000e+00
1.03100e+03 1.74902e-11 0.00000e+00
1.03200e+03 1.32242e-11 0.00000e+00
1.03300e+03 1.38398e-11 0.00000e+00
1.03400e+03 1.41183e-11 0.00000e+00
1.03500e+03 1.32729e-11 0.00000e+00
1.03600e+03 1.60271e-11 0.00000e+00
1.03700e+03 1.31495e-11 0.00000e+00
1.03800e+03 1.25513e-11 0.00000e+00
1.03900e+03 1.66200e-11 0.00000e+00
1.04000e+03 1.14510e-11 0.00000e+00
1.04100e+03 1.45188e-11 0.00000e+00
1.04200e+03 1.33403e-11 0.00000e+00
1.04300e+03 1.36067e-11 0.00000e+00
1.04400e+03 1.27611e-11 0.00000e+00
1.04500e+03 1.21783e-11 0.00000e+00
1.04600e+03 1.52361e-11 0.00000e+00
1.04700e+03 1.20817e-11 0.00000e+00
1.04800e+03 1.31847e-11 0.00000e+00
1.04900e+03 1.18409e-11 0.00000e+00
1.05000e+03 1.77804e-11 0.00000e+00
1.05100e+03 1.21374e-11 0.00000e+00
1.05200e+03 1.24704e-11 0.00000e+00
1.05300e+03 1.62505e-11 0.00000e+00
1.05400e+03 1.34699e-11 0.00000e+00
1.05500e+03 1.47818e-11 0.00000e+00
1.05600e+03 1.33699e-11 0.00000e+00
1.05700e+03 1.48599e-11 0.00000e+00
1.05800e+03 1.50270e-11 0.00000e+00
1.05900e+03 1.08604e-11 0.00000e+00
1.06000e+03 1.23489e-11 0.00000e+00
1.06100e+03 1.52701e-11 0.00000e+00
1.06200e+03 1.70634e-11 0.00000e+00
1.06300e+03 1.58946e-11 0.00000e+00
1.06400e+03 1.47628e-11 0.00000e+00
1.06500e+03 1.40540e-11 0.00000e+00
1.06600e+03 1.34631e-11 0.00000e+00
1.06700e+03 1.17322e-11 0.00000e+00
1.06800e+03 1.28962e-11 0.00000e+00
1.06900e+03 1.13788e-11 0.00000e+00
1.07000e+03 1.53493e-11 0.00000e+00
1.07100e+03 1.21949e-11 0.00000e+00
1.07200e+03 1.37237e-11 0.00000e+00
1.07300e+03 1.31835e-11 0.00000e+00
1.07400e+03 1.21706e-11 0.00000e+00
1.07500e+03 1.40601e-11 0.00000e+00
1.07600e+03 1.39145e-11 0.00000e+00
1.07700e+03 1.39338e-11 0.00000e+00
1.07800e+03 1.31881e-11 0.00000e+00
1.07900e+03 1.40510e-11 0.00000e+00
1.08000e+03 1.31388e-11 0.00000e+00
1.08100e+03 1.35790e-11 0.00000e+00
1.08200e+03 1.25199e-11 0.00000e+00
1.08300e+03 1.28512e-11 0.00000e+00
1.08400e+03 1.35137e-11 0.00000e+00
1.08500e+03 1.38238e-11 0.00000e+00
1.08600e+03 1.27961e-11 0.00000e+00
1.08700e+03 1.28751e-11 0.00000e+00
1.08800e+03 1.28491e-11 0.00000e+00
1.08900e+03 1.35260e-11 0.00000e+00
1.09000e+03 1.73422e-11 0.00000e+00
1.09100e+03 1.17356e-11 0.00000e+00
1.09200e+03 1.23002e-11 0.00000e+00
1.09300e+03 1.25262e-11 0.00000e+00
1.09400e+03 1.47489e-11 0.00000e+00
1.09500e+03 1.22205e-11 0.00000e+00
1.09600e+03 1.29218e-11 0.00000e+00
1.09700e+03 1.13501e-11 0.00000e+00
1.09800e+03 1.58835e-11 0.00000e+00
1.09900e+03 1.38655e-11 0.00000e+00
1.10000e+03 1.26882e-11 0.00000e+00
1.10100e+03 1.55037e-11 0.00000e+00
1.10200e+03 1.14031e-11 0.00000e+00
1.10300e+03 1.38608e-11 0.00000e+00
1.10400e+03 1.57241e-11 0.00000e+00
1.10500e+03 1.45749e-11 0.00000e+00
1.10600e+03 1.30153e-11 0.00000e+00
1.10700e+03 1.18304e-11 0.00000e+00
1.10800e+03 1.35310e-11 0.00000e+00
1.10900e+03 1.54138e-11 0.00000e+00
1.11000e+03 1.25236e-11 0.00000e+00
1.11100e+03 1.26278e-11 0.00000e+00
1.11200e+03 1.25479e-11 0.00000e+00
1.11300e+03 1.38237e-11 0.00000e+00
1.11400e+03 1.09795e-11 0.00000e+00
1.11500e+03 1.28374e-11 0.00000e+00
1.11600e+03 1.21647e-11 0.00000e+00
1.11700e+03 1.51412e-11 0.00000e+00
1.11800e+03 1.51050e-11 0.00000e+00
1.11900e+03 1.27622e-11 0.00000e+00
1.12000e+03 1.48586e-11 0.00000e+00
1.12100e+03 1.28713e-11 0.00000e+00
1.12200e+03 1.47654e-11 0.00000e+00
1.12300e+03 1.19490e-11 0.00000e+00
1.12400e+03 1.11948e-11 0.00000e+00
1.12500e+03 1.52109e-11 0.00000e+00
1.12600e+03 1.01672e-11 0.00000e+00
1.12700e+03 1.36675e-11 0.00000e+00
1.12800e+03 1.36798e-11 0.00000e+00
1.12900e+03 1.27979e-11 0.00000e+00
1.13000e+03 1.35575e-11 0.00000e+00
1.13100e+03 1.36455e-11 0.00000e+00
1.13200e+03 1.13460e-11 0.00000e+00
1.13300e+03 1.45659e-11 0.00000e+00
1.13400e+03 1.18375e-11 0.00000e+00
1.13500e+03 1.24812e-11 0.00000e+00
1.13600e+03 1.10950e-11 0.00000e+00
1.13700e+03 1.27368e-11 0.00000e+00
1.13800e+03 1.43427e-11 0.00000e+00
1.13900e+03 1.14453e-11 0.00000e+00
1.14000e+03 1.43884e-11 0.00000e+00
1.14100e+03 1.36051e-11 0.00000e+00
1.14200e+03 1.32573e-11 0.00000e+00
1.14300e+03 1.33277e-11 0.00000e+00
1.14400e+03 1.28813e-11 0.00000e+00
1.14500e+03 1.17185e-11 0.00000e+00
1.14600e+03 1.34247e-11 0.00000e+00
1.14700e+03 1.40241e-11 0.00000e+00
1.14800e+03 1.11357e-11 0.00000e+00
1.14900e+03 1.05301e-11 0.00000e+00
1.15000e+03 1.51388e-11 0.00000e+00
1.15100e+03 1.18594e-11 0.00000e+00
1.15200e+03 1.14272e-11 0.00000e+00
1.15300e+03 1.39862e-11 0.00000e+00
1.15400e+03 1.46506e-11 0.00000e+00
1.15500e+03 1.20459e-11 0.00000e+00
1.15600e+03 1.35566e-11 0.00000e+00
1.15700e+03 1.08952e-11 0.00000e+00
1.15800e+03 1.09073e-11 0.00000e+00
1.15900e+03 1.12750e-11 0.00000e+00
1.16000e+03 1.10605e-11 0.00000e+00
1.16100e+03 1.01670e-11 0.00000e+00
1.16200e+03 1.24738e-11 0.00000e+00
1.16300e+03 1.34389e-11 0.00000e+00
1.16400e+03 1.25313e-11 0.00000e+00
1.16500e+03 1.29433e-11 0.00000e+00
1.16600e+03 1.20077e-11 0.00000e+00
1.16700e+03 1.17667e-11 0.00000e+00
1.16800e+03 1.17166e-11 0.00000e+00
1.16900e+03 1.35681e-11 0.00000e+00
1.17000e+03 1.15394e-11 0.00000e+00
1.17100e+03 1.28340e-11 0.00000e+00
1.17200e+03 1.39376e-11 0.00000e+00
1.17300e+03 1.09504e-11 0.00000e+00
1.17400e+03 1.50271e-11 0.00000e+00
1.17500e+03 1.20955e-11 0.00000e+00
1.17600e+03 1.15824e-11 0.00000e+00
1.17700e+03 1.21020e-11 0.00000e+00
1.17800e+03 1.31734e-11 0.00000e+00
1.17900e+03 1.38050e-11 0.00000e+00
1.18000e+03 1.22646e-11 0.00000e+00
1.18100e+03 1.29169e-11 0.00000e+00
1.18200e+03 1.09195e-11 0.00000e+00
1.18300e+03 1.21536e-11 0.00000e+00
1.18400e+03 1.18469e-11 0.00000e+00
1.18500e+03 1.28595e-11 0.00000e+00
1.18600e+03 1.10795e-11 0.00000e+00
1.18700e+03 1.03920e-11 0.00000e+00
1.18800e+03 1.25534e-11 0.00000e+00
1.18900e+03 1.34785e-11 0.00000e+00
1.19000e+03 1.15865e-11 0.00000e+00
1.19100e+03 1.17195e-11 0.00000e+00
1.19200e+03 1.44133e-11 0.00000e+00
1.19300e+03 9.93662e-12 0.00000e+00
1.19400e+03 1.25683e-11 0.00000e+00
1.19500e+03 8.40777e-12 0.00000e+00
1.19600e+03 9.74949e-12 0.00000e+00
1.19700e+03 1.33432e-11 0.00000e+00
1.19800e+03 1.30221e-11 0.00000e+00
1.19900e+03 1.20259e-11 0.00000e+00
1.20000e+03 9.17072e-12 0.00000e+00
1.20100e+03 1.04967e-11 0.00000e+00
1.20200e+03 9.76627e-12 0.00000e+00
1.20300e+03 1.13178e-11 0.00000e+00
1.20400e+03 1.22142e-11 0.00000e+00
1.20500e+03 1.21059e-11 0.00000e+00
1.20600e+03 1.44600e-11 0.00000e+00
1.20700e+03 8.56342e-12 0.00000e+00
1.20800e+03 1.31831e-11 0.00000e+00
1.20900e+03 1.14934e-11 0.00000e+00
1.21000e+03 1.06801e-11 0.00000e+00
1.21100e+03 1.26522e-11 0.00000e+00
1.21200e+03 1.27324e-11 0.00000e+00
1.21300e+03 1.13479e-11 0.00000e+00
1.21400e+03 9.80912e-12 0.00000e+00
1.21500e+03 1.06047e-11 0.00000e+00
1.21600e+03 1.08958e-11 0.00000e+00
1.21700e+03 9.87540e-12 0.00000e+00
1.21800e+03 1.05501e-11 0.00000e+00
1.21900e+03 1.10567e-11 0.00000e+00
1.22000e+03 1.08003e-11 0.00000e+00
1.22100e+03 1.14275e-11 0.00000e+00
1.22200e+03 1.08377e-11 0.00000e+00
1.22300e+03 9.20849e-12 0.00000e+00
1.22400e+03 1.15717e-11 0.00000e+00
1.22500e+03 1.19114e-11 0.00000e+00
1.22600e+03 9.99530e-12 0.00000e+00
1.22700e+03 1.26001e-11 0.00000e+00
1.22800e+03 1.33749e-11 0.00000e+00
1.22900e+03 1.07280e-11 0.00000e+00
1.23000e+03 1.03620e-11 0.00000e+00
1.23100e+03 1.04412e-11 0.00000e+00
1.23200e+03 1.23321e-11 0.00000e+00
1.23300e+03 1.03644e-11 0.00000e+00
1.23400e+03 1.07580e-11 0.00000e+00
1.23500e+03 1.14065e-11 0.00000e+00
1.23600e+03 1.18611e-11 0.00000e+00
1.23700e+03 1.09589e-11 0.00000e+00
1.23800e+03 1.02997e-11 0.00000e+00
1.23900e+03 1.10177e-11 0.00000e+00
1.24000e+03 1.18315e-11 0.00000e+00
1.24100e+03 1.08569e-11 0.00000e+00
1.24200e+03 8.52787e-12 0.00000e+00
1.24300e+03 1.04952e-11 0.00000e+00
1.24400e+03 1.00444e-11 0.00000e+00
1.24500e+03 1.07275e-11 0.00000e+00
1.24600e+03 1.08076e-11 0.00000e+00
1.24700e+03 1.35066e-11 0.00000e+00
1.24800e+03 8.06389e-12 0.00000e+00
1.24900e+03 1.06654e-11 0.00000e+00
1.25000e+03 9.40884e-12 0.00000e+00
1.25100e+03 1.10849e-11 0.00000e+00
1.25200e+03 1.10116e-11 0.00000e+00
1.25300e+03 1.07111e-11 0.00000e+00
1.25400e+03 1.12738e-11 0.00000e+00
1.25500e+03 9.79398e-12 0.00000e+00
1.25600e+03 1.14113e-11 0.00000e+00
1.25700e+03 8.12947e-12 0.00000e+00
1.25800e+03 1.22365e-11 0.00000e+00
1.25900e+03 1.22528e-11 0.00000e+00
1.26000e+03 1.04937e-11 0.00000e+00
1.26100e+03 1.13868e-11 0.00000e+00
1.26200e+03 9.63922e-12 0.00000e+00
1.26300e+03 9.27779e-12 0.00000e+00
1.26400e+03 1.11897e-11 0.00000e+00
1.26500e+03 9.59454e-12 0.00000e+00
1.26600e+03 1.09913e-11 0.00000e+00
1.26700e+03 1.05010e-11 0.00000e+00
1.26800e+03 1.24574e-11 0.00000e+00
1.26900e+03 1.05235e-11 0.00000e+00
1.27000e+03 9.58206e-12 0.00000e+00
1.27100e+03 1.13269e-11 0.00000e+00
1.27200e+03 1.33534e-11 0.00000e+00
1.27300e+03 9.51847e-12 0.00000e+00
1.27400e+03 9.14857e-12 0.00000e+00
1.27500e+03 9.39675e-12 0.00000e+00
1.27600e+03 1.13006e-11 0.00000e+00
1.27700e+03 1.25153e-11 0.00000e+00
1.27800e+03 1.11734e-11 0.00000e+00
1.27900e+03 1.11855e-11 0.00000e+00
1.28000e+03 1.19017e-11 0.00000e+00
1.28100e+03 1.05765e-11 0.00000e+00
1.28200e+03 9.17883e-12 0.00000e+00
1.28300e+03 9.12209e-12 0.00000e+00
1.28400e+03 1.05115e-11 0.00000e+00
1.28500e+03 8.33005e-12 0.00000e+00
1.28600e+03 1.04978e-11 0.00000e+00
1.28700e+03 9.00720e-12 0.00000e+00
1.28800e+03 1.11959e-11 0.00000e+00
1.28900e+03 1.04365e-11 0.00000e+00
1.29000e+03 8.88671e-12 0.00000e+00
1.29100e+03 9.65329e-12 0.00000e+00
1.29200e+03 1.15414e-11 0.00000e+00
1.29300e+03 1.14234e-11 0.00000e+00
1.29400e+03 1.15163e-11 0.00000e+00
1.29500e+03 1.05258e-11 0.00000e+00
1.29600e+03 9.95308e-12 0.00000e+00
1.29700e+03 8.98285e-12 0.00000e+00
1.29800e+03 7.49710e-12 0.00000e+00
1.29900e+03 1.05076e-11 0.00000e+00
1.30000e+03 1.12929e-11 0.00000e+00
1.30100e+03 8.34873e-12 0.00000e+00
1.30200e+03 1.11910e-11 0.00000e+00
1.30300e+03 1.17310e-11 0.00000e+00
1.30400e+03 1.12921e-11 0.00000e+00
1.30500e+03 8.76852e-12 0.00000e+00
1.30600e+03 1.12563e-11 0.00000e+00
1.30700e+03 9.46179e-12 0.00000e+00
1.30800e+03 9.09577e-12 0.00000e+00
1.30900e+03 1.04621e-11 0.00000e+00
1.31000e+03 9.26205e-12 0.00000e+00
1.31100e+03 1.00912e-11 0.00000e+00
1.31200e+03 9.84707e-12 0.00000e+00
1.31300e+03 1.06115e-11 0.00000e+00
1.31400e+03 8.21718e-12 0.00000e+00
1.31500e+03 1.12312e-11 0.00000e+00
1.31600e+03 8.87304e-12 0.00000e+00
1.31700e+03 9.60172e-12 0.00000e+00
1.31800e+03 1.12017e-11 0.00000e+00
1.31900e+03 9.39795e-12 0.00000e+00
1.32000e+03 1.02559e-11 0.00000e+00
1.32100e+03 9.39179e-12 0.00000e+00
1.32200e+03 9.64284e-12 0.00000e+00
1.32300e+03 9.80398e-12 0.00000e+00
1.32400e+03 9.74139e-12 0.00000e+00
1.32500e+03 1.02210e-11 0.00000e+00
1.32600e+03 8.72830e-12 0.00000e+00
1.32700e+03 7.78086e-12 0.00000e+00
1.32800e+03 1.02739e-11 0.00000e+00
1.32900e+03 8.94796e-12 0.00000e+00
1.33000e+03 9.12531e-12 0.00000e+00
1.33100e+03 9.93492e-12 0.00000e+00
1.33200e+03 1.19627e-11 0.00000e+00
1.33300e+03 9.66980e-12 0.00000e+00
1.33400e+03 9.53218e-12 0.00000e+00
1.33500e+03 9.72572e-12 0.00000e+00
1.33600e+03 9.15894e-12 0.00000e+00
1.33700e+03 9.17391e-12 0.00000e+00
1.33800e+03 9.77457e-12 0.00000e+00
1.33900e+03 9.48976e-12 0.00000e+00
1.34000e+03 8.65225e-12 0.00000e+00
1.34100e+03 1.04502e-11 0.00000e+00
1.34200e+03 1.04243e-11 0.00000e+00
1.34300e+03 1.07103e-11 0.00000e+00
1.34400e+03 1.06814e-11 0.00000e+00
1.34500e+03 9.10300e-12 0.00000e+00
1.34600e+03 9.53905e-12 0.00000e+00
1.34700e+03 8.70725e-12 0.00000e+00
1.34800e+03 1.15454e-11 0.00000e+00
1.34900e+03 9.35197e-12 0.00000e+00
1.35000e+03 1.03634e-11 0.00000e+00
1.35100e+03 1.09618e-11 0.00000e+00
1.35200e+03 1.11352e-11 0.00000e+00
1.35300e+03 7.97672e-12 0.00000e+00
1.35400e+03 9.55490e-12 0.00000e+00
1.35500e+03 9.59365e-12 0.00000e+00
1.35600e+03 8.87456e-12 0.00000e+00
1.35700e+03 9.50442e-12 0.00000e+00
1.35800e+03 1.03196e-11 0.00000e+00
1.35900e+03 1.08506e-11 0.00000e+00
1.36000e+03 9.65864e-12 0.00000e+00
1.36100e+03 1.06347e-11 0.00000e+00
1.36200e+03 1.05666e-11 0.00000e+00
1.36300e+03 9.87551e-12 0.00000e+00
1.36400e+03 9.46317e-12 0.00000e+00
1.36500e+03 9.14794e-12 0.00000e+00
1.36600e+03 8.21511e-12 0.00000e+00
1.36700e+03 8.91782e-12 0.00000e+00
1.36800e+03 8.33240e-12 0.00000e+00
1.36900e+03 7.71013e-12 0.00000e+00
1.37000e+03 9.08255e-12 0.00000e+00
1.37100e+03 8.81380e-12 0.00000e+00
1.37200e+03 9.49677e-12 0.00000e+00
1.37300e+03 9.04281e-12 0.00000e+00
1.37400e+03 7.58827e-12 0.00000e+00
1.37500e+03 9.35169e-12 0.00000e+00
1.37600e+03 9.45484e-12 0.00000e+00
1.37700e+03 8.89421e-12 0.00000e+00
1.37800e+03 1.02043e-11 0.00000e+00
1.37900e+03 1.18260e-11 0.00000e+00
1.38000e+03 9.38929e-12 0.00000e+00
1.38100e+03 1.14417e-11 0.00000e+00
1.38200e+03 1.09959e-11 0.00000e+00
1.38300e+03 9.50067e-12 0.00000e+00
1.38400e+03 8.14725e-12 0.00000e+00
1.38500e+03 9.28935e-12 0.00000e+00
1.38600e+03 1.04489e-11 0.00000e+00
1.38700e+03 9.97977e-12 0.00000e+00
1.38800e+03 7.87802e-12 0.00000e+00
1.38900e+03 8.93772e-12 0.00000e+00
1.39000e+03 9.32773e-12 0.00000e+00
1.39100e+03 8.31232e-12 0.00000e+00
1.39200e+03 8.13744e-12 0.00000e+00
1.39300e+03 1.02440e-11 0.00000e+00
1.39400e+03 1.02057e-11 0.00000e+00
1.39500e+03 9.68023e-12 0.00000e+00
1.39600e+03 1.03599e-11 0.00000e+00
1.39700e+03 8.88915e-12 0.00000e+00
1.39800e+03 1.01813e-11 0.00000e+00
1.39900e+03 9.99853e-12 0.00000e+00
1.40000e+03 1.15336e-11 0.00000e+00
1.40100e+03 8.50403e-12 0.00000e+00
1.40200e+03 8.29400e-12 0.00000e+00
1.40300e+03 1.02430e-11 0.00000e+00
1.40400e+03 6.95656e-12 0.00000e+00
1.40500e+03 8.13502e-12 0.00000e+00
1.40600e+03 8.11552e-12 0.00000e+00
1.40700e+03 9.20727e-12 0.00000e+00
1.40800e+03 9.94162e-12 0.00000e+00
1.40900e+03 9.12892e-12 0.00000e+00
1.41000e+03 7.80202e-12 0.00000e+00
1.41100e+03 8.73486e-12 0.00000e+00
1.41200e+03 7.29673e-12 0.00000e+00
1.41300e+03 8.89429e-12 0.00000e+00
1.41400e+03 8.88913e-12 0.00000e+00
1.41500e+03 1.02882e-11 0.00000e+00
1.41600e+03 9.27770e-12 0.00000e+00
1.41700e+03 8.01472e-12 0.00000e+00
1.41800e+03 8.00290e-12 0.00000e+00
1.41900e+03 9.38422e-12 0.00000e+00
1.42000e+03 8.12746e-12 0.00000e+00
1.42100e+03 8.11363e-12 0.00000e+00
1.42200e+03 9.93850e-12 0.00000e+00
1.42300e+03 7.18790e-12 0.00000e+00
1.42400e+03 8.02822e-12 0.00000e+00
1.42500e+03 8.86612e-12 0.00000e+00
1.42600e+03 7.83805e-12 0.00000e+00
1.42700e+03 7.65048e-12 0.00000e+00
1.42800e+03 8.13051e-12 0.00000e+00
1.42900e+03 8.42576e-12 0.00000e+00
1.43000e+03 8.87641e-12 0.00000e+00
1.43100e+03 7.32930e-12 0.00000e+00
1.43200e+03 8.03265e-12 0.00000e+00
1.43300e+03 8.91985e-12 0.00000e+00
1.43400e+03 9.27501e-12 0.00000e+00
1.43500e+03 7.64407e-12 0.00000e+00
1.43600e+03 8.38045e-12 0.00000e+00
1.43700e+03 8.79475e-12 0.00000e+00
1.43800e+03 9.09371e-12 0.00000e+00
1.43900e+03 8.50827e-12 0.00000e+00
1.44000e+03 8.60988e-12 0.00000e+00
1.44100e+03 8.14997e-12 0.00000e+00
1.44200e+03 9.52513e-12 0.00000e+00
1.44300e+03 8.44391e-12 0.00000e+00
1.44400e+03 9.92942e-12 0.00000e+00
1.44500e+03 8.63537e-12 0.00000e+00
1.44600e+03 7.17671e-12 0.00000e+00
1.44700e+03 8.19198e-12 0.00000e+00
1.44800e+03 1.01945e-11 0.00000e+00
1.44900e+03 7.11788e-12 0.00000e+00
1.45000e+03 9.91822e-12 0.00000e+00
1.45100e+03 9.12468e-12 0.00000e+00
1.45200e+03 8.65285e-12 0.00000e+00
1.45300e+03 8.55397e-12 0.00000e+00
1.45400e+03 8.29683e-12 0.00000e+00
1.45500e+03 9.45335e-12 0.00000e+00
1.45600e+03 8.46090e-12 0.00000e+00
1.45700e+03 8.04735e-12 0.00000e+00
1.45800e+03 8.41548e-12 0.00000e+00
1.45900e+03 8.53718e-12 0.00000e+00
1.46000e+03 7.60892e-12 0.00000e+00
1.46100e+03 8.02573e-12 0.00000e+00
1.46200e+03 8.25084e-12 0.00000e+00
1.46300e+03 8.12620e-12 0.00000e+00
1.46400e+03 7.29551e-12 0.00000e+00
1.46500e+03 8.73180e-12 0.00000e+00
1.46600e+03 8.14030e-12 0.00000e+00
1.46700e+03 8.12083e-12 0.00000e+00
1.46800e+03 8.69789e-12 0.00000e+00
1.46900e+03 8.41228e-12 0.00000e+00
1.47000e+03 6.91038e-12 0.00000e+00
1.47100e+03 6.92550e-12 0.00000e+00
1.47200e+03 9.01013e-12 0.00000e+00
1.47300e+03 7.59868e-12 0.00000e+00
1.47400e+03 8.52129e-12 0.00000e+00
1.47500e+03 8.61824e-12 0.00000e+00
1.47600e+03 9.89144e-12 0.00000e+00
1.47700e+03 7.46283e-12 0.00000e+00
1.47800e+03 8.32857e-12 0.00000e+00
1.47900e+03 8.10275e-12 0.00000e+00
1.48000e+03 8.34524e-12 0.00000e+00
1.48100e+03 7.93386e-12 0.00000e+00
1.48200e+03 9.18122e-12 0.00000e+00
1.48300e+03 9.80391e-12 0.00000e+00
1.48400e+03 6.72830e-12 0.00000e+00
1.48500e+03 6.59849e-12 0.00000e+00
1.48600e+03 8.22541e-12 0.00000e+00
1.48700e+03 7.83790e-12 0.00000e+00
1.48800e+03 7.10468e-12 0.00000e+00
1.48900e+03 8.73427e-12 0.00000e+00
1.49000e+03 7.75112e-12 0.00000e+00
1.49100e+03 7.15460e-12 0.00000e+00
1.49200e+03 7.80810e-12 0.00000e+00
1.49300e+03 8.50788e-12 0.00000e+00
1.49400e+03 6.80674e-12 0.00000e+00
1.49500e+03 8.13723e-12 0.00000e+00
1.49600e+03 6.56793e-12 0.00000e+00
1.49700e+03 6.17281e-12 0.00000e+00
1.49800e+03 8.84668e-12 0.00000e+00
1.49900e+03 7.58353e-12 0.00000e+00
1.50000e+03 8.31755e-12 0.00000e+00
1.50100e+03 7.71514e-12 0.00000e+00
1.50200e+03 7.63544e-12 0.00000e+00
1.50300e+03 7.73234e-12 0.00000e+00
1.50400e+03 7.39671e-12 0.00000e+00
1.50500e+03 7.14469e-12 0.00000e+00
1.50600e+03 9.17539e-12 0.00000e+00
1.50700e+03 7.80865e-12 0.00000e+00
1.50800e+03 7.53951e-12 0.00000e+00
1.50900e+03 7.38828e-12 0.00000e+00
1.51000e+03 8.19996e-12 0.00000e+00
1.51100e+03 6.00167e-12 0.00000e+00
1.51200e+03 7.67369e-12 0.00000e+00
1.51300e+03 8.04351e-12 0.00000e+00
1.51400e+03 7.27315e-12 0.00000e+00
1.51500e+03 8.11747e-12 0.00000e+00
1.51600e+03 6.48555e-12 0.00000e+00
1.51700e+03 7.76106e-12 0.00000e+00
1.51800e+03 7.81733e-12 0.00000e+00
1.51900e+03 6.37517e-12 0.00000e+00
1.52000e+03 9.12603e-12 0.00000e+00
1.52100e+03 7.25502e-12 0.00000e+00
1.52200e+03 7.54109e-12 0.00000e+00
1.52300e+03 7.87300e-12 0.00000e+00
1.52400e+03 6.94919e-12 0.00000e+00
1.52500e+03 8.22157e-12 0.00000e+00
1.52600e+03 7.42932e-12 0.00000e+00
1.52700e+03 8.34226e-12 0.00000e+00
1.52800e+03 7.96350e-12 0.00000e+00
1.52900e+03 6.79520e-12 0.00000e+00
1.53000e+03 8.61573e-12 0.00000e+00
1.53100e+03 7.08230e-12 0.00000e+00
1.53200e+03 5.88256e-12 0.00000e+00
1.53300e+03 9.28412e-12 0.00000e+00
1.53400e+03 6.58089e-12 0.00000e+00
1.53500e+03 7.96403e-12 0.00000e+00
1.53600e+03 5.85813e-12 0.00000e+00
1.53700e+03 6.69752e-12 0.00000e+00
1.53800e+03 8.11040e-12 0.00000e+00
1.53900e+03 7.79309e-12 0.00000e+00
1.54000e+03 7.98746e-12 0.00000e+00
1.54100e+03 7.24553e-12 0.00000e+00
1.54200e+03 8.85174e-12 0.00000e+00
1.54300e+03 7.25700e-12 0.00000e+00
1.54400e+03 7.53758e-12 0.00000e+00
1.54500e+03 6.57160e-12 0.00000e+00
1.54600e+03 6.55527e-12 0.00000e+00
1.54700e+03 7.47712e-12 0.00000e+00
1.54800e+03 8.41200e-12 0.00000e+00
1.54900e+03 5.87472e-12 0.00000e+00
1.55000e+03 6.51985e-12 0.00000e+00
1.55100e+03 8.56186e-12 0.00000e+00
1.55200e+03 7.36102e-12 0.00000e+00
1.55300e+03 6.67568e-12 0.00000e+00
1.55400e+03 7.18992e-12 0.00000e+00
1.55500e+03 7.73750e-12 0.00000e+00
1.55600e+03 6.87456e-12 0.00000e+00
1.55700e+03 6.17220e-12 0.00000e+00
1.55800e+03 6.88940e-12 0.00000e+00
1.55900e+03 8.40927e-12 0.00000e+00
1.56000e+03 7.10763e-12 0.00000e+00
1.56100e+03 6.46072e-12 0.00000e+00
1.56200e+03 7.21023e-12 0.00000e+00
1.56300e+03 8.27890e-12 0.00000e+00
1.56400e+03 5.68275e-12 0.00000e+00
1.56500e+03 8.15319e-12 0.00000e+00
1.56600e+03 7.07148e-12 0.00000e+00
1.56700e+03 6.96133e-12 0.00000e+00
1.56800e+03 7.36634e-12 0.00000e+00
1.56900e+03 6.48545e-12 0.00000e+00
1.57000e+03 6.89599e-12 0.00000e+00
1.57100e+03 6.60697e-12 0.00000e+00
1.57200e+03 7.36616e-12 0.00000e+00
1.57300e+03 6.84444e-12 0.00000e+00
1.57400e+03 7.18789e-12 0.00000e+00
1.57500e+03 7.98143e-12 0.00000e+00
1.57600e+03 6.85715e-12 0.00000e+00
1.57700e+03 4.86485e-12 0.00000e+00
1.57800e+03 7.37921e-12 0.00000e+00
1.57900e+03 6.85595e-12 0.00000e+00
1.58000e+03 6.89852e-12 0.00000e+00
1.58100e+03 7.31553e-12 0.00000e+00
1.58200e+03 7.98254e-12 0.00000e+00
1.58300e+03 7.20960e-12 0.00000e+00
1.58400e+03 7.19117e-12 0.00000e+00
1.58500e+03 7.12805e-12 0.00000e+00
1.58600e+03 8.03490e-12 0.00000e+00
1.58700e+03 6.64995e-12 0.00000e+00
1.58800e+03 7.59930e-12 0.00000e+00
1.58900e+03 7.00237e-12 0.00000e+00
1.59000e+03 6.95603e-12 0.00000e+00
1.59100e+03 5.91795e-12 0.00000e+00
1.59200e+03 7.27374e-12 0.00000e+00
1.59300e+03 6.93251e-12 0.00000e+00
1.59400e+03 6.20569e-12 0.00000e+00
1.59500e+03 6.45169e-12 0.00000e+00
1.59600e+03 7.09188e-12 0.00000e+00
1.59700e+03 6.33121e-12 0.00000e+00
1.59800e+03 7.42091e-12 0.00000e+00
1.59900e+03 6.24093e-12 0.00000e+00
1.60000e+03 8.18239e-12 0.00000e+00
1.60100e+03 5.95235e-12 0.00000e+00
1.60200e+03 7.61634e-12 0.00000e+00
1.60300e+03 6.90531e-12 0.00000e+00
1.60400e+03 6.17877e-12 0.00000e+00
1.60500e+03 6.45555e-12 0.00000e+00
1.60600e+03 6.71924e-12 0.00000e+00
1.60700e+03 7.12918e-12 0.00000e+00
1.60800e+03 7.60128e-12 0.00000e+00
1.60900e+03 8.06857e-12 0.00000e+00
1.61000e+03 7.20655e-12 0.00000e+00
1.61100e+03 6.58132e-12 0.00000e+00
1.61200e+03 5.65948e-12 0.00000e+00
1.61300e+03 6.77452e-12 0.00000e+00
1.61400e+03 5.93421e-12 0.00000e+00
1.61500e+03 5.63866e-12 0.00000e+00
1.61600e+03 7.79644e-12 0.00000e+00
1.61700e+03 8.14485e-12 0.00000e+00
1.61800e+03 7.38392e-12 0.00000e+00
1.61900e+03 5.53930e-12 0.00000e+00
1.62000e+03 7.19864e-12 0.00000e+00
1.62100e+03 6.85915e-12 0.00000e+00
1.62200e+03 7.21786e-12 0.00000e+00
1.62300e+03 6.89508e-12 0.00000e+00
1.62400e+03 6.72817e-12 0.00000e+00
1.62500e+03 7.40464e-12 0.00000e+00
1.62600e+03 6.48295e-12 0.00000e+00
1.62700e+03 7.14905e-12 0.00000e+00
1.62800e+03 7.99782e-12 0.00000e+00
1.62900e+03 6.84447e-12 0.00000e+00
1.63000e+03 7.12420e-12 0.00000e+00
1.63100e+03 7.72131e-12 0.00000e+00
1.63200e+03 6.71929e-12 0.00000e+00
1.63300e+03 6.88749e-12 0.00000e+00
1.63400e+03 5.89385e-12 0.00000e+00
1.63500e+03 7.22955e-12 0.00000e+00
1.63600e+03 5.31836e-12 0.00000e+00
1.63700e+03 8.02175e-12 0.00000e+00
1.63800e+03 7.04264e-12 0.00000e+00
1.63900e+03 7.05078e-12 0.00000e+00
1.64000e+03 7.05305e-12 0.00000e+00
1.64100e+03 6.12630e-12 0.00000e+00
1.64200e+03 7.78658e-12 0.00000e+00
1.64300e+03 6.43166e-12 0.00000e+00
1.64400e+03 6.97094e-12 0.00000e+00
1.64500e+03 7.25814e-12 0.00000e+00
1.64600e+03 6.38660e-12 0.00000e+00
1.64700e+03 6.75325e-12 0.00000e+00
1.64800e+03 7.31058e-12 0.00000e+00
1.64900e+03 6.31616e-12 0.00000e+00
1.65000e+03 6.94622e-12 0.00000e+00
1.65100e+03 6.57878e-12 0.00000e+00
1.65200e+03 6.04107e-12 0.00000e+00
1.65300e+03 6.84344e-12 0.00000e+00
1.65400e+03 7.05291e-12 0.00000e+00
1.65500e+03 6.05938e-12 0.00000e+00
1.65600e+03 6.79349e-12 0.00000e+00
1.65700e+03 7.80814e-12 0.00000e+00
1.65800e+03 6.19860e-12 0.00000e+00
1.65900e+03 5.30602e-12 0.00000e+00
1.66000e+03 6.22037e-12 0.00000e+00
1.66100e+03 4.92504e-12 0.00000e+00
1.66200e+03 5.62157e-12 0.00000e+00
1.66300e+03 6.13920e-12 0.00000e+00
1.66400e+03 5.19463e-12 0.00000e+00
1.66500e+03 6.76132e-12 0.00000e+00
1.66600e+03 6.80499e-12 0.00000e+00
1.66700e+03 4.96273e-12 0.00000e+00
1.66800e+03 6.37573e-12 0.00000e+00
1.66900e+03 5.30374e-12 0.00000e+00
1.67000e+03 7.35571e-12 0.00000e+00
1.67100e+03 5.80375e-12 0.00000e+00
1.67200e+03 5.46073e-12 0.00000e+00
1.67300e+03 6.32360e-12 0.00000e+00
1.67400e+03 6.71128e-12 0.00000e+00
1.67500e+03 7.14660e-12 0.00000e+00
1.67600e+03 5.88395e-12 0.00000e+00
1.67700e+03 6.69375e-12 0.00000e+00
1.67800e+03 7.15387e-12 0.00000e+00
1.67900e+03 6.24234e-12 0.00000e+00
1.68000e+03 6.36942e-12 0.00000e+00
1.68100e+03 5.57545e-12 0.00000e+00
1.68200e+03 6.54017e-12 0.00000e+00
1.68300e+03 5.97052e-12 0.00000e+00
1.68400e+03 6.85839e-12 0.00000e+00
1.68500e+03 5.24710e-12 0.00000e+00
1.68600e+03 6.19889e-12 0.00000e+00
1.68700e+03 6.25851e-12 0.00000e+00
1.68800e+03 6.07594e-12 0.00000e+00
1.68900e+03 6.71463e-12 0.00000e+00
1.69000e+03 4.81603e-12 0.00000e+00
1.69100e+03 6.22003e-12 0.00000e+00
1.69200e+03 7.21090e-12 0.00000e+00
1.69300e+03 6.15364e-12 0.00000e+00
1.69400e+03 5.31641e-12 0.00000e+00
1.69500e+03 6.54261e-12 0.00000e+00
1.69600e+03 5.85086e-12 0.00000e+00
1.69700e+03 5.99420e-12 0.00000e+00
1.69800e+03 5.63055e-12 0.00000e+00
1.69900e+03 5.84194e-12 0.00000e+00
1.70000e+03 5.57587e-12 0.00000e+00
1.70100e+03 6.18766e-12 0.00000e+00
1.70200e+03 6.46385e-12 0.00000e+00
1.70300e+03 6.40259e-12 0.00000e+00
1.70400e+03 6.59793e-12 0.00000e+00
1.70500e+03 5.37315e-12 0.00000e+00
1.70600e+03 5.14096e-12 0.00000e+00
1.70700e+03 7.34152e-12 0.00000e+00
1.70800e+03 5.81360e-12 0.00000e+00
1.70900e+03 4.75256e-12 0.00000e+00
1.71000e+03 4.66457e-12 0.00000e+00
1.71100e+03 5.98890e-12 0.00000e+00
1.71200e+03 5.47293e-12 0.00000e+00
1.71300e+03 6.24068e-12 0.00000e+00
1.71400e+03 5.05525e-12 0.00000e+00
1.71500e+03 5.08941e-12 0.00000e+00
1.71600e+03 7.14955e-12 0.00000e+00
1.71700e+03 6.66557e-12 0.00000e+00
1.71800e+03 6.30849e-12 0.00000e+00
1.71900e+03 5.26275e-12 0.00000e+00
1.72000e+03 4.92983e-12 0.00000e+00
1.72100e+03 5.73975e-12 0.00000e+00
1.72200e+03 6.49239e-12 0.00000e+00
1.72300e+03 6.05309e-12 0.00000e+00
1.72400e+03 5.79458e-12 0.00000e+00
1.72500e+03 5.32492e-12 0.00000e+00
1.72600e+03 5.60141e-12 0.00000e+00
1.72700e+03 6.11230e-12 0.00000e+00
1.72800e+03 5.73424e-12 0.00000e+00
1.72900e+03 6.29697e-12 0.00000e+00
1.73000e+03 5.31128e-12 0.00000e+00
1.73100e+03 4.44809e-12 0.00000e+00
1.73200e+03 5.73073e-12 0.00000e+00
1.73300e+03 5.56131e-12 0.00000e+00
1.73400e+03 5.59574e-12 0.00000e+00
1.73500e+03 6.50226e-12 0.00000e+00
1.73600e+03 5.33858e-12 0.00000e+00
1.73700e+03 6.03679e-12 0.00000e+00
1.73800e+03 6.27011e-12 0.00000e+00
1.73900e+03 5.39233e-12 0.00000e+00
1.74000e+03 5.73798e-12 0.00000e+00
1.74100e+03 5.23700e-12 0.00000e+00
1.74200e+03 4.75122e-12 0.00000e+00
1.74300e+03 4.91439e-12 0.00000e+00
1.74400e+03 6.04247e-12 0.00000e+00
1.74500e+03 5.86355e-12 0.00000e+00
1.74600e+03 6.23620e-12 0.00000e+00
1.74700e+03 5.35183e-12 0.00000e+00
1.74800e+03 6.11900e-12 0.00000e+00
1.74900e+03 5.46261e-12 0.00000e+00
1.75000e+03 4.71549e-12 0.00000e+00
1.75100e+03 4.79237e-12 0.00000e+00
1.75200e+03 7.04149e-12 0.00000e+00
1.75300e+03 6.74290e-12 0.00000e+00
1.75400e+03 5.86639e-12 0.00000e+00
1.75500e+03 6.16192e-12 0.00000e+00
1.75600e+03 5.95422e-12 0.00000e+00
1.75700e+03 5.83061e-12 0.00000e+00
1.75800e+03 5.85657e-12 0.00000e+00
1.75900e+03 5.32703e-12 0.00000e+00
1.76000e+03 5.20652e-12 0.00000e+00
1.76100e+03 6.93667e-12 0.00000e+00
1.76200e+03 5.82218e-12 0.00000e+00
1.76300e+03 4.92037e-12 0.00000e+00
1.76400e+03 4.96555e-12 0.00000e+00
1.76500e+03 5.80824e-12 0.00000e+00
1.76600e+03 5.48213e-12 0.00000e+00
1.76700e+03 5.72622e-12 0.00000e+00
1.76800e+03 5.11514e-12 0.00000e+00
1.76900e+03 5.05183e-12 0.00000e+00
1.77000e+03 4.54137e-12 0.00000e+00
1.77100e+03 5.02286e-12 0.00000e+00
1.77200e+03 5.47304e-12 0.00000e+00
1.77300e+03 6.62470e-12 0.00000e+00
1.77400e+03 5.32382e-12 0.00000e+00
1.77500e+03 4.97051e-12 0.00000e+00
1.77600e+03 5.96459e-12 0.00000e+00
1.77700e+03 5.78705e-12 0.00000e+00
1.77800e+03 5.72984e-12 0.00000e+00
1.77900e+03 5.71763e-12 0.00000e+00
1.78000e+03 5.33557e-12 0.00000e+00
1.78100e+03 4.50817e-12 0.00000e+00
1.78200e+03 5.10972e-12 0.00000e+00
1.78300e+03 5.69167e-12 0.00000e+00
1.78400e+03 5.85507e-12 0.00000e+00
1.78500e+03 5.97956e-12 0.00000e+00
1.78600e+03 6.30505e-12 0.00000e+00
1.78700e+03 4.65597e-12 0.00000e+00
1.78800e+03 5.74489e-12 0.00000e+00
1.78900e+03 5.12166e-12 0.00000e+00
1.79000e+03 4.15522e-12 0.00000e+00
1.79100e+03 4.66465e-12 0.00000e+00
1.79200e+03 5.24302e-12 0.00000e+00
1.79300e+03 4.77903e-12 0.00000e+00
1.79400e+03 5.00035e-12 0.00000e+00
1.79500e+03 5.14177e-12 0.00000e+00
1.79600e+03 4.78149e-12 0.00000e+00
1.79700e+03 4.84567e-12 0.00000e+00
1.79800e+03 5.45305e-12 0.00000e+00
1.79900e+03 5.05215e-12 0.00000e+00
1.80000e+03 4.49163e-12 0.00000e+00
1.80100e+03 4.59101e-12 0.00000e+00
1.80200e+03 4.97732e-12 0.00000e+00
1.80300e+03 4.63939e-12 0.00000e+00
1.80400e+03 4.64062e-12 0.00000e+00
1.80500e+03 4.75609e-12 0.00000e+00
1.80600e+03 4.98459e-12 0.00000e+00
1.80700e+03 5.44546e-12 0.00000e+00
1.80800e+03 4.62962e-12 0.00000e+00
1.80900e+03 3.89304e-12 0.00000e+00
1.81000e+03 4.93160e-12 0.00000e+00
1.81100e+03 5.13584e-12 0.00000e+00
1.81200e+03 5.15199e-12 0.00000e+00
1.81300e+03 4.40071e-12 0.00000e+00
1.81400e+03 5.35994e-12 0.00000e+00
1.81500e+03 4.86948e-12 0.00000e+00
1.81600e+03 4.74857e-12 0.00000e+00
1.81700e+03 5.81832e-12 0.00000e+00
1.81800e+03 5.11976e-12 0.00000e+00
1.81900e+03 4.50685e-12 0.00000e+00
1.82000e+03 5.22592e-12 0.00000e+00
1.82100e+03 5.69888e-12 0.00000e+00
1.82200e+03 5.23473e-12 0.00000e+00
1.82300e+03 4.83900e-12 0.00000e+00
1.82400e+03 4.49357e-12 0.00000e+00
1.82500e+03 5.39716e-12 0.00000e+00
1.82600e+03 4.56719e-12 0.00000e+00
1.82700e+03 4.80603e-12 0.00000e+00
1.82800e+03 5.18818e-12 0.00000e+00
1.82900e+03 5.08819e-12 0.00000e+00
1.83000e+03 5.20475e-12 0.00000e+00
1.83100e+03 4.45819e-12 0.00000e+00
1.83200e+03 4.18669e-12 0.00000e+00
1.83300e+03 5.50152e-12 0.00000e+00
1.83400e+03 5.59614e-12 0.00000e+00
1.83500e+03 4.93457e-12 0.00000e+00
1.83600e+03 5.49208e-12 0.00000e+00
1.83700e+03 5.42827e-12 0.00000e+00
1.83800e+03 4.56871e-12 0.00000e+00
1.83900e+03 4.73845e-12 0.00000e+00
1.84000e+03 4.32253e-12 0.00000e+00
1.84100e+03 5.63029e-12 0.00000e+00
1.84200e+03 4.32668e-12 0.00000e+00
1.84300e+03 5.15393e-12 0.00000e+00
1.84400e+03 4.66036e-12 0.00000e+00
1.84500e+03 4.45678e-12 0.00000e+00
1.84600e+03 4.11054e-12 0.00000e+00
1.84700e+03 5.27935e-12 0.00000e+00
1.84800e+03 5.09203e-12 0.00000e+00
1.84900e+03 5.23441e-12 0.00000e+00
1.85000e+03 4.36460e-12 0.00000e+00
1.85100e+03 4.11480e-12 0.00000e+00
1.85200e+03 4.17601e-12 0.00000e+00
1.85300e+03 5.15857e-12 0.00000e+00
1.85400e+03 4.40694e-12 0.00000e+00
1.85500e+03 5.43331e-12 0.00000e+00
1.85600e+03 4.81329e-12 0.00000e+00
1.85700e+03 3.75361e-12 0.00000e+00
1.85800e+03 4.02804e-12 0.00000e+00
1.85900e+03 5.61691e-12 0.00000e+00
1.86000e+03 4.45924e-12 0.00000e+00
1.86100e+03 4.80173e-12 0.00000e+00
1.86200e+03 5.03634e-12 0.00000e+00
1.86300e+03 4.78980e-12 0.00000e+00
1.86400e+03 5.68310e-12 0.00000e+00
1.86500e+03 4.71080e-12 0.00000e+00
1.86600e+03 5.23473e-12 0.00000e+00
1.86700e+03 5.08805e-12 0.00000e+00
1.86800e+03 4.63408e-12 0.00000e+00
1.86900e+03 4.34057e-12 0.00000e+00
1.87000e+03 4.53887e-12 0.00000e+00
1.87100e+03 4.25992e-12 0.00000e+00
1.87200e+03 4.15055e-12 0.00000e+00
1.87300e+03 4.94415e-12 0.00000e+00
1.87400e+03 4.88073e-12 0.00000e+00
1.87500e+03 4.49595e-12 0.00000e+00
1.87600e+03 4.07821e-12 0.00000e+00
1.87700e+03 4.74226e-12 0.00000e+00
1.87800e+03 5.15014e-12 0.00000e+00
1.87900e+03 4.11947e-12 0.00000e+00
1.88000e+03 4.57556e-12 0.00000e+00
1.88100e+03 4.82097e-12 0.00000e+00
1.88200e+03 5.51068e-12 0.00000e+00
1.88300e+03 5.67775e-12 0.00000e+00
1.88400e+03 4.71676e-12 0.00000e+00
1.88500e+03 4.82288e-12 0.00000e+00
1.88600e+03 4.13515e-12 0.00000e+00
1.88700e+03 4.91691e-12 0.00000e+00
1.88800e+03 4.46458e-12 0.00000e+00
1.88900e+03 5.17142e-12 0.00000e+00
1.89000e+03 4.45759e-12 0.00000e+00
1.89100e+03 4.25414e-12 0.00000e+00
1.89200e+03 4.06611e-12 0.00000e+00
1.89300e+03 4.83068e-12 0.00000e+00
1.89400e+03 4.49389e-12 0.00000e+00
1.89500e+03 3.68091e-12 0.00000e+00
1.89600e+03 3.96822e-12 0.00000e+00
1.89700e+03 4.43104e-12 0.00000e+00
1.89800e+03 3.75266e-12 0.00000e+00
1.89900e+03 3.81183e-12 0.00000e+00
1.90000e+03 4.25096e-12 0.00000e+00
1.90100e+03 3.65566e-12 0.00000e+00
1.90200e+03 5.23879e-12 0.00000e+00
1.90300e+03 4.17633e-12 0.00000e+00
1.90400e+03 4.06894e-12 0.00000e+00
1.90500e+03 4.68845e-12 0.00000e+00
1.90600e+03 4.25226e-12 0.00000e+00
1.90700e+03 4.07928e-12 0.00000e+00
1.90800e+03 4.77036e-12 0.00000e+00
1.90900e+03 3.65677e-12 0.00000e+00
1.91000e+03 4.54605e-12 0.00000e+00
1.91100e+03 3.81964e-12 0.00000e+00
1.91200e+03 3.78260e-12 0.00000e+00
1.91300e+03 4.41336e-12 0.00000e+00
1.91400e+03 4.15261e-12 0.00000e+00
1.91500e+03 4.37166e-12 0.00000e+00
1.91600e+03 4.05676e-12 0.00000e+00
1.91700e+03 3.64283e-12 0.00000e+00
1.91800e+03 4.32935e-12 0.00000e+00
1.91900e+03 4.18919e-12 0.00000e+00
1.92000e+03 4.22029e-12 0.00000e+00
1.92100e+03 4.45590e-12 0.00000e+00
1.92200e+03 4.61287e-12 0.00000e+00
1.92300e+03 4.01665e-12 0.00000e+00
1.92400e+03 3.13980e-12 0.00000e+00
1.92500e+03 3.96752e-12 0.00000e+00
1.92600e+03 3.54397e-12 0.00000e+00
1.92700e+03 4.39726e-12 0.00000e+00
1.92800e+03 3.91289e-12 0.00000e+00
1.92900e+03 4.42915e-12 0.00000e+00
1.93000e+03 4.26936e-12 0.00000e+00
1.93100e+03 3.78296e-12 0.00000e+00
1.93200e+03 3.69743e-12 0.00000e+00
1.93300e+03 4.43705e-12 0.00000e+00
1.93400e+03 4.13003e-12 0.00000e+00
1.93500e+03 3.87078e-12 0.00000e+00
1.93600e+03 4.93188e-12 0.00000e+00
1.93700e+03 4.64380e-12 0.00000e+00
1.93800e+03 4.26232e-12 0.00000e+00
1.93900e+03 4.22550e-12 0.00000e+00
1.94000e+03 3.71179e-12 0.00000e+00
1.94100e+03 4.47274e-12 0.00000e+00
1.94200e+03 4.52579e-12 0.00000e+00
1.94300e+03 3.63256e-12 0.00000e+00
1.94400e+03 3.82610e-12 0.00000e+00
1.94500e+03 3.93672e-12 0.00000e+00
1.94600e+03 3.68385e-12 0.00000e+00
1.94700e+03 3.58207e-12 0.00000e+00
1.94800e+03 3.72021e-12 0.00000e+00
1.94900e+03 4.67615e-12 0.00000e+00
1.95000e+03 4.02782e-12 0.00000e+00
1.95100e+03 4.62019e-12 0.00000e+00
1.95200e+03 4.19619e-12 0.00000e+00
1.95300e+03 4.50523e-12 0.00000e+00
1.95400e+03 3.53976e-12 0.00000e+00
1.95500e+03 4.37872e-12 0.00000e+00
1.95600e+03 3.82980e-12 0.00000e+00
1.95700e+03 4.35738e-12 0.00000e+00
1.95800e+03 3.77850e-12 0.00000e+00
1.95900e+03 3.55396e-12 0.00000e+00
1.96000e+03 3.53729e-12 0.00000e+00
1.96100e+03 4.54389e-12 0.00000e+00
1.96200e+03 3.88939e-12 0.00000e+00
1.96300e+03 4.55296e-12 0.00000e+00
1.96400e+03 3.21872e-12 0.00000e+00
1.96500e+03 3.90950e-12 0.00000e+00
1.96600e+03 3.56266e-12 0.00000e+00
1.96700e+03 3.59756e-12 0.00000e+00
1.96800e+03 3.39939e-12 0.00000e+00
1.96900e+03 3.53061e-12 0.00000e+00
1.97000e+03 3.46590e-12 0.00000e+00
1.97100e+03 3.86609e-12 0.00000e+00
1.97200e+03 3.89546e-12 0.00000e+00
1.97300e+03 3.57004e-12 0.00000e+00
1.97400e+03 3.79575e-12 0.00000e+00
1.97500e+03 3.62862e-12 0.00000e+00
1.97600e+03 3.58684e-12 0.00000e+00
1.97700e+03 4.28241e-12 0.00000e+00
1.97800e+03 3.52026e-12 0.00000e+00
1.97900e+03 4.28513e-12 0.00000e+00
1.98000e+03 3.36303e-12 0.00000e+00
1.98100e+03 3.61348e-12 0.00000e+00
1.98200e+03 4.16476e-12 0.00000e+00
1.98300e+03 3.58550e-12 0.00000e+00
1.98400e+03 3.26380e-12 0.00000e+00
1.98500e+03 3.91023e-12 0.00000e+00
1.98600e+03 3.62108e-12 0.00000e+00
1.98700e+03 3.51286e-12 0.00000e+00
1.98800e+03 3.96161e-12 0.00000e+00
1.98900e+03 3.41804e-12 0.00000e+00
1.99000e+03 3.37990e-12 0.00000e+00
1.99100e+03 3.83467e-12 0.00000e+00
1.99200e+03 3.46776e-12 0.00000e+00
1.99300e+03 3.63448e-12 0.00000e+00
1.99400e+03 3.54192e-12 0.00000e+00
1.99500e+03 2.89503e-12 0.00000e+00
1.99600e+03 3.70504e-12 0.00000e+00
1.99700e+03 3.19567e-12 0.00000e+00
1.99800e+03 3.53173e-12 0.00000e+00
1.99900e+03 3.95067e-12 0.00000e+00
2.00000e+03 3.82232e-12 0.00000e+00
