0.00000e+00 0.00000e+00 0.00000e+00
1.00000e+00 0.00000e+00 0.00000e+00
2.00000e+00 0.00000e+00 0.00000e+00
3.00000e+00 0.00000e+00 0.00000e+00
4.00000e+00 0.00000e+00 0.00000e+00
5.00000e+00 0.00000e+00 0.00000e+00
6.00000e+00 0.00000e+00 0.00000e+00
7.00000e+00 0.00000e+00 0.00000e+00
8.00000e+00 0.00000e+00 0.00000e+00
9.00000e+00 0.00000e+00 0.00000e+00
1.00000e+01 0.00000e+00 0.00000e+00
1.10000e+01 0.00000e+00 0.00000e+00
1.20000e+01 0.00000e+00 0.00000e+00
1.30000e+01 0.00000e+00 0.00000e+00
1.40000e+01 0.00000e+00 0.00000e+00
1.50000e+01 0.00000e+00 0.00000e+00
1.60000e+01 0.00000e+00 0.00000e+00
1.70000e+01 0.00000e+00 0.00000e+00
1.80000e+01 0.00000e+00 0.00000e+00
1.90000e+01 0.00000e+00 0.00000e+00
2.00000e+01 0.00000e+00 0.00000e+00
2.10000e+01 0.00000e+00 0.00000e+00
2.20000e+01 0.00000e+00 0.00000e+00
2.30000e+01 0.00000e+00 0.00000e+00
2.40000e+01 0.00000e+00 0.00000e+00
2.50000e+01 0.00000e+00 0.00000e+00
2.60000e+01 0.00000e+00 0.00000e+00
2.70000e+01 0.00000e+00 0.00000e+00
2.80000e+01 0.00000e+00 0.00000e+00
2.90000e+01 0.00000e+00 0.00000e+00
3.00000e+01 0.00000e+00 0.00000e+00
3.10000e+01 0.00000e+00 0.00000e+00
3.20000e+01 0.00000e+00 0.00000e+00
3.30000e+01 0.00000e+00 0.00000e+00
3.40000e+01 0.00000e+00 0.00000e+00
3.50000e+01 0.00000e+00 0.00000e+00
3.60000e+01 0.00000e+00 0.00000e+00
3.70000e+01 0.00000e+00 0.00000e+00
3.80000e+01 0.00000e+00 0.00000e+00
3.90000e+01 0.00000e+00 0.00000e+00
4.00000e+01 0.00000e+00 0.00000e+00
4.10000e+01 0.00000e+00 0.00000e+00
4.20000e+01 0.00000e+00 0.00000e+00
4.30000e+01 0.00000e+00 0.00000e+00
4.40000e+01 0.00000e+00 0.00000e+00
4.50000e+01 0.00000e+00 0.00000e+00
4.60000e+01 0.00000e+00 0.00000e+00
4.70000e+01 0.00000e+00 0.00000e+00
4.80000e+01 0.00000e+00 0.00000e+00
4.90000e+01 0.00000e+00 0.00000e+00
5.00000e+01 0.00000e+00 0.00000e+00
5.10000e+01 0.00000e+00 0.00000e+00
5.20000e+01 0.00000e+00 0.00000e+00
5.30000e+01 0.00000e+00 0.00000e+00
5.40000e+01 0.00000e+00 0.00000e+00
5.50000e+01 0.00000e+00 0.00000e+00
5.60000e+01 0.00000e+00 0.00000e+00
5.70000e+01 0.00000e+00 0.00000e+00
5.80000e+01 0.00000e+00 0.00000e+00
5.90000e+01 0.00000e+00 0.00000e+00
6.00000e+01 0.00000e+00 0.00000e+00
6.10000e+01 0.00000e+00 0.00000e+00
6.20000e+01 0.00000e+00 0.00000e+00
6.30000e+01 0.00000e+00 0.00000e+00
6.40000e+01 0.00000e+00 0.00000e+00
6.50000e+01 0.00000e+00 0.00000e+00
6.60000e+01 0.00000e+00 0.00000e+00
6.70000e+01 0.00000e+00 0.00000e+00
6.80000e+01 0.00000e+00 0.00000e+00
6.90000e+01 0.00000e+00 0.00000e+00
7.00000e+01 0.00000e+00 0.00000e+00
7.10000e+01 0.00000e+00 0.00000e+00
7.20000e+01 0.00000e+00 0.00000e+00
7.30000e+01 0.00000e+00 0.00000e+00
7.40000e+01 0.00000e+00 0.00000e+00
7.50000e+01 0.00000e+00 0.00000e+00
7.60000e+01 0.00000e+00 0.00000e+00
7.70000e+01 0.00000e+00 0.00000e+00
7.80000e+01 0.00000e+00 0.00000e+00
7.90000e+01 0.00000e+00 0.00000e+00
8.00000e+01 0.00000e+00 0.00000e+00
8.10000e+01 0.00000e+00 0.00000e+00
8.20000e+01 0.00000e+00 0.00000e+00
8.30000e+01 0.00000e+00 0.00000e+00
8.40000e+01 0.00000e+00 0.00000e+00
8.50000e+01 0.00000e+00 0.00000e+00
8.60000e+01 0.00000e+00 0.00000e+00
8.70000e+01 0.00000e+00 0.00000e+00
8.80000e+01 0.00000e+00 0.00000e+00
8.90000e+01 0.00000e+00 0.00000e+00
9.00000e+01 0.00000e+00 0.00000e+00
9.10000e+01 0.00000e+00 0.00000e+00
9.20000e+01 0.00000e+00 0.00000e+00
9.30000e+01 0.00000e+00 0.00000e+00
9.40000e+01 0.00000e+00 0.00000e+00
9.50000e+01 0.00000e+00 0.00000e+00
9.60000e+01 0.00000e+00 0.00000e+00
9.70000e+01 0.00000e+00 0.00000e+00
9.80000e+01 0.00000e+00 0.00000e+00
9.90000e+01 0.00000e+00 0.00000e+00
1.00000e+02 5.10087e-11 0.00000e+00
1.01000e+02 7.43145e-11 0.00000e+00
1.02000e+02 8.22265e-11 0.00000e+00
1.03000e+02 9.15169e-11 0.00000e+00
1.04000e+02 1.24550e-10 0.00000e+00
1.05000e+02 4.79311e-11 0.00000e+00
1.06000e+02 1.08005e-10 0.00000e+00
1.07000e+02 8.40713e-11 0.00000e+00
1.08000e+02 1.11063e-10 0.00000e+00
1.09000e+02 6.07644e-11 0.00000e+00
1.10000e+02 1.30396e-10 0.00000e+00
1.11000e+02 7.67687e-11 0.00000e+00
1.12000e+02 7.92067e-11 0.00000e+00
1.13000e+02 1.30769e-10 0.00000e+00
1.14000e+02 8.53320e-11 0.00000e+00
1.15000e+02 1.06953e-10 0.00000e+00
1.16000e+02 5.98132e-11 0.00000e+00
1.17000e+02 1.17599e-10 0.00000e+00
1.18000e+02 6.41540e-11 0.00000e+00
1.19000e+02 7.08187e-11 0.00000e+00
1.20000e+02 9.54566e-11 0.00000e+00
1.21000e+02 9.69637e-11 0.00000e+00
1.22000e+02 6.83836e-11 0.00000e+00
1.23000e+02 4.10632e-11 0.00000e+00
1.24000e+02 6.64635e-11 0.00000e+00
1.25000e+02 2.78806e-11 0.00000e+00
1.26000e+02 7.56475e-11 0.00000e+00
1.27000e+02 8.35070e-11 0.00000e+00
1.28000e+02 6.59056e-11 0.00000e+00
1.29000e+02 4.98048e-11 0.00000e+00
1.30000e+02 5.25442e-11 0.00000e+00
1.31000e+02 6.90745e-11 0.00000e+00
1.32000e+02 2.89842e-11 0.00000e+00
1.33000e+02 4.15237e-11 0.00000e+00
1.34000e+02 7.45749e-11 0.00000e+00
1.35000e+02 5.48678e-11 0.00000e+00
1.36000e+02 5.60403e-11 0.00000e+00
1.37000e+02 8.94339e-11 0.00000e+00
1.38000e+02 5.32345e-11 0.00000e+00
1.39000e+02 6.42535e-11 0.00000e+00
1.40000e+02 5.32223e-11 0.00000e+00
1.41000e+02 6.78883e-11 0.00000e+00
1.42000e+02 6.69320e-11 0.00000e+00
1.43000e+02 7.12178e-11 0.00000e+00
1.44000e+02 5.14748e-11 0.00000e+00
1.45000e+02 8.15742e-11 0.00000e+00
1.46000e+02 5.34139e-11 0.00000e+00
1.47000e+02 6.51852e-11 0.00000e+00
1.48000e+02 4.46612e-11 0.00000e+00
1.49000e+02 4.28275e-11 0.00000e+00
1.50000e+02 9.20561e-11 0.00000e+00
1.51000e+02 6.22315e-11 0.00000e+00
1.52000e+02 7.64568e-11 0.00000e+00
1.53000e+02 2.77637e-11 0.00000e+00
1.54000e+02 8.54078e-11 0.00000e+00
1.55000e+02 6.24283e-11 0.00000e+00
1.56000e+02 7.21820e-11 0.00000e+00
1.57000e+02 1.08058e-10 0.00000e+00
1.58000e+02 5.36982e-11 0.00000e+00
1.59000e+02 4.58166e-11 0.00000e+00
1.60000e+02 5.17092e-11 0.00000e+00
1.61000e+02 3.65772e-11 0.00000e+00
1.62000e+02 6.18786e-11 0.00000e+00
1.63000e+02 5.39958e-11 0.00000e+00
1.64000e+02 6.89790e-11 0.00000e+00
1.65000e+02 6.99125e-11 0.00000e+00
1.66000e+02 4.46989e-11 0.00000e+00
1.67000e+02 8.02309e-11 0.00000e+00
1.68000e+02 6.37418e-11 0.00000e+00
1.69000e+02 5.98094e-11 0.00000e+00
1.70000e+02 7.76946e-11 0.00000e+00
1.71000e+02 5.76975e-11 0.00000e+00
1.72000e+02 6.48264e-11 0.00000e+00
1.73000e+02 4.18732e-11 0.00000e+00
1.74000e+02 1.04120e-11 0.00000e+00
1.75000e+02 3.05712e-11 0.00000e+00
1.76000e+02 7.40258e-11 0.00000e+00
1.77000e+02 4.31783e-11 0.00000e+00
1.78000e+02 3.28713e-11 0.00000e+00
1.79000e+02 5.32769e-11 0.00000e+00
1.80000e+02 6.44693e-11 0.00000e+00
1.81000e+02 5.43548e-11 0.00000e+00
1.82000e+02 8.06052e-11 0.00000e+00
1.83000e+02 3.52203e-11 0.00000e+00
1.84000e+02 4.74006e-11 0.00000e+00
1.85000e+02 3.28276e-11 0.00000e+00
1.86000e+02 5.04553e-11 0.00000e+00
1.87000e+02 3.35014e-11 0.00000e+00
1.88000e+02 5.48703e-11 0.00000e+00
1.89000e+02 5.97465e-11 0.00000e+00
1.90000e+02 5.54781e-11 0.00000e+00
1.91000e+02 4.63354e-11 0.00000e+00
1.92000e+02 3.38237e-11 0.00000e+00
1.93000e+02 4.89212e-11 0.00000e+00
1.94000e+02 5.87876e-11 0.00000e+00
1.95000e+02 3.79632e-11 0.00000e+00
1.96000e+02 6.08110e-11 0.00000e+00
1.97000e+02 4.78410e-11 0.00000e+00
1.98000e+02 5.81055e-11 0.00000e+00
1.99000e+02 4.55770e-11 0.00000e+00
2.00000e+02 3.40574e-11 0.00000e+00
2.01000e+02 3.69910e-11 0.00000e+00
2.02000e+02 5.07081e-11 0.00000e+00
2.03000e+02 4.27667e-11 0.00000e+00
2.04000e+02 4.76371e-11 0.00000e+00
2.05000e+02 3.71232e-11 0.00000e+00
2.06000e+02 5.39289e-11 0.00000e+00
2.07000e+02 2.72996e-11 0.00000e+00
2.08000e+02 4.19453e-11 0.00000e+00
2.09000e+02 4.55576e-11 0.00000e+00
2.10000e+02 5.58816e-11 0.00000e+00
2.11000e+02 3.38036e-11 0.00000e+00
2.12000e+02 3.79246e-11 0.00000e+00
2.13000e+02 3.69650e-11 0.00000e+00
2.14000e+02 4.73375e-11 0.00000e+00
2.15000e+02 6.26345e-11 0.00000e+00
2.16000e+02 3.81274e-11 0.00000e+00
2.17000e+02 5.56822e-11 0.00000e+00
2.18000e+02 6.71358e-11 0.00000e+00
2.19000e+02 2.28219e-11 0.00000e+00
2.20000e+02 3.70105e-11 0.00000e+00
2.21000e+02 2.67449e-11 0.00000e+00
2.22000e+02 5.75325e-11 0.00000e+00
2.23000e+02 4.21340e-11 0.00000e+00
2.24000e+02 4.45098e-11 0.00000e+00
2.25000e+02 4.08032e-11 0.00000e+00
2.26000e+02 6.79483e-11 0.00000e+00
2.27000e+02 4.02670e-11 0.00000e+00
2.28000e+02 4.21397e-11 0.00000e+00
2.29000e+02 5.29131e-11 0.00000e+00
2.30000e+02 3.96487e-11 0.00000e+00
2.31000e+02 5.32371e-11 0.00000e+00
2.32000e+02 5.61655e-11 0.00000e+00
2.33000e+02 3.61117e-11 0.00000e+00
2.34000e+02 4.36287e-11 0.00000e+00
2.35000e+02 2.92209e-11 0.00000e+00
2.36000e+02 4.17276e-11 0.00000e+00
2.37000e+02 4.58575e-11 0.00000e+00
2.38000e+02 3.70615e-11 0.00000e+00
2.39000e+02 4.65416e-11 0.00000e+00
2.40000e+02 2.68705e-11 0.00000e+00
2.41000e+02 5.34240e-11 0.00000e+00
2.42000e+02 7.10168e-11 0.00000e+00
2.43000e+02 4.67744e-11 0.00000e+00
2.44000e+02 5.67335e-11 0.00000e+00
2.45000e+02 7.72509e-11 0.00000e+00
2.46000e+02 4.98325e-11 0.00000e+00
2.47000e+02 2.41714e-11 0.00000e+00
2.48000e+02 4.26928e-11 0.00000e+00
2.49000e+02 3.55938e-11 0.00000e+00
2.50000e+02 3.18265e-11 0.00000e+00
2.51000e+02 5.11434e-11 0.00000e+00
2.52000e+02 2.41051e-11 0.00000e+00
2.53000e+02 1.88742e-11 0.00000e+00
2.54000e+02 2.30345e-11 0.00000e+00
2.55000e+02 5.02640e-11 0.00000e+00
2.56000e+02 3.53827e-11 0.00000e+00
2.57000e+02 3.96549e-11 0.00000e+00
2.58000e+02 5.64120e-11 0.00000e+00
2.59000e+02 3.76388e-11 0.00000e+00
2.60000e+02 3.39124e-11 0.00000e+00
2.61000e+02 5.33544e-11 0.00000e+00
2.62000e+02 2.53912e-11 0.00000e+00
2.63000e+02 4.79527e-11 0.00000e+00
2.64000e+02 3.70830e-11 0.00000e+00
2.65000e+02 3.38728e-11 0.00000e+00
2.66000e+02 2.15885e-11 0.00000e+00
2.67000e+02 3.42530e-11 0.00000e+00
2.68000e+02 3.15001e-11 0.00000e+00
2.69000e+02 3.41102e-11 0.00000e+00
2.70000e+02 4.36815e-11 0.00000e+00
2.71000e+02 2.46463e-11 0.00000e+00
2.72000e+02 4.21070e-11 0.00000e+00
2.73000e+02 5.22170e-11 0.00000e+00
2.74000e+02 1.66718e-11 0.00000e+00
2.75000e+02 3.63964e-11 0.00000e+00
2.76000e+02 3.06410e-11 0.00000e+00
2.77000e+02 2.03375e-11 0.00000e+00
2.78000e+02 2.90970e-11 0.00000e+00
2.79000e+02 2.73065e-11 0.00000e+00
2.80000e+02 4.38522e-12 0.00000e+00
2.81000e+02 4.81424e-11 0.00000e+00
2.82000e+02 3.14369e-11 0.00000e+00
2.83000e+02 2.65457e-11 0.00000e+00
2.84000e+02 2.97016e-11 0.00000e+00
2.85000e+02 5.21229e-11 0.00000e+00
2.86000e+02 3.73906e-11 0.00000e+00
2.87000e+02 3.18241e-11 0.00000e+00
2.88000e+02 1.56020e-11 0.00000e+00
2.89000e+02 3.52329e-11 0.00000e+00
2.90000e+02 4.79222e-11 0.00000e+00
2.91000e+02 4.19387e-11 0.00000e+00
2.92000e+02 4.89070e-11 0.00000e+00
2.93000e+02 2.36257e-11 0.00000e+00
2.94000e+02 3.73162e-11 0.00000e+00
2.95000e+02 3.90883e-11 0.00000e+00
2.96000e+02 3.12575e-11 0.00000e+00
2.97000e+02 3.31544e-11 0.00000e+00
2.98000e+02 2.84573e-11 0.00000e+00
2.99000e+02 3.06566e-11 0.00000e+00
3.00000e+02 3.70292e-11 0.00000e+00
3.01000e+02 2.70671e-11 0.00000e+00
3.02000e+02 3.63373e-11 0.00000e+00
3.03000e+02 3.16614e-11 0.00000e+00
3.04000e+02 5.12285e-11 0.00000e+00
3.05000e+02 3.39661e-11 0.00000e+00
3.06000e+02 4.29363e-11 0.00000e+00
3.07000e+02 3.10897e-11 0.00000e+00
3.08000e+02 3.97813e-11 0.00000e+00
3.09000e+02 4.25139e-11 0.00000e+00
3.10000e+02 5.22429e-11 0.00000e+00
3.11000e+02 2.95567e-11 0.00000e+00
3.12000e+02 2.09856e-11 0.00000e+00
3.13000e+02 4.20824e-11 0.00000e+00
3.14000e+02 3.82337e-11 0.00000e+00
3.15000e+02 3.48289e-11 0.00000e+00
3.16000e+02 3.52064e-11 0.00000e+00
3.17000e+02 2.60799e-11 0.00000e+00
3.18000e+02 1.17805e-11 0.00000e+00
3.19000e+02 3.23499e-11 0.00000e+00
3.20000e+02 1.97418e-11 0.00000e+00
3.21000e+02 3.18750e-11 0.00000e+00
3.22000e+02 2.54740e-11 0.00000e+00
3.23000e+02 4.77167e-11 0.00000e+00
3.24000e+02 3.33995e-11 0.00000e+00
3.25000e+02 2.73256e-11 0.00000e+00
3.26000e+02 3.69822e-11 0.00000e+00
3.27000e+02 4.42654e-11 0.00000e+00
3.28000e+02 2.39365e-11 0.00000e+00
3.29000e+02 2.28192e-11 0.00000e+00
3.30000e+02 2.19649e-11 0.00000e+00
3.31000e+02 2.48280e-11 0.00000e+00
3.32000e+02 1.91021e-11 0.00000e+00
3.33000e+02 4.38182e-11 0.00000e+00
3.34000e+02 3.09172e-11 0.00000e+00
3.35000e+02 2.88650e-11 0.00000e+00
3.36000e+02 3.51600e-11 0.00000e+00
3.37000e+02 4.42783e-11 0.00000e+00
3.38000e+02 8.08266e-12 0.00000e+00
3.39000e+02 2.99187e-11 0.00000e+00
3.40000e+02 2.91295e-11 0.00000e+00
3.41000e+02 3.26815e-11 0.00000e+00
3.42000e+02 3.06636e-11 0.00000e+00
3.43000e+02 2.90879e-11 0.00000e+00
3.44000e+02 3.11152e-11 0.00000e+00
3.45000e+02 3.93880e-11 0.00000e+00
3.46000e+02 3.73414e-11 0.00000e+00
3.47000e+02 1.99037e-11 0.00000e+00
3.48000e+02 2.37911e-11 0.00000e+00
3.49000e+02 3.10612e-11 0.00000e+00
3.50000e+02 1.38296e-11 0.00000e+00
3.51000e+02 3.02054e-11 0.00000e+00
3.52000e+02 2.64635e-11 0.00000e+00
3.53000e+02 2.74668e-11 0.00000e+00
3.54000e+02 3.74894e-11 0.00000e+00
3.55000e+02 3.76143e-11 0.00000e+00
3.56000e+02 3.81130e-11 0.00000e+00
3.57000e+02 1.17311e-11 0.00000e+00
3.58000e+02 2.03023e-11 0.00000e+00
3.59000e+02 2.93088e-11 0.00000e+00
3.60000e+02 2.42198e-11 0.00000e+00
3.61000e+02 2.02784e-11 0.00000e+00
3.62000e+02 3.06199e-11 0.00000e+00
3.63000e+02 1.88370e-11 0.00000e+00
3.64000e+02 1.58180e-11 0.00000e+00
3.65000e+02 2.84123e-11 0.00000e+00
3.66000e+02 3.34111e-11 0.00000e+00
3.67000e+02 2.48783e-11 0.00000e+00
3.68000e+02 3.98815e-11 0.00000e+00
3.69000e+02 2.84898e-11 0.00000e+00
3.70000e+02 2.50028e-11 0.00000e+00
3.71000e+02 3.64920e-11 0.00000e+00
3.72000e+02 3.87362e-11 0.00000e+00
3.73000e+02 2.69173e-11 0.00000e+00
3.74000e+02 2.64416e-11 0.00000e+00
3.75000e+02 3.75343e-11 0.00000e+00
3.76000e+02 2.56482e-11 0.00000e+00
3.77000e+02 2.21163e-11 0.00000e+00
3.78000e+02 2.88521e-11 0.00000e+00
3.79000e+02 2.09332e-11 0.00000e+00
3.80000e+02 2.19062e-11 0.00000e+00
3.81000e+02 2.36196e-11 0.00000e+00
3.82000e+02 2.62889e-11 0.00000e+00
3.83000e+02 4.86235e-11 0.00000e+00
3.84000e+02 3.65075e-11 0.00000e+00
3.85000e+02 3.02151e-11 0.00000e+00
3.86000e+02 1.98398e-11 0.00000e+00
3.87000e+02 2.89180e-11 0.00000e+00
3.88000e+02 1.73655e-11 0.00000e+00
3.89000e+02 2.68734e-11 0.00000e+00
3.90000e+02 2.08025e-11 0.00000e+00
3.91000e+02 2.06962e-11 0.00000e+00
3.92000e+02 3.58354e-11 0.00000e+00
3.93000e+02 3.12239e-11 0.00000e+00
3.94000e+02 2.21705e-11 0.00000e+00
3.95000e+02 3.19420e-11 0.00000e+00
3.96000e+02 3.24411e-11 0.00000e+00
3.97000e+02 3.63576e-11 0.00000e+00
3.98000e+02 4.04185e-11 0.00000e+00
3.99000e+02 2.40228e-11 0.00000e+00
4.00000e+02 2.91156e-11 0.00000e+00
4.01000e+02 2.67594e-11 0.00000e+00
4.02000e+02 1.20894e-11 0.00000e+00
4.03000e+02 2.99043e-11 0.00000e+00
4.04000e+02 2.91183e-11 0.00000e+00
4.05000e+02 1.28239e-11 0.00000e+00
4.06000e+02 1.97584e-11 0.00000e+00
4.07000e+02 3.66232e-11 0.00000e+00
4.08000e+02 3.59959e-11 0.00000e+00
4.09000e+02 2.57857e-11 0.00000e+00
4.10000e+02 1.44287e-11 0.00000e+00
4.11000e+02 2.28873e-11 0.00000e+00
4.12000e+02 2.38099e-11 0.00000e+00
4.13000e+02 2.64105e-11 0.00000e+00
4.14000e+02 2.15972e-11 0.00000e+00
4.15000e+02 2.57842e-11 0.00000e+00
4.16000e+02 2.30426e-11 0.00000e+00
4.17000e+02 2.92945e-11 0.00000e+00
4.18000e+02 1.87376e-11 0.00000e+00
4.19000e+02 2.00422e-11 0.00000e+00
4.20000e+02 1.63459e-11 0.00000e+00
4.21000e+02 3.05493e-11 0.00000e+00
4.22000e+02 1.96525e-11 0.00000e+00
4.23000e+02 2.73556e-11 0.00000e+00
4.24000e+02 2.88546e-11 0.00000e+00
4.25000e+02 2.03249e-11 0.00000e+00
4.26000e+02 1.89414e-11 0.00000e+00
4.27000e+02 2.26367e-11 0.00000e+00
4.28000e+02 2.78695e-11 0.00000e+00
4.29000e+02 1.68004e-11 0.00000e+00
4.30000e+02 1.98817e-11 0.00000e+00
4.31000e+02 2.35944e-11 0.00000e+00
4.32000e+02 2.31213e-11 0.00000e+00
4.33000e+02 1.25296e-11 0.00000e+00
4.34000e+02 2.47495e-11 0.00000e+00
4.35000e+02 2.79355e-11 0.00000e+00
4.36000e+02 2.32785e-11 0.00000e+00
4.37000e+02 2.57865e-11 0.00000e+00
4.38000e+02 2.84892e-11 0.00000e+00
4.39000e+02 3.30579e-11 0.00000e+00
4.40000e+02 2.00393e-11 0.00000e+00
4.41000e+02 1.81411e-11 0.00000e+00
4.42000e+02 2.62428e-11 0.00000e+00
4.43000e+02 3.00856e-11 0.00000e+00
4.44000e+02 1.85460e-11 0.00000e+00
4.45000e+02 2.28154e-11 0.00000e+00
4.46000e+02 2.54573e-11 0.00000e+00
4.47000e+02 2.12016e-11 0.00000e+00
4.48000e+02 6.72601e-12 0.00000e+00
4.49000e+02 1.37356e-11 0.00000e+00
4.50000e+02 2.28045e-11 0.00000e+00
4.51000e+02 1.92576e-11 0.00000e+00
4.52000e+02 2.67010e-11 0.00000e+00
4.53000e+02 2.60261e-11 0.00000e+00
4.54000e+02 2.69240e-11 0.00000e+00
4.55000e+02 2.27604e-11 0.00000e+00
4.56000e+02 2.54767e-11 0.00000e+00
4.57000e+02 2.54031e-11 0.00000e+00
4.58000e+02 1.76429e-11 0.00000e+00
4.59000e+02 1.91104e-11 0.00000e+00
4.60000e+02 1.71718e-11 0.00000e+00
4.61000e+02 2.23184e-11 0.00000e+00
4.62000e+02 2.52036e-11 0.00000e+00
4.63000e+02 1.80559e-11 0.00000e+00
4.64000e+02 8.80586e-12 0.00000e+00
4.65000e+02 2.05136e-11 0.00000e+00
4.66000e+02 2.24261e-11 0.00000e+00
4.67000e+02 2.43944e-11 0.00000e+00
4.68000e+02 2.12998e-11 0.00000e+00
4.69000e+02 1.86829e-11 0.00000e+00
4.70000e+02 2.03030e-11 0.00000e+00
4.71000e+02 1.51620e-11 0.00000e+00
4.72000e+02 1.69369e-11 0.00000e+00
4.73000e+02 2.00133e-11 0.00000e+00
4.74000e+02 1.40286e-11 0.00000e+00
4.75000e+02 2.20005e-11 0.00000e+00
4.76000e+02 1.58866e-11 0.00000e+00
4.77000e+02 1.97035e-11 0.00000e+00
4.78000e+02 2.21785e-11 0.00000e+00
4.79000e+02 2.48231e-11 0.00000e+00
4.80000e+02 2.41391e-11 0.00000e+00
4.81000e+02 1.96154e-11 0.00000e+00
4.82000e+02 2.82879e-11 0.00000e+00
4.83000e+02 1.31185e-11 0.00000e+00
4.84000e+02 1.54747e-11 0.00000e+00
4.85000e+02 2.33111e-11 0.00000e+00
4.86000e+02 2.33456e-11 0.00000e+00
4.87000e+02 1.90921e-11 0.00000e+00
4.88000e+02 1.76378e-11 0.00000e+00
4.89000e+02 1.77922e-11 0.00000e+00
4.90000e+02 2.13257e-11 0.00000e+00
4.91000e+02 2.61004e-11 0.00000e+00
4.92000e+02 1.70627e-11 0.00000e+00
4.93000e+02 2.41652e-11 0.00000e+00
4.94000e+02 3.01119e-11 0.00000e+00
4.95000e+02 2.06361e-11 0.00000e+00
4.96000e+02 2.81049e-11 0.00000e+00
4.97000e+02 2.09138e-11 0.00000e+00
4.98000e+02 2.56501e-11 0.00000e+00
4.99000e+02 2.71481e-11 0.00000e+00
5.00000e+02 1.76309e-11 0.00000e+00
5.01000e+02 1.81729e-11 0.00000e+00
5.02000e+02 2.35547e-11 0.00000e+00
5.03000e+02 2.86298e-11 0.00000e+00
5.04000e+02 1.91291e-11 0.00000e+00
5.05000e+02 2.35722e-11 0.00000e+00
5.06000e+02 2.08119e-11 0.00000e+00
5.07000e+02 1.97256e-11 0.00000e+00
5.08000e+02 2.00873e-11 0.00000e+00
5.09000e+02 2.40276e-11 0.00000e+00
5.10000e+02 1.82184e-11 0.00000e+00
5.11000e+02 2.41944e-11 0.00000e+00
5.12000e+02 2.16980e-11 0.00000e+00
5.13000e+02 2.34648e-11 0.00000e+00
5.14000e+02 2.21941e-11 0.00000e+00
5.15000e+02 2.45472e-11 0.00000e+00
5.16000e+02 1.18565e-11 0.00000e+00
5.17000e+02 2.37896e-11 0.00000e+00
5.18000e+02 2.34137e-11 0.00000e+00
5.19000e+02 2.11444e-11 0.00000e+00
5.20000e+02 2.01171e-11 0.00000e+00
5.21000e+02 1.53291e-11 0.00000e+00
5.22000e+02 1.75844e-11 0.00000e+00
5.23000e+02 2.07543e-11 0.00000e+00
5.24000e+02 1.86543e-11 0.00000e+00
5.25000e+02 1.88509e-11 0.00000e+00
5.26000e+02 1.37079e-11 0.00000e+00
5.27000e+02 1.75112e-11 0.00000e+00
5.28000e+02 1.64854e-11 0.00000e+00
5.29000e+02 1.65335e-11 0.00000e+00
5.30000e+02 2.15382e-11 0.00000e+00
5.31000e+02 2.26117e-11 0.00000e+00
5.32000e+02 1.54814e-11 0.00000e+00
5.33000e+02 2.39527e-11 0.00000e+00
5.34000e+02 2.06732e-11 0.00000e+00
5.35000e+02 1.63776e-11 0.00000e+00
5.36000e+02 2.02079e-11 0.00000e+00
5.37000e+02 1.58539e-11 0.00000e+00
5.38000e+02 1.91786e-11 0.00000e+00
5.39000e+02 2.02453e-11 0.00000e+00
5.40000e+02 2.14489e-11 0.00000e+00
5.41000e+02 1.53912e-11 0.00000e+00
5.42000e+02 2.65506e-11 0.00000e+00
5.43000e+02 1.81204e-11 0.00000e+00
5.44000e+02 1.44388e-11 0.00000e+00
5.45000e+02 1.74572e-11 0.00000e+00
5.46000e+02 1.66146e-11 0.00000e+00
5.47000e+02 2.06127e-11 0.00000e+00
5.48000e+02 2.13289e-11 0.00000e+00
5.49000e+02 1.89006e-11 0.00000e+00
5.50000e+02 1.84277e-11 0.00000e+00
5.51000e+02 1.70549e-11 0.00000e+00
5.52000e+02 2.14622e-11 0.00000e+00
5.53000e+02 9.68929e-12 0.00000e+00
5.54000e+02 1.78809e-11 0.00000e+00
5.55000e+02 1.18109e-11 0.00000e+00
5.56000e+02 2.85134e-11 0.00000e+00
5.57000e+02 1.81287e-11 0.00000e+00
5.58000e+02 1.20371e-11 0.00000e+00
5.59000e+02 2.01592e-11 0.00000e+00
5.60000e+02 1.95464e-11 0.00000e+00
5.61000e+02 2.05880e-11 0.00000e+00
5.62000e+02 2.22532e-11 0.00000e+00
5.63000e+02 1.91045e-11 0.00000e+00
5.64000e+02 1.54977e-11 0.00000e+00
5.65000e+02 1.86444e-11 0.00000e+00
5.66000e+02 7.13398e-12 0.00000e+00
5.67000e+02 2.15876e-11 0.00000e+00
5.68000e+02 1.78167e-11 0.00000e+00
5.69000e+02 9.29377e-12 0.00000e+00
5.70000e+02 1.71555e-11 0.00000e+00
5.71000e+02 1.47643e-11 0.00000e+00
5.72000e+02 2.36977e-11 0.00000e+00
5.73000e+02 2.18819e-11 0.00000e+00
5.74000e+02 1.79615e-11 0.00000e+00
5.75000e+02 1.45274e-11 0.00000e+00
5.76000e+02 1.25582e-11 0.00000e+00
5.77000e+02 1.68898e-11 0.00000e+00
5.78000e+02 1.39866e-11 0.00000e+00
5.79000e+02 2.14351e-11 0.00000e+00
5.80000e+02 1.41893e-11 0.00000e+00
5.81000e+02 1.30702e-11 0.00000e+00
5.82000e+02 1.86567e-11 0.00000e+00
5.83000e+02 1.69548e-11 0.00000e+00
5.84000e+02 1.66462e-11 0.00000e+00
5.85000e+02 2.38316e-11 0.00000e+00
5.86000e+02 2.11063e-11 0.00000e+00
5.87000e+02 1.96466e-11 0.00000e+00
5.88000e+02 1.08325e-11 0.00000e+00
5.89000e+02 1.85023e-11 0.00000e+00
5.90000e+02 2.20818e-11 0.00000e+00
5.91000e+02 1.73919e-11 0.00000e+00
5.92000e+02 1.49984e-11 0.00000e+00
5.93000e+02 2.21914e-11 0.00000e+00
5.94000e+02 1.86552e-11 0.00000e+00
5.95000e+02 2.02001e-11 0.00000e+00
5.96000e+02 1.95894e-11 0.00000e+00
5.97000e+02 2.12642e-11 0.00000e+00
5.98000e+02 1.92630e-11 0.00000e+00
5.99000e+02 1.55649e-11 0.00000e+00
6.00000e+02 1.93510e-11 0.00000e+00
6.01000e+02 5.60686e-12 0.00000e+00
6.02000e+02 1.63786e-11 0.00000e+00
6.03000e+02 1.78199e-11 0.00000e+00
6.04000e+02 1.95720e-11 0.00000e+00
6.05000e+02 1.53943e-11 0.00000e+00
6.06000e+02 1.25170e-11 0.00000e+00
6.07000e+02 1.86445e-11 0.00000e+00
6.08000e+02 2.17468e-11 0.00000e+00
6.09000e+02 1.54498e-11 0.00000e+00
6.10000e+02 1.97814e-11 0.00000e+00
6.11000e+02 1.37627e-11 0.00000e+00
6.12000e+02 1.53356e-11 0.00000e+00
6.13000e+02 1.59232e-11 0.00000e+00
6.14000e+02 1.87504e-11 0.00000e+00
6.15000e+02 1.39206e-11 0.00000e+00
6.16000e+02 1.36582e-11 0.00000e+00
6.17000e+02 1.52377e-11 0.00000e+00
6.18000e+02 1.89415e-11 0.00000e+00
6.19000e+02 1.92952e-11 0.00000e+00
6.20000e+02 1.88738e-11 0.00000e+00
6.21000e+02 1.59596e-11 0.00000e+00
6.22000e+02 1.89740e-11 0.00000e+00
6.23000e+02 1.85593e-11 0.00000e+00
6.24000e+02 2.24965e-11 0.00000e+00
6.25000e+02 1.77131e-11 0.00000e+00
6.26000e+02 1.31516e-11 0.00000e+00
6.27000e+02 1.57355e-11 0.00000e+00
6.28000e+02 1.87087e-11 0.00000e+00
6.29000e+02 1.77417e-11 0.00000e+00
6.30000e+02 1.35990e-11 0.00000e+00
6.31000e+02 1.68484e-11 0.00000e+00
6.32000e+02 1.84459e-11 0.00000e+00
6.33000e+02 1.83950e-11 0.00000e+00
6.34000e+02 1.94277e-11 0.00000e+00
6.35000e+02 1.39540e-11 0.00000e+00
6.36000e+02 1.54342e-11 0.00000e+00
6.37000e+02 2.11773e-11 0.00000e+00
6.38000e+02 1.72532e-11 0.00000e+00
6.39000e+02 1.10628e-11 0.00000e+00
6.40000e+02 1.47563e-11 0.00000e+00
6.41000e+02 2.17666e-11 0.00000e+00
6.42000e+02 1.40703e-11 0.00000e+00
6.43000e+02 1.74945e-11 0.00000e+00
6.44000e+02 1.88804e-11 0.00000e+00
6.45000e+02 1.42792e-11 0.00000e+00
6.46000e+02 1.99286e-11 0.00000e+00
6.47000e+02 1.03368e-11 0.00000e+00
6.48000e+02 1.54739e-11 0.00000e+00
6.49000e+02 1.77976e-11 0.00000e+00
6.50000e+02 1.72149e-11 0.00000e+00
6.51000e+02 1.71530e-11 0.00000e+00
6.52000e+02 2.73225e-11 0.00000e+00
6.53000e+02 1.58444e-11 0.00000e+00
6.54000e+02 2.13239e-11 0.00000e+00
6.55000e+02 1.45991e-11 0.00000e+00
6.56000e+02 1.71538e-11 0.00000e+00
6.57000e+02 1.85324e-11 0.00000e+00
6.58000e+02 1.54542e-11 0.00000e+00
6.59000e+02 2.17255e-11 0.00000e+00
6.60000e+02 1.28302e-11 0.00000e+00
6.61000e+02 1.62562e-11 0.00000e+00
6.62000e+02 1.43758e-11 0.00000e+00
6.63000e+02 1.63799e-11 0.00000e+00
6.64000e+02 1.69878e-11 0.00000e+00
6.65000e+02 1.45817e-11 0.00000e+00
6.66000e+02 1.38048e-11 0.00000e+00
6.67000e+02 1.70742e-11 0.00000e+00
6.68000e+02 1.17995e-11 0.00000e+00
6.69000e+02 1.36126e-11 0.00000e+00
6.70000e+02 1.53479e-11 0.00000e+00
6.71000e+02 1.73206e-11 0.00000e+00
6.72000e+02 1.05439e-11 0.00000e+00
6.73000e+02 1.10152e-11 0.00000e+00
6.74000e+02 1.54193e-11 0.00000e+00
6.75000e+02 1.74626e-11 0.00000e+00
6.76000e+02 1.51880e-11 0.00000e+00
6.77000e+02 1.08797e-11 0.00000e+00
6.78000e+02 1.53289e-11 0.00000e+00
6.79000e+02 1.52422e-11 0.00000e+00
6.80000e+02 1.79530e-11 0.00000e+00
6.81000e+02 1.78255e-11 0.00000e+00
6.82000e+02 1.68064e-11 0.00000e+00
6.83000e+02 1.77016e-11 0.00000e+00
6.84000e+02 1.55940e-11 0.00000e+00
6.85000e+02 2.15730e-11 0.00000e+00
6.86000e+02 1.80095e-11 0.00000e+00
6.87000e+02 1.35610e-11 0.00000e+00
6.88000e+02 2.21776e-11 0.00000e+00
6.89000e+02 1.39943e-11 0.00000e+00
6.90000e+02 1.57524e-11 0.00000e+00
6.91000e+02 1.63138e-11 0.00000e+00
6.92000e+02 1.61251e-11 0.00000e+00
6.93000e+02 1.54020e-11 0.00000e+00
6.94000e+02 1.51495e-11 0.00000e+00
6.95000e+02 1.51067e-11 0.00000e+00
6.96000e+02 1.80435e-11 0.00000e+00
6.97000e+02 1.65967e-11 0.00000e+00
6.98000e+02 1.37208e-11 0.00000e+00
6.99000e+02 1.33461e-11 0.00000e+00
7.00000e+02 1.46894e-11 0.00000e+00
7.01000e+02 2.13562e-11 0.00000e+00
7.02000e+02 7.55384e-12 0.00000e+00
7.03000e+02 1.22000e-11 0.00000e+00
7.04000e+02 1.84606e-11 0.00000e+00
7.05000e+02 1.26710e-11 0.00000e+00
7.06000e+02 1.26277e-11 0.00000e+00
7.07000e+02 1.42000e-11 0.00000e+00
7.08000e+02 1.86354e-11 0.00000e+00
7.09000e+02 1.96395e-11 0.00000e+00
7.10000e+02 1.43821e-11 0.00000e+00
7.11000e+02 1.37468e-11 0.00000e+00
7.12000e+02 1.49599e-11 0.00000e+00
7.13000e+02 1.75920e-11 0.00000e+00
7.14000e+02 1.80506e-11 0.00000e+00
7.15000e+02 1.52492e-11 0.00000e+00
7.16000e+02 1.60657e-11 0.00000e+00
7.17000e+02 1.38214e-11 0.00000e+00
7.18000e+02 1.74753e-11 0.00000e+00
7.19000e+02 9.74523e-12 0.00000e+00
7.20000e+02 1.25248e-11 0.00000e+00
7.21000e+02 1.35427e-11 0.00000e+00
7.22000e+02 1.65350e-11 0.00000e+00
7.23000e+02 1.33024e-11 0.00000e+00
7.24000e+02 1.38545e-11 0.00000e+00
7.25000e+02 1.81384e-11 0.00000e+00
7.26000e+02 1.67477e-11 0.00000e+00
7.27000e+02 1.56771e-11 0.00000e+00
7.28000e+02 1.59453e-11 0.00000e+00
7.29000e+02 1.42679e-11 0.00000e+00
7.30000e+02 1.75894e-11 0.00000e+00
7.31000e+02 1.74274e-11 0.00000e+00
7.32000e+02 1.98748e-11 0.00000e+00
7.33000e+02 1.34982e-11 0.00000e+00
7.34000e+02 1.46233e-11 0.00000e+00
7.35000e+02 1.96774e-11 0.00000e+00
7.36000e+02 9.97875e-12 0.00000e+00
7.37000e+02 1.70333e-11 0.00000e+00
7.38000e+02 1.55558e-11 0.00000e+00
7.39000e+02 1.67159e-11 0.00000e+00
7.40000e+02 1.73063e-11 0.00000e+00
7.41000e+02 1.81615e-11 0.00000e+00
7.42000e+02 1.76295e-11 0.00000e+00
7.43000e+02 1.84389e-11 0.00000e+00
7.44000e+02 1.18009e-11 0.00000e+00
7.45000e+02 1.53437e-11 0.00000e+00
7.46000e+02 1.55592e-11 0.00000e+00
7.47000e+02 1.40672e-11 0.00000e+00
7.48000e+02 1.10595e-11 0.00000e+00
7.49000e+02 1.50440e-11 0.00000e+00
7.50000e+02 1.36219e-11 0.00000e+00
7.51000e+02 1.65313e-11 0.00000e+00
7.52000e+02 1.43622e-11 0.00000e+00
7.53000e+02 1.49248e-11 0.00000e+00
7.54000e+02 1.64093e-11 0.00000e+00
7.55000e+02 1.46662e-11 0.00000e+00
7.56000e+02 1.26305e-11 0.00000e+00
7.57000e+02 9.73510e-12 0.00000e+00
7.58000e+02 1.27957e-11 0.00000e+00
7.59000e+02 1.20910e-11 0.00000e+00
7.60000e+02 9.80633e-12 0.00000e+00
7.61000e+02 1.69036e-11 0.00000e+00
7.62000e+02 1.35468e-11 0.00000e+00
7.63000e+02 1.65818e-11 0.00000e+00
7.64000e+02 1.57619e-11 0.00000e+00
7.65000e+02 1.14111e-11 0.00000e+00
7.66000e+02 1.47004e-11 0.00000e+00
7.67000e+02 1.42885e-11 0.00000e+00
7.68000e+02 1.74339e-11 0.00000e+00
7.69000e+02 1.46973e-11 0.00000e+00
7.70000e+02 1.01405e-11 0.00000e+00
7.71000e+02 1.43887e-11 0.00000e+00
7.72000e+02 1.03425e-11 0.00000e+00
7.73000e+02 1.22252e-11 0.00000e+00
7.74000e+02 1.56523e-11 0.00000e+00
7.75000e+02 1.12475e-11 0.00000e+00
7.76000e+02 1.15490e-11 0.00000e+00
7.77000e+02 1.26198e-11 0.00000e+00
7.78000e+02 1.49040e-11 0.00000e+00
7.79000e+02 1.40742e-11 0.00000e+00
7.80000e+02 1.29328e-11 0.00000e+00
7.81000e+02 1.57984e-11 0.00000e+00
7.82000e+02 1.37054e-11 0.00000e+00
7.83000e+02 1.25723e-11 0.00000e+00
7.84000e+02 1.00416e-11 0.00000e+00
7.85000e+02 1.32138e-11 0.00000e+00
7.86000e+02 9.28441e-12 0.00000e+00
7.87000e+02 1.54968e-11 0.00000e+00
7.88000e+02 1.71300e-11 0.00000e+00
7.89000e+02 1.33785e-11 0.00000e+00
7.90000e+02 1.17147e-11 0.00000e+00
7.91000e+02 1.27878e-11 0.00000e+00
7.92000e+02 1.45285e-11 0.00000e+00
7.93000e+02 1.27181e-11 0.00000e+00
7.94000e+02 1.49868e-11 0.00000e+00
7.95000e+02 1.02504e-11 0.00000e+00
7.96000e+02 1.87835e-11 0.00000e+00
7.97000e+02 1.54535e-11 0.00000e+00
7.98000e+02 1.30154e-11 0.00000e+00
7.99000e+02 1.16795e-11 0.00000e+00
8.00000e+02 9.29258e-12 0.00000e+00
8.01000e+02 1.48942e-11 0.00000e+00
8.02000e+02 1.46511e-11 0.00000e+00
8.03000e+02 1.47423e-11 0.00000e+00
8.04000e+02 1.05125e-11 0.00000e+00
8.05000e+02 9.86716e-12 0.00000e+00
8.06000e+02 1.60202e-11 0.00000e+00
8.07000e+02 1.27669e-11 0.00000e+00
8.08000e+02 1.16106e-11 0.00000e+00
8.09000e+02 1.12905e-11 0.00000e+00
8.10000e+02 1.80966e-11 0.00000e+00
8.11000e+02 1.10304e-11 0.00000e+00
8.12000e+02 1.03813e-11 0.00000e+00
8.13000e+02 1.57223e-11 0.00000e+00
8.14000e+02 1.44303e-11 0.00000e+00
8.15000e+02 1.16085e-11 0.00000e+00
8.16000e+02 1.50796e-11 0.00000e+00
8.17000e+02 1.56125e-11 0.00000e+00
8.18000e+02 1.23698e-11 0.00000e+00
8.19000e+02 1.71377e-11 0.00000e+00
8.20000e+02 1.64443e-11 0.00000e+00
8.21000e+02 1.03111e-11 0.00000e+00
8.22000e+02 1.55611e-11 0.00000e+00
8.23000e+02 1.51162e-11 0.00000e+00
8.24000e+02 1.15969e-11 0.00000e+00
8.25000e+02 1.17250e-11 0.00000e+00
8.26000e+02 1.57772e-11 0.00000e+00
8.27000e+02 1.29778e-11 0.00000e+00
8.28000e+02 7.37460e-12 0.00000e+00
8.29000e+02 1.36160e-11 0.00000e+00
8.30000e+02 1.36702e-11 0.00000e+00
8.31000e+02 1.34162e-11 0.00000e+00
8.32000e+02 8.72387e-12 0.00000e+00
8.33000e+02 1.46477e-11 0.00000e+00
8.34000e+02 1.30170e-11 0.00000e+00
8.35000e+02 1.58947e-11 0.00000e+00
8.36000e+02 1.38181e-11 0.00000e+00
8.37000e+02 1.18622e-11 0.00000e+00
8.38000e+02 1.04809e-11 0.00000e+00
8.39000e+02 1.54300e-11 0.00000e+00
8.40000e+02 1.37254e-11 0.00000e+00
8.41000e+02 1.40929e-11 0.00000e+00
8.42000e+02 1.02285e-11 0.00000e+00
8.43000e+02 1.40824e-11 0.00000e+00
8.44000e+02 1.17651e-11 0.00000e+00
8.45000e+02 1.78448e-11 0.00000e+00
8.46000e+02 1.23037e-11 0.00000e+00
8.47000e+02 1.27584e-11 0.00000e+00
8.48000e+02 9.36624e-12 0.00000e+00
8.49000e+02 1.08163e-11 0.00000e+00
8.50000e+02 1.09192e-11 0.00000e+00
8.51000e+02 1.27756e-11 0.00000e+00
8.52000e+02 1.50574e-11 0.00000e+00
8.53000e+02 1.12359e-11 0.00000e+00
8.54000e+02 1.14068e-11 0.00000e+00
8.55000e+02 1.31487e-11 0.00000e+00
8.56000e+02 1.30696e-11 0.00000e+00
8.57000e+02 1.02963e-11 0.00000e+00
8.58000e+02 1.68449e-11 0.00000e+00
8.59000e+02 1.41160e-11 0.00000e+00
8.60000e+02 1.08733e-11 0.00000e+00
8.61000e+02 1.11746e-11 0.00000e+00
8.62000e+02 1.22619e-11 0.00000e+00
8.63000e+02 1.17805e-11 0.00000e+00
8.64000e+02 9.67716e-12 0.00000e+00
8.65000e+02 1.40531e-11 0.00000e+00
8.66000e+02 1.52835e-11 0.00000e+00
8.67000e+02 9.68898e-12 0.00000e+00
8.68000e+02 1.09033e-11 0.00000e+00
8.69000e+02 1.28623e-11 0.00000e+00
8.70000e+02 1.50762e-11 0.00000e+00
8.71000e+02 1.26422e-11 0.00000e+00
8.72000e+02 1.14882e-11 0.00000e+00
8.73000e+02 1.58894e-11 0.00000e+00
8.74000e+02 1.33093e-11 0.00000e+00
8.75000e+02 1.11112e-11 0.00000e+00
8.76000e+02 1.03003e-11 0.00000e+00
8.77000e+02 1.53617e-11 0.00000e+00
8.78000e+02 1.42470e-11 0.00000e+00
8.79000e+02 1.05396e-11 0.00000e+00
8.80000e+02 1.24495e-11 0.00000e+00
8.81000e+02 1.16920e-11 0.00000e+00
8.82000e+02 1.04507e-11 0.00000e+00
8.83000e+02 1.31680e-11 0.00000e+00
8.84000e+02 1.33308e-11 0.00000e+00
8.85000e+02 1.20881e-11 0.00000e+00
8.86000e+02 1.15630e-11 0.00000e+00
8.87000e+02 1.24599e-11 0.00000e+00
8.88000e+02 1.22313e-11 0.00000e+00
8.89000e+02 1.10142e-11 0.00000e+00
8.90000e+02 1.05651e-11 0.00000e+00
8.91000e+02 1.01682e-11 0.00000e+00
8.92000e+02 1.38946e-11 0.00000e+00
8.93000e+02 1.12943e-11 0.00000e+00
8.94000e+02 1.04966e-11 0.00000e+00
8.95000e+02 1.26686e-11 0.00000e+00
8.96000e+02 1.30301e-11 0.00000e+00
8.97000e+02 1.05280e-11 0.00000e+00
8.98000e+02 9.64766e-12 0.00000e+00
8.99000e+02 1.25188e-11 0.00000e+00
9.00000e+02 1.32655e-11 0.00000e+00
9.01000e+02 1.19121e-11 0.00000e+00
9.02000e+02 1.41759e-11 0.00000e+00
9.03000e+02 1.32816e-11 0.00000e+00
9.04000e+02 1.16967e-11 0.00000e+00
9.05000e+02 1.19245e-11 0.00000e+00
9.06000e+02 1.49071e-11 0.00000e+00
9.07000e+02 1.30584e-11 0.00000e+00
9.08000e+02 9.65320e-12 0.00000e+00
9.09000e+02 1.04682e-11 0.00000e+00
9.10000e+02 1.21321e-11 0.00000e+00
9.11000e+02 1.31102e-11 0.00000e+00
9.12000e+02 1.42961e-11 0.00000e+00
9.13000e+02 1.10717e-11 0.00000e+00
9.14000e+02 1.38746e-11 0.00000e+00
9.15000e+02 1.22835e-11 0.00000e+00
9.16000e+02 1.23077e-11 0.00000e+00
9.17000e+02 1.20606e-11 0.00000e+00
9.18000e+02 1.11996e-11 0.00000e+00
9.19000e+02 1.21597e-11 0.00000e+00
9.20000e+02 1.24614e-11 0.00000e+00
9.21000e+02 1.33023e-11 0.00000e+00
9.22000e+02 1.08318e-11 0.00000e+00
9.23000e+02 9.41302e-12 0.00000e+00
9.24000e+02 1.28060e-11 0.00000e+00
9.25000e+02 1.29491e-11 0.00000e+00
9.26000e+02 1.21966e-11 0.00000e+00
9.27000e+02 1.19336e-11 0.00000e+00
9.28000e+02 1.08571e-11 0.00000e+00
9.29000e+02 1.07826e-11 0.00000e+00
9.30000e+02 1.06412e-11 0.00000e+00
9.31000e+02 1.16654e-11 0.00000e+00
9.32000e+02 1.29308e-11 0.00000e+00
9.33000e+02 1.25801e-11 0.00000e+00
9.34000e+02 1.27746e-11 0.00000e+00
9.35000e+02 9.91953e-12 0.00000e+00
9.36000e+02 1.15870e-11 0.00000e+00
9.37000e+02 1.46156e-11 0.00000e+00
9.38000e+02 1.07000e-11 0.00000e+00
9.39000e+02 1.32842e-11 0.00000e+00
9.40000e+02 1.38603e-11 0.00000e+00
9.41000e+02 1.10833e-11 0.00000e+00
9.42000e+02 9.32951e-12 0.00000e+00
9.43000e+02 1.27714e-11 0.00000e+00
9.44000e+02 8.47881e-12 0.00000e+00
9.45000e+02 1.03233e-11 0.00000e+00
9.46000e+02 1.17187e-11 0.00000e+00
9.47000e+02 1.08079e-11 0.00000e+00
9.48000e+02 8.43808e-12 0.00000e+00
9.49000e+02 1.19299e-11 0.00000e+00
9.50000e+02 1.12584e-11 0.00000e+00
9.51000e+02 9.90950e-12 0.00000e+00
9.52000e+02 8.39060e-12 0.00000e+00
9.53000e+02 1.01763e-11 0.00000e+00
9.54000e+02 1.17262e-11 0.00000e+00
9.55000e+02 1.21607e-11 0.00000e+00
9.56000e+02 1.17493e-11 0.00000e+00
9.57000e+02 8.84009e-12 0.00000e+00
9.58000e+02 6.88389e-12 0.00000e+00
9.59000e+02 1.37148e-11 0.00000e+00
9.60000e+02 1.20855e-11 0.00000e+00
9.61000e+02 1.18554e-11 0.00000e+00
9.62000e+02 1.18945e-11 0.00000e+00
9.63000e+02 1.10481e-11 0.00000e+00
9.64000e+02 8.97414e-12 0.00000e+00
9.65000e+02 1.09696e-11 0.00000e+00
9.66000e+02 1.01128e-11 0.00000e+00
9.67000e+02 1.00263e-11 0.00000e+00
9.68000e+02 8.55655e-12 0.00000e+00
9.69000e+02 1.03739e-11 0.00000e+00
9.70000e+02 9.83163e-12 0.00000e+00
9.71000e+02 1.16298e-11 0.00000e+00
9.72000e+02 1.14563e-11 0.00000e+00
9.73000e+02 1.04149e-11 0.00000e+00
9.74000e+02 1.08311e-11 0.00000e+00
9.75000e+02 1.33274e-11 0.00000e+00
9.76000e+02 1.19611e-11 0.00000e+00
9.77000e+02 1.16072e-11 0.00000e+00
9.78000e+02 1.56594e-11 0.00000e+00
9.79000e+02 1.03958e-11 0.00000e+00
9.80000e+02 1.06042e-11 0.00000e+00
9.81000e+02 1.15507e-11 0.00000e+00
9.82000e+02 1.08282e-11 0.00000e+00
9.83000e+02 1.08329e-11 0.00000e+00
9.84000e+02 9.57400e-12 0.00000e+00
9.85000e+02 1.31598e-11 0.00000e+00
9.86000e+02 8.43911e-12 0.00000e+00
9.87000e+02 8.87878e-12 0.00000e+00
9.88000e+02 1.12346e-11 0.00000e+00
9.89000e+02 6.81446e-12 0.00000e+00
9.90000e+02 8.86016e-12 0.00000e+00
9.91000e+02 9.80711e-12 0.00000e+00
9.92000e+02 1.10628e-11 0.00000e+00
9.93000e+02 1.25364e-11 0.00000e+00
9.94000e+02 9.99186e-12 0.00000e+00
9.95000e+02 1.00625e-11 0.00000e+00
9.96000e+02 1.14745e-11 0.00000e+00
9.97000e+02 9.22711e-12 0.00000e+00
9.98000e+02 1.09307e-11 0.00000e+00
9.99000e+02 1.05008e-11 0.00000e+00
1.00000e+03 9.29141e-12 0.00000e+00
1.00100e+03 1.04771e-11 0.00000e+00
1.00200e+03 1.28265e-11 0.00000e+00
1.00300e+03 7.55649e-12 0.00000e+00
1.00400e+03 1.10564e-11 0.00000e+00
1.00500e+03 1.03339e-11 0.00000e+00
1.00600e+03 1.03478e-11 0.00000e+00
1.00700e+03 1.00187e-11 0.00000e+00
1.00800e+03 1.26593e-11 0.00000e+00
1.00900e+03 1.16981e-11 0.00000e+00
1.01000e+03 1.43178e-11 0.00000e+00
1.01100e+03 8.99459e-12 0.00000e+00
1.01200e+03 9.96465e-12 0.00000e+00
1.01300e+03 1.38835e-11 0.00000e+00
1.01400e+03 1.07368e-11 0.00000e+00
1.01500e+03 1.19664e-11 0.00000e+00
1.01600e+03 8.64667e-12 0.00000e+00
1.01700e+03 1.06403e-11 0.00000e+00
1.01800e+03 9.80884e-12 0.00000e+00
1.01900e+03 9.83587e-12 0.00000e+00
1.02000e+03 1.10810e-11 0.00000e+00
1.02100e+03 1.19277e-11 0.00000e+00
1.02200e+03 9.48884e-12 0.00000e+00
1.02300e+03 1.42542e-11 0.00000e+00
1.02400e+03 7.34614e-12 0.00000e+00
1.02500e+03 1.08944e-11 0.00000e+00
1.02600e+03 1.10815e-11 0.00000e+00
1.02700e+03 8.55664e-12 0.00000e+00
1.02800e+03 1.11918e-11 0.00000e+00
1.02900e+03 1.06169e-11 0.00000e+00
1.03000e+03 1.00505e-11 0.00000e+00
1.03100e+03 1.23316e-11 0.00000e+00
1.03200e+03 9.07436e-12 0.00000e+00
1.03300e+03 1.00968e-11 0.00000e+00
1.03400e+03 9.89176e-12 0.00000e+00
1.03500e+03 1.00271e-11 0.00000e+00
1.03600e+03 1.06506e-11 0.00000e+00
1.03700e+03 9.23449e-12 0.00000e+00
1.03800e+03 8.44981e-12 0.00000e+00
1.03900e+03 1.21294e-11 0.00000e+00
1.04000e+03 9.06829e-12 0.00000e+00
1.04100e+03 1.01479e-11 0.00000e+00
1.04200e+03 9.84450e-12 0.00000e+00
1.04300e+03 9.60910e-12 0.00000e+00
1.04400e+03 8.78383e-12 0.00000e+00
1.04500e+03 8.24723e-12 0.00000e+00
1.04600e+03 1.11029e-11 0.00000e+00
1.04700e+03 8.74319e-12 0.00000e+00
1.04800e+03 8.69556e-12 0.00000e+00
1.04900e+03 8.44249e-12 0.00000e+00
1.05000e+03 1.23972e-11 0.00000e+00
1.05100e+03 9.18650e-12 0.00000e+00
1.05200e+03 9.26155e-12 0.00000e+00
1.05300e+03 1.23276e-11 0.00000e+00
1.05400e+03 9.39566e-12 0.00000e+00
1.05500e+03 1.10364e-11 0.00000e+00
1.05600e+03 1.02580e-11 0.00000e+00
1.05700e+03 1.12980e-11 0.00000e+00
1.05800e+03 9.76994e-12 0.00000e+00
1.05900e+03 8.39430e-12 0.00000e+00
1.06000e+03 8.59979e-12 0.00000e+00
1.06100e+03 1.14917e-11 0.00000e+00
1.06200e+03 1.28741e-11 0.00000e+00
1.06300e+03 1.16756e-11 0.00000e+00
1.06400e+03 1.09757e-11 0.00000e+00
1.06500e+03 9.67447e-12 0.00000e+00
1.06600e+03 9.87667e-12 0.00000e+00
1.06700e+03 7.58791e-12 0.00000e+00
1.06800e+03 8.17708e-12 0.00000e+00
1.06900e+03 8.77471e-12 0.00000e+00
1.07000e+03 1.16513e-11 0.00000e+00
1.07100e+03 9.17185e-12 0.00000e+00
1.07200e+03 9.34684e-12 0.00000e+00
1.07300e+03 9.33531e-12 0.00000e+00
1.07400e+03 8.72012e-12 0.00000e+00
1.07500e+03 9.64037e-12 0.00000e+00
1.07600e+03 9.89992e-12 0.00000e+00
1.07700e+03 1.01558e-11 0.00000e+00
1.07800e+03 9.96079e-12 0.00000e+00
1.07900e+03 1.07075e-11 0.00000e+00
1.08000e+03 9.40365e-12 0.00000e+00
1.08100e+03 9.67343e-12 0.00000e+00
1.08200e+03 8.33492e-12 0.00000e+00
1.08300e+03 9.44882e-12 0.00000e+00
1.08400e+03 9.41762e-12 0.00000e+00
1.08500e+03 1.06287e-11 0.00000e+00
1.08600e+03 9.48261e-12 0.00000e+00
1.08700e+03 8.79874e-12 0.00000e+00
1.08800e+03 9.07565e-12 0.00000e+00
1.08900e+03 9.85771e-12 0.00000e+00
1.09000e+03 1.23557e-11 0.00000e+00
1.09100e+03 8.26458e-12 0.00000e+00
1.09200e+03 9.14689e-12 0.00000e+00
1.09300e+03 9.76500e-12 0.00000e+00
1.09400e+03 1.12413e-11 0.00000e+00
1.09500e+03 7.93511e-12 0.00000e+00
1.09600e+03 9.06527e-12 0.00000e+00
1.09700e+03 8.59713e-12 0.00000e+00
1.09800e+03 1.03262e-11 0.00000e+00
1.09900e+03 1.01448e-11 0.00000e+00
1.10000e+03 7.53780e-12 0.00000e+00
1.10100e+03 1.09681e-11 0.00000e+00
1.10200e+03 8.15389e-12 0.00000e+00
1.10300e+03 1.01498e-11 0.00000e+00
1.10400e+03 1.10367e-11 0.00000e+00
1.10500e+03 1.07556e-11 0.00000e+00
1.10600e+03 9.61551e-12 0.00000e+00
1.10700e+03 8.44590e-12 0.00000e+00
1.10800e+03 9.74353e-12 0.00000e+00
1.10900e+03 1.10360e-11 0.00000e+00
1.11000e+03 8.25531e-12 0.00000e+00
1.11100e+03 8.96940e-12 0.00000e+00
1.11200e+03 9.22138e-12 0.00000e+00
1.11300e+03 9.96955e-12 0.00000e+00
1.11400e+03 7.47319e-12 0.00000e+00
1.11500e+03 9.12274e-12 0.00000e+00
1.11600e+03 9.77655e-12 0.00000e+00
1.11700e+03 1.04977e-11 0.00000e+00
1.11800e+03 1.01595e-11 0.00000e+00
1.11900e+03 8.59871e-12 0.00000e+00
1.12000e+03 1.05899e-11 0.00000e+00
1.12100e+03 8.93888e-12 0.00000e+00
1.12200e+03 1.02508e-11 0.00000e+00
1.12300e+03 9.10116e-12 0.00000e+00
1.12400e+03 8.19159e-12 0.00000e+00
1.12500e+03 1.09552e-11 0.00000e+00
1.12600e+03 6.93005e-12 0.00000e+00
1.12700e+03 9.97979e-12 0.00000e+00
1.12800e+03 1.01209e-11 0.00000e+00
1.12900e+03 9.08270e-12 0.00000e+00
1.13000e+03 9.99626e-12 0.00000e+00
1.13100e+03 9.78317e-12 0.00000e+00
1.13200e+03 8.16842e-12 0.00000e+00
1.13300e+03 1.04999e-11 0.00000e+00
1.13400e+03 8.04528e-12 0.00000e+00
1.13500e+03 9.94083e-12 0.00000e+00
1.13600e+03 8.05100e-12 0.00000e+00
1.13700e+03 8.28919e-12 0.00000e+00
1.13800e+03 1.04747e-11 0.00000e+00
1.13900e+03 8.10974e-12 0.00000e+00
1.14000e+03 1.02373e-11 0.00000e+00
1.14100e+03 8.86568e-12 0.00000e+00
1.14200e+03 9.38363e-12 0.00000e+00
1.14300e+03 9.29928e-12 0.00000e+00
1.14400e+03 9.56379e-12 0.00000e+00
1.14500e+03 7.95658e-12 0.00000e+00
1.14600e+03 9.63969e-12 0.00000e+00
1.14700e+03 9.82296e-12 0.00000e+00
1.14800e+03 8.20361e-12 0.00000e+00
1.14900e+03 6.72443e-12 0.00000e+00
1.15000e+03 1.07219e-11 0.00000e+00
1.15100e+03 8.59106e-12 0.00000e+00
1.15200e+03 8.47853e-12 0.00000e+00
1.15300e+03 1.01904e-11 0.00000e+00
1.15400e+03 1.02350e-11 0.00000e+00
1.15500e+03 8.49445e-12 0.00000e+00
1.15600e+03 9.45027e-12 0.00000e+00
1.15700e+03 7.41401e-12 0.00000e+00
1.15800e+03 7.53836e-12 0.00000e+00
1.15900e+03 8.38819e-12 0.00000e+00
1.16000e+03 8.48556e-12 0.00000e+00
1.16100e+03 7.15238e-12 0.00000e+00
1.16200e+03 9.31221e-12 0.00000e+00
1.16300e+03 9.98886e-12 0.00000e+00
1.16400e+03 9.31413e-12 0.00000e+00
1.16500e+03 8.72716e-12 0.00000e+00
1.16600e+03 8.71239e-12 0.00000e+00
1.16700e+03 8.82139e-12 0.00000e+00
1.16800e+03 8.45296e-12 0.00000e+00
1.16900e+03 9.43319e-12 0.00000e+00
1.17000e+03 8.45087e-12 0.00000e+00
1.17100e+03 9.02991e-12 0.00000e+00
1.17200e+03 1.01831e-11 0.00000e+00
1.17300e+03 8.05624e-12 0.00000e+00
1.17400e+03 1.07713e-11 0.00000e+00
1.17500e+03 8.42013e-12 0.00000e+00
1.17600e+03 9.15526e-12 0.00000e+00
1.17700e+03 9.36902e-12 0.00000e+00
1.17800e+03 1.03257e-11 0.00000e+00
1.17900e+03 9.48054e-12 0.00000e+00
1.18000e+03 9.15934e-12 0.00000e+00
1.18100e+03 9.07405e-12 0.00000e+00
1.18200e+03 7.85510e-12 0.00000e+00
1.18300e+03 8.83199e-12 0.00000e+00
1.18400e+03 8.18615e-12 0.00000e+00
1.18500e+03 9.77981e-12 0.00000e+00
1.18600e+03 7.91326e-12 0.00000e+00
1.18700e+03 6.88411e-12 0.00000e+00
1.18800e+03 9.15496e-12 0.00000e+00
1.18900e+03 9.64227e-12 0.00000e+00
1.19000e+03 8.45656e-12 0.00000e+00
1.19100e+03 9.30524e-12 0.00000e+00
1.19200e+03 1.02163e-11 0.00000e+00
1.19300e+03 6.93994e-12 0.00000e+00
1.19400e+03 9.41001e-12 0.00000e+00
1.19500e+03 6.13460e-12 0.00000e+00
1.19600e+03 7.23913e-12 0.00000e+00
1.19700e+03 9.86933e-12 0.00000e+00
1.19800e+03 8.65604e-12 0.00000e+00
1.19900e+03 8.87861e-12 0.00000e+00
1.20000e+03 6.55726e-12 0.00000e+00
1.20100e+03 7.49832e-12 0.00000e+00
1.20200e+03 7.30704e-12 0.00000e+00
1.20300e+03 8.08863e-12 0.00000e+00
1.20400e+03 9.01555e-12 0.00000e+00
1.20500e+03 8.71013e-12 0.00000e+00
1.20600e+03 1.04636e-11 0.00000e+00
1.20700e+03 6.36105e-12 0.00000e+00
1.20800e+03 9.45380e-12 0.00000e+00
1.20900e+03 7.91509e-12 0.00000e+00
1.21000e+03 7.80133e-12 0.00000e+00
1.21100e+03 9.62362e-12 0.00000e+00
1.21200e+03 8.79775e-12 0.00000e+00
1.21300e+03 7.76068e-12 0.00000e+00
1.21400e+03 7.36390e-12 0.00000e+00
1.21500e+03 8.43894e-12 0.00000e+00
1.21600e+03 8.35271e-12 0.00000e+00
1.21700e+03 7.33214e-12 0.00000e+00
1.21800e+03 7.41287e-12 0.00000e+00
1.21900e+03 7.99729e-12 0.00000e+00
1.22000e+03 7.83267e-12 0.00000e+00
1.22100e+03 7.43103e-12 0.00000e+00
1.22200e+03 8.01090e-12 0.00000e+00
1.22300e+03 6.49883e-12 0.00000e+00
1.22400e+03 8.07910e-12 0.00000e+00
1.22500e+03 8.08942e-12 0.00000e+00
1.22600e+03 7.74987e-12 0.00000e+00
1.22700e+03 9.53986e-12 0.00000e+00
1.22800e+03 9.92114e-12 0.00000e+00
1.22900e+03 8.33845e-12 0.00000e+00
1.23000e+03 7.65162e-12 0.00000e+00
1.23100e+03 7.38971e-12 0.00000e+00
1.23200e+03 8.82415e-12 0.00000e+00
1.23300e+03 7.54669e-12 0.00000e+00
1.23400e+03 7.81272e-12 0.00000e+00
1.23500e+03 7.96837e-12 0.00000e+00
1.23600e+03 8.94041e-12 0.00000e+00
1.23700e+03 7.84102e-12 0.00000e+00
1.23800e+03 7.52041e-12 0.00000e+00
1.23900e+03 7.93327e-12 0.00000e+00
1.24000e+03 9.44401e-12 0.00000e+00
1.24100e+03 7.09645e-12 0.00000e+00
1.24200e+03 6.08326e-12 0.00000e+00
1.24300e+03 7.39350e-12 0.00000e+00
1.24400e+03 7.31834e-12 0.00000e+00
1.24500e+03 7.24798e-12 0.00000e+00
1.24600e+03 7.83080e-12 0.00000e+00
1.24700e+03 9.58724e-12 0.00000e+00
1.24800e+03 5.98415e-12 0.00000e+00
1.24900e+03 7.99767e-12 0.00000e+00
1.25000e+03 6.50296e-12 0.00000e+00
1.25100e+03 8.92977e-12 0.00000e+00
1.25200e+03 6.93275e-12 0.00000e+00
1.25300e+03 8.44760e-12 0.00000e+00
1.25400e+03 7.75629e-12 0.00000e+00
1.25500e+03 6.95971e-12 0.00000e+00
1.25600e+03 7.52652e-12 0.00000e+00
1.25700e+03 5.60269e-12 0.00000e+00
1.25800e+03 8.66538e-12 0.00000e+00
1.25900e+03 8.63233e-12 0.00000e+00
1.26000e+03 7.69527e-12 0.00000e+00
1.26100e+03 7.72110e-12 0.00000e+00
1.26200e+03 6.74420e-12 0.00000e+00
1.26300e+03 6.46812e-12 0.00000e+00
1.26400e+03 8.14033e-12 0.00000e+00
1.26500e+03 7.40566e-12 0.00000e+00
1.26600e+03 8.56049e-12 0.00000e+00
1.26700e+03 7.90366e-12 0.00000e+00
1.26800e+03 8.45714e-12 0.00000e+00
1.26900e+03 7.81726e-12 0.00000e+00
1.27000e+03 7.01557e-12 0.00000e+00
1.27100e+03 8.30286e-12 0.00000e+00
1.27200e+03 9.98740e-12 0.00000e+00
1.27300e+03 7.43815e-12 0.00000e+00
1.27400e+03 6.79388e-12 0.00000e+00
1.27500e+03 7.15146e-12 0.00000e+00
1.27600e+03 8.04626e-12 0.00000e+00
1.27700e+03 9.29226e-12 0.00000e+00
1.27800e+03 7.79527e-12 0.00000e+00
1.27900e+03 8.15980e-12 0.00000e+00
1.28000e+03 8.19093e-12 0.00000e+00
1.28100e+03 7.56643e-12 0.00000e+00
1.28200e+03 6.62521e-12 0.00000e+00
1.28300e+03 6.30300e-12 0.00000e+00
1.28400e+03 7.63929e-12 0.00000e+00
1.28500e+03 5.65584e-12 0.00000e+00
1.28600e+03 7.25441e-12 0.00000e+00
1.28700e+03 6.45309e-12 0.00000e+00
1.28800e+03 7.80271e-12 0.00000e+00
1.28900e+03 7.48562e-12 0.00000e+00
1.29000e+03 6.37269e-12 0.00000e+00
1.29100e+03 7.28024e-12 0.00000e+00
1.29200e+03 8.16780e-12 0.00000e+00
1.29300e+03 7.93356e-12 0.00000e+00
1.29400e+03 8.38697e-12 0.00000e+00
1.29500e+03 7.92536e-12 0.00000e+00
1.29600e+03 7.19433e-12 0.00000e+00
1.29700e+03 6.52039e-12 0.00000e+00
1.29800e+03 5.37247e-12 0.00000e+00
1.29900e+03 7.69975e-12 0.00000e+00
1.30000e+03 7.90194e-12 0.00000e+00
1.30100e+03 6.18600e-12 0.00000e+00
1.30200e+03 7.93552e-12 0.00000e+00
1.30300e+03 7.74024e-12 0.00000e+00
1.30400e+03 8.22513e-12 0.00000e+00
1.30500e+03 5.61323e-12 0.00000e+00
1.30600e+03 8.13916e-12 0.00000e+00
1.30700e+03 7.01936e-12 0.00000e+00
1.30800e+03 6.40791e-12 0.00000e+00
1.30900e+03 7.31820e-12 0.00000e+00
1.31000e+03 6.50513e-12 0.00000e+00
1.31100e+03 7.28055e-12 0.00000e+00
1.31200e+03 7.93416e-12 0.00000e+00
1.31300e+03 8.14911e-12 0.00000e+00
1.31400e+03 5.70771e-12 0.00000e+00
1.31500e+03 7.92355e-12 0.00000e+00
1.31600e+03 6.41182e-12 0.00000e+00
1.31700e+03 7.05313e-12 0.00000e+00
1.31800e+03 8.21427e-12 0.00000e+00
1.31900e+03 6.97731e-12 0.00000e+00
1.32000e+03 7.96485e-12 0.00000e+00
1.32100e+03 7.03601e-12 0.00000e+00
1.32200e+03 6.90160e-12 0.00000e+00
1.32300e+03 6.95341e-12 0.00000e+00
1.32400e+03 7.07033e-12 0.00000e+00
1.32500e+03 6.98626e-12 0.00000e+00
1.32600e+03 6.09824e-12 0.00000e+00
1.32700e+03 5.88769e-12 0.00000e+00
1.32800e+03 7.84840e-12 0.00000e+00
1.32900e+03 6.90018e-12 0.00000e+00
1.33000e+03 7.30634e-12 0.00000e+00
1.33100e+03 7.31899e-12 0.00000e+00
1.33200e+03 8.58642e-12 0.00000e+00
1.33300e+03 7.34132e-12 0.00000e+00
1.33400e+03 7.59280e-12 0.00000e+00
1.33500e+03 7.35001e-12 0.00000e+00
1.33600e+03 6.28568e-12 0.00000e+00
1.33700e+03 5.85439e-12 0.00000e+00
1.33800e+03 6.75245e-12 0.00000e+00
1.33900e+03 7.09015e-12 0.00000e+00
1.34000e+03 5.98749e-12 0.00000e+00
1.34100e+03 7.75161e-12 0.00000e+00
1.34200e+03 7.11497e-12 0.00000e+00
1.34300e+03 7.77380e-12 0.00000e+00
1.34400e+03 8.17928e-12 0.00000e+00
1.34500e+03 6.57331e-12 0.00000e+00
1.34600e+03 7.22912e-12 0.00000e+00
1.34700e+03 5.89082e-12 0.00000e+00
1.34800e+03 8.70368e-12 0.00000e+00
1.34900e+03 7.01707e-12 0.00000e+00
1.35000e+03 7.24189e-12 0.00000e+00
1.35100e+03 7.85470e-12 0.00000e+00
1.35200e+03 8.20807e-12 0.00000e+00
1.35300e+03 5.53049e-12 0.00000e+00
1.35400e+03 7.39776e-12 0.00000e+00
1.35500e+03 6.61852e-12 0.00000e+00
1.35600e+03 6.37504e-12 0.00000e+00
1.35700e+03 6.58968e-12 0.00000e+00
1.35800e+03 7.60528e-12 0.00000e+00
1.35900e+03 7.74398e-12 0.00000e+00
1.36000e+03 6.75981e-12 0.00000e+00
1.36100e+03 7.91677e-12 0.00000e+00
1.36200e+03 7.80822e-12 0.00000e+00
1.36300e+03 7.40313e-12 0.00000e+00
1.36400e+03 6.61528e-12 0.00000e+00
1.36500e+03 6.26416e-12 0.00000e+00
1.36600e+03 5.84842e-12 0.00000e+00
1.36700e+03 6.27395e-12 0.00000e+00
1.36800e+03 6.67524e-12 0.00000e+00
1.36900e+03 5.90593e-12 0.00000e+00
1.37000e+03 6.63117e-12 0.00000e+00
1.37100e+03 6.35951e-12 0.00000e+00
1.37200e+03 6.85263e-12 0.00000e+00
1.37300e+03 7.02426e-12 0.00000e+00
1.37400e+03 5.55727e-12 0.00000e+00
1.37500e+03 6.49157e-12 0.00000e+00
1.37600e+03 7.21725e-12 0.00000e+00
1.37700e+03 6.79957e-12 0.00000e+00
1.37800e+03 7.34045e-12 0.00000e+00
1.37900e+03 8.64751e-12 0.00000e+00
1.38000e+03 6.94056e-12 0.00000e+00
1.38100e+03 8.42030e-12 0.00000e+00
1.38200e+03 7.85154e-12 0.00000e+00
1.38300e+03 6.85938e-12 0.00000e+00
1.38400e+03 5.73378e-12 0.00000e+00
1.38500e+03 6.71320e-12 0.00000e+00
1.38600e+03 7.82884e-12 0.00000e+00
1.38700e+03 7.52054e-12 0.00000e+00
1.38800e+03 5.38249e-12 0.00000e+00
1.38900e+03 6.56560e-12 0.00000e+00
1.39000e+03 6.73799e-12 0.00000e+00
1.39100e+03 6.44609e-12 0.00000e+00
1.39200e+03 5.68867e-12 0.00000e+00
1.39300e+03 7.90500e-12 0.00000e+00
1.39400e+03 7.27102e-12 0.00000e+00
1.39500e+03 7.15400e-12 0.00000e+00
1.39600e+03 8.12139e-12 0.00000e+00
1.39700e+03 6.26347e-12 0.00000e+00
1.39800e+03 7.48668e-12 0.00000e+00
1.39900e+03 7.51054e-12 0.00000e+00
1.40000e+03 8.84361e-12 0.00000e+00
1.40100e+03 6.18397e-12 0.00000e+00
1.40200e+03 5.71773e-12 0.00000e+00
1.40300e+03 7.52090e-12 0.00000e+00
1.40400e+03 4.96239e-12 0.00000e+00
1.40500e+03 5.83435e-12 0.00000e+00
1.40600e+03 5.86547e-12 0.00000e+00
1.40700e+03 6.77222e-12 0.00000e+00
1.40800e+03 6.96274e-12 0.00000e+00
1.40900e+03 6.57594e-12 0.00000e+00
1.41000e+03 6.03273e-12 0.00000e+00
1.41100e+03 6.09983e-12 0.00000e+00
1.41200e+03 5.46602e-12 0.00000e+00
1.41300e+03 6.49698e-12 0.00000e+00
1.41400e+03 6.55715e-12 0.00000e+00
1.41500e+03 7.35490e-12 0.00000e+00
1.41600e+03 6.69430e-12 0.00000e+00
1.41700e+03 5.52123e-12 0.00000e+00
1.41800e+03 5.85434e-12 0.00000e+00
1.41900e+03 7.10649e-12 0.00000e+00
1.42000e+03 5.46579e-12 0.00000e+00
1.42100e+03 6.41341e-12 0.00000e+00
1.42200e+03 7.09627e-12 0.00000e+00
1.42300e+03 5.05814e-12 0.00000e+00
1.42400e+03 5.69739e-12 0.00000e+00
1.42500e+03 6.85494e-12 0.00000e+00
1.42600e+03 5.40212e-12 0.00000e+00
1.42700e+03 5.50413e-12 0.00000e+00
1.42800e+03 6.25290e-12 0.00000e+00
1.42900e+03 6.27428e-12 0.00000e+00
1.43000e+03 6.42691e-12 0.00000e+00
1.43100e+03 4.93265e-12 0.00000e+00
1.43200e+03 5.34036e-12 0.00000e+00
1.43300e+03 6.21723e-12 0.00000e+00
1.43400e+03 6.55853e-12 0.00000e+00
1.43500e+03 5.53745e-12 0.00000e+00
1.43600e+03 6.29982e-12 0.00000e+00
1.43700e+03 6.56760e-12 0.00000e+00
1.43800e+03 6.83479e-12 0.00000e+00
1.43900e+03 5.97395e-12 0.00000e+00
1.44000e+03 6.39318e-12 0.00000e+00
1.44100e+03 5.98083e-12 0.00000e+00
1.44200e+03 7.08139e-12 0.00000e+00
1.44300e+03 6.34390e-12 0.00000e+00
1.44400e+03 7.55777e-12 0.00000e+00
1.44500e+03 6.08632e-12 0.00000e+00
1.44600e+03 5.14772e-12 0.00000e+00
1.44700e+03 5.71140e-12 0.00000e+00
1.44800e+03 7.73725e-12 0.00000e+00
1.44900e+03 4.55230e-12 0.00000e+00
1.45000e+03 7.49915e-12 0.00000e+00
1.45100e+03 6.75728e-12 0.00000e+00
1.45200e+03 6.20776e-12 0.00000e+00
1.45300e+03 5.65630e-12 0.00000e+00
1.45400e+03 6.14207e-12 0.00000e+00
1.45500e+03 6.60020e-12 0.00000e+00
1.45600e+03 6.14866e-12 0.00000e+00
1.45700e+03 5.28779e-12 0.00000e+00
1.45800e+03 6.55040e-12 0.00000e+00
1.45900e+03 6.18432e-12 0.00000e+00
1.46000e+03 5.61088e-12 0.00000e+00
1.46100e+03 5.90053e-12 0.00000e+00
1.46200e+03 6.29671e-12 0.00000e+00
1.46300e+03 5.51137e-12 0.00000e+00
1.46400e+03 5.17650e-12 0.00000e+00
1.46500e+03 6.25187e-12 0.00000e+00
1.46600e+03 6.12975e-12 0.00000e+00
1.46700e+03 6.08174e-12 0.00000e+00
1.46800e+03 6.33508e-12 0.00000e+00
1.46900e+03 6.43500e-12 0.00000e+00
1.47000e+03 5.20293e-12 0.00000e+00
1.47100e+03 4.66814e-12 0.00000e+00
1.47200e+03 6.58567e-12 0.00000e+00
1.47300e+03 5.77665e-12 0.00000e+00
1.47400e+03 6.26172e-12 0.00000e+00
1.47500e+03 6.24379e-12 0.00000e+00
1.47600e+03 7.11802e-12 0.00000e+00
1.47700e+03 5.37884e-12 0.00000e+00
1.47800e+03 6.50881e-12 0.00000e+00
1.47900e+03 6.19043e-12 0.00000e+00
1.48000e+03 5.90511e-12 0.00000e+00
1.48100e+03 5.51881e-12 0.00000e+00
1.48200e+03 6.85825e-12 0.00000e+00
1.48300e+03 7.18064e-12 0.00000e+00
1.48400e+03 5.07868e-12 0.00000e+00
1.48500e+03 4.92554e-12 0.00000e+00
1.48600e+03 5.80483e-12 0.00000e+00
1.48700e+03 5.84338e-12 0.00000e+00
1.48800e+03 4.96329e-12 0.00000e+00
1.48900e+03 5.96859e-12 0.00000e+00
1.49000e+03 5.55306e-12 0.00000e+00
1.49100e+03 5.00429e-12 0.00000e+00
1.49200e+03 5.85571e-12 0.00000e+00
1.49300e+03 5.81298e-12 0.00000e+00
1.49400e+03 4.78862e-12 0.00000e+00
1.49500e+03 5.70451e-12 0.00000e+00
1.49600e+03 4.61076e-12 0.00000e+00
1.49700e+03 4.55771e-12 0.00000e+00
1.49800e+03 6.45870e-12 0.00000e+00
1.49900e+03 5.49863e-12 0.00000e+00
1.50000e+03 6.10141e-12 0.00000e+00
1.50100e+03 5.36735e-12 0.00000e+00
1.50200e+03 5.77098e-12 0.00000e+00
1.50300e+03 5.73574e-12 0.00000e+00
1.50400e+03 5.54395e-12 0.00000e+00
1.50500e+03 5.30939e-12 0.00000e+00
1.50600e+03 6.76747e-12 0.00000e+00
1.50700e+03 6.15384e-12 0.00000e+00
1.50800e+03 5.80911e-12 0.00000e+00
1.50900e+03 5.57141e-12 0.00000e+00
1.51000e+03 5.93995e-12 0.00000e+00
1.51100e+03 4.30256e-12 0.00000e+00
1.51200e+03 5.79417e-12 0.00000e+00
1.51300e+03 6.13578e-12 0.00000e+00
1.51400e+03 5.18462e-12 0.00000e+00
1.51500e+03 5.69396e-12 0.00000e+00
1.51600e+03 4.92484e-12 0.00000e+00
1.51700e+03 5.84300e-12 0.00000e+00
1.51800e+03 6.15517e-12 0.00000e+00
1.51900e+03 4.75790e-12 0.00000e+00
1.52000e+03 6.45027e-12 0.00000e+00
1.52100e+03 4.94568e-12 0.00000e+00
1.52200e+03 5.37220e-12 0.00000e+00
1.52300e+03 6.06355e-12 0.00000e+00
1.52400e+03 4.88692e-12 0.00000e+00
1.52500e+03 5.76099e-12 0.00000e+00
1.52600e+03 4.85915e-12 0.00000e+00
1.52700e+03 5.83660e-12 0.00000e+00
1.52800e+03 5.76428e-12 0.00000e+00
1.52900e+03 5.55298e-12 0.00000e+00
1.53000e+03 6.71670e-12 0.00000e+00
1.53100e+03 5.32692e-12 0.00000e+00
1.53200e+03 4.20723e-12 0.00000e+00
1.53300e+03 6.61853e-12 0.00000e+00
1.53400e+03 4.90717e-12 0.00000e+00
1.53500e+03 6.26026e-12 0.00000e+00
1.53600e+03 4.39113e-12 0.00000e+00
1.53700e+03 5.05968e-12 0.00000e+00
1.53800e+03 5.94559e-12 0.00000e+00
1.53900e+03 5.74411e-12 0.00000e+00
1.54000e+03 6.27738e-12 0.00000e+00
1.54100e+03 5.05633e-12 0.00000e+00
1.54200e+03 6.51053e-12 0.00000e+00
1.54300e+03 5.33954e-12 0.00000e+00
1.54400e+03 5.99154e-12 0.00000e+00
1.54500e+03 5.03450e-12 0.00000e+00
1.54600e+03 4.83313e-12 0.00000e+00
1.54700e+03 5.70712e-12 0.00000e+00
1.54800e+03 6.18223e-12 0.00000e+00
1.54900e+03 4.37943e-12 0.00000e+00
1.55000e+03 4.88915e-12 0.00000e+00
1.55100e+03 6.64747e-12 0.00000e+00
1.55200e+03 5.26795e-12 0.00000e+00
1.55300e+03 5.08321e-12 0.00000e+00
1.55400e+03 5.52042e-12 0.00000e+00
1.55500e+03 5.48258e-12 0.00000e+00
1.55600e+03 4.88397e-12 0.00000e+00
1.55700e+03 4.57635e-12 0.00000e+00
1.55800e+03 4.68433e-12 0.00000e+00
1.55900e+03 6.13222e-12 0.00000e+00
1.56000e+03 5.20163e-12 0.00000e+00
1.56100e+03 4.94278e-12 0.00000e+00
1.56200e+03 4.99812e-12 0.00000e+00
1.56300e+03 5.92251e-12 0.00000e+00
1.56400e+03 4.08402e-12 0.00000e+00
1.56500e+03 6.11982e-12 0.00000e+00
1.56600e+03 5.13929e-12 0.00000e+00
1.56700e+03 4.88002e-12 0.00000e+00
1.56800e+03 5.35297e-12 0.00000e+00
1.56900e+03 4.51445e-12 0.00000e+00
1.57000e+03 5.03481e-12 0.00000e+00
1.57100e+03 4.84053e-12 0.00000e+00
1.57200e+03 5.43330e-12 0.00000e+00
1.57300e+03 5.17641e-12 0.00000e+00
1.57400e+03 5.28526e-12 0.00000e+00
1.57500e+03 6.05045e-12 0.00000e+00
1.57600e+03 4.89729e-12 0.00000e+00
1.57700e+03 3.67977e-12 0.00000e+00
1.57800e+03 4.96301e-12 0.00000e+00
1.57900e+03 5.05611e-12 0.00000e+00
1.58000e+03 4.98038e-12 0.00000e+00
1.58100e+03 5.18972e-12 0.00000e+00
1.58200e+03 6.04871e-12 0.00000e+00
1.58300e+03 5.25390e-12 0.00000e+00
1.58400e+03 5.39234e-12 0.00000e+00
1.58500e+03 5.35805e-12 0.00000e+00
1.58600e+03 5.94086e-12 0.00000e+00
1.58700e+03 4.86028e-12 0.00000e+00
1.58800e+03 5.75126e-12 0.00000e+00
1.58900e+03 5.23681e-12 0.00000e+00
1.59000e+03 4.85723e-12 0.00000e+00
1.59100e+03 4.44487e-12 0.00000e+00
1.59200e+03 5.40299e-12 0.00000e+00
1.59300e+03 4.84913e-12 0.00000e+00
1.59400e+03 4.67183e-12 0.00000e+00
1.59500e+03 4.63014e-12 0.00000e+00
1.59600e+03 5.28554e-12 0.00000e+00
1.59700e+03 4.25267e-12 0.00000e+00
1.59800e+03 5.39554e-12 0.00000e+00
1.59900e+03 4.60063e-12 0.00000e+00
1.60000e+03 5.87449e-12 0.00000e+00
1.60100e+03 4.26684e-12 0.00000e+00
1.60200e+03 5.36049e-12 0.00000e+00
1.60300e+03 5.36974e-12 0.00000e+00
1.60400e+03 4.65415e-12 0.00000e+00
1.60500e+03 4.74524e-12 0.00000e+00
1.60600e+03 4.93454e-12 0.00000e+00
1.60700e+03 5.57186e-12 0.00000e+00
1.60800e+03 5.67582e-12 0.00000e+00
1.60900e+03 5.76701e-12 0.00000e+00
1.61000e+03 5.33193e-12 0.00000e+00
1.61100e+03 4.70527e-12 0.00000e+00
1.61200e+03 4.33891e-12 0.00000e+00
1.61300e+03 5.10978e-12 0.00000e+00
1.61400e+03 3.93294e-12 0.00000e+00
1.61500e+03 4.10659e-12 0.00000e+00
1.61600e+03 5.70988e-12 0.00000e+00
1.61700e+03 6.26485e-12 0.00000e+00
1.61800e+03 5.47926e-12 0.00000e+00
1.61900e+03 4.24687e-12 0.00000e+00
1.62000e+03 5.52559e-12 0.00000e+00
1.62100e+03 5.55063e-12 0.00000e+00
1.62200e+03 5.26795e-12 0.00000e+00
1.62300e+03 4.86510e-12 0.00000e+00
1.62400e+03 5.08721e-12 0.00000e+00
1.62500e+03 5.51460e-12 0.00000e+00
1.62600e+03 4.53808e-12 0.00000e+00
1.62700e+03 5.28052e-12 0.00000e+00
1.62800e+03 5.69874e-12 0.00000e+00
1.62900e+03 4.98253e-12 0.00000e+00
1.63000e+03 5.31310e-12 0.00000e+00
1.63100e+03 5.77949e-12 0.00000e+00
1.63200e+03 4.82304e-12 0.00000e+00
1.63300e+03 4.68637e-12 0.00000e+00
1.63400e+03 4.79007e-12 0.00000e+00
1.63500e+03 5.14206e-12 0.00000e+00
1.63600e+03 3.81285e-12 0.00000e+00
1.63700e+03 6.20540e-12 0.00000e+00
1.63800e+03 5.18545e-12 0.00000e+00
1.63900e+03 5.35797e-12 0.00000e+00
1.64000e+03 5.36468e-12 0.00000e+00
1.64100e+03 4.91942e-12 0.00000e+00
1.64200e+03 5.70834e-12 0.00000e+00
1.64300e+03 4.70949e-12 0.00000e+00
1.64400e+03 5.05922e-12 0.00000e+00
1.64500e+03 5.42162e-12 0.00000e+00
1.64600e+03 4.44233e-12 0.00000e+00
1.64700e+03 5.16223e-12 0.00000e+00
1.64800e+03 5.27983e-12 0.00000e+00
1.64900e+03 4.44892e-12 0.00000e+00
1.65000e+03 5.14455e-12 0.00000e+00
1.65100e+03 4.56818e-12 0.00000e+00
1.65200e+03 4.23044e-12 0.00000e+00
1.65300e+03 5.56499e-12 0.00000e+00
1.65400e+03 5.28024e-12 0.00000e+00
1.65500e+03 4.39043e-12 0.00000e+00
1.65600e+03 4.98809e-12 0.00000e+00
1.65700e+03 6.31325e-12 0.00000e+00
1.65800e+03 4.65037e-12 0.00000e+00
1.65900e+03 4.11597e-12 0.00000e+00
1.66000e+03 4.81234e-12 0.00000e+00
1.66100e+03 3.81911e-12 0.00000e+00
1.66200e+03 4.41368e-12 0.00000e+00
1.66300e+03 4.84852e-12 0.00000e+00
1.66400e+03 3.72821e-12 0.00000e+00
1.66500e+03 4.86188e-12 0.00000e+00
1.66600e+03 4.88082e-12 0.00000e+00
1.66700e+03 3.78705e-12 0.00000e+00
1.66800e+03 5.02176e-12 0.00000e+00
1.66900e+03 3.71889e-12 0.00000e+00
1.67000e+03 5.34985e-12 0.00000e+00
1.67100e+03 4.33936e-12 0.00000e+00
1.67200e+03 4.37108e-12 0.00000e+00
1.67300e+03 4.81283e-12 0.00000e+00
1.67400e+03 4.84477e-12 0.00000e+00
1.67500e+03 5.56891e-12 0.00000e+00
1.67600e+03 4.36731e-12 0.00000e+00
1.67700e+03 4.98423e-12 0.00000e+00
1.67800e+03 5.50163e-12 0.00000e+00
1.67900e+03 4.48616e-12 0.00000e+00
1.68000e+03 4.87413e-12 0.00000e+00
1.68100e+03 4.04469e-12 0.00000e+00
1.68200e+03 4.89996e-12 0.00000e+00
1.68300e+03 4.55430e-12 0.00000e+00
1.68400e+03 4.95008e-12 0.00000e+00
1.68500e+03 3.41867e-12 0.00000e+00
1.68600e+03 4.76009e-12 0.00000e+00
1.68700e+03 4.69304e-12 0.00000e+00
1.68800e+03 4.36825e-12 0.00000e+00
1.68900e+03 5.17938e-12 0.00000e+00
1.69000e+03 3.39086e-12 0.00000e+00
1.69100e+03 4.73879e-12 0.00000e+00
1.69200e+03 5.45260e-12 0.00000e+00
1.69300e+03 4.34792e-12 0.00000e+00
1.69400e+03 3.91566e-12 0.00000e+00
1.69500e+03 4.89244e-12 0.00000e+00
1.69600e+03 4.51337e-12 0.00000e+00
1.69700e+03 4.27412e-12 0.00000e+00
1.69800e+03 4.15394e-12 0.00000e+00
1.69900e+03 4.19300e-12 0.00000e+00
1.70000e+03 4.23377e-12 0.00000e+00
1.70100e+03 4.80254e-12 0.00000e+00
1.70200e+03 4.62674e-12 0.00000e+00
1.70300e+03 4.78042e-12 0.00000e+00
1.70400e+03 4.91925e-12 0.00000e+00
1.70500e+03 4.25304e-12 0.00000e+00
1.70600e+03 4.06822e-12 0.00000e+00
1.70700e+03 5.52322e-12 0.00000e+00
1.70800e+03 4.12012e-12 0.00000e+00
1.70900e+03 3.60456e-12 0.00000e+00
1.71000e+03 3.38321e-12 0.00000e+00
1.71100e+03 4.28629e-12 0.00000e+00
1.71200e+03 4.04863e-12 0.00000e+00
1.71300e+03 4.75042e-12 0.00000e+00
1.71400e+03 3.60026e-12 0.00000e+00
1.71500e+03 3.82091e-12 0.00000e+00
1.71600e+03 5.57404e-12 0.00000e+00
1.71700e+03 5.13945e-12 0.00000e+00
1.71800e+03 4.45715e-12 0.00000e+00
1.71900e+03 3.89261e-12 0.00000e+00
1.72000e+03 3.75200e-12 0.00000e+00
1.72100e+03 4.35247e-12 0.00000e+00
1.72200e+03 4.82951e-12 0.00000e+00
1.72300e+03 4.60988e-12 0.00000e+00
1.72400e+03 4.40458e-12 0.00000e+00
1.72500e+03 3.78890e-12 0.00000e+00
1.72600e+03 4.14152e-12 0.00000e+00
1.72700e+03 4.58273e-12 0.00000e+00
1.72800e+03 4.34202e-12 0.00000e+00
1.72900e+03 4.63115e-12 0.00000e+00
1.73000e+03 4.16110e-12 0.00000e+00
1.73100e+03 3.49205e-12 0.00000e+00
1.73200e+03 4.02735e-12 0.00000e+00
1.73300e+03 4.18621e-12 0.00000e+00
1.73400e+03 4.23380e-12 0.00000e+00
1.73500e+03 4.84573e-12 0.00000e+00
1.73600e+03 4.25206e-12 0.00000e+00
1.73700e+03 4.48485e-12 0.00000e+00
1.73800e+03 4.27351e-12 0.00000e+00
1.73900e+03 4.04726e-12 0.00000e+00
1.74000e+03 4.35660e-12 0.00000e+00
1.74100e+03 4.08108e-12 0.00000e+00
1.74200e+03 3.50110e-12 0.00000e+00
1.74300e+03 3.83497e-12 0.00000e+00
1.74400e+03 4.28601e-12 0.00000e+00
1.74500e+03 4.20716e-12 0.00000e+00
1.74600e+03 4.55469e-12 0.00000e+00
1.74700e+03 3.74247e-12 0.00000e+00
1.74800e+03 4.90643e-12 0.00000e+00
1.74900e+03 4.09092e-12 0.00000e+00
1.75000e+03 3.77542e-12 0.00000e+00
1.75100e+03 3.59067e-12 0.00000e+00
1.75200e+03 5.23611e-12 0.00000e+00
1.75300e+03 5.09571e-12 0.00000e+00
1.75400e+03 4.22750e-12 0.00000e+00
1.75500e+03 4.40847e-12 0.00000e+00
1.75600e+03 4.52654e-12 0.00000e+00
1.75700e+03 4.51523e-12 0.00000e+00
1.75800e+03 4.15755e-12 0.00000e+00
1.75900e+03 4.04743e-12 0.00000e+00
1.76000e+03 4.03401e-12 0.00000e+00
1.76100e+03 5.02472e-12 0.00000e+00
1.76200e+03 4.18880e-12 0.00000e+00
1.76300e+03 3.45130e-12 0.00000e+00
1.76400e+03 3.65446e-12 0.00000e+00
1.76500e+03 4.16845e-12 0.00000e+00
1.76600e+03 4.18043e-12 0.00000e+00
1.76700e+03 4.18735e-12 0.00000e+00
1.76800e+03 3.62118e-12 0.00000e+00
1.76900e+03 3.87592e-12 0.00000e+00
1.77000e+03 3.27549e-12 0.00000e+00
1.77100e+03 3.94060e-12 0.00000e+00
1.77200e+03 3.95861e-12 0.00000e+00
1.77300e+03 5.10074e-12 0.00000e+00
1.77400e+03 4.08675e-12 0.00000e+00
1.77500e+03 3.64759e-12 0.00000e+00
1.77600e+03 4.56927e-12 0.00000e+00
1.77700e+03 4.19065e-12 0.00000e+00
1.77800e+03 4.28432e-12 0.00000e+00
1.77900e+03 4.14179e-12 0.00000e+00
1.78000e+03 3.96998e-12 0.00000e+00
1.78100e+03 3.30587e-12 0.00000e+00
1.78200e+03 3.97080e-12 0.00000e+00
1.78300e+03 4.11983e-12 0.00000e+00
1.78400e+03 4.01560e-12 0.00000e+00
1.78500e+03 4.42105e-12 0.00000e+00
1.78600e+03 4.62499e-12 0.00000e+00
1.78700e+03 3.47186e-12 0.00000e+00
1.78800e+03 4.29114e-12 0.00000e+00
1.78900e+03 3.96534e-12 0.00000e+00
1.79000e+03 3.39113e-12 0.00000e+00
1.79100e+03 3.57446e-12 0.00000e+00
1.79200e+03 3.97229e-12 0.00000e+00
1.79300e+03 3.63640e-12 0.00000e+00
1.79400e+03 3.52885e-12 0.00000e+00
1.79500e+03 3.58007e-12 0.00000e+00
1.79600e+03 3.43749e-12 0.00000e+00
1.79700e+03 3.72390e-12 0.00000e+00
1.79800e+03 4.06735e-12 0.00000e+00
1.79900e+03 3.53002e-12 0.00000e+00
1.80000e+03 3.34950e-12 0.00000e+00
1.80100e+03 3.67521e-12 0.00000e+00
1.80200e+03 3.75919e-12 0.00000e+00
1.80300e+03 3.68368e-12 0.00000e+00
1.80400e+03 3.35910e-12 0.00000e+00
1.80500e+03 3.49023e-12 0.00000e+00
1.80600e+03 3.75900e-12 0.00000e+00
1.80700e+03 4.01071e-12 0.00000e+00
1.80800e+03 3.63345e-12 0.00000e+00
1.80900e+03 2.79372e-12 0.00000e+00
1.81000e+03 3.95148e-12 0.00000e+00
1.81100e+03 4.03950e-12 0.00000e+00
1.81200e+03 4.19812e-12 0.00000e+00
1.81300e+03 3.41809e-12 0.00000e+00
1.81400e+03 4.22886e-12 0.00000e+00
1.81500e+03 3.97438e-12 0.00000e+00
1.81600e+03 3.52466e-12 0.00000e+00
1.81700e+03 4.31748e-12 0.00000e+00
1.81800e+03 4.05703e-12 0.00000e+00
1.81900e+03 3.48592e-12 0.00000e+00
1.82000e+03 4.03729e-12 0.00000e+00
1.82100e+03 4.30528e-12 0.00000e+00
1.82200e+03 3.93462e-12 0.00000e+00
1.82300e+03 3.09289e-12 0.00000e+00
1.82400e+03 3.47171e-12 0.00000e+00
1.82500e+03 3.93923e-12 0.00000e+00
1.82600e+03 3.32810e-12 0.00000e+00
1.82700e+03 3.66301e-12 0.00000e+00
1.82800e+03 4.00853e-12 0.00000e+00
1.82900e+03 3.68571e-12 0.00000e+00
1.83000e+03 3.67664e-12 0.00000e+00
1.83100e+03 3.00562e-12 0.00000e+00
1.83200e+03 3.10885e-12 0.00000e+00
1.83300e+03 4.10660e-12 0.00000e+00
1.83400e+03 4.06900e-12 0.00000e+00
1.83500e+03 3.93144e-12 0.00000e+00
1.83600e+03 4.31547e-12 0.00000e+00
1.83700e+03 4.27701e-12 0.00000e+00
1.83800e+03 3.59261e-12 0.00000e+00
1.83900e+03 3.64309e-12 0.00000e+00
1.84000e+03 3.27029e-12 0.00000e+00
1.84100e+03 4.33449e-12 0.00000e+00
1.84200e+03 3.20308e-12 0.00000e+00
1.84300e+03 3.83722e-12 0.00000e+00
1.84400e+03 3.76592e-12 0.00000e+00
1.84500e+03 3.62956e-12 0.00000e+00
1.84600e+03 3.16345e-12 0.00000e+00
1.84700e+03 3.94272e-12 0.00000e+00
1.84800e+03 3.62050e-12 0.00000e+00
1.84900e+03 4.01106e-12 0.00000e+00
1.85000e+03 3.26109e-12 0.00000e+00
1.85100e+03 3.30779e-12 0.00000e+00
1.85200e+03 3.09056e-12 0.00000e+00
1.85300e+03 4.14585e-12 0.00000e+00
1.85400e+03 3.26202e-12 0.00000e+00
1.85500e+03 4.24856e-12 0.00000e+00
1.85600e+03 3.36002e-12 0.00000e+00
1.85700e+03 2.67926e-12 0.00000e+00
1.85800e+03 3.02810e-12 0.00000e+00
1.85900e+03 4.40813e-12 0.00000e+00
1.86000e+03 3.58716e-12 0.00000e+00
1.86100e+03 3.69914e-12 0.00000e+00
1.86200e+03 3.85973e-12 0.00000e+00
1.86300e+03 3.67579e-12 0.00000e+00
1.86400e+03 4.60759e-12 0.00000e+00
1.86500e+03 3.55938e-12 0.00000e+00
1.86600e+03 3.93480e-12 0.00000e+00
1.86700e+03 3.69977e-12 0.00000e+00
1.86800e+03 3.58696e-12 0.00000e+00
1.86900e+03 3.42870e-12 0.00000e+00
1.87000e+03 3.31228e-12 0.00000e+00
1.87100e+03 3.37044e-12 0.00000e+00
1.87200e+03 3.07093e-12 0.00000e+00
1.87300e+03 3.71259e-12 0.00000e+00
1.87400e+03 3.49238e-12 0.00000e+00
1.87500e+03 3.41857e-12 0.00000e+00
1.87600e+03 3.18321e-12 0.00000e+00
1.87700e+03 3.55504e-12 0.00000e+00
1.87800e+03 3.92749e-12 0.00000e+00
1.87900e+03 3.01532e-12 0.00000e+00
1.88000e+03 3.54583e-12 0.00000e+00
1.88100e+03 3.90980e-12 0.00000e+00
1.88200e+03 4.21318e-12 0.00000e+00
1.88300e+03 4.37132e-12 0.00000e+00
1.88400e+03 3.49148e-12 0.00000e+00
1.88500e+03 3.80281e-12 0.00000e+00
1.88600e+03 3.15844e-12 0.00000e+00
1.88700e+03 3.71291e-12 0.00000e+00
1.88800e+03 3.44254e-12 0.00000e+00
1.88900e+03 3.75997e-12 0.00000e+00
1.89000e+03 3.58388e-12 0.00000e+00
1.89100e+03 3.27956e-12 0.00000e+00
1.89200e+03 2.93461e-12 0.00000e+00
1.89300e+03 3.62435e-12 0.00000e+00
1.89400e+03 3.43282e-12 0.00000e+00
1.89500e+03 2.86111e-12 0.00000e+00
1.89600e+03 3.02337e-12 0.00000e+00
1.89700e+03 3.25203e-12 0.00000e+00
1.89800e+03 2.93204e-12 0.00000e+00
1.89900e+03 2.97894e-12 0.00000e+00
1.90000e+03 3.17059e-12 0.00000e+00
1.90100e+03 2.90117e-12 0.00000e+00
1.90200e+03 3.93312e-12 0.00000e+00
1.90300e+03 3.32717e-12 0.00000e+00
1.90400e+03 3.13913e-12 0.00000e+00
1.90500e+03 3.55787e-12 0.00000e+00
1.90600e+03 3.47243e-12 0.00000e+00
1.90700e+03 3.19346e-12 0.00000e+00
1.90800e+03 3.78894e-12 0.00000e+00
1.90900e+03 2.66976e-12 0.00000e+00
1.91000e+03 3.54039e-12 0.00000e+00
1.91100e+03 3.12241e-12 0.00000e+00
1.91200e+03 3.00546e-12 0.00000e+00
1.91300e+03 3.57837e-12 0.00000e+00
1.91400e+03 3.23254e-12 0.00000e+00
1.91500e+03 3.40322e-12 0.00000e+00
1.91600e+03 2.91857e-12 0.00000e+00
1.91700e+03 2.77495e-12 0.00000e+00
1.91800e+03 3.33899e-12 0.00000e+00
1.91900e+03 3.13026e-12 0.00000e+00
1.92000e+03 3.13623e-12 0.00000e+00
1.92100e+03 3.38031e-12 0.00000e+00
1.92200e+03 3.62143e-12 0.00000e+00
1.92300e+03 3.15503e-12 0.00000e+00
1.92400e+03 2.37126e-12 0.00000e+00
1.92500e+03 2.98486e-12 0.00000e+00
1.92600e+03 2.93493e-12 0.00000e+00
1.92700e+03 3.59865e-12 0.00000e+00
1.92800e+03 3.08814e-12 0.00000e+00
1.92900e+03 3.29776e-12 0.00000e+00
1.93000e+03 3.24626e-12 0.00000e+00
1.93100e+03 3.09166e-12 0.00000e+00
1.93200e+03 2.79737e-12 0.00000e+00
1.93300e+03 3.64155e-12 0.00000e+00
1.93400e+03 3.40879e-12 0.00000e+00
1.93500e+03 2.81771e-12 0.00000e+00
1.93600e+03 3.76208e-12 0.00000e+00
1.93700e+03 3.49014e-12 0.00000e+00
1.93800e+03 3.31640e-12 0.00000e+00
1.93900e+03 3.50439e-12 0.00000e+00
1.94000e+03 2.75839e-12 0.00000e+00
1.94100e+03 3.43829e-12 0.00000e+00
1.94200e+03 3.56075e-12 0.00000e+00
1.94300e+03 2.78807e-12 0.00000e+00
1.94400e+03 2.88766e-12 0.00000e+00
1.94500e+03 3.03763e-12 0.00000e+00
1.94600e+03 2.82756e-12 0.00000e+00
1.94700e+03 2.60938e-12 0.00000e+00
1.94800e+03 2.69456e-12 0.00000e+00
1.94900e+03 3.53353e-12 0.00000e+00
1.95000e+03 2.87682e-12 0.00000e+00
1.95100e+03 3.61349e-12 0.00000e+00
1.95200e+03 3.30726e-12 0.00000e+00
1.95300e+03 3.51551e-12 0.00000e+00
1.95400e+03 2.64216e-12 0.00000e+00
1.95500e+03 3.31169e-12 0.00000e+00
1.95600e+03 2.80756e-12 0.00000e+00
1.95700e+03 3.48515e-12 0.00000e+00
1.95800e+03 2.76394e-12 0.00000e+00
1.95900e+03 2.89473e-12 0.00000e+00
1.96000e+03 2.72981e-12 0.00000e+00
1.96100e+03 3.49626e-12 0.00000e+00
1.96200e+03 2.88891e-12 0.00000e+00
1.96300e+03 3.58113e-12 0.00000e+00
1.96400e+03 2.68587e-12 0.00000e+00
1.96500e+03 3.04709e-12 0.00000e+00
1.96600e+03 3.01149e-12 0.00000e+00
1.96700e+03 2.78087e-12 0.00000e+00
1.96800e+03 2.72739e-12 0.00000e+00
1.96900e+03 2.60363e-12 0.00000e+00
1.97000e+03 2.86381e-12 0.00000e+00
1.97100e+03 2.89960e-12 0.00000e+00
1.97200e+03 3.03903e-12 0.00000e+00
1.97300e+03 2.78284e-12 0.00000e+00
1.97400e+03 2.86527e-12 0.00000e+00
1.97500e+03 2.76963e-12 0.00000e+00
1.97600e+03 2.86727e-12 0.00000e+00
1.97700e+03 3.19641e-12 0.00000e+00
1.97800e+03 2.61824e-12 0.00000e+00
1.97900e+03 3.32201e-12 0.00000e+00
1.98000e+03 2.63560e-12 0.00000e+00
1.98100e+03 2.83305e-12 0.00000e+00
1.98200e+03 3.27855e-12 0.00000e+00
1.98300e+03 2.82727e-12 0.00000e+00
1.98400e+03 2.68275e-12 0.00000e+00
1.98500e+03 2.91867e-12 0.00000e+00
1.98600e+03 2.75620e-12 0.00000e+00
1.98700e+03 2.82018e-12 0.00000e+00
1.98800e+03 2.86562e-12 0.00000e+00
1.98900e+03 2.68041e-12 0.00000e+00
1.99000e+03 2.42388e-12 0.00000e+00
1.99100e+03 2.95952e-12 0.00000e+00
1.99200e+03 2.62993e-12 0.00000e+00
1.99300e+03 2.84546e-12 0.00000e+00
1.99400e+03 2.75978e-12 0.00000e+00
1.99500e+03 2.24782e-12 0.00000e+00
1.99600e+03 2.81616e-12 0.00000e+00
1.99700e+03 2.59661e-12 0.00000e+00
1.99800e+03 2.84442e-12 0.00000e+00
1.99900e+03 3.18397e-12 0.00000e+00
2.00000e+03 2.99023e-12 0.00000e+00
