0.00000e+00 0.00000e+00 0.00000e+00
1.00000e+00 0.00000e+00 0.00000e+00
2.00000e+00 0.00000e+00 0.00000e+00
3.00000e+00 0.00000e+00 0.00000e+00
4.00000e+00 0.00000e+00 0.00000e+00
5.00000e+00 0.00000e+00 0.00000e+00
6.00000e+00 0.00000e+00 0.00000e+00
7.00000e+00 0.00000e+00 0.00000e+00
8.00000e+00 0.00000e+00 0.00000e+00
9.00000e+00 0.00000e+00 0.00000e+00
1.00000e+01 0.00000e+00 0.00000e+00
1.10000e+01 0.00000e+00 0.00000e+00
1.20000e+01 0.00000e+00 0.00000e+00
1.30000e+01 0.00000e+00 0.00000e+00
1.40000e+01 0.00000e+00 0.00000e+00
1.50000e+01 0.00000e+00 0.00000e+00
1.60000e+01 0.00000e+00 0.00000e+00
1.70000e+01 0.00000e+00 0.00000e+00
1.80000e+01 0.00000e+00 0.00000e+00
1.90000e+01 0.00000e+00 0.00000e+00
2.00000e+01 0.00000e+00 0.00000e+00
2.10000e+01 0.00000e+00 0.00000e+00
2.20000e+01 0.00000e+00 0.00000e+00
2.30000e+01 0.00000e+00 0.00000e+00
2.40000e+01 0.00000e+00 0.00000e+00
2.50000e+01 0.00000e+00 0.00000e+00
2.60000e+01 0.00000e+00 0.00000e+00
2.70000e+01 0.00000e+00 0.00000e+00
2.80000e+01 0.00000e+00 0.00000e+00
2.90000e+01 0.00000e+00 0.00000e+00
3.00000e+01 0.00000e+00 0.00000e+00
3.10000e+01 0.00000e+00 0.00000e+00
3.20000e+01 0.00000e+00 0.00000e+00
3.30000e+01 0.00000e+00 0.00000e+00
3.40000e+01 0.00000e+00 0.00000e+00
3.50000e+01 0.00000e+00 0.00000e+00
3.60000e+01 0.00000e+00 0.00000e+00
3.70000e+01 0.00000e+00 0.00000e+00
3.80000e+01 0.00000e+00 0.00000e+00
3.90000e+01 0.00000e+00 0.00000e+00
4.00000e+01 0.00000e+00 0.00000e+00
4.10000e+01 0.00000e+00 0.00000e+00
4.20000e+01 0.00000e+00 0.00000e+00
4.30000e+01 0.00000e+00 0.00000e+00
4.40000e+01 0.00000e+00 0.00000e+00
4.50000e+01 0.00000e+00 0.00000e+00
4.60000e+01 0.00000e+00 0.00000e+00
4.70000e+01 0.00000e+00 0.00000e+00
4.80000e+01 0.00000e+00 0.00000e+00
4.90000e+01 0.00000e+00 0.00000e+00
5.00000e+01 0.00000e+00 0.00000e+00
5.10000e+01 0.00000e+00 0.00000e+00
5.20000e+01 0.00000e+00 0.00000e+00
5.30000e+01 0.00000e+00 0.00000e+00
5.40000e+01 0.00000e+00 0.00000e+00
5.50000e+01 0.00000e+00 0.00000e+00
5.60000e+01 0.00000e+00 0.00000e+00
5.70000e+01 0.00000e+00 0.00000e+00
5.80000e+01 0.00000e+00 0.00000e+00
5.90000e+01 0.00000e+00 0.00000e+00
6.00000e+01 0.00000e+00 0.00000e+00
6.10000e+01 0.00000e+00 0.00000e+00
6.20000e+01 0.00000e+00 0.00000e+00
6.30000e+01 0.00000e+00 0.00000e+00
6.40000e+01 0.00000e+00 0.00000e+00
6.50000e+01 0.00000e+00 0.00000e+00
6.60000e+01 0.00000e+00 0.00000e+00
6.70000e+01 0.00000e+00 0.00000e+00
6.80000e+01 0.00000e+00 0.00000e+00
6.90000e+01 0.00000e+00 0.00000e+00
7.00000e+01 0.00000e+00 0.00000e+00
7.10000e+01 0.00000e+00 0.00000e+00
7.20000e+01 0.00000e+00 0.00000e+00
7.30000e+01 0.00000e+00 0.00000e+00
7.40000e+01 0.00000e+00 0.00000e+00
7.50000e+01 0.00000e+00 0.00000e+00
7.60000e+01 0.00000e+00 0.00000e+00
7.70000e+01 0.00000e+00 0.00000e+00
7.80000e+01 0.00000e+00 0.00000e+00
7.90000e+01 0.00000e+00 0.00000e+00
8.00000e+01 0.00000e+00 0.00000e+00
8.10000e+01 0.00000e+00 0.00000e+00
8.20000e+01 0.00000e+00 0.00000e+00
8.30000e+01 0.00000e+00 0.00000e+00
8.40000e+01 0.00000e+00 0.00000e+00
8.50000e+01 0.00000e+00 0.00000e+00
8.60000e+01 0.00000e+00 0.00000e+00
8.70000e+01 0.00000e+00 0.00000e+00
8.80000e+01 0.00000e+00 0.00000e+00
8.90000e+01 0.00000e+00 0.00000e+00
9.00000e+01 0.00000e+00 0.00000e+00
9.10000e+01 0.00000e+00 0.00000e+00
9.20000e+01 0.00000e+00 0.00000e+00
9.30000e+01 0.00000e+00 0.00000e+00
9.40000e+01 0.00000e+00 0.00000e+00
9.50000e+01 0.00000e+00 0.00000e+00
9.60000e+01 0.00000e+00 0.00000e+00
9.70000e+01 0.00000e+00 0.00000e+00
9.80000e+01 0.00000e+00 0.00000e+00
9.90000e+01 0.00000e+00 0.00000e+00
1.00000e+02 2.98291e-11 0.00000e+00
1.01000e+02 2.59286e-11 0.00000e+00
1.02000e+02 2.65925e-11 0.00000e+00
1.03000e+02 2.53676e-11 0.00000e+00
1.04000e+02 2.16021e-11 0.00000e+00
1.05000e+02 2.99071e-11 0.00000e+00
1.06000e+02 2.38401e-11 0.00000e+00
1.07000e+02 2.17024e-11 0.00000e+00
1.08000e+02 2.49597e-11 0.00000e+00
1.09000e+02 2.54539e-11 0.00000e+00
1.10000e+02 3.06070e-11 0.00000e+00
1.11000e+02 2.75259e-11 0.00000e+00
1.12000e+02 2.63277e-11 0.00000e+00
1.13000e+02 3.89822e-11 0.00000e+00
1.14000e+02 3.11161e-11 0.00000e+00
1.15000e+02 3.50649e-11 0.00000e+00
1.16000e+02 2.26599e-11 0.00000e+00
1.17000e+02 2.39090e-11 0.00000e+00
1.18000e+02 1.73901e-11 0.00000e+00
1.19000e+02 2.21842e-11 0.00000e+00
1.20000e+02 2.91460e-11 0.00000e+00
1.21000e+02 3.12436e-11 0.00000e+00
1.22000e+02 2.25667e-11 0.00000e+00
1.23000e+02 2.16220e-11 0.00000e+00
1.24000e+02 2.90353e-11 0.00000e+00
1.25000e+02 1.70099e-11 0.00000e+00
1.26000e+02 1.75279e-11 0.00000e+00
1.27000e+02 2.50225e-11 0.00000e+00
1.28000e+02 2.14146e-11 0.00000e+00
1.29000e+02 2.28477e-11 0.00000e+00
1.30000e+02 2.07477e-11 0.00000e+00
1.31000e+02 2.71767e-11 0.00000e+00
1.32000e+02 1.93206e-11 0.00000e+00
1.33000e+02 2.36154e-11 0.00000e+00
1.34000e+02 2.32170e-11 0.00000e+00
1.35000e+02 1.78764e-11 0.00000e+00
1.36000e+02 1.92317e-11 0.00000e+00
1.37000e+02 2.08752e-11 0.00000e+00
1.38000e+02 3.00073e-11 0.00000e+00
1.39000e+02 2.23546e-11 0.00000e+00
1.40000e+02 1.82415e-11 0.00000e+00
1.41000e+02 2.07579e-11 0.00000e+00
1.42000e+02 1.99677e-11 0.00000e+00
1.43000e+02 2.22637e-11 0.00000e+00
1.44000e+02 2.45228e-11 0.00000e+00
1.45000e+02 1.82823e-11 0.00000e+00
1.46000e+02 1.99734e-11 0.00000e+00
1.47000e+02 1.62499e-11 0.00000e+00
1.48000e+02 2.00533e-11 0.00000e+00
1.49000e+02 1.66631e-11 0.00000e+00
1.50000e+02 1.78791e-11 0.00000e+00
1.51000e+02 1.31053e-11 0.00000e+00
1.52000e+02 1.84405e-11 0.00000e+00
1.53000e+02 1.80776e-11 0.00000e+00
1.54000e+02 2.15435e-11 0.00000e+00
1.55000e+02 1.84426e-11 0.00000e+00
1.56000e+02 1.66678e-11 0.00000e+00
1.57000e+02 2.51743e-11 0.00000e+00
1.58000e+02 1.32919e-11 0.00000e+00
1.59000e+02 1.57194e-11 0.00000e+00
1.60000e+02 1.64210e-11 0.00000e+00
1.61000e+02 1.92156e-11 0.00000e+00
1.62000e+02 1.93654e-11 0.00000e+00
1.63000e+02 1.76331e-11 0.00000e+00
1.64000e+02 2.06733e-11 0.00000e+00
1.65000e+02 1.53708e-11 0.00000e+00
1.66000e+02 1.50309e-11 0.00000e+00
1.67000e+02 2.02336e-11 0.00000e+00
1.68000e+02 1.39955e-11 0.00000e+00
1.69000e+02 1.84342e-11 0.00000e+00
1.70000e+02 2.03392e-11 0.00000e+00
1.71000e+02 1.85333e-11 0.00000e+00
1.72000e+02 1.63722e-11 0.00000e+00
1.73000e+02 1.92123e-11 0.00000e+00
1.74000e+02 1.29463e-11 0.00000e+00
1.75000e+02 1.52990e-11 0.00000e+00
1.76000e+02 1.71120e-11 0.00000e+00
1.77000e+02 1.51902e-11 0.00000e+00
1.78000e+02 1.46177e-11 0.00000e+00
1.79000e+02 1.55224e-11 0.00000e+00
1.80000e+02 1.97442e-11 0.00000e+00
1.81000e+02 1.73946e-11 0.00000e+00
1.82000e+02 2.09459e-11 0.00000e+00
1.83000e+02 1.56939e-11 0.00000e+00
1.84000e+02 1.63122e-11 0.00000e+00
1.85000e+02 1.53994e-11 0.00000e+00
1.86000e+02 1.40631e-11 0.00000e+00
1.87000e+02 1.83138e-11 0.00000e+00
1.88000e+02 1.97130e-11 0.00000e+00
1.89000e+02 1.84087e-11 0.00000e+00
1.90000e+02 1.32627e-11 0.00000e+00
1.91000e+02 1.51236e-11 0.00000e+00
1.92000e+02 1.38102e-11 0.00000e+00
1.93000e+02 1.57647e-11 0.00000e+00
1.94000e+02 1.34152e-11 0.00000e+00
1.95000e+02 1.49693e-11 0.00000e+00
1.96000e+02 1.25622e-11 0.00000e+00
1.97000e+02 1.01404e-11 0.00000e+00
1.98000e+02 1.57211e-11 0.00000e+00
1.99000e+02 1.48891e-11 0.00000e+00
2.00000e+02 1.74014e-11 0.00000e+00
2.01000e+02 1.34651e-11 0.00000e+00
2.02000e+02 1.42532e-11 0.00000e+00
2.03000e+02 1.57792e-11 0.00000e+00
2.04000e+02 1.43333e-11 0.00000e+00
2.05000e+02 1.46103e-11 0.00000e+00
2.06000e+02 1.33635e-11 0.00000e+00
2.07000e+02 1.36585e-11 0.00000e+00
2.08000e+02 1.25560e-11 0.00000e+00
2.09000e+02 1.43830e-11 0.00000e+00
2.10000e+02 1.49038e-11 0.00000e+00
2.11000e+02 1.17313e-11 0.00000e+00
2.12000e+02 1.69529e-11 0.00000e+00
2.13000e+02 1.50696e-11 0.00000e+00
2.14000e+02 1.79844e-11 0.00000e+00
2.15000e+02 1.45592e-11 0.00000e+00
2.16000e+02 1.82646e-11 0.00000e+00
2.17000e+02 1.43855e-11 0.00000e+00
2.18000e+02 1.53063e-11 0.00000e+00
2.19000e+02 1.45752e-11 0.00000e+00
2.20000e+02 9.97848e-12 0.00000e+00
2.21000e+02 1.38302e-11 0.00000e+00
2.22000e+02 1.18668e-11 0.00000e+00
2.23000e+02 1.24906e-11 0.00000e+00
2.24000e+02 1.28784e-11 0.00000e+00
2.25000e+02 1.31991e-11 0.00000e+00
2.26000e+02 1.50279e-11 0.00000e+00
2.27000e+02 1.17691e-11 0.00000e+00
2.28000e+02 1.15840e-11 0.00000e+00
2.29000e+02 1.25735e-11 0.00000e+00
2.30000e+02 1.30586e-11 0.00000e+00
2.31000e+02 1.48100e-11 0.00000e+00
2.32000e+02 1.30143e-11 0.00000e+00
2.33000e+02 1.32999e-11 0.00000e+00
2.34000e+02 1.38127e-11 0.00000e+00
2.35000e+02 1.16536e-11 0.00000e+00
2.36000e+02 1.32604e-11 0.00000e+00
2.37000e+02 1.35393e-11 0.00000e+00
2.38000e+02 1.24754e-11 0.00000e+00
2.39000e+02 1.38063e-11 0.00000e+00
2.40000e+02 1.37294e-11 0.00000e+00
2.41000e+02 1.61906e-11 0.00000e+00
2.42000e+02 1.69701e-11 0.00000e+00
2.43000e+02 1.32689e-11 0.00000e+00
2.44000e+02 1.15577e-11 0.00000e+00
2.45000e+02 1.29815e-11 0.00000e+00
2.46000e+02 9.80561e-12 0.00000e+00
2.47000e+02 1.24903e-11 0.00000e+00
2.48000e+02 1.40569e-11 0.00000e+00
2.49000e+02 1.19193e-11 0.00000e+00
2.50000e+02 1.16892e-11 0.00000e+00
2.51000e+02 1.56857e-11 0.00000e+00
2.52000e+02 1.31693e-11 0.00000e+00
2.53000e+02 1.03994e-11 0.00000e+00
2.54000e+02 1.19126e-11 0.00000e+00
2.55000e+02 1.21102e-11 0.00000e+00
2.56000e+02 1.23059e-11 0.00000e+00
2.57000e+02 1.41571e-11 0.00000e+00
2.58000e+02 1.16256e-11 0.00000e+00
2.59000e+02 1.33566e-11 0.00000e+00
2.60000e+02 1.25161e-11 0.00000e+00
2.61000e+02 1.16627e-11 0.00000e+00
2.62000e+02 1.22186e-11 0.00000e+00
2.63000e+02 1.17227e-11 0.00000e+00
2.64000e+02 1.17226e-11 0.00000e+00
2.65000e+02 1.45053e-11 0.00000e+00
2.66000e+02 1.25144e-11 0.00000e+00
2.67000e+02 1.44787e-11 0.00000e+00
2.68000e+02 1.10334e-11 0.00000e+00
2.69000e+02 1.32115e-11 0.00000e+00
2.70000e+02 1.41945e-11 0.00000e+00
2.71000e+02 1.08396e-11 0.00000e+00
2.72000e+02 1.08554e-11 0.00000e+00
2.73000e+02 1.28329e-11 0.00000e+00
2.74000e+02 1.41241e-11 0.00000e+00
2.75000e+02 1.28263e-11 0.00000e+00
2.76000e+02 7.55526e-12 0.00000e+00
2.77000e+02 1.30139e-11 0.00000e+00
2.78000e+02 1.13676e-11 0.00000e+00
2.79000e+02 1.09547e-11 0.00000e+00
2.80000e+02 1.15805e-11 0.00000e+00
2.81000e+02 1.26731e-11 0.00000e+00
2.82000e+02 1.07792e-11 0.00000e+00
2.83000e+02 9.41366e-12 0.00000e+00
2.84000e+02 1.15368e-11 0.00000e+00
2.85000e+02 1.29662e-11 0.00000e+00
2.86000e+02 1.36380e-11 0.00000e+00
2.87000e+02 9.75706e-12 0.00000e+00
2.88000e+02 1.00119e-11 0.00000e+00
2.89000e+02 9.06460e-12 0.00000e+00
2.90000e+02 1.36878e-11 0.00000e+00
2.91000e+02 1.19445e-11 0.00000e+00
2.92000e+02 1.09639e-11 0.00000e+00
2.93000e+02 1.03891e-11 0.00000e+00
2.94000e+02 1.00312e-11 0.00000e+00
2.95000e+02 1.18122e-11 0.00000e+00
2.96000e+02 1.20694e-11 0.00000e+00
2.97000e+02 9.26771e-12 0.00000e+00
2.98000e+02 1.34262e-11 0.00000e+00
2.99000e+02 1.16354e-11 0.00000e+00
3.00000e+02 1.03503e-11 0.00000e+00
3.01000e+02 1.11843e-11 0.00000e+00
3.02000e+02 1.03160e-11 0.00000e+00
3.03000e+02 9.42812e-12 0.00000e+00
3.04000e+02 1.17410e-11 0.00000e+00
3.05000e+02 1.00297e-11 0.00000e+00
3.06000e+02 1.26226e-11 0.00000e+00
3.07000e+02 1.19865e-11 0.00000e+00
3.08000e+02 1.13048e-11 0.00000e+00
3.09000e+02 1.15234e-11 0.00000e+00
3.10000e+02 1.21737e-11 0.00000e+00
3.11000e+02 1.01289e-11 0.00000e+00
3.12000e+02 1.19389e-11 0.00000e+00
3.13000e+02 1.18844e-11 0.00000e+00
3.14000e+02 9.73469e-12 0.00000e+00
3.15000e+02 1.05617e-11 0.00000e+00
3.16000e+02 1.19609e-11 0.00000e+00
3.17000e+02 9.45716e-12 0.00000e+00
3.18000e+02 1.07832e-11 0.00000e+00
3.19000e+02 8.08713e-12 0.00000e+00
3.20000e+02 9.49146e-12 0.00000e+00
3.21000e+02 1.06403e-11 0.00000e+00
3.22000e+02 1.32578e-11 0.00000e+00
3.23000e+02 1.19376e-11 0.00000e+00
3.24000e+02 8.38119e-12 0.00000e+00
3.25000e+02 8.75410e-12 0.00000e+00
3.26000e+02 9.54882e-12 0.00000e+00
3.27000e+02 1.03434e-11 0.00000e+00
3.28000e+02 8.97290e-12 0.00000e+00
3.29000e+02 9.93754e-12 0.00000e+00
3.30000e+02 9.80719e-12 0.00000e+00
3.31000e+02 1.20957e-11 0.00000e+00
3.32000e+02 8.24562e-12 0.00000e+00
3.33000e+02 1.01690e-11 0.00000e+00
3.34000e+02 1.02882e-11 0.00000e+00
3.35000e+02 1.07299e-11 0.00000e+00
3.36000e+02 1.05620e-11 0.00000e+00
3.37000e+02 1.06094e-11 0.00000e+00
3.38000e+02 9.06990e-12 0.00000e+00
3.39000e+02 1.05631e-11 0.00000e+00
3.40000e+02 1.12360e-11 0.00000e+00
3.41000e+02 1.10119e-11 0.00000e+00
3.42000e+02 8.40863e-12 0.00000e+00
3.43000e+02 9.34463e-12 0.00000e+00
3.44000e+02 1.01921e-11 0.00000e+00
3.45000e+02 1.06815e-11 0.00000e+00
3.46000e+02 1.01093e-11 0.00000e+00
3.47000e+02 7.49210e-12 0.00000e+00
3.48000e+02 1.00511e-11 0.00000e+00
3.49000e+02 8.90320e-12 0.00000e+00
3.50000e+02 8.53631e-12 0.00000e+00
3.51000e+02 9.26805e-12 0.00000e+00
3.52000e+02 1.00796e-11 0.00000e+00
3.53000e+02 9.48399e-12 0.00000e+00
3.54000e+02 9.12970e-12 0.00000e+00
3.55000e+02 9.44482e-12 0.00000e+00
3.56000e+02 9.04014e-12 0.00000e+00
3.57000e+02 8.31095e-12 0.00000e+00
3.58000e+02 1.17999e-11 0.00000e+00
3.59000e+02 8.73792e-12 0.00000e+00
3.60000e+02 9.15476e-12 0.00000e+00
3.61000e+02 8.45027e-12 0.00000e+00
3.62000e+02 1.07014e-11 0.00000e+00
3.63000e+02 9.33941e-12 0.00000e+00
3.64000e+02 9.76454e-12 0.00000e+00
3.65000e+02 8.19653e-12 0.00000e+00
3.66000e+02 9.23968e-12 0.00000e+00
3.67000e+02 1.09314e-11 0.00000e+00
3.68000e+02 1.23315e-11 0.00000e+00
3.69000e+02 9.70701e-12 0.00000e+00
3.70000e+02 8.94890e-12 0.00000e+00
3.71000e+02 8.61030e-12 0.00000e+00
3.72000e+02 9.09149e-12 0.00000e+00
3.73000e+02 9.38338e-12 0.00000e+00
3.74000e+02 9.37626e-12 0.00000e+00
3.75000e+02 9.70846e-12 0.00000e+00
3.76000e+02 9.97955e-12 0.00000e+00
3.77000e+02 1.00261e-11 0.00000e+00
3.78000e+02 9.15995e-12 0.00000e+00
3.79000e+02 7.42662e-12 0.00000e+00
3.80000e+02 1.05476e-11 0.00000e+00
3.81000e+02 8.46340e-12 0.00000e+00
3.82000e+02 9.50676e-12 0.00000e+00
3.83000e+02 1.02866e-11 0.00000e+00
3.84000e+02 9.97051e-12 0.00000e+00
3.85000e+02 9.17284e-12 0.00000e+00
3.86000e+02 7.99831e-12 0.00000e+00
3.87000e+02 8.72213e-12 0.00000e+00
3.88000e+02 8.97024e-12 0.00000e+00
3.89000e+02 9.17301e-12 0.00000e+00
3.90000e+02 8.70050e-12 0.00000e+00
3.91000e+02 8.67840e-12 0.00000e+00
3.92000e+02 1.12161e-11 0.00000e+00
3.93000e+02 8.07483e-12 0.00000e+00
3.94000e+02 7.28649e-12 0.00000e+00
3.95000e+02 8.54771e-12 0.00000e+00
3.96000e+02 8.93139e-12 0.00000e+00
3.97000e+02 9.39926e-12 0.00000e+00
3.98000e+02 9.13293e-12 0.00000e+00
3.99000e+02 8.96516e-12 0.00000e+00
4.00000e+02 8.17714e-12 0.00000e+00
4.01000e+02 8.16586e-12 0.00000e+00
4.02000e+02 1.00120e-11 0.00000e+00
4.03000e+02 1.01606e-11 0.00000e+00
4.04000e+02 9.40312e-12 0.00000e+00
4.05000e+02 8.09055e-12 0.00000e+00
4.06000e+02 7.13023e-12 0.00000e+00
4.07000e+02 8.90524e-12 0.00000e+00
4.08000e+02 9.80702e-12 0.00000e+00
4.09000e+02 7.45783e-12 0.00000e+00
4.10000e+02 8.48321e-12 0.00000e+00
4.11000e+02 8.63769e-12 0.00000e+00
4.12000e+02 7.36973e-12 0.00000e+00
4.13000e+02 9.30489e-12 0.00000e+00
4.14000e+02 9.05395e-12 0.00000e+00
4.15000e+02 8.69598e-12 0.00000e+00
4.16000e+02 8.28812e-12 0.00000e+00
4.17000e+02 6.91381e-12 0.00000e+00
4.18000e+02 6.87128e-12 0.00000e+00
4.19000e+02 8.54365e-12 0.00000e+00
4.20000e+02 8.41906e-12 0.00000e+00
4.21000e+02 7.37018e-12 0.00000e+00
4.22000e+02 7.08976e-12 0.00000e+00
4.23000e+02 7.62696e-12 0.00000e+00
4.24000e+02 8.24671e-12 0.00000e+00
4.25000e+02 7.88126e-12 0.00000e+00
4.26000e+02 7.95980e-12 0.00000e+00
4.27000e+02 8.30338e-12 0.00000e+00
4.28000e+02 6.21398e-12 0.00000e+00
4.29000e+02 6.92018e-12 0.00000e+00
4.30000e+02 8.34926e-12 0.00000e+00
4.31000e+02 7.68832e-12 0.00000e+00
4.32000e+02 8.30089e-12 0.00000e+00
4.33000e+02 6.36295e-12 0.00000e+00
4.34000e+02 9.84853e-12 0.00000e+00
4.35000e+02 7.65283e-12 0.00000e+00
4.36000e+02 7.76992e-12 0.00000e+00
4.37000e+02 7.19166e-12 0.00000e+00
4.38000e+02 8.22798e-12 0.00000e+00
4.39000e+02 8.74707e-12 0.00000e+00
4.40000e+02 8.53131e-12 0.00000e+00
4.41000e+02 7.36492e-12 0.00000e+00
4.42000e+02 7.97354e-12 0.00000e+00
4.43000e+02 8.00930e-12 0.00000e+00
4.44000e+02 8.82417e-12 0.00000e+00
4.45000e+02 7.26816e-12 0.00000e+00
4.46000e+02 7.98190e-12 0.00000e+00
4.47000e+02 7.06512e-12 0.00000e+00
4.48000e+02 7.72044e-12 0.00000e+00
4.49000e+02 8.77754e-12 0.00000e+00
4.50000e+02 7.55832e-12 0.00000e+00
4.51000e+02 8.13760e-12 0.00000e+00
4.52000e+02 8.34506e-12 0.00000e+00
4.53000e+02 8.11069e-12 0.00000e+00
4.54000e+02 7.74435e-12 0.00000e+00
4.55000e+02 6.74622e-12 0.00000e+00
4.56000e+02 7.90004e-12 0.00000e+00
4.57000e+02 8.01232e-12 0.00000e+00
4.58000e+02 8.67815e-12 0.00000e+00
4.59000e+02 8.40743e-12 0.00000e+00
4.60000e+02 8.15164e-12 0.00000e+00
4.61000e+02 8.90958e-12 0.00000e+00
4.62000e+02 8.56924e-12 0.00000e+00
4.63000e+02 7.84966e-12 0.00000e+00
4.64000e+02 7.30564e-12 0.00000e+00
4.65000e+02 6.62662e-12 0.00000e+00
4.66000e+02 7.23420e-12 0.00000e+00
4.67000e+02 7.50987e-12 0.00000e+00
4.68000e+02 8.11987e-12 0.00000e+00
4.69000e+02 6.65602e-12 0.00000e+00
4.70000e+02 7.42011e-12 0.00000e+00
4.71000e+02 6.57008e-12 0.00000e+00
4.72000e+02 8.87738e-12 0.00000e+00
4.73000e+02 7.60840e-12 0.00000e+00
4.74000e+02 8.44844e-12 0.00000e+00
4.75000e+02 7.78018e-12 0.00000e+00
4.76000e+02 7.81459e-12 0.00000e+00
4.77000e+02 6.93030e-12 0.00000e+00
4.78000e+02 8.22176e-12 0.00000e+00
4.79000e+02 7.45220e-12 0.00000e+00
4.80000e+02 7.97114e-12 0.00000e+00
4.81000e+02 6.98150e-12 0.00000e+00
4.82000e+02 6.88759e-12 0.00000e+00
4.83000e+02 7.75768e-12 0.00000e+00
4.84000e+02 8.03624e-12 0.00000e+00
4.85000e+02 6.95604e-12 0.00000e+00
4.86000e+02 7.26021e-12 0.00000e+00
4.87000e+02 7.86528e-12 0.00000e+00
4.88000e+02 6.85597e-12 0.00000e+00
4.89000e+02 7.55733e-12 0.00000e+00
4.90000e+02 7.78739e-12 0.00000e+00
4.91000e+02 6.85316e-12 0.00000e+00
4.92000e+02 7.90562e-12 0.00000e+00
4.93000e+02 8.54638e-12 0.00000e+00
4.94000e+02 8.77465e-12 0.00000e+00
4.95000e+02 7.34041e-12 0.00000e+00
4.96000e+02 8.29192e-12 0.00000e+00
4.97000e+02 7.81225e-12 0.00000e+00
4.98000e+02 7.60857e-12 0.00000e+00
4.99000e+02 7.12927e-12 0.00000e+00
5.00000e+02 6.45918e-12 0.00000e+00
5.01000e+02 7.72482e-12 0.00000e+00
5.02000e+02 6.94968e-12 0.00000e+00
5.03000e+02 7.17681e-12 0.00000e+00
5.04000e+02 8.44639e-12 0.00000e+00
5.05000e+02 6.74735e-12 0.00000e+00
5.06000e+02 7.56804e-12 0.00000e+00
5.07000e+02 6.94157e-12 0.00000e+00
5.08000e+02 7.72249e-12 0.00000e+00
5.09000e+02 7.35630e-12 0.00000e+00
5.10000e+02 6.98659e-12 0.00000e+00
5.11000e+02 7.42031e-12 0.00000e+00
5.12000e+02 6.56213e-12 0.00000e+00
5.13000e+02 6.64725e-12 0.00000e+00
5.14000e+02 7.34193e-12 0.00000e+00
5.15000e+02 6.80281e-12 0.00000e+00
5.16000e+02 6.47038e-12 0.00000e+00
5.17000e+02 6.53606e-12 0.00000e+00
5.18000e+02 6.61292e-12 0.00000e+00
5.19000e+02 7.45260e-12 0.00000e+00
5.20000e+02 6.59450e-12 0.00000e+00
5.21000e+02 6.99899e-12 0.00000e+00
5.22000e+02 6.76974e-12 0.00000e+00
5.23000e+02 6.90588e-12 0.00000e+00
5.24000e+02 6.23454e-12 0.00000e+00
5.25000e+02 6.55286e-12 0.00000e+00
5.26000e+02 5.78207e-12 0.00000e+00
5.27000e+02 6.43811e-12 0.00000e+00
5.28000e+02 7.59166e-12 0.00000e+00
5.29000e+02 6.61553e-12 0.00000e+00
5.30000e+02 6.15130e-12 0.00000e+00
5.31000e+02 6.83370e-12 0.00000e+00
5.32000e+02 5.92364e-12 0.00000e+00
5.33000e+02 7.36438e-12 0.00000e+00
5.34000e+02 6.93959e-12 0.00000e+00
5.35000e+02 5.17406e-12 0.00000e+00
5.36000e+02 7.10003e-12 0.00000e+00
5.37000e+02 6.21668e-12 0.00000e+00
5.38000e+02 5.89273e-12 0.00000e+00
5.39000e+02 6.91008e-12 0.00000e+00
5.40000e+02 7.25128e-12 0.00000e+00
5.41000e+02 7.17085e-12 0.00000e+00
5.42000e+02 6.17867e-12 0.00000e+00
5.43000e+02 5.82733e-12 0.00000e+00
5.44000e+02 6.45872e-12 0.00000e+00
5.45000e+02 7.55648e-12 0.00000e+00
5.46000e+02 5.77646e-12 0.00000e+00
5.47000e+02 6.60418e-12 0.00000e+00
5.48000e+02 6.53706e-12 0.00000e+00
5.49000e+02 7.18363e-12 0.00000e+00
5.50000e+02 5.78819e-12 0.00000e+00
5.51000e+02 6.25244e-12 0.00000e+00
5.52000e+02 6.57806e-12 0.00000e+00
5.53000e+02 6.68311e-12 0.00000e+00
5.54000e+02 6.15236e-12 0.00000e+00
5.55000e+02 5.82536e-12 0.00000e+00
5.56000e+02 7.76797e-12 0.00000e+00
5.57000e+02 7.46710e-12 0.00000e+00
5.58000e+02 7.05812e-12 0.00000e+00
5.59000e+02 6.55470e-12 0.00000e+00
5.60000e+02 6.70274e-12 0.00000e+00
5.61000e+02 6.31303e-12 0.00000e+00
5.62000e+02 5.69741e-12 0.00000e+00
5.63000e+02 6.70378e-12 0.00000e+00
5.64000e+02 6.50537e-12 0.00000e+00
5.65000e+02 6.07020e-12 0.00000e+00
5.66000e+02 5.89539e-12 0.00000e+00
5.67000e+02 5.63154e-12 0.00000e+00
5.68000e+02 5.47212e-12 0.00000e+00
5.69000e+02 5.85130e-12 0.00000e+00
5.70000e+02 5.93471e-12 0.00000e+00
5.71000e+02 7.14004e-12 0.00000e+00
5.72000e+02 6.88946e-12 0.00000e+00
5.73000e+02 6.57126e-12 0.00000e+00
5.74000e+02 6.15728e-12 0.00000e+00
5.75000e+02 5.92303e-12 0.00000e+00
5.76000e+02 6.26810e-12 0.00000e+00
5.77000e+02 5.99059e-12 0.00000e+00
5.78000e+02 5.57934e-12 0.00000e+00
5.79000e+02 6.58947e-12 0.00000e+00
5.80000e+02 5.86351e-12 0.00000e+00
5.81000e+02 6.08040e-12 0.00000e+00
5.82000e+02 5.43779e-12 0.00000e+00
5.83000e+02 5.30943e-12 0.00000e+00
5.84000e+02 6.76964e-12 0.00000e+00
5.85000e+02 6.56752e-12 0.00000e+00
5.86000e+02 5.93976e-12 0.00000e+00
5.87000e+02 6.18386e-12 0.00000e+00
5.88000e+02 5.63353e-12 0.00000e+00
5.89000e+02 5.50443e-12 0.00000e+00
5.90000e+02 5.84236e-12 0.00000e+00
5.91000e+02 6.75909e-12 0.00000e+00
5.92000e+02 6.37592e-12 0.00000e+00
5.93000e+02 6.95041e-12 0.00000e+00
5.94000e+02 6.13716e-12 0.00000e+00
5.95000e+02 6.27554e-12 0.00000e+00
5.96000e+02 5.79202e-12 0.00000e+00
5.97000e+02 5.66452e-12 0.00000e+00
5.98000e+02 5.67656e-12 0.00000e+00
5.99000e+02 6.43346e-12 0.00000e+00
6.00000e+02 6.03580e-12 0.00000e+00
6.01000e+02 6.08746e-12 0.00000e+00
6.02000e+02 6.01701e-12 0.00000e+00
6.03000e+02 6.00242e-12 0.00000e+00
6.04000e+02 5.59784e-12 0.00000e+00
6.05000e+02 5.96780e-12 0.00000e+00
6.06000e+02 6.08150e-12 0.00000e+00
6.07000e+02 5.58612e-12 0.00000e+00
6.08000e+02 6.14568e-12 0.00000e+00
6.09000e+02 5.47165e-12 0.00000e+00
6.10000e+02 6.03333e-12 0.00000e+00
6.11000e+02 5.10860e-12 0.00000e+00
6.12000e+02 6.25169e-12 0.00000e+00
6.13000e+02 5.86067e-12 0.00000e+00
6.14000e+02 5.48614e-12 0.00000e+00
6.15000e+02 5.40228e-12 0.00000e+00
6.16000e+02 5.63789e-12 0.00000e+00
6.17000e+02 5.66438e-12 0.00000e+00
6.18000e+02 5.90873e-12 0.00000e+00
6.19000e+02 5.56141e-12 0.00000e+00
6.20000e+02 5.91916e-12 0.00000e+00
6.21000e+02 5.66260e-12 0.00000e+00
6.22000e+02 5.60438e-12 0.00000e+00
6.23000e+02 5.83299e-12 0.00000e+00
6.24000e+02 6.47176e-12 0.00000e+00
6.25000e+02 5.58941e-12 0.00000e+00
6.26000e+02 4.91043e-12 0.00000e+00
6.27000e+02 5.72898e-12 0.00000e+00
6.28000e+02 5.68711e-12 0.00000e+00
6.29000e+02 5.33406e-12 0.00000e+00
6.30000e+02 5.33630e-12 0.00000e+00
6.31000e+02 4.83643e-12 0.00000e+00
6.32000e+02 5.95284e-12 0.00000e+00
6.33000e+02 5.02398e-12 0.00000e+00
6.34000e+02 5.30258e-12 0.00000e+00
6.35000e+02 5.76222e-12 0.00000e+00
6.36000e+02 5.83051e-12 0.00000e+00
6.37000e+02 6.29457e-12 0.00000e+00
6.38000e+02 5.41929e-12 0.00000e+00
6.39000e+02 5.00765e-12 0.00000e+00
6.40000e+02 5.80088e-12 0.00000e+00
6.41000e+02 5.32685e-12 0.00000e+00
6.42000e+02 4.71845e-12 0.00000e+00
6.43000e+02 5.85285e-12 0.00000e+00
6.44000e+02 6.22913e-12 0.00000e+00
6.45000e+02 5.10197e-12 0.00000e+00
6.46000e+02 6.31705e-12 0.00000e+00
6.47000e+02 5.15927e-12 0.00000e+00
6.48000e+02 5.17585e-12 0.00000e+00
6.49000e+02 5.10592e-12 0.00000e+00
6.50000e+02 6.00167e-12 0.00000e+00
6.51000e+02 5.92750e-12 0.00000e+00
6.52000e+02 5.43913e-12 0.00000e+00
6.53000e+02 5.87108e-12 0.00000e+00
6.54000e+02 5.11418e-12 0.00000e+00
6.55000e+02 5.19572e-12 0.00000e+00
6.56000e+02 6.15139e-12 0.00000e+00
6.57000e+02 5.29820e-12 0.00000e+00
6.58000e+02 5.34505e-12 0.00000e+00
6.59000e+02 5.71603e-12 0.00000e+00
6.60000e+02 4.80193e-12 0.00000e+00
6.61000e+02 5.23372e-12 0.00000e+00
6.62000e+02 5.42584e-12 0.00000e+00
6.63000e+02 5.09464e-12 0.00000e+00
6.64000e+02 4.94261e-12 0.00000e+00
6.65000e+02 5.57616e-12 0.00000e+00
6.66000e+02 5.55372e-12 0.00000e+00
6.67000e+02 5.74996e-12 0.00000e+00
6.68000e+02 4.93465e-12 0.00000e+00
6.69000e+02 4.90485e-12 0.00000e+00
6.70000e+02 4.94524e-12 0.00000e+00
6.71000e+02 5.62254e-12 0.00000e+00
6.72000e+02 4.79031e-12 0.00000e+00
6.73000e+02 4.81143e-12 0.00000e+00
6.74000e+02 5.53275e-12 0.00000e+00
6.75000e+02 4.43209e-12 0.00000e+00
6.76000e+02 5.65763e-12 0.00000e+00
6.77000e+02 4.72883e-12 0.00000e+00
6.78000e+02 5.91618e-12 0.00000e+00
6.79000e+02 4.84108e-12 0.00000e+00
6.80000e+02 5.58539e-12 0.00000e+00
6.81000e+02 5.52896e-12 0.00000e+00
6.82000e+02 5.36288e-12 0.00000e+00
6.83000e+02 5.32513e-12 0.00000e+00
6.84000e+02 5.02315e-12 0.00000e+00
6.85000e+02 5.44628e-12 0.00000e+00
6.86000e+02 4.42962e-12 0.00000e+00
6.87000e+02 4.85858e-12 0.00000e+00
6.88000e+02 4.60293e-12 0.00000e+00
6.89000e+02 5.34655e-12 0.00000e+00
6.90000e+02 5.29635e-12 0.00000e+00
6.91000e+02 5.48313e-12 0.00000e+00
6.92000e+02 4.76251e-12 0.00000e+00
6.93000e+02 5.05372e-12 0.00000e+00
6.94000e+02 5.51020e-12 0.00000e+00
6.95000e+02 5.11531e-12 0.00000e+00
6.96000e+02 4.96197e-12 0.00000e+00
6.97000e+02 4.40719e-12 0.00000e+00
6.98000e+02 4.66407e-12 0.00000e+00
6.99000e+02 4.60045e-12 0.00000e+00
7.00000e+02 5.17101e-12 0.00000e+00
7.01000e+02 5.37932e-12 0.00000e+00
7.02000e+02 4.90240e-12 0.00000e+00
7.03000e+02 4.32167e-12 0.00000e+00
7.04000e+02 4.28798e-12 0.00000e+00
7.05000e+02 5.24992e-12 0.00000e+00
7.06000e+02 4.96741e-12 0.00000e+00
7.07000e+02 5.45720e-12 0.00000e+00
7.08000e+02 5.00986e-12 0.00000e+00
7.09000e+02 5.08219e-12 0.00000e+00
7.10000e+02 5.24642e-12 0.00000e+00
7.11000e+02 4.72387e-12 0.00000e+00
7.12000e+02 4.89757e-12 0.00000e+00
7.13000e+02 4.90437e-12 0.00000e+00
7.14000e+02 4.75925e-12 0.00000e+00
7.15000e+02 4.23894e-12 0.00000e+00
7.16000e+02 4.30841e-12 0.00000e+00
7.17000e+02 4.55478e-12 0.00000e+00
7.18000e+02 4.77883e-12 0.00000e+00
7.19000e+02 4.37224e-12 0.00000e+00
7.20000e+02 4.68595e-12 0.00000e+00
7.21000e+02 4.77677e-12 0.00000e+00
7.22000e+02 5.11421e-12 0.00000e+00
7.23000e+02 4.34947e-12 0.00000e+00
7.24000e+02 4.33582e-12 0.00000e+00
7.25000e+02 5.21456e-12 0.00000e+00
7.26000e+02 4.23993e-12 0.00000e+00
7.27000e+02 4.85995e-12 0.00000e+00
7.28000e+02 4.57990e-12 0.00000e+00
7.29000e+02 4.89979e-12 0.00000e+00
7.30000e+02 5.03805e-12 0.00000e+00
7.31000e+02 4.46587e-12 0.00000e+00
7.32000e+02 4.78590e-12 0.00000e+00
7.33000e+02 4.71523e-12 0.00000e+00
7.34000e+02 5.29779e-12 0.00000e+00
7.35000e+02 5.42037e-12 0.00000e+00
7.36000e+02 4.38143e-12 0.00000e+00
7.37000e+02 5.18226e-12 0.00000e+00
7.38000e+02 4.18465e-12 0.00000e+00
7.39000e+02 4.79708e-12 0.00000e+00
7.40000e+02 4.67854e-12 0.00000e+00
7.41000e+02 5.32797e-12 0.00000e+00
7.42000e+02 4.41636e-12 0.00000e+00
7.43000e+02 4.78814e-12 0.00000e+00
7.44000e+02 3.99632e-12 0.00000e+00
7.45000e+02 4.46254e-12 0.00000e+00
7.46000e+02 4.02807e-12 0.00000e+00
7.47000e+02 4.20323e-12 0.00000e+00
7.48000e+02 4.29175e-12 0.00000e+00
7.49000e+02 4.68616e-12 0.00000e+00
7.50000e+02 4.59825e-12 0.00000e+00
7.51000e+02 4.67072e-12 0.00000e+00
7.52000e+02 4.37339e-12 0.00000e+00
7.53000e+02 4.62464e-12 0.00000e+00
7.54000e+02 4.76176e-12 0.00000e+00
7.55000e+02 4.32776e-12 0.00000e+00
7.56000e+02 4.08959e-12 0.00000e+00
7.57000e+02 5.20006e-12 0.00000e+00
7.58000e+02 4.98656e-12 0.00000e+00
7.59000e+02 4.97340e-12 0.00000e+00
7.60000e+02 4.97346e-12 0.00000e+00
7.61000e+02 4.86012e-12 0.00000e+00
7.62000e+02 4.35750e-12 0.00000e+00
7.63000e+02 3.89799e-12 0.00000e+00
7.64000e+02 4.28974e-12 0.00000e+00
7.65000e+02 4.32982e-12 0.00000e+00
7.66000e+02 4.15998e-12 0.00000e+00
7.67000e+02 4.96671e-12 0.00000e+00
7.68000e+02 4.39086e-12 0.00000e+00
7.69000e+02 3.77710e-12 0.00000e+00
7.70000e+02 4.59177e-12 0.00000e+00
7.71000e+02 4.43642e-12 0.00000e+00
7.72000e+02 4.68036e-12 0.00000e+00
7.73000e+02 4.48992e-12 0.00000e+00
7.74000e+02 4.18096e-12 0.00000e+00
7.75000e+02 4.34731e-12 0.00000e+00
7.76000e+02 3.95642e-12 0.00000e+00
7.77000e+02 4.60394e-12 0.00000e+00
7.78000e+02 4.40044e-12 0.00000e+00
7.79000e+02 3.97458e-12 0.00000e+00
7.80000e+02 4.53002e-12 0.00000e+00
7.81000e+02 4.47807e-12 0.00000e+00
7.82000e+02 4.66073e-12 0.00000e+00
7.83000e+02 4.10542e-12 0.00000e+00
7.84000e+02 4.26978e-12 0.00000e+00
7.85000e+02 4.15502e-12 0.00000e+00
7.86000e+02 3.56201e-12 0.00000e+00
7.87000e+02 4.68075e-12 0.00000e+00
7.88000e+02 4.16541e-12 0.00000e+00
7.89000e+02 4.07094e-12 0.00000e+00
7.90000e+02 4.34041e-12 0.00000e+00
7.91000e+02 4.05402e-12 0.00000e+00
7.92000e+02 4.20658e-12 0.00000e+00
7.93000e+02 3.84292e-12 0.00000e+00
7.94000e+02 4.11315e-12 0.00000e+00
7.95000e+02 3.53021e-12 0.00000e+00
7.96000e+02 4.35151e-12 0.00000e+00
7.97000e+02 4.13892e-12 0.00000e+00
7.98000e+02 4.25398e-12 0.00000e+00
7.99000e+02 3.91340e-12 0.00000e+00
8.00000e+02 4.57161e-12 0.00000e+00
8.01000e+02 4.51104e-12 0.00000e+00
8.02000e+02 4.49975e-12 0.00000e+00
8.03000e+02 3.68411e-12 0.00000e+00
8.04000e+02 4.14186e-12 0.00000e+00
8.05000e+02 3.66087e-12 0.00000e+00
8.06000e+02 4.48804e-12 0.00000e+00
8.07000e+02 4.13535e-12 0.00000e+00
8.08000e+02 4.60902e-12 0.00000e+00
8.09000e+02 4.06681e-12 0.00000e+00
8.10000e+02 4.58062e-12 0.00000e+00
8.11000e+02 4.11686e-12 0.00000e+00
8.12000e+02 4.06920e-12 0.00000e+00
8.13000e+02 3.81526e-12 0.00000e+00
8.14000e+02 4.31669e-12 0.00000e+00
8.15000e+02 3.78421e-12 0.00000e+00
8.16000e+02 3.78904e-12 0.00000e+00
8.17000e+02 3.60837e-12 0.00000e+00
8.18000e+02 3.77186e-12 0.00000e+00
8.19000e+02 3.93056e-12 0.00000e+00
8.20000e+02 4.45072e-12 0.00000e+00
8.21000e+02 3.97433e-12 0.00000e+00
8.22000e+02 3.96596e-12 0.00000e+00
8.23000e+02 4.04921e-12 0.00000e+00
8.24000e+02 3.68771e-12 0.00000e+00
8.25000e+02 4.09429e-12 0.00000e+00
8.26000e+02 3.82493e-12 0.00000e+00
8.27000e+02 4.11899e-12 0.00000e+00
8.28000e+02 3.85819e-12 0.00000e+00
8.29000e+02 3.97865e-12 0.00000e+00
8.30000e+02 3.96878e-12 0.00000e+00
8.31000e+02 4.14045e-12 0.00000e+00
8.32000e+02 3.75845e-12 0.00000e+00
8.33000e+02 3.48056e-12 0.00000e+00
8.34000e+02 3.99383e-12 0.00000e+00
8.35000e+02 4.04246e-12 0.00000e+00
8.36000e+02 3.61524e-12 0.00000e+00
8.37000e+02 3.80016e-12 0.00000e+00
8.38000e+02 3.48767e-12 0.00000e+00
8.39000e+02 3.39072e-12 0.00000e+00
8.40000e+02 3.78561e-12 0.00000e+00
8.41000e+02 3.88041e-12 0.00000e+00
8.42000e+02 3.71703e-12 0.00000e+00
8.43000e+02 4.15498e-12 0.00000e+00
8.44000e+02 4.08923e-12 0.00000e+00
8.45000e+02 4.03475e-12 0.00000e+00
8.46000e+02 4.26805e-12 0.00000e+00
8.47000e+02 3.80085e-12 0.00000e+00
8.48000e+02 4.11067e-12 0.00000e+00
8.49000e+02 3.58971e-12 0.00000e+00
8.50000e+02 3.83209e-12 0.00000e+00
8.51000e+02 3.95076e-12 0.00000e+00
8.52000e+02 3.59591e-12 0.00000e+00
8.53000e+02 3.57831e-12 0.00000e+00
8.54000e+02 3.62722e-12 0.00000e+00
8.55000e+02 3.63612e-12 0.00000e+00
8.56000e+02 3.97993e-12 0.00000e+00
8.57000e+02 3.72408e-12 0.00000e+00
8.58000e+02 4.15897e-12 0.00000e+00
8.59000e+02 3.87140e-12 0.00000e+00
8.60000e+02 3.59581e-12 0.00000e+00
8.61000e+02 3.70413e-12 0.00000e+00
8.62000e+02 3.40298e-12 0.00000e+00
8.63000e+02 3.51806e-12 0.00000e+00
8.64000e+02 3.41733e-12 0.00000e+00
8.65000e+02 3.50666e-12 0.00000e+00
8.66000e+02 3.72602e-12 0.00000e+00
8.67000e+02 3.41259e-12 0.00000e+00
8.68000e+02 3.42927e-12 0.00000e+00
8.69000e+02 3.98916e-12 0.00000e+00
8.70000e+02 3.79174e-12 0.00000e+00
8.71000e+02 3.25406e-12 0.00000e+00
8.72000e+02 3.29752e-12 0.00000e+00
8.73000e+02 3.95665e-12 0.00000e+00
8.74000e+02 3.20903e-12 0.00000e+00
8.75000e+02 3.61225e-12 0.00000e+00
8.76000e+02 3.23770e-12 0.00000e+00
8.77000e+02 3.32842e-12 0.00000e+00
8.78000e+02 3.88449e-12 0.00000e+00
8.79000e+02 3.66539e-12 0.00000e+00
8.80000e+02 3.66632e-12 0.00000e+00
8.81000e+02 3.41431e-12 0.00000e+00
8.82000e+02 3.33578e-12 0.00000e+00
8.83000e+02 3.01637e-12 0.00000e+00
8.84000e+02 3.63154e-12 0.00000e+00
8.85000e+02 3.43058e-12 0.00000e+00
8.86000e+02 3.47563e-12 0.00000e+00
8.87000e+02 3.67463e-12 0.00000e+00
8.88000e+02 3.59080e-12 0.00000e+00
8.89000e+02 3.37061e-12 0.00000e+00
8.90000e+02 3.21748e-12 0.00000e+00
8.91000e+02 3.48457e-12 0.00000e+00
8.92000e+02 3.66583e-12 0.00000e+00
8.93000e+02 3.57415e-12 0.00000e+00
8.94000e+02 3.44140e-12 0.00000e+00
8.95000e+02 3.72883e-12 0.00000e+00
8.96000e+02 3.43129e-12 0.00000e+00
8.97000e+02 3.83809e-12 0.00000e+00
8.98000e+02 3.54297e-12 0.00000e+00
8.99000e+02 3.54076e-12 0.00000e+00
9.00000e+02 3.77804e-12 0.00000e+00
9.01000e+02 3.45796e-12 0.00000e+00
9.02000e+02 3.22634e-12 0.00000e+00
9.03000e+02 3.51992e-12 0.00000e+00
9.04000e+02 3.37668e-12 0.00000e+00
9.05000e+02 3.46565e-12 0.00000e+00
9.06000e+02 3.38479e-12 0.00000e+00
9.07000e+02 3.63492e-12 0.00000e+00
9.08000e+02 3.49215e-12 0.00000e+00
9.09000e+02 3.24814e-12 0.00000e+00
9.10000e+02 3.41412e-12 0.00000e+00
9.11000e+02 3.52297e-12 0.00000e+00
9.12000e+02 3.55100e-12 0.00000e+00
9.13000e+02 3.24288e-12 0.00000e+00
9.14000e+02 3.27436e-12 0.00000e+00
9.15000e+02 3.45094e-12 0.00000e+00
9.16000e+02 3.45741e-12 0.00000e+00
9.17000e+02 3.44928e-12 0.00000e+00
9.18000e+02 3.58611e-12 0.00000e+00
9.19000e+02 3.40485e-12 0.00000e+00
9.20000e+02 3.23564e-12 0.00000e+00
9.21000e+02 3.37506e-12 0.00000e+00
9.22000e+02 3.53171e-12 0.00000e+00
9.23000e+02 3.22131e-12 0.00000e+00
9.24000e+02 3.59330e-12 0.00000e+00
9.25000e+02 3.27334e-12 0.00000e+00
9.26000e+02 3.09965e-12 0.00000e+00
9.27000e+02 3.50699e-12 0.00000e+00
9.28000e+02 3.07046e-12 0.00000e+00
9.29000e+02 3.14671e-12 0.00000e+00
9.30000e+02 3.07821e-12 0.00000e+00
9.31000e+02 3.65171e-12 0.00000e+00
9.32000e+02 3.04216e-12 0.00000e+00
9.33000e+02 3.10774e-12 0.00000e+00
9.34000e+02 2.86120e-12 0.00000e+00
9.35000e+02 2.98587e-12 0.00000e+00
9.36000e+02 3.23218e-12 0.00000e+00
9.37000e+02 3.08874e-12 0.00000e+00
9.38000e+02 3.22975e-12 0.00000e+00
9.39000e+02 3.20022e-12 0.00000e+00
9.40000e+02 3.38998e-12 0.00000e+00
9.41000e+02 3.19661e-12 0.00000e+00
9.42000e+02 3.39865e-12 0.00000e+00
9.43000e+02 3.36161e-12 0.00000e+00
9.44000e+02 3.33890e-12 0.00000e+00
9.45000e+02 3.01788e-12 0.00000e+00
9.46000e+02 3.00624e-12 0.00000e+00
9.47000e+02 3.05935e-12 0.00000e+00
9.48000e+02 2.88096e-12 0.00000e+00
9.49000e+02 3.38608e-12 0.00000e+00
9.50000e+02 3.19715e-12 0.00000e+00
9.51000e+02 2.95251e-12 0.00000e+00
9.52000e+02 2.94431e-12 0.00000e+00
9.53000e+02 2.91221e-12 0.00000e+00
9.54000e+02 2.89141e-12 0.00000e+00
9.55000e+02 3.52017e-12 0.00000e+00
9.56000e+02 3.14871e-12 0.00000e+00
9.57000e+02 2.82451e-12 0.00000e+00
9.58000e+02 2.89825e-12 0.00000e+00
9.59000e+02 2.99705e-12 0.00000e+00
9.60000e+02 3.02401e-12 0.00000e+00
9.61000e+02 3.06368e-12 0.00000e+00
9.62000e+02 2.91299e-12 0.00000e+00
9.63000e+02 3.17137e-12 0.00000e+00
9.64000e+02 3.21991e-12 0.00000e+00
9.65000e+02 3.19921e-12 0.00000e+00
9.66000e+02 2.94430e-12 0.00000e+00
9.67000e+02 2.90913e-12 0.00000e+00
9.68000e+02 2.83926e-12 0.00000e+00
9.69000e+02 3.10323e-12 0.00000e+00
9.70000e+02 3.05312e-12 0.00000e+00
9.71000e+02 3.27528e-12 0.00000e+00
9.72000e+02 2.80754e-12 0.00000e+00
9.73000e+02 2.68580e-12 0.00000e+00
9.74000e+02 3.34873e-12 0.00000e+00
9.75000e+02 3.19241e-12 0.00000e+00
9.76000e+02 2.89450e-12 0.00000e+00
9.77000e+02 3.09834e-12 0.00000e+00
9.78000e+02 2.87970e-12 0.00000e+00
9.79000e+02 2.67394e-12 0.00000e+00
9.80000e+02 2.79550e-12 0.00000e+00
9.81000e+02 2.94865e-12 0.00000e+00
9.82000e+02 2.83500e-12 0.00000e+00
9.83000e+02 3.10146e-12 0.00000e+00
9.84000e+02 3.04665e-12 0.00000e+00
9.85000e+02 3.21746e-12 0.00000e+00
9.86000e+02 2.70872e-12 0.00000e+00
9.87000e+02 3.00936e-12 0.00000e+00
9.88000e+02 3.59978e-12 0.00000e+00
9.89000e+02 2.68101e-12 0.00000e+00
9.90000e+02 2.67072e-12 0.00000e+00
9.91000e+02 2.90248e-12 0.00000e+00
9.92000e+02 3.00389e-12 0.00000e+00
9.93000e+02 2.83509e-12 0.00000e+00
9.94000e+02 2.63678e-12 0.00000e+00
9.95000e+02 2.63851e-12 0.00000e+00
9.96000e+02 2.78359e-12 0.00000e+00
9.97000e+02 2.77250e-12 0.00000e+00
9.98000e+02 2.61658e-12 0.00000e+00
9.99000e+02 2.79480e-12 0.00000e+00
1.00000e+03 2.99882e-12 0.00000e+00
1.00100e+03 2.62926e-12 0.00000e+00
1.00200e+03 3.08768e-12 0.00000e+00
1.00300e+03 2.64866e-12 0.00000e+00
1.00400e+03 2.97711e-12 0.00000e+00
1.00500e+03 3.16268e-12 0.00000e+00
1.00600e+03 2.83594e-12 0.00000e+00
1.00700e+03 2.88531e-12 0.00000e+00
1.00800e+03 2.91694e-12 0.00000e+00
1.00900e+03 2.97138e-12 0.00000e+00
1.01000e+03 2.72766e-12 0.00000e+00
1.01100e+03 2.85649e-12 0.00000e+00
1.01200e+03 2.53816e-12 0.00000e+00
1.01300e+03 2.74022e-12 0.00000e+00
1.01400e+03 2.95023e-12 0.00000e+00
1.01500e+03 2.75710e-12 0.00000e+00
1.01600e+03 2.84015e-12 0.00000e+00
1.01700e+03 2.80077e-12 0.00000e+00
1.01800e+03 2.66187e-12 0.00000e+00
1.01900e+03 2.80268e-12 0.00000e+00
1.02000e+03 2.89331e-12 0.00000e+00
1.02100e+03 2.85197e-12 0.00000e+00
1.02200e+03 2.79116e-12 0.00000e+00
1.02300e+03 2.82892e-12 0.00000e+00
1.02400e+03 2.54713e-12 0.00000e+00
1.02500e+03 2.55077e-12 0.00000e+00
1.02600e+03 2.81035e-12 0.00000e+00
1.02700e+03 2.55490e-12 0.00000e+00
1.02800e+03 2.57818e-12 0.00000e+00
1.02900e+03 2.65485e-12 0.00000e+00
1.03000e+03 2.64809e-12 0.00000e+00
1.03100e+03 2.78335e-12 0.00000e+00
1.03200e+03 2.66230e-12 0.00000e+00
1.03300e+03 2.93680e-12 0.00000e+00
1.03400e+03 2.60271e-12 0.00000e+00
1.03500e+03 2.64708e-12 0.00000e+00
1.03600e+03 2.72999e-12 0.00000e+00
1.03700e+03 2.52732e-12 0.00000e+00
1.03800e+03 2.70039e-12 0.00000e+00
1.03900e+03 2.47345e-12 0.00000e+00
1.04000e+03 2.68621e-12 0.00000e+00
1.04100e+03 2.56322e-12 0.00000e+00
1.04200e+03 2.74956e-12 0.00000e+00
1.04300e+03 2.66039e-12 0.00000e+00
1.04400e+03 2.84130e-12 0.00000e+00
1.04500e+03 2.63214e-12 0.00000e+00
1.04600e+03 2.74885e-12 0.00000e+00
1.04700e+03 2.56061e-12 0.00000e+00
1.04800e+03 2.65774e-12 0.00000e+00
1.04900e+03 2.45760e-12 0.00000e+00
1.05000e+03 2.66146e-12 0.00000e+00
1.05100e+03 2.56996e-12 0.00000e+00
1.05200e+03 2.65494e-12 0.00000e+00
1.05300e+03 2.66200e-12 0.00000e+00
1.05400e+03 2.52170e-12 0.00000e+00
1.05500e+03 2.81151e-12 0.00000e+00
1.05600e+03 2.46711e-12 0.00000e+00
1.05700e+03 2.52924e-12 0.00000e+00
1.05800e+03 2.33499e-12 0.00000e+00
1.05900e+03 2.34174e-12 0.00000e+00
1.06000e+03 2.64027e-12 0.00000e+00
1.06100e+03 2.45582e-12 0.00000e+00
1.06200e+03 2.64945e-12 0.00000e+00
1.06300e+03 2.67635e-12 0.00000e+00
1.06400e+03 2.55518e-12 0.00000e+00
1.06500e+03 2.54039e-12 0.00000e+00
1.06600e+03 2.38897e-12 0.00000e+00
1.06700e+03 2.44590e-12 0.00000e+00
1.06800e+03 2.46364e-12 0.00000e+00
1.06900e+03 2.39382e-12 0.00000e+00
1.07000e+03 2.26597e-12 0.00000e+00
1.07100e+03 2.39182e-12 0.00000e+00
1.07200e+03 2.57172e-12 0.00000e+00
1.07300e+03 2.30483e-12 0.00000e+00
1.07400e+03 2.57822e-12 0.00000e+00
1.07500e+03 2.49128e-12 0.00000e+00
1.07600e+03 2.23299e-12 0.00000e+00
1.07700e+03 2.60470e-12 0.00000e+00
1.07800e+03 2.62733e-12 0.00000e+00
1.07900e+03 2.85030e-12 0.00000e+00
1.08000e+03 2.63804e-12 0.00000e+00
1.08100e+03 2.29951e-12 0.00000e+00
1.08200e+03 2.47167e-12 0.00000e+00
1.08300e+03 2.24031e-12 0.00000e+00
1.08400e+03 2.44994e-12 0.00000e+00
1.08500e+03 2.79363e-12 0.00000e+00
1.08600e+03 2.48709e-12 0.00000e+00
1.08700e+03 2.41505e-12 0.00000e+00
1.08800e+03 2.59473e-12 0.00000e+00
1.08900e+03 2.38429e-12 0.00000e+00
1.09000e+03 2.59829e-12 0.00000e+00
1.09100e+03 2.08147e-12 0.00000e+00
1.09200e+03 2.42777e-12 0.00000e+00
1.09300e+03 2.49171e-12 0.00000e+00
1.09400e+03 2.52899e-12 0.00000e+00
1.09500e+03 2.39262e-12 0.00000e+00
1.09600e+03 2.47682e-12 0.00000e+00
1.09700e+03 2.26312e-12 0.00000e+00
1.09800e+03 2.51315e-12 0.00000e+00
1.09900e+03 2.40477e-12 0.00000e+00
1.10000e+03 2.47391e-12 0.00000e+00
1.10100e+03 2.54241e-12 0.00000e+00
1.10200e+03 2.13092e-12 0.00000e+00
1.10300e+03 2.38530e-12 0.00000e+00
1.10400e+03 2.41960e-12 0.00000e+00
1.10500e+03 2.19423e-12 0.00000e+00
1.10600e+03 2.43289e-12 0.00000e+00
1.10700e+03 2.20468e-12 0.00000e+00
1.10800e+03 2.44293e-12 0.00000e+00
1.10900e+03 2.26437e-12 0.00000e+00
1.11000e+03 2.32256e-12 0.00000e+00
1.11100e+03 2.39704e-12 0.00000e+00
1.11200e+03 2.37643e-12 0.00000e+00
1.11300e+03 2.35178e-12 0.00000e+00
1.11400e+03 2.31397e-12 0.00000e+00
1.11500e+03 2.35114e-12 0.00000e+00
1.11600e+03 2.27932e-12 0.00000e+00
1.11700e+03 2.39941e-12 0.00000e+00
1.11800e+03 2.32558e-12 0.00000e+00
1.11900e+03 2.38253e-12 0.00000e+00
1.12000e+03 2.25864e-12 0.00000e+00
1.12100e+03 2.49882e-12 0.00000e+00
1.12200e+03 2.38558e-12 0.00000e+00
1.12300e+03 2.34108e-12 0.00000e+00
1.12400e+03 2.17743e-12 0.00000e+00
1.12500e+03 2.29175e-12 0.00000e+00
1.12600e+03 2.30229e-12 0.00000e+00
1.12700e+03 2.25787e-12 0.00000e+00
1.12800e+03 2.36081e-12 0.00000e+00
1.12900e+03 2.26642e-12 0.00000e+00
1.13000e+03 2.13235e-12 0.00000e+00
1.13100e+03 2.40554e-12 0.00000e+00
1.13200e+03 2.08289e-12 0.00000e+00
1.13300e+03 2.27380e-12 0.00000e+00
1.13400e+03 1.97696e-12 0.00000e+00
1.13500e+03 2.22780e-12 0.00000e+00
1.13600e+03 2.03764e-12 0.00000e+00
1.13700e+03 2.24648e-12 0.00000e+00
1.13800e+03 2.51133e-12 0.00000e+00
1.13900e+03 2.24669e-12 0.00000e+00
1.14000e+03 2.40385e-12 0.00000e+00
1.14100e+03 2.28734e-12 0.00000e+00
1.14200e+03 2.10977e-12 0.00000e+00
1.14300e+03 1.98970e-12 0.00000e+00
1.14400e+03 2.09875e-12 0.00000e+00
1.14500e+03 2.18749e-12 0.00000e+00
1.14600e+03 2.06707e-12 0.00000e+00
1.14700e+03 2.26162e-12 0.00000e+00
1.14800e+03 2.23995e-12 0.00000e+00
1.14900e+03 2.05410e-12 0.00000e+00
1.15000e+03 2.25846e-12 0.00000e+00
1.15100e+03 2.22424e-12 0.00000e+00
1.15200e+03 2.14252e-12 0.00000e+00
1.15300e+03 2.19438e-12 0.00000e+00
1.15400e+03 2.21846e-12 0.00000e+00
1.15500e+03 2.06353e-12 0.00000e+00
1.15600e+03 2.19627e-12 0.00000e+00
1.15700e+03 2.24720e-12 0.00000e+00
1.15800e+03 2.00940e-12 0.00000e+00
1.15900e+03 2.14795e-12 0.00000e+00
1.16000e+03 2.00936e-12 0.00000e+00
1.16100e+03 2.22562e-12 0.00000e+00
1.16200e+03 2.00753e-12 0.00000e+00
1.16300e+03 2.05847e-12 0.00000e+00
1.16400e+03 2.10511e-12 0.00000e+00
1.16500e+03 2.14628e-12 0.00000e+00
1.16600e+03 2.30257e-12 0.00000e+00
1.16700e+03 2.15548e-12 0.00000e+00
1.16800e+03 2.12674e-12 0.00000e+00
1.16900e+03 2.16319e-12 0.00000e+00
1.17000e+03 2.04125e-12 0.00000e+00
1.17100e+03 2.05589e-12 0.00000e+00
1.17200e+03 2.10223e-12 0.00000e+00
1.17300e+03 2.09994e-12 0.00000e+00
1.17400e+03 2.39180e-12 0.00000e+00
1.17500e+03 2.29771e-12 0.00000e+00
1.17600e+03 2.06079e-12 0.00000e+00
1.17700e+03 2.04541e-12 0.00000e+00
1.17800e+03 2.14892e-12 0.00000e+00
1.17900e+03 1.79896e-12 0.00000e+00
1.18000e+03 2.05812e-12 0.00000e+00
1.18100e+03 2.00316e-12 0.00000e+00
1.18200e+03 2.20671e-12 0.00000e+00
1.18300e+03 2.00594e-12 0.00000e+00
1.18400e+03 1.95360e-12 0.00000e+00
1.18500e+03 2.01698e-12 0.00000e+00
1.18600e+03 1.98228e-12 0.00000e+00
1.18700e+03 2.15786e-12 0.00000e+00
1.18800e+03 1.84910e-12 0.00000e+00
1.18900e+03 1.73174e-12 0.00000e+00
1.19000e+03 1.94220e-12 0.00000e+00
1.19100e+03 2.27393e-12 0.00000e+00
1.19200e+03 2.12722e-12 0.00000e+00
1.19300e+03 1.91235e-12 0.00000e+00
1.19400e+03 1.99790e-12 0.00000e+00
1.19500e+03 2.01053e-12 0.00000e+00
1.19600e+03 1.97164e-12 0.00000e+00
1.19700e+03 2.22920e-12 0.00000e+00
1.19800e+03 1.99835e-12 0.00000e+00
1.19900e+03 1.93811e-12 0.00000e+00
1.20000e+03 1.96872e-12 0.00000e+00
1.20100e+03 1.95231e-12 0.00000e+00
1.20200e+03 1.77429e-12 0.00000e+00
1.20300e+03 2.08032e-12 0.00000e+00
1.20400e+03 2.09499e-12 0.00000e+00
1.20500e+03 1.95722e-12 0.00000e+00
1.20600e+03 2.00267e-12 0.00000e+00
1.20700e+03 2.08606e-12 0.00000e+00
1.20800e+03 1.81362e-12 0.00000e+00
1.20900e+03 1.78926e-12 0.00000e+00
1.21000e+03 2.05555e-12 0.00000e+00
1.21100e+03 1.74697e-12 0.00000e+00
1.21200e+03 2.02239e-12 0.00000e+00
1.21300e+03 2.01942e-12 0.00000e+00
1.21400e+03 1.93739e-12 0.00000e+00
1.21500e+03 1.94190e-12 0.00000e+00
1.21600e+03 1.84812e-12 0.00000e+00
1.21700e+03 1.99904e-12 0.00000e+00
1.21800e+03 1.93825e-12 0.00000e+00
1.21900e+03 2.02990e-12 0.00000e+00
1.22000e+03 2.02319e-12 0.00000e+00
1.22100e+03 1.94707e-12 0.00000e+00
1.22200e+03 1.95458e-12 0.00000e+00
1.22300e+03 1.98936e-12 0.00000e+00
1.22400e+03 1.99800e-12 0.00000e+00
1.22500e+03 1.69635e-12 0.00000e+00
1.22600e+03 2.01032e-12 0.00000e+00
1.22700e+03 1.73516e-12 0.00000e+00
1.22800e+03 2.03942e-12 0.00000e+00
1.22900e+03 1.83226e-12 0.00000e+00
1.23000e+03 1.87698e-12 0.00000e+00
1.23100e+03 1.92156e-12 0.00000e+00
1.23200e+03 1.95575e-12 0.00000e+00
1.23300e+03 1.68317e-12 0.00000e+00
1.23400e+03 1.91585e-12 0.00000e+00
1.23500e+03 1.63834e-12 0.00000e+00
1.23600e+03 1.88175e-12 0.00000e+00
1.23700e+03 2.07016e-12 0.00000e+00
1.23800e+03 1.71042e-12 0.00000e+00
1.23900e+03 1.82111e-12 0.00000e+00
1.24000e+03 1.60746e-12 0.00000e+00
1.24100e+03 1.66723e-12 0.00000e+00
1.24200e+03 1.62035e-12 0.00000e+00
1.24300e+03 1.65862e-12 0.00000e+00
1.24400e+03 1.77300e-12 0.00000e+00
1.24500e+03 1.74693e-12 0.00000e+00
1.24600e+03 1.50321e-12 0.00000e+00
1.24700e+03 1.91959e-12 0.00000e+00
1.24800e+03 1.74177e-12 0.00000e+00
1.24900e+03 1.67112e-12 0.00000e+00
1.25000e+03 1.83793e-12 0.00000e+00
1.25100e+03 1.75499e-12 0.00000e+00
1.25200e+03 1.76106e-12 0.00000e+00
1.25300e+03 1.83351e-12 0.00000e+00
1.25400e+03 1.71993e-12 0.00000e+00
1.25500e+03 1.43703e-12 0.00000e+00
1.25600e+03 1.78038e-12 0.00000e+00
1.25700e+03 1.78829e-12 0.00000e+00
1.25800e+03 1.89014e-12 0.00000e+00
1.25900e+03 1.81504e-12 0.00000e+00
1.26000e+03 1.81277e-12 0.00000e+00
1.26100e+03 1.96772e-12 0.00000e+00
1.26200e+03 1.74305e-12 0.00000e+00
1.26300e+03 1.71253e-12 0.00000e+00
1.26400e+03 1.84498e-12 0.00000e+00
1.26500e+03 1.64483e-12 0.00000e+00
1.26600e+03 1.85796e-12 0.00000e+00
1.26700e+03 1.86858e-12 0.00000e+00
1.26800e+03 1.82548e-12 0.00000e+00
1.26900e+03 1.72548e-12 0.00000e+00
1.27000e+03 1.74952e-12 0.00000e+00
1.27100e+03 1.57729e-12 0.00000e+00
1.27200e+03 1.97856e-12 0.00000e+00
1.27300e+03 1.67339e-12 0.00000e+00
1.27400e+03 1.70827e-12 0.00000e+00
1.27500e+03 1.73838e-12 0.00000e+00
1.27600e+03 1.80184e-12 0.00000e+00
1.27700e+03 1.70483e-12 0.00000e+00
1.27800e+03 1.54854e-12 0.00000e+00
1.27900e+03 1.69862e-12 0.00000e+00
1.28000e+03 1.74481e-12 0.00000e+00
1.28100e+03 1.79535e-12 0.00000e+00
1.28200e+03 1.83051e-12 0.00000e+00
1.28300e+03 1.69398e-12 0.00000e+00
1.28400e+03 1.69366e-12 0.00000e+00
1.28500e+03 1.78619e-12 0.00000e+00
1.28600e+03 1.67527e-12 0.00000e+00
1.28700e+03 1.54158e-12 0.00000e+00
1.28800e+03 1.70944e-12 0.00000e+00
1.28900e+03 1.67012e-12 0.00000e+00
1.29000e+03 1.64375e-12 0.00000e+00
1.29100e+03 1.58040e-12 0.00000e+00
1.29200e+03 1.67718e-12 0.00000e+00
1.29300e+03 1.71658e-12 0.00000e+00
1.29400e+03 1.75804e-12 0.00000e+00
1.29500e+03 1.70825e-12 0.00000e+00
1.29600e+03 1.62649e-12 0.00000e+00
1.29700e+03 1.52572e-12 0.00000e+00
1.29800e+03 1.57792e-12 0.00000e+00
1.29900e+03 1.61808e-12 0.00000e+00
1.30000e+03 1.57730e-12 0.00000e+00
1.30100e+03 1.62769e-12 0.00000e+00
1.30200e+03 1.59773e-12 0.00000e+00
1.30300e+03 1.53652e-12 0.00000e+00
1.30400e+03 1.61621e-12 0.00000e+00
1.30500e+03 1.58498e-12 0.00000e+00
1.30600e+03 1.54213e-12 0.00000e+00
1.30700e+03 1.58024e-12 0.00000e+00
1.30800e+03 1.49377e-12 0.00000e+00
1.30900e+03 1.54478e-12 0.00000e+00
1.31000e+03 1.49980e-12 0.00000e+00
1.31100e+03 1.50310e-12 0.00000e+00
1.31200e+03 1.57750e-12 0.00000e+00
1.31300e+03 1.48192e-12 0.00000e+00
1.31400e+03 1.53819e-12 0.00000e+00
1.31500e+03 1.49221e-12 0.00000e+00
1.31600e+03 1.51255e-12 0.00000e+00
1.31700e+03 1.47717e-12 0.00000e+00
1.31800e+03 1.65587e-12 0.00000e+00
1.31900e+03 1.49805e-12 0.00000e+00
1.32000e+03 1.50115e-12 0.00000e+00
1.32100e+03 1.61725e-12 0.00000e+00
1.32200e+03 1.56878e-12 0.00000e+00
1.32300e+03 1.48975e-12 0.00000e+00
1.32400e+03 1.50314e-12 0.00000e+00
1.32500e+03 1.49209e-12 0.00000e+00
1.32600e+03 1.53896e-12 0.00000e+00
1.32700e+03 1.50664e-12 0.00000e+00
1.32800e+03 1.46419e-12 0.00000e+00
1.32900e+03 1.55633e-12 0.00000e+00
1.33000e+03 1.44136e-12 0.00000e+00
1.33100e+03 1.40797e-12 0.00000e+00
1.33200e+03 1.74611e-12 0.00000e+00
1.33300e+03 1.56281e-12 0.00000e+00
1.33400e+03 1.47526e-12 0.00000e+00
1.33500e+03 1.33829e-12 0.00000e+00
1.33600e+03 1.50957e-12 0.00000e+00
1.33700e+03 1.44837e-12 0.00000e+00
1.33800e+03 1.43611e-12 0.00000e+00
1.33900e+03 1.29448e-12 0.00000e+00
1.34000e+03 1.53795e-12 0.00000e+00
1.34100e+03 1.30688e-12 0.00000e+00
1.34200e+03 1.37856e-12 0.00000e+00
1.34300e+03 1.43708e-12 0.00000e+00
1.34400e+03 1.56594e-12 0.00000e+00
1.34500e+03 1.42573e-12 0.00000e+00
1.34600e+03 1.52441e-12 0.00000e+00
1.34700e+03 1.40933e-12 0.00000e+00
1.34800e+03 1.36825e-12 0.00000e+00
1.34900e+03 1.36212e-12 0.00000e+00
1.35000e+03 1.55345e-12 0.00000e+00
1.35100e+03 1.44837e-12 0.00000e+00
1.35200e+03 1.47333e-12 0.00000e+00
1.35300e+03 1.32589e-12 0.00000e+00
1.35400e+03 1.30546e-12 0.00000e+00
1.35500e+03 1.52661e-12 0.00000e+00
1.35600e+03 1.50642e-12 0.00000e+00
1.35700e+03 1.39253e-12 0.00000e+00
1.35800e+03 1.42765e-12 0.00000e+00
1.35900e+03 1.57025e-12 0.00000e+00
1.36000e+03 1.44358e-12 0.00000e+00
1.36100e+03 1.54730e-12 0.00000e+00
1.36200e+03 1.33126e-12 0.00000e+00
1.36300e+03 1.38583e-12 0.00000e+00
1.36400e+03 1.37048e-12 0.00000e+00
1.36500e+03 1.31098e-12 0.00000e+00
1.36600e+03 1.42098e-12 0.00000e+00
1.36700e+03 1.34803e-12 0.00000e+00
1.36800e+03 1.45780e-12 0.00000e+00
1.36900e+03 1.40995e-12 0.00000e+00
1.37000e+03 1.36888e-12 0.00000e+00
1.37100e+03 1.37878e-12 0.00000e+00
1.37200e+03 1.49821e-12 0.00000e+00
1.37300e+03 1.27373e-12 0.00000e+00
1.37400e+03 1.35915e-12 0.00000e+00
1.37500e+03 1.41425e-12 0.00000e+00
1.37600e+03 1.35087e-12 0.00000e+00
1.37700e+03 1.26545e-12 0.00000e+00
1.37800e+03 1.46085e-12 0.00000e+00
1.37900e+03 1.28350e-12 0.00000e+00
1.38000e+03 1.34286e-12 0.00000e+00
1.38100e+03 1.36342e-12 0.00000e+00
1.38200e+03 1.56114e-12 0.00000e+00
1.38300e+03 1.33874e-12 0.00000e+00
1.38400e+03 1.23126e-12 0.00000e+00
1.38500e+03 1.42336e-12 0.00000e+00
1.38600e+03 1.45396e-12 0.00000e+00
1.38700e+03 1.29088e-12 0.00000e+00
1.38800e+03 1.41086e-12 0.00000e+00
1.38900e+03 1.40895e-12 0.00000e+00
1.39000e+03 1.26434e-12 0.00000e+00
1.39100e+03 1.37133e-12 0.00000e+00
1.39200e+03 1.31706e-12 0.00000e+00
1.39300e+03 1.37002e-12 0.00000e+00
1.39400e+03 1.42238e-12 0.00000e+00
1.39500e+03 1.33204e-12 0.00000e+00
1.39600e+03 1.36303e-12 0.00000e+00
1.39700e+03 1.13516e-12 0.00000e+00
1.39800e+03 1.34406e-12 0.00000e+00
1.39900e+03 1.29366e-12 0.00000e+00
1.40000e+03 1.29696e-12 0.00000e+00
1.40100e+03 1.26368e-12 0.00000e+00
1.40200e+03 1.24494e-12 0.00000e+00
1.40300e+03 1.42990e-12 0.00000e+00
1.40400e+03 1.31273e-12 0.00000e+00
1.40500e+03 1.30084e-12 0.00000e+00
1.40600e+03 1.42210e-12 0.00000e+00
1.40700e+03 1.35980e-12 0.00000e+00
1.40800e+03 1.22736e-12 0.00000e+00
1.40900e+03 1.17216e-12 0.00000e+00
1.41000e+03 1.33688e-12 0.00000e+00
1.41100e+03 1.28182e-12 0.00000e+00
1.41200e+03 1.34062e-12 0.00000e+00
1.41300e+03 1.25053e-12 0.00000e+00
1.41400e+03 1.30321e-12 0.00000e+00
1.41500e+03 1.26270e-12 0.00000e+00
1.41600e+03 1.18220e-12 0.00000e+00
1.41700e+03 1.23203e-12 0.00000e+00
1.41800e+03 1.25817e-12 0.00000e+00
1.41900e+03 1.34036e-12 0.00000e+00
1.42000e+03 1.20498e-12 0.00000e+00
1.42100e+03 1.18807e-12 0.00000e+00
1.42200e+03 1.18115e-12 0.00000e+00
1.42300e+03 1.28902e-12 0.00000e+00
1.42400e+03 1.03052e-12 0.00000e+00
1.42500e+03 1.20881e-12 0.00000e+00
1.42600e+03 1.17702e-12 0.00000e+00
1.42700e+03 1.19477e-12 0.00000e+00
1.42800e+03 1.16199e-12 0.00000e+00
1.42900e+03 1.21110e-12 0.00000e+00
1.43000e+03 1.19745e-12 0.00000e+00
1.43100e+03 1.16851e-12 0.00000e+00
1.43200e+03 1.18503e-12 0.00000e+00
1.43300e+03 1.34245e-12 0.00000e+00
1.43400e+03 1.25709e-12 0.00000e+00
1.43500e+03 1.17792e-12 0.00000e+00
1.43600e+03 1.26511e-12 0.00000e+00
1.43700e+03 1.12011e-12 0.00000e+00
1.43800e+03 1.21482e-12 0.00000e+00
1.43900e+03 1.18821e-12 0.00000e+00
1.44000e+03 1.15715e-12 0.00000e+00
1.44100e+03 1.25527e-12 0.00000e+00
1.44200e+03 1.09703e-12 0.00000e+00
1.44300e+03 1.10321e-12 0.00000e+00
1.44400e+03 1.32340e-12 0.00000e+00
1.44500e+03 1.23530e-12 0.00000e+00
1.44600e+03 1.17881e-12 0.00000e+00
1.44700e+03 1.23351e-12 0.00000e+00
1.44800e+03 1.18951e-12 0.00000e+00
1.44900e+03 1.15692e-12 0.00000e+00
1.45000e+03 1.20473e-12 0.00000e+00
1.45100e+03 1.13536e-12 0.00000e+00
1.45200e+03 1.23782e-12 0.00000e+00
1.45300e+03 1.11390e-12 0.00000e+00
1.45400e+03 1.18387e-12 0.00000e+00
1.45500e+03 1.21903e-12 0.00000e+00
1.45600e+03 1.21584e-12 0.00000e+00
1.45700e+03 1.14513e-12 0.00000e+00
1.45800e+03 1.11152e-12 0.00000e+00
1.45900e+03 1.14487e-12 0.00000e+00
1.46000e+03 1.07871e-12 0.00000e+00
1.46100e+03 1.17091e-12 0.00000e+00
1.46200e+03 1.13217e-12 0.00000e+00
1.46300e+03 1.08519e-12 0.00000e+00
1.46400e+03 1.08084e-12 0.00000e+00
1.46500e+03 1.22030e-12 0.00000e+00
1.46600e+03 1.10818e-12 0.00000e+00
1.46700e+03 1.16439e-12 0.00000e+00
1.46800e+03 1.24092e-12 0.00000e+00
1.46900e+03 1.07020e-12 0.00000e+00
1.47000e+03 1.01421e-12 0.00000e+00
1.47100e+03 1.11356e-12 0.00000e+00
1.47200e+03 1.14699e-12 0.00000e+00
1.47300e+03 1.12918e-12 0.00000e+00
1.47400e+03 1.13988e-12 0.00000e+00
1.47500e+03 1.02208e-12 0.00000e+00
1.47600e+03 1.14163e-12 0.00000e+00
1.47700e+03 1.16928e-12 0.00000e+00
1.47800e+03 1.23609e-12 0.00000e+00
1.47900e+03 1.16231e-12 0.00000e+00
1.48000e+03 1.13720e-12 0.00000e+00
1.48100e+03 1.09694e-12 0.00000e+00
1.48200e+03 1.13662e-12 0.00000e+00
1.48300e+03 1.10190e-12 0.00000e+00
1.48400e+03 1.08649e-12 0.00000e+00
1.48500e+03 1.09008e-12 0.00000e+00
1.48600e+03 1.09158e-12 0.00000e+00
1.48700e+03 1.11160e-12 0.00000e+00
1.48800e+03 1.10384e-12 0.00000e+00
1.48900e+03 1.07517e-12 0.00000e+00
1.49000e+03 1.10844e-12 0.00000e+00
1.49100e+03 9.95642e-13 0.00000e+00
1.49200e+03 1.00030e-12 0.00000e+00
1.49300e+03 1.05080e-12 0.00000e+00
1.49400e+03 1.09877e-12 0.00000e+00
1.49500e+03 1.00227e-12 0.00000e+00
1.49600e+03 1.11739e-12 0.00000e+00
1.49700e+03 1.06996e-12 0.00000e+00
1.49800e+03 1.04201e-12 0.00000e+00
1.49900e+03 9.48740e-13 0.00000e+00
1.50000e+03 1.04895e-12 0.00000e+00
1.50100e+03 1.04310e-12 0.00000e+00
1.50200e+03 9.77385e-13 0.00000e+00
1.50300e+03 1.04542e-12 0.00000e+00
1.50400e+03 9.70203e-13 0.00000e+00
1.50500e+03 1.02419e-12 0.00000e+00
1.50600e+03 9.65098e-13 0.00000e+00
1.50700e+03 1.00542e-12 0.00000e+00
1.50800e+03 9.78067e-13 0.00000e+00
1.50900e+03 9.59787e-13 0.00000e+00
1.51000e+03 1.00575e-12 0.00000e+00
1.51100e+03 9.50678e-13 0.00000e+00
1.51200e+03 1.03782e-12 0.00000e+00
1.51300e+03 9.23971e-13 0.00000e+00
1.51400e+03 1.06227e-12 0.00000e+00
1.51500e+03 1.00441e-12 0.00000e+00
1.51600e+03 9.53755e-13 0.00000e+00
1.51700e+03 9.96819e-13 0.00000e+00
1.51800e+03 1.07028e-12 0.00000e+00
1.51900e+03 9.16812e-13 0.00000e+00
1.52000e+03 1.04239e-12 0.00000e+00
1.52100e+03 1.00585e-12 0.00000e+00
1.52200e+03 1.05302e-12 0.00000e+00
1.52300e+03 9.65385e-13 0.00000e+00
1.52400e+03 9.92388e-13 0.00000e+00
1.52500e+03 1.00443e-12 0.00000e+00
1.52600e+03 1.00038e-12 0.00000e+00
1.52700e+03 9.92441e-13 0.00000e+00
1.52800e+03 9.97092e-13 0.00000e+00
1.52900e+03 9.61582e-13 0.00000e+00
1.53000e+03 9.82155e-13 0.00000e+00
1.53100e+03 1.00189e-12 0.00000e+00
1.53200e+03 9.15934e-13 0.00000e+00
1.53300e+03 1.07920e-12 0.00000e+00
1.53400e+03 8.86315e-13 0.00000e+00
1.53500e+03 1.03644e-12 0.00000e+00
1.53600e+03 9.78620e-13 0.00000e+00
1.53700e+03 9.16073e-13 0.00000e+00
1.53800e+03 9.76092e-13 0.00000e+00
1.53900e+03 1.03692e-12 0.00000e+00
1.54000e+03 9.67239e-13 0.00000e+00
1.54100e+03 9.56228e-13 0.00000e+00
1.54200e+03 1.03346e-12 0.00000e+00
1.54300e+03 9.83611e-13 0.00000e+00
1.54400e+03 1.00747e-12 0.00000e+00
1.54500e+03 9.75861e-13 0.00000e+00
1.54600e+03 1.00591e-12 0.00000e+00
1.54700e+03 9.33118e-13 0.00000e+00
1.54800e+03 9.52618e-13 0.00000e+00
1.54900e+03 8.80461e-13 0.00000e+00
1.55000e+03 1.01661e-12 0.00000e+00
1.55100e+03 9.67338e-13 0.00000e+00
1.55200e+03 9.97903e-13 0.00000e+00
1.55300e+03 9.24470e-13 0.00000e+00
1.55400e+03 8.88828e-13 0.00000e+00
1.55500e+03 9.54064e-13 0.00000e+00
1.55600e+03 8.83676e-13 0.00000e+00
1.55700e+03 8.48122e-13 0.00000e+00
1.55800e+03 9.02856e-13 0.00000e+00
1.55900e+03 9.15278e-13 0.00000e+00
1.56000e+03 9.86347e-13 0.00000e+00
1.56100e+03 9.20058e-13 0.00000e+00
1.56200e+03 9.72733e-13 0.00000e+00
1.56300e+03 9.61723e-13 0.00000e+00
1.56400e+03 8.93216e-13 0.00000e+00
1.56500e+03 8.97205e-13 0.00000e+00
1.56600e+03 9.59009e-13 0.00000e+00
1.56700e+03 8.57754e-13 0.00000e+00
1.56800e+03 9.15830e-13 0.00000e+00
1.56900e+03 9.29092e-13 0.00000e+00
1.57000e+03 8.85000e-13 0.00000e+00
1.57100e+03 9.28524e-13 0.00000e+00
1.57200e+03 8.16971e-13 0.00000e+00
1.57300e+03 8.59937e-13 0.00000e+00
1.57400e+03 9.41416e-13 0.00000e+00
1.57500e+03 8.88610e-13 0.00000e+00
1.57600e+03 9.45607e-13 0.00000e+00
1.57700e+03 8.57480e-13 0.00000e+00
1.57800e+03 8.46683e-13 0.00000e+00
1.57900e+03 9.07076e-13 0.00000e+00
1.58000e+03 9.97314e-13 0.00000e+00
1.58100e+03 9.35878e-13 0.00000e+00
1.58200e+03 9.04498e-13 0.00000e+00
1.58300e+03 8.73374e-13 0.00000e+00
1.58400e+03 8.09089e-13 0.00000e+00
1.58500e+03 9.01863e-13 0.00000e+00
1.58600e+03 8.94075e-13 0.00000e+00
1.58700e+03 8.99842e-13 0.00000e+00
1.58800e+03 8.49962e-13 0.00000e+00
1.58900e+03 9.33538e-13 0.00000e+00
1.59000e+03 8.54688e-13 0.00000e+00
1.59100e+03 8.01734e-13 0.00000e+00
1.59200e+03 9.28901e-13 0.00000e+00
1.59300e+03 8.94304e-13 0.00000e+00
1.59400e+03 8.31015e-13 0.00000e+00
1.59500e+03 7.23945e-13 0.00000e+00
1.59600e+03 8.93016e-13 0.00000e+00
1.59700e+03 8.70204e-13 0.00000e+00
1.59800e+03 9.04970e-13 0.00000e+00
1.59900e+03 8.61357e-13 0.00000e+00
1.60000e+03 8.35828e-13 0.00000e+00
1.60100e+03 8.67436e-13 0.00000e+00
1.60200e+03 9.12438e-13 0.00000e+00
1.60300e+03 8.37047e-13 0.00000e+00
1.60400e+03 8.62465e-13 0.00000e+00
1.60500e+03 9.42939e-13 0.00000e+00
1.60600e+03 8.77390e-13 0.00000e+00
1.60700e+03 8.74895e-13 0.00000e+00
1.60800e+03 8.28363e-13 0.00000e+00
1.60900e+03 8.28833e-13 0.00000e+00
1.61000e+03 8.32418e-13 0.00000e+00
1.61100e+03 8.08658e-13 0.00000e+00
1.61200e+03 8.04221e-13 0.00000e+00
1.61300e+03 8.46766e-13 0.00000e+00
1.61400e+03 8.45668e-13 0.00000e+00
1.61500e+03 8.71676e-13 0.00000e+00
1.61600e+03 8.34292e-13 0.00000e+00
1.61700e+03 7.97089e-13 0.00000e+00
1.61800e+03 8.41052e-13 0.00000e+00
1.61900e+03 7.78353e-13 0.00000e+00
1.62000e+03 7.42190e-13 0.00000e+00
1.62100e+03 7.45069e-13 0.00000e+00
1.62200e+03 8.02047e-13 0.00000e+00
1.62300e+03 8.90755e-13 0.00000e+00
1.62400e+03 7.63261e-13 0.00000e+00
1.62500e+03 8.32584e-13 0.00000e+00
1.62600e+03 7.91547e-13 0.00000e+00
1.62700e+03 7.73845e-13 0.00000e+00
1.62800e+03 8.32051e-13 0.00000e+00
1.62900e+03 7.67344e-13 0.00000e+00
1.63000e+03 8.35284e-13 0.00000e+00
1.63100e+03 7.98538e-13 0.00000e+00
1.63200e+03 8.32779e-13 0.00000e+00
1.63300e+03 7.65439e-13 0.00000e+00
1.63400e+03 7.70482e-13 0.00000e+00
1.63500e+03 7.75972e-13 0.00000e+00
1.63600e+03 7.45409e-13 0.00000e+00
1.63700e+03 8.71085e-13 0.00000e+00
1.63800e+03 7.56718e-13 0.00000e+00
1.63900e+03 7.99430e-13 0.00000e+00
1.64000e+03 6.98588e-13 0.00000e+00
1.64100e+03 7.90493e-13 0.00000e+00
1.64200e+03 8.48899e-13 0.00000e+00
1.64300e+03 8.26787e-13 0.00000e+00
1.64400e+03 8.30090e-13 0.00000e+00
1.64500e+03 7.53656e-13 0.00000e+00
1.64600e+03 7.65990e-13 0.00000e+00
1.64700e+03 7.27143e-13 0.00000e+00
1.64800e+03 8.03988e-13 0.00000e+00
1.64900e+03 7.53236e-13 0.00000e+00
1.65000e+03 7.60025e-13 0.00000e+00
1.65100e+03 7.42760e-13 0.00000e+00
1.65200e+03 7.58631e-13 0.00000e+00
1.65300e+03 7.76033e-13 0.00000e+00
1.65400e+03 7.46517e-13 0.00000e+00
1.65500e+03 7.38366e-13 0.00000e+00
1.65600e+03 7.12409e-13 0.00000e+00
1.65700e+03 7.87851e-13 0.00000e+00
1.65800e+03 7.20301e-13 0.00000e+00
1.65900e+03 7.12584e-13 0.00000e+00
1.66000e+03 7.56393e-13 0.00000e+00
1.66100e+03 7.37462e-13 0.00000e+00
1.66200e+03 7.01570e-13 0.00000e+00
1.66300e+03 6.82055e-13 0.00000e+00
1.66400e+03 6.97674e-13 0.00000e+00
1.66500e+03 7.29417e-13 0.00000e+00
1.66600e+03 7.03633e-13 0.00000e+00
1.66700e+03 6.33698e-13 0.00000e+00
1.66800e+03 7.35327e-13 0.00000e+00
1.66900e+03 6.86908e-13 0.00000e+00
1.67000e+03 7.78947e-13 0.00000e+00
1.67100e+03 6.76553e-13 0.00000e+00
1.67200e+03 6.58580e-13 0.00000e+00
1.67300e+03 7.43365e-13 0.00000e+00
1.67400e+03 7.31785e-13 0.00000e+00
1.67500e+03 7.59879e-13 0.00000e+00
1.67600e+03 6.88310e-13 0.00000e+00
1.67700e+03 7.09729e-13 0.00000e+00
1.67800e+03 7.55328e-13 0.00000e+00
1.67900e+03 6.90958e-13 0.00000e+00
1.68000e+03 6.99440e-13 0.00000e+00
1.68100e+03 6.78806e-13 0.00000e+00
1.68200e+03 7.37830e-13 0.00000e+00
1.68300e+03 6.79691e-13 0.00000e+00
1.68400e+03 6.85246e-13 0.00000e+00
1.68500e+03 7.24453e-13 0.00000e+00
1.68600e+03 6.92005e-13 0.00000e+00
1.68700e+03 7.04260e-13 0.00000e+00
1.68800e+03 6.98744e-13 0.00000e+00
1.68900e+03 7.47137e-13 0.00000e+00
1.69000e+03 6.15035e-13 0.00000e+00
1.69100e+03 6.74229e-13 0.00000e+00
1.69200e+03 7.03513e-13 0.00000e+00
1.69300e+03 6.64931e-13 0.00000e+00
1.69400e+03 6.49719e-13 0.00000e+00
1.69500e+03 7.18237e-13 0.00000e+00
1.69600e+03 6.79616e-13 0.00000e+00
1.69700e+03 6.53369e-13 0.00000e+00
1.69800e+03 6.47185e-13 0.00000e+00
1.69900e+03 6.29918e-13 0.00000e+00
1.70000e+03 6.35195e-13 0.00000e+00
1.70100e+03 7.04653e-13 0.00000e+00
1.70200e+03 6.79566e-13 0.00000e+00
1.70300e+03 7.21673e-13 0.00000e+00
1.70400e+03 6.96526e-13 0.00000e+00
1.70500e+03 6.44519e-13 0.00000e+00
1.70600e+03 6.48326e-13 0.00000e+00
1.70700e+03 7.19179e-13 0.00000e+00
1.70800e+03 6.50080e-13 0.00000e+00
1.70900e+03 6.29885e-13 0.00000e+00
1.71000e+03 6.58414e-13 0.00000e+00
1.71100e+03 6.54032e-13 0.00000e+00
1.71200e+03 6.75800e-13 0.00000e+00
1.71300e+03 6.74414e-13 0.00000e+00
1.71400e+03 5.90219e-13 0.00000e+00
1.71500e+03 6.37196e-13 0.00000e+00
1.71600e+03 7.22790e-13 0.00000e+00
1.71700e+03 6.13129e-13 0.00000e+00
1.71800e+03 6.40604e-13 0.00000e+00
1.71900e+03 6.52740e-13 0.00000e+00
1.72000e+03 6.75134e-13 0.00000e+00
1.72100e+03 6.48909e-13 0.00000e+00
1.72200e+03 6.66484e-13 0.00000e+00
1.72300e+03 6.76760e-13 0.00000e+00
1.72400e+03 6.37987e-13 0.00000e+00
1.72500e+03 6.41724e-13 0.00000e+00
1.72600e+03 6.47779e-13 0.00000e+00
1.72700e+03 6.33696e-13 0.00000e+00
1.72800e+03 6.13319e-13 0.00000e+00
1.72900e+03 6.50085e-13 0.00000e+00
1.73000e+03 6.35945e-13 0.00000e+00
1.73100e+03 5.51305e-13 0.00000e+00
1.73200e+03 5.97345e-13 0.00000e+00
1.73300e+03 6.28114e-13 0.00000e+00
1.73400e+03 6.08710e-13 0.00000e+00
1.73500e+03 6.00679e-13 0.00000e+00
1.73600e+03 6.03054e-13 0.00000e+00
1.73700e+03 6.52778e-13 0.00000e+00
1.73800e+03 5.97142e-13 0.00000e+00
1.73900e+03 6.06429e-13 0.00000e+00
1.74000e+03 5.96137e-13 0.00000e+00
1.74100e+03 6.00977e-13 0.00000e+00
1.74200e+03 5.60470e-13 0.00000e+00
1.74300e+03 5.92990e-13 0.00000e+00
1.74400e+03 6.27431e-13 0.00000e+00
1.74500e+03 6.11968e-13 0.00000e+00
1.74600e+03 5.84436e-13 0.00000e+00
1.74700e+03 5.65966e-13 0.00000e+00
1.74800e+03 6.47267e-13 0.00000e+00
1.74900e+03 5.70940e-13 0.00000e+00
1.75000e+03 5.65080e-13 0.00000e+00
1.75100e+03 5.57687e-13 0.00000e+00
1.75200e+03 6.20277e-13 0.00000e+00
1.75300e+03 5.93586e-13 0.00000e+00
1.75400e+03 5.72273e-13 0.00000e+00
1.75500e+03 5.91248e-13 0.00000e+00
1.75600e+03 6.19466e-13 0.00000e+00
1.75700e+03 5.98121e-13 0.00000e+00
1.75800e+03 6.23198e-13 0.00000e+00
1.75900e+03 6.44015e-13 0.00000e+00
1.76000e+03 5.89612e-13 0.00000e+00
1.76100e+03 6.28051e-13 0.00000e+00
1.76200e+03 5.65028e-13 0.00000e+00
1.76300e+03 5.65042e-13 0.00000e+00
1.76400e+03 5.89476e-13 0.00000e+00
1.76500e+03 6.85661e-13 0.00000e+00
1.76600e+03 5.93854e-13 0.00000e+00
1.76700e+03 5.53516e-13 0.00000e+00
1.76800e+03 5.31881e-13 0.00000e+00
1.76900e+03 5.28744e-13 0.00000e+00
1.77000e+03 5.37611e-13 0.00000e+00
1.77100e+03 5.44376e-13 0.00000e+00
1.77200e+03 5.44728e-13 0.00000e+00
1.77300e+03 6.38451e-13 0.00000e+00
1.77400e+03 5.12067e-13 0.00000e+00
1.77500e+03 5.47842e-13 0.00000e+00
1.77600e+03 6.19588e-13 0.00000e+00
1.77700e+03 5.96360e-13 0.00000e+00
1.77800e+03 5.46408e-13 0.00000e+00
1.77900e+03 5.41662e-13 0.00000e+00
1.78000e+03 5.32306e-13 0.00000e+00
1.78100e+03 5.83288e-13 0.00000e+00
1.78200e+03 5.55436e-13 0.00000e+00
1.78300e+03 5.70675e-13 0.00000e+00
1.78400e+03 5.23134e-13 0.00000e+00
1.78500e+03 5.71395e-13 0.00000e+00
1.78600e+03 5.52616e-13 0.00000e+00
1.78700e+03 5.08032e-13 0.00000e+00
1.78800e+03 5.27647e-13 0.00000e+00
1.78900e+03 5.82227e-13 0.00000e+00
1.79000e+03 5.12368e-13 0.00000e+00
1.79100e+03 5.29622e-13 0.00000e+00
1.79200e+03 4.94694e-13 0.00000e+00
1.79300e+03 5.09645e-13 0.00000e+00
1.79400e+03 5.35686e-13 0.00000e+00
1.79500e+03 5.03982e-13 0.00000e+00
1.79600e+03 5.31733e-13 0.00000e+00
1.79700e+03 5.31075e-13 0.00000e+00
1.79800e+03 5.33162e-13 0.00000e+00
1.79900e+03 4.67142e-13 0.00000e+00
1.80000e+03 5.10215e-13 0.00000e+00
1.80100e+03 5.17561e-13 0.00000e+00
1.80200e+03 5.37743e-13 0.00000e+00
1.80300e+03 5.66832e-13 0.00000e+00
1.80400e+03 5.67856e-13 0.00000e+00
1.80500e+03 5.24138e-13 0.00000e+00
1.80600e+03 5.01406e-13 0.00000e+00
1.80700e+03 5.27924e-13 0.00000e+00
1.80800e+03 4.75409e-13 0.00000e+00
1.80900e+03 5.26563e-13 0.00000e+00
1.81000e+03 4.89345e-13 0.00000e+00
1.81100e+03 5.06182e-13 0.00000e+00
1.81200e+03 5.45388e-13 0.00000e+00
1.81300e+03 4.97938e-13 0.00000e+00
1.81400e+03 5.61487e-13 0.00000e+00
1.81500e+03 4.98962e-13 0.00000e+00
1.81600e+03 4.86762e-13 0.00000e+00
1.81700e+03 5.14390e-13 0.00000e+00
1.81800e+03 4.83058e-13 0.00000e+00
1.81900e+03 4.92753e-13 0.00000e+00
1.82000e+03 5.62085e-13 0.00000e+00
1.82100e+03 4.97310e-13 0.00000e+00
1.82200e+03 4.97908e-13 0.00000e+00
1.82300e+03 4.69710e-13 0.00000e+00
1.82400e+03 5.08648e-13 0.00000e+00
1.82500e+03 5.06836e-13 0.00000e+00
1.82600e+03 4.85358e-13 0.00000e+00
1.82700e+03 4.57493e-13 0.00000e+00
1.82800e+03 5.29034e-13 0.00000e+00
1.82900e+03 4.90314e-13 0.00000e+00
1.83000e+03 4.76676e-13 0.00000e+00
1.83100e+03 4.45636e-13 0.00000e+00
1.83200e+03 4.68212e-13 0.00000e+00
1.83300e+03 4.62110e-13 0.00000e+00
1.83400e+03 5.01273e-13 0.00000e+00
1.83500e+03 5.18042e-13 0.00000e+00
1.83600e+03 4.94951e-13 0.00000e+00
1.83700e+03 4.79226e-13 0.00000e+00
1.83800e+03 5.16511e-13 0.00000e+00
1.83900e+03 5.14635e-13 0.00000e+00
1.84000e+03 4.84340e-13 0.00000e+00
1.84100e+03 4.85813e-13 0.00000e+00
1.84200e+03 4.82379e-13 0.00000e+00
1.84300e+03 4.44412e-13 0.00000e+00
1.84400e+03 4.69178e-13 0.00000e+00
1.84500e+03 4.44403e-13 0.00000e+00
1.84600e+03 4.41461e-13 0.00000e+00
1.84700e+03 4.47157e-13 0.00000e+00
1.84800e+03 4.66872e-13 0.00000e+00
1.84900e+03 4.86434e-13 0.00000e+00
1.85000e+03 4.56066e-13 0.00000e+00
1.85100e+03 4.38887e-13 0.00000e+00
1.85200e+03 4.47819e-13 0.00000e+00
1.85300e+03 4.78846e-13 0.00000e+00
1.85400e+03 4.38235e-13 0.00000e+00
1.85500e+03 4.81006e-13 0.00000e+00
1.85600e+03 4.70594e-13 0.00000e+00
1.85700e+03 4.47599e-13 0.00000e+00
1.85800e+03 4.37496e-13 0.00000e+00
1.85900e+03 4.61210e-13 0.00000e+00
1.86000e+03 4.34082e-13 0.00000e+00
1.86100e+03 4.28735e-13 0.00000e+00
1.86200e+03 4.64072e-13 0.00000e+00
1.86300e+03 4.45662e-13 0.00000e+00
1.86400e+03 4.88584e-13 0.00000e+00
1.86500e+03 4.30874e-13 0.00000e+00
1.86600e+03 4.41901e-13 0.00000e+00
1.86700e+03 4.65758e-13 0.00000e+00
1.86800e+03 4.21411e-13 0.00000e+00
1.86900e+03 4.23831e-13 0.00000e+00
1.87000e+03 4.21229e-13 0.00000e+00
1.87100e+03 4.23273e-13 0.00000e+00
1.87200e+03 3.96935e-13 0.00000e+00
1.87300e+03 4.40891e-13 0.00000e+00
1.87400e+03 4.28944e-13 0.00000e+00
1.87500e+03 4.38609e-13 0.00000e+00
1.87600e+03 4.27942e-13 0.00000e+00
1.87700e+03 4.02507e-13 0.00000e+00
1.87800e+03 4.19883e-13 0.00000e+00
1.87900e+03 4.15326e-13 0.00000e+00
1.88000e+03 4.08590e-13 0.00000e+00
1.88100e+03 4.56436e-13 0.00000e+00
1.88200e+03 3.93514e-13 0.00000e+00
1.88300e+03 4.57401e-13 0.00000e+00
1.88400e+03 4.27104e-13 0.00000e+00
1.88500e+03 4.14030e-13 0.00000e+00
1.88600e+03 4.02574e-13 0.00000e+00
1.88700e+03 4.37666e-13 0.00000e+00
1.88800e+03 4.07126e-13 0.00000e+00
1.88900e+03 4.35168e-13 0.00000e+00
1.89000e+03 4.25786e-13 0.00000e+00
1.89100e+03 4.07452e-13 0.00000e+00
1.89200e+03 4.00407e-13 0.00000e+00
1.89300e+03 3.85321e-13 0.00000e+00
1.89400e+03 4.29206e-13 0.00000e+00
1.89500e+03 3.97256e-13 0.00000e+00
1.89600e+03 3.97135e-13 0.00000e+00
1.89700e+03 4.11669e-13 0.00000e+00
1.89800e+03 4.12539e-13 0.00000e+00
1.89900e+03 3.97604e-13 0.00000e+00
1.90000e+03 3.94795e-13 0.00000e+00
1.90100e+03 3.41166e-13 0.00000e+00
1.90200e+03 4.34353e-13 0.00000e+00
1.90300e+03 3.82255e-13 0.00000e+00
1.90400e+03 4.05037e-13 0.00000e+00
1.90500e+03 3.71392e-13 0.00000e+00
1.90600e+03 3.67544e-13 0.00000e+00
1.90700e+03 3.63533e-13 0.00000e+00
1.90800e+03 4.16597e-13 0.00000e+00
1.90900e+03 4.07111e-13 0.00000e+00
1.91000e+03 3.53224e-13 0.00000e+00
1.91100e+03 3.42941e-13 0.00000e+00
1.91200e+03 3.92691e-13 0.00000e+00
1.91300e+03 3.91663e-13 0.00000e+00
1.91400e+03 3.93462e-13 0.00000e+00
1.91500e+03 3.92850e-13 0.00000e+00
1.91600e+03 3.94983e-13 0.00000e+00
1.91700e+03 4.12112e-13 0.00000e+00
1.91800e+03 3.66946e-13 0.00000e+00
1.91900e+03 3.87992e-13 0.00000e+00
1.92000e+03 4.00082e-13 0.00000e+00
1.92100e+03 3.85599e-13 0.00000e+00
1.92200e+03 4.09504e-13 0.00000e+00
1.92300e+03 3.72187e-13 0.00000e+00
1.92400e+03 3.86334e-13 0.00000e+00
1.92500e+03 3.60931e-13 0.00000e+00
1.92600e+03 3.59453e-13 0.00000e+00
1.92700e+03 4.12397e-13 0.00000e+00
1.92800e+03 3.79095e-13 0.00000e+00
1.92900e+03 3.67722e-13 0.00000e+00
1.93000e+03 3.73976e-13 0.00000e+00
1.93100e+03 3.61410e-13 0.00000e+00
1.93200e+03 3.49449e-13 0.00000e+00
1.93300e+03 3.58706e-13 0.00000e+00
1.93400e+03 3.62022e-13 0.00000e+00
1.93500e+03 3.78513e-13 0.00000e+00
1.93600e+03 3.95795e-13 0.00000e+00
1.93700e+03 3.68550e-13 0.00000e+00
1.93800e+03 3.79818e-13 0.00000e+00
1.93900e+03 3.40976e-13 0.00000e+00
1.94000e+03 3.49581e-13 0.00000e+00
1.94100e+03 3.78023e-13 0.00000e+00
1.94200e+03 3.46555e-13 0.00000e+00
1.94300e+03 3.77839e-13 0.00000e+00
1.94400e+03 3.65866e-13 0.00000e+00
1.94500e+03 3.53849e-13 0.00000e+00
1.94600e+03 3.69499e-13 0.00000e+00
1.94700e+03 3.58401e-13 0.00000e+00
1.94800e+03 3.45632e-13 0.00000e+00
1.94900e+03 3.81236e-13 0.00000e+00
1.95000e+03 3.39918e-13 0.00000e+00
1.95100e+03 3.63685e-13 0.00000e+00
1.95200e+03 3.73348e-13 0.00000e+00
1.95300e+03 3.38745e-13 0.00000e+00
1.95400e+03 3.54038e-13 0.00000e+00
1.95500e+03 3.46579e-13 0.00000e+00
1.95600e+03 3.58272e-13 0.00000e+00
1.95700e+03 3.51206e-13 0.00000e+00
1.95800e+03 3.64435e-13 0.00000e+00
1.95900e+03 3.54523e-13 0.00000e+00
1.96000e+03 3.37169e-13 0.00000e+00
1.96100e+03 3.49185e-13 0.00000e+00
1.96200e+03 3.17503e-13 0.00000e+00
1.96300e+03 3.59506e-13 0.00000e+00
1.96400e+03 3.54391e-13 0.00000e+00
1.96500e+03 3.62114e-13 0.00000e+00
1.96600e+03 3.52849e-13 0.00000e+00
1.96700e+03 3.60901e-13 0.00000e+00
1.96800e+03 3.54660e-13 0.00000e+00
1.96900e+03 3.32594e-13 0.00000e+00
1.97000e+03 3.38891e-13 0.00000e+00
1.97100e+03 3.23360e-13 0.00000e+00
1.97200e+03 3.42508e-13 0.00000e+00
1.97300e+03 3.24505e-13 0.00000e+00
1.97400e+03 3.33726e-13 0.00000e+00
1.97500e+03 3.23744e-13 0.00000e+00
1.97600e+03 3.35803e-13 0.00000e+00
1.97700e+03 3.58552e-13 0.00000e+00
1.97800e+03 3.18758e-13 0.00000e+00
1.97900e+03 3.31744e-13 0.00000e+00
1.98000e+03 3.23906e-13 0.00000e+00
1.98100e+03 3.22785e-13 0.00000e+00
1.98200e+03 2.96563e-13 0.00000e+00
1.98300e+03 3.14818e-13 0.00000e+00
1.98400e+03 3.05972e-13 0.00000e+00
1.98500e+03 3.21229e-13 0.00000e+00
1.98600e+03 3.45445e-13 0.00000e+00
1.98700e+03 3.32600e-13 0.00000e+00
1.98800e+03 3.40941e-13 0.00000e+00
1.98900e+03 3.11824e-13 0.00000e+00
1.99000e+03 3.12670e-13 0.00000e+00
1.99100e+03 3.10454e-13 0.00000e+00
1.99200e+03 3.18955e-13 0.00000e+00
1.99300e+03 3.24148e-13 0.00000e+00
1.99400e+03 3.33242e-13 0.00000e+00
1.99500e+03 3.05342e-13 0.00000e+00
1.99600e+03 2.87992e-13 0.00000e+00
1.99700e+03 2.93996e-13 0.00000e+00
1.99800e+03 2.98961e-13 0.00000e+00
1.99900e+03 3.24374e-13 0.00000e+00
2.00000e+03 3.06696e-13 0.00000e+00
