0.00000e+00 0.00000e+00 0.00000e+00
1.00000e+00 0.00000e+00 0.00000e+00
2.00000e+00 0.00000e+00 0.00000e+00
3.00000e+00 0.00000e+00 0.00000e+00
4.00000e+00 0.00000e+00 0.00000e+00
5.00000e+00 0.00000e+00 0.00000e+00
6.00000e+00 0.00000e+00 0.00000e+00
7.00000e+00 0.00000e+00 0.00000e+00
8.00000e+00 0.00000e+00 0.00000e+00
9.00000e+00 0.00000e+00 0.00000e+00
1.00000e+01 0.00000e+00 0.00000e+00
1.10000e+01 0.00000e+00 0.00000e+00
1.20000e+01 0.00000e+00 0.00000e+00
1.30000e+01 0.00000e+00 0.00000e+00
1.40000e+01 0.00000e+00 0.00000e+00
1.50000e+01 0.00000e+00 0.00000e+00
1.60000e+01 0.00000e+00 0.00000e+00
1.70000e+01 0.00000e+00 0.00000e+00
1.80000e+01 0.00000e+00 0.00000e+00
1.90000e+01 0.00000e+00 0.00000e+00
2.00000e+01 0.00000e+00 0.00000e+00
2.10000e+01 0.00000e+00 0.00000e+00
2.20000e+01 0.00000e+00 0.00000e+00
2.30000e+01 0.00000e+00 0.00000e+00
2.40000e+01 0.00000e+00 0.00000e+00
2.50000e+01 0.00000e+00 0.00000e+00
2.60000e+01 0.00000e+00 0.00000e+00
2.70000e+01 0.00000e+00 0.00000e+00
2.80000e+01 0.00000e+00 0.00000e+00
2.90000e+01 0.00000e+00 0.00000e+00
3.00000e+01 0.00000e+00 0.00000e+00
3.10000e+01 0.00000e+00 0.00000e+00
3.20000e+01 0.00000e+00 0.00000e+00
3.30000e+01 0.00000e+00 0.00000e+00
3.40000e+01 0.00000e+00 0.00000e+00
3.50000e+01 0.00000e+00 0.00000e+00
3.60000e+01 0.00000e+00 0.00000e+00
3.70000e+01 0.00000e+00 0.00000e+00
3.80000e+01 0.00000e+00 0.00000e+00
3.90000e+01 0.00000e+00 0.00000e+00
4.00000e+01 0.00000e+00 0.00000e+00
4.10000e+01 0.00000e+00 0.00000e+00
4.20000e+01 0.00000e+00 0.00000e+00
4.30000e+01 0.00000e+00 0.00000e+00
4.40000e+01 0.00000e+00 0.00000e+00
4.50000e+01 0.00000e+00 0.00000e+00
4.60000e+01 0.00000e+00 0.00000e+00
4.70000e+01 0.00000e+00 0.00000e+00
4.80000e+01 0.00000e+00 0.00000e+00
4.90000e+01 0.00000e+00 0.00000e+00
5.00000e+01 0.00000e+00 0.00000e+00
5.10000e+01 0.00000e+00 0.00000e+00
5.20000e+01 0.00000e+00 0.00000e+00
5.30000e+01 0.00000e+00 0.00000e+00
5.40000e+01 0.00000e+00 0.00000e+00
5.50000e+01 0.00000e+00 0.00000e+00
5.60000e+01 0.00000e+00 0.00000e+00
5.70000e+01 0.00000e+00 0.00000e+00
5.80000e+01 0.00000e+00 0.00000e+00
5.90000e+01 0.00000e+00 0.00000e+00
6.00000e+01 0.00000e+00 0.00000e+00
6.10000e+01 0.00000e+00 0.00000e+00
6.20000e+01 0.00000e+00 0.00000e+00
6.30000e+01 0.00000e+00 0.00000e+00
6.40000e+01 0.00000e+00 0.00000e+00
6.50000e+01 0.00000e+00 0.00000e+00
6.60000e+01 0.00000e+00 0.00000e+00
6.70000e+01 0.00000e+00 0.00000e+00
6.80000e+01 0.00000e+00 0.00000e+00
6.90000e+01 0.00000e+00 0.00000e+00
7.00000e+01 0.00000e+00 0.00000e+00
7.10000e+01 0.00000e+00 0.00000e+00
7.20000e+01 0.00000e+00 0.00000e+00
7.30000e+01 0.00000e+00 0.00000e+00
7.40000e+01 0.00000e+00 0.00000e+00
7.50000e+01 0.00000e+00 0.00000e+00
7.60000e+01 0.00000e+00 0.00000e+00
7.70000e+01 0.00000e+00 0.00000e+00
7.80000e+01 0.00000e+00 0.00000e+00
7.90000e+01 0.00000e+00 0.00000e+00
8.00000e+01 0.00000e+00 0.00000e+00
8.10000e+01 0.00000e+00 0.00000e+00
8.20000e+01 0.00000e+00 0.00000e+00
8.30000e+01 0.00000e+00 0.00000e+00
8.40000e+01 0.00000e+00 0.00000e+00
8.50000e+01 0.00000e+00 0.00000e+00
8.60000e+01 0.00000e+00 0.00000e+00
8.70000e+01 0.00000e+00 0.00000e+00
8.80000e+01 0.00000e+00 0.00000e+00
8.90000e+01 0.00000e+00 0.00000e+00
9.00000e+01 0.00000e+00 0.00000e+00
9.10000e+01 0.00000e+00 0.00000e+00
9.20000e+01 0.00000e+00 0.00000e+00
9.30000e+01 0.00000e+00 0.00000e+00
9.40000e+01 0.00000e+00 0.00000e+00
9.50000e+01 0.00000e+00 0.00000e+00
9.60000e+01 0.00000e+00 0.00000e+00
9.70000e+01 0.00000e+00 0.00000e+00
9.80000e+01 0.00000e+00 0.00000e+00
9.90000e+01 0.00000e+00 0.00000e+00
1.00000e+02 3.95716e-11 0.00000e+00
1.01000e+02 5.44296e-11 0.00000e+00
1.02000e+02 4.92646e-11 0.00000e+00
1.03000e+02 4.07470e-11 0.00000e+00
1.04000e+02 4.09760e-11 0.00000e+00
1.05000e+02 3.95898e-11 0.00000e+00
1.06000e+02 5.09602e-11 0.00000e+00
1.07000e+02 5.21564e-11 0.00000e+00
1.08000e+02 5.34303e-11 0.00000e+00
1.09000e+02 5.69017e-11 0.00000e+00
1.10000e+02 5.52747e-11 0.00000e+00
1.11000e+02 5.43039e-11 0.00000e+00
1.12000e+02 4.84720e-11 0.00000e+00
1.13000e+02 6.91909e-11 0.00000e+00
1.14000e+02 5.35029e-11 0.00000e+00
1.15000e+02 5.90378e-11 0.00000e+00
1.16000e+02 4.63758e-11 0.00000e+00
1.17000e+02 4.92875e-11 0.00000e+00
1.18000e+02 3.41847e-11 0.00000e+00
1.19000e+02 4.44344e-11 0.00000e+00
1.20000e+02 5.07340e-11 0.00000e+00
1.21000e+02 4.69619e-11 0.00000e+00
1.22000e+02 4.48286e-11 0.00000e+00
1.23000e+02 4.82986e-11 0.00000e+00
1.24000e+02 4.60030e-11 0.00000e+00
1.25000e+02 3.21399e-11 0.00000e+00
1.26000e+02 4.00377e-11 0.00000e+00
1.27000e+02 4.86265e-11 0.00000e+00
1.28000e+02 4.15163e-11 0.00000e+00
1.29000e+02 3.21743e-11 0.00000e+00
1.30000e+02 3.30894e-11 0.00000e+00
1.31000e+02 4.98049e-11 0.00000e+00
1.32000e+02 3.36794e-11 0.00000e+00
1.33000e+02 4.23834e-11 0.00000e+00
1.34000e+02 3.95862e-11 0.00000e+00
1.35000e+02 3.24661e-11 0.00000e+00
1.36000e+02 4.29265e-11 0.00000e+00
1.37000e+02 3.00670e-11 0.00000e+00
1.38000e+02 3.95130e-11 0.00000e+00
1.39000e+02 3.44922e-11 0.00000e+00
1.40000e+02 3.67859e-11 0.00000e+00
1.41000e+02 4.49196e-11 0.00000e+00
1.42000e+02 3.60152e-11 0.00000e+00
1.43000e+02 3.88838e-11 0.00000e+00
1.44000e+02 4.01763e-11 0.00000e+00
1.45000e+02 3.83405e-11 0.00000e+00
1.46000e+02 3.85664e-11 0.00000e+00
1.47000e+02 2.81377e-11 0.00000e+00
1.48000e+02 3.50837e-11 0.00000e+00
1.49000e+02 3.70187e-11 0.00000e+00
1.50000e+02 4.63374e-11 0.00000e+00
1.51000e+02 3.09062e-11 0.00000e+00
1.52000e+02 2.70019e-11 0.00000e+00
1.53000e+02 1.97978e-11 0.00000e+00
1.54000e+02 4.11724e-11 0.00000e+00
1.55000e+02 3.72884e-11 0.00000e+00
1.56000e+02 2.53474e-11 0.00000e+00
1.57000e+02 4.06354e-11 0.00000e+00
1.58000e+02 3.32299e-11 0.00000e+00
1.59000e+02 2.88519e-11 0.00000e+00
1.60000e+02 3.43600e-11 0.00000e+00
1.61000e+02 2.87345e-11 0.00000e+00
1.62000e+02 3.58508e-11 0.00000e+00
1.63000e+02 3.16868e-11 0.00000e+00
1.64000e+02 3.88367e-11 0.00000e+00
1.65000e+02 2.79946e-11 0.00000e+00
1.66000e+02 2.85610e-11 0.00000e+00
1.67000e+02 3.76793e-11 0.00000e+00
1.68000e+02 2.75352e-11 0.00000e+00
1.69000e+02 3.52867e-11 0.00000e+00
1.70000e+02 3.97033e-11 0.00000e+00
1.71000e+02 3.04979e-11 0.00000e+00
1.72000e+02 3.12619e-11 0.00000e+00
1.73000e+02 3.15373e-11 0.00000e+00
1.74000e+02 2.29705e-11 0.00000e+00
1.75000e+02 2.72377e-11 0.00000e+00
1.76000e+02 3.73909e-11 0.00000e+00
1.77000e+02 2.65651e-11 0.00000e+00
1.78000e+02 2.58632e-11 0.00000e+00
1.79000e+02 3.12769e-11 0.00000e+00
1.80000e+02 3.30316e-11 0.00000e+00
1.81000e+02 2.94469e-11 0.00000e+00
1.82000e+02 3.74324e-11 0.00000e+00
1.83000e+02 2.65450e-11 0.00000e+00
1.84000e+02 3.64863e-11 0.00000e+00
1.85000e+02 2.79873e-11 0.00000e+00
1.86000e+02 2.77660e-11 0.00000e+00
1.87000e+02 2.38617e-11 0.00000e+00
1.88000e+02 3.14062e-11 0.00000e+00
1.89000e+02 2.97876e-11 0.00000e+00
1.90000e+02 2.28761e-11 0.00000e+00
1.91000e+02 2.08892e-11 0.00000e+00
1.92000e+02 2.19183e-11 0.00000e+00
1.93000e+02 3.05510e-11 0.00000e+00
1.94000e+02 2.41145e-11 0.00000e+00
1.95000e+02 2.35772e-11 0.00000e+00
1.96000e+02 2.53704e-11 0.00000e+00
1.97000e+02 1.87002e-11 0.00000e+00
1.98000e+02 2.95459e-11 0.00000e+00
1.99000e+02 2.39403e-11 0.00000e+00
2.00000e+02 2.42190e-11 0.00000e+00
2.01000e+02 2.41164e-11 0.00000e+00
2.02000e+02 2.05912e-11 0.00000e+00
2.03000e+02 2.52674e-11 0.00000e+00
2.04000e+02 2.52427e-11 0.00000e+00
2.05000e+02 2.06729e-11 0.00000e+00
2.06000e+02 3.26353e-11 0.00000e+00
2.07000e+02 2.11241e-11 0.00000e+00
2.08000e+02 2.32173e-11 0.00000e+00
2.09000e+02 1.95581e-11 0.00000e+00
2.10000e+02 3.14377e-11 0.00000e+00
2.11000e+02 2.06367e-11 0.00000e+00
2.12000e+02 2.51087e-11 0.00000e+00
2.13000e+02 2.01803e-11 0.00000e+00
2.14000e+02 2.33421e-11 0.00000e+00
2.15000e+02 2.27415e-11 0.00000e+00
2.16000e+02 2.61340e-11 0.00000e+00
2.17000e+02 2.69243e-11 0.00000e+00
2.18000e+02 2.79077e-11 0.00000e+00
2.19000e+02 2.46700e-11 0.00000e+00
2.20000e+02 2.11171e-11 0.00000e+00
2.21000e+02 2.49342e-11 0.00000e+00
2.22000e+02 2.66191e-11 0.00000e+00
2.23000e+02 1.98385e-11 0.00000e+00
2.24000e+02 2.61194e-11 0.00000e+00
2.25000e+02 2.59726e-11 0.00000e+00
2.26000e+02 2.50018e-11 0.00000e+00
2.27000e+02 2.51018e-11 0.00000e+00
2.28000e+02 2.27628e-11 0.00000e+00
2.29000e+02 2.81206e-11 0.00000e+00
2.30000e+02 2.41056e-11 0.00000e+00
2.31000e+02 2.53147e-11 0.00000e+00
2.32000e+02 2.39628e-11 0.00000e+00
2.33000e+02 2.12861e-11 0.00000e+00
2.34000e+02 2.44495e-11 0.00000e+00
2.35000e+02 2.02458e-11 0.00000e+00
2.36000e+02 2.10110e-11 0.00000e+00
2.37000e+02 1.76279e-11 0.00000e+00
2.38000e+02 2.06828e-11 0.00000e+00
2.39000e+02 2.45929e-11 0.00000e+00
2.40000e+02 2.15230e-11 0.00000e+00
2.41000e+02 2.59509e-11 0.00000e+00
2.42000e+02 2.53114e-11 0.00000e+00
2.43000e+02 2.14495e-11 0.00000e+00
2.44000e+02 2.05665e-11 0.00000e+00
2.45000e+02 2.62601e-11 0.00000e+00
2.46000e+02 2.46645e-11 0.00000e+00
2.47000e+02 1.84820e-11 0.00000e+00
2.48000e+02 2.24654e-11 0.00000e+00
2.49000e+02 2.42069e-11 0.00000e+00
2.50000e+02 2.12488e-11 0.00000e+00
2.51000e+02 2.52553e-11 0.00000e+00
2.52000e+02 1.80215e-11 0.00000e+00
2.53000e+02 1.64250e-11 0.00000e+00
2.54000e+02 1.96553e-11 0.00000e+00
2.55000e+02 2.21913e-11 0.00000e+00
2.56000e+02 2.09048e-11 0.00000e+00
2.57000e+02 2.12034e-11 0.00000e+00
2.58000e+02 2.02721e-11 0.00000e+00
2.59000e+02 2.10586e-11 0.00000e+00
2.60000e+02 2.57112e-11 0.00000e+00
2.61000e+02 2.28168e-11 0.00000e+00
2.62000e+02 1.68402e-11 0.00000e+00
2.63000e+02 2.45229e-11 0.00000e+00
2.64000e+02 2.11534e-11 0.00000e+00
2.65000e+02 2.10081e-11 0.00000e+00
2.66000e+02 2.07348e-11 0.00000e+00
2.67000e+02 2.22353e-11 0.00000e+00
2.68000e+02 1.86034e-11 0.00000e+00
2.69000e+02 1.95630e-11 0.00000e+00
2.70000e+02 2.17499e-11 0.00000e+00
2.71000e+02 1.94636e-11 0.00000e+00
2.72000e+02 1.68337e-11 0.00000e+00
2.73000e+02 2.20129e-11 0.00000e+00
2.74000e+02 2.14044e-11 0.00000e+00
2.75000e+02 2.22162e-11 0.00000e+00
2.76000e+02 1.71626e-11 0.00000e+00
2.77000e+02 1.56203e-11 0.00000e+00
2.78000e+02 1.99906e-11 0.00000e+00
2.79000e+02 1.90536e-11 0.00000e+00
2.80000e+02 1.79319e-11 0.00000e+00
2.81000e+02 2.16859e-11 0.00000e+00
2.82000e+02 1.92622e-11 0.00000e+00
2.83000e+02 1.58657e-11 0.00000e+00
2.84000e+02 1.92308e-11 0.00000e+00
2.85000e+02 2.35388e-11 0.00000e+00
2.86000e+02 2.22803e-11 0.00000e+00
2.87000e+02 2.13976e-11 0.00000e+00
2.88000e+02 1.93747e-11 0.00000e+00
2.89000e+02 1.69826e-11 0.00000e+00
2.90000e+02 2.33492e-11 0.00000e+00
2.91000e+02 1.92672e-11 0.00000e+00
2.92000e+02 1.91674e-11 0.00000e+00
2.93000e+02 1.62596e-11 0.00000e+00
2.94000e+02 1.99113e-11 0.00000e+00
2.95000e+02 2.04585e-11 0.00000e+00
2.96000e+02 2.07487e-11 0.00000e+00
2.97000e+02 1.82011e-11 0.00000e+00
2.98000e+02 2.09432e-11 0.00000e+00
2.99000e+02 1.98998e-11 0.00000e+00
3.00000e+02 1.66552e-11 0.00000e+00
3.01000e+02 1.73908e-11 0.00000e+00
3.02000e+02 2.09782e-11 0.00000e+00
3.03000e+02 1.80166e-11 0.00000e+00
3.04000e+02 2.05401e-11 0.00000e+00
3.05000e+02 1.65192e-11 0.00000e+00
3.06000e+02 2.09294e-11 0.00000e+00
3.07000e+02 1.89117e-11 0.00000e+00
3.08000e+02 2.00779e-11 0.00000e+00
3.09000e+02 1.99081e-11 0.00000e+00
3.10000e+02 2.26800e-11 0.00000e+00
3.11000e+02 1.37093e-11 0.00000e+00
3.12000e+02 1.87373e-11 0.00000e+00
3.13000e+02 1.92929e-11 0.00000e+00
3.14000e+02 1.45859e-11 0.00000e+00
3.15000e+02 1.80841e-11 0.00000e+00
3.16000e+02 1.84710e-11 0.00000e+00
3.17000e+02 1.38933e-11 0.00000e+00
3.18000e+02 1.65365e-11 0.00000e+00
3.19000e+02 1.62517e-11 0.00000e+00
3.20000e+02 1.65818e-11 0.00000e+00
3.21000e+02 1.82895e-11 0.00000e+00
3.22000e+02 1.85561e-11 0.00000e+00
3.23000e+02 1.93034e-11 0.00000e+00
3.24000e+02 1.58246e-11 0.00000e+00
3.25000e+02 1.51985e-11 0.00000e+00
3.26000e+02 1.65817e-11 0.00000e+00
3.27000e+02 1.84936e-11 0.00000e+00
3.28000e+02 1.64474e-11 0.00000e+00
3.29000e+02 1.62234e-11 0.00000e+00
3.30000e+02 1.49762e-11 0.00000e+00
3.31000e+02 1.94794e-11 0.00000e+00
3.32000e+02 1.41675e-11 0.00000e+00
3.33000e+02 1.60564e-11 0.00000e+00
3.34000e+02 2.04126e-11 0.00000e+00
3.35000e+02 1.71818e-11 0.00000e+00
3.36000e+02 1.90394e-11 0.00000e+00
3.37000e+02 2.05297e-11 0.00000e+00
3.38000e+02 1.35584e-11 0.00000e+00
3.39000e+02 1.63409e-11 0.00000e+00
3.40000e+02 1.53251e-11 0.00000e+00
3.41000e+02 1.78962e-11 0.00000e+00
3.42000e+02 1.51098e-11 0.00000e+00
3.43000e+02 1.73778e-11 0.00000e+00
3.44000e+02 1.68761e-11 0.00000e+00
3.45000e+02 1.53943e-11 0.00000e+00
3.46000e+02 1.96931e-11 0.00000e+00
3.47000e+02 1.21226e-11 0.00000e+00
3.48000e+02 1.51772e-11 0.00000e+00
3.49000e+02 1.57103e-11 0.00000e+00
3.50000e+02 1.54808e-11 0.00000e+00
3.51000e+02 1.52573e-11 0.00000e+00
3.52000e+02 1.87761e-11 0.00000e+00
3.53000e+02 1.57341e-11 0.00000e+00
3.54000e+02 1.58520e-11 0.00000e+00
3.55000e+02 1.55934e-11 0.00000e+00
3.56000e+02 1.79899e-11 0.00000e+00
3.57000e+02 1.29451e-11 0.00000e+00
3.58000e+02 1.74052e-11 0.00000e+00
3.59000e+02 1.47990e-11 0.00000e+00
3.60000e+02 1.44691e-11 0.00000e+00
3.61000e+02 1.55037e-11 0.00000e+00
3.62000e+02 1.79589e-11 0.00000e+00
3.63000e+02 1.57912e-11 0.00000e+00
3.64000e+02 1.26954e-11 0.00000e+00
3.65000e+02 1.49757e-11 0.00000e+00
3.66000e+02 1.57389e-11 0.00000e+00
3.67000e+02 1.64908e-11 0.00000e+00
3.68000e+02 1.80628e-11 0.00000e+00
3.69000e+02 1.58487e-11 0.00000e+00
3.70000e+02 1.56709e-11 0.00000e+00
3.71000e+02 1.54630e-11 0.00000e+00
3.72000e+02 1.71927e-11 0.00000e+00
3.73000e+02 1.48518e-11 0.00000e+00
3.74000e+02 1.67344e-11 0.00000e+00
3.75000e+02 1.64935e-11 0.00000e+00
3.76000e+02 1.52818e-11 0.00000e+00
3.77000e+02 1.46667e-11 0.00000e+00
3.78000e+02 1.66283e-11 0.00000e+00
3.79000e+02 1.25067e-11 0.00000e+00
3.80000e+02 1.53405e-11 0.00000e+00
3.81000e+02 1.31917e-11 0.00000e+00
3.82000e+02 1.56717e-11 0.00000e+00
3.83000e+02 1.92492e-11 0.00000e+00
3.84000e+02 1.48280e-11 0.00000e+00
3.85000e+02 1.41579e-11 0.00000e+00
3.86000e+02 1.39298e-11 0.00000e+00
3.87000e+02 1.60210e-11 0.00000e+00
3.88000e+02 1.44043e-11 0.00000e+00
3.89000e+02 1.37001e-11 0.00000e+00
3.90000e+02 1.50767e-11 0.00000e+00
3.91000e+02 1.30987e-11 0.00000e+00
3.92000e+02 1.76101e-11 0.00000e+00
3.93000e+02 1.50927e-11 0.00000e+00
3.94000e+02 1.25410e-11 0.00000e+00
3.95000e+02 1.41670e-11 0.00000e+00
3.96000e+02 1.55190e-11 0.00000e+00
3.97000e+02 1.68695e-11 0.00000e+00
3.98000e+02 1.77040e-11 0.00000e+00
3.99000e+02 1.39645e-11 0.00000e+00
4.00000e+02 1.42254e-11 0.00000e+00
4.01000e+02 1.54514e-11 0.00000e+00
4.02000e+02 1.47647e-11 0.00000e+00
4.03000e+02 1.59326e-11 0.00000e+00
4.04000e+02 1.47816e-11 0.00000e+00
4.05000e+02 1.47007e-11 0.00000e+00
4.06000e+02 1.33258e-11 0.00000e+00
4.07000e+02 1.75398e-11 0.00000e+00
4.08000e+02 1.47846e-11 0.00000e+00
4.09000e+02 1.38336e-11 0.00000e+00
4.10000e+02 1.30662e-11 0.00000e+00
4.11000e+02 1.52914e-11 0.00000e+00
4.12000e+02 1.17509e-11 0.00000e+00
4.13000e+02 1.53170e-11 0.00000e+00
4.14000e+02 1.46704e-11 0.00000e+00
4.15000e+02 1.41248e-11 0.00000e+00
4.16000e+02 1.17925e-11 0.00000e+00
4.17000e+02 1.27311e-11 0.00000e+00
4.18000e+02 1.23570e-11 0.00000e+00
4.19000e+02 1.47605e-11 0.00000e+00
4.20000e+02 1.31401e-11 0.00000e+00
4.21000e+02 1.36760e-11 0.00000e+00
4.22000e+02 1.23611e-11 0.00000e+00
4.23000e+02 1.19233e-11 0.00000e+00
4.24000e+02 1.43215e-11 0.00000e+00
4.25000e+02 1.24679e-11 0.00000e+00
4.26000e+02 1.18921e-11 0.00000e+00
4.27000e+02 1.41575e-11 0.00000e+00
4.28000e+02 1.21402e-11 0.00000e+00
4.29000e+02 1.11320e-11 0.00000e+00
4.30000e+02 1.32915e-11 0.00000e+00
4.31000e+02 1.31499e-11 0.00000e+00
4.32000e+02 1.30448e-11 0.00000e+00
4.33000e+02 1.17050e-11 0.00000e+00
4.34000e+02 1.60263e-11 0.00000e+00
4.35000e+02 1.34078e-11 0.00000e+00
4.36000e+02 1.37011e-11 0.00000e+00
4.37000e+02 1.43523e-11 0.00000e+00
4.38000e+02 1.23486e-11 0.00000e+00
4.39000e+02 1.32941e-11 0.00000e+00
4.40000e+02 1.33391e-11 0.00000e+00
4.41000e+02 9.96137e-12 0.00000e+00
4.42000e+02 1.31631e-11 0.00000e+00
4.43000e+02 1.33498e-11 0.00000e+00
4.44000e+02 1.32609e-11 0.00000e+00
4.45000e+02 1.45944e-11 0.00000e+00
4.46000e+02 1.21875e-11 0.00000e+00
4.47000e+02 1.25952e-11 0.00000e+00
4.48000e+02 1.22584e-11 0.00000e+00
4.49000e+02 1.35973e-11 0.00000e+00
4.50000e+02 1.40500e-11 0.00000e+00
4.51000e+02 1.27704e-11 0.00000e+00
4.52000e+02 1.50314e-11 0.00000e+00
4.53000e+02 1.46583e-11 0.00000e+00
4.54000e+02 1.26768e-11 0.00000e+00
4.55000e+02 1.29985e-11 0.00000e+00
4.56000e+02 1.18645e-11 0.00000e+00
4.57000e+02 1.32613e-11 0.00000e+00
4.58000e+02 1.21298e-11 0.00000e+00
4.59000e+02 1.29425e-11 0.00000e+00
4.60000e+02 1.10083e-11 0.00000e+00
4.61000e+02 1.33563e-11 0.00000e+00
4.62000e+02 1.45043e-11 0.00000e+00
4.63000e+02 1.20858e-11 0.00000e+00
4.64000e+02 1.10702e-11 0.00000e+00
4.65000e+02 1.23710e-11 0.00000e+00
4.66000e+02 1.02275e-11 0.00000e+00
4.67000e+02 1.20077e-11 0.00000e+00
4.68000e+02 1.38089e-11 0.00000e+00
4.69000e+02 1.12179e-11 0.00000e+00
4.70000e+02 1.20691e-11 0.00000e+00
4.71000e+02 1.03930e-11 0.00000e+00
4.72000e+02 1.32146e-11 0.00000e+00
4.73000e+02 1.29034e-11 0.00000e+00
4.74000e+02 1.27201e-11 0.00000e+00
4.75000e+02 1.29069e-11 0.00000e+00
4.76000e+02 1.15608e-11 0.00000e+00
4.77000e+02 1.15616e-11 0.00000e+00
4.78000e+02 1.23110e-11 0.00000e+00
4.79000e+02 1.37650e-11 0.00000e+00
4.80000e+02 1.20579e-11 0.00000e+00
4.81000e+02 1.14777e-11 0.00000e+00
4.82000e+02 1.31778e-11 0.00000e+00
4.83000e+02 1.20183e-11 0.00000e+00
4.84000e+02 1.30505e-11 0.00000e+00
4.85000e+02 1.20493e-11 0.00000e+00
4.86000e+02 1.12806e-11 0.00000e+00
4.87000e+02 1.19953e-11 0.00000e+00
4.88000e+02 1.00008e-11 0.00000e+00
4.89000e+02 1.29030e-11 0.00000e+00
4.90000e+02 1.25942e-11 0.00000e+00
4.91000e+02 1.17818e-11 0.00000e+00
4.92000e+02 1.23142e-11 0.00000e+00
4.93000e+02 1.48017e-11 0.00000e+00
4.94000e+02 1.37558e-11 0.00000e+00
4.95000e+02 1.21791e-11 0.00000e+00
4.96000e+02 1.27360e-11 0.00000e+00
4.97000e+02 1.23601e-11 0.00000e+00
4.98000e+02 1.26078e-11 0.00000e+00
4.99000e+02 1.21698e-11 0.00000e+00
5.00000e+02 1.15771e-11 0.00000e+00
5.01000e+02 1.18099e-11 0.00000e+00
5.02000e+02 1.27398e-11 0.00000e+00
5.03000e+02 1.16396e-11 0.00000e+00
5.04000e+02 1.19062e-11 0.00000e+00
5.05000e+02 1.21877e-11 0.00000e+00
5.06000e+02 1.02458e-11 0.00000e+00
5.07000e+02 1.17144e-11 0.00000e+00
5.08000e+02 1.31521e-11 0.00000e+00
5.09000e+02 1.13358e-11 0.00000e+00
5.10000e+02 1.19706e-11 0.00000e+00
5.11000e+02 1.21285e-11 0.00000e+00
5.12000e+02 1.27885e-11 0.00000e+00
5.13000e+02 1.14562e-11 0.00000e+00
5.14000e+02 1.08878e-11 0.00000e+00
5.15000e+02 1.20351e-11 0.00000e+00
5.16000e+02 1.02037e-11 0.00000e+00
5.17000e+02 1.17236e-11 0.00000e+00
5.18000e+02 1.06283e-11 0.00000e+00
5.19000e+02 1.29493e-11 0.00000e+00
5.20000e+02 1.13815e-11 0.00000e+00
5.21000e+02 1.11930e-11 0.00000e+00
5.22000e+02 1.14148e-11 0.00000e+00
5.23000e+02 1.08469e-11 0.00000e+00
5.24000e+02 9.74008e-12 0.00000e+00
5.25000e+02 1.18807e-11 0.00000e+00
5.26000e+02 9.82943e-12 0.00000e+00
5.27000e+02 9.91865e-12 0.00000e+00
5.28000e+02 1.18314e-11 0.00000e+00
5.29000e+02 1.14044e-11 0.00000e+00
5.30000e+02 1.06123e-11 0.00000e+00
5.31000e+02 1.06403e-11 0.00000e+00
5.32000e+02 1.01924e-11 0.00000e+00
5.33000e+02 1.11908e-11 0.00000e+00
5.34000e+02 1.14711e-11 0.00000e+00
5.35000e+02 1.02302e-11 0.00000e+00
5.36000e+02 1.20999e-11 0.00000e+00
5.37000e+02 1.06385e-11 0.00000e+00
5.38000e+02 8.73782e-12 0.00000e+00
5.39000e+02 1.14421e-11 0.00000e+00
5.40000e+02 1.27304e-11 0.00000e+00
5.41000e+02 1.24588e-11 0.00000e+00
5.42000e+02 1.14481e-11 0.00000e+00
5.43000e+02 9.17404e-12 0.00000e+00
5.44000e+02 9.77479e-12 0.00000e+00
5.45000e+02 1.29313e-11 0.00000e+00
5.46000e+02 9.94248e-12 0.00000e+00
5.47000e+02 1.03502e-11 0.00000e+00
5.48000e+02 1.09381e-11 0.00000e+00
5.49000e+02 1.12213e-11 0.00000e+00
5.50000e+02 1.04428e-11 0.00000e+00
5.51000e+02 9.94860e-12 0.00000e+00
5.52000e+02 1.14119e-11 0.00000e+00
5.53000e+02 1.04468e-11 0.00000e+00
5.54000e+02 9.86603e-12 0.00000e+00
5.55000e+02 9.16906e-12 0.00000e+00
5.56000e+02 1.24811e-11 0.00000e+00
5.57000e+02 1.01042e-11 0.00000e+00
5.58000e+02 9.59041e-12 0.00000e+00
5.59000e+02 1.21668e-11 0.00000e+00
5.60000e+02 1.02094e-11 0.00000e+00
5.61000e+02 1.06291e-11 0.00000e+00
5.62000e+02 1.01495e-11 0.00000e+00
5.63000e+02 1.09536e-11 0.00000e+00
5.64000e+02 1.02226e-11 0.00000e+00
5.65000e+02 9.97779e-12 0.00000e+00
5.66000e+02 8.32547e-12 0.00000e+00
5.67000e+02 1.03271e-11 0.00000e+00
5.68000e+02 8.88499e-12 0.00000e+00
5.69000e+02 9.21439e-12 0.00000e+00
5.70000e+02 1.00319e-11 0.00000e+00
5.71000e+02 1.08854e-11 0.00000e+00
5.72000e+02 1.12832e-11 0.00000e+00
5.73000e+02 1.13254e-11 0.00000e+00
5.74000e+02 9.58684e-12 0.00000e+00
5.75000e+02 9.43060e-12 0.00000e+00
5.76000e+02 9.53915e-12 0.00000e+00
5.77000e+02 9.70309e-12 0.00000e+00
5.78000e+02 9.56778e-12 0.00000e+00
5.79000e+02 1.04832e-11 0.00000e+00
5.80000e+02 9.23400e-12 0.00000e+00
5.81000e+02 9.75164e-12 0.00000e+00
5.82000e+02 8.61150e-12 0.00000e+00
5.83000e+02 9.42039e-12 0.00000e+00
5.84000e+02 1.03978e-11 0.00000e+00
5.85000e+02 1.08221e-11 0.00000e+00
5.86000e+02 9.67053e-12 0.00000e+00
5.87000e+02 1.00908e-11 0.00000e+00
5.88000e+02 8.46138e-12 0.00000e+00
5.89000e+02 9.57936e-12 0.00000e+00
5.90000e+02 9.95464e-12 0.00000e+00
5.91000e+02 1.03050e-11 0.00000e+00
5.92000e+02 1.03510e-11 0.00000e+00
5.93000e+02 1.10761e-11 0.00000e+00
5.94000e+02 1.04915e-11 0.00000e+00
5.95000e+02 9.71136e-12 0.00000e+00
5.96000e+02 1.02851e-11 0.00000e+00
5.97000e+02 9.08313e-12 0.00000e+00
5.98000e+02 8.99849e-12 0.00000e+00
5.99000e+02 9.57715e-12 0.00000e+00
6.00000e+02 1.00814e-11 0.00000e+00
6.01000e+02 9.62625e-12 0.00000e+00
6.02000e+02 9.97099e-12 0.00000e+00
6.03000e+02 9.39698e-12 0.00000e+00
6.04000e+02 9.82565e-12 0.00000e+00
6.05000e+02 8.68493e-12 0.00000e+00
6.06000e+02 8.81136e-12 0.00000e+00
6.07000e+02 9.43676e-12 0.00000e+00
6.08000e+02 9.94135e-12 0.00000e+00
6.09000e+02 8.15433e-12 0.00000e+00
6.10000e+02 1.00240e-11 0.00000e+00
6.11000e+02 8.95350e-12 0.00000e+00
6.12000e+02 9.91410e-12 0.00000e+00
6.13000e+02 9.79626e-12 0.00000e+00
6.14000e+02 1.02182e-11 0.00000e+00
6.15000e+02 9.20685e-12 0.00000e+00
6.16000e+02 9.11573e-12 0.00000e+00
6.17000e+02 9.61722e-12 0.00000e+00
6.18000e+02 9.03319e-12 0.00000e+00
6.19000e+02 9.05047e-12 0.00000e+00
6.20000e+02 1.03429e-11 0.00000e+00
6.21000e+02 9.74261e-12 0.00000e+00
6.22000e+02 8.56827e-12 0.00000e+00
6.23000e+02 9.53731e-12 0.00000e+00
6.24000e+02 1.07709e-11 0.00000e+00
6.25000e+02 8.54657e-12 0.00000e+00
6.26000e+02 8.49366e-12 0.00000e+00
6.27000e+02 9.30247e-12 0.00000e+00
6.28000e+02 9.97357e-12 0.00000e+00
6.29000e+02 9.19276e-12 0.00000e+00
6.30000e+02 8.37950e-12 0.00000e+00
6.31000e+02 9.55214e-12 0.00000e+00
6.32000e+02 9.30776e-12 0.00000e+00
6.33000e+02 8.92421e-12 0.00000e+00
6.34000e+02 8.71454e-12 0.00000e+00
6.35000e+02 8.64606e-12 0.00000e+00
6.36000e+02 9.61982e-12 0.00000e+00
6.37000e+02 9.96231e-12 0.00000e+00
6.38000e+02 8.77878e-12 0.00000e+00
6.39000e+02 8.19037e-12 0.00000e+00
6.40000e+02 9.33252e-12 0.00000e+00
6.41000e+02 9.35965e-12 0.00000e+00
6.42000e+02 8.01602e-12 0.00000e+00
6.43000e+02 9.20649e-12 0.00000e+00
6.44000e+02 1.05185e-11 0.00000e+00
6.45000e+02 8.32095e-12 0.00000e+00
6.46000e+02 9.46387e-12 0.00000e+00
6.47000e+02 8.31981e-12 0.00000e+00
6.48000e+02 8.45278e-12 0.00000e+00
6.49000e+02 8.81577e-12 0.00000e+00
6.50000e+02 9.34526e-12 0.00000e+00
6.51000e+02 8.92976e-12 0.00000e+00
6.52000e+02 1.06492e-11 0.00000e+00
6.53000e+02 8.91186e-12 0.00000e+00
6.54000e+02 9.15032e-12 0.00000e+00
6.55000e+02 8.70653e-12 0.00000e+00
6.56000e+02 1.01383e-11 0.00000e+00
6.57000e+02 9.83152e-12 0.00000e+00
6.58000e+02 9.00892e-12 0.00000e+00
6.59000e+02 9.52659e-12 0.00000e+00
6.60000e+02 7.80638e-12 0.00000e+00
6.61000e+02 8.17723e-12 0.00000e+00
6.62000e+02 8.35636e-12 0.00000e+00
6.63000e+02 8.57752e-12 0.00000e+00
6.64000e+02 8.85216e-12 0.00000e+00
6.65000e+02 9.03223e-12 0.00000e+00
6.66000e+02 8.82951e-12 0.00000e+00
6.67000e+02 8.82589e-12 0.00000e+00
6.68000e+02 7.41531e-12 0.00000e+00
6.69000e+02 8.51680e-12 0.00000e+00
6.70000e+02 7.90456e-12 0.00000e+00
6.71000e+02 9.30192e-12 0.00000e+00
6.72000e+02 7.99504e-12 0.00000e+00
6.73000e+02 8.30954e-12 0.00000e+00
6.74000e+02 8.30783e-12 0.00000e+00
6.75000e+02 8.14191e-12 0.00000e+00
6.76000e+02 8.97232e-12 0.00000e+00
6.77000e+02 7.75044e-12 0.00000e+00
6.78000e+02 9.23894e-12 0.00000e+00
6.79000e+02 7.54779e-12 0.00000e+00
6.80000e+02 8.52945e-12 0.00000e+00
6.81000e+02 8.92951e-12 0.00000e+00
6.82000e+02 8.83722e-12 0.00000e+00
6.83000e+02 9.27778e-12 0.00000e+00
6.84000e+02 7.89520e-12 0.00000e+00
6.85000e+02 9.83891e-12 0.00000e+00
6.86000e+02 7.47955e-12 0.00000e+00
6.87000e+02 7.32179e-12 0.00000e+00
6.88000e+02 9.28942e-12 0.00000e+00
6.89000e+02 7.68188e-12 0.00000e+00
6.90000e+02 7.82254e-12 0.00000e+00
6.91000e+02 8.49148e-12 0.00000e+00
6.92000e+02 8.24094e-12 0.00000e+00
6.93000e+02 8.01843e-12 0.00000e+00
6.94000e+02 9.11359e-12 0.00000e+00
6.95000e+02 8.02832e-12 0.00000e+00
6.96000e+02 8.78495e-12 0.00000e+00
6.97000e+02 8.55078e-12 0.00000e+00
6.98000e+02 7.30147e-12 0.00000e+00
6.99000e+02 7.84183e-12 0.00000e+00
7.00000e+02 8.92699e-12 0.00000e+00
7.01000e+02 8.83812e-12 0.00000e+00
7.02000e+02 6.94036e-12 0.00000e+00
7.03000e+02 6.65585e-12 0.00000e+00
7.04000e+02 7.76531e-12 0.00000e+00
7.05000e+02 8.22272e-12 0.00000e+00
7.06000e+02 7.90293e-12 0.00000e+00
7.07000e+02 8.97942e-12 0.00000e+00
7.08000e+02 7.86342e-12 0.00000e+00
7.09000e+02 8.54928e-12 0.00000e+00
7.10000e+02 8.17351e-12 0.00000e+00
7.11000e+02 8.00410e-12 0.00000e+00
7.12000e+02 7.60796e-12 0.00000e+00
7.13000e+02 8.51883e-12 0.00000e+00
7.14000e+02 8.21353e-12 0.00000e+00
7.15000e+02 7.12658e-12 0.00000e+00
7.16000e+02 7.44983e-12 0.00000e+00
7.17000e+02 7.90556e-12 0.00000e+00
7.18000e+02 8.48224e-12 0.00000e+00
7.19000e+02 6.74749e-12 0.00000e+00
7.20000e+02 7.41587e-12 0.00000e+00
7.21000e+02 7.74881e-12 0.00000e+00
7.22000e+02 8.22023e-12 0.00000e+00
7.23000e+02 6.94082e-12 0.00000e+00
7.24000e+02 7.31242e-12 0.00000e+00
7.25000e+02 7.81833e-12 0.00000e+00
7.26000e+02 7.04667e-12 0.00000e+00
7.27000e+02 8.18364e-12 0.00000e+00
7.28000e+02 8.43083e-12 0.00000e+00
7.29000e+02 7.77097e-12 0.00000e+00
7.30000e+02 8.01927e-12 0.00000e+00
7.31000e+02 8.14865e-12 0.00000e+00
7.32000e+02 8.96096e-12 0.00000e+00
7.33000e+02 7.03525e-12 0.00000e+00
7.34000e+02 8.31586e-12 0.00000e+00
7.35000e+02 8.87133e-12 0.00000e+00
7.36000e+02 7.20869e-12 0.00000e+00
7.37000e+02 8.18994e-12 0.00000e+00
7.38000e+02 7.38160e-12 0.00000e+00
7.39000e+02 8.34211e-12 0.00000e+00
7.40000e+02 7.32450e-12 0.00000e+00
7.41000e+02 8.91062e-12 0.00000e+00
7.42000e+02 7.61691e-12 0.00000e+00
7.43000e+02 7.65965e-12 0.00000e+00
7.44000e+02 7.02140e-12 0.00000e+00
7.45000e+02 8.06058e-12 0.00000e+00
7.46000e+02 6.83062e-12 0.00000e+00
7.47000e+02 7.73892e-12 0.00000e+00
7.48000e+02 6.88600e-12 0.00000e+00
7.49000e+02 7.51205e-12 0.00000e+00
7.50000e+02 8.13318e-12 0.00000e+00
7.51000e+02 7.72403e-12 0.00000e+00
7.52000e+02 8.22342e-12 0.00000e+00
7.53000e+02 7.92318e-12 0.00000e+00
7.54000e+02 7.94871e-12 0.00000e+00
7.55000e+02 6.97948e-12 0.00000e+00
7.56000e+02 7.60492e-12 0.00000e+00
7.57000e+02 7.42530e-12 0.00000e+00
7.58000e+02 7.57945e-12 0.00000e+00
7.59000e+02 6.96765e-12 0.00000e+00
7.60000e+02 7.34214e-12 0.00000e+00
7.61000e+02 7.36659e-12 0.00000e+00
7.62000e+02 7.09833e-12 0.00000e+00
7.63000e+02 6.79245e-12 0.00000e+00
7.64000e+02 7.01979e-12 0.00000e+00
7.65000e+02 7.64613e-12 0.00000e+00
7.66000e+02 6.64413e-12 0.00000e+00
7.67000e+02 8.20170e-12 0.00000e+00
7.68000e+02 7.86933e-12 0.00000e+00
7.69000e+02 6.50420e-12 0.00000e+00
7.70000e+02 6.93319e-12 0.00000e+00
7.71000e+02 7.16444e-12 0.00000e+00
7.72000e+02 7.14880e-12 0.00000e+00
7.73000e+02 6.80838e-12 0.00000e+00
7.74000e+02 7.09179e-12 0.00000e+00
7.75000e+02 7.00303e-12 0.00000e+00
7.76000e+02 6.17478e-12 0.00000e+00
7.77000e+02 7.31873e-12 0.00000e+00
7.78000e+02 7.41196e-12 0.00000e+00
7.79000e+02 6.79144e-12 0.00000e+00
7.80000e+02 6.88095e-12 0.00000e+00
7.81000e+02 7.35073e-12 0.00000e+00
7.82000e+02 7.86798e-12 0.00000e+00
7.83000e+02 6.45962e-12 0.00000e+00
7.84000e+02 5.91117e-12 0.00000e+00
7.85000e+02 7.10755e-12 0.00000e+00
7.86000e+02 6.24735e-12 0.00000e+00
7.87000e+02 8.40580e-12 0.00000e+00
7.88000e+02 7.68869e-12 0.00000e+00
7.89000e+02 6.56486e-12 0.00000e+00
7.90000e+02 7.50394e-12 0.00000e+00
7.91000e+02 6.62744e-12 0.00000e+00
7.92000e+02 6.44454e-12 0.00000e+00
7.93000e+02 6.68192e-12 0.00000e+00
7.94000e+02 7.26116e-12 0.00000e+00
7.95000e+02 6.57929e-12 0.00000e+00
7.96000e+02 7.26854e-12 0.00000e+00
7.97000e+02 6.86430e-12 0.00000e+00
7.98000e+02 6.53335e-12 0.00000e+00
7.99000e+02 6.34164e-12 0.00000e+00
8.00000e+02 6.62402e-12 0.00000e+00
8.01000e+02 7.54216e-12 0.00000e+00
8.02000e+02 7.28172e-12 0.00000e+00
8.03000e+02 5.96695e-12 0.00000e+00
8.04000e+02 6.79034e-12 0.00000e+00
8.05000e+02 5.67326e-12 0.00000e+00
8.06000e+02 7.69304e-12 0.00000e+00
8.07000e+02 6.53867e-12 0.00000e+00
8.08000e+02 6.49656e-12 0.00000e+00
8.09000e+02 6.72307e-12 0.00000e+00
8.10000e+02 7.65027e-12 0.00000e+00
8.11000e+02 6.74299e-12 0.00000e+00
8.12000e+02 5.92871e-12 0.00000e+00
8.13000e+02 6.67137e-12 0.00000e+00
8.14000e+02 6.95951e-12 0.00000e+00
8.15000e+02 6.69052e-12 0.00000e+00
8.16000e+02 6.56942e-12 0.00000e+00
8.17000e+02 6.17663e-12 0.00000e+00
8.18000e+02 6.21382e-12 0.00000e+00
8.19000e+02 6.81162e-12 0.00000e+00
8.20000e+02 7.04007e-12 0.00000e+00
8.21000e+02 6.39398e-12 0.00000e+00
8.22000e+02 6.40333e-12 0.00000e+00
8.23000e+02 6.54841e-12 0.00000e+00
8.24000e+02 6.56821e-12 0.00000e+00
8.25000e+02 6.33151e-12 0.00000e+00
8.26000e+02 6.79361e-12 0.00000e+00
8.27000e+02 7.15311e-12 0.00000e+00
8.28000e+02 6.32639e-12 0.00000e+00
8.29000e+02 6.89398e-12 0.00000e+00
8.30000e+02 7.09850e-12 0.00000e+00
8.31000e+02 6.52149e-12 0.00000e+00
8.32000e+02 6.10274e-12 0.00000e+00
8.33000e+02 6.17100e-12 0.00000e+00
8.34000e+02 6.48784e-12 0.00000e+00
8.35000e+02 7.09051e-12 0.00000e+00
8.36000e+02 6.52093e-12 0.00000e+00
8.37000e+02 6.38980e-12 0.00000e+00
8.38000e+02 6.16363e-12 0.00000e+00
8.39000e+02 6.48692e-12 0.00000e+00
8.40000e+02 6.13842e-12 0.00000e+00
8.41000e+02 6.64636e-12 0.00000e+00
8.42000e+02 5.56878e-12 0.00000e+00
8.43000e+02 6.60419e-12 0.00000e+00
8.44000e+02 5.82251e-12 0.00000e+00
8.45000e+02 6.96300e-12 0.00000e+00
8.46000e+02 7.05814e-12 0.00000e+00
8.47000e+02 5.93610e-12 0.00000e+00
8.48000e+02 6.34534e-12 0.00000e+00
8.49000e+02 5.74910e-12 0.00000e+00
8.50000e+02 5.73748e-12 0.00000e+00
8.51000e+02 6.12905e-12 0.00000e+00
8.52000e+02 6.61163e-12 0.00000e+00
8.53000e+02 6.16859e-12 0.00000e+00
8.54000e+02 6.30799e-12 0.00000e+00
8.55000e+02 6.19081e-12 0.00000e+00
8.56000e+02 6.60710e-12 0.00000e+00
8.57000e+02 6.08969e-12 0.00000e+00
8.58000e+02 6.67894e-12 0.00000e+00
8.59000e+02 6.22016e-12 0.00000e+00
8.60000e+02 5.75630e-12 0.00000e+00
8.61000e+02 5.73446e-12 0.00000e+00
8.62000e+02 5.67582e-12 0.00000e+00
8.63000e+02 6.14128e-12 0.00000e+00
8.64000e+02 5.48060e-12 0.00000e+00
8.65000e+02 5.64140e-12 0.00000e+00
8.66000e+02 6.28687e-12 0.00000e+00
8.67000e+02 5.95204e-12 0.00000e+00
8.68000e+02 5.49433e-12 0.00000e+00
8.69000e+02 6.40164e-12 0.00000e+00
8.70000e+02 6.53822e-12 0.00000e+00
8.71000e+02 5.95757e-12 0.00000e+00
8.72000e+02 6.20884e-12 0.00000e+00
8.73000e+02 6.00291e-12 0.00000e+00
8.74000e+02 5.60987e-12 0.00000e+00
8.75000e+02 5.90663e-12 0.00000e+00
8.76000e+02 5.44642e-12 0.00000e+00
8.77000e+02 5.85648e-12 0.00000e+00
8.78000e+02 5.94563e-12 0.00000e+00
8.79000e+02 5.52426e-12 0.00000e+00
8.80000e+02 6.17402e-12 0.00000e+00
8.81000e+02 5.52550e-12 0.00000e+00
8.82000e+02 5.79649e-12 0.00000e+00
8.83000e+02 5.37726e-12 0.00000e+00
8.84000e+02 6.06259e-12 0.00000e+00
8.85000e+02 5.51817e-12 0.00000e+00
8.86000e+02 6.11006e-12 0.00000e+00
8.87000e+02 6.08270e-12 0.00000e+00
8.88000e+02 5.78430e-12 0.00000e+00
8.89000e+02 5.66610e-12 0.00000e+00
8.90000e+02 5.61287e-12 0.00000e+00
8.91000e+02 5.76161e-12 0.00000e+00
8.92000e+02 6.11384e-12 0.00000e+00
8.93000e+02 5.97018e-12 0.00000e+00
8.94000e+02 5.71863e-12 0.00000e+00
8.95000e+02 5.78284e-12 0.00000e+00
8.96000e+02 6.00376e-12 0.00000e+00
8.97000e+02 5.74544e-12 0.00000e+00
8.98000e+02 5.84131e-12 0.00000e+00
8.99000e+02 5.66016e-12 0.00000e+00
9.00000e+02 5.96264e-12 0.00000e+00
9.01000e+02 5.85742e-12 0.00000e+00
9.02000e+02 5.63125e-12 0.00000e+00
9.03000e+02 5.74494e-12 0.00000e+00
9.04000e+02 5.45189e-12 0.00000e+00
9.05000e+02 5.97380e-12 0.00000e+00
9.06000e+02 5.60034e-12 0.00000e+00
9.07000e+02 6.11085e-12 0.00000e+00
9.08000e+02 4.94837e-12 0.00000e+00
9.09000e+02 5.39066e-12 0.00000e+00
9.10000e+02 5.61578e-12 0.00000e+00
9.11000e+02 5.30730e-12 0.00000e+00
9.12000e+02 5.69263e-12 0.00000e+00
9.13000e+02 5.45631e-12 0.00000e+00
9.14000e+02 5.83103e-12 0.00000e+00
9.15000e+02 5.68184e-12 0.00000e+00
9.16000e+02 5.60910e-12 0.00000e+00
9.17000e+02 5.42662e-12 0.00000e+00
9.18000e+02 5.74232e-12 0.00000e+00
9.19000e+02 5.30016e-12 0.00000e+00
9.20000e+02 5.31905e-12 0.00000e+00
9.21000e+02 5.85052e-12 0.00000e+00
9.22000e+02 5.53951e-12 0.00000e+00
9.23000e+02 5.34352e-12 0.00000e+00
9.24000e+02 5.81224e-12 0.00000e+00
9.25000e+02 5.75736e-12 0.00000e+00
9.26000e+02 5.46420e-12 0.00000e+00
9.27000e+02 6.00671e-12 0.00000e+00
9.28000e+02 5.17900e-12 0.00000e+00
9.29000e+02 5.13117e-12 0.00000e+00
9.30000e+02 5.30159e-12 0.00000e+00
9.31000e+02 5.78475e-12 0.00000e+00
9.32000e+02 5.19138e-12 0.00000e+00
9.33000e+02 5.49134e-12 0.00000e+00
9.34000e+02 5.35724e-12 0.00000e+00
9.35000e+02 4.63061e-12 0.00000e+00
9.36000e+02 5.92584e-12 0.00000e+00
9.37000e+02 5.34736e-12 0.00000e+00
9.38000e+02 5.41379e-12 0.00000e+00
9.39000e+02 5.64618e-12 0.00000e+00
9.40000e+02 5.74176e-12 0.00000e+00
9.41000e+02 4.97927e-12 0.00000e+00
9.42000e+02 5.28931e-12 0.00000e+00
9.43000e+02 5.10050e-12 0.00000e+00
9.44000e+02 5.26882e-12 0.00000e+00
9.45000e+02 4.98992e-12 0.00000e+00
9.46000e+02 5.38284e-12 0.00000e+00
9.47000e+02 5.01870e-12 0.00000e+00
9.48000e+02 4.99223e-12 0.00000e+00
9.49000e+02 5.64089e-12 0.00000e+00
9.50000e+02 5.31035e-12 0.00000e+00
9.51000e+02 5.05272e-12 0.00000e+00
9.52000e+02 4.81846e-12 0.00000e+00
9.53000e+02 4.72390e-12 0.00000e+00
9.54000e+02 4.99295e-12 0.00000e+00
9.55000e+02 5.93330e-12 0.00000e+00
9.56000e+02 5.52515e-12 0.00000e+00
9.57000e+02 4.67837e-12 0.00000e+00
9.58000e+02 4.41525e-12 0.00000e+00
9.59000e+02 5.14721e-12 0.00000e+00
9.60000e+02 5.22838e-12 0.00000e+00
9.61000e+02 5.06644e-12 0.00000e+00
9.62000e+02 5.18706e-12 0.00000e+00
9.63000e+02 4.89783e-12 0.00000e+00
9.64000e+02 5.21314e-12 0.00000e+00
9.65000e+02 5.17327e-12 0.00000e+00
9.66000e+02 4.87987e-12 0.00000e+00
9.67000e+02 5.06951e-12 0.00000e+00
9.68000e+02 4.53977e-12 0.00000e+00
9.69000e+02 5.11037e-12 0.00000e+00
9.70000e+02 5.06109e-12 0.00000e+00
9.71000e+02 5.59557e-12 0.00000e+00
9.72000e+02 4.86232e-12 0.00000e+00
9.73000e+02 4.56093e-12 0.00000e+00
9.74000e+02 5.28533e-12 0.00000e+00
9.75000e+02 5.54672e-12 0.00000e+00
9.76000e+02 4.92339e-12 0.00000e+00
9.77000e+02 5.12754e-12 0.00000e+00
9.78000e+02 5.32870e-12 0.00000e+00
9.79000e+02 4.65490e-12 0.00000e+00
9.80000e+02 5.14273e-12 0.00000e+00
9.81000e+02 5.11463e-12 0.00000e+00
9.82000e+02 4.88374e-12 0.00000e+00
9.83000e+02 5.14992e-12 0.00000e+00
9.84000e+02 5.05255e-12 0.00000e+00
9.85000e+02 5.32900e-12 0.00000e+00
9.86000e+02 4.63486e-12 0.00000e+00
9.87000e+02 5.05689e-12 0.00000e+00
9.88000e+02 5.51306e-12 0.00000e+00
9.89000e+02 4.31042e-12 0.00000e+00
9.90000e+02 4.47452e-12 0.00000e+00
9.91000e+02 4.57127e-12 0.00000e+00
9.92000e+02 4.54344e-12 0.00000e+00
9.93000e+02 4.82533e-12 0.00000e+00
9.94000e+02 4.52749e-12 0.00000e+00
9.95000e+02 4.56933e-12 0.00000e+00
9.96000e+02 5.15586e-12 0.00000e+00
9.97000e+02 4.66410e-12 0.00000e+00
9.98000e+02 4.61734e-12 0.00000e+00
9.99000e+02 4.87576e-12 0.00000e+00
1.00000e+03 4.80344e-12 0.00000e+00
1.00100e+03 4.63118e-12 0.00000e+00
1.00200e+03 5.18310e-12 0.00000e+00
1.00300e+03 4.64537e-12 0.00000e+00
1.00400e+03 4.68827e-12 0.00000e+00
1.00500e+03 4.63338e-12 0.00000e+00
1.00600e+03 4.61847e-12 0.00000e+00
1.00700e+03 4.63284e-12 0.00000e+00
1.00800e+03 5.11356e-12 0.00000e+00
1.00900e+03 5.01429e-12 0.00000e+00
1.01000e+03 5.04386e-12 0.00000e+00
1.01100e+03 4.63201e-12 0.00000e+00
1.01200e+03 4.47880e-12 0.00000e+00
1.01300e+03 4.71534e-12 0.00000e+00
1.01400e+03 5.13010e-12 0.00000e+00
1.01500e+03 4.67163e-12 0.00000e+00
1.01600e+03 4.43658e-12 0.00000e+00
1.01700e+03 4.45506e-12 0.00000e+00
1.01800e+03 4.70513e-12 0.00000e+00
1.01900e+03 4.55125e-12 0.00000e+00
1.02000e+03 4.81040e-12 0.00000e+00
1.02100e+03 4.92465e-12 0.00000e+00
1.02200e+03 4.51365e-12 0.00000e+00
1.02300e+03 4.91799e-12 0.00000e+00
1.02400e+03 4.17401e-12 0.00000e+00
1.02500e+03 4.21623e-12 0.00000e+00
1.02600e+03 4.45495e-12 0.00000e+00
1.02700e+03 4.34177e-12 0.00000e+00
1.02800e+03 4.29048e-12 0.00000e+00
1.02900e+03 4.60108e-12 0.00000e+00
1.03000e+03 4.29354e-12 0.00000e+00
1.03100e+03 4.74026e-12 0.00000e+00
1.03200e+03 4.23774e-12 0.00000e+00
1.03300e+03 4.81602e-12 0.00000e+00
1.03400e+03 4.20020e-12 0.00000e+00
1.03500e+03 4.13921e-12 0.00000e+00
1.03600e+03 4.41891e-12 0.00000e+00
1.03700e+03 4.54362e-12 0.00000e+00
1.03800e+03 4.18517e-12 0.00000e+00
1.03900e+03 4.79612e-12 0.00000e+00
1.04000e+03 4.58553e-12 0.00000e+00
1.04100e+03 4.54380e-12 0.00000e+00
1.04200e+03 4.86023e-12 0.00000e+00
1.04300e+03 4.46468e-12 0.00000e+00
1.04400e+03 4.56882e-12 0.00000e+00
1.04500e+03 4.24685e-12 0.00000e+00
1.04600e+03 4.71026e-12 0.00000e+00
1.04700e+03 4.20713e-12 0.00000e+00
1.04800e+03 4.39554e-12 0.00000e+00
1.04900e+03 4.22346e-12 0.00000e+00
1.05000e+03 5.04826e-12 0.00000e+00
1.05100e+03 4.19581e-12 0.00000e+00
1.05200e+03 4.42442e-12 0.00000e+00
1.05300e+03 4.67814e-12 0.00000e+00
1.05400e+03 4.33534e-12 0.00000e+00
1.05500e+03 4.60449e-12 0.00000e+00
1.05600e+03 4.29483e-12 0.00000e+00
1.05700e+03 4.49282e-12 0.00000e+00
1.05800e+03 4.12092e-12 0.00000e+00
1.05900e+03 4.03234e-12 0.00000e+00
1.06000e+03 4.25147e-12 0.00000e+00
1.06100e+03 4.45544e-12 0.00000e+00
1.06200e+03 5.00314e-12 0.00000e+00
1.06300e+03 4.55976e-12 0.00000e+00
1.06400e+03 4.52131e-12 0.00000e+00
1.06500e+03 4.07789e-12 0.00000e+00
1.06600e+03 4.39778e-12 0.00000e+00
1.06700e+03 3.96880e-12 0.00000e+00
1.06800e+03 4.03726e-12 0.00000e+00
1.06900e+03 4.01227e-12 0.00000e+00
1.07000e+03 3.96054e-12 0.00000e+00
1.07100e+03 4.08415e-12 0.00000e+00
1.07200e+03 4.19418e-12 0.00000e+00
1.07300e+03 4.19449e-12 0.00000e+00
1.07400e+03 4.21813e-12 0.00000e+00
1.07500e+03 4.04039e-12 0.00000e+00
1.07600e+03 4.17757e-12 0.00000e+00
1.07700e+03 4.15118e-12 0.00000e+00
1.07800e+03 4.39177e-12 0.00000e+00
1.07900e+03 4.66304e-12 0.00000e+00
1.08000e+03 4.20728e-12 0.00000e+00
1.08100e+03 3.94273e-12 0.00000e+00
1.08200e+03 4.05650e-12 0.00000e+00
1.08300e+03 3.93164e-12 0.00000e+00
1.08400e+03 3.97528e-12 0.00000e+00
1.08500e+03 4.43095e-12 0.00000e+00
1.08600e+03 4.25584e-12 0.00000e+00
1.08700e+03 4.14655e-12 0.00000e+00
1.08800e+03 4.12784e-12 0.00000e+00
1.08900e+03 4.20050e-12 0.00000e+00
1.09000e+03 4.41160e-12 0.00000e+00
1.09100e+03 3.73474e-12 0.00000e+00
1.09200e+03 4.12642e-12 0.00000e+00
1.09300e+03 4.24933e-12 0.00000e+00
1.09400e+03 4.46524e-12 0.00000e+00
1.09500e+03 4.11727e-12 0.00000e+00
1.09600e+03 4.27559e-12 0.00000e+00
1.09700e+03 4.03498e-12 0.00000e+00
1.09800e+03 4.06794e-12 0.00000e+00
1.09900e+03 4.20432e-12 0.00000e+00
1.10000e+03 3.89849e-12 0.00000e+00
1.10100e+03 4.16531e-12 0.00000e+00
1.10200e+03 3.79948e-12 0.00000e+00
1.10300e+03 4.03567e-12 0.00000e+00
1.10400e+03 4.16256e-12 0.00000e+00
1.10500e+03 3.93390e-12 0.00000e+00
1.10600e+03 4.15283e-12 0.00000e+00
1.10700e+03 3.90119e-12 0.00000e+00
1.10800e+03 4.10170e-12 0.00000e+00
1.10900e+03 3.98846e-12 0.00000e+00
1.11000e+03 3.74033e-12 0.00000e+00
1.11100e+03 3.75248e-12 0.00000e+00
1.11200e+03 3.93721e-12 0.00000e+00
1.11300e+03 3.89228e-12 0.00000e+00
1.11400e+03 3.48912e-12 0.00000e+00
1.11500e+03 3.73951e-12 0.00000e+00
1.11600e+03 3.85211e-12 0.00000e+00
1.11700e+03 4.10496e-12 0.00000e+00
1.11800e+03 4.08366e-12 0.00000e+00
1.11900e+03 3.93500e-12 0.00000e+00
1.12000e+03 3.65868e-12 0.00000e+00
1.12100e+03 4.11511e-12 0.00000e+00
1.12200e+03 3.68356e-12 0.00000e+00
1.12300e+03 3.88594e-12 0.00000e+00
1.12400e+03 3.71484e-12 0.00000e+00
1.12500e+03 3.86483e-12 0.00000e+00
1.12600e+03 3.61024e-12 0.00000e+00
1.12700e+03 3.88712e-12 0.00000e+00
1.12800e+03 3.95092e-12 0.00000e+00
1.12900e+03 4.07154e-12 0.00000e+00
1.13000e+03 3.69479e-12 0.00000e+00
1.13100e+03 3.81401e-12 0.00000e+00
1.13200e+03 3.53708e-12 0.00000e+00
1.13300e+03 3.94762e-12 0.00000e+00
1.13400e+03 3.52485e-12 0.00000e+00
1.13500e+03 3.81809e-12 0.00000e+00
1.13600e+03 3.37143e-12 0.00000e+00
1.13700e+03 3.89414e-12 0.00000e+00
1.13800e+03 3.95607e-12 0.00000e+00
1.13900e+03 3.83762e-12 0.00000e+00
1.14000e+03 4.10390e-12 0.00000e+00
1.14100e+03 3.67539e-12 0.00000e+00
1.14200e+03 3.63703e-12 0.00000e+00
1.14300e+03 3.73356e-12 0.00000e+00
1.14400e+03 3.60348e-12 0.00000e+00
1.14500e+03 3.72265e-12 0.00000e+00
1.14600e+03 3.70371e-12 0.00000e+00
1.14700e+03 3.91308e-12 0.00000e+00
1.14800e+03 3.50232e-12 0.00000e+00
1.14900e+03 3.41717e-12 0.00000e+00
1.15000e+03 4.02979e-12 0.00000e+00
1.15100e+03 3.55995e-12 0.00000e+00
1.15200e+03 3.57450e-12 0.00000e+00
1.15300e+03 3.83245e-12 0.00000e+00
1.15400e+03 3.75955e-12 0.00000e+00
1.15500e+03 3.51726e-12 0.00000e+00
1.15600e+03 3.62374e-12 0.00000e+00
1.15700e+03 3.90721e-12 0.00000e+00
1.15800e+03 3.43218e-12 0.00000e+00
1.15900e+03 3.72990e-12 0.00000e+00
1.16000e+03 3.27998e-12 0.00000e+00
1.16100e+03 3.45379e-12 0.00000e+00
1.16200e+03 3.60594e-12 0.00000e+00
1.16300e+03 3.80887e-12 0.00000e+00
1.16400e+03 3.67110e-12 0.00000e+00
1.16500e+03 3.53773e-12 0.00000e+00
1.16600e+03 3.69712e-12 0.00000e+00
1.16700e+03 3.58620e-12 0.00000e+00
1.16800e+03 3.41516e-12 0.00000e+00
1.16900e+03 3.80284e-12 0.00000e+00
1.17000e+03 3.51838e-12 0.00000e+00
1.17100e+03 3.65304e-12 0.00000e+00
1.17200e+03 3.76408e-12 0.00000e+00
1.17300e+03 3.46945e-12 0.00000e+00
1.17400e+03 3.97544e-12 0.00000e+00
1.17500e+03 3.48787e-12 0.00000e+00
1.17600e+03 3.40050e-12 0.00000e+00
1.17700e+03 3.65120e-12 0.00000e+00
1.17800e+03 3.42975e-12 0.00000e+00
1.17900e+03 3.29765e-12 0.00000e+00
1.18000e+03 3.59931e-12 0.00000e+00
1.18100e+03 3.46342e-12 0.00000e+00
1.18200e+03 3.29252e-12 0.00000e+00
1.18300e+03 3.36918e-12 0.00000e+00
1.18400e+03 3.16210e-12 0.00000e+00
1.18500e+03 3.44747e-12 0.00000e+00
1.18600e+03 3.31044e-12 0.00000e+00
1.18700e+03 3.39917e-12 0.00000e+00
1.18800e+03 3.46525e-12 0.00000e+00
1.18900e+03 3.37566e-12 0.00000e+00
1.19000e+03 3.33567e-12 0.00000e+00
1.19100e+03 3.89144e-12 0.00000e+00
1.19200e+03 3.38667e-12 0.00000e+00
1.19300e+03 3.19616e-12 0.00000e+00
1.19400e+03 3.55731e-12 0.00000e+00
1.19500e+03 3.53726e-12 0.00000e+00
1.19600e+03 3.44252e-12 0.00000e+00
1.19700e+03 3.64149e-12 0.00000e+00
1.19800e+03 3.24325e-12 0.00000e+00
1.19900e+03 3.37059e-12 0.00000e+00
1.20000e+03 3.24019e-12 0.00000e+00
1.20100e+03 3.33853e-12 0.00000e+00
1.20200e+03 2.93992e-12 0.00000e+00
1.20300e+03 3.58259e-12 0.00000e+00
1.20400e+03 3.47567e-12 0.00000e+00
1.20500e+03 3.26552e-12 0.00000e+00
1.20600e+03 3.59636e-12 0.00000e+00
1.20700e+03 3.25810e-12 0.00000e+00
1.20800e+03 3.51603e-12 0.00000e+00
1.20900e+03 3.16594e-12 0.00000e+00
1.21000e+03 3.48199e-12 0.00000e+00
1.21100e+03 3.06500e-12 0.00000e+00
1.21200e+03 3.46321e-12 0.00000e+00
1.21300e+03 3.26732e-12 0.00000e+00
1.21400e+03 3.08028e-12 0.00000e+00
1.21500e+03 3.34674e-12 0.00000e+00
1.21600e+03 3.30978e-12 0.00000e+00
1.21700e+03 3.16020e-12 0.00000e+00
1.21800e+03 3.08098e-12 0.00000e+00
1.21900e+03 3.20579e-12 0.00000e+00
1.22000e+03 3.46011e-12 0.00000e+00
1.22100e+03 3.18228e-12 0.00000e+00
1.22200e+03 3.24733e-12 0.00000e+00
1.22300e+03 3.06903e-12 0.00000e+00
1.22400e+03 3.39858e-12 0.00000e+00
1.22500e+03 3.05936e-12 0.00000e+00
1.22600e+03 3.18788e-12 0.00000e+00
1.22700e+03 3.25266e-12 0.00000e+00
1.22800e+03 3.39991e-12 0.00000e+00
1.22900e+03 3.25760e-12 0.00000e+00
1.23000e+03 3.18002e-12 0.00000e+00
1.23100e+03 3.32212e-12 0.00000e+00
1.23200e+03 3.41003e-12 0.00000e+00
1.23300e+03 2.98668e-12 0.00000e+00
1.23400e+03 3.21069e-12 0.00000e+00
1.23500e+03 2.85928e-12 0.00000e+00
1.23600e+03 3.28175e-12 0.00000e+00
1.23700e+03 3.17652e-12 0.00000e+00
1.23800e+03 2.92368e-12 0.00000e+00
1.23900e+03 3.09692e-12 0.00000e+00
1.24000e+03 3.31316e-12 0.00000e+00
1.24100e+03 2.87836e-12 0.00000e+00
1.24200e+03 2.88708e-12 0.00000e+00
1.24300e+03 2.80595e-12 0.00000e+00
1.24400e+03 3.12013e-12 0.00000e+00
1.24500e+03 2.99425e-12 0.00000e+00
1.24600e+03 2.60675e-12 0.00000e+00
1.24700e+03 3.36450e-12 0.00000e+00
1.24800e+03 2.88741e-12 0.00000e+00
1.24900e+03 2.93247e-12 0.00000e+00
1.25000e+03 2.88220e-12 0.00000e+00
1.25100e+03 2.93317e-12 0.00000e+00
1.25200e+03 2.88682e-12 0.00000e+00
1.25300e+03 3.25634e-12 0.00000e+00
1.25400e+03 2.99189e-12 0.00000e+00
1.25500e+03 2.71789e-12 0.00000e+00
1.25600e+03 2.93450e-12 0.00000e+00
1.25700e+03 2.79190e-12 0.00000e+00
1.25800e+03 3.13366e-12 0.00000e+00
1.25900e+03 2.91747e-12 0.00000e+00
1.26000e+03 2.96627e-12 0.00000e+00
1.26100e+03 3.11443e-12 0.00000e+00
1.26200e+03 3.20830e-12 0.00000e+00
1.26300e+03 2.90716e-12 0.00000e+00
1.26400e+03 3.02997e-12 0.00000e+00
1.26500e+03 3.01743e-12 0.00000e+00
1.26600e+03 3.18383e-12 0.00000e+00
1.26700e+03 2.95083e-12 0.00000e+00
1.26800e+03 3.12576e-12 0.00000e+00
1.26900e+03 2.98740e-12 0.00000e+00
1.27000e+03 2.94646e-12 0.00000e+00
1.27100e+03 3.00563e-12 0.00000e+00
1.27200e+03 3.35038e-12 0.00000e+00
1.27300e+03 2.90446e-12 0.00000e+00
1.27400e+03 2.77878e-12 0.00000e+00
1.27500e+03 2.74855e-12 0.00000e+00
1.27600e+03 3.09598e-12 0.00000e+00
1.27700e+03 2.86675e-12 0.00000e+00
1.27800e+03 2.68555e-12 0.00000e+00
1.27900e+03 2.78316e-12 0.00000e+00
1.28000e+03 3.13414e-12 0.00000e+00
1.28100e+03 2.82584e-12 0.00000e+00
1.28200e+03 3.10538e-12 0.00000e+00
1.28300e+03 2.84002e-12 0.00000e+00
1.28400e+03 2.87547e-12 0.00000e+00
1.28500e+03 2.83532e-12 0.00000e+00
1.28600e+03 2.67452e-12 0.00000e+00
1.28700e+03 2.60609e-12 0.00000e+00
1.28800e+03 3.07575e-12 0.00000e+00
1.28900e+03 2.93570e-12 0.00000e+00
1.29000e+03 2.80312e-12 0.00000e+00
1.29100e+03 2.66340e-12 0.00000e+00
1.29200e+03 2.77577e-12 0.00000e+00
1.29300e+03 2.89221e-12 0.00000e+00
1.29400e+03 3.10041e-12 0.00000e+00
1.29500e+03 2.83106e-12 0.00000e+00
1.29600e+03 2.76301e-12 0.00000e+00
1.29700e+03 2.56610e-12 0.00000e+00
1.29800e+03 2.60387e-12 0.00000e+00
1.29900e+03 2.64829e-12 0.00000e+00
1.30000e+03 2.65359e-12 0.00000e+00
1.30100e+03 2.73211e-12 0.00000e+00
1.30200e+03 2.88278e-12 0.00000e+00
1.30300e+03 2.75580e-12 0.00000e+00
1.30400e+03 2.74139e-12 0.00000e+00
1.30500e+03 2.65586e-12 0.00000e+00
1.30600e+03 2.75290e-12 0.00000e+00
1.30700e+03 2.60940e-12 0.00000e+00
1.30800e+03 2.61547e-12 0.00000e+00
1.30900e+03 2.69760e-12 0.00000e+00
1.31000e+03 2.73137e-12 0.00000e+00
1.31100e+03 2.74523e-12 0.00000e+00
1.31200e+03 2.83595e-12 0.00000e+00
1.31300e+03 2.62971e-12 0.00000e+00
1.31400e+03 2.56429e-12 0.00000e+00
1.31500e+03 2.63454e-12 0.00000e+00
1.31600e+03 2.66196e-12 0.00000e+00
1.31700e+03 2.68862e-12 0.00000e+00
1.31800e+03 2.61874e-12 0.00000e+00
1.31900e+03 2.57811e-12 0.00000e+00
1.32000e+03 2.62304e-12 0.00000e+00
1.32100e+03 2.69924e-12 0.00000e+00
1.32200e+03 2.68614e-12 0.00000e+00
1.32300e+03 2.77856e-12 0.00000e+00
1.32400e+03 2.67430e-12 0.00000e+00
1.32500e+03 2.60928e-12 0.00000e+00
1.32600e+03 2.57472e-12 0.00000e+00
1.32700e+03 2.57268e-12 0.00000e+00
1.32800e+03 2.60082e-12 0.00000e+00
1.32900e+03 2.65966e-12 0.00000e+00
1.33000e+03 2.43490e-12 0.00000e+00
1.33100e+03 2.43374e-12 0.00000e+00
1.33200e+03 2.91462e-12 0.00000e+00
1.33300e+03 2.69684e-12 0.00000e+00
1.33400e+03 2.71127e-12 0.00000e+00
1.33500e+03 2.50294e-12 0.00000e+00
1.33600e+03 2.56397e-12 0.00000e+00
1.33700e+03 2.53347e-12 0.00000e+00
1.33800e+03 2.45793e-12 0.00000e+00
1.33900e+03 2.36264e-12 0.00000e+00
1.34000e+03 2.68186e-12 0.00000e+00
1.34100e+03 2.58320e-12 0.00000e+00
1.34200e+03 2.67167e-12 0.00000e+00
1.34300e+03 2.65179e-12 0.00000e+00
1.34400e+03 2.74084e-12 0.00000e+00
1.34500e+03 2.56447e-12 0.00000e+00
1.34600e+03 2.52830e-12 0.00000e+00
1.34700e+03 2.49299e-12 0.00000e+00
1.34800e+03 2.61088e-12 0.00000e+00
1.34900e+03 2.37008e-12 0.00000e+00
1.35000e+03 2.49655e-12 0.00000e+00
1.35100e+03 2.47949e-12 0.00000e+00
1.35200e+03 2.54274e-12 0.00000e+00
1.35300e+03 2.33117e-12 0.00000e+00
1.35400e+03 2.43447e-12 0.00000e+00
1.35500e+03 2.48203e-12 0.00000e+00
1.35600e+03 2.62955e-12 0.00000e+00
1.35700e+03 2.51600e-12 0.00000e+00
1.35800e+03 2.53480e-12 0.00000e+00
1.35900e+03 2.51253e-12 0.00000e+00
1.36000e+03 2.28637e-12 0.00000e+00
1.36100e+03 2.77972e-12 0.00000e+00
1.36200e+03 2.30313e-12 0.00000e+00
1.36300e+03 2.44027e-12 0.00000e+00
1.36400e+03 2.36911e-12 0.00000e+00
1.36500e+03 2.33577e-12 0.00000e+00
1.36600e+03 2.35370e-12 0.00000e+00
1.36700e+03 2.30110e-12 0.00000e+00
1.36800e+03 2.47616e-12 0.00000e+00
1.36900e+03 2.42263e-12 0.00000e+00
1.37000e+03 2.31116e-12 0.00000e+00
1.37100e+03 2.46827e-12 0.00000e+00
1.37200e+03 2.44459e-12 0.00000e+00
1.37300e+03 2.36560e-12 0.00000e+00
1.37400e+03 2.30289e-12 0.00000e+00
1.37500e+03 2.45581e-12 0.00000e+00
1.37600e+03 2.44603e-12 0.00000e+00
1.37700e+03 2.24428e-12 0.00000e+00
1.37800e+03 2.42046e-12 0.00000e+00
1.37900e+03 2.41599e-12 0.00000e+00
1.38000e+03 2.31249e-12 0.00000e+00
1.38100e+03 2.44075e-12 0.00000e+00
1.38200e+03 2.63566e-12 0.00000e+00
1.38300e+03 2.44390e-12 0.00000e+00
1.38400e+03 2.11308e-12 0.00000e+00
1.38500e+03 2.30427e-12 0.00000e+00
1.38600e+03 2.67859e-12 0.00000e+00
1.38700e+03 2.19832e-12 0.00000e+00
1.38800e+03 2.32554e-12 0.00000e+00
1.38900e+03 2.42560e-12 0.00000e+00
1.39000e+03 2.31984e-12 0.00000e+00
1.39100e+03 2.36287e-12 0.00000e+00
1.39200e+03 2.19449e-12 0.00000e+00
1.39300e+03 2.38439e-12 0.00000e+00
1.39400e+03 2.49230e-12 0.00000e+00
1.39500e+03 2.33321e-12 0.00000e+00
1.39600e+03 2.45305e-12 0.00000e+00
1.39700e+03 2.18919e-12 0.00000e+00
1.39800e+03 2.42468e-12 0.00000e+00
1.39900e+03 2.33146e-12 0.00000e+00
1.40000e+03 2.52811e-12 0.00000e+00
1.40100e+03 2.32382e-12 0.00000e+00
1.40200e+03 2.22866e-12 0.00000e+00
1.40300e+03 2.41914e-12 0.00000e+00
1.40400e+03 2.18026e-12 0.00000e+00
1.40500e+03 2.15463e-12 0.00000e+00
1.40600e+03 2.33488e-12 0.00000e+00
1.40700e+03 2.30551e-12 0.00000e+00
1.40800e+03 2.30209e-12 0.00000e+00
1.40900e+03 2.12601e-12 0.00000e+00
1.41000e+03 2.30046e-12 0.00000e+00
1.41100e+03 2.13159e-12 0.00000e+00
1.41200e+03 2.15682e-12 0.00000e+00
1.41300e+03 2.09250e-12 0.00000e+00
1.41400e+03 2.24527e-12 0.00000e+00
1.41500e+03 2.28525e-12 0.00000e+00
1.41600e+03 2.15098e-12 0.00000e+00
1.41700e+03 2.18678e-12 0.00000e+00
1.41800e+03 2.09942e-12 0.00000e+00
1.41900e+03 2.24364e-12 0.00000e+00
1.42000e+03 2.18756e-12 0.00000e+00
1.42100e+03 2.14953e-12 0.00000e+00
1.42200e+03 2.22397e-12 0.00000e+00
1.42300e+03 2.07733e-12 0.00000e+00
1.42400e+03 2.10476e-12 0.00000e+00
1.42500e+03 2.02759e-12 0.00000e+00
1.42600e+03 2.27529e-12 0.00000e+00
1.42700e+03 2.10994e-12 0.00000e+00
1.42800e+03 2.12402e-12 0.00000e+00
1.42900e+03 2.06455e-12 0.00000e+00
1.43000e+03 2.15970e-12 0.00000e+00
1.43100e+03 1.96933e-12 0.00000e+00
1.43200e+03 2.13369e-12 0.00000e+00
1.43300e+03 2.29100e-12 0.00000e+00
1.43400e+03 2.30939e-12 0.00000e+00
1.43500e+03 2.08106e-12 0.00000e+00
1.43600e+03 2.27729e-12 0.00000e+00
1.43700e+03 1.99490e-12 0.00000e+00
1.43800e+03 2.19901e-12 0.00000e+00
1.43900e+03 2.08574e-12 0.00000e+00
1.44000e+03 2.07647e-12 0.00000e+00
1.44100e+03 2.18489e-12 0.00000e+00
1.44200e+03 2.00608e-12 0.00000e+00
1.44300e+03 1.96981e-12 0.00000e+00
1.44400e+03 2.29106e-12 0.00000e+00
1.44500e+03 2.10016e-12 0.00000e+00
1.44600e+03 2.04514e-12 0.00000e+00
1.44700e+03 2.12967e-12 0.00000e+00
1.44800e+03 2.07657e-12 0.00000e+00
1.44900e+03 1.89214e-12 0.00000e+00
1.45000e+03 2.21489e-12 0.00000e+00
1.45100e+03 2.05223e-12 0.00000e+00
1.45200e+03 2.15784e-12 0.00000e+00
1.45300e+03 2.01362e-12 0.00000e+00
1.45400e+03 2.16143e-12 0.00000e+00
1.45500e+03 2.09256e-12 0.00000e+00
1.45600e+03 2.09314e-12 0.00000e+00
1.45700e+03 1.93902e-12 0.00000e+00
1.45800e+03 2.12882e-12 0.00000e+00
1.45900e+03 2.20150e-12 0.00000e+00
1.46000e+03 2.00572e-12 0.00000e+00
1.46100e+03 1.97464e-12 0.00000e+00
1.46200e+03 1.95717e-12 0.00000e+00
1.46300e+03 1.94731e-12 0.00000e+00
1.46400e+03 1.92749e-12 0.00000e+00
1.46500e+03 2.07587e-12 0.00000e+00
1.46600e+03 2.05912e-12 0.00000e+00
1.46700e+03 1.93331e-12 0.00000e+00
1.46800e+03 2.11843e-12 0.00000e+00
1.46900e+03 1.90711e-12 0.00000e+00
1.47000e+03 1.79842e-12 0.00000e+00
1.47100e+03 1.81032e-12 0.00000e+00
1.47200e+03 2.11139e-12 0.00000e+00
1.47300e+03 1.82913e-12 0.00000e+00
1.47400e+03 2.02630e-12 0.00000e+00
1.47500e+03 1.89074e-12 0.00000e+00
1.47600e+03 2.12867e-12 0.00000e+00
1.47700e+03 1.88575e-12 0.00000e+00
1.47800e+03 2.10959e-12 0.00000e+00
1.47900e+03 2.04219e-12 0.00000e+00
1.48000e+03 1.93063e-12 0.00000e+00
1.48100e+03 2.03562e-12 0.00000e+00
1.48200e+03 2.00032e-12 0.00000e+00
1.48300e+03 2.03939e-12 0.00000e+00
1.48400e+03 1.87463e-12 0.00000e+00
1.48500e+03 1.81869e-12 0.00000e+00
1.48600e+03 1.81604e-12 0.00000e+00
1.48700e+03 1.85422e-12 0.00000e+00
1.48800e+03 1.91563e-12 0.00000e+00
1.48900e+03 1.92034e-12 0.00000e+00
1.49000e+03 1.86031e-12 0.00000e+00
1.49100e+03 1.77488e-12 0.00000e+00
1.49200e+03 1.78361e-12 0.00000e+00
1.49300e+03 1.90461e-12 0.00000e+00
1.49400e+03 1.87839e-12 0.00000e+00
1.49500e+03 1.90669e-12 0.00000e+00
1.49600e+03 1.73578e-12 0.00000e+00
1.49700e+03 1.73789e-12 0.00000e+00
1.49800e+03 1.89435e-12 0.00000e+00
1.49900e+03 1.75462e-12 0.00000e+00
1.50000e+03 1.87217e-12 0.00000e+00
1.50100e+03 1.89265e-12 0.00000e+00
1.50200e+03 1.86670e-12 0.00000e+00
1.50300e+03 1.91179e-12 0.00000e+00
1.50400e+03 1.83631e-12 0.00000e+00
1.50500e+03 1.74155e-12 0.00000e+00
1.50600e+03 1.76486e-12 0.00000e+00
1.50700e+03 1.87762e-12 0.00000e+00
1.50800e+03 1.83600e-12 0.00000e+00
1.50900e+03 1.76435e-12 0.00000e+00
1.51000e+03 1.70719e-12 0.00000e+00
1.51100e+03 1.81744e-12 0.00000e+00
1.51200e+03 1.89463e-12 0.00000e+00
1.51300e+03 1.80265e-12 0.00000e+00
1.51400e+03 1.90607e-12 0.00000e+00
1.51500e+03 1.84982e-12 0.00000e+00
1.51600e+03 1.74739e-12 0.00000e+00
1.51700e+03 1.84815e-12 0.00000e+00
1.51800e+03 1.94391e-12 0.00000e+00
1.51900e+03 1.71821e-12 0.00000e+00
1.52000e+03 1.88492e-12 0.00000e+00
1.52100e+03 1.71596e-12 0.00000e+00
1.52200e+03 1.76807e-12 0.00000e+00
1.52300e+03 1.88078e-12 0.00000e+00
1.52400e+03 1.79545e-12 0.00000e+00
1.52500e+03 1.71853e-12 0.00000e+00
1.52600e+03 1.69855e-12 0.00000e+00
1.52700e+03 1.78199e-12 0.00000e+00
1.52800e+03 1.72986e-12 0.00000e+00
1.52900e+03 1.79838e-12 0.00000e+00
1.53000e+03 1.88426e-12 0.00000e+00
1.53100e+03 1.67565e-12 0.00000e+00
1.53200e+03 1.65354e-12 0.00000e+00
1.53300e+03 1.87787e-12 0.00000e+00
1.53400e+03 1.59205e-12 0.00000e+00
1.53500e+03 1.78719e-12 0.00000e+00
1.53600e+03 1.62230e-12 0.00000e+00
1.53700e+03 1.75620e-12 0.00000e+00
1.53800e+03 1.65615e-12 0.00000e+00
1.53900e+03 1.80561e-12 0.00000e+00
1.54000e+03 1.77795e-12 0.00000e+00
1.54100e+03 1.62351e-12 0.00000e+00
1.54200e+03 1.88019e-12 0.00000e+00
1.54300e+03 1.63074e-12 0.00000e+00
1.54400e+03 1.81507e-12 0.00000e+00
1.54500e+03 1.71972e-12 0.00000e+00
1.54600e+03 1.59555e-12 0.00000e+00
1.54700e+03 1.66086e-12 0.00000e+00
1.54800e+03 1.70591e-12 0.00000e+00
1.54900e+03 1.61923e-12 0.00000e+00
1.55000e+03 1.76418e-12 0.00000e+00
1.55100e+03 1.78014e-12 0.00000e+00
1.55200e+03 1.75816e-12 0.00000e+00
1.55300e+03 1.59921e-12 0.00000e+00
1.55400e+03 1.68077e-12 0.00000e+00
1.55500e+03 1.66282e-12 0.00000e+00
1.55600e+03 1.58402e-12 0.00000e+00
1.55700e+03 1.39763e-12 0.00000e+00
1.55800e+03 1.57397e-12 0.00000e+00
1.55900e+03 1.75305e-12 0.00000e+00
1.56000e+03 1.74347e-12 0.00000e+00
1.56100e+03 1.65019e-12 0.00000e+00
1.56200e+03 1.60095e-12 0.00000e+00
1.56300e+03 1.68725e-12 0.00000e+00
1.56400e+03 1.47901e-12 0.00000e+00
1.56500e+03 1.68491e-12 0.00000e+00
1.56600e+03 1.59353e-12 0.00000e+00
1.56700e+03 1.52830e-12 0.00000e+00
1.56800e+03 1.59956e-12 0.00000e+00
1.56900e+03 1.53450e-12 0.00000e+00
1.57000e+03 1.68769e-12 0.00000e+00
1.57100e+03 1.61353e-12 0.00000e+00
1.57200e+03 1.50655e-12 0.00000e+00
1.57300e+03 1.53070e-12 0.00000e+00
1.57400e+03 1.61512e-12 0.00000e+00
1.57500e+03 1.55102e-12 0.00000e+00
1.57600e+03 1.54173e-12 0.00000e+00
1.57700e+03 1.44234e-12 0.00000e+00
1.57800e+03 1.55103e-12 0.00000e+00
1.57900e+03 1.50216e-12 0.00000e+00
1.58000e+03 1.62772e-12 0.00000e+00
1.58100e+03 1.60257e-12 0.00000e+00
1.58200e+03 1.63122e-12 0.00000e+00
1.58300e+03 1.62393e-12 0.00000e+00
1.58400e+03 1.52375e-12 0.00000e+00
1.58500e+03 1.61923e-12 0.00000e+00
1.58600e+03 1.67950e-12 0.00000e+00
1.58700e+03 1.60335e-12 0.00000e+00
1.58800e+03 1.59003e-12 0.00000e+00
1.58900e+03 1.58051e-12 0.00000e+00
1.59000e+03 1.50203e-12 0.00000e+00
1.59100e+03 1.44230e-12 0.00000e+00
1.59200e+03 1.64649e-12 0.00000e+00
1.59300e+03 1.50801e-12 0.00000e+00
1.59400e+03 1.46511e-12 0.00000e+00
1.59500e+03 1.41639e-12 0.00000e+00
1.59600e+03 1.67323e-12 0.00000e+00
1.59700e+03 1.48984e-12 0.00000e+00
1.59800e+03 1.44618e-12 0.00000e+00
1.59900e+03 1.57642e-12 0.00000e+00
1.60000e+03 1.55511e-12 0.00000e+00
1.60100e+03 1.50996e-12 0.00000e+00
1.60200e+03 1.48337e-12 0.00000e+00
1.60300e+03 1.56066e-12 0.00000e+00
1.60400e+03 1.49079e-12 0.00000e+00
1.60500e+03 1.58228e-12 0.00000e+00
1.60600e+03 1.59244e-12 0.00000e+00
1.60700e+03 1.56062e-12 0.00000e+00
1.60800e+03 1.44279e-12 0.00000e+00
1.60900e+03 1.49177e-12 0.00000e+00
1.61000e+03 1.52375e-12 0.00000e+00
1.61100e+03 1.39887e-12 0.00000e+00
1.61200e+03 1.38398e-12 0.00000e+00
1.61300e+03 1.45749e-12 0.00000e+00
1.61400e+03 1.36245e-12 0.00000e+00
1.61500e+03 1.47919e-12 0.00000e+00
1.61600e+03 1.42737e-12 0.00000e+00
1.61700e+03 1.47365e-12 0.00000e+00
1.61800e+03 1.55264e-12 0.00000e+00
1.61900e+03 1.34190e-12 0.00000e+00
1.62000e+03 1.41954e-12 0.00000e+00
1.62100e+03 1.42550e-12 0.00000e+00
1.62200e+03 1.49068e-12 0.00000e+00
1.62300e+03 1.37917e-12 0.00000e+00
1.62400e+03 1.32569e-12 0.00000e+00
1.62500e+03 1.48445e-12 0.00000e+00
1.62600e+03 1.45644e-12 0.00000e+00
1.62700e+03 1.45781e-12 0.00000e+00
1.62800e+03 1.56568e-12 0.00000e+00
1.62900e+03 1.29548e-12 0.00000e+00
1.63000e+03 1.44948e-12 0.00000e+00
1.63100e+03 1.47909e-12 0.00000e+00
1.63200e+03 1.43372e-12 0.00000e+00
1.63300e+03 1.41941e-12 0.00000e+00
1.63400e+03 1.35972e-12 0.00000e+00
1.63500e+03 1.43131e-12 0.00000e+00
1.63600e+03 1.25784e-12 0.00000e+00
1.63700e+03 1.59660e-12 0.00000e+00
1.63800e+03 1.41246e-12 0.00000e+00
1.63900e+03 1.36808e-12 0.00000e+00
1.64000e+03 1.41157e-12 0.00000e+00
1.64100e+03 1.33204e-12 0.00000e+00
1.64200e+03 1.56238e-12 0.00000e+00
1.64300e+03 1.39063e-12 0.00000e+00
1.64400e+03 1.44758e-12 0.00000e+00
1.64500e+03 1.38364e-12 0.00000e+00
1.64600e+03 1.33503e-12 0.00000e+00
1.64700e+03 1.33355e-12 0.00000e+00
1.64800e+03 1.44313e-12 0.00000e+00
1.64900e+03 1.28434e-12 0.00000e+00
1.65000e+03 1.42074e-12 0.00000e+00
1.65100e+03 1.32753e-12 0.00000e+00
1.65200e+03 1.30561e-12 0.00000e+00
1.65300e+03 1.40035e-12 0.00000e+00
1.65400e+03 1.35883e-12 0.00000e+00
1.65500e+03 1.30605e-12 0.00000e+00
1.65600e+03 1.36632e-12 0.00000e+00
1.65700e+03 1.45239e-12 0.00000e+00
1.65800e+03 1.35392e-12 0.00000e+00
1.65900e+03 1.25838e-12 0.00000e+00
1.66000e+03 1.35541e-12 0.00000e+00
1.66100e+03 1.24034e-12 0.00000e+00
1.66200e+03 1.23090e-12 0.00000e+00
1.66300e+03 1.29086e-12 0.00000e+00
1.66400e+03 1.22930e-12 0.00000e+00
1.66500e+03 1.30017e-12 0.00000e+00
1.66600e+03 1.33471e-12 0.00000e+00
1.66700e+03 1.16321e-12 0.00000e+00
1.66800e+03 1.33871e-12 0.00000e+00
1.66900e+03 1.16731e-12 0.00000e+00
1.67000e+03 1.34971e-12 0.00000e+00
1.67100e+03 1.26274e-12 0.00000e+00
1.67200e+03 1.15525e-12 0.00000e+00
1.67300e+03 1.30319e-12 0.00000e+00
1.67400e+03 1.29970e-12 0.00000e+00
1.67500e+03 1.38988e-12 0.00000e+00
1.67600e+03 1.20505e-12 0.00000e+00
1.67700e+03 1.29664e-12 0.00000e+00
1.67800e+03 1.44595e-12 0.00000e+00
1.67900e+03 1.26329e-12 0.00000e+00
1.68000e+03 1.19193e-12 0.00000e+00
1.68100e+03 1.16254e-12 0.00000e+00
1.68200e+03 1.30427e-12 0.00000e+00
1.68300e+03 1.27517e-12 0.00000e+00
1.68400e+03 1.22593e-12 0.00000e+00
1.68500e+03 1.17092e-12 0.00000e+00
1.68600e+03 1.25071e-12 0.00000e+00
1.68700e+03 1.33519e-12 0.00000e+00
1.68800e+03 1.24257e-12 0.00000e+00
1.68900e+03 1.24343e-12 0.00000e+00
1.69000e+03 1.12828e-12 0.00000e+00
1.69100e+03 1.24542e-12 0.00000e+00
1.69200e+03 1.30127e-12 0.00000e+00
1.69300e+03 1.13672e-12 0.00000e+00
1.69400e+03 1.13589e-12 0.00000e+00
1.69500e+03 1.30973e-12 0.00000e+00
1.69600e+03 1.18678e-12 0.00000e+00
1.69700e+03 1.16198e-12 0.00000e+00
1.69800e+03 1.19385e-12 0.00000e+00
1.69900e+03 1.16708e-12 0.00000e+00
1.70000e+03 1.12686e-12 0.00000e+00
1.70100e+03 1.21655e-12 0.00000e+00
1.70200e+03 1.20083e-12 0.00000e+00
1.70300e+03 1.24312e-12 0.00000e+00
1.70400e+03 1.29715e-12 0.00000e+00
1.70500e+03 1.16975e-12 0.00000e+00
1.70600e+03 1.18656e-12 0.00000e+00
1.70700e+03 1.27960e-12 0.00000e+00
1.70800e+03 1.11783e-12 0.00000e+00
1.70900e+03 1.11079e-12 0.00000e+00
1.71000e+03 1.13622e-12 0.00000e+00
1.71100e+03 1.13310e-12 0.00000e+00
1.71200e+03 1.16285e-12 0.00000e+00
1.71300e+03 1.26035e-12 0.00000e+00
1.71400e+03 1.00658e-12 0.00000e+00
1.71500e+03 1.15715e-12 0.00000e+00
1.71600e+03 1.20353e-12 0.00000e+00
1.71700e+03 1.12409e-12 0.00000e+00
1.71800e+03 1.19050e-12 0.00000e+00
1.71900e+03 1.15207e-12 0.00000e+00
1.72000e+03 1.17715e-12 0.00000e+00
1.72100e+03 1.09013e-12 0.00000e+00
1.72200e+03 1.20435e-12 0.00000e+00
1.72300e+03 1.16136e-12 0.00000e+00
1.72400e+03 1.18706e-12 0.00000e+00
1.72500e+03 1.14835e-12 0.00000e+00
1.72600e+03 1.12650e-12 0.00000e+00
1.72700e+03 1.20067e-12 0.00000e+00
1.72800e+03 1.08857e-12 0.00000e+00
1.72900e+03 1.17214e-12 0.00000e+00
1.73000e+03 1.15556e-12 0.00000e+00
1.73100e+03 1.05233e-12 0.00000e+00
1.73200e+03 1.13574e-12 0.00000e+00
1.73300e+03 1.07623e-12 0.00000e+00
1.73400e+03 1.09314e-12 0.00000e+00
1.73500e+03 1.14099e-12 0.00000e+00
1.73600e+03 1.08129e-12 0.00000e+00
1.73700e+03 1.21370e-12 0.00000e+00
1.73800e+03 1.08190e-12 0.00000e+00
1.73900e+03 1.06909e-12 0.00000e+00
1.74000e+03 1.08263e-12 0.00000e+00
1.74100e+03 1.06801e-12 0.00000e+00
1.74200e+03 1.02277e-12 0.00000e+00
1.74300e+03 1.09675e-12 0.00000e+00
1.74400e+03 1.17771e-12 0.00000e+00
1.74500e+03 1.14158e-12 0.00000e+00
1.74600e+03 1.11854e-12 0.00000e+00
1.74700e+03 9.90184e-13 0.00000e+00
1.74800e+03 1.09375e-12 0.00000e+00
1.74900e+03 1.02842e-12 0.00000e+00
1.75000e+03 1.00292e-12 0.00000e+00
1.75100e+03 1.03044e-12 0.00000e+00
1.75200e+03 1.17284e-12 0.00000e+00
1.75300e+03 1.16528e-12 0.00000e+00
1.75400e+03 1.07947e-12 0.00000e+00
1.75500e+03 1.07959e-12 0.00000e+00
1.75600e+03 1.10263e-12 0.00000e+00
1.75700e+03 1.07073e-12 0.00000e+00
1.75800e+03 1.14564e-12 0.00000e+00
1.75900e+03 1.09463e-12 0.00000e+00
1.76000e+03 1.04472e-12 0.00000e+00
1.76100e+03 1.18522e-12 0.00000e+00
1.76200e+03 1.04338e-12 0.00000e+00
1.76300e+03 9.93425e-13 0.00000e+00
1.76400e+03 1.05454e-12 0.00000e+00
1.76500e+03 1.17343e-12 0.00000e+00
1.76600e+03 1.05573e-12 0.00000e+00
1.76700e+03 1.04837e-12 0.00000e+00
1.76800e+03 1.04790e-12 0.00000e+00
1.76900e+03 9.84885e-13 0.00000e+00
1.77000e+03 9.01895e-13 0.00000e+00
1.77100e+03 9.77280e-13 0.00000e+00
1.77200e+03 9.56567e-13 0.00000e+00
1.77300e+03 1.17002e-12 0.00000e+00
1.77400e+03 9.67252e-13 0.00000e+00
1.77500e+03 1.00258e-12 0.00000e+00
1.77600e+03 1.04768e-12 0.00000e+00
1.77700e+03 1.11407e-12 0.00000e+00
1.77800e+03 1.00714e-12 0.00000e+00
1.77900e+03 1.04222e-12 0.00000e+00
1.78000e+03 9.78616e-13 0.00000e+00
1.78100e+03 9.85166e-13 0.00000e+00
1.78200e+03 9.61139e-13 0.00000e+00
1.78300e+03 1.01428e-12 0.00000e+00
1.78400e+03 9.91695e-13 0.00000e+00
1.78500e+03 1.06258e-12 0.00000e+00
1.78600e+03 1.08220e-12 0.00000e+00
1.78700e+03 9.05770e-13 0.00000e+00
1.78800e+03 9.61911e-13 0.00000e+00
1.78900e+03 9.81209e-13 0.00000e+00
1.79000e+03 8.96110e-13 0.00000e+00
1.79100e+03 9.40286e-13 0.00000e+00
1.79200e+03 9.64901e-13 0.00000e+00
1.79300e+03 9.08746e-13 0.00000e+00
1.79400e+03 9.35234e-13 0.00000e+00
1.79500e+03 9.30407e-13 0.00000e+00
1.79600e+03 8.78567e-13 0.00000e+00
1.79700e+03 9.34341e-13 0.00000e+00
1.79800e+03 9.99350e-13 0.00000e+00
1.79900e+03 9.34331e-13 0.00000e+00
1.80000e+03 9.20945e-13 0.00000e+00
1.80100e+03 9.61121e-13 0.00000e+00
1.80200e+03 9.21637e-13 0.00000e+00
1.80300e+03 9.76449e-13 0.00000e+00
1.80400e+03 9.55015e-13 0.00000e+00
1.80500e+03 9.46670e-13 0.00000e+00
1.80600e+03 8.94827e-13 0.00000e+00
1.80700e+03 9.30698e-13 0.00000e+00
1.80800e+03 8.96200e-13 0.00000e+00
1.80900e+03 8.58264e-13 0.00000e+00
1.81000e+03 9.14073e-13 0.00000e+00
1.81100e+03 8.76433e-13 0.00000e+00
1.81200e+03 9.87367e-13 0.00000e+00
1.81300e+03 8.37107e-13 0.00000e+00
1.81400e+03 1.00973e-12 0.00000e+00
1.81500e+03 8.93767e-13 0.00000e+00
1.81600e+03 8.60913e-13 0.00000e+00
1.81700e+03 9.64199e-13 0.00000e+00
1.81800e+03 9.27042e-13 0.00000e+00
1.81900e+03 9.25719e-13 0.00000e+00
1.82000e+03 9.89465e-13 0.00000e+00
1.82100e+03 8.80006e-13 0.00000e+00
1.82200e+03 9.50683e-13 0.00000e+00
1.82300e+03 8.47267e-13 0.00000e+00
1.82400e+03 8.82746e-13 0.00000e+00
1.82500e+03 9.32933e-13 0.00000e+00
1.82600e+03 8.69855e-13 0.00000e+00
1.82700e+03 8.24374e-13 0.00000e+00
1.82800e+03 9.03882e-13 0.00000e+00
1.82900e+03 8.99031e-13 0.00000e+00
1.83000e+03 8.31336e-13 0.00000e+00
1.83100e+03 8.17342e-13 0.00000e+00
1.83200e+03 8.30880e-13 0.00000e+00
1.83300e+03 8.61088e-13 0.00000e+00
1.83400e+03 9.16459e-13 0.00000e+00
1.83500e+03 9.25814e-13 0.00000e+00
1.83600e+03 8.94502e-13 0.00000e+00
1.83700e+03 9.21475e-13 0.00000e+00
1.83800e+03 8.84892e-13 0.00000e+00
1.83900e+03 8.68374e-13 0.00000e+00
1.84000e+03 9.19328e-13 0.00000e+00
1.84100e+03 9.01073e-13 0.00000e+00
1.84200e+03 8.07009e-13 0.00000e+00
1.84300e+03 8.38053e-13 0.00000e+00
1.84400e+03 8.55911e-13 0.00000e+00
1.84500e+03 7.82443e-13 0.00000e+00
1.84600e+03 7.75372e-13 0.00000e+00
1.84700e+03 8.27985e-13 0.00000e+00
1.84800e+03 8.29592e-13 0.00000e+00
1.84900e+03 8.98326e-13 0.00000e+00
1.85000e+03 8.79179e-13 0.00000e+00
1.85100e+03 7.96652e-13 0.00000e+00
1.85200e+03 8.04493e-13 0.00000e+00
1.85300e+03 8.42264e-13 0.00000e+00
1.85400e+03 8.10922e-13 0.00000e+00
1.85500e+03 8.83914e-13 0.00000e+00
1.85600e+03 8.09234e-13 0.00000e+00
1.85700e+03 7.66952e-13 0.00000e+00
1.85800e+03 7.63802e-13 0.00000e+00
1.85900e+03 8.74746e-13 0.00000e+00
1.86000e+03 8.15672e-13 0.00000e+00
1.86100e+03 8.15495e-13 0.00000e+00
1.86200e+03 8.54505e-13 0.00000e+00
1.86300e+03 8.15174e-13 0.00000e+00
1.86400e+03 9.29073e-13 0.00000e+00
1.86500e+03 8.44023e-13 0.00000e+00
1.86600e+03 8.06051e-13 0.00000e+00
1.86700e+03 8.26000e-13 0.00000e+00
1.86800e+03 7.80732e-13 0.00000e+00
1.86900e+03 7.62070e-13 0.00000e+00
1.87000e+03 7.61337e-13 0.00000e+00
1.87100e+03 7.95229e-13 0.00000e+00
1.87200e+03 7.30831e-13 0.00000e+00
1.87300e+03 8.53943e-13 0.00000e+00
1.87400e+03 8.20291e-13 0.00000e+00
1.87500e+03 7.64528e-13 0.00000e+00
1.87600e+03 7.47953e-13 0.00000e+00
1.87700e+03 8.16561e-13 0.00000e+00
1.87800e+03 8.18689e-13 0.00000e+00
1.87900e+03 7.06300e-13 0.00000e+00
1.88000e+03 7.93427e-13 0.00000e+00
1.88100e+03 7.90527e-13 0.00000e+00
1.88200e+03 7.72517e-13 0.00000e+00
1.88300e+03 8.83973e-13 0.00000e+00
1.88400e+03 7.88071e-13 0.00000e+00
1.88500e+03 7.63368e-13 0.00000e+00
1.88600e+03 7.28031e-13 0.00000e+00
1.88700e+03 8.22980e-13 0.00000e+00
1.88800e+03 7.29387e-13 0.00000e+00
1.88900e+03 8.35639e-13 0.00000e+00
1.89000e+03 7.75129e-13 0.00000e+00
1.89100e+03 7.89264e-13 0.00000e+00
1.89200e+03 6.98151e-13 0.00000e+00
1.89300e+03 7.21662e-13 0.00000e+00
1.89400e+03 7.43604e-13 0.00000e+00
1.89500e+03 7.20748e-13 0.00000e+00
1.89600e+03 7.05923e-13 0.00000e+00
1.89700e+03 7.28268e-13 0.00000e+00
1.89800e+03 7.59789e-13 0.00000e+00
1.89900e+03 6.92999e-13 0.00000e+00
1.90000e+03 6.52722e-13 0.00000e+00
1.90100e+03 6.56821e-13 0.00000e+00
1.90200e+03 8.01285e-13 0.00000e+00
1.90300e+03 7.65131e-13 0.00000e+00
1.90400e+03 7.56833e-13 0.00000e+00
1.90500e+03 7.13703e-13 0.00000e+00
1.90600e+03 7.16823e-13 0.00000e+00
1.90700e+03 6.89078e-13 0.00000e+00
1.90800e+03 7.94231e-13 0.00000e+00
1.90900e+03 7.36731e-13 0.00000e+00
1.91000e+03 7.18259e-13 0.00000e+00
1.91100e+03 6.59520e-13 0.00000e+00
1.91200e+03 7.48367e-13 0.00000e+00
1.91300e+03 7.07148e-13 0.00000e+00
1.91400e+03 7.07591e-13 0.00000e+00
1.91500e+03 6.76280e-13 0.00000e+00
1.91600e+03 7.34882e-13 0.00000e+00
1.91700e+03 7.13287e-13 0.00000e+00
1.91800e+03 6.64738e-13 0.00000e+00
1.91900e+03 6.77044e-13 0.00000e+00
1.92000e+03 7.25099e-13 0.00000e+00
1.92100e+03 6.78226e-13 0.00000e+00
1.92200e+03 7.26192e-13 0.00000e+00
1.92300e+03 6.85737e-13 0.00000e+00
1.92400e+03 6.82228e-13 0.00000e+00
1.92500e+03 6.79507e-13 0.00000e+00
1.92600e+03 6.77964e-13 0.00000e+00
1.92700e+03 7.44149e-13 0.00000e+00
1.92800e+03 6.99055e-13 0.00000e+00
1.92900e+03 7.09421e-13 0.00000e+00
1.93000e+03 6.68265e-13 0.00000e+00
1.93100e+03 6.71816e-13 0.00000e+00
1.93200e+03 6.40773e-13 0.00000e+00
1.93300e+03 6.73200e-13 0.00000e+00
1.93400e+03 6.58322e-13 0.00000e+00
1.93500e+03 6.26653e-13 0.00000e+00
1.93600e+03 7.30072e-13 0.00000e+00
1.93700e+03 7.06264e-13 0.00000e+00
1.93800e+03 6.69164e-13 0.00000e+00
1.93900e+03 6.93462e-13 0.00000e+00
1.94000e+03 6.16840e-13 0.00000e+00
1.94100e+03 7.01851e-13 0.00000e+00
1.94200e+03 6.54704e-13 0.00000e+00
1.94300e+03 6.32177e-13 0.00000e+00
1.94400e+03 6.69413e-13 0.00000e+00
1.94500e+03 6.68087e-13 0.00000e+00
1.94600e+03 6.15968e-13 0.00000e+00
1.94700e+03 5.96750e-13 0.00000e+00
1.94800e+03 6.45402e-13 0.00000e+00
1.94900e+03 7.04814e-13 0.00000e+00
1.95000e+03 6.11912e-13 0.00000e+00
1.95100e+03 6.92919e-13 0.00000e+00
1.95200e+03 7.10681e-13 0.00000e+00
1.95300e+03 6.56106e-13 0.00000e+00
1.95400e+03 6.11867e-13 0.00000e+00
1.95500e+03 6.60517e-13 0.00000e+00
1.95600e+03 6.14426e-13 0.00000e+00
1.95700e+03 6.27228e-13 0.00000e+00
1.95800e+03 6.22083e-13 0.00000e+00
1.95900e+03 6.02936e-13 0.00000e+00
1.96000e+03 6.53826e-13 0.00000e+00
1.96100e+03 6.22147e-13 0.00000e+00
1.96200e+03 5.55389e-13 0.00000e+00
1.96300e+03 6.65400e-13 0.00000e+00
1.96400e+03 6.03812e-13 0.00000e+00
1.96500e+03 6.79194e-13 0.00000e+00
1.96600e+03 6.39120e-13 0.00000e+00
1.96700e+03 6.14420e-13 0.00000e+00
1.96800e+03 6.09172e-13 0.00000e+00
1.96900e+03 5.80924e-13 0.00000e+00
1.97000e+03 6.18591e-13 0.00000e+00
1.97100e+03 6.03378e-13 0.00000e+00
1.97200e+03 6.00869e-13 0.00000e+00
1.97300e+03 5.89107e-13 0.00000e+00
1.97400e+03 5.71500e-13 0.00000e+00
1.97500e+03 5.84941e-13 0.00000e+00
1.97600e+03 5.86576e-13 0.00000e+00
1.97700e+03 6.21306e-13 0.00000e+00
1.97800e+03 6.01585e-13 0.00000e+00
1.97900e+03 6.21293e-13 0.00000e+00
1.98000e+03 5.88096e-13 0.00000e+00
1.98100e+03 5.72099e-13 0.00000e+00
1.98200e+03 6.13485e-13 0.00000e+00
1.98300e+03 5.74271e-13 0.00000e+00
1.98400e+03 5.61074e-13 0.00000e+00
1.98500e+03 5.82993e-13 0.00000e+00
1.98600e+03 5.85842e-13 0.00000e+00
1.98700e+03 5.91580e-13 0.00000e+00
1.98800e+03 6.11867e-13 0.00000e+00
1.98900e+03 5.59526e-13 0.00000e+00
1.99000e+03 5.58446e-13 0.00000e+00
1.99100e+03 5.93260e-13 0.00000e+00
1.99200e+03 5.79412e-13 0.00000e+00
1.99300e+03 5.65937e-13 0.00000e+00
1.99400e+03 5.72176e-13 0.00000e+00
1.99500e+03 5.51858e-13 0.00000e+00
1.99600e+03 5.63613e-13 0.00000e+00
1.99700e+03 5.47948e-13 0.00000e+00
1.99800e+03 5.56006e-13 0.00000e+00
1.99900e+03 5.62867e-13 0.00000e+00
2.00000e+03 5.53952e-13 0.00000e+00
