0.00000e+00 0.00000e+00 0.00000e+00
1.00000e+00 0.00000e+00 0.00000e+00
2.00000e+00 0.00000e+00 0.00000e+00
3.00000e+00 0.00000e+00 0.00000e+00
4.00000e+00 0.00000e+00 0.00000e+00
5.00000e+00 0.00000e+00 0.00000e+00
6.00000e+00 0.00000e+00 0.00000e+00
7.00000e+00 0.00000e+00 0.00000e+00
8.00000e+00 0.00000e+00 0.00000e+00
9.00000e+00 0.00000e+00 0.00000e+00
1.00000e+01 0.00000e+00 0.00000e+00
1.10000e+01 0.00000e+00 0.00000e+00
1.20000e+01 0.00000e+00 0.00000e+00
1.30000e+01 0.00000e+00 0.00000e+00
1.40000e+01 0.00000e+00 0.00000e+00
1.50000e+01 0.00000e+00 0.00000e+00
1.60000e+01 0.00000e+00 0.00000e+00
1.70000e+01 0.00000e+00 0.00000e+00
1.80000e+01 0.00000e+00 0.00000e+00
1.90000e+01 0.00000e+00 0.00000e+00
2.00000e+01 0.00000e+00 0.00000e+00
2.10000e+01 0.00000e+00 0.00000e+00
2.20000e+01 0.00000e+00 0.00000e+00
2.30000e+01 0.00000e+00 0.00000e+00
2.40000e+01 0.00000e+00 0.00000e+00
2.50000e+01 0.00000e+00 0.00000e+00
2.60000e+01 0.00000e+00 0.00000e+00
2.70000e+01 0.00000e+00 0.00000e+00
2.80000e+01 0.00000e+00 0.00000e+00
2.90000e+01 0.00000e+00 0.00000e+00
3.00000e+01 0.00000e+00 0.00000e+00
3.10000e+01 0.00000e+00 0.00000e+00
3.20000e+01 0.00000e+00 0.00000e+00
3.30000e+01 0.00000e+00 0.00000e+00
3.40000e+01 0.00000e+00 0.00000e+00
3.50000e+01 0.00000e+00 0.00000e+00
3.60000e+01 0.00000e+00 0.00000e+00
3.70000e+01 0.00000e+00 0.00000e+00
3.80000e+01 0.00000e+00 0.00000e+00
3.90000e+01 0.00000e+00 0.00000e+00
4.00000e+01 0.00000e+00 0.00000e+00
4.10000e+01 0.00000e+00 0.00000e+00
4.20000e+01 0.00000e+00 0.00000e+00
4.30000e+01 0.00000e+00 0.00000e+00
4.40000e+01 0.00000e+00 0.00000e+00
4.50000e+01 0.00000e+00 0.00000e+00
4.60000e+01 0.00000e+00 0.00000e+00
4.70000e+01 0.00000e+00 0.00000e+00
4.80000e+01 0.00000e+00 0.00000e+00
4.90000e+01 0.00000e+00 0.00000e+00
5.00000e+01 0.00000e+00 0.00000e+00
5.10000e+01 0.00000e+00 0.00000e+00
5.20000e+01 0.00000e+00 0.00000e+00
5.30000e+01 0.00000e+00 0.00000e+00
5.40000e+01 0.00000e+00 0.00000e+00
5.50000e+01 0.00000e+00 0.00000e+00
5.60000e+01 0.00000e+00 0.00000e+00
5.70000e+01 0.00000e+00 0.00000e+00
5.80000e+01 0.00000e+00 0.00000e+00
5.90000e+01 0.00000e+00 0.00000e+00
6.00000e+01 0.00000e+00 0.00000e+00
6.10000e+01 0.00000e+00 0.00000e+00
6.20000e+01 0.00000e+00 0.00000e+00
6.30000e+01 0.00000e+00 0.00000e+00
6.40000e+01 0.00000e+00 0.00000e+00
6.50000e+01 0.00000e+00 0.00000e+00
6.60000e+01 0.00000e+00 0.00000e+00
6.70000e+01 0.00000e+00 0.00000e+00
6.80000e+01 0.00000e+00 0.00000e+00
6.90000e+01 0.00000e+00 0.00000e+00
7.00000e+01 0.00000e+00 0.00000e+00
7.10000e+01 0.00000e+00 0.00000e+00
7.20000e+01 0.00000e+00 0.00000e+00
7.30000e+01 0.00000e+00 0.00000e+00
7.40000e+01 0.00000e+00 0.00000e+00
7.50000e+01 0.00000e+00 0.00000e+00
7.60000e+01 0.00000e+00 0.00000e+00
7.70000e+01 0.00000e+00 0.00000e+00
7.80000e+01 0.00000e+00 0.00000e+00
7.90000e+01 0.00000e+00 0.00000e+00
8.00000e+01 0.00000e+00 0.00000e+00
8.10000e+01 0.00000e+00 0.00000e+00
8.20000e+01 0.00000e+00 0.00000e+00
8.30000e+01 0.00000e+00 0.00000e+00
8.40000e+01 0.00000e+00 0.00000e+00
8.50000e+01 0.00000e+00 0.00000e+00
8.60000e+01 0.00000e+00 0.00000e+00
8.70000e+01 0.00000e+00 0.00000e+00
8.80000e+01 0.00000e+00 0.00000e+00
8.90000e+01 0.00000e+00 0.00000e+00
9.00000e+01 0.00000e+00 0.00000e+00
9.10000e+01 0.00000e+00 0.00000e+00
9.20000e+01 0.00000e+00 0.00000e+00
9.30000e+01 0.00000e+00 0.00000e+00
9.40000e+01 0.00000e+00 0.00000e+00
9.50000e+01 0.00000e+00 0.00000e+00
9.60000e+01 0.00000e+00 0.00000e+00
9.70000e+01 0.00000e+00 0.00000e+00
9.80000e+01 0.00000e+00 0.00000e+00
9.90000e+01 0.00000e+00 0.00000e+00
1.00000e+02 6.17110e-12 0.00000e+00
1.01000e+02 1.02814e-11 0.00000e+00
1.02000e+02 8.48996e-12 0.00000e+00
1.03000e+02 5.89720e-12 0.00000e+00
1.04000e+02 6.08657e-12 0.00000e+00
1.05000e+02 7.83064e-12 0.00000e+00
1.06000e+02 8.93925e-12 0.00000e+00
1.07000e+02 7.12377e-12 0.00000e+00
1.08000e+02 9.84652e-12 0.00000e+00
1.09000e+02 1.00301e-11 0.00000e+00
1.10000e+02 1.10539e-11 0.00000e+00
1.11000e+02 1.22435e-11 0.00000e+00
1.12000e+02 9.32442e-12 0.00000e+00
1.13000e+02 1.40809e-11 0.00000e+00
1.14000e+02 9.34156e-12 0.00000e+00
1.15000e+02 1.28498e-11 0.00000e+00
1.16000e+02 6.63135e-12 0.00000e+00
1.17000e+02 9.42586e-12 0.00000e+00
1.18000e+02 1.40873e-12 0.00000e+00
1.19000e+02 8.89126e-12 0.00000e+00
1.20000e+02 1.00169e-11 0.00000e+00
1.21000e+02 1.01800e-11 0.00000e+00
1.22000e+02 8.45582e-12 0.00000e+00
1.23000e+02 9.19604e-12 0.00000e+00
1.24000e+02 8.92059e-12 0.00000e+00
1.25000e+02 7.31149e-12 0.00000e+00
1.26000e+02 7.61986e-12 0.00000e+00
1.27000e+02 9.80775e-12 0.00000e+00
1.28000e+02 8.51790e-12 0.00000e+00
1.29000e+02 6.33507e-12 0.00000e+00
1.30000e+02 7.27297e-12 0.00000e+00
1.31000e+02 9.60996e-12 0.00000e+00
1.32000e+02 7.28848e-12 0.00000e+00
1.33000e+02 7.79751e-12 0.00000e+00
1.34000e+02 8.46711e-12 0.00000e+00
1.35000e+02 5.34046e-12 0.00000e+00
1.36000e+02 8.62033e-12 0.00000e+00
1.37000e+02 4.81463e-12 0.00000e+00
1.38000e+02 6.44225e-12 0.00000e+00
1.39000e+02 5.90218e-12 0.00000e+00
1.40000e+02 5.04431e-12 0.00000e+00
1.41000e+02 7.80165e-12 0.00000e+00
1.42000e+02 5.75749e-12 0.00000e+00
1.43000e+02 7.20001e-12 0.00000e+00
1.44000e+02 7.16514e-12 0.00000e+00
1.45000e+02 6.97449e-12 0.00000e+00
1.46000e+02 7.70362e-12 0.00000e+00
1.47000e+02 5.22225e-12 0.00000e+00
1.48000e+02 8.36778e-12 0.00000e+00
1.49000e+02 7.40692e-12 0.00000e+00
1.50000e+02 9.65000e-12 0.00000e+00
1.51000e+02 4.29830e-12 0.00000e+00
1.52000e+02 5.83678e-12 0.00000e+00
1.53000e+02 2.42336e-12 0.00000e+00
1.54000e+02 7.82258e-12 0.00000e+00
1.55000e+02 8.70172e-12 0.00000e+00
1.56000e+02 4.07365e-12 0.00000e+00
1.57000e+02 7.84055e-12 0.00000e+00
1.58000e+02 6.10890e-12 0.00000e+00
1.59000e+02 5.54316e-12 0.00000e+00
1.60000e+02 7.07042e-12 0.00000e+00
1.61000e+02 5.43569e-12 0.00000e+00
1.62000e+02 7.51377e-12 0.00000e+00
1.63000e+02 6.63310e-12 0.00000e+00
1.64000e+02 7.49218e-12 0.00000e+00
1.65000e+02 5.80969e-12 0.00000e+00
1.66000e+02 4.18340e-12 0.00000e+00
1.67000e+02 7.69127e-12 0.00000e+00
1.68000e+02 5.33017e-12 0.00000e+00
1.69000e+02 6.74277e-12 0.00000e+00
1.70000e+02 8.31878e-12 0.00000e+00
1.71000e+02 5.58078e-12 0.00000e+00
1.72000e+02 6.19114e-12 0.00000e+00
1.73000e+02 6.02814e-12 0.00000e+00
1.74000e+02 3.39555e-12 0.00000e+00
1.75000e+02 6.04850e-12 0.00000e+00
1.76000e+02 7.09150e-12 0.00000e+00
1.77000e+02 4.72310e-12 0.00000e+00
1.78000e+02 5.14685e-12 0.00000e+00
1.79000e+02 7.44766e-12 0.00000e+00
1.80000e+02 6.92736e-12 0.00000e+00
1.81000e+02 5.84615e-12 0.00000e+00
1.82000e+02 8.84345e-12 0.00000e+00
1.83000e+02 5.25453e-12 0.00000e+00
1.84000e+02 7.51579e-12 0.00000e+00
1.85000e+02 5.38118e-12 0.00000e+00
1.86000e+02 4.81139e-12 0.00000e+00
1.87000e+02 4.82111e-12 0.00000e+00
1.88000e+02 5.97530e-12 0.00000e+00
1.89000e+02 6.34850e-12 0.00000e+00
1.90000e+02 5.93282e-12 0.00000e+00
1.91000e+02 4.47620e-12 0.00000e+00
1.92000e+02 5.04420e-12 0.00000e+00
1.93000e+02 6.61636e-12 0.00000e+00
1.94000e+02 4.80212e-12 0.00000e+00
1.95000e+02 6.61967e-12 0.00000e+00
1.96000e+02 5.29549e-12 0.00000e+00
1.97000e+02 3.03318e-12 0.00000e+00
1.98000e+02 5.01236e-12 0.00000e+00
1.99000e+02 4.14799e-12 0.00000e+00
2.00000e+02 5.79774e-12 0.00000e+00
2.01000e+02 5.10091e-12 0.00000e+00
2.02000e+02 4.87276e-12 0.00000e+00
2.03000e+02 5.17481e-12 0.00000e+00
2.04000e+02 5.95756e-12 0.00000e+00
2.05000e+02 4.05232e-12 0.00000e+00
2.06000e+02 7.38393e-12 0.00000e+00
2.07000e+02 4.71778e-12 0.00000e+00
2.08000e+02 4.57542e-12 0.00000e+00
2.09000e+02 3.80252e-12 0.00000e+00
2.10000e+02 7.39546e-12 0.00000e+00
2.11000e+02 5.73034e-12 0.00000e+00
2.12000e+02 5.38738e-12 0.00000e+00
2.13000e+02 4.44803e-12 0.00000e+00
2.14000e+02 5.52239e-12 0.00000e+00
2.15000e+02 3.70102e-12 0.00000e+00
2.16000e+02 4.68404e-12 0.00000e+00
2.17000e+02 4.38430e-12 0.00000e+00
2.18000e+02 5.11682e-12 0.00000e+00
2.19000e+02 5.44012e-12 0.00000e+00
2.20000e+02 4.82472e-12 0.00000e+00
2.21000e+02 6.10445e-12 0.00000e+00
2.22000e+02 5.33799e-12 0.00000e+00
2.23000e+02 4.47777e-12 0.00000e+00
2.24000e+02 5.30378e-12 0.00000e+00
2.25000e+02 6.04850e-12 0.00000e+00
2.26000e+02 5.42218e-12 0.00000e+00
2.27000e+02 5.35026e-12 0.00000e+00
2.28000e+02 4.59752e-12 0.00000e+00
2.29000e+02 6.61681e-12 0.00000e+00
2.30000e+02 4.85498e-12 0.00000e+00
2.31000e+02 5.02226e-12 0.00000e+00
2.32000e+02 5.26084e-12 0.00000e+00
2.33000e+02 4.16114e-12 0.00000e+00
2.34000e+02 6.43263e-12 0.00000e+00
2.35000e+02 4.05597e-12 0.00000e+00
2.36000e+02 5.41260e-12 0.00000e+00
2.37000e+02 2.95526e-12 0.00000e+00
2.38000e+02 4.61680e-12 0.00000e+00
2.39000e+02 5.08745e-12 0.00000e+00
2.40000e+02 5.13066e-12 0.00000e+00
2.41000e+02 5.36582e-12 0.00000e+00
2.42000e+02 5.34508e-12 0.00000e+00
2.43000e+02 3.87320e-12 0.00000e+00
2.44000e+02 3.93565e-12 0.00000e+00
2.45000e+02 5.92244e-12 0.00000e+00
2.46000e+02 5.00504e-12 0.00000e+00
2.47000e+02 3.83338e-12 0.00000e+00
2.48000e+02 4.81186e-12 0.00000e+00
2.49000e+02 5.65894e-12 0.00000e+00
2.50000e+02 4.20653e-12 0.00000e+00
2.51000e+02 5.24198e-12 0.00000e+00
2.52000e+02 3.37778e-12 0.00000e+00
2.53000e+02 2.55813e-12 0.00000e+00
2.54000e+02 4.35330e-12 0.00000e+00
2.55000e+02 4.00371e-12 0.00000e+00
2.56000e+02 4.03605e-12 0.00000e+00
2.57000e+02 4.04756e-12 0.00000e+00
2.58000e+02 3.50748e-12 0.00000e+00
2.59000e+02 4.71217e-12 0.00000e+00
2.60000e+02 5.78711e-12 0.00000e+00
2.61000e+02 5.26222e-12 0.00000e+00
2.62000e+02 3.40796e-12 0.00000e+00
2.63000e+02 5.44891e-12 0.00000e+00
2.64000e+02 5.09289e-12 0.00000e+00
2.65000e+02 5.34889e-12 0.00000e+00
2.66000e+02 4.91701e-12 0.00000e+00
2.67000e+02 4.26370e-12 0.00000e+00
2.68000e+02 4.23007e-12 0.00000e+00
2.69000e+02 3.37896e-12 0.00000e+00
2.70000e+02 4.37551e-12 0.00000e+00
2.71000e+02 3.85579e-12 0.00000e+00
2.72000e+02 4.66392e-12 0.00000e+00
2.73000e+02 5.09280e-12 0.00000e+00
2.74000e+02 5.11237e-12 0.00000e+00
2.75000e+02 4.22202e-12 0.00000e+00
2.76000e+02 3.04098e-12 0.00000e+00
2.77000e+02 3.92226e-12 0.00000e+00
2.78000e+02 4.87961e-12 0.00000e+00
2.79000e+02 4.63381e-12 0.00000e+00
2.80000e+02 4.04524e-12 0.00000e+00
2.81000e+02 4.84316e-12 0.00000e+00
2.82000e+02 4.54383e-12 0.00000e+00
2.83000e+02 2.76254e-12 0.00000e+00
2.84000e+02 4.24611e-12 0.00000e+00
2.85000e+02 5.25302e-12 0.00000e+00
2.86000e+02 5.21422e-12 0.00000e+00
2.87000e+02 5.04675e-12 0.00000e+00
2.88000e+02 3.79437e-12 0.00000e+00
2.89000e+02 3.63521e-12 0.00000e+00
2.90000e+02 5.36369e-12 0.00000e+00
2.91000e+02 3.61855e-12 0.00000e+00
2.92000e+02 4.32034e-12 0.00000e+00
2.93000e+02 3.15130e-12 0.00000e+00
2.94000e+02 4.59975e-12 0.00000e+00
2.95000e+02 4.92379e-12 0.00000e+00
2.96000e+02 4.75226e-12 0.00000e+00
2.97000e+02 3.98914e-12 0.00000e+00
2.98000e+02 4.17006e-12 0.00000e+00
2.99000e+02 4.71912e-12 0.00000e+00
3.00000e+02 3.39381e-12 0.00000e+00
3.01000e+02 3.11219e-12 0.00000e+00
3.02000e+02 3.76693e-12 0.00000e+00
3.03000e+02 3.87249e-12 0.00000e+00
3.04000e+02 3.90711e-12 0.00000e+00
3.05000e+02 3.28515e-12 0.00000e+00
3.06000e+02 4.48845e-12 0.00000e+00
3.07000e+02 3.87898e-12 0.00000e+00
3.08000e+02 4.44089e-12 0.00000e+00
3.09000e+02 4.12613e-12 0.00000e+00
3.10000e+02 4.82923e-12 0.00000e+00
3.11000e+02 3.06038e-12 0.00000e+00
3.12000e+02 4.17880e-12 0.00000e+00
3.13000e+02 4.70399e-12 0.00000e+00
3.14000e+02 3.29731e-12 0.00000e+00
3.15000e+02 4.35147e-12 0.00000e+00
3.16000e+02 4.48217e-12 0.00000e+00
3.17000e+02 2.59575e-12 0.00000e+00
3.18000e+02 3.75794e-12 0.00000e+00
3.19000e+02 3.10468e-12 0.00000e+00
3.20000e+02 3.05833e-12 0.00000e+00
3.21000e+02 3.86052e-12 0.00000e+00
3.22000e+02 3.77699e-12 0.00000e+00
3.23000e+02 4.95111e-12 0.00000e+00
3.24000e+02 3.36499e-12 0.00000e+00
3.25000e+02 3.32883e-12 0.00000e+00
3.26000e+02 3.50426e-12 0.00000e+00
3.27000e+02 3.49513e-12 0.00000e+00
3.28000e+02 3.76703e-12 0.00000e+00
3.29000e+02 3.46884e-12 0.00000e+00
3.30000e+02 3.03684e-12 0.00000e+00
3.31000e+02 4.20429e-12 0.00000e+00
3.32000e+02 3.11224e-12 0.00000e+00
3.33000e+02 2.99517e-12 0.00000e+00
3.34000e+02 4.14437e-12 0.00000e+00
3.35000e+02 3.57860e-12 0.00000e+00
3.36000e+02 4.09592e-12 0.00000e+00
3.37000e+02 4.64203e-12 0.00000e+00
3.38000e+02 2.79325e-12 0.00000e+00
3.39000e+02 3.52765e-12 0.00000e+00
3.40000e+02 2.71383e-12 0.00000e+00
3.41000e+02 3.92591e-12 0.00000e+00
3.42000e+02 3.01924e-12 0.00000e+00
3.43000e+02 3.53252e-12 0.00000e+00
3.44000e+02 3.49727e-12 0.00000e+00
3.45000e+02 3.38428e-12 0.00000e+00
3.46000e+02 4.09248e-12 0.00000e+00
3.47000e+02 3.00511e-12 0.00000e+00
3.48000e+02 3.36956e-12 0.00000e+00
3.49000e+02 3.54637e-12 0.00000e+00
3.50000e+02 3.28715e-12 0.00000e+00
3.51000e+02 3.09982e-12 0.00000e+00
3.52000e+02 3.70153e-12 0.00000e+00
3.53000e+02 3.97251e-12 0.00000e+00
3.54000e+02 3.35262e-12 0.00000e+00
3.55000e+02 2.91489e-12 0.00000e+00
3.56000e+02 3.64017e-12 0.00000e+00
3.57000e+02 2.75953e-12 0.00000e+00
3.58000e+02 3.69433e-12 0.00000e+00
3.59000e+02 3.17220e-12 0.00000e+00
3.60000e+02 3.11649e-12 0.00000e+00
3.61000e+02 2.98245e-12 0.00000e+00
3.62000e+02 3.97108e-12 0.00000e+00
3.63000e+02 2.96877e-12 0.00000e+00
3.64000e+02 2.66708e-12 0.00000e+00
3.65000e+02 2.80947e-12 0.00000e+00
3.66000e+02 3.14009e-12 0.00000e+00
3.67000e+02 3.53460e-12 0.00000e+00
3.68000e+02 3.94664e-12 0.00000e+00
3.69000e+02 3.06877e-12 0.00000e+00
3.70000e+02 3.01843e-12 0.00000e+00
3.71000e+02 3.34203e-12 0.00000e+00
3.72000e+02 3.33183e-12 0.00000e+00
3.73000e+02 3.03098e-12 0.00000e+00
3.74000e+02 3.83058e-12 0.00000e+00
3.75000e+02 3.37697e-12 0.00000e+00
3.76000e+02 3.18857e-12 0.00000e+00
3.77000e+02 3.16483e-12 0.00000e+00
3.78000e+02 3.49539e-12 0.00000e+00
3.79000e+02 2.01522e-12 0.00000e+00
3.80000e+02 2.79464e-12 0.00000e+00
3.81000e+02 2.76179e-12 0.00000e+00
3.82000e+02 3.54737e-12 0.00000e+00
3.83000e+02 3.44728e-12 0.00000e+00
3.84000e+02 2.98871e-12 0.00000e+00
3.85000e+02 2.88044e-12 0.00000e+00
3.86000e+02 2.55401e-12 0.00000e+00
3.87000e+02 2.96653e-12 0.00000e+00
3.88000e+02 2.94434e-12 0.00000e+00
3.89000e+02 2.50170e-12 0.00000e+00
3.90000e+02 2.97886e-12 0.00000e+00
3.91000e+02 2.60359e-12 0.00000e+00
3.92000e+02 3.58859e-12 0.00000e+00
3.93000e+02 2.96565e-12 0.00000e+00
3.94000e+02 2.46646e-12 0.00000e+00
3.95000e+02 2.99407e-12 0.00000e+00
3.96000e+02 2.98656e-12 0.00000e+00
3.97000e+02 3.01853e-12 0.00000e+00
3.98000e+02 3.53000e-12 0.00000e+00
3.99000e+02 2.93063e-12 0.00000e+00
4.00000e+02 2.93542e-12 0.00000e+00
4.01000e+02 2.97153e-12 0.00000e+00
4.02000e+02 2.84412e-12 0.00000e+00
4.03000e+02 3.36922e-12 0.00000e+00
4.04000e+02 3.01194e-12 0.00000e+00
4.05000e+02 2.71464e-12 0.00000e+00
4.06000e+02 2.58999e-12 0.00000e+00
4.07000e+02 3.32272e-12 0.00000e+00
4.08000e+02 3.07398e-12 0.00000e+00
4.09000e+02 2.62906e-12 0.00000e+00
4.10000e+02 3.01641e-12 0.00000e+00
4.11000e+02 3.10512e-12 0.00000e+00
4.12000e+02 2.21410e-12 0.00000e+00
4.13000e+02 3.02073e-12 0.00000e+00
4.14000e+02 3.32800e-12 0.00000e+00
4.15000e+02 3.32699e-12 0.00000e+00
4.16000e+02 2.15446e-12 0.00000e+00
4.17000e+02 2.81925e-12 0.00000e+00
4.18000e+02 2.42314e-12 0.00000e+00
4.19000e+02 2.80421e-12 0.00000e+00
4.20000e+02 2.82622e-12 0.00000e+00
4.21000e+02 2.95705e-12 0.00000e+00
4.22000e+02 2.69903e-12 0.00000e+00
4.23000e+02 2.32542e-12 0.00000e+00
4.24000e+02 2.68636e-12 0.00000e+00
4.25000e+02 2.14237e-12 0.00000e+00
4.26000e+02 2.21729e-12 0.00000e+00
4.27000e+02 3.08984e-12 0.00000e+00
4.28000e+02 2.20739e-12 0.00000e+00
4.29000e+02 2.04317e-12 0.00000e+00
4.30000e+02 2.56443e-12 0.00000e+00
4.31000e+02 2.46305e-12 0.00000e+00
4.32000e+02 2.58487e-12 0.00000e+00
4.33000e+02 2.24628e-12 0.00000e+00
4.34000e+02 3.21824e-12 0.00000e+00
4.35000e+02 2.74166e-12 0.00000e+00
4.36000e+02 2.77751e-12 0.00000e+00
4.37000e+02 2.91803e-12 0.00000e+00
4.38000e+02 2.58374e-12 0.00000e+00
4.39000e+02 2.16764e-12 0.00000e+00
4.40000e+02 2.47504e-12 0.00000e+00
4.41000e+02 1.82278e-12 0.00000e+00
4.42000e+02 2.25795e-12 0.00000e+00
4.43000e+02 2.46268e-12 0.00000e+00
4.44000e+02 2.49783e-12 0.00000e+00
4.45000e+02 2.87847e-12 0.00000e+00
4.46000e+02 2.37607e-12 0.00000e+00
4.47000e+02 2.41798e-12 0.00000e+00
4.48000e+02 2.30033e-12 0.00000e+00
4.49000e+02 2.31155e-12 0.00000e+00
4.50000e+02 2.90617e-12 0.00000e+00
4.51000e+02 2.47303e-12 0.00000e+00
4.52000e+02 2.74357e-12 0.00000e+00
4.53000e+02 2.90848e-12 0.00000e+00
4.54000e+02 2.62048e-12 0.00000e+00
4.55000e+02 2.60630e-12 0.00000e+00
4.56000e+02 2.12041e-12 0.00000e+00
4.57000e+02 2.48310e-12 0.00000e+00
4.58000e+02 2.35791e-12 0.00000e+00
4.59000e+02 2.66758e-12 0.00000e+00
4.60000e+02 1.92277e-12 0.00000e+00
4.61000e+02 2.55165e-12 0.00000e+00
4.62000e+02 2.90463e-12 0.00000e+00
4.63000e+02 2.04345e-12 0.00000e+00
4.64000e+02 1.95276e-12 0.00000e+00
4.65000e+02 2.53506e-12 0.00000e+00
4.66000e+02 1.83701e-12 0.00000e+00
4.67000e+02 2.40419e-12 0.00000e+00
4.68000e+02 3.12714e-12 0.00000e+00
4.69000e+02 2.46590e-12 0.00000e+00
4.70000e+02 2.10235e-12 0.00000e+00
4.71000e+02 2.28850e-12 0.00000e+00
4.72000e+02 2.53023e-12 0.00000e+00
4.73000e+02 2.47109e-12 0.00000e+00
4.74000e+02 2.45865e-12 0.00000e+00
4.75000e+02 2.13147e-12 0.00000e+00
4.76000e+02 2.32816e-12 0.00000e+00
4.77000e+02 2.51497e-12 0.00000e+00
4.78000e+02 2.31223e-12 0.00000e+00
4.79000e+02 2.75657e-12 0.00000e+00
4.80000e+02 2.09761e-12 0.00000e+00
4.81000e+02 2.00468e-12 0.00000e+00
4.82000e+02 2.44413e-12 0.00000e+00
4.83000e+02 2.23730e-12 0.00000e+00
4.84000e+02 2.22805e-12 0.00000e+00
4.85000e+02 2.14496e-12 0.00000e+00
4.86000e+02 1.97104e-12 0.00000e+00
4.87000e+02 2.35566e-12 0.00000e+00
4.88000e+02 1.99082e-12 0.00000e+00
4.89000e+02 2.48437e-12 0.00000e+00
4.90000e+02 2.30201e-12 0.00000e+00
4.91000e+02 2.45553e-12 0.00000e+00
4.92000e+02 2.17978e-12 0.00000e+00
4.93000e+02 2.86095e-12 0.00000e+00
4.94000e+02 2.59216e-12 0.00000e+00
4.95000e+02 2.34131e-12 0.00000e+00
4.96000e+02 2.42452e-12 0.00000e+00
4.97000e+02 2.34257e-12 0.00000e+00
4.98000e+02 2.47854e-12 0.00000e+00
4.99000e+02 2.21829e-12 0.00000e+00
5.00000e+02 2.00376e-12 0.00000e+00
5.01000e+02 2.19353e-12 0.00000e+00
5.02000e+02 2.41963e-12 0.00000e+00
5.03000e+02 2.06995e-12 0.00000e+00
5.04000e+02 2.35025e-12 0.00000e+00
5.05000e+02 2.30357e-12 0.00000e+00
5.06000e+02 1.99669e-12 0.00000e+00
5.07000e+02 2.24668e-12 0.00000e+00
5.08000e+02 2.49428e-12 0.00000e+00
5.09000e+02 2.13020e-12 0.00000e+00
5.10000e+02 2.04790e-12 0.00000e+00
5.11000e+02 2.37588e-12 0.00000e+00
5.12000e+02 2.15949e-12 0.00000e+00
5.13000e+02 1.83618e-12 0.00000e+00
5.14000e+02 2.02852e-12 0.00000e+00
5.15000e+02 2.15160e-12 0.00000e+00
5.16000e+02 1.92555e-12 0.00000e+00
5.17000e+02 2.16547e-12 0.00000e+00
5.18000e+02 1.91388e-12 0.00000e+00
5.19000e+02 2.46975e-12 0.00000e+00
5.20000e+02 1.82452e-12 0.00000e+00
5.21000e+02 1.90844e-12 0.00000e+00
5.22000e+02 2.12147e-12 0.00000e+00
5.23000e+02 2.09788e-12 0.00000e+00
5.24000e+02 1.88657e-12 0.00000e+00
5.25000e+02 2.14580e-12 0.00000e+00
5.26000e+02 1.86887e-12 0.00000e+00
5.27000e+02 1.68111e-12 0.00000e+00
5.28000e+02 2.12911e-12 0.00000e+00
5.29000e+02 1.91870e-12 0.00000e+00
5.30000e+02 2.01400e-12 0.00000e+00
5.31000e+02 2.11006e-12 0.00000e+00
5.32000e+02 2.00921e-12 0.00000e+00
5.33000e+02 2.03832e-12 0.00000e+00
5.34000e+02 1.95316e-12 0.00000e+00
5.35000e+02 1.89715e-12 0.00000e+00
5.36000e+02 2.13899e-12 0.00000e+00
5.37000e+02 2.10837e-12 0.00000e+00
5.38000e+02 1.39963e-12 0.00000e+00
5.39000e+02 1.97448e-12 0.00000e+00
5.40000e+02 2.26055e-12 0.00000e+00
5.41000e+02 2.40957e-12 0.00000e+00
5.42000e+02 2.17489e-12 0.00000e+00
5.43000e+02 1.71429e-12 0.00000e+00
5.44000e+02 1.68180e-12 0.00000e+00
5.45000e+02 2.26845e-12 0.00000e+00
5.46000e+02 1.59261e-12 0.00000e+00
5.47000e+02 1.99502e-12 0.00000e+00
5.48000e+02 2.11370e-12 0.00000e+00
5.49000e+02 2.04341e-12 0.00000e+00
5.50000e+02 1.89271e-12 0.00000e+00
5.51000e+02 1.77033e-12 0.00000e+00
5.52000e+02 1.94226e-12 0.00000e+00
5.53000e+02 2.08899e-12 0.00000e+00
5.54000e+02 1.66200e-12 0.00000e+00
5.55000e+02 1.76838e-12 0.00000e+00
5.56000e+02 2.12797e-12 0.00000e+00
5.57000e+02 1.71637e-12 0.00000e+00
5.58000e+02 1.60571e-12 0.00000e+00
5.59000e+02 2.24644e-12 0.00000e+00
5.60000e+02 1.75402e-12 0.00000e+00
5.61000e+02 1.49139e-12 0.00000e+00
5.62000e+02 1.86468e-12 0.00000e+00
5.63000e+02 1.75844e-12 0.00000e+00
5.64000e+02 1.70696e-12 0.00000e+00
5.65000e+02 1.59033e-12 0.00000e+00
5.66000e+02 1.27859e-12 0.00000e+00
5.67000e+02 1.84896e-12 0.00000e+00
5.68000e+02 1.52205e-12 0.00000e+00
5.69000e+02 1.53437e-12 0.00000e+00
5.70000e+02 1.72298e-12 0.00000e+00
5.71000e+02 1.89796e-12 0.00000e+00
5.72000e+02 2.07991e-12 0.00000e+00
5.73000e+02 2.01066e-12 0.00000e+00
5.74000e+02 1.65422e-12 0.00000e+00
5.75000e+02 1.57942e-12 0.00000e+00
5.76000e+02 1.64061e-12 0.00000e+00
5.77000e+02 1.68719e-12 0.00000e+00
5.78000e+02 1.58782e-12 0.00000e+00
5.79000e+02 1.84890e-12 0.00000e+00
5.80000e+02 1.61945e-12 0.00000e+00
5.81000e+02 1.51949e-12 0.00000e+00
5.82000e+02 1.45821e-12 0.00000e+00
5.83000e+02 1.63935e-12 0.00000e+00
5.84000e+02 1.83395e-12 0.00000e+00
5.85000e+02 1.93728e-12 0.00000e+00
5.86000e+02 1.60621e-12 0.00000e+00
5.87000e+02 1.71540e-12 0.00000e+00
5.88000e+02 1.26066e-12 0.00000e+00
5.89000e+02 1.48105e-12 0.00000e+00
5.90000e+02 1.67211e-12 0.00000e+00
5.91000e+02 1.81761e-12 0.00000e+00
5.92000e+02 1.68920e-12 0.00000e+00
5.93000e+02 1.76336e-12 0.00000e+00
5.94000e+02 1.77134e-12 0.00000e+00
5.95000e+02 1.63171e-12 0.00000e+00
5.96000e+02 1.73255e-12 0.00000e+00
5.97000e+02 1.55092e-12 0.00000e+00
5.98000e+02 1.59054e-12 0.00000e+00
5.99000e+02 1.47204e-12 0.00000e+00
6.00000e+02 1.93100e-12 0.00000e+00
6.01000e+02 1.86487e-12 0.00000e+00
6.02000e+02 1.83793e-12 0.00000e+00
6.03000e+02 1.65932e-12 0.00000e+00
6.04000e+02 1.62058e-12 0.00000e+00
6.05000e+02 1.35541e-12 0.00000e+00
6.06000e+02 1.33680e-12 0.00000e+00
6.07000e+02 1.42928e-12 0.00000e+00
6.08000e+02 1.77653e-12 0.00000e+00
6.09000e+02 1.30563e-12 0.00000e+00
6.10000e+02 1.62163e-12 0.00000e+00
6.11000e+02 1.68409e-12 0.00000e+00
6.12000e+02 1.59891e-12 0.00000e+00
6.13000e+02 1.46629e-12 0.00000e+00
6.14000e+02 1.59830e-12 0.00000e+00
6.15000e+02 1.53376e-12 0.00000e+00
6.16000e+02 1.44121e-12 0.00000e+00
6.17000e+02 1.52316e-12 0.00000e+00
6.18000e+02 1.38149e-12 0.00000e+00
6.19000e+02 1.53790e-12 0.00000e+00
6.20000e+02 1.76707e-12 0.00000e+00
6.21000e+02 1.62243e-12 0.00000e+00
6.22000e+02 1.15965e-12 0.00000e+00
6.23000e+02 1.33634e-12 0.00000e+00
6.24000e+02 1.90219e-12 0.00000e+00
6.25000e+02 1.44031e-12 0.00000e+00
6.26000e+02 1.34825e-12 0.00000e+00
6.27000e+02 1.36939e-12 0.00000e+00
6.28000e+02 1.71015e-12 0.00000e+00
6.29000e+02 1.44831e-12 0.00000e+00
6.30000e+02 1.28206e-12 0.00000e+00
6.31000e+02 1.44974e-12 0.00000e+00
6.32000e+02 1.56520e-12 0.00000e+00
6.33000e+02 1.61570e-12 0.00000e+00
6.34000e+02 1.32588e-12 0.00000e+00
6.35000e+02 1.41773e-12 0.00000e+00
6.36000e+02 1.40476e-12 0.00000e+00
6.37000e+02 1.48096e-12 0.00000e+00
6.38000e+02 1.41828e-12 0.00000e+00
6.39000e+02 1.44849e-12 0.00000e+00
6.40000e+02 1.50368e-12 0.00000e+00
6.41000e+02 1.43896e-12 0.00000e+00
6.42000e+02 1.36145e-12 0.00000e+00
6.43000e+02 1.55628e-12 0.00000e+00
6.44000e+02 1.72518e-12 0.00000e+00
6.45000e+02 1.34774e-12 0.00000e+00
6.46000e+02 1.58739e-12 0.00000e+00
6.47000e+02 1.32337e-12 0.00000e+00
6.48000e+02 1.17700e-12 0.00000e+00
6.49000e+02 1.34762e-12 0.00000e+00
6.50000e+02 1.49423e-12 0.00000e+00
6.51000e+02 1.25248e-12 0.00000e+00
6.52000e+02 1.69247e-12 0.00000e+00
6.53000e+02 1.35108e-12 0.00000e+00
6.54000e+02 1.34236e-12 0.00000e+00
6.55000e+02 1.34367e-12 0.00000e+00
6.56000e+02 1.68312e-12 0.00000e+00
6.57000e+02 1.56915e-12 0.00000e+00
6.58000e+02 1.41626e-12 0.00000e+00
6.59000e+02 1.50246e-12 0.00000e+00
6.60000e+02 9.60910e-13 0.00000e+00
6.61000e+02 1.17700e-12 0.00000e+00
6.62000e+02 1.34613e-12 0.00000e+00
6.63000e+02 1.36644e-12 0.00000e+00
6.64000e+02 1.45566e-12 0.00000e+00
6.65000e+02 1.56672e-12 0.00000e+00
6.66000e+02 1.33922e-12 0.00000e+00
6.67000e+02 1.38198e-12 0.00000e+00
6.68000e+02 1.21269e-12 0.00000e+00
6.69000e+02 1.31085e-12 0.00000e+00
6.70000e+02 1.21098e-12 0.00000e+00
6.71000e+02 1.51868e-12 0.00000e+00
6.72000e+02 1.17973e-12 0.00000e+00
6.73000e+02 1.24283e-12 0.00000e+00
6.74000e+02 1.22518e-12 0.00000e+00
6.75000e+02 1.10919e-12 0.00000e+00
6.76000e+02 1.27274e-12 0.00000e+00
6.77000e+02 1.14508e-12 0.00000e+00
6.78000e+02 1.36044e-12 0.00000e+00
6.79000e+02 1.21905e-12 0.00000e+00
6.80000e+02 1.19808e-12 0.00000e+00
6.81000e+02 1.39825e-12 0.00000e+00
6.82000e+02 1.37450e-12 0.00000e+00
6.83000e+02 1.42035e-12 0.00000e+00
6.84000e+02 1.08869e-12 0.00000e+00
6.85000e+02 1.61656e-12 0.00000e+00
6.86000e+02 1.06033e-12 0.00000e+00
6.87000e+02 1.11290e-12 0.00000e+00
6.88000e+02 1.37074e-12 0.00000e+00
6.89000e+02 1.05340e-12 0.00000e+00
6.90000e+02 1.18067e-12 0.00000e+00
6.91000e+02 1.24456e-12 0.00000e+00
6.92000e+02 1.18185e-12 0.00000e+00
6.93000e+02 1.33794e-12 0.00000e+00
6.94000e+02 1.42890e-12 0.00000e+00
6.95000e+02 1.26030e-12 0.00000e+00
6.96000e+02 1.33554e-12 0.00000e+00
6.97000e+02 1.18431e-12 0.00000e+00
6.98000e+02 1.02694e-12 0.00000e+00
6.99000e+02 1.07872e-12 0.00000e+00
7.00000e+02 1.37732e-12 0.00000e+00
7.01000e+02 1.33398e-12 0.00000e+00
7.02000e+02 9.71144e-13 0.00000e+00
7.03000e+02 8.40214e-13 0.00000e+00
7.04000e+02 1.10996e-12 0.00000e+00
7.05000e+02 1.16560e-12 0.00000e+00
7.06000e+02 1.15574e-12 0.00000e+00
7.07000e+02 1.29846e-12 0.00000e+00
7.08000e+02 1.06364e-12 0.00000e+00
7.09000e+02 1.23011e-12 0.00000e+00
7.10000e+02 1.18670e-12 0.00000e+00
7.11000e+02 1.16469e-12 0.00000e+00
7.12000e+02 1.12748e-12 0.00000e+00
7.13000e+02 1.18762e-12 0.00000e+00
7.14000e+02 1.21534e-12 0.00000e+00
7.15000e+02 9.05243e-13 0.00000e+00
7.16000e+02 9.99992e-13 0.00000e+00
7.17000e+02 1.07735e-12 0.00000e+00
7.18000e+02 1.15356e-12 0.00000e+00
7.19000e+02 8.78643e-13 0.00000e+00
7.20000e+02 1.04515e-12 0.00000e+00
7.21000e+02 1.08158e-12 0.00000e+00
7.22000e+02 1.11883e-12 0.00000e+00
7.23000e+02 1.02581e-12 0.00000e+00
7.24000e+02 1.01876e-12 0.00000e+00
7.25000e+02 1.02982e-12 0.00000e+00
7.26000e+02 1.01341e-12 0.00000e+00
7.27000e+02 1.21212e-12 0.00000e+00
7.28000e+02 1.09764e-12 0.00000e+00
7.29000e+02 1.08983e-12 0.00000e+00
7.30000e+02 1.15524e-12 0.00000e+00
7.31000e+02 1.13738e-12 0.00000e+00
7.32000e+02 1.28037e-12 0.00000e+00
7.33000e+02 1.03809e-12 0.00000e+00
7.34000e+02 1.21537e-12 0.00000e+00
7.35000e+02 1.19108e-12 0.00000e+00
7.36000e+02 1.09756e-12 0.00000e+00
7.37000e+02 1.11265e-12 0.00000e+00
7.38000e+02 1.05706e-12 0.00000e+00
7.39000e+02 1.14142e-12 0.00000e+00
7.40000e+02 1.04221e-12 0.00000e+00
7.41000e+02 1.12364e-12 0.00000e+00
7.42000e+02 9.87284e-13 0.00000e+00
7.43000e+02 1.09276e-12 0.00000e+00
7.44000e+02 1.05007e-12 0.00000e+00
7.45000e+02 1.02366e-12 0.00000e+00
7.46000e+02 8.76225e-13 0.00000e+00
7.47000e+02 9.77112e-13 0.00000e+00
7.48000e+02 8.96812e-13 0.00000e+00
7.49000e+02 1.03452e-12 0.00000e+00
7.50000e+02 1.02533e-12 0.00000e+00
7.51000e+02 1.06307e-12 0.00000e+00
7.52000e+02 1.15562e-12 0.00000e+00
7.53000e+02 1.03467e-12 0.00000e+00
7.54000e+02 1.01419e-12 0.00000e+00
7.55000e+02 8.84358e-13 0.00000e+00
7.56000e+02 9.76636e-13 0.00000e+00
7.57000e+02 9.68534e-13 0.00000e+00
7.58000e+02 1.00113e-12 0.00000e+00
7.59000e+02 9.46892e-13 0.00000e+00
7.60000e+02 9.77254e-13 0.00000e+00
7.61000e+02 1.06241e-12 0.00000e+00
7.62000e+02 9.14975e-13 0.00000e+00
7.63000e+02 9.20039e-13 0.00000e+00
7.64000e+02 8.02610e-13 0.00000e+00
7.65000e+02 1.07097e-12 0.00000e+00
7.66000e+02 9.14270e-13 0.00000e+00
7.67000e+02 1.03441e-12 0.00000e+00
7.68000e+02 1.13956e-12 0.00000e+00
7.69000e+02 8.04449e-13 0.00000e+00
7.70000e+02 8.57788e-13 0.00000e+00
7.71000e+02 1.01734e-12 0.00000e+00
7.72000e+02 1.07501e-12 0.00000e+00
7.73000e+02 7.80375e-13 0.00000e+00
7.74000e+02 9.46267e-13 0.00000e+00
7.75000e+02 9.35208e-13 0.00000e+00
7.76000e+02 7.79651e-13 0.00000e+00
7.77000e+02 9.40894e-13 0.00000e+00
7.78000e+02 9.47685e-13 0.00000e+00
7.79000e+02 8.27799e-13 0.00000e+00
7.80000e+02 9.69266e-13 0.00000e+00
7.81000e+02 9.85606e-13 0.00000e+00
7.82000e+02 9.93203e-13 0.00000e+00
7.83000e+02 8.57538e-13 0.00000e+00
7.84000e+02 7.32967e-13 0.00000e+00
7.85000e+02 1.01708e-12 0.00000e+00
7.86000e+02 7.98119e-13 0.00000e+00
7.87000e+02 1.13435e-12 0.00000e+00
7.88000e+02 1.10447e-12 0.00000e+00
7.89000e+02 7.70258e-13 0.00000e+00
7.90000e+02 9.17950e-13 0.00000e+00
7.91000e+02 7.73296e-13 0.00000e+00
7.92000e+02 8.49438e-13 0.00000e+00
7.93000e+02 9.10794e-13 0.00000e+00
7.94000e+02 9.54697e-13 0.00000e+00
7.95000e+02 8.95955e-13 0.00000e+00
7.96000e+02 9.11884e-13 0.00000e+00
7.97000e+02 8.83396e-13 0.00000e+00
7.98000e+02 8.13595e-13 0.00000e+00
7.99000e+02 7.08615e-13 0.00000e+00
8.00000e+02 8.49307e-13 0.00000e+00
8.01000e+02 9.74823e-13 0.00000e+00
8.02000e+02 9.61844e-13 0.00000e+00
8.03000e+02 6.80870e-13 0.00000e+00
8.04000e+02 7.91012e-13 0.00000e+00
8.05000e+02 5.89204e-13 0.00000e+00
8.06000e+02 9.75263e-13 0.00000e+00
8.07000e+02 7.41741e-13 0.00000e+00
8.08000e+02 7.26347e-13 0.00000e+00
8.09000e+02 7.86356e-13 0.00000e+00
8.10000e+02 9.19078e-13 0.00000e+00
8.11000e+02 7.55806e-13 0.00000e+00
8.12000e+02 6.25891e-13 0.00000e+00
8.13000e+02 8.47783e-13 0.00000e+00
8.14000e+02 9.12947e-13 0.00000e+00
8.15000e+02 8.31775e-13 0.00000e+00
8.16000e+02 7.55168e-13 0.00000e+00
8.17000e+02 6.77051e-13 0.00000e+00
8.18000e+02 7.57269e-13 0.00000e+00
8.19000e+02 8.08835e-13 0.00000e+00
8.20000e+02 8.50878e-13 0.00000e+00
8.21000e+02 7.32158e-13 0.00000e+00
8.22000e+02 7.29687e-13 0.00000e+00
8.23000e+02 6.97092e-13 0.00000e+00
8.24000e+02 7.70920e-13 0.00000e+00
8.25000e+02 7.17519e-13 0.00000e+00
8.26000e+02 8.00787e-13 0.00000e+00
8.27000e+02 8.54102e-13 0.00000e+00
8.28000e+02 8.10937e-13 0.00000e+00
8.29000e+02 8.65961e-13 0.00000e+00
8.30000e+02 8.34294e-13 0.00000e+00
8.31000e+02 7.51948e-13 0.00000e+00
8.32000e+02 7.10105e-13 0.00000e+00
8.33000e+02 7.20726e-13 0.00000e+00
8.34000e+02 8.25970e-13 0.00000e+00
8.35000e+02 8.23300e-13 0.00000e+00
8.36000e+02 8.46940e-13 0.00000e+00
8.37000e+02 7.25749e-13 0.00000e+00
8.38000e+02 6.79357e-13 0.00000e+00
8.39000e+02 7.22846e-13 0.00000e+00
8.40000e+02 7.41411e-13 0.00000e+00
8.41000e+02 7.99518e-13 0.00000e+00
8.42000e+02 6.25129e-13 0.00000e+00
8.43000e+02 7.78183e-13 0.00000e+00
8.44000e+02 6.24668e-13 0.00000e+00
8.45000e+02 8.00999e-13 0.00000e+00
8.46000e+02 8.17012e-13 0.00000e+00
8.47000e+02 5.77024e-13 0.00000e+00
8.48000e+02 7.62474e-13 0.00000e+00
8.49000e+02 5.90598e-13 0.00000e+00
8.50000e+02 6.04158e-13 0.00000e+00
8.51000e+02 7.34811e-13 0.00000e+00
8.52000e+02 7.51782e-13 0.00000e+00
8.53000e+02 7.07986e-13 0.00000e+00
8.54000e+02 6.75613e-13 0.00000e+00
8.55000e+02 7.21061e-13 0.00000e+00
8.56000e+02 7.24850e-13 0.00000e+00
8.57000e+02 6.73625e-13 0.00000e+00
8.58000e+02 7.73393e-13 0.00000e+00
8.59000e+02 6.95340e-13 0.00000e+00
8.60000e+02 6.30411e-13 0.00000e+00
8.61000e+02 5.99740e-13 0.00000e+00
8.62000e+02 6.39670e-13 0.00000e+00
8.63000e+02 6.16776e-13 0.00000e+00
8.64000e+02 5.70348e-13 0.00000e+00
8.65000e+02 5.96675e-13 0.00000e+00
8.66000e+02 7.17625e-13 0.00000e+00
8.67000e+02 6.21156e-13 0.00000e+00
8.68000e+02 5.97748e-13 0.00000e+00
8.69000e+02 7.68536e-13 0.00000e+00
8.70000e+02 8.02428e-13 0.00000e+00
8.71000e+02 6.75214e-13 0.00000e+00
8.72000e+02 7.01232e-13 0.00000e+00
8.73000e+02 6.23741e-13 0.00000e+00
8.74000e+02 5.54455e-13 0.00000e+00
8.75000e+02 6.54664e-13 0.00000e+00
8.76000e+02 6.20735e-13 0.00000e+00
8.77000e+02 6.38379e-13 0.00000e+00
8.78000e+02 6.93795e-13 0.00000e+00
8.79000e+02 5.93398e-13 0.00000e+00
8.80000e+02 6.55685e-13 0.00000e+00
8.81000e+02 5.40566e-13 0.00000e+00
8.82000e+02 5.85851e-13 0.00000e+00
8.83000e+02 6.05221e-13 0.00000e+00
8.84000e+02 6.70572e-13 0.00000e+00
8.85000e+02 5.79903e-13 0.00000e+00
8.86000e+02 6.69875e-13 0.00000e+00
8.87000e+02 6.62890e-13 0.00000e+00
8.88000e+02 6.54321e-13 0.00000e+00
8.89000e+02 6.33159e-13 0.00000e+00
8.90000e+02 6.49439e-13 0.00000e+00
8.91000e+02 6.17264e-13 0.00000e+00
8.92000e+02 6.35463e-13 0.00000e+00
8.93000e+02 6.09189e-13 0.00000e+00
8.94000e+02 6.21868e-13 0.00000e+00
8.95000e+02 6.33185e-13 0.00000e+00
8.96000e+02 6.66016e-13 0.00000e+00
8.97000e+02 6.51411e-13 0.00000e+00
8.98000e+02 6.39354e-13 0.00000e+00
8.99000e+02 5.91685e-13 0.00000e+00
9.00000e+02 5.97694e-13 0.00000e+00
9.01000e+02 5.76708e-13 0.00000e+00
9.02000e+02 5.99833e-13 0.00000e+00
9.03000e+02 5.44767e-13 0.00000e+00
9.04000e+02 4.99309e-13 0.00000e+00
9.05000e+02 6.03802e-13 0.00000e+00
9.06000e+02 5.61511e-13 0.00000e+00
9.07000e+02 6.10848e-13 0.00000e+00
9.08000e+02 4.83724e-13 0.00000e+00
9.09000e+02 5.44091e-13 0.00000e+00
9.10000e+02 5.11525e-13 0.00000e+00
9.11000e+02 5.23918e-13 0.00000e+00
9.12000e+02 5.86920e-13 0.00000e+00
9.13000e+02 5.54818e-13 0.00000e+00
9.14000e+02 5.44210e-13 0.00000e+00
9.15000e+02 5.84516e-13 0.00000e+00
9.16000e+02 5.68610e-13 0.00000e+00
9.17000e+02 5.43467e-13 0.00000e+00
9.18000e+02 5.74757e-13 0.00000e+00
9.19000e+02 5.32758e-13 0.00000e+00
9.20000e+02 4.82328e-13 0.00000e+00
9.21000e+02 5.74113e-13 0.00000e+00
9.22000e+02 5.97988e-13 0.00000e+00
9.23000e+02 5.30974e-13 0.00000e+00
9.24000e+02 5.90934e-13 0.00000e+00
9.25000e+02 5.82356e-13 0.00000e+00
9.26000e+02 5.55406e-13 0.00000e+00
9.27000e+02 6.35016e-13 0.00000e+00
9.28000e+02 5.73035e-13 0.00000e+00
9.29000e+02 4.82332e-13 0.00000e+00
9.30000e+02 5.21839e-13 0.00000e+00
9.31000e+02 5.59498e-13 0.00000e+00
9.32000e+02 5.12160e-13 0.00000e+00
9.33000e+02 5.39044e-13 0.00000e+00
9.34000e+02 5.32968e-13 0.00000e+00
9.35000e+02 4.74496e-13 0.00000e+00
9.36000e+02 5.93764e-13 0.00000e+00
9.37000e+02 5.12897e-13 0.00000e+00
9.38000e+02 5.37910e-13 0.00000e+00
9.39000e+02 5.78627e-13 0.00000e+00
9.40000e+02 5.48558e-13 0.00000e+00
9.41000e+02 4.66780e-13 0.00000e+00
9.42000e+02 5.49462e-13 0.00000e+00
9.43000e+02 4.82770e-13 0.00000e+00
9.44000e+02 4.99675e-13 0.00000e+00
9.45000e+02 5.06186e-13 0.00000e+00
9.46000e+02 5.60161e-13 0.00000e+00
9.47000e+02 4.84525e-13 0.00000e+00
9.48000e+02 4.68164e-13 0.00000e+00
9.49000e+02 4.46420e-13 0.00000e+00
9.50000e+02 5.02196e-13 0.00000e+00
9.51000e+02 4.83314e-13 0.00000e+00
9.52000e+02 4.65802e-13 0.00000e+00
9.53000e+02 4.45785e-13 0.00000e+00
9.54000e+02 4.84333e-13 0.00000e+00
9.55000e+02 5.51482e-13 0.00000e+00
9.56000e+02 5.14827e-13 0.00000e+00
9.57000e+02 4.31257e-13 0.00000e+00
9.58000e+02 4.28583e-13 0.00000e+00
9.59000e+02 4.89741e-13 0.00000e+00
9.60000e+02 5.27845e-13 0.00000e+00
9.61000e+02 4.87643e-13 0.00000e+00
9.62000e+02 4.49836e-13 0.00000e+00
9.63000e+02 4.41750e-13 0.00000e+00
9.64000e+02 5.16835e-13 0.00000e+00
9.65000e+02 5.24940e-13 0.00000e+00
9.66000e+02 4.76461e-13 0.00000e+00
9.67000e+02 4.82785e-13 0.00000e+00
9.68000e+02 3.93754e-13 0.00000e+00
9.69000e+02 4.58350e-13 0.00000e+00
9.70000e+02 4.61344e-13 0.00000e+00
9.71000e+02 4.94984e-13 0.00000e+00
9.72000e+02 4.63900e-13 0.00000e+00
9.73000e+02 3.73100e-13 0.00000e+00
9.74000e+02 4.78801e-13 0.00000e+00
9.75000e+02 4.91056e-13 0.00000e+00
9.76000e+02 3.88406e-13 0.00000e+00
9.77000e+02 5.23659e-13 0.00000e+00
9.78000e+02 4.79236e-13 0.00000e+00
9.79000e+02 4.38094e-13 0.00000e+00
9.80000e+02 4.55231e-13 0.00000e+00
9.81000e+02 4.29651e-13 0.00000e+00
9.82000e+02 4.23492e-13 0.00000e+00
9.83000e+02 4.89467e-13 0.00000e+00
9.84000e+02 4.39013e-13 0.00000e+00
9.85000e+02 5.15386e-13 0.00000e+00
9.86000e+02 4.09216e-13 0.00000e+00
9.87000e+02 4.80481e-13 0.00000e+00
9.88000e+02 4.60181e-13 0.00000e+00
9.89000e+02 3.95395e-13 0.00000e+00
9.90000e+02 3.87243e-13 0.00000e+00
9.91000e+02 4.18132e-13 0.00000e+00
9.92000e+02 3.78016e-13 0.00000e+00
9.93000e+02 4.14030e-13 0.00000e+00
9.94000e+02 4.23762e-13 0.00000e+00
9.95000e+02 4.22476e-13 0.00000e+00
9.96000e+02 4.30907e-13 0.00000e+00
9.97000e+02 3.90848e-13 0.00000e+00
9.98000e+02 3.89657e-13 0.00000e+00
9.99000e+02 4.16172e-13 0.00000e+00
1.00000e+03 4.28488e-13 0.00000e+00
1.00100e+03 3.90852e-13 0.00000e+00
1.00200e+03 4.40924e-13 0.00000e+00
1.00300e+03 3.96461e-13 0.00000e+00
1.00400e+03 4.04580e-13 0.00000e+00
1.00500e+03 3.81570e-13 0.00000e+00
1.00600e+03 3.94203e-13 0.00000e+00
1.00700e+03 3.69685e-13 0.00000e+00
1.00800e+03 4.50298e-13 0.00000e+00
1.00900e+03 3.97841e-13 0.00000e+00
1.01000e+03 4.51668e-13 0.00000e+00
1.01100e+03 4.14105e-13 0.00000e+00
1.01200e+03 3.78964e-13 0.00000e+00
1.01300e+03 4.09860e-13 0.00000e+00
1.01400e+03 4.47684e-13 0.00000e+00
1.01500e+03 3.89611e-13 0.00000e+00
1.01600e+03 3.62361e-13 0.00000e+00
1.01700e+03 3.69127e-13 0.00000e+00
1.01800e+03 3.85077e-13 0.00000e+00
1.01900e+03 3.66823e-13 0.00000e+00
1.02000e+03 4.18936e-13 0.00000e+00
1.02100e+03 3.80858e-13 0.00000e+00
1.02200e+03 3.68399e-13 0.00000e+00
1.02300e+03 3.98175e-13 0.00000e+00
1.02400e+03 3.69230e-13 0.00000e+00
1.02500e+03 3.59326e-13 0.00000e+00
1.02600e+03 3.38784e-13 0.00000e+00
1.02700e+03 3.33542e-13 0.00000e+00
1.02800e+03 3.32281e-13 0.00000e+00
1.02900e+03 3.66025e-13 0.00000e+00
1.03000e+03 3.15479e-13 0.00000e+00
1.03100e+03 4.00772e-13 0.00000e+00
1.03200e+03 3.38728e-13 0.00000e+00
1.03300e+03 4.00533e-13 0.00000e+00
1.03400e+03 3.11978e-13 0.00000e+00
1.03500e+03 3.28220e-13 0.00000e+00
1.03600e+03 3.56618e-13 0.00000e+00
1.03700e+03 3.49942e-13 0.00000e+00
1.03800e+03 3.06962e-13 0.00000e+00
1.03900e+03 3.83770e-13 0.00000e+00
1.04000e+03 3.55612e-13 0.00000e+00
1.04100e+03 3.65589e-13 0.00000e+00
1.04200e+03 3.93417e-13 0.00000e+00
1.04300e+03 3.38607e-13 0.00000e+00
1.04400e+03 3.58165e-13 0.00000e+00
1.04500e+03 3.40793e-13 0.00000e+00
1.04600e+03 3.81083e-13 0.00000e+00
1.04700e+03 3.14523e-13 0.00000e+00
1.04800e+03 3.24445e-13 0.00000e+00
1.04900e+03 3.10170e-13 0.00000e+00
1.05000e+03 3.92744e-13 0.00000e+00
1.05100e+03 3.23729e-13 0.00000e+00
1.05200e+03 3.67251e-13 0.00000e+00
1.05300e+03 3.77147e-13 0.00000e+00
1.05400e+03 3.20004e-13 0.00000e+00
1.05500e+03 3.43610e-13 0.00000e+00
1.05600e+03 3.29991e-13 0.00000e+00
1.05700e+03 3.51948e-13 0.00000e+00
1.05800e+03 2.95239e-13 0.00000e+00
1.05900e+03 3.15230e-13 0.00000e+00
1.06000e+03 3.09980e-13 0.00000e+00
1.06100e+03 3.35926e-13 0.00000e+00
1.06200e+03 4.02236e-13 0.00000e+00
1.06300e+03 3.68637e-13 0.00000e+00
1.06400e+03 3.64499e-13 0.00000e+00
1.06500e+03 2.68842e-13 0.00000e+00
1.06600e+03 3.36279e-13 0.00000e+00
1.06700e+03 2.97057e-13 0.00000e+00
1.06800e+03 2.63938e-13 0.00000e+00
1.06900e+03 3.13324e-13 0.00000e+00
1.07000e+03 2.95268e-13 0.00000e+00
1.07100e+03 3.06139e-13 0.00000e+00
1.07200e+03 2.88089e-13 0.00000e+00
1.07300e+03 3.04106e-13 0.00000e+00
1.07400e+03 3.00450e-13 0.00000e+00
1.07500e+03 2.79620e-13 0.00000e+00
1.07600e+03 3.10820e-13 0.00000e+00
1.07700e+03 3.01662e-13 0.00000e+00
1.07800e+03 3.32634e-13 0.00000e+00
1.07900e+03 3.59034e-13 0.00000e+00
1.08000e+03 3.02574e-13 0.00000e+00
1.08100e+03 2.69765e-13 0.00000e+00
1.08200e+03 2.98533e-13 0.00000e+00
1.08300e+03 2.93929e-13 0.00000e+00
1.08400e+03 2.74619e-13 0.00000e+00
1.08500e+03 3.36060e-13 0.00000e+00
1.08600e+03 2.93699e-13 0.00000e+00
1.08700e+03 3.06065e-13 0.00000e+00
1.08800e+03 2.91605e-13 0.00000e+00
1.08900e+03 2.67949e-13 0.00000e+00
1.09000e+03 2.91230e-13 0.00000e+00
1.09100e+03 2.55242e-13 0.00000e+00
1.09200e+03 3.01134e-13 0.00000e+00
1.09300e+03 3.21673e-13 0.00000e+00
1.09400e+03 3.09697e-13 0.00000e+00
1.09500e+03 3.00784e-13 0.00000e+00
1.09600e+03 2.95303e-13 0.00000e+00
1.09700e+03 2.83451e-13 0.00000e+00
1.09800e+03 2.68718e-13 0.00000e+00
1.09900e+03 3.00909e-13 0.00000e+00
1.10000e+03 2.53011e-13 0.00000e+00
1.10100e+03 2.71272e-13 0.00000e+00
1.10200e+03 2.50615e-13 0.00000e+00
1.10300e+03 2.89368e-13 0.00000e+00
1.10400e+03 2.91562e-13 0.00000e+00
1.10500e+03 2.78542e-13 0.00000e+00
1.10600e+03 3.21595e-13 0.00000e+00
1.10700e+03 2.70801e-13 0.00000e+00
1.10800e+03 2.68862e-13 0.00000e+00
1.10900e+03 2.67913e-13 0.00000e+00
1.11000e+03 2.42396e-13 0.00000e+00
1.11100e+03 2.43227e-13 0.00000e+00
1.11200e+03 2.76557e-13 0.00000e+00
1.11300e+03 2.40790e-13 0.00000e+00
1.11400e+03 2.17126e-13 0.00000e+00
1.11500e+03 2.56457e-13 0.00000e+00
1.11600e+03 2.78214e-13 0.00000e+00
1.11700e+03 2.79107e-13 0.00000e+00
1.11800e+03 2.53228e-13 0.00000e+00
1.11900e+03 2.64673e-13 0.00000e+00
1.12000e+03 2.33611e-13 0.00000e+00
1.12100e+03 2.91049e-13 0.00000e+00
1.12200e+03 2.28639e-13 0.00000e+00
1.12300e+03 2.58233e-13 0.00000e+00
1.12400e+03 2.54281e-13 0.00000e+00
1.12500e+03 2.42308e-13 0.00000e+00
1.12600e+03 2.28014e-13 0.00000e+00
1.12700e+03 2.46191e-13 0.00000e+00
1.12800e+03 2.68133e-13 0.00000e+00
1.12900e+03 2.76311e-13 0.00000e+00
1.13000e+03 2.52108e-13 0.00000e+00
1.13100e+03 2.34676e-13 0.00000e+00
1.13200e+03 2.33470e-13 0.00000e+00
1.13300e+03 2.65330e-13 0.00000e+00
1.13400e+03 2.37370e-13 0.00000e+00
1.13500e+03 2.55771e-13 0.00000e+00
1.13600e+03 2.01348e-13 0.00000e+00
1.13700e+03 2.51687e-13 0.00000e+00
1.13800e+03 2.57911e-13 0.00000e+00
1.13900e+03 2.58407e-13 0.00000e+00
1.14000e+03 2.68275e-13 0.00000e+00
1.14100e+03 2.23780e-13 0.00000e+00
1.14200e+03 2.34479e-13 0.00000e+00
1.14300e+03 2.34925e-13 0.00000e+00
1.14400e+03 2.43159e-13 0.00000e+00
1.14500e+03 2.27383e-13 0.00000e+00
1.14600e+03 2.19810e-13 0.00000e+00
1.14700e+03 2.31407e-13 0.00000e+00
1.14800e+03 2.16436e-13 0.00000e+00
1.14900e+03 2.20085e-13 0.00000e+00
1.15000e+03 2.64845e-13 0.00000e+00
1.15100e+03 2.09336e-13 0.00000e+00
1.15200e+03 2.25020e-13 0.00000e+00
1.15300e+03 2.44730e-13 0.00000e+00
1.15400e+03 2.29692e-13 0.00000e+00
1.15500e+03 2.30934e-13 0.00000e+00
1.15600e+03 2.23206e-13 0.00000e+00
1.15700e+03 2.43822e-13 0.00000e+00
1.15800e+03 2.11657e-13 0.00000e+00
1.15900e+03 2.39768e-13 0.00000e+00
1.16000e+03 1.96660e-13 0.00000e+00
1.16100e+03 2.08829e-13 0.00000e+00
1.16200e+03 2.19805e-13 0.00000e+00
1.16300e+03 2.30898e-13 0.00000e+00
1.16400e+03 2.27277e-13 0.00000e+00
1.16500e+03 2.14694e-13 0.00000e+00
1.16600e+03 2.21832e-13 0.00000e+00
1.16700e+03 2.12998e-13 0.00000e+00
1.16800e+03 2.09889e-13 0.00000e+00
1.16900e+03 2.10572e-13 0.00000e+00
1.17000e+03 2.10939e-13 0.00000e+00
1.17100e+03 2.20360e-13 0.00000e+00
1.17200e+03 2.34529e-13 0.00000e+00
1.17300e+03 1.93763e-13 0.00000e+00
1.17400e+03 2.54347e-13 0.00000e+00
1.17500e+03 1.97792e-13 0.00000e+00
1.17600e+03 2.03842e-13 0.00000e+00
1.17700e+03 2.33006e-13 0.00000e+00
1.17800e+03 2.05698e-13 0.00000e+00
1.17900e+03 1.89060e-13 0.00000e+00
1.18000e+03 2.21655e-13 0.00000e+00
1.18100e+03 1.85509e-13 0.00000e+00
1.18200e+03 1.88876e-13 0.00000e+00
1.18300e+03 1.87238e-13 0.00000e+00
1.18400e+03 1.73491e-13 0.00000e+00
1.18500e+03 2.05637e-13 0.00000e+00
1.18600e+03 2.04792e-13 0.00000e+00
1.18700e+03 2.08145e-13 0.00000e+00
1.18800e+03 1.93656e-13 0.00000e+00
1.18900e+03 1.85424e-13 0.00000e+00
1.19000e+03 1.78699e-13 0.00000e+00
1.19100e+03 2.21566e-13 0.00000e+00
1.19200e+03 2.01368e-13 0.00000e+00
1.19300e+03 1.68393e-13 0.00000e+00
1.19400e+03 2.06539e-13 0.00000e+00
1.19500e+03 2.06696e-13 0.00000e+00
1.19600e+03 1.98230e-13 0.00000e+00
1.19700e+03 1.98636e-13 0.00000e+00
1.19800e+03 1.74579e-13 0.00000e+00
1.19900e+03 1.84620e-13 0.00000e+00
1.20000e+03 1.87843e-13 0.00000e+00
1.20100e+03 1.76214e-13 0.00000e+00
1.20200e+03 1.58078e-13 0.00000e+00
1.20300e+03 1.86600e-13 0.00000e+00
1.20400e+03 1.86453e-13 0.00000e+00
1.20500e+03 1.94735e-13 0.00000e+00
1.20600e+03 1.98643e-13 0.00000e+00
1.20700e+03 1.80812e-13 0.00000e+00
1.20800e+03 1.92848e-13 0.00000e+00
1.20900e+03 1.66926e-13 0.00000e+00
1.21000e+03 1.94944e-13 0.00000e+00
1.21100e+03 1.77600e-13 0.00000e+00
1.21200e+03 1.84878e-13 0.00000e+00
1.21300e+03 1.67370e-13 0.00000e+00
1.21400e+03 1.76999e-13 0.00000e+00
1.21500e+03 1.88839e-13 0.00000e+00
1.21600e+03 1.68901e-13 0.00000e+00
1.21700e+03 1.82988e-13 0.00000e+00
1.21800e+03 1.57172e-13 0.00000e+00
1.21900e+03 1.65886e-13 0.00000e+00
1.22000e+03 1.88926e-13 0.00000e+00
1.22100e+03 1.72923e-13 0.00000e+00
1.22200e+03 1.69419e-13 0.00000e+00
1.22300e+03 1.69034e-13 0.00000e+00
1.22400e+03 1.73584e-13 0.00000e+00
1.22500e+03 1.64194e-13 0.00000e+00
1.22600e+03 1.61643e-13 0.00000e+00
1.22700e+03 1.73785e-13 0.00000e+00
1.22800e+03 1.72695e-13 0.00000e+00
1.22900e+03 1.64976e-13 0.00000e+00
1.23000e+03 1.73263e-13 0.00000e+00
1.23100e+03 1.69742e-13 0.00000e+00
1.23200e+03 1.80156e-13 0.00000e+00
1.23300e+03 1.55253e-13 0.00000e+00
1.23400e+03 1.65105e-13 0.00000e+00
1.23500e+03 1.47257e-13 0.00000e+00
1.23600e+03 1.71118e-13 0.00000e+00
1.23700e+03 1.66565e-13 0.00000e+00
1.23800e+03 1.33943e-13 0.00000e+00
1.23900e+03 1.59871e-13 0.00000e+00
1.24000e+03 1.71182e-13 0.00000e+00
1.24100e+03 1.39648e-13 0.00000e+00
1.24200e+03 1.58875e-13 0.00000e+00
1.24300e+03 1.34517e-13 0.00000e+00
1.24400e+03 1.41124e-13 0.00000e+00
1.24500e+03 1.43701e-13 0.00000e+00
1.24600e+03 1.23073e-13 0.00000e+00
1.24700e+03 1.60817e-13 0.00000e+00
1.24800e+03 1.40259e-13 0.00000e+00
1.24900e+03 1.52799e-13 0.00000e+00
1.25000e+03 1.41178e-13 0.00000e+00
1.25100e+03 1.39058e-13 0.00000e+00
1.25200e+03 1.32840e-13 0.00000e+00
1.25300e+03 1.67672e-13 0.00000e+00
1.25400e+03 1.42938e-13 0.00000e+00
1.25500e+03 1.35702e-13 0.00000e+00
1.25600e+03 1.35305e-13 0.00000e+00
1.25700e+03 1.36712e-13 0.00000e+00
1.25800e+03 1.48057e-13 0.00000e+00
1.25900e+03 1.50842e-13 0.00000e+00
1.26000e+03 1.29997e-13 0.00000e+00
1.26100e+03 1.53851e-13 0.00000e+00
1.26200e+03 1.49832e-13 0.00000e+00
1.26300e+03 1.36537e-13 0.00000e+00
1.26400e+03 1.41882e-13 0.00000e+00
1.26500e+03 1.47349e-13 0.00000e+00
1.26600e+03 1.51439e-13 0.00000e+00
1.26700e+03 1.40820e-13 0.00000e+00
1.26800e+03 1.35295e-13 0.00000e+00
1.26900e+03 1.36787e-13 0.00000e+00
1.27000e+03 1.43071e-13 0.00000e+00
1.27100e+03 1.41918e-13 0.00000e+00
1.27200e+03 1.62027e-13 0.00000e+00
1.27300e+03 1.45200e-13 0.00000e+00
1.27400e+03 1.27177e-13 0.00000e+00
1.27500e+03 1.37412e-13 0.00000e+00
1.27600e+03 1.49430e-13 0.00000e+00
1.27700e+03 1.27464e-13 0.00000e+00
1.27800e+03 1.20303e-13 0.00000e+00
1.27900e+03 1.23185e-13 0.00000e+00
1.28000e+03 1.43586e-13 0.00000e+00
1.28100e+03 1.32169e-13 0.00000e+00
1.28200e+03 1.36546e-13 0.00000e+00
1.28300e+03 1.35741e-13 0.00000e+00
1.28400e+03 1.29490e-13 0.00000e+00
1.28500e+03 1.24620e-13 0.00000e+00
1.28600e+03 1.21778e-13 0.00000e+00
1.28700e+03 1.17148e-13 0.00000e+00
1.28800e+03 1.42655e-13 0.00000e+00
1.28900e+03 1.33200e-13 0.00000e+00
1.29000e+03 1.21571e-13 0.00000e+00
1.29100e+03 1.27523e-13 0.00000e+00
1.29200e+03 1.21737e-13 0.00000e+00
1.29300e+03 1.36610e-13 0.00000e+00
1.29400e+03 1.34119e-13 0.00000e+00
1.29500e+03 1.33071e-13 0.00000e+00
1.29600e+03 1.25151e-13 0.00000e+00
1.29700e+03 1.06289e-13 0.00000e+00
1.29800e+03 1.12843e-13 0.00000e+00
1.29900e+03 1.18115e-13 0.00000e+00
1.30000e+03 1.16642e-13 0.00000e+00
1.30100e+03 1.09541e-13 0.00000e+00
1.30200e+03 1.29441e-13 0.00000e+00
1.30300e+03 1.06584e-13 0.00000e+00
1.30400e+03 1.22807e-13 0.00000e+00
1.30500e+03 1.16308e-13 0.00000e+00
1.30600e+03 1.25319e-13 0.00000e+00
1.30700e+03 1.10711e-13 0.00000e+00
1.30800e+03 1.12286e-13 0.00000e+00
1.30900e+03 1.11623e-13 0.00000e+00
1.31000e+03 1.14105e-13 0.00000e+00
1.31100e+03 1.14652e-13 0.00000e+00
1.31200e+03 1.15307e-13 0.00000e+00
1.31300e+03 1.12228e-13 0.00000e+00
1.31400e+03 1.10614e-13 0.00000e+00
1.31500e+03 1.15965e-13 0.00000e+00
1.31600e+03 1.14741e-13 0.00000e+00
1.31700e+03 1.12917e-13 0.00000e+00
1.31800e+03 1.08576e-13 0.00000e+00
1.31900e+03 1.09487e-13 0.00000e+00
1.32000e+03 1.10391e-13 0.00000e+00
1.32100e+03 1.15419e-13 0.00000e+00
1.32200e+03 1.07387e-13 0.00000e+00
1.32300e+03 1.13645e-13 0.00000e+00
1.32400e+03 1.14367e-13 0.00000e+00
1.32500e+03 1.15151e-13 0.00000e+00
1.32600e+03 1.03132e-13 0.00000e+00
1.32700e+03 1.09116e-13 0.00000e+00
1.32800e+03 1.06985e-13 0.00000e+00
1.32900e+03 1.11159e-13 0.00000e+00
1.33000e+03 1.02035e-13 0.00000e+00
1.33100e+03 9.25852e-14 0.00000e+00
1.33200e+03 1.17656e-13 0.00000e+00
1.33300e+03 1.10598e-13 0.00000e+00
1.33400e+03 1.15568e-13 0.00000e+00
1.33500e+03 1.06133e-13 0.00000e+00
1.33600e+03 1.03052e-13 0.00000e+00
1.33700e+03 9.61820e-14 0.00000e+00
1.33800e+03 9.79753e-14 0.00000e+00
1.33900e+03 9.04222e-14 0.00000e+00
1.34000e+03 1.01515e-13 0.00000e+00
1.34100e+03 1.06729e-13 0.00000e+00
1.34200e+03 9.99770e-14 0.00000e+00
1.34300e+03 1.05303e-13 0.00000e+00
1.34400e+03 1.13858e-13 0.00000e+00
1.34500e+03 1.04496e-13 0.00000e+00
1.34600e+03 9.83186e-14 0.00000e+00
1.34700e+03 9.20031e-14 0.00000e+00
1.34800e+03 1.07475e-13 0.00000e+00
1.34900e+03 9.55621e-14 0.00000e+00
1.35000e+03 9.11350e-14 0.00000e+00
1.35100e+03 9.31308e-14 0.00000e+00
1.35200e+03 1.01714e-13 0.00000e+00
1.35300e+03 8.61729e-14 0.00000e+00
1.35400e+03 9.41235e-14 0.00000e+00
1.35500e+03 9.44247e-14 0.00000e+00
1.35600e+03 1.01499e-13 0.00000e+00
1.35700e+03 8.90699e-14 0.00000e+00
1.35800e+03 9.88642e-14 0.00000e+00
1.35900e+03 9.24762e-14 0.00000e+00
1.36000e+03 8.72997e-14 0.00000e+00
1.36100e+03 1.05541e-13 0.00000e+00
1.36200e+03 9.19025e-14 0.00000e+00
1.36300e+03 9.11673e-14 0.00000e+00
1.36400e+03 8.76190e-14 0.00000e+00
1.36500e+03 8.42356e-14 0.00000e+00
1.36600e+03 8.02504e-14 0.00000e+00
1.36700e+03 9.11066e-14 0.00000e+00
1.36800e+03 1.01850e-13 0.00000e+00
1.36900e+03 8.85853e-14 0.00000e+00
1.37000e+03 8.68108e-14 0.00000e+00
1.37100e+03 9.04546e-14 0.00000e+00
1.37200e+03 8.79939e-14 0.00000e+00
1.37300e+03 9.13720e-14 0.00000e+00
1.37400e+03 8.16716e-14 0.00000e+00
1.37500e+03 9.39950e-14 0.00000e+00
1.37600e+03 8.42301e-14 0.00000e+00
1.37700e+03 8.26332e-14 0.00000e+00
1.37800e+03 8.29658e-14 0.00000e+00
1.37900e+03 8.39300e-14 0.00000e+00
1.38000e+03 8.10591e-14 0.00000e+00
1.38100e+03 8.63412e-14 0.00000e+00
1.38200e+03 9.83979e-14 0.00000e+00
1.38300e+03 8.62698e-14 0.00000e+00
1.38400e+03 7.52834e-14 0.00000e+00
1.38500e+03 8.20638e-14 0.00000e+00
1.38600e+03 1.01541e-13 0.00000e+00
1.38700e+03 7.75312e-14 0.00000e+00
1.38800e+03 8.41748e-14 0.00000e+00
1.38900e+03 8.58622e-14 0.00000e+00
1.39000e+03 7.39061e-14 0.00000e+00
1.39100e+03 8.24452e-14 0.00000e+00
1.39200e+03 7.39075e-14 0.00000e+00
1.39300e+03 7.85943e-14 0.00000e+00
1.39400e+03 8.42115e-14 0.00000e+00
1.39500e+03 8.41545e-14 0.00000e+00
1.39600e+03 8.08427e-14 0.00000e+00
1.39700e+03 7.85007e-14 0.00000e+00
1.39800e+03 7.76536e-14 0.00000e+00
1.39900e+03 7.68207e-14 0.00000e+00
1.40000e+03 8.86453e-14 0.00000e+00
1.40100e+03 8.31155e-14 0.00000e+00
1.40200e+03 7.56101e-14 0.00000e+00
1.40300e+03 7.44986e-14 0.00000e+00
1.40400e+03 6.94875e-14 0.00000e+00
1.40500e+03 6.88182e-14 0.00000e+00
1.40600e+03 7.75622e-14 0.00000e+00
1.40700e+03 8.09567e-14 0.00000e+00
1.40800e+03 7.61748e-14 0.00000e+00
1.40900e+03 7.25827e-14 0.00000e+00
1.41000e+03 8.07251e-14 0.00000e+00
1.41100e+03 6.53481e-14 0.00000e+00
1.41200e+03 7.56926e-14 0.00000e+00
1.41300e+03 7.42249e-14 0.00000e+00
1.41400e+03 7.04764e-14 0.00000e+00
1.41500e+03 7.63074e-14 0.00000e+00
1.41600e+03 6.40511e-14 0.00000e+00
1.41700e+03 7.02684e-14 0.00000e+00
1.41800e+03 6.35899e-14 0.00000e+00
1.41900e+03 7.34672e-14 0.00000e+00
1.42000e+03 7.00243e-14 0.00000e+00
1.42100e+03 6.94310e-14 0.00000e+00
1.42200e+03 6.84866e-14 0.00000e+00
1.42300e+03 6.57963e-14 0.00000e+00
1.42400e+03 6.89159e-14 0.00000e+00
1.42500e+03 6.12527e-14 0.00000e+00
1.42600e+03 7.15034e-14 0.00000e+00
1.42700e+03 6.89711e-14 0.00000e+00
1.42800e+03 6.43353e-14 0.00000e+00
1.42900e+03 6.71535e-14 0.00000e+00
1.43000e+03 6.81226e-14 0.00000e+00
1.43100e+03 6.43219e-14 0.00000e+00
1.43200e+03 6.41735e-14 0.00000e+00
1.43300e+03 7.24335e-14 0.00000e+00
1.43400e+03 6.86585e-14 0.00000e+00
1.43500e+03 6.53352e-14 0.00000e+00
1.43600e+03 7.19333e-14 0.00000e+00
1.43700e+03 5.99731e-14 0.00000e+00
1.43800e+03 6.46255e-14 0.00000e+00
1.43900e+03 6.42575e-14 0.00000e+00
1.44000e+03 6.38444e-14 0.00000e+00
1.44100e+03 7.40606e-14 0.00000e+00
1.44200e+03 5.97540e-14 0.00000e+00
1.44300e+03 6.53360e-14 0.00000e+00
1.44400e+03 7.02736e-14 0.00000e+00
1.44500e+03 6.55535e-14 0.00000e+00
1.44600e+03 6.27298e-14 0.00000e+00
1.44700e+03 6.49495e-14 0.00000e+00
1.44800e+03 6.37124e-14 0.00000e+00
1.44900e+03 5.74335e-14 0.00000e+00
1.45000e+03 6.42727e-14 0.00000e+00
1.45100e+03 6.04994e-14 0.00000e+00
1.45200e+03 6.32446e-14 0.00000e+00
1.45300e+03 5.81712e-14 0.00000e+00
1.45400e+03 6.15562e-14 0.00000e+00
1.45500e+03 5.71377e-14 0.00000e+00
1.45600e+03 5.96814e-14 0.00000e+00
1.45700e+03 5.37290e-14 0.00000e+00
1.45800e+03 6.03215e-14 0.00000e+00
1.45900e+03 5.90645e-14 0.00000e+00
1.46000e+03 5.81557e-14 0.00000e+00
1.46100e+03 5.80448e-14 0.00000e+00
1.46200e+03 5.99307e-14 0.00000e+00
1.46300e+03 5.85159e-14 0.00000e+00
1.46400e+03 4.97558e-14 0.00000e+00
1.46500e+03 5.57454e-14 0.00000e+00
1.46600e+03 6.05777e-14 0.00000e+00
1.46700e+03 5.55189e-14 0.00000e+00
1.46800e+03 5.95523e-14 0.00000e+00
1.46900e+03 5.26312e-14 0.00000e+00
1.47000e+03 4.79452e-14 0.00000e+00
1.47100e+03 4.98897e-14 0.00000e+00
1.47200e+03 6.33644e-14 0.00000e+00
1.47300e+03 5.08937e-14 0.00000e+00
1.47400e+03 5.76700e-14 0.00000e+00
1.47500e+03 5.10884e-14 0.00000e+00
1.47600e+03 5.75873e-14 0.00000e+00
1.47700e+03 5.63336e-14 0.00000e+00
1.47800e+03 5.59099e-14 0.00000e+00
1.47900e+03 5.69461e-14 0.00000e+00
1.48000e+03 5.42825e-14 0.00000e+00
1.48100e+03 5.41583e-14 0.00000e+00
1.48200e+03 5.39882e-14 0.00000e+00
1.48300e+03 5.48055e-14 0.00000e+00
1.48400e+03 5.28695e-14 0.00000e+00
1.48500e+03 4.99727e-14 0.00000e+00
1.48600e+03 4.97683e-14 0.00000e+00
1.48700e+03 4.83731e-14 0.00000e+00
1.48800e+03 5.35627e-14 0.00000e+00
1.48900e+03 5.02254e-14 0.00000e+00
1.49000e+03 4.70632e-14 0.00000e+00
1.49100e+03 4.52329e-14 0.00000e+00
1.49200e+03 4.94324e-14 0.00000e+00
1.49300e+03 4.81629e-14 0.00000e+00
1.49400e+03 4.86100e-14 0.00000e+00
1.49500e+03 5.22951e-14 0.00000e+00
1.49600e+03 4.75964e-14 0.00000e+00
1.49700e+03 4.56183e-14 0.00000e+00
1.49800e+03 5.01612e-14 0.00000e+00
1.49900e+03 4.54109e-14 0.00000e+00
1.50000e+03 4.72864e-14 0.00000e+00
1.50100e+03 5.11942e-14 0.00000e+00
1.50200e+03 4.76410e-14 0.00000e+00
1.50300e+03 4.97830e-14 0.00000e+00
1.50400e+03 4.95330e-14 0.00000e+00
1.50500e+03 4.51706e-14 0.00000e+00
1.50600e+03 4.69075e-14 0.00000e+00
1.50700e+03 4.92745e-14 0.00000e+00
1.50800e+03 4.56978e-14 0.00000e+00
1.50900e+03 4.74130e-14 0.00000e+00
1.51000e+03 4.04886e-14 0.00000e+00
1.51100e+03 4.49363e-14 0.00000e+00
1.51200e+03 4.54535e-14 0.00000e+00
1.51300e+03 4.42851e-14 0.00000e+00
1.51400e+03 4.82896e-14 0.00000e+00
1.51500e+03 4.41661e-14 0.00000e+00
1.51600e+03 4.49682e-14 0.00000e+00
1.51700e+03 4.62670e-14 0.00000e+00
1.51800e+03 4.93210e-14 0.00000e+00
1.51900e+03 4.50680e-14 0.00000e+00
1.52000e+03 4.76467e-14 0.00000e+00
1.52100e+03 3.82961e-14 0.00000e+00
1.52200e+03 4.28081e-14 0.00000e+00
1.52300e+03 4.65930e-14 0.00000e+00
1.52400e+03 4.79534e-14 0.00000e+00
1.52500e+03 3.91295e-14 0.00000e+00
1.52600e+03 4.37698e-14 0.00000e+00
1.52700e+03 4.37982e-14 0.00000e+00
1.52800e+03 4.30216e-14 0.00000e+00
1.52900e+03 4.53299e-14 0.00000e+00
1.53000e+03 4.60303e-14 0.00000e+00
1.53100e+03 3.95175e-14 0.00000e+00
1.53200e+03 3.82162e-14 0.00000e+00
1.53300e+03 4.08906e-14 0.00000e+00
1.53400e+03 3.76135e-14 0.00000e+00
1.53500e+03 4.51103e-14 0.00000e+00
1.53600e+03 3.86191e-14 0.00000e+00
1.53700e+03 4.31605e-14 0.00000e+00
1.53800e+03 3.71037e-14 0.00000e+00
1.53900e+03 4.47501e-14 0.00000e+00
1.54000e+03 4.30019e-14 0.00000e+00
1.54100e+03 4.00339e-14 0.00000e+00
1.54200e+03 4.58844e-14 0.00000e+00
1.54300e+03 3.65736e-14 0.00000e+00
1.54400e+03 4.28608e-14 0.00000e+00
1.54500e+03 4.30895e-14 0.00000e+00
1.54600e+03 3.58858e-14 0.00000e+00
1.54700e+03 3.44433e-14 0.00000e+00
1.54800e+03 3.91158e-14 0.00000e+00
1.54900e+03 3.58474e-14 0.00000e+00
1.55000e+03 4.04440e-14 0.00000e+00
1.55100e+03 4.18452e-14 0.00000e+00
1.55200e+03 4.02141e-14 0.00000e+00
1.55300e+03 3.69831e-14 0.00000e+00
1.55400e+03 3.84415e-14 0.00000e+00
1.55500e+03 3.56578e-14 0.00000e+00
1.55600e+03 3.50227e-14 0.00000e+00
1.55700e+03 3.20957e-14 0.00000e+00
1.55800e+03 3.53141e-14 0.00000e+00
1.55900e+03 3.94183e-14 0.00000e+00
1.56000e+03 3.96917e-14 0.00000e+00
1.56100e+03 3.98788e-14 0.00000e+00
1.56200e+03 3.47163e-14 0.00000e+00
1.56300e+03 3.54265e-14 0.00000e+00
1.56400e+03 3.22306e-14 0.00000e+00
1.56500e+03 3.90441e-14 0.00000e+00
1.56600e+03 3.29678e-14 0.00000e+00
1.56700e+03 3.45018e-14 0.00000e+00
1.56800e+03 3.54898e-14 0.00000e+00
1.56900e+03 3.13872e-14 0.00000e+00
1.57000e+03 3.45478e-14 0.00000e+00
1.57100e+03 3.60183e-14 0.00000e+00
1.57200e+03 3.09674e-14 0.00000e+00
1.57300e+03 3.20464e-14 0.00000e+00
1.57400e+03 3.25301e-14 0.00000e+00
1.57500e+03 3.37429e-14 0.00000e+00
1.57600e+03 3.15813e-14 0.00000e+00
1.57700e+03 3.10004e-14 0.00000e+00
1.57800e+03 3.09821e-14 0.00000e+00
1.57900e+03 3.09858e-14 0.00000e+00
1.58000e+03 3.54431e-14 0.00000e+00
1.58100e+03 3.20879e-14 0.00000e+00
1.58200e+03 3.30815e-14 0.00000e+00
1.58300e+03 3.27519e-14 0.00000e+00
1.58400e+03 3.26872e-14 0.00000e+00
1.58500e+03 3.34078e-14 0.00000e+00
1.58600e+03 3.47208e-14 0.00000e+00
1.58700e+03 3.34746e-14 0.00000e+00
1.58800e+03 3.11636e-14 0.00000e+00
1.58900e+03 3.23395e-14 0.00000e+00
1.59000e+03 2.83094e-14 0.00000e+00
1.59100e+03 2.85700e-14 0.00000e+00
1.59200e+03 3.46994e-14 0.00000e+00
1.59300e+03 2.81546e-14 0.00000e+00
1.59400e+03 2.88596e-14 0.00000e+00
1.59500e+03 2.82666e-14 0.00000e+00
1.59600e+03 3.11461e-14 0.00000e+00
1.59700e+03 2.82557e-14 0.00000e+00
1.59800e+03 2.65707e-14 0.00000e+00
1.59900e+03 3.22189e-14 0.00000e+00
1.60000e+03 2.88984e-14 0.00000e+00
1.60100e+03 3.10404e-14 0.00000e+00
1.60200e+03 2.88663e-14 0.00000e+00
1.60300e+03 3.26486e-14 0.00000e+00
1.60400e+03 3.17859e-14 0.00000e+00
1.60500e+03 3.38616e-14 0.00000e+00
1.60600e+03 3.15730e-14 0.00000e+00
1.60700e+03 2.79795e-14 0.00000e+00
1.60800e+03 2.89668e-14 0.00000e+00
1.60900e+03 2.64536e-14 0.00000e+00
1.61000e+03 2.99557e-14 0.00000e+00
1.61100e+03 2.62552e-14 0.00000e+00
1.61200e+03 2.66604e-14 0.00000e+00
1.61300e+03 2.86429e-14 0.00000e+00
1.61400e+03 2.50989e-14 0.00000e+00
1.61500e+03 2.83610e-14 0.00000e+00
1.61600e+03 2.42437e-14 0.00000e+00
1.61700e+03 2.72570e-14 0.00000e+00
1.61800e+03 3.04754e-14 0.00000e+00
1.61900e+03 2.44356e-14 0.00000e+00
1.62000e+03 2.50895e-14 0.00000e+00
1.62100e+03 2.71710e-14 0.00000e+00
1.62200e+03 2.79430e-14 0.00000e+00
1.62300e+03 2.39991e-14 0.00000e+00
1.62400e+03 2.19412e-14 0.00000e+00
1.62500e+03 2.78835e-14 0.00000e+00
1.62600e+03 2.59565e-14 0.00000e+00
1.62700e+03 2.68974e-14 0.00000e+00
1.62800e+03 2.86153e-14 0.00000e+00
1.62900e+03 2.40014e-14 0.00000e+00
1.63000e+03 2.59037e-14 0.00000e+00
1.63100e+03 2.69760e-14 0.00000e+00
1.63200e+03 2.47079e-14 0.00000e+00
1.63300e+03 2.39643e-14 0.00000e+00
1.63400e+03 2.54969e-14 0.00000e+00
1.63500e+03 2.43847e-14 0.00000e+00
1.63600e+03 2.34631e-14 0.00000e+00
1.63700e+03 2.88432e-14 0.00000e+00
1.63800e+03 2.41963e-14 0.00000e+00
1.63900e+03 2.40020e-14 0.00000e+00
1.64000e+03 2.29455e-14 0.00000e+00
1.64100e+03 2.33949e-14 0.00000e+00
1.64200e+03 2.83318e-14 0.00000e+00
1.64300e+03 2.30031e-14 0.00000e+00
1.64400e+03 2.35784e-14 0.00000e+00
1.64500e+03 2.42710e-14 0.00000e+00
1.64600e+03 2.06839e-14 0.00000e+00
1.64700e+03 2.25448e-14 0.00000e+00
1.64800e+03 2.26087e-14 0.00000e+00
1.64900e+03 2.01076e-14 0.00000e+00
1.65000e+03 2.50233e-14 0.00000e+00
1.65100e+03 2.20496e-14 0.00000e+00
1.65200e+03 2.23312e-14 0.00000e+00
1.65300e+03 2.45062e-14 0.00000e+00
1.65400e+03 2.26802e-14 0.00000e+00
1.65500e+03 2.19417e-14 0.00000e+00
1.65600e+03 2.39841e-14 0.00000e+00
1.65700e+03 2.47115e-14 0.00000e+00
1.65800e+03 2.29253e-14 0.00000e+00
1.65900e+03 2.10088e-14 0.00000e+00
1.66000e+03 2.48649e-14 0.00000e+00
1.66100e+03 2.08322e-14 0.00000e+00
1.66200e+03 2.09618e-14 0.00000e+00
1.66300e+03 2.13535e-14 0.00000e+00
1.66400e+03 2.06428e-14 0.00000e+00
1.66500e+03 2.03359e-14 0.00000e+00
1.66600e+03 2.07711e-14 0.00000e+00
1.66700e+03 1.72027e-14 0.00000e+00
1.66800e+03 2.12804e-14 0.00000e+00
1.66900e+03 1.90380e-14 0.00000e+00
1.67000e+03 2.37280e-14 0.00000e+00
1.67100e+03 2.11190e-14 0.00000e+00
1.67200e+03 1.68998e-14 0.00000e+00
1.67300e+03 2.15230e-14 0.00000e+00
1.67400e+03 2.10045e-14 0.00000e+00
1.67500e+03 2.27631e-14 0.00000e+00
1.67600e+03 1.77437e-14 0.00000e+00
1.67700e+03 2.03229e-14 0.00000e+00
1.67800e+03 2.36094e-14 0.00000e+00
1.67900e+03 1.86472e-14 0.00000e+00
1.68000e+03 1.85791e-14 0.00000e+00
1.68100e+03 1.83317e-14 0.00000e+00
1.68200e+03 2.06285e-14 0.00000e+00
1.68300e+03 1.91170e-14 0.00000e+00
1.68400e+03 1.86705e-14 0.00000e+00
1.68500e+03 1.81058e-14 0.00000e+00
1.68600e+03 2.03221e-14 0.00000e+00
1.68700e+03 2.17414e-14 0.00000e+00
1.68800e+03 1.79732e-14 0.00000e+00
1.68900e+03 2.03399e-14 0.00000e+00
1.69000e+03 1.60171e-14 0.00000e+00
1.69100e+03 1.88215e-14 0.00000e+00
1.69200e+03 1.95493e-14 0.00000e+00
1.69300e+03 1.69213e-14 0.00000e+00
1.69400e+03 1.75428e-14 0.00000e+00
1.69500e+03 1.98835e-14 0.00000e+00
1.69600e+03 1.78642e-14 0.00000e+00
1.69700e+03 1.60043e-14 0.00000e+00
1.69800e+03 1.84182e-14 0.00000e+00
1.69900e+03 1.71791e-14 0.00000e+00
1.70000e+03 1.62324e-14 0.00000e+00
1.70100e+03 1.87985e-14 0.00000e+00
1.70200e+03 1.78373e-14 0.00000e+00
1.70300e+03 1.88097e-14 0.00000e+00
1.70400e+03 1.98339e-14 0.00000e+00
1.70500e+03 1.71748e-14 0.00000e+00
1.70600e+03 1.74532e-14 0.00000e+00
1.70700e+03 1.79023e-14 0.00000e+00
1.70800e+03 1.50816e-14 0.00000e+00
1.70900e+03 1.52655e-14 0.00000e+00
1.71000e+03 1.61824e-14 0.00000e+00
1.71100e+03 1.54470e-14 0.00000e+00
1.71200e+03 1.61529e-14 0.00000e+00
1.71300e+03 1.77428e-14 0.00000e+00
1.71400e+03 1.28148e-14 0.00000e+00
1.71500e+03 1.68279e-14 0.00000e+00
1.71600e+03 1.73659e-14 0.00000e+00
1.71700e+03 1.56259e-14 0.00000e+00
1.71800e+03 1.60292e-14 0.00000e+00
1.71900e+03 1.58449e-14 0.00000e+00
1.72000e+03 1.52881e-14 0.00000e+00
1.72100e+03 1.47887e-14 0.00000e+00
1.72200e+03 1.65485e-14 0.00000e+00
1.72300e+03 1.67860e-14 0.00000e+00
1.72400e+03 1.65879e-14 0.00000e+00
1.72500e+03 1.49859e-14 0.00000e+00
1.72600e+03 1.53091e-14 0.00000e+00
1.72700e+03 1.49570e-14 0.00000e+00
1.72800e+03 1.48852e-14 0.00000e+00
1.72900e+03 1.59677e-14 0.00000e+00
1.73000e+03 1.65926e-14 0.00000e+00
1.73100e+03 1.39172e-14 0.00000e+00
1.73200e+03 1.49012e-14 0.00000e+00
1.73300e+03 1.34950e-14 0.00000e+00
1.73400e+03 1.39506e-14 0.00000e+00
1.73500e+03 1.44438e-14 0.00000e+00
1.73600e+03 1.41688e-14 0.00000e+00
1.73700e+03 1.69259e-14 0.00000e+00
1.73800e+03 1.37518e-14 0.00000e+00
1.73900e+03 1.42265e-14 0.00000e+00
1.74000e+03 1.45676e-14 0.00000e+00
1.74100e+03 1.27833e-14 0.00000e+00
1.74200e+03 1.32759e-14 0.00000e+00
1.74300e+03 1.42161e-14 0.00000e+00
1.74400e+03 1.52014e-14 0.00000e+00
1.74500e+03 1.56840e-14 0.00000e+00
1.74600e+03 1.41080e-14 0.00000e+00
1.74700e+03 1.13053e-14 0.00000e+00
1.74800e+03 1.37357e-14 0.00000e+00
1.74900e+03 1.30731e-14 0.00000e+00
1.75000e+03 1.31206e-14 0.00000e+00
1.75100e+03 1.30596e-14 0.00000e+00
1.75200e+03 1.47608e-14 0.00000e+00
1.75300e+03 1.44668e-14 0.00000e+00
1.75400e+03 1.41515e-14 0.00000e+00
1.75500e+03 1.29172e-14 0.00000e+00
1.75600e+03 1.32541e-14 0.00000e+00
1.75700e+03 1.31718e-14 0.00000e+00
1.75800e+03 1.43656e-14 0.00000e+00
1.75900e+03 1.29822e-14 0.00000e+00
1.76000e+03 1.27451e-14 0.00000e+00
1.76100e+03 1.36945e-14 0.00000e+00
1.76200e+03 1.24608e-14 0.00000e+00
1.76300e+03 1.20937e-14 0.00000e+00
1.76400e+03 1.30599e-14 0.00000e+00
1.76500e+03 1.38065e-14 0.00000e+00
1.76600e+03 1.26075e-14 0.00000e+00
1.76700e+03 1.22054e-14 0.00000e+00
1.76800e+03 1.27972e-14 0.00000e+00
1.76900e+03 1.20616e-14 0.00000e+00
1.77000e+03 9.82838e-15 0.00000e+00
1.77100e+03 1.17877e-14 0.00000e+00
1.77200e+03 1.04061e-14 0.00000e+00
1.77300e+03 1.45673e-14 0.00000e+00
1.77400e+03 1.11202e-14 0.00000e+00
1.77500e+03 1.23879e-14 0.00000e+00
1.77600e+03 1.22127e-14 0.00000e+00
1.77700e+03 1.28756e-14 0.00000e+00
1.77800e+03 1.13047e-14 0.00000e+00
1.77900e+03 1.21842e-14 0.00000e+00
1.78000e+03 1.12331e-14 0.00000e+00
1.78100e+03 1.16113e-14 0.00000e+00
1.78200e+03 1.15127e-14 0.00000e+00
1.78300e+03 1.08608e-14 0.00000e+00
1.78400e+03 1.08854e-14 0.00000e+00
1.78500e+03 1.19444e-14 0.00000e+00
1.78600e+03 1.23869e-14 0.00000e+00
1.78700e+03 1.05200e-14 0.00000e+00
1.78800e+03 1.08349e-14 0.00000e+00
1.78900e+03 1.11457e-14 0.00000e+00
1.79000e+03 1.07942e-14 0.00000e+00
1.79100e+03 1.04168e-14 0.00000e+00
1.79200e+03 1.07946e-14 0.00000e+00
1.79300e+03 9.48385e-15 0.00000e+00
1.79400e+03 1.04175e-14 0.00000e+00
1.79500e+03 9.04695e-15 0.00000e+00
1.79600e+03 9.28285e-15 0.00000e+00
1.79700e+03 9.83981e-15 0.00000e+00
1.79800e+03 1.14031e-14 0.00000e+00
1.79900e+03 1.00657e-14 0.00000e+00
1.80000e+03 1.01339e-14 0.00000e+00
1.80100e+03 1.04954e-14 0.00000e+00
1.80200e+03 1.05093e-14 0.00000e+00
1.80300e+03 1.09506e-14 0.00000e+00
1.80400e+03 1.00059e-14 0.00000e+00
1.80500e+03 1.09481e-14 0.00000e+00
1.80600e+03 9.01187e-15 0.00000e+00
1.80700e+03 1.04905e-14 0.00000e+00
1.80800e+03 9.71669e-15 0.00000e+00
1.80900e+03 9.05321e-15 0.00000e+00
1.81000e+03 9.84758e-15 0.00000e+00
1.81100e+03 9.72263e-15 0.00000e+00
1.81200e+03 1.13798e-14 0.00000e+00
1.81300e+03 8.58195e-15 0.00000e+00
1.81400e+03 1.09132e-14 0.00000e+00
1.81500e+03 9.93700e-15 0.00000e+00
1.81600e+03 8.58010e-15 0.00000e+00
1.81700e+03 1.01938e-14 0.00000e+00
1.81800e+03 9.71520e-15 0.00000e+00
1.81900e+03 1.00018e-14 0.00000e+00
1.82000e+03 1.07545e-14 0.00000e+00
1.82100e+03 8.60509e-15 0.00000e+00
1.82200e+03 1.02817e-14 0.00000e+00
1.82300e+03 7.78941e-15 0.00000e+00
1.82400e+03 8.84511e-15 0.00000e+00
1.82500e+03 8.94948e-15 0.00000e+00
1.82600e+03 8.23914e-15 0.00000e+00
1.82700e+03 7.50433e-15 0.00000e+00
1.82800e+03 9.63332e-15 0.00000e+00
1.82900e+03 8.55143e-15 0.00000e+00
1.83000e+03 8.09397e-15 0.00000e+00
1.83100e+03 7.68896e-15 0.00000e+00
1.83200e+03 7.71790e-15 0.00000e+00
1.83300e+03 8.12197e-15 0.00000e+00
1.83400e+03 9.45504e-15 0.00000e+00
1.83500e+03 9.37640e-15 0.00000e+00
1.83600e+03 8.96421e-15 0.00000e+00
1.83700e+03 9.36335e-15 0.00000e+00
1.83800e+03 8.02455e-15 0.00000e+00
1.83900e+03 7.96573e-15 0.00000e+00
1.84000e+03 9.29277e-15 0.00000e+00
1.84100e+03 8.13540e-15 0.00000e+00
1.84200e+03 7.10487e-15 0.00000e+00
1.84300e+03 7.65561e-15 0.00000e+00
1.84400e+03 8.38239e-15 0.00000e+00
1.84500e+03 7.56564e-15 0.00000e+00
1.84600e+03 7.34738e-15 0.00000e+00
1.84700e+03 7.36480e-15 0.00000e+00
1.84800e+03 7.89612e-15 0.00000e+00
1.84900e+03 8.34513e-15 0.00000e+00
1.85000e+03 8.71002e-15 0.00000e+00
1.85100e+03 7.23728e-15 0.00000e+00
1.85200e+03 7.06570e-15 0.00000e+00
1.85300e+03 7.53134e-15 0.00000e+00
1.85400e+03 7.59114e-15 0.00000e+00
1.85500e+03 8.29454e-15 0.00000e+00
1.85600e+03 7.74073e-15 0.00000e+00
1.85700e+03 6.88704e-15 0.00000e+00
1.85800e+03 6.71247e-15 0.00000e+00
1.85900e+03 8.05746e-15 0.00000e+00
1.86000e+03 7.19257e-15 0.00000e+00
1.86100e+03 7.70766e-15 0.00000e+00
1.86200e+03 8.28796e-15 0.00000e+00
1.86300e+03 7.07417e-15 0.00000e+00
1.86400e+03 8.32242e-15 0.00000e+00
1.86500e+03 7.15343e-15 0.00000e+00
1.86600e+03 7.24084e-15 0.00000e+00
1.86700e+03 7.30331e-15 0.00000e+00
1.86800e+03 6.65834e-15 0.00000e+00
1.86900e+03 6.25345e-15 0.00000e+00
1.87000e+03 6.91660e-15 0.00000e+00
1.87100e+03 7.23782e-15 0.00000e+00
1.87200e+03 6.39567e-15 0.00000e+00
1.87300e+03 7.51955e-15 0.00000e+00
1.87400e+03 7.00421e-15 0.00000e+00
1.87500e+03 6.35066e-15 0.00000e+00
1.87600e+03 6.78478e-15 0.00000e+00
1.87700e+03 6.77103e-15 0.00000e+00
1.87800e+03 7.51580e-15 0.00000e+00
1.87900e+03 6.05020e-15 0.00000e+00
1.88000e+03 6.40032e-15 0.00000e+00
1.88100e+03 6.79527e-15 0.00000e+00
1.88200e+03 6.51767e-15 0.00000e+00
1.88300e+03 7.41035e-15 0.00000e+00
1.88400e+03 7.00264e-15 0.00000e+00
1.88500e+03 6.55444e-15 0.00000e+00
1.88600e+03 6.08087e-15 0.00000e+00
1.88700e+03 7.36562e-15 0.00000e+00
1.88800e+03 5.99874e-15 0.00000e+00
1.88900e+03 7.12084e-15 0.00000e+00
1.89000e+03 6.64672e-15 0.00000e+00
1.89100e+03 6.87241e-15 0.00000e+00
1.89200e+03 5.79093e-15 0.00000e+00
1.89300e+03 5.58802e-15 0.00000e+00
1.89400e+03 6.15603e-15 0.00000e+00
1.89500e+03 5.97210e-15 0.00000e+00
1.89600e+03 5.55541e-15 0.00000e+00
1.89700e+03 5.46605e-15 0.00000e+00
1.89800e+03 5.73395e-15 0.00000e+00
1.89900e+03 5.80126e-15 0.00000e+00
1.90000e+03 4.69384e-15 0.00000e+00
1.90100e+03 5.26675e-15 0.00000e+00
1.90200e+03 6.26317e-15 0.00000e+00
1.90300e+03 5.64790e-15 0.00000e+00
1.90400e+03 6.17152e-15 0.00000e+00
1.90500e+03 5.56961e-15 0.00000e+00
1.90600e+03 5.78186e-15 0.00000e+00
1.90700e+03 5.10827e-15 0.00000e+00
1.90800e+03 6.26752e-15 0.00000e+00
1.90900e+03 5.80535e-15 0.00000e+00
1.91000e+03 5.55702e-15 0.00000e+00
1.91100e+03 5.03354e-15 0.00000e+00
1.91200e+03 6.07629e-15 0.00000e+00
1.91300e+03 5.25825e-15 0.00000e+00
1.91400e+03 5.67313e-15 0.00000e+00
1.91500e+03 5.34303e-15 0.00000e+00
1.91600e+03 5.33084e-15 0.00000e+00
1.91700e+03 5.32995e-15 0.00000e+00
1.91800e+03 5.10314e-15 0.00000e+00
1.91900e+03 4.95207e-15 0.00000e+00
1.92000e+03 5.25873e-15 0.00000e+00
1.92100e+03 4.97617e-15 0.00000e+00
1.92200e+03 5.45872e-15 0.00000e+00
1.92300e+03 5.09664e-15 0.00000e+00
1.92400e+03 4.52034e-15 0.00000e+00
1.92500e+03 4.88491e-15 0.00000e+00
1.92600e+03 4.82738e-15 0.00000e+00
1.92700e+03 5.54025e-15 0.00000e+00
1.92800e+03 4.80794e-15 0.00000e+00
1.92900e+03 5.14109e-15 0.00000e+00
1.93000e+03 4.62508e-15 0.00000e+00
1.93100e+03 5.15720e-15 0.00000e+00
1.93200e+03 4.33714e-15 0.00000e+00
1.93300e+03 5.02835e-15 0.00000e+00
1.93400e+03 5.07665e-15 0.00000e+00
1.93500e+03 4.30129e-15 0.00000e+00
1.93600e+03 5.19538e-15 0.00000e+00
1.93700e+03 4.77895e-15 0.00000e+00
1.93800e+03 4.67490e-15 0.00000e+00
1.93900e+03 4.81703e-15 0.00000e+00
1.94000e+03 4.45290e-15 0.00000e+00
1.94100e+03 4.78750e-15 0.00000e+00
1.94200e+03 4.77068e-15 0.00000e+00
1.94300e+03 4.55024e-15 0.00000e+00
1.94400e+03 4.90035e-15 0.00000e+00
1.94500e+03 4.56770e-15 0.00000e+00
1.94600e+03 4.44848e-15 0.00000e+00
1.94700e+03 4.04645e-15 0.00000e+00
1.94800e+03 4.32822e-15 0.00000e+00
1.94900e+03 4.87954e-15 0.00000e+00
1.95000e+03 4.06575e-15 0.00000e+00
1.95100e+03 4.70864e-15 0.00000e+00
1.95200e+03 4.89689e-15 0.00000e+00
1.95300e+03 4.27784e-15 0.00000e+00
1.95400e+03 4.32782e-15 0.00000e+00
1.95500e+03 4.27644e-15 0.00000e+00
1.95600e+03 3.84407e-15 0.00000e+00
1.95700e+03 4.08846e-15 0.00000e+00
1.95800e+03 4.26091e-15 0.00000e+00
1.95900e+03 4.24543e-15 0.00000e+00
1.96000e+03 4.20985e-15 0.00000e+00
1.96100e+03 3.93434e-15 0.00000e+00
1.96200e+03 3.50814e-15 0.00000e+00
1.96300e+03 4.38213e-15 0.00000e+00
1.96400e+03 4.10020e-15 0.00000e+00
1.96500e+03 4.78106e-15 0.00000e+00
1.96600e+03 4.35386e-15 0.00000e+00
1.96700e+03 4.06381e-15 0.00000e+00
1.96800e+03 3.73746e-15 0.00000e+00
1.96900e+03 3.66677e-15 0.00000e+00
1.97000e+03 3.97675e-15 0.00000e+00
1.97100e+03 3.59742e-15 0.00000e+00
1.97200e+03 3.94446e-15 0.00000e+00
1.97300e+03 3.66849e-15 0.00000e+00
1.97400e+03 3.56653e-15 0.00000e+00
1.97500e+03 3.65813e-15 0.00000e+00
1.97600e+03 3.58842e-15 0.00000e+00
1.97700e+03 3.84439e-15 0.00000e+00
1.97800e+03 3.96640e-15 0.00000e+00
1.97900e+03 4.02258e-15 0.00000e+00
1.98000e+03 3.31329e-15 0.00000e+00
1.98100e+03 3.38289e-15 0.00000e+00
1.98200e+03 3.85026e-15 0.00000e+00
1.98300e+03 3.45077e-15 0.00000e+00
1.98400e+03 3.50472e-15 0.00000e+00
1.98500e+03 3.55037e-15 0.00000e+00
1.98600e+03 3.63592e-15 0.00000e+00
1.98700e+03 3.64806e-15 0.00000e+00
1.98800e+03 3.70008e-15 0.00000e+00
1.98900e+03 3.44148e-15 0.00000e+00
1.99000e+03 3.14418e-15 0.00000e+00
1.99100e+03 3.46395e-15 0.00000e+00
1.99200e+03 3.42354e-15 0.00000e+00
1.99300e+03 2.94246e-15 0.00000e+00
1.99400e+03 3.46220e-15 0.00000e+00
1.99500e+03 3.39632e-15 0.00000e+00
1.99600e+03 3.12439e-15 0.00000e+00
1.99700e+03 3.21169e-15 0.00000e+00
1.99800e+03 3.03244e-15 0.00000e+00
1.99900e+03 3.38065e-15 0.00000e+00
2.00000e+03 3.10190e-15 0.00000e+00
