0.00000e+00 0.00000e+00 0.00000e+00
1.00000e+00 0.00000e+00 0.00000e+00
2.00000e+00 0.00000e+00 0.00000e+00
3.00000e+00 0.00000e+00 0.00000e+00
4.00000e+00 0.00000e+00 0.00000e+00
5.00000e+00 0.00000e+00 0.00000e+00
6.00000e+00 0.00000e+00 0.00000e+00
7.00000e+00 0.00000e+00 0.00000e+00
8.00000e+00 0.00000e+00 0.00000e+00
9.00000e+00 0.00000e+00 0.00000e+00
1.00000e+01 0.00000e+00 0.00000e+00
1.10000e+01 0.00000e+00 0.00000e+00
1.20000e+01 0.00000e+00 0.00000e+00
1.30000e+01 0.00000e+00 0.00000e+00
1.40000e+01 0.00000e+00 0.00000e+00
1.50000e+01 0.00000e+00 0.00000e+00
1.60000e+01 0.00000e+00 0.00000e+00
1.70000e+01 0.00000e+00 0.00000e+00
1.80000e+01 0.00000e+00 0.00000e+00
1.90000e+01 0.00000e+00 0.00000e+00
2.00000e+01 0.00000e+00 0.00000e+00
2.10000e+01 0.00000e+00 0.00000e+00
2.20000e+01 0.00000e+00 0.00000e+00
2.30000e+01 0.00000e+00 0.00000e+00
2.40000e+01 0.00000e+00 0.00000e+00
2.50000e+01 0.00000e+00 0.00000e+00
2.60000e+01 0.00000e+00 0.00000e+00
2.70000e+01 0.00000e+00 0.00000e+00
2.80000e+01 0.00000e+00 0.00000e+00
2.90000e+01 0.00000e+00 0.00000e+00
3.00000e+01 0.00000e+00 0.00000e+00
3.10000e+01 0.00000e+00 0.00000e+00
3.20000e+01 0.00000e+00 0.00000e+00
3.30000e+01 0.00000e+00 0.00000e+00
3.40000e+01 0.00000e+00 0.00000e+00
3.50000e+01 0.00000e+00 0.00000e+00
3.60000e+01 0.00000e+00 0.00000e+00
3.70000e+01 0.00000e+00 0.00000e+00
3.80000e+01 0.00000e+00 0.00000e+00
3.90000e+01 0.00000e+00 0.00000e+00
4.00000e+01 0.00000e+00 0.00000e+00
4.10000e+01 0.00000e+00 0.00000e+00
4.20000e+01 0.00000e+00 0.00000e+00
4.30000e+01 0.00000e+00 0.00000e+00
4.40000e+01 0.00000e+00 0.00000e+00
4.50000e+01 0.00000e+00 0.00000e+00
4.60000e+01 0.00000e+00 0.00000e+00
4.70000e+01 0.00000e+00 0.00000e+00
4.80000e+01 0.00000e+00 0.00000e+00
4.90000e+01 0.00000e+00 0.00000e+00
5.00000e+01 0.00000e+00 0.00000e+00
5.10000e+01 0.00000e+00 0.00000e+00
5.20000e+01 0.00000e+00 0.00000e+00
5.30000e+01 0.00000e+00 0.00000e+00
5.40000e+01 0.00000e+00 0.00000e+00
5.50000e+01 0.00000e+00 0.00000e+00
5.60000e+01 0.00000e+00 0.00000e+00
5.70000e+01 0.00000e+00 0.00000e+00
5.80000e+01 0.00000e+00 0.00000e+00
5.90000e+01 0.00000e+00 0.00000e+00
6.00000e+01 0.00000e+00 0.00000e+00
6.10000e+01 0.00000e+00 0.00000e+00
6.20000e+01 0.00000e+00 0.00000e+00
6.30000e+01 0.00000e+00 0.00000e+00
6.40000e+01 0.00000e+00 0.00000e+00
6.50000e+01 0.00000e+00 0.00000e+00
6.60000e+01 0.00000e+00 0.00000e+00
6.70000e+01 0.00000e+00 0.00000e+00
6.80000e+01 0.00000e+00 0.00000e+00
6.90000e+01 0.00000e+00 0.00000e+00
7.00000e+01 0.00000e+00 0.00000e+00
7.10000e+01 0.00000e+00 0.00000e+00
7.20000e+01 0.00000e+00 0.00000e+00
7.30000e+01 0.00000e+00 0.00000e+00
7.40000e+01 0.00000e+00 0.00000e+00
7.50000e+01 0.00000e+00 0.00000e+00
7.60000e+01 0.00000e+00 0.00000e+00
7.70000e+01 0.00000e+00 0.00000e+00
7.80000e+01 0.00000e+00 0.00000e+00
7.90000e+01 0.00000e+00 0.00000e+00
8.00000e+01 0.00000e+00 0.00000e+00
8.10000e+01 0.00000e+00 0.00000e+00
8.20000e+01 0.00000e+00 0.00000e+00
8.30000e+01 0.00000e+00 0.00000e+00
8.40000e+01 0.00000e+00 0.00000e+00
8.50000e+01 0.00000e+00 0.00000e+00
8.60000e+01 0.00000e+00 0.00000e+00
8.70000e+01 0.00000e+00 0.00000e+00
8.80000e+01 0.00000e+00 0.00000e+00
8.90000e+01 0.00000e+00 0.00000e+00
9.00000e+01 0.00000e+00 0.00000e+00
9.10000e+01 0.00000e+00 0.00000e+00
9.20000e+01 0.00000e+00 0.00000e+00
9.30000e+01 0.00000e+00 0.00000e+00
9.40000e+01 0.00000e+00 0.00000e+00
9.50000e+01 0.00000e+00 0.00000e+00
9.60000e+01 0.00000e+00 0.00000e+00
9.70000e+01 0.00000e+00 0.00000e+00
9.80000e+01 0.00000e+00 0.00000e+00
9.90000e+01 0.00000e+00 0.00000e+00
1.00000e+02 1.90054e-11 0.00000e+00
1.01000e+02 2.26270e-11 0.00000e+00
1.02000e+02 2.12439e-11 0.00000e+00
1.03000e+02 1.32995e-11 0.00000e+00
1.04000e+02 1.70340e-11 0.00000e+00
1.05000e+02 2.06079e-11 0.00000e+00
1.06000e+02 2.07504e-11 0.00000e+00
1.07000e+02 1.73807e-11 0.00000e+00
1.08000e+02 1.96414e-11 0.00000e+00
1.09000e+02 2.15230e-11 0.00000e+00
1.10000e+02 2.60650e-11 0.00000e+00
1.11000e+02 2.51045e-11 0.00000e+00
1.12000e+02 1.90489e-11 0.00000e+00
1.13000e+02 3.05052e-11 0.00000e+00
1.14000e+02 2.14707e-11 0.00000e+00
1.15000e+02 2.54196e-11 0.00000e+00
1.16000e+02 1.83160e-11 0.00000e+00
1.17000e+02 1.99649e-11 0.00000e+00
1.18000e+02 8.80057e-12 0.00000e+00
1.19000e+02 2.01617e-11 0.00000e+00
1.20000e+02 2.27199e-11 0.00000e+00
1.21000e+02 2.27701e-11 0.00000e+00
1.22000e+02 2.03139e-11 0.00000e+00
1.23000e+02 2.09705e-11 0.00000e+00
1.24000e+02 2.06412e-11 0.00000e+00
1.25000e+02 1.54893e-11 0.00000e+00
1.26000e+02 1.82429e-11 0.00000e+00
1.27000e+02 2.18852e-11 0.00000e+00
1.28000e+02 1.99099e-11 0.00000e+00
1.29000e+02 1.44252e-11 0.00000e+00
1.30000e+02 1.69291e-11 0.00000e+00
1.31000e+02 2.15490e-11 0.00000e+00
1.32000e+02 1.71236e-11 0.00000e+00
1.33000e+02 1.74414e-11 0.00000e+00
1.34000e+02 2.11222e-11 0.00000e+00
1.35000e+02 1.33090e-11 0.00000e+00
1.36000e+02 1.78106e-11 0.00000e+00
1.37000e+02 1.27688e-11 0.00000e+00
1.38000e+02 1.63254e-11 0.00000e+00
1.39000e+02 1.52587e-11 0.00000e+00
1.40000e+02 1.47387e-11 0.00000e+00
1.41000e+02 2.03711e-11 0.00000e+00
1.42000e+02 1.56108e-11 0.00000e+00
1.43000e+02 1.64301e-11 0.00000e+00
1.44000e+02 1.72623e-11 0.00000e+00
1.45000e+02 1.66056e-11 0.00000e+00
1.46000e+02 1.81219e-11 0.00000e+00
1.47000e+02 1.32836e-11 0.00000e+00
1.48000e+02 1.80670e-11 0.00000e+00
1.49000e+02 1.71669e-11 0.00000e+00
1.50000e+02 1.77711e-11 0.00000e+00
1.51000e+02 1.29589e-11 0.00000e+00
1.52000e+02 1.40272e-11 0.00000e+00
1.53000e+02 7.91107e-12 0.00000e+00
1.54000e+02 1.95126e-11 0.00000e+00
1.55000e+02 1.99822e-11 0.00000e+00
1.56000e+02 1.03954e-11 0.00000e+00
1.57000e+02 1.70765e-11 0.00000e+00
1.58000e+02 1.43952e-11 0.00000e+00
1.59000e+02 1.25702e-11 0.00000e+00
1.60000e+02 1.46205e-11 0.00000e+00
1.61000e+02 1.17496e-11 0.00000e+00
1.62000e+02 1.54617e-11 0.00000e+00
1.63000e+02 1.52842e-11 0.00000e+00
1.64000e+02 1.59622e-11 0.00000e+00
1.65000e+02 1.46858e-11 0.00000e+00
1.66000e+02 1.25372e-11 0.00000e+00
1.67000e+02 1.80513e-11 0.00000e+00
1.68000e+02 1.22849e-11 0.00000e+00
1.69000e+02 1.62564e-11 0.00000e+00
1.70000e+02 1.84111e-11 0.00000e+00
1.71000e+02 1.37114e-11 0.00000e+00
1.72000e+02 1.41262e-11 0.00000e+00
1.73000e+02 1.46388e-11 0.00000e+00
1.74000e+02 1.12774e-11 0.00000e+00
1.75000e+02 1.55695e-11 0.00000e+00
1.76000e+02 1.62701e-11 0.00000e+00
1.77000e+02 1.13109e-11 0.00000e+00
1.78000e+02 1.28040e-11 0.00000e+00
1.79000e+02 1.64218e-11 0.00000e+00
1.80000e+02 1.47942e-11 0.00000e+00
1.81000e+02 1.33903e-11 0.00000e+00
1.82000e+02 1.82033e-11 0.00000e+00
1.83000e+02 1.27525e-11 0.00000e+00
1.84000e+02 1.69590e-11 0.00000e+00
1.85000e+02 1.40705e-11 0.00000e+00
1.86000e+02 1.18326e-11 0.00000e+00
1.87000e+02 1.26178e-11 0.00000e+00
1.88000e+02 1.43004e-11 0.00000e+00
1.89000e+02 1.37876e-11 0.00000e+00
1.90000e+02 1.37795e-11 0.00000e+00
1.91000e+02 1.06724e-11 0.00000e+00
1.92000e+02 1.22995e-11 0.00000e+00
1.93000e+02 1.45390e-11 0.00000e+00
1.94000e+02 1.22270e-11 0.00000e+00
1.95000e+02 1.32000e-11 0.00000e+00
1.96000e+02 1.24769e-11 0.00000e+00
1.97000e+02 1.04099e-11 0.00000e+00
1.98000e+02 1.27585e-11 0.00000e+00
1.99000e+02 1.13749e-11 0.00000e+00
2.00000e+02 1.37498e-11 0.00000e+00
2.01000e+02 1.29890e-11 0.00000e+00
2.02000e+02 1.18566e-11 0.00000e+00
2.03000e+02 1.32176e-11 0.00000e+00
2.04000e+02 1.35884e-11 0.00000e+00
2.05000e+02 9.20631e-12 0.00000e+00
2.06000e+02 1.70707e-11 0.00000e+00
2.07000e+02 1.12064e-11 0.00000e+00
2.08000e+02 1.16365e-11 0.00000e+00
2.09000e+02 9.75274e-12 0.00000e+00
2.10000e+02 1.51904e-11 0.00000e+00
2.11000e+02 1.16261e-11 0.00000e+00
2.12000e+02 1.32095e-11 0.00000e+00
2.13000e+02 1.20619e-11 0.00000e+00
2.14000e+02 1.41709e-11 0.00000e+00
2.15000e+02 9.46984e-12 0.00000e+00
2.16000e+02 1.16063e-11 0.00000e+00
2.17000e+02 1.10547e-11 0.00000e+00
2.18000e+02 1.33452e-11 0.00000e+00
2.19000e+02 1.27595e-11 0.00000e+00
2.20000e+02 1.09586e-11 0.00000e+00
2.21000e+02 1.39451e-11 0.00000e+00
2.22000e+02 1.24730e-11 0.00000e+00
2.23000e+02 1.09340e-11 0.00000e+00
2.24000e+02 1.22751e-11 0.00000e+00
2.25000e+02 1.39941e-11 0.00000e+00
2.26000e+02 1.31275e-11 0.00000e+00
2.27000e+02 1.21843e-11 0.00000e+00
2.28000e+02 1.07059e-11 0.00000e+00
2.29000e+02 1.37753e-11 0.00000e+00
2.30000e+02 1.19846e-11 0.00000e+00
2.31000e+02 1.15324e-11 0.00000e+00
2.32000e+02 1.20476e-11 0.00000e+00
2.33000e+02 9.88912e-12 0.00000e+00
2.34000e+02 1.46277e-11 0.00000e+00
2.35000e+02 1.00791e-11 0.00000e+00
2.36000e+02 1.26484e-11 0.00000e+00
2.37000e+02 8.42122e-12 0.00000e+00
2.38000e+02 1.12744e-11 0.00000e+00
2.39000e+02 1.24338e-11 0.00000e+00
2.40000e+02 1.16877e-11 0.00000e+00
2.41000e+02 1.31405e-11 0.00000e+00
2.42000e+02 1.28805e-11 0.00000e+00
2.43000e+02 9.94403e-12 0.00000e+00
2.44000e+02 1.02116e-11 0.00000e+00
2.45000e+02 1.33550e-11 0.00000e+00
2.46000e+02 1.16545e-11 0.00000e+00
2.47000e+02 9.82325e-12 0.00000e+00
2.48000e+02 1.13223e-11 0.00000e+00
2.49000e+02 1.30755e-11 0.00000e+00
2.50000e+02 1.04802e-11 0.00000e+00
2.51000e+02 1.23456e-11 0.00000e+00
2.52000e+02 9.37321e-12 0.00000e+00
2.53000e+02 8.22235e-12 0.00000e+00
2.54000e+02 1.15263e-11 0.00000e+00
2.55000e+02 9.64854e-12 0.00000e+00
2.56000e+02 1.00646e-11 0.00000e+00
2.57000e+02 9.98857e-12 0.00000e+00
2.58000e+02 9.07852e-12 0.00000e+00
2.59000e+02 1.10147e-11 0.00000e+00
2.60000e+02 1.28214e-11 0.00000e+00
2.61000e+02 1.20675e-11 0.00000e+00
2.62000e+02 8.37049e-12 0.00000e+00
2.63000e+02 1.25494e-11 0.00000e+00
2.64000e+02 1.10662e-11 0.00000e+00
2.65000e+02 1.13870e-11 0.00000e+00
2.66000e+02 1.11967e-11 0.00000e+00
2.67000e+02 1.00992e-11 0.00000e+00
2.68000e+02 1.01192e-11 0.00000e+00
2.69000e+02 9.12107e-12 0.00000e+00
2.70000e+02 1.06802e-11 0.00000e+00
2.71000e+02 9.44181e-12 0.00000e+00
2.72000e+02 1.02442e-11 0.00000e+00
2.73000e+02 1.15279e-11 0.00000e+00
2.74000e+02 1.18681e-11 0.00000e+00
2.75000e+02 1.03252e-11 0.00000e+00
2.76000e+02 7.66123e-12 0.00000e+00
2.77000e+02 9.49537e-12 0.00000e+00
2.78000e+02 1.15055e-11 0.00000e+00
2.79000e+02 9.75966e-12 0.00000e+00
2.80000e+02 9.53472e-12 0.00000e+00
2.81000e+02 1.11332e-11 0.00000e+00
2.82000e+02 1.01658e-11 0.00000e+00
2.83000e+02 7.42097e-12 0.00000e+00
2.84000e+02 1.03639e-11 0.00000e+00
2.85000e+02 1.18854e-11 0.00000e+00
2.86000e+02 1.20162e-11 0.00000e+00
2.87000e+02 1.13086e-11 0.00000e+00
2.88000e+02 9.58689e-12 0.00000e+00
2.89000e+02 8.27853e-12 0.00000e+00
2.90000e+02 1.18451e-11 0.00000e+00
2.91000e+02 9.12464e-12 0.00000e+00
2.92000e+02 9.57843e-12 0.00000e+00
2.93000e+02 7.94121e-12 0.00000e+00
2.94000e+02 1.07081e-11 0.00000e+00
2.95000e+02 1.08911e-11 0.00000e+00
2.96000e+02 1.05708e-11 0.00000e+00
2.97000e+02 9.36438e-12 0.00000e+00
2.98000e+02 1.06462e-11 0.00000e+00
2.99000e+02 1.04052e-11 0.00000e+00
3.00000e+02 8.52347e-12 0.00000e+00
3.01000e+02 8.44941e-12 0.00000e+00
3.02000e+02 9.95332e-12 0.00000e+00
3.03000e+02 9.33029e-12 0.00000e+00
3.04000e+02 9.58991e-12 0.00000e+00
3.05000e+02 8.87632e-12 0.00000e+00
3.06000e+02 1.12129e-11 0.00000e+00
3.07000e+02 9.35997e-12 0.00000e+00
3.08000e+02 1.00550e-11 0.00000e+00
3.09000e+02 1.06977e-11 0.00000e+00
3.10000e+02 1.16144e-11 0.00000e+00
3.11000e+02 7.99859e-12 0.00000e+00
3.12000e+02 9.75088e-12 0.00000e+00
3.13000e+02 1.10187e-11 0.00000e+00
3.14000e+02 8.50919e-12 0.00000e+00
3.15000e+02 9.83580e-12 0.00000e+00
3.16000e+02 1.01752e-11 0.00000e+00
3.17000e+02 7.29875e-12 0.00000e+00
3.18000e+02 9.28513e-12 0.00000e+00
3.19000e+02 7.69867e-12 0.00000e+00
3.20000e+02 8.04343e-12 0.00000e+00
3.21000e+02 1.01650e-11 0.00000e+00
3.22000e+02 9.76139e-12 0.00000e+00
3.23000e+02 1.12867e-11 0.00000e+00
3.24000e+02 8.56276e-12 0.00000e+00
3.25000e+02 8.37150e-12 0.00000e+00
3.26000e+02 8.50666e-12 0.00000e+00
3.27000e+02 9.29162e-12 0.00000e+00
3.28000e+02 9.03367e-12 0.00000e+00
3.29000e+02 8.51594e-12 0.00000e+00
3.30000e+02 7.53236e-12 0.00000e+00
3.31000e+02 1.03412e-11 0.00000e+00
3.32000e+02 7.74851e-12 0.00000e+00
3.33000e+02 7.89530e-12 0.00000e+00
3.34000e+02 1.00465e-11 0.00000e+00
3.35000e+02 8.92306e-12 0.00000e+00
3.36000e+02 1.00456e-11 0.00000e+00
3.37000e+02 1.14184e-11 0.00000e+00
3.38000e+02 7.59492e-12 0.00000e+00
3.39000e+02 8.89611e-12 0.00000e+00
3.40000e+02 8.06483e-12 0.00000e+00
3.41000e+02 9.37919e-12 0.00000e+00
3.42000e+02 7.37691e-12 0.00000e+00
3.43000e+02 8.41180e-12 0.00000e+00
3.44000e+02 8.83762e-12 0.00000e+00
3.45000e+02 9.16146e-12 0.00000e+00
3.46000e+02 9.97655e-12 0.00000e+00
3.47000e+02 6.92796e-12 0.00000e+00
3.48000e+02 8.90828e-12 0.00000e+00
3.49000e+02 8.86994e-12 0.00000e+00
3.50000e+02 8.43098e-12 0.00000e+00
3.51000e+02 8.66810e-12 0.00000e+00
3.52000e+02 9.12664e-12 0.00000e+00
3.53000e+02 9.59643e-12 0.00000e+00
3.54000e+02 8.72702e-12 0.00000e+00
3.55000e+02 8.17008e-12 0.00000e+00
3.56000e+02 9.31430e-12 0.00000e+00
3.57000e+02 8.03251e-12 0.00000e+00
3.58000e+02 9.62201e-12 0.00000e+00
3.59000e+02 7.80704e-12 0.00000e+00
3.60000e+02 8.32030e-12 0.00000e+00
3.61000e+02 8.14193e-12 0.00000e+00
3.62000e+02 9.72534e-12 0.00000e+00
3.63000e+02 7.70015e-12 0.00000e+00
3.64000e+02 7.24393e-12 0.00000e+00
3.65000e+02 7.44668e-12 0.00000e+00
3.66000e+02 8.01211e-12 0.00000e+00
3.67000e+02 9.23450e-12 0.00000e+00
3.68000e+02 9.61525e-12 0.00000e+00
3.69000e+02 8.24246e-12 0.00000e+00
3.70000e+02 7.84063e-12 0.00000e+00
3.71000e+02 8.25229e-12 0.00000e+00
3.72000e+02 8.74778e-12 0.00000e+00
3.73000e+02 7.89291e-12 0.00000e+00
3.74000e+02 9.65500e-12 0.00000e+00
3.75000e+02 8.53079e-12 0.00000e+00
3.76000e+02 8.68279e-12 0.00000e+00
3.77000e+02 8.40883e-12 0.00000e+00
3.78000e+02 9.05597e-12 0.00000e+00
3.79000e+02 6.15998e-12 0.00000e+00
3.80000e+02 8.10746e-12 0.00000e+00
3.81000e+02 7.11511e-12 0.00000e+00
3.82000e+02 9.02855e-12 0.00000e+00
3.83000e+02 8.92999e-12 0.00000e+00
3.84000e+02 7.85244e-12 0.00000e+00
3.85000e+02 7.69479e-12 0.00000e+00
3.86000e+02 7.04603e-12 0.00000e+00
3.87000e+02 7.75887e-12 0.00000e+00
3.88000e+02 7.40924e-12 0.00000e+00
3.89000e+02 7.15962e-12 0.00000e+00
3.90000e+02 7.57671e-12 0.00000e+00
3.91000e+02 6.77449e-12 0.00000e+00
3.92000e+02 9.53614e-12 0.00000e+00
3.93000e+02 7.86143e-12 0.00000e+00
3.94000e+02 6.19891e-12 0.00000e+00
3.95000e+02 7.75294e-12 0.00000e+00
3.96000e+02 7.92468e-12 0.00000e+00
3.97000e+02 8.06971e-12 0.00000e+00
3.98000e+02 9.09427e-12 0.00000e+00
3.99000e+02 8.36549e-12 0.00000e+00
4.00000e+02 7.68225e-12 0.00000e+00
4.01000e+02 7.78660e-12 0.00000e+00
4.02000e+02 7.87425e-12 0.00000e+00
4.03000e+02 8.55623e-12 0.00000e+00
4.04000e+02 8.25560e-12 0.00000e+00
4.05000e+02 7.51735e-12 0.00000e+00
4.06000e+02 7.04450e-12 0.00000e+00
4.07000e+02 8.21466e-12 0.00000e+00
4.08000e+02 8.12211e-12 0.00000e+00
4.09000e+02 6.94472e-12 0.00000e+00
4.10000e+02 7.82950e-12 0.00000e+00
4.11000e+02 7.40072e-12 0.00000e+00
4.12000e+02 6.39954e-12 0.00000e+00
4.13000e+02 8.22447e-12 0.00000e+00
4.14000e+02 8.60235e-12 0.00000e+00
4.15000e+02 8.35776e-12 0.00000e+00
4.16000e+02 6.34719e-12 0.00000e+00
4.17000e+02 7.10626e-12 0.00000e+00
4.18000e+02 7.02962e-12 0.00000e+00
4.19000e+02 7.55418e-12 0.00000e+00
4.20000e+02 7.39708e-12 0.00000e+00
4.21000e+02 7.83545e-12 0.00000e+00
4.22000e+02 6.91844e-12 0.00000e+00
4.23000e+02 6.57297e-12 0.00000e+00
4.24000e+02 7.27445e-12 0.00000e+00
4.25000e+02 6.34316e-12 0.00000e+00
4.26000e+02 5.98708e-12 0.00000e+00
4.27000e+02 8.21290e-12 0.00000e+00
4.28000e+02 6.68080e-12 0.00000e+00
4.29000e+02 5.74469e-12 0.00000e+00
4.30000e+02 7.42546e-12 0.00000e+00
4.31000e+02 7.02814e-12 0.00000e+00
4.32000e+02 7.17766e-12 0.00000e+00
4.33000e+02 6.29250e-12 0.00000e+00
4.34000e+02 8.36984e-12 0.00000e+00
4.35000e+02 7.38770e-12 0.00000e+00
4.36000e+02 7.33750e-12 0.00000e+00
4.37000e+02 7.58318e-12 0.00000e+00
4.38000e+02 7.04073e-12 0.00000e+00
4.39000e+02 6.44048e-12 0.00000e+00
4.40000e+02 6.87135e-12 0.00000e+00
4.41000e+02 5.57755e-12 0.00000e+00
4.42000e+02 6.73805e-12 0.00000e+00
4.43000e+02 6.98316e-12 0.00000e+00
4.44000e+02 7.11982e-12 0.00000e+00
4.45000e+02 7.48550e-12 0.00000e+00
4.46000e+02 6.70727e-12 0.00000e+00
4.47000e+02 6.96303e-12 0.00000e+00
4.48000e+02 6.99282e-12 0.00000e+00
4.49000e+02 6.72334e-12 0.00000e+00
4.50000e+02 7.94039e-12 0.00000e+00
4.51000e+02 7.23156e-12 0.00000e+00
4.52000e+02 7.91834e-12 0.00000e+00
4.53000e+02 7.53429e-12 0.00000e+00
4.54000e+02 6.92734e-12 0.00000e+00
4.55000e+02 6.95562e-12 0.00000e+00
4.56000e+02 6.26119e-12 0.00000e+00
4.57000e+02 7.46253e-12 0.00000e+00
4.58000e+02 6.96692e-12 0.00000e+00
4.59000e+02 7.22400e-12 0.00000e+00
4.60000e+02 6.41724e-12 0.00000e+00
4.61000e+02 7.06753e-12 0.00000e+00
4.62000e+02 8.32748e-12 0.00000e+00
4.63000e+02 6.42524e-12 0.00000e+00
4.64000e+02 6.01943e-12 0.00000e+00
4.65000e+02 7.30664e-12 0.00000e+00
4.66000e+02 5.42485e-12 0.00000e+00
4.67000e+02 6.56338e-12 0.00000e+00
4.68000e+02 8.13926e-12 0.00000e+00
4.69000e+02 7.13938e-12 0.00000e+00
4.70000e+02 6.36740e-12 0.00000e+00
4.71000e+02 6.69887e-12 0.00000e+00
4.72000e+02 7.34302e-12 0.00000e+00
4.73000e+02 7.11223e-12 0.00000e+00
4.74000e+02 7.25541e-12 0.00000e+00
4.75000e+02 6.30786e-12 0.00000e+00
4.76000e+02 6.66180e-12 0.00000e+00
4.77000e+02 6.69004e-12 0.00000e+00
4.78000e+02 6.61469e-12 0.00000e+00
4.79000e+02 7.40905e-12 0.00000e+00
4.80000e+02 6.08412e-12 0.00000e+00
4.81000e+02 6.16940e-12 0.00000e+00
4.82000e+02 6.86454e-12 0.00000e+00
4.83000e+02 6.32180e-12 0.00000e+00
4.84000e+02 6.60271e-12 0.00000e+00
4.85000e+02 6.44196e-12 0.00000e+00
4.86000e+02 6.09540e-12 0.00000e+00
4.87000e+02 6.72475e-12 0.00000e+00
4.88000e+02 5.85020e-12 0.00000e+00
4.89000e+02 7.20437e-12 0.00000e+00
4.90000e+02 6.99299e-12 0.00000e+00
4.91000e+02 7.00581e-12 0.00000e+00
4.92000e+02 6.86418e-12 0.00000e+00
4.93000e+02 7.64682e-12 0.00000e+00
4.94000e+02 7.29377e-12 0.00000e+00
4.95000e+02 6.66175e-12 0.00000e+00
4.96000e+02 6.76832e-12 0.00000e+00
4.97000e+02 6.82616e-12 0.00000e+00
4.98000e+02 7.15935e-12 0.00000e+00
4.99000e+02 6.53788e-12 0.00000e+00
5.00000e+02 5.89345e-12 0.00000e+00
5.01000e+02 6.51245e-12 0.00000e+00
5.02000e+02 6.97966e-12 0.00000e+00
5.03000e+02 6.28516e-12 0.00000e+00
5.04000e+02 7.18809e-12 0.00000e+00
5.05000e+02 6.55093e-12 0.00000e+00
5.06000e+02 6.10137e-12 0.00000e+00
5.07000e+02 6.47960e-12 0.00000e+00
5.08000e+02 7.16665e-12 0.00000e+00
5.09000e+02 6.28426e-12 0.00000e+00
5.10000e+02 6.40092e-12 0.00000e+00
5.11000e+02 7.20697e-12 0.00000e+00
5.12000e+02 6.88262e-12 0.00000e+00
5.13000e+02 5.66821e-12 0.00000e+00
5.14000e+02 6.48159e-12 0.00000e+00
5.15000e+02 6.44652e-12 0.00000e+00
5.16000e+02 6.29130e-12 0.00000e+00
5.17000e+02 6.40506e-12 0.00000e+00
5.18000e+02 5.79267e-12 0.00000e+00
5.19000e+02 7.25358e-12 0.00000e+00
5.20000e+02 5.69690e-12 0.00000e+00
5.21000e+02 5.91643e-12 0.00000e+00
5.22000e+02 6.45848e-12 0.00000e+00
5.23000e+02 6.35095e-12 0.00000e+00
5.24000e+02 5.62997e-12 0.00000e+00
5.25000e+02 6.38990e-12 0.00000e+00
5.26000e+02 5.70959e-12 0.00000e+00
5.27000e+02 5.54177e-12 0.00000e+00
5.28000e+02 6.64571e-12 0.00000e+00
5.29000e+02 6.05356e-12 0.00000e+00
5.30000e+02 5.94644e-12 0.00000e+00
5.31000e+02 6.25962e-12 0.00000e+00
5.32000e+02 6.07101e-12 0.00000e+00
5.33000e+02 5.98294e-12 0.00000e+00
5.34000e+02 5.99580e-12 0.00000e+00
5.35000e+02 5.64022e-12 0.00000e+00
5.36000e+02 6.52627e-12 0.00000e+00
5.37000e+02 6.53740e-12 0.00000e+00
5.38000e+02 4.58388e-12 0.00000e+00
5.39000e+02 6.64650e-12 0.00000e+00
5.40000e+02 6.92087e-12 0.00000e+00
5.41000e+02 6.72630e-12 0.00000e+00
5.42000e+02 6.62318e-12 0.00000e+00
5.43000e+02 5.34677e-12 0.00000e+00
5.44000e+02 5.47229e-12 0.00000e+00
5.45000e+02 7.19876e-12 0.00000e+00
5.46000e+02 5.45871e-12 0.00000e+00
5.47000e+02 6.25580e-12 0.00000e+00
5.48000e+02 6.18301e-12 0.00000e+00
5.49000e+02 6.47960e-12 0.00000e+00
5.50000e+02 5.92600e-12 0.00000e+00
5.51000e+02 5.59756e-12 0.00000e+00
5.52000e+02 6.14172e-12 0.00000e+00
5.53000e+02 6.51734e-12 0.00000e+00
5.54000e+02 5.59405e-12 0.00000e+00
5.55000e+02 5.38940e-12 0.00000e+00
5.56000e+02 6.52135e-12 0.00000e+00
5.57000e+02 5.85386e-12 0.00000e+00
5.58000e+02 5.48664e-12 0.00000e+00
5.59000e+02 6.66914e-12 0.00000e+00
5.60000e+02 5.95298e-12 0.00000e+00
5.61000e+02 4.93780e-12 0.00000e+00
5.62000e+02 5.55082e-12 0.00000e+00
5.63000e+02 5.77063e-12 0.00000e+00
5.64000e+02 5.63521e-12 0.00000e+00
5.65000e+02 5.51874e-12 0.00000e+00
5.66000e+02 4.45007e-12 0.00000e+00
5.67000e+02 5.85326e-12 0.00000e+00
5.68000e+02 5.18928e-12 0.00000e+00
5.69000e+02 5.24935e-12 0.00000e+00
5.70000e+02 5.42107e-12 0.00000e+00
5.71000e+02 6.37021e-12 0.00000e+00
5.72000e+02 6.55879e-12 0.00000e+00
5.73000e+02 6.29043e-12 0.00000e+00
5.74000e+02 5.40558e-12 0.00000e+00
5.75000e+02 5.02342e-12 0.00000e+00
5.76000e+02 5.66185e-12 0.00000e+00
5.77000e+02 5.55312e-12 0.00000e+00
5.78000e+02 5.35696e-12 0.00000e+00
5.79000e+02 6.05260e-12 0.00000e+00
5.80000e+02 5.24585e-12 0.00000e+00
5.81000e+02 5.24241e-12 0.00000e+00
5.82000e+02 4.49413e-12 0.00000e+00
5.83000e+02 5.45046e-12 0.00000e+00
5.84000e+02 6.19517e-12 0.00000e+00
5.85000e+02 6.01275e-12 0.00000e+00
5.86000e+02 5.29294e-12 0.00000e+00
5.87000e+02 5.78259e-12 0.00000e+00
5.88000e+02 4.38070e-12 0.00000e+00
5.89000e+02 5.02954e-12 0.00000e+00
5.90000e+02 5.62499e-12 0.00000e+00
5.91000e+02 6.03474e-12 0.00000e+00
5.92000e+02 6.01049e-12 0.00000e+00
5.93000e+02 5.79339e-12 0.00000e+00
5.94000e+02 5.57773e-12 0.00000e+00
5.95000e+02 5.50812e-12 0.00000e+00
5.96000e+02 5.63648e-12 0.00000e+00
5.97000e+02 5.19230e-12 0.00000e+00
5.98000e+02 5.42366e-12 0.00000e+00
5.99000e+02 5.02357e-12 0.00000e+00
6.00000e+02 6.22980e-12 0.00000e+00
6.01000e+02 6.08663e-12 0.00000e+00
6.02000e+02 6.09889e-12 0.00000e+00
6.03000e+02 5.41348e-12 0.00000e+00
6.04000e+02 5.81089e-12 0.00000e+00
6.05000e+02 5.00294e-12 0.00000e+00
6.06000e+02 4.96516e-12 0.00000e+00
6.07000e+02 5.02101e-12 0.00000e+00
6.08000e+02 5.74640e-12 0.00000e+00
6.09000e+02 4.74496e-12 0.00000e+00
6.10000e+02 5.69396e-12 0.00000e+00
6.11000e+02 5.59609e-12 0.00000e+00
6.12000e+02 5.54740e-12 0.00000e+00
6.13000e+02 5.19182e-12 0.00000e+00
6.14000e+02 5.78547e-12 0.00000e+00
6.15000e+02 5.37631e-12 0.00000e+00
6.16000e+02 5.04922e-12 0.00000e+00
6.17000e+02 5.39996e-12 0.00000e+00
6.18000e+02 4.62848e-12 0.00000e+00
6.19000e+02 5.40550e-12 0.00000e+00
6.20000e+02 6.02980e-12 0.00000e+00
6.21000e+02 5.43798e-12 0.00000e+00
6.22000e+02 4.41978e-12 0.00000e+00
6.23000e+02 4.94293e-12 0.00000e+00
6.24000e+02 6.34056e-12 0.00000e+00
6.25000e+02 5.25621e-12 0.00000e+00
6.26000e+02 4.71456e-12 0.00000e+00
6.27000e+02 4.95089e-12 0.00000e+00
6.28000e+02 5.92299e-12 0.00000e+00
6.29000e+02 5.22260e-12 0.00000e+00
6.30000e+02 4.67906e-12 0.00000e+00
6.31000e+02 5.10934e-12 0.00000e+00
6.32000e+02 5.23038e-12 0.00000e+00
6.33000e+02 5.57039e-12 0.00000e+00
6.34000e+02 4.92319e-12 0.00000e+00
6.35000e+02 4.88943e-12 0.00000e+00
6.36000e+02 5.20538e-12 0.00000e+00
6.37000e+02 5.61821e-12 0.00000e+00
6.38000e+02 5.09527e-12 0.00000e+00
6.39000e+02 5.19445e-12 0.00000e+00
6.40000e+02 5.59717e-12 0.00000e+00
6.41000e+02 5.26068e-12 0.00000e+00
6.42000e+02 4.76122e-12 0.00000e+00
6.43000e+02 5.68039e-12 0.00000e+00
6.44000e+02 6.35458e-12 0.00000e+00
6.45000e+02 5.10157e-12 0.00000e+00
6.46000e+02 5.92628e-12 0.00000e+00
6.47000e+02 4.96931e-12 0.00000e+00
6.48000e+02 4.59175e-12 0.00000e+00
6.49000e+02 4.84522e-12 0.00000e+00
6.50000e+02 5.28684e-12 0.00000e+00
6.51000e+02 4.99889e-12 0.00000e+00
6.52000e+02 5.63931e-12 0.00000e+00
6.53000e+02 5.00681e-12 0.00000e+00
6.54000e+02 4.85866e-12 0.00000e+00
6.55000e+02 5.08623e-12 0.00000e+00
6.56000e+02 5.85673e-12 0.00000e+00
6.57000e+02 5.52874e-12 0.00000e+00
6.58000e+02 5.20317e-12 0.00000e+00
6.59000e+02 5.36176e-12 0.00000e+00
6.60000e+02 4.03119e-12 0.00000e+00
6.61000e+02 4.62667e-12 0.00000e+00
6.62000e+02 5.09417e-12 0.00000e+00
6.63000e+02 5.13222e-12 0.00000e+00
6.64000e+02 5.28195e-12 0.00000e+00
6.65000e+02 5.64581e-12 0.00000e+00
6.66000e+02 5.05638e-12 0.00000e+00
6.67000e+02 5.13581e-12 0.00000e+00
6.68000e+02 4.60950e-12 0.00000e+00
6.69000e+02 5.02604e-12 0.00000e+00
6.70000e+02 4.65007e-12 0.00000e+00
6.71000e+02 5.68039e-12 0.00000e+00
6.72000e+02 4.57235e-12 0.00000e+00
6.73000e+02 4.60048e-12 0.00000e+00
6.74000e+02 4.66810e-12 0.00000e+00
6.75000e+02 4.23544e-12 0.00000e+00
6.76000e+02 4.95980e-12 0.00000e+00
6.77000e+02 4.29528e-12 0.00000e+00
6.78000e+02 5.28423e-12 0.00000e+00
6.79000e+02 4.80101e-12 0.00000e+00
6.80000e+02 4.75407e-12 0.00000e+00
6.81000e+02 5.42382e-12 0.00000e+00
6.82000e+02 5.16629e-12 0.00000e+00
6.83000e+02 5.21846e-12 0.00000e+00
6.84000e+02 4.36188e-12 0.00000e+00
6.85000e+02 5.68051e-12 0.00000e+00
6.86000e+02 4.13863e-12 0.00000e+00
6.87000e+02 4.30302e-12 0.00000e+00
6.88000e+02 4.88528e-12 0.00000e+00
6.89000e+02 4.23769e-12 0.00000e+00
6.90000e+02 4.65756e-12 0.00000e+00
6.91000e+02 5.07075e-12 0.00000e+00
6.92000e+02 4.67006e-12 0.00000e+00
6.93000e+02 5.11180e-12 0.00000e+00
6.94000e+02 5.45124e-12 0.00000e+00
6.95000e+02 5.03217e-12 0.00000e+00
6.96000e+02 5.22132e-12 0.00000e+00
6.97000e+02 4.79433e-12 0.00000e+00
6.98000e+02 4.39470e-12 0.00000e+00
6.99000e+02 4.42654e-12 0.00000e+00
7.00000e+02 5.34163e-12 0.00000e+00
7.01000e+02 5.38134e-12 0.00000e+00
7.02000e+02 3.99426e-12 0.00000e+00
7.03000e+02 3.76728e-12 0.00000e+00
7.04000e+02 4.20355e-12 0.00000e+00
7.05000e+02 4.68480e-12 0.00000e+00
7.06000e+02 4.52927e-12 0.00000e+00
7.07000e+02 5.15011e-12 0.00000e+00
7.08000e+02 4.47028e-12 0.00000e+00
7.09000e+02 4.83686e-12 0.00000e+00
7.10000e+02 4.89297e-12 0.00000e+00
7.11000e+02 4.63475e-12 0.00000e+00
7.12000e+02 4.61116e-12 0.00000e+00
7.13000e+02 4.87448e-12 0.00000e+00
7.14000e+02 4.70374e-12 0.00000e+00
7.15000e+02 3.97788e-12 0.00000e+00
7.16000e+02 4.20206e-12 0.00000e+00
7.17000e+02 4.30493e-12 0.00000e+00
7.18000e+02 4.80445e-12 0.00000e+00
7.19000e+02 3.94655e-12 0.00000e+00
7.20000e+02 4.52386e-12 0.00000e+00
7.21000e+02 4.33176e-12 0.00000e+00
7.22000e+02 4.58915e-12 0.00000e+00
7.23000e+02 4.18740e-12 0.00000e+00
7.24000e+02 4.38775e-12 0.00000e+00
7.25000e+02 4.63449e-12 0.00000e+00
7.26000e+02 4.26649e-12 0.00000e+00
7.27000e+02 4.94564e-12 0.00000e+00
7.28000e+02 4.56587e-12 0.00000e+00
7.29000e+02 4.56641e-12 0.00000e+00
7.30000e+02 4.78786e-12 0.00000e+00
7.31000e+02 4.89418e-12 0.00000e+00
7.32000e+02 5.11627e-12 0.00000e+00
7.33000e+02 4.48277e-12 0.00000e+00
7.34000e+02 5.09966e-12 0.00000e+00
7.35000e+02 4.90008e-12 0.00000e+00
7.36000e+02 4.56655e-12 0.00000e+00
7.37000e+02 4.64600e-12 0.00000e+00
7.38000e+02 4.37851e-12 0.00000e+00
7.39000e+02 4.77023e-12 0.00000e+00
7.40000e+02 4.53538e-12 0.00000e+00
7.41000e+02 4.74802e-12 0.00000e+00
7.42000e+02 4.20283e-12 0.00000e+00
7.43000e+02 4.72947e-12 0.00000e+00
7.44000e+02 4.35684e-12 0.00000e+00
7.45000e+02 4.55764e-12 0.00000e+00
7.46000e+02 3.71304e-12 0.00000e+00
7.47000e+02 4.13726e-12 0.00000e+00
7.48000e+02 4.01755e-12 0.00000e+00
7.49000e+02 4.59031e-12 0.00000e+00
7.50000e+02 4.54123e-12 0.00000e+00
7.51000e+02 4.62695e-12 0.00000e+00
7.52000e+02 4.67153e-12 0.00000e+00
7.53000e+02 4.28174e-12 0.00000e+00
7.54000e+02 4.43601e-12 0.00000e+00
7.55000e+02 3.93627e-12 0.00000e+00
7.56000e+02 4.25108e-12 0.00000e+00
7.57000e+02 4.49068e-12 0.00000e+00
7.58000e+02 4.25937e-12 0.00000e+00
7.59000e+02 4.31996e-12 0.00000e+00
7.60000e+02 4.36446e-12 0.00000e+00
7.61000e+02 4.64770e-12 0.00000e+00
7.62000e+02 4.19802e-12 0.00000e+00
7.63000e+02 4.15445e-12 0.00000e+00
7.64000e+02 3.87159e-12 0.00000e+00
7.65000e+02 4.72391e-12 0.00000e+00
7.66000e+02 4.23442e-12 0.00000e+00
7.67000e+02 4.69954e-12 0.00000e+00
7.68000e+02 4.79423e-12 0.00000e+00
7.69000e+02 3.60684e-12 0.00000e+00
7.70000e+02 4.18112e-12 0.00000e+00
7.71000e+02 4.32475e-12 0.00000e+00
7.72000e+02 4.61284e-12 0.00000e+00
7.73000e+02 4.03609e-12 0.00000e+00
7.74000e+02 4.18206e-12 0.00000e+00
7.75000e+02 4.37886e-12 0.00000e+00
7.76000e+02 3.63895e-12 0.00000e+00
7.77000e+02 4.34886e-12 0.00000e+00
7.78000e+02 4.42636e-12 0.00000e+00
7.79000e+02 3.94675e-12 0.00000e+00
7.80000e+02 4.32798e-12 0.00000e+00
7.81000e+02 4.32296e-12 0.00000e+00
7.82000e+02 4.52842e-12 0.00000e+00
7.83000e+02 3.95318e-12 0.00000e+00
7.84000e+02 3.70055e-12 0.00000e+00
7.85000e+02 4.62979e-12 0.00000e+00
7.86000e+02 3.70676e-12 0.00000e+00
7.87000e+02 5.04795e-12 0.00000e+00
7.88000e+02 4.65082e-12 0.00000e+00
7.89000e+02 3.89675e-12 0.00000e+00
7.90000e+02 4.17126e-12 0.00000e+00
7.91000e+02 3.76478e-12 0.00000e+00
7.92000e+02 3.96772e-12 0.00000e+00
7.93000e+02 4.05233e-12 0.00000e+00
7.94000e+02 4.46254e-12 0.00000e+00
7.95000e+02 4.17951e-12 0.00000e+00
7.96000e+02 4.30056e-12 0.00000e+00
7.97000e+02 4.13488e-12 0.00000e+00
7.98000e+02 3.94977e-12 0.00000e+00
7.99000e+02 3.65337e-12 0.00000e+00
8.00000e+02 4.24392e-12 0.00000e+00
8.01000e+02 4.54448e-12 0.00000e+00
8.02000e+02 4.44342e-12 0.00000e+00
8.03000e+02 3.35555e-12 0.00000e+00
8.04000e+02 3.88198e-12 0.00000e+00
8.05000e+02 3.25373e-12 0.00000e+00
8.06000e+02 4.45639e-12 0.00000e+00
8.07000e+02 3.66663e-12 0.00000e+00
8.08000e+02 3.72642e-12 0.00000e+00
8.09000e+02 3.96009e-12 0.00000e+00
8.10000e+02 4.51596e-12 0.00000e+00
8.11000e+02 4.04591e-12 0.00000e+00
8.12000e+02 3.44419e-12 0.00000e+00
8.13000e+02 4.02054e-12 0.00000e+00
8.14000e+02 4.25955e-12 0.00000e+00
8.15000e+02 4.11440e-12 0.00000e+00
8.16000e+02 3.62461e-12 0.00000e+00
8.17000e+02 3.44790e-12 0.00000e+00
8.18000e+02 3.85251e-12 0.00000e+00
8.19000e+02 3.92150e-12 0.00000e+00
8.20000e+02 4.19623e-12 0.00000e+00
8.21000e+02 3.88100e-12 0.00000e+00
8.22000e+02 3.78755e-12 0.00000e+00
8.23000e+02 3.42821e-12 0.00000e+00
8.24000e+02 3.87513e-12 0.00000e+00
8.25000e+02 3.72581e-12 0.00000e+00
8.26000e+02 3.91068e-12 0.00000e+00
8.27000e+02 4.33149e-12 0.00000e+00
8.28000e+02 4.22483e-12 0.00000e+00
8.29000e+02 4.24642e-12 0.00000e+00
8.30000e+02 4.29142e-12 0.00000e+00
8.31000e+02 3.95229e-12 0.00000e+00
8.32000e+02 3.59011e-12 0.00000e+00
8.33000e+02 3.53831e-12 0.00000e+00
8.34000e+02 4.21367e-12 0.00000e+00
8.35000e+02 4.28747e-12 0.00000e+00
8.36000e+02 4.16072e-12 0.00000e+00
8.37000e+02 3.77919e-12 0.00000e+00
8.38000e+02 3.65538e-12 0.00000e+00
8.39000e+02 3.77723e-12 0.00000e+00
8.40000e+02 3.83075e-12 0.00000e+00
8.41000e+02 4.03893e-12 0.00000e+00
8.42000e+02 3.52229e-12 0.00000e+00
8.43000e+02 4.12229e-12 0.00000e+00
8.44000e+02 3.48252e-12 0.00000e+00
8.45000e+02 4.00794e-12 0.00000e+00
8.46000e+02 4.29727e-12 0.00000e+00
8.47000e+02 3.30348e-12 0.00000e+00
8.48000e+02 3.88952e-12 0.00000e+00
8.49000e+02 3.34444e-12 0.00000e+00
8.50000e+02 3.47388e-12 0.00000e+00
8.51000e+02 3.92268e-12 0.00000e+00
8.52000e+02 4.03673e-12 0.00000e+00
8.53000e+02 3.82478e-12 0.00000e+00
8.54000e+02 3.63619e-12 0.00000e+00
8.55000e+02 3.86273e-12 0.00000e+00
8.56000e+02 3.90153e-12 0.00000e+00
8.57000e+02 3.64736e-12 0.00000e+00
8.58000e+02 4.03501e-12 0.00000e+00
8.59000e+02 3.75433e-12 0.00000e+00
8.60000e+02 3.56542e-12 0.00000e+00
8.61000e+02 3.57447e-12 0.00000e+00
8.62000e+02 3.54881e-12 0.00000e+00
8.63000e+02 3.46816e-12 0.00000e+00
8.64000e+02 3.22278e-12 0.00000e+00
8.65000e+02 3.21743e-12 0.00000e+00
8.66000e+02 3.91583e-12 0.00000e+00
8.67000e+02 3.44925e-12 0.00000e+00
8.68000e+02 3.40120e-12 0.00000e+00
8.69000e+02 4.09221e-12 0.00000e+00
8.70000e+02 4.35303e-12 0.00000e+00
8.71000e+02 3.79802e-12 0.00000e+00
8.72000e+02 3.93017e-12 0.00000e+00
8.73000e+02 3.43078e-12 0.00000e+00
8.74000e+02 3.35687e-12 0.00000e+00
8.75000e+02 3.60022e-12 0.00000e+00
8.76000e+02 3.42609e-12 0.00000e+00
8.77000e+02 3.66475e-12 0.00000e+00
8.78000e+02 3.72913e-12 0.00000e+00
8.79000e+02 3.31684e-12 0.00000e+00
8.80000e+02 3.67189e-12 0.00000e+00
8.81000e+02 3.15661e-12 0.00000e+00
8.82000e+02 3.51071e-12 0.00000e+00
8.83000e+02 3.32088e-12 0.00000e+00
8.84000e+02 3.73229e-12 0.00000e+00
8.85000e+02 3.40715e-12 0.00000e+00
8.86000e+02 3.54224e-12 0.00000e+00
8.87000e+02 3.72871e-12 0.00000e+00
8.88000e+02 3.66209e-12 0.00000e+00
8.89000e+02 3.61348e-12 0.00000e+00
8.90000e+02 3.45062e-12 0.00000e+00
8.91000e+02 3.59396e-12 0.00000e+00
8.92000e+02 3.75826e-12 0.00000e+00
8.93000e+02 3.56156e-12 0.00000e+00
8.94000e+02 3.65983e-12 0.00000e+00
8.95000e+02 3.61635e-12 0.00000e+00
8.96000e+02 3.74948e-12 0.00000e+00
8.97000e+02 3.78149e-12 0.00000e+00
8.98000e+02 3.68688e-12 0.00000e+00
8.99000e+02 3.45730e-12 0.00000e+00
9.00000e+02 3.58212e-12 0.00000e+00
9.01000e+02 3.49643e-12 0.00000e+00
9.02000e+02 3.59321e-12 0.00000e+00
9.03000e+02 3.50204e-12 0.00000e+00
9.04000e+02 3.18489e-12 0.00000e+00
9.05000e+02 3.78899e-12 0.00000e+00
9.06000e+02 3.37055e-12 0.00000e+00
9.07000e+02 3.80743e-12 0.00000e+00
9.08000e+02 3.05201e-12 0.00000e+00
9.09000e+02 3.40723e-12 0.00000e+00
9.10000e+02 3.13705e-12 0.00000e+00
9.11000e+02 3.17467e-12 0.00000e+00
9.12000e+02 3.56920e-12 0.00000e+00
9.13000e+02 3.37004e-12 0.00000e+00
9.14000e+02 3.31059e-12 0.00000e+00
9.15000e+02 3.52970e-12 0.00000e+00
9.16000e+02 3.42712e-12 0.00000e+00
9.17000e+02 3.29883e-12 0.00000e+00
9.18000e+02 3.57143e-12 0.00000e+00
9.19000e+02 3.35414e-12 0.00000e+00
9.20000e+02 3.18720e-12 0.00000e+00
9.21000e+02 3.52245e-12 0.00000e+00
9.22000e+02 3.59751e-12 0.00000e+00
9.23000e+02 3.32035e-12 0.00000e+00
9.24000e+02 3.64143e-12 0.00000e+00
9.25000e+02 3.63505e-12 0.00000e+00
9.26000e+02 3.37718e-12 0.00000e+00
9.27000e+02 3.80745e-12 0.00000e+00
9.28000e+02 3.34658e-12 0.00000e+00
9.29000e+02 3.10355e-12 0.00000e+00
9.30000e+02 3.27406e-12 0.00000e+00
9.31000e+02 3.36104e-12 0.00000e+00
9.32000e+02 3.11484e-12 0.00000e+00
9.33000e+02 3.50434e-12 0.00000e+00
9.34000e+02 3.28269e-12 0.00000e+00
9.35000e+02 2.97179e-12 0.00000e+00
9.36000e+02 3.65725e-12 0.00000e+00
9.37000e+02 3.24960e-12 0.00000e+00
9.38000e+02 3.42129e-12 0.00000e+00
9.39000e+02 3.76208e-12 0.00000e+00
9.40000e+02 3.36964e-12 0.00000e+00
9.41000e+02 3.09190e-12 0.00000e+00
9.42000e+02 3.51188e-12 0.00000e+00
9.43000e+02 3.10569e-12 0.00000e+00
9.44000e+02 3.26243e-12 0.00000e+00
9.45000e+02 3.22740e-12 0.00000e+00
9.46000e+02 3.44782e-12 0.00000e+00
9.47000e+02 3.28534e-12 0.00000e+00
9.48000e+02 3.21064e-12 0.00000e+00
9.49000e+02 3.06271e-12 0.00000e+00
9.50000e+02 3.22415e-12 0.00000e+00
9.51000e+02 3.22330e-12 0.00000e+00
9.52000e+02 3.01775e-12 0.00000e+00
9.53000e+02 3.13166e-12 0.00000e+00
9.54000e+02 3.19351e-12 0.00000e+00
9.55000e+02 3.67745e-12 0.00000e+00
9.56000e+02 3.38291e-12 0.00000e+00
9.57000e+02 2.84222e-12 0.00000e+00
9.58000e+02 2.99220e-12 0.00000e+00
9.59000e+02 3.12106e-12 0.00000e+00
9.60000e+02 3.45934e-12 0.00000e+00
9.61000e+02 3.34205e-12 0.00000e+00
9.62000e+02 2.99064e-12 0.00000e+00
9.63000e+02 3.03083e-12 0.00000e+00
9.64000e+02 3.49551e-12 0.00000e+00
9.65000e+02 3.46970e-12 0.00000e+00
9.66000e+02 3.13273e-12 0.00000e+00
9.67000e+02 3.38584e-12 0.00000e+00
9.68000e+02 2.80267e-12 0.00000e+00
9.69000e+02 3.17402e-12 0.00000e+00
9.70000e+02 3.23768e-12 0.00000e+00
9.71000e+02 3.45967e-12 0.00000e+00
9.72000e+02 3.15601e-12 0.00000e+00
9.73000e+02 2.80672e-12 0.00000e+00
9.74000e+02 3.27726e-12 0.00000e+00
9.75000e+02 3.38897e-12 0.00000e+00
9.76000e+02 2.83598e-12 0.00000e+00
9.77000e+02 3.58118e-12 0.00000e+00
9.78000e+02 3.20514e-12 0.00000e+00
9.79000e+02 3.06806e-12 0.00000e+00
9.80000e+02 3.09220e-12 0.00000e+00
9.81000e+02 3.11997e-12 0.00000e+00
9.82000e+02 3.04254e-12 0.00000e+00
9.83000e+02 3.55976e-12 0.00000e+00
9.84000e+02 3.17263e-12 0.00000e+00
9.85000e+02 3.54655e-12 0.00000e+00
9.86000e+02 3.02052e-12 0.00000e+00
9.87000e+02 3.35395e-12 0.00000e+00
9.88000e+02 3.29751e-12 0.00000e+00
9.89000e+02 2.96409e-12 0.00000e+00
9.90000e+02 2.82118e-12 0.00000e+00
9.91000e+02 3.00224e-12 0.00000e+00
9.92000e+02 2.82775e-12 0.00000e+00
9.93000e+02 3.03647e-12 0.00000e+00
9.94000e+02 3.06941e-12 0.00000e+00
9.95000e+02 3.06730e-12 0.00000e+00
9.96000e+02 3.05932e-12 0.00000e+00
9.97000e+02 2.86027e-12 0.00000e+00
9.98000e+02 2.85300e-12 0.00000e+00
9.99000e+02 3.13630e-12 0.00000e+00
1.00000e+03 3.12223e-12 0.00000e+00
1.00100e+03 2.93543e-12 0.00000e+00
1.00200e+03 3.22645e-12 0.00000e+00
1.00300e+03 2.98051e-12 0.00000e+00
1.00400e+03 3.16134e-12 0.00000e+00
1.00500e+03 3.00400e-12 0.00000e+00
1.00600e+03 2.91884e-12 0.00000e+00
1.00700e+03 2.83479e-12 0.00000e+00
1.00800e+03 3.20836e-12 0.00000e+00
1.00900e+03 3.07139e-12 0.00000e+00
1.01000e+03 3.29225e-12 0.00000e+00
1.01100e+03 3.05641e-12 0.00000e+00
1.01200e+03 2.79709e-12 0.00000e+00
1.01300e+03 3.02094e-12 0.00000e+00
1.01400e+03 3.29565e-12 0.00000e+00
1.01500e+03 3.01151e-12 0.00000e+00
1.01600e+03 2.91961e-12 0.00000e+00
1.01700e+03 2.85709e-12 0.00000e+00
1.01800e+03 2.88943e-12 0.00000e+00
1.01900e+03 2.99912e-12 0.00000e+00
1.02000e+03 3.14413e-12 0.00000e+00
1.02100e+03 2.91657e-12 0.00000e+00
1.02200e+03 2.86739e-12 0.00000e+00
1.02300e+03 3.05621e-12 0.00000e+00
1.02400e+03 2.94375e-12 0.00000e+00
1.02500e+03 2.75515e-12 0.00000e+00
1.02600e+03 2.69995e-12 0.00000e+00
1.02700e+03 2.67421e-12 0.00000e+00
1.02800e+03 2.83653e-12 0.00000e+00
1.02900e+03 2.95036e-12 0.00000e+00
1.03000e+03 2.64303e-12 0.00000e+00
1.03100e+03 3.06716e-12 0.00000e+00
1.03200e+03 2.73417e-12 0.00000e+00
1.03300e+03 3.17466e-12 0.00000e+00
1.03400e+03 2.48870e-12 0.00000e+00
1.03500e+03 2.70815e-12 0.00000e+00
1.03600e+03 2.94174e-12 0.00000e+00
1.03700e+03 2.82255e-12 0.00000e+00
1.03800e+03 2.57226e-12 0.00000e+00
1.03900e+03 3.02262e-12 0.00000e+00
1.04000e+03 2.96868e-12 0.00000e+00
1.04100e+03 3.03380e-12 0.00000e+00
1.04200e+03 3.12208e-12 0.00000e+00
1.04300e+03 2.86414e-12 0.00000e+00
1.04400e+03 2.99755e-12 0.00000e+00
1.04500e+03 2.69875e-12 0.00000e+00
1.04600e+03 3.03229e-12 0.00000e+00
1.04700e+03 2.63217e-12 0.00000e+00
1.04800e+03 2.67249e-12 0.00000e+00
1.04900e+03 2.69445e-12 0.00000e+00
1.05000e+03 3.14133e-12 0.00000e+00
1.05100e+03 2.77003e-12 0.00000e+00
1.05200e+03 2.97655e-12 0.00000e+00
1.05300e+03 3.12256e-12 0.00000e+00
1.05400e+03 2.78796e-12 0.00000e+00
1.05500e+03 2.92002e-12 0.00000e+00
1.05600e+03 2.76375e-12 0.00000e+00
1.05700e+03 2.90686e-12 0.00000e+00
1.05800e+03 2.57963e-12 0.00000e+00
1.05900e+03 2.74592e-12 0.00000e+00
1.06000e+03 2.69913e-12 0.00000e+00
1.06100e+03 2.85019e-12 0.00000e+00
1.06200e+03 3.32041e-12 0.00000e+00
1.06300e+03 3.10762e-12 0.00000e+00
1.06400e+03 3.11457e-12 0.00000e+00
1.06500e+03 2.53356e-12 0.00000e+00
1.06600e+03 2.89565e-12 0.00000e+00
1.06700e+03 2.63513e-12 0.00000e+00
1.06800e+03 2.40890e-12 0.00000e+00
1.06900e+03 2.73674e-12 0.00000e+00
1.07000e+03 2.46177e-12 0.00000e+00
1.07100e+03 2.72055e-12 0.00000e+00
1.07200e+03 2.60790e-12 0.00000e+00
1.07300e+03 2.65083e-12 0.00000e+00
1.07400e+03 2.70451e-12 0.00000e+00
1.07500e+03 2.58967e-12 0.00000e+00
1.07600e+03 2.69997e-12 0.00000e+00
1.07700e+03 2.76243e-12 0.00000e+00
1.07800e+03 2.91722e-12 0.00000e+00
1.07900e+03 3.12052e-12 0.00000e+00
1.08000e+03 2.74932e-12 0.00000e+00
1.08100e+03 2.56444e-12 0.00000e+00
1.08200e+03 2.65962e-12 0.00000e+00
1.08300e+03 2.63412e-12 0.00000e+00
1.08400e+03 2.52509e-12 0.00000e+00
1.08500e+03 3.05090e-12 0.00000e+00
1.08600e+03 2.68995e-12 0.00000e+00
1.08700e+03 2.85996e-12 0.00000e+00
1.08800e+03 2.70563e-12 0.00000e+00
1.08900e+03 2.54896e-12 0.00000e+00
1.09000e+03 2.76164e-12 0.00000e+00
1.09100e+03 2.40791e-12 0.00000e+00
1.09200e+03 2.80760e-12 0.00000e+00
1.09300e+03 2.88063e-12 0.00000e+00
1.09400e+03 2.81371e-12 0.00000e+00
1.09500e+03 2.77278e-12 0.00000e+00
1.09600e+03 2.80623e-12 0.00000e+00
1.09700e+03 2.58933e-12 0.00000e+00
1.09800e+03 2.55918e-12 0.00000e+00
1.09900e+03 2.84326e-12 0.00000e+00
1.10000e+03 2.39856e-12 0.00000e+00
1.10100e+03 2.63286e-12 0.00000e+00
1.10200e+03 2.42718e-12 0.00000e+00
1.10300e+03 2.75791e-12 0.00000e+00
1.10400e+03 2.77025e-12 0.00000e+00
1.10500e+03 2.54711e-12 0.00000e+00
1.10600e+03 2.92769e-12 0.00000e+00
1.10700e+03 2.61863e-12 0.00000e+00
1.10800e+03 2.64363e-12 0.00000e+00
1.10900e+03 2.60347e-12 0.00000e+00
1.11000e+03 2.36989e-12 0.00000e+00
1.11100e+03 2.44157e-12 0.00000e+00
1.11200e+03 2.70543e-12 0.00000e+00
1.11300e+03 2.37221e-12 0.00000e+00
1.11400e+03 2.28708e-12 0.00000e+00
1.11500e+03 2.58492e-12 0.00000e+00
1.11600e+03 2.70348e-12 0.00000e+00
1.11700e+03 2.75752e-12 0.00000e+00
1.11800e+03 2.53990e-12 0.00000e+00
1.11900e+03 2.68404e-12 0.00000e+00
1.12000e+03 2.40667e-12 0.00000e+00
1.12100e+03 2.94860e-12 0.00000e+00
1.12200e+03 2.48815e-12 0.00000e+00
1.12300e+03 2.61879e-12 0.00000e+00
1.12400e+03 2.54308e-12 0.00000e+00
1.12500e+03 2.41751e-12 0.00000e+00
1.12600e+03 2.36656e-12 0.00000e+00
1.12700e+03 2.52698e-12 0.00000e+00
1.12800e+03 2.69574e-12 0.00000e+00
1.12900e+03 2.73429e-12 0.00000e+00
1.13000e+03 2.63342e-12 0.00000e+00
1.13100e+03 2.38452e-12 0.00000e+00
1.13200e+03 2.48164e-12 0.00000e+00
1.13300e+03 2.83154e-12 0.00000e+00
1.13400e+03 2.45969e-12 0.00000e+00
1.13500e+03 2.55638e-12 0.00000e+00
1.13600e+03 2.22714e-12 0.00000e+00
1.13700e+03 2.55287e-12 0.00000e+00
1.13800e+03 2.74922e-12 0.00000e+00
1.13900e+03 2.70835e-12 0.00000e+00
1.14000e+03 2.71727e-12 0.00000e+00
1.14100e+03 2.36916e-12 0.00000e+00
1.14200e+03 2.51521e-12 0.00000e+00
1.14300e+03 2.59143e-12 0.00000e+00
1.14400e+03 2.50812e-12 0.00000e+00
1.14500e+03 2.49194e-12 0.00000e+00
1.14600e+03 2.38285e-12 0.00000e+00
1.14700e+03 2.47512e-12 0.00000e+00
1.14800e+03 2.27080e-12 0.00000e+00
1.14900e+03 2.35818e-12 0.00000e+00
1.15000e+03 2.72733e-12 0.00000e+00
1.15100e+03 2.37401e-12 0.00000e+00
1.15200e+03 2.52611e-12 0.00000e+00
1.15300e+03 2.58757e-12 0.00000e+00
1.15400e+03 2.55338e-12 0.00000e+00
1.15500e+03 2.43339e-12 0.00000e+00
1.15600e+03 2.49004e-12 0.00000e+00
1.15700e+03 2.72310e-12 0.00000e+00
1.15800e+03 2.40565e-12 0.00000e+00
1.15900e+03 2.62786e-12 0.00000e+00
1.16000e+03 2.30395e-12 0.00000e+00
1.16100e+03 2.36474e-12 0.00000e+00
1.16200e+03 2.53573e-12 0.00000e+00
1.16300e+03 2.53487e-12 0.00000e+00
1.16400e+03 2.54184e-12 0.00000e+00
1.16500e+03 2.41809e-12 0.00000e+00
1.16600e+03 2.61588e-12 0.00000e+00
1.16700e+03 2.41630e-12 0.00000e+00
1.16800e+03 2.45858e-12 0.00000e+00
1.16900e+03 2.39739e-12 0.00000e+00
1.17000e+03 2.42803e-12 0.00000e+00
1.17100e+03 2.55762e-12 0.00000e+00
1.17200e+03 2.60053e-12 0.00000e+00
1.17300e+03 2.33022e-12 0.00000e+00
1.17400e+03 2.76884e-12 0.00000e+00
1.17500e+03 2.34182e-12 0.00000e+00
1.17600e+03 2.44020e-12 0.00000e+00
1.17700e+03 2.72857e-12 0.00000e+00
1.17800e+03 2.40522e-12 0.00000e+00
1.17900e+03 2.28034e-12 0.00000e+00
1.18000e+03 2.56682e-12 0.00000e+00
1.18100e+03 2.21674e-12 0.00000e+00
1.18200e+03 2.33964e-12 0.00000e+00
1.18300e+03 2.29837e-12 0.00000e+00
1.18400e+03 2.18679e-12 0.00000e+00
1.18500e+03 2.50272e-12 0.00000e+00
1.18600e+03 2.45380e-12 0.00000e+00
1.18700e+03 2.48594e-12 0.00000e+00
1.18800e+03 2.31846e-12 0.00000e+00
1.18900e+03 2.38804e-12 0.00000e+00
1.19000e+03 2.24709e-12 0.00000e+00
1.19100e+03 2.73512e-12 0.00000e+00
1.19200e+03 2.36795e-12 0.00000e+00
1.19300e+03 2.16855e-12 0.00000e+00
1.19400e+03 2.35107e-12 0.00000e+00
1.19500e+03 2.50363e-12 0.00000e+00
1.19600e+03 2.50277e-12 0.00000e+00
1.19700e+03 2.46312e-12 0.00000e+00
1.19800e+03 2.26247e-12 0.00000e+00
1.19900e+03 2.32868e-12 0.00000e+00
1.20000e+03 2.34857e-12 0.00000e+00
1.20100e+03 2.24815e-12 0.00000e+00
1.20200e+03 2.02724e-12 0.00000e+00
1.20300e+03 2.39701e-12 0.00000e+00
1.20400e+03 2.30956e-12 0.00000e+00
1.20500e+03 2.37830e-12 0.00000e+00
1.20600e+03 2.46234e-12 0.00000e+00
1.20700e+03 2.34154e-12 0.00000e+00
1.20800e+03 2.42759e-12 0.00000e+00
1.20900e+03 2.12560e-12 0.00000e+00
1.21000e+03 2.47592e-12 0.00000e+00
1.21100e+03 2.29124e-12 0.00000e+00
1.21200e+03 2.38760e-12 0.00000e+00
1.21300e+03 2.24401e-12 0.00000e+00
1.21400e+03 2.21522e-12 0.00000e+00
1.21500e+03 2.41062e-12 0.00000e+00
1.21600e+03 2.23205e-12 0.00000e+00
1.21700e+03 2.36943e-12 0.00000e+00
1.21800e+03 2.09479e-12 0.00000e+00
1.21900e+03 2.25225e-12 0.00000e+00
1.22000e+03 2.43396e-12 0.00000e+00
1.22100e+03 2.22712e-12 0.00000e+00
1.22200e+03 2.20551e-12 0.00000e+00
1.22300e+03 2.25395e-12 0.00000e+00
1.22400e+03 2.30664e-12 0.00000e+00
1.22500e+03 2.21163e-12 0.00000e+00
1.22600e+03 2.23047e-12 0.00000e+00
1.22700e+03 2.21467e-12 0.00000e+00
1.22800e+03 2.31860e-12 0.00000e+00
1.22900e+03 2.26938e-12 0.00000e+00
1.23000e+03 2.32143e-12 0.00000e+00
1.23100e+03 2.28787e-12 0.00000e+00
1.23200e+03 2.42200e-12 0.00000e+00
1.23300e+03 2.11491e-12 0.00000e+00
1.23400e+03 2.27779e-12 0.00000e+00
1.23500e+03 2.01669e-12 0.00000e+00
1.23600e+03 2.30935e-12 0.00000e+00
1.23700e+03 2.32780e-12 0.00000e+00
1.23800e+03 1.91894e-12 0.00000e+00
1.23900e+03 2.23206e-12 0.00000e+00
1.24000e+03 2.29064e-12 0.00000e+00
1.24100e+03 2.01953e-12 0.00000e+00
1.24200e+03 2.15275e-12 0.00000e+00
1.24300e+03 1.91557e-12 0.00000e+00
1.24400e+03 2.06524e-12 0.00000e+00
1.24500e+03 2.08000e-12 0.00000e+00
1.24600e+03 1.83853e-12 0.00000e+00
1.24700e+03 2.29542e-12 0.00000e+00
1.24800e+03 2.05915e-12 0.00000e+00
1.24900e+03 2.18765e-12 0.00000e+00
1.25000e+03 2.10271e-12 0.00000e+00
1.25100e+03 1.99571e-12 0.00000e+00
1.25200e+03 1.96352e-12 0.00000e+00
1.25300e+03 2.42504e-12 0.00000e+00
1.25400e+03 2.12635e-12 0.00000e+00
1.25500e+03 1.96852e-12 0.00000e+00
1.25600e+03 2.01803e-12 0.00000e+00
1.25700e+03 2.03356e-12 0.00000e+00
1.25800e+03 2.20625e-12 0.00000e+00
1.25900e+03 2.19125e-12 0.00000e+00
1.26000e+03 2.00615e-12 0.00000e+00
1.26100e+03 2.25379e-12 0.00000e+00
1.26200e+03 2.24572e-12 0.00000e+00
1.26300e+03 2.04488e-12 0.00000e+00
1.26400e+03 2.13161e-12 0.00000e+00
1.26500e+03 2.20598e-12 0.00000e+00
1.26600e+03 2.30558e-12 0.00000e+00
1.26700e+03 2.15289e-12 0.00000e+00
1.26800e+03 2.10352e-12 0.00000e+00
1.26900e+03 2.13110e-12 0.00000e+00
1.27000e+03 2.14324e-12 0.00000e+00
1.27100e+03 2.14084e-12 0.00000e+00
1.27200e+03 2.44800e-12 0.00000e+00
1.27300e+03 2.24033e-12 0.00000e+00
1.27400e+03 2.02143e-12 0.00000e+00
1.27500e+03 2.06441e-12 0.00000e+00
1.27600e+03 2.27877e-12 0.00000e+00
1.27700e+03 2.02153e-12 0.00000e+00
1.27800e+03 1.82318e-12 0.00000e+00
1.27900e+03 1.97335e-12 0.00000e+00
1.28000e+03 2.16392e-12 0.00000e+00
1.28100e+03 2.09551e-12 0.00000e+00
1.28200e+03 2.20627e-12 0.00000e+00
1.28300e+03 2.10399e-12 0.00000e+00
1.28400e+03 2.13108e-12 0.00000e+00
1.28500e+03 2.07747e-12 0.00000e+00
1.28600e+03 1.97563e-12 0.00000e+00
1.28700e+03 1.87690e-12 0.00000e+00
1.28800e+03 2.21616e-12 0.00000e+00
1.28900e+03 2.11367e-12 0.00000e+00
1.29000e+03 2.05009e-12 0.00000e+00
1.29100e+03 2.07803e-12 0.00000e+00
1.29200e+03 2.00217e-12 0.00000e+00
1.29300e+03 2.20568e-12 0.00000e+00
1.29400e+03 2.16579e-12 0.00000e+00
1.29500e+03 2.15326e-12 0.00000e+00
1.29600e+03 1.96557e-12 0.00000e+00
1.29700e+03 1.88707e-12 0.00000e+00
1.29800e+03 1.92647e-12 0.00000e+00
1.29900e+03 2.00313e-12 0.00000e+00
1.30000e+03 1.96553e-12 0.00000e+00
1.30100e+03 1.84650e-12 0.00000e+00
1.30200e+03 2.14912e-12 0.00000e+00
1.30300e+03 1.85248e-12 0.00000e+00
1.30400e+03 2.07087e-12 0.00000e+00
1.30500e+03 2.05571e-12 0.00000e+00
1.30600e+03 2.14124e-12 0.00000e+00
1.30700e+03 1.92626e-12 0.00000e+00
1.30800e+03 1.86593e-12 0.00000e+00
1.30900e+03 1.87860e-12 0.00000e+00
1.31000e+03 1.94054e-12 0.00000e+00
1.31100e+03 1.97684e-12 0.00000e+00
1.31200e+03 2.02674e-12 0.00000e+00
1.31300e+03 1.89382e-12 0.00000e+00
1.31400e+03 1.99238e-12 0.00000e+00
1.31500e+03 1.93283e-12 0.00000e+00
1.31600e+03 2.01047e-12 0.00000e+00
1.31700e+03 2.00897e-12 0.00000e+00
1.31800e+03 1.95492e-12 0.00000e+00
1.31900e+03 1.95252e-12 0.00000e+00
1.32000e+03 1.95050e-12 0.00000e+00
1.32100e+03 2.05015e-12 0.00000e+00
1.32200e+03 1.92314e-12 0.00000e+00
1.32300e+03 1.92510e-12 0.00000e+00
1.32400e+03 2.03057e-12 0.00000e+00
1.32500e+03 2.03635e-12 0.00000e+00
1.32600e+03 1.84735e-12 0.00000e+00
1.32700e+03 2.00782e-12 0.00000e+00
1.32800e+03 1.92867e-12 0.00000e+00
1.32900e+03 1.96916e-12 0.00000e+00
1.33000e+03 1.84594e-12 0.00000e+00
1.33100e+03 1.76924e-12 0.00000e+00
1.33200e+03 2.14564e-12 0.00000e+00
1.33300e+03 2.03828e-12 0.00000e+00
1.33400e+03 2.03147e-12 0.00000e+00
1.33500e+03 1.84738e-12 0.00000e+00
1.33600e+03 1.92263e-12 0.00000e+00
1.33700e+03 1.81643e-12 0.00000e+00
1.33800e+03 1.84682e-12 0.00000e+00
1.33900e+03 1.73621e-12 0.00000e+00
1.34000e+03 1.90760e-12 0.00000e+00
1.34100e+03 2.01004e-12 0.00000e+00
1.34200e+03 1.89551e-12 0.00000e+00
1.34300e+03 1.92421e-12 0.00000e+00
1.34400e+03 2.09919e-12 0.00000e+00
1.34500e+03 1.95624e-12 0.00000e+00
1.34600e+03 1.91243e-12 0.00000e+00
1.34700e+03 1.81836e-12 0.00000e+00
1.34800e+03 1.96436e-12 0.00000e+00
1.34900e+03 1.88736e-12 0.00000e+00
1.35000e+03 1.73312e-12 0.00000e+00
1.35100e+03 1.82278e-12 0.00000e+00
1.35200e+03 1.87234e-12 0.00000e+00
1.35300e+03 1.74083e-12 0.00000e+00
1.35400e+03 1.81239e-12 0.00000e+00
1.35500e+03 1.88313e-12 0.00000e+00
1.35600e+03 1.99814e-12 0.00000e+00
1.35700e+03 1.84163e-12 0.00000e+00
1.35800e+03 1.91911e-12 0.00000e+00
1.35900e+03 1.87552e-12 0.00000e+00
1.36000e+03 1.77464e-12 0.00000e+00
1.36100e+03 2.12939e-12 0.00000e+00
1.36200e+03 1.83960e-12 0.00000e+00
1.36300e+03 1.81575e-12 0.00000e+00
1.36400e+03 1.74899e-12 0.00000e+00
1.36500e+03 1.71483e-12 0.00000e+00
1.36600e+03 1.64788e-12 0.00000e+00
1.36700e+03 1.82288e-12 0.00000e+00
1.36800e+03 2.07302e-12 0.00000e+00
1.36900e+03 1.82849e-12 0.00000e+00
1.37000e+03 1.80180e-12 0.00000e+00
1.37100e+03 1.88996e-12 0.00000e+00
1.37200e+03 1.79078e-12 0.00000e+00
1.37300e+03 1.81567e-12 0.00000e+00
1.37400e+03 1.70275e-12 0.00000e+00
1.37500e+03 1.89498e-12 0.00000e+00
1.37600e+03 1.77994e-12 0.00000e+00
1.37700e+03 1.64959e-12 0.00000e+00
1.37800e+03 1.76436e-12 0.00000e+00
1.37900e+03 1.78306e-12 0.00000e+00
1.38000e+03 1.76700e-12 0.00000e+00
1.38100e+03 1.82493e-12 0.00000e+00
1.38200e+03 2.02541e-12 0.00000e+00
1.38300e+03 1.80119e-12 0.00000e+00
1.38400e+03 1.66001e-12 0.00000e+00
1.38500e+03 1.77362e-12 0.00000e+00
1.38600e+03 2.08952e-12 0.00000e+00
1.38700e+03 1.65310e-12 0.00000e+00
1.38800e+03 1.81197e-12 0.00000e+00
1.38900e+03 1.86055e-12 0.00000e+00
1.39000e+03 1.65094e-12 0.00000e+00
1.39100e+03 1.83581e-12 0.00000e+00
1.39200e+03 1.71784e-12 0.00000e+00
1.39300e+03 1.75962e-12 0.00000e+00
1.39400e+03 1.92521e-12 0.00000e+00
1.39500e+03 1.81574e-12 0.00000e+00
1.39600e+03 1.78942e-12 0.00000e+00
1.39700e+03 1.75511e-12 0.00000e+00
1.39800e+03 1.77995e-12 0.00000e+00
1.39900e+03 1.69108e-12 0.00000e+00
1.40000e+03 1.95162e-12 0.00000e+00
1.40100e+03 1.81665e-12 0.00000e+00
1.40200e+03 1.73748e-12 0.00000e+00
1.40300e+03 1.75775e-12 0.00000e+00
1.40400e+03 1.65766e-12 0.00000e+00
1.40500e+03 1.59671e-12 0.00000e+00
1.40600e+03 1.81276e-12 0.00000e+00
1.40700e+03 1.90365e-12 0.00000e+00
1.40800e+03 1.78554e-12 0.00000e+00
1.40900e+03 1.70395e-12 0.00000e+00
1.41000e+03 1.87742e-12 0.00000e+00
1.41100e+03 1.62938e-12 0.00000e+00
1.41200e+03 1.77702e-12 0.00000e+00
1.41300e+03 1.74747e-12 0.00000e+00
1.41400e+03 1.62172e-12 0.00000e+00
1.41500e+03 1.77800e-12 0.00000e+00
1.41600e+03 1.55100e-12 0.00000e+00
1.41700e+03 1.66366e-12 0.00000e+00
1.41800e+03 1.61884e-12 0.00000e+00
1.41900e+03 1.76412e-12 0.00000e+00
1.42000e+03 1.67520e-12 0.00000e+00
1.42100e+03 1.71821e-12 0.00000e+00
1.42200e+03 1.71643e-12 0.00000e+00
1.42300e+03 1.68199e-12 0.00000e+00
1.42400e+03 1.63625e-12 0.00000e+00
1.42500e+03 1.52172e-12 0.00000e+00
1.42600e+03 1.71412e-12 0.00000e+00
1.42700e+03 1.69538e-12 0.00000e+00
1.42800e+03 1.61705e-12 0.00000e+00
1.42900e+03 1.73964e-12 0.00000e+00
1.43000e+03 1.67898e-12 0.00000e+00
1.43100e+03 1.60204e-12 0.00000e+00
1.43200e+03 1.58532e-12 0.00000e+00
1.43300e+03 1.81601e-12 0.00000e+00
1.43400e+03 1.68045e-12 0.00000e+00
1.43500e+03 1.64637e-12 0.00000e+00
1.43600e+03 1.79969e-12 0.00000e+00
1.43700e+03 1.58849e-12 0.00000e+00
1.43800e+03 1.66921e-12 0.00000e+00
1.43900e+03 1.62484e-12 0.00000e+00
1.44000e+03 1.65284e-12 0.00000e+00
1.44100e+03 1.86661e-12 0.00000e+00
1.44200e+03 1.58367e-12 0.00000e+00
1.44300e+03 1.61471e-12 0.00000e+00
1.44400e+03 1.79592e-12 0.00000e+00
1.44500e+03 1.68511e-12 0.00000e+00
1.44600e+03 1.66939e-12 0.00000e+00
1.44700e+03 1.65373e-12 0.00000e+00
1.44800e+03 1.64319e-12 0.00000e+00
1.44900e+03 1.57036e-12 0.00000e+00
1.45000e+03 1.69351e-12 0.00000e+00
1.45100e+03 1.63784e-12 0.00000e+00
1.45200e+03 1.69233e-12 0.00000e+00
1.45300e+03 1.51298e-12 0.00000e+00
1.45400e+03 1.63764e-12 0.00000e+00
1.45500e+03 1.56865e-12 0.00000e+00
1.45600e+03 1.62145e-12 0.00000e+00
1.45700e+03 1.52940e-12 0.00000e+00
1.45800e+03 1.61608e-12 0.00000e+00
1.45900e+03 1.60655e-12 0.00000e+00
1.46000e+03 1.62607e-12 0.00000e+00
1.46100e+03 1.60245e-12 0.00000e+00
1.46200e+03 1.66040e-12 0.00000e+00
1.46300e+03 1.66211e-12 0.00000e+00
1.46400e+03 1.44744e-12 0.00000e+00
1.46500e+03 1.65940e-12 0.00000e+00
1.46600e+03 1.67999e-12 0.00000e+00
1.46700e+03 1.59600e-12 0.00000e+00
1.46800e+03 1.67723e-12 0.00000e+00
1.46900e+03 1.52888e-12 0.00000e+00
1.47000e+03 1.41140e-12 0.00000e+00
1.47100e+03 1.44889e-12 0.00000e+00
1.47200e+03 1.71326e-12 0.00000e+00
1.47300e+03 1.48728e-12 0.00000e+00
1.47400e+03 1.69124e-12 0.00000e+00
1.47500e+03 1.50043e-12 0.00000e+00
1.47600e+03 1.62615e-12 0.00000e+00
1.47700e+03 1.62892e-12 0.00000e+00
1.47800e+03 1.63371e-12 0.00000e+00
1.47900e+03 1.64900e-12 0.00000e+00
1.48000e+03 1.59205e-12 0.00000e+00
1.48100e+03 1.58709e-12 0.00000e+00
1.48200e+03 1.61982e-12 0.00000e+00
1.48300e+03 1.58276e-12 0.00000e+00
1.48400e+03 1.57808e-12 0.00000e+00
1.48500e+03 1.50003e-12 0.00000e+00
1.48600e+03 1.50306e-12 0.00000e+00
1.48700e+03 1.49675e-12 0.00000e+00
1.48800e+03 1.58660e-12 0.00000e+00
1.48900e+03 1.50018e-12 0.00000e+00
1.49000e+03 1.43571e-12 0.00000e+00
1.49100e+03 1.44493e-12 0.00000e+00
1.49200e+03 1.49859e-12 0.00000e+00
1.49300e+03 1.43263e-12 0.00000e+00
1.49400e+03 1.54457e-12 0.00000e+00
1.49500e+03 1.57107e-12 0.00000e+00
1.49600e+03 1.48960e-12 0.00000e+00
1.49700e+03 1.45758e-12 0.00000e+00
1.49800e+03 1.57481e-12 0.00000e+00
1.49900e+03 1.42147e-12 0.00000e+00
1.50000e+03 1.49296e-12 0.00000e+00
1.50100e+03 1.62169e-12 0.00000e+00
1.50200e+03 1.51326e-12 0.00000e+00
1.50300e+03 1.59208e-12 0.00000e+00
1.50400e+03 1.58284e-12 0.00000e+00
1.50500e+03 1.48110e-12 0.00000e+00
1.50600e+03 1.48130e-12 0.00000e+00
1.50700e+03 1.58667e-12 0.00000e+00
1.50800e+03 1.50104e-12 0.00000e+00
1.50900e+03 1.51063e-12 0.00000e+00
1.51000e+03 1.32376e-12 0.00000e+00
1.51100e+03 1.50968e-12 0.00000e+00
1.51200e+03 1.50099e-12 0.00000e+00
1.51300e+03 1.47937e-12 0.00000e+00
1.51400e+03 1.58906e-12 0.00000e+00
1.51500e+03 1.45350e-12 0.00000e+00
1.51600e+03 1.48417e-12 0.00000e+00
1.51700e+03 1.50355e-12 0.00000e+00
1.51800e+03 1.63258e-12 0.00000e+00
1.51900e+03 1.46987e-12 0.00000e+00
1.52000e+03 1.56743e-12 0.00000e+00
1.52100e+03 1.36707e-12 0.00000e+00
1.52200e+03 1.50255e-12 0.00000e+00
1.52300e+03 1.53348e-12 0.00000e+00
1.52400e+03 1.62680e-12 0.00000e+00
1.52500e+03 1.40406e-12 0.00000e+00
1.52600e+03 1.49478e-12 0.00000e+00
1.52700e+03 1.48633e-12 0.00000e+00
1.52800e+03 1.50646e-12 0.00000e+00
1.52900e+03 1.57667e-12 0.00000e+00
1.53000e+03 1.58070e-12 0.00000e+00
1.53100e+03 1.39098e-12 0.00000e+00
1.53200e+03 1.36432e-12 0.00000e+00
1.53300e+03 1.47752e-12 0.00000e+00
1.53400e+03 1.30824e-12 0.00000e+00
1.53500e+03 1.56751e-12 0.00000e+00
1.53600e+03 1.40879e-12 0.00000e+00
1.53700e+03 1.52770e-12 0.00000e+00
1.53800e+03 1.36117e-12 0.00000e+00
1.53900e+03 1.53553e-12 0.00000e+00
1.54000e+03 1.53192e-12 0.00000e+00
1.54100e+03 1.44015e-12 0.00000e+00
1.54200e+03 1.58942e-12 0.00000e+00
1.54300e+03 1.37192e-12 0.00000e+00
1.54400e+03 1.53370e-12 0.00000e+00
1.54500e+03 1.55373e-12 0.00000e+00
1.54600e+03 1.32550e-12 0.00000e+00
1.54700e+03 1.32226e-12 0.00000e+00
1.54800e+03 1.41493e-12 0.00000e+00
1.54900e+03 1.33865e-12 0.00000e+00
1.55000e+03 1.52155e-12 0.00000e+00
1.55100e+03 1.52829e-12 0.00000e+00
1.55200e+03 1.56459e-12 0.00000e+00
1.55300e+03 1.37841e-12 0.00000e+00
1.55400e+03 1.42551e-12 0.00000e+00
1.55500e+03 1.36428e-12 0.00000e+00
1.55600e+03 1.32931e-12 0.00000e+00
1.55700e+03 1.23604e-12 0.00000e+00
1.55800e+03 1.39294e-12 0.00000e+00
1.55900e+03 1.48670e-12 0.00000e+00
1.56000e+03 1.53539e-12 0.00000e+00
1.56100e+03 1.50853e-12 0.00000e+00
1.56200e+03 1.40762e-12 0.00000e+00
1.56300e+03 1.39021e-12 0.00000e+00
1.56400e+03 1.29638e-12 0.00000e+00
1.56500e+03 1.47411e-12 0.00000e+00
1.56600e+03 1.30569e-12 0.00000e+00
1.56700e+03 1.35010e-12 0.00000e+00
1.56800e+03 1.40854e-12 0.00000e+00
1.56900e+03 1.29560e-12 0.00000e+00
1.57000e+03 1.43753e-12 0.00000e+00
1.57100e+03 1.43966e-12 0.00000e+00
1.57200e+03 1.26132e-12 0.00000e+00
1.57300e+03 1.32423e-12 0.00000e+00
1.57400e+03 1.34233e-12 0.00000e+00
1.57500e+03 1.40231e-12 0.00000e+00
1.57600e+03 1.34382e-12 0.00000e+00
1.57700e+03 1.29778e-12 0.00000e+00
1.57800e+03 1.27183e-12 0.00000e+00
1.57900e+03 1.26758e-12 0.00000e+00
1.58000e+03 1.49225e-12 0.00000e+00
1.58100e+03 1.36954e-12 0.00000e+00
1.58200e+03 1.35649e-12 0.00000e+00
1.58300e+03 1.39441e-12 0.00000e+00
1.58400e+03 1.37459e-12 0.00000e+00
1.58500e+03 1.42733e-12 0.00000e+00
1.58600e+03 1.43850e-12 0.00000e+00
1.58700e+03 1.41987e-12 0.00000e+00
1.58800e+03 1.32580e-12 0.00000e+00
1.58900e+03 1.37072e-12 0.00000e+00
1.59000e+03 1.22958e-12 0.00000e+00
1.59100e+03 1.30058e-12 0.00000e+00
1.59200e+03 1.48877e-12 0.00000e+00
1.59300e+03 1.29168e-12 0.00000e+00
1.59400e+03 1.24826e-12 0.00000e+00
1.59500e+03 1.23735e-12 0.00000e+00
1.59600e+03 1.36588e-12 0.00000e+00
1.59700e+03 1.25229e-12 0.00000e+00
1.59800e+03 1.24078e-12 0.00000e+00
1.59900e+03 1.38896e-12 0.00000e+00
1.60000e+03 1.29190e-12 0.00000e+00
1.60100e+03 1.36767e-12 0.00000e+00
1.60200e+03 1.32484e-12 0.00000e+00
1.60300e+03 1.42215e-12 0.00000e+00
1.60400e+03 1.39866e-12 0.00000e+00
1.60500e+03 1.53036e-12 0.00000e+00
1.60600e+03 1.44530e-12 0.00000e+00
1.60700e+03 1.29387e-12 0.00000e+00
1.60800e+03 1.31115e-12 0.00000e+00
1.60900e+03 1.23091e-12 0.00000e+00
1.61000e+03 1.37791e-12 0.00000e+00
1.61100e+03 1.21722e-12 0.00000e+00
1.61200e+03 1.24381e-12 0.00000e+00
1.61300e+03 1.33044e-12 0.00000e+00
1.61400e+03 1.19901e-12 0.00000e+00
1.61500e+03 1.28132e-12 0.00000e+00
1.61600e+03 1.21178e-12 0.00000e+00
1.61700e+03 1.28919e-12 0.00000e+00
1.61800e+03 1.39972e-12 0.00000e+00
1.61900e+03 1.20392e-12 0.00000e+00
1.62000e+03 1.20067e-12 0.00000e+00
1.62100e+03 1.24332e-12 0.00000e+00
1.62200e+03 1.31557e-12 0.00000e+00
1.62300e+03 1.21790e-12 0.00000e+00
1.62400e+03 1.13317e-12 0.00000e+00
1.62500e+03 1.33655e-12 0.00000e+00
1.62600e+03 1.27488e-12 0.00000e+00
1.62700e+03 1.29460e-12 0.00000e+00
1.62800e+03 1.39438e-12 0.00000e+00
1.62900e+03 1.21969e-12 0.00000e+00
1.63000e+03 1.26184e-12 0.00000e+00
1.63100e+03 1.30199e-12 0.00000e+00
1.63200e+03 1.25308e-12 0.00000e+00
1.63300e+03 1.18983e-12 0.00000e+00
1.63400e+03 1.30206e-12 0.00000e+00
1.63500e+03 1.25464e-12 0.00000e+00
1.63600e+03 1.21498e-12 0.00000e+00
1.63700e+03 1.43599e-12 0.00000e+00
1.63800e+03 1.21424e-12 0.00000e+00
1.63900e+03 1.19096e-12 0.00000e+00
1.64000e+03 1.22486e-12 0.00000e+00
1.64100e+03 1.21799e-12 0.00000e+00
1.64200e+03 1.42727e-12 0.00000e+00
1.64300e+03 1.23892e-12 0.00000e+00
1.64400e+03 1.22904e-12 0.00000e+00
1.64500e+03 1.29114e-12 0.00000e+00
1.64600e+03 1.10548e-12 0.00000e+00
1.64700e+03 1.20388e-12 0.00000e+00
1.64800e+03 1.23845e-12 0.00000e+00
1.64900e+03 1.10807e-12 0.00000e+00
1.65000e+03 1.33823e-12 0.00000e+00
1.65100e+03 1.23140e-12 0.00000e+00
1.65200e+03 1.19838e-12 0.00000e+00
1.65300e+03 1.28337e-12 0.00000e+00
1.65400e+03 1.20541e-12 0.00000e+00
1.65500e+03 1.21231e-12 0.00000e+00
1.65600e+03 1.29613e-12 0.00000e+00
1.65700e+03 1.33087e-12 0.00000e+00
1.65800e+03 1.26901e-12 0.00000e+00
1.65900e+03 1.16926e-12 0.00000e+00
1.66000e+03 1.33672e-12 0.00000e+00
1.66100e+03 1.16652e-12 0.00000e+00
1.66200e+03 1.17397e-12 0.00000e+00
1.66300e+03 1.17909e-12 0.00000e+00
1.66400e+03 1.13278e-12 0.00000e+00
1.66500e+03 1.14666e-12 0.00000e+00
1.66600e+03 1.19693e-12 0.00000e+00
1.66700e+03 1.03376e-12 0.00000e+00
1.66800e+03 1.24687e-12 0.00000e+00
1.66900e+03 1.15296e-12 0.00000e+00
1.67000e+03 1.33690e-12 0.00000e+00
1.67100e+03 1.20986e-12 0.00000e+00
1.67200e+03 1.03008e-12 0.00000e+00
1.67300e+03 1.21123e-12 0.00000e+00
1.67400e+03 1.15358e-12 0.00000e+00
1.67500e+03 1.35510e-12 0.00000e+00
1.67600e+03 1.05607e-12 0.00000e+00
1.67700e+03 1.17180e-12 0.00000e+00
1.67800e+03 1.33614e-12 0.00000e+00
1.67900e+03 1.12314e-12 0.00000e+00
1.68000e+03 1.12728e-12 0.00000e+00
1.68100e+03 1.11419e-12 0.00000e+00
1.68200e+03 1.23837e-12 0.00000e+00
1.68300e+03 1.15769e-12 0.00000e+00
1.68400e+03 1.12756e-12 0.00000e+00
1.68500e+03 1.13924e-12 0.00000e+00
1.68600e+03 1.20211e-12 0.00000e+00
1.68700e+03 1.27240e-12 0.00000e+00
1.68800e+03 1.10063e-12 0.00000e+00
1.68900e+03 1.24791e-12 0.00000e+00
1.69000e+03 1.03818e-12 0.00000e+00
1.69100e+03 1.14280e-12 0.00000e+00
1.69200e+03 1.18860e-12 0.00000e+00
1.69300e+03 1.08661e-12 0.00000e+00
1.69400e+03 1.08763e-12 0.00000e+00
1.69500e+03 1.24374e-12 0.00000e+00
1.69600e+03 1.11680e-12 0.00000e+00
1.69700e+03 1.07234e-12 0.00000e+00
1.69800e+03 1.15011e-12 0.00000e+00
1.69900e+03 1.12160e-12 0.00000e+00
1.70000e+03 1.04696e-12 0.00000e+00
1.70100e+03 1.16321e-12 0.00000e+00
1.70200e+03 1.13001e-12 0.00000e+00
1.70300e+03 1.21705e-12 0.00000e+00
1.70400e+03 1.24496e-12 0.00000e+00
1.70500e+03 1.12076e-12 0.00000e+00
1.70600e+03 1.16423e-12 0.00000e+00
1.70700e+03 1.17135e-12 0.00000e+00
1.70800e+03 1.00789e-12 0.00000e+00
1.70900e+03 1.06871e-12 0.00000e+00
1.71000e+03 1.08127e-12 0.00000e+00
1.71100e+03 1.06729e-12 0.00000e+00
1.71200e+03 1.09323e-12 0.00000e+00
1.71300e+03 1.17324e-12 0.00000e+00
1.71400e+03 9.09050e-13 0.00000e+00
1.71500e+03 1.11218e-12 0.00000e+00
1.71600e+03 1.16073e-12 0.00000e+00
1.71700e+03 1.08122e-12 0.00000e+00
1.71800e+03 1.10605e-12 0.00000e+00
1.71900e+03 1.10757e-12 0.00000e+00
1.72000e+03 1.07556e-12 0.00000e+00
1.72100e+03 1.03324e-12 0.00000e+00
1.72200e+03 1.13335e-12 0.00000e+00
1.72300e+03 1.14898e-12 0.00000e+00
1.72400e+03 1.17609e-12 0.00000e+00
1.72500e+03 1.08373e-12 0.00000e+00
1.72600e+03 1.11441e-12 0.00000e+00
1.72700e+03 1.09320e-12 0.00000e+00
1.72800e+03 1.04079e-12 0.00000e+00
1.72900e+03 1.15047e-12 0.00000e+00
1.73000e+03 1.17513e-12 0.00000e+00
1.73100e+03 9.86901e-13 0.00000e+00
1.73200e+03 1.08303e-12 0.00000e+00
1.73300e+03 1.02829e-12 0.00000e+00
1.73400e+03 1.03194e-12 0.00000e+00
1.73500e+03 1.07750e-12 0.00000e+00
1.73600e+03 1.06592e-12 0.00000e+00
1.73700e+03 1.21438e-12 0.00000e+00
1.73800e+03 1.06341e-12 0.00000e+00
1.73900e+03 1.08837e-12 0.00000e+00
1.74000e+03 1.05906e-12 0.00000e+00
1.74100e+03 9.71251e-13 0.00000e+00
1.74200e+03 1.01815e-12 0.00000e+00
1.74300e+03 1.09149e-12 0.00000e+00
1.74400e+03 1.11453e-12 0.00000e+00
1.74500e+03 1.11705e-12 0.00000e+00
1.74600e+03 1.06718e-12 0.00000e+00
1.74700e+03 9.41196e-13 0.00000e+00
1.74800e+03 1.04277e-12 0.00000e+00
1.74900e+03 1.03549e-12 0.00000e+00
1.75000e+03 1.03452e-12 0.00000e+00
1.75100e+03 1.03427e-12 0.00000e+00
1.75200e+03 1.09059e-12 0.00000e+00
1.75300e+03 1.10168e-12 0.00000e+00
1.75400e+03 1.08525e-12 0.00000e+00
1.75500e+03 9.98049e-13 0.00000e+00
1.75600e+03 1.03799e-12 0.00000e+00
1.75700e+03 1.06037e-12 0.00000e+00
1.75800e+03 1.13570e-12 0.00000e+00
1.75900e+03 1.05049e-12 0.00000e+00
1.76000e+03 1.03564e-12 0.00000e+00
1.76100e+03 1.08503e-12 0.00000e+00
1.76200e+03 1.02640e-12 0.00000e+00
1.76300e+03 9.88497e-13 0.00000e+00
1.76400e+03 1.05641e-12 0.00000e+00
1.76500e+03 1.12654e-12 0.00000e+00
1.76600e+03 1.06249e-12 0.00000e+00
1.76700e+03 1.01153e-12 0.00000e+00
1.76800e+03 1.04391e-12 0.00000e+00
1.76900e+03 1.00865e-12 0.00000e+00
1.77000e+03 8.89172e-13 0.00000e+00
1.77100e+03 1.00189e-12 0.00000e+00
1.77200e+03 8.88970e-13 0.00000e+00
1.77300e+03 1.20789e-12 0.00000e+00
1.77400e+03 9.37164e-13 0.00000e+00
1.77500e+03 1.04128e-12 0.00000e+00
1.77600e+03 1.04575e-12 0.00000e+00
1.77700e+03 1.05038e-12 0.00000e+00
1.77800e+03 1.02660e-12 0.00000e+00
1.77900e+03 1.06401e-12 0.00000e+00
1.78000e+03 9.36820e-13 0.00000e+00
1.78100e+03 9.85159e-13 0.00000e+00
1.78200e+03 9.99798e-13 0.00000e+00
1.78300e+03 9.59701e-13 0.00000e+00
1.78400e+03 9.49336e-13 0.00000e+00
1.78500e+03 1.06235e-12 0.00000e+00
1.78600e+03 1.06374e-12 0.00000e+00
1.78700e+03 9.56611e-13 0.00000e+00
1.78800e+03 9.43570e-13 0.00000e+00
1.78900e+03 9.86351e-13 0.00000e+00
1.79000e+03 9.82575e-13 0.00000e+00
1.79100e+03 9.73804e-13 0.00000e+00
1.79200e+03 9.77407e-13 0.00000e+00
1.79300e+03 8.92811e-13 0.00000e+00
1.79400e+03 9.76539e-13 0.00000e+00
1.79500e+03 8.69714e-13 0.00000e+00
1.79600e+03 8.62146e-13 0.00000e+00
1.79700e+03 9.06763e-13 0.00000e+00
1.79800e+03 1.01158e-12 0.00000e+00
1.79900e+03 9.37980e-13 0.00000e+00
1.80000e+03 9.72757e-13 0.00000e+00
1.80100e+03 9.64495e-13 0.00000e+00
1.80200e+03 9.81595e-13 0.00000e+00
1.80300e+03 1.08876e-12 0.00000e+00
1.80400e+03 9.65845e-13 0.00000e+00
1.80500e+03 1.02950e-12 0.00000e+00
1.80600e+03 8.78727e-13 0.00000e+00
1.80700e+03 9.79375e-13 0.00000e+00
1.80800e+03 9.57037e-13 0.00000e+00
1.80900e+03 9.01740e-13 0.00000e+00
1.81000e+03 9.59013e-13 0.00000e+00
1.81100e+03 9.61486e-13 0.00000e+00
1.81200e+03 1.09986e-12 0.00000e+00
1.81300e+03 8.83099e-13 0.00000e+00
1.81400e+03 1.08442e-12 0.00000e+00
1.81500e+03 9.74328e-13 0.00000e+00
1.81600e+03 8.90499e-13 0.00000e+00
1.81700e+03 1.00913e-12 0.00000e+00
1.81800e+03 9.70443e-13 0.00000e+00
1.81900e+03 1.00784e-12 0.00000e+00
1.82000e+03 1.06397e-12 0.00000e+00
1.82100e+03 8.68988e-13 0.00000e+00
1.82200e+03 9.98112e-13 0.00000e+00
1.82300e+03 8.73457e-13 0.00000e+00
1.82400e+03 9.16919e-13 0.00000e+00
1.82500e+03 9.12963e-13 0.00000e+00
1.82600e+03 8.68612e-13 0.00000e+00
1.82700e+03 8.08573e-13 0.00000e+00
1.82800e+03 9.99762e-13 0.00000e+00
1.82900e+03 8.99811e-13 0.00000e+00
1.83000e+03 8.54211e-13 0.00000e+00
1.83100e+03 8.29560e-13 0.00000e+00
1.83200e+03 8.72659e-13 0.00000e+00
1.83300e+03 8.82491e-13 0.00000e+00
1.83400e+03 9.91340e-13 0.00000e+00
1.83500e+03 1.00010e-12 0.00000e+00
1.83600e+03 9.40830e-13 0.00000e+00
1.83700e+03 9.93562e-13 0.00000e+00
1.83800e+03 9.31171e-13 0.00000e+00
1.83900e+03 8.92385e-13 0.00000e+00
1.84000e+03 1.01044e-12 0.00000e+00
1.84100e+03 9.22280e-13 0.00000e+00
1.84200e+03 8.25991e-13 0.00000e+00
1.84300e+03 8.75580e-13 0.00000e+00
1.84400e+03 9.40368e-13 0.00000e+00
1.84500e+03 8.59550e-13 0.00000e+00
1.84600e+03 8.29534e-13 0.00000e+00
1.84700e+03 8.31361e-13 0.00000e+00
1.84800e+03 8.64324e-13 0.00000e+00
1.84900e+03 9.34706e-13 0.00000e+00
1.85000e+03 9.70155e-13 0.00000e+00
1.85100e+03 8.55575e-13 0.00000e+00
1.85200e+03 8.31198e-13 0.00000e+00
1.85300e+03 8.80820e-13 0.00000e+00
1.85400e+03 8.73837e-13 0.00000e+00
1.85500e+03 9.60099e-13 0.00000e+00
1.85600e+03 9.09656e-13 0.00000e+00
1.85700e+03 8.20579e-13 0.00000e+00
1.85800e+03 8.11766e-13 0.00000e+00
1.85900e+03 9.39675e-13 0.00000e+00
1.86000e+03 8.79898e-13 0.00000e+00
1.86100e+03 8.89750e-13 0.00000e+00
1.86200e+03 9.80847e-13 0.00000e+00
1.86300e+03 8.47287e-13 0.00000e+00
1.86400e+03 9.78270e-13 0.00000e+00
1.86500e+03 8.82025e-13 0.00000e+00
1.86600e+03 8.66526e-13 0.00000e+00
1.86700e+03 8.93356e-13 0.00000e+00
1.86800e+03 8.15341e-13 0.00000e+00
1.86900e+03 7.96233e-13 0.00000e+00
1.87000e+03 8.58595e-13 0.00000e+00
1.87100e+03 9.00886e-13 0.00000e+00
1.87200e+03 8.11589e-13 0.00000e+00
1.87300e+03 9.43267e-13 0.00000e+00
1.87400e+03 8.62032e-13 0.00000e+00
1.87500e+03 7.82319e-13 0.00000e+00
1.87600e+03 8.37297e-13 0.00000e+00
1.87700e+03 8.73715e-13 0.00000e+00
1.87800e+03 9.17324e-13 0.00000e+00
1.87900e+03 8.01938e-13 0.00000e+00
1.88000e+03 8.10043e-13 0.00000e+00
1.88100e+03 8.60365e-13 0.00000e+00
1.88200e+03 8.58200e-13 0.00000e+00
1.88300e+03 9.55964e-13 0.00000e+00
1.88400e+03 8.96938e-13 0.00000e+00
1.88500e+03 8.70853e-13 0.00000e+00
1.88600e+03 8.10321e-13 0.00000e+00
1.88700e+03 9.50732e-13 0.00000e+00
1.88800e+03 7.96392e-13 0.00000e+00
1.88900e+03 9.32872e-13 0.00000e+00
1.89000e+03 9.06894e-13 0.00000e+00
1.89100e+03 9.09747e-13 0.00000e+00
1.89200e+03 7.93218e-13 0.00000e+00
1.89300e+03 7.51446e-13 0.00000e+00
1.89400e+03 8.40094e-13 0.00000e+00
1.89500e+03 7.97144e-13 0.00000e+00
1.89600e+03 7.79316e-13 0.00000e+00
1.89700e+03 7.59874e-13 0.00000e+00
1.89800e+03 8.17400e-13 0.00000e+00
1.89900e+03 7.87625e-13 0.00000e+00
1.90000e+03 6.98173e-13 0.00000e+00
1.90100e+03 7.33730e-13 0.00000e+00
1.90200e+03 8.69123e-13 0.00000e+00
1.90300e+03 7.96225e-13 0.00000e+00
1.90400e+03 8.61199e-13 0.00000e+00
1.90500e+03 7.87729e-13 0.00000e+00
1.90600e+03 8.26936e-13 0.00000e+00
1.90700e+03 7.41817e-13 0.00000e+00
1.90800e+03 9.09122e-13 0.00000e+00
1.90900e+03 8.28276e-13 0.00000e+00
1.91000e+03 8.09581e-13 0.00000e+00
1.91100e+03 7.08452e-13 0.00000e+00
1.91200e+03 8.62796e-13 0.00000e+00
1.91300e+03 7.66874e-13 0.00000e+00
1.91400e+03 8.35010e-13 0.00000e+00
1.91500e+03 7.93188e-13 0.00000e+00
1.91600e+03 8.09107e-13 0.00000e+00
1.91700e+03 8.14876e-13 0.00000e+00
1.91800e+03 7.72072e-13 0.00000e+00
1.91900e+03 7.49686e-13 0.00000e+00
1.92000e+03 8.04903e-13 0.00000e+00
1.92100e+03 7.66914e-13 0.00000e+00
1.92200e+03 8.23555e-13 0.00000e+00
1.92300e+03 7.74541e-13 0.00000e+00
1.92400e+03 7.35999e-13 0.00000e+00
1.92500e+03 7.37165e-13 0.00000e+00
1.92600e+03 7.56042e-13 0.00000e+00
1.92700e+03 8.62090e-13 0.00000e+00
1.92800e+03 7.73411e-13 0.00000e+00
1.92900e+03 8.23251e-13 0.00000e+00
1.93000e+03 7.46498e-13 0.00000e+00
1.93100e+03 7.93213e-13 0.00000e+00
1.93200e+03 7.07788e-13 0.00000e+00
1.93300e+03 7.89757e-13 0.00000e+00
1.93400e+03 7.87186e-13 0.00000e+00
1.93500e+03 6.97001e-13 0.00000e+00
1.93600e+03 8.13403e-13 0.00000e+00
1.93700e+03 7.72333e-13 0.00000e+00
1.93800e+03 7.53752e-13 0.00000e+00
1.93900e+03 7.70039e-13 0.00000e+00
1.94000e+03 7.25549e-13 0.00000e+00
1.94100e+03 7.91052e-13 0.00000e+00
1.94200e+03 7.67201e-13 0.00000e+00
1.94300e+03 7.56488e-13 0.00000e+00
1.94400e+03 8.24613e-13 0.00000e+00
1.94500e+03 7.64878e-13 0.00000e+00
1.94600e+03 7.58330e-13 0.00000e+00
1.94700e+03 6.87737e-13 0.00000e+00
1.94800e+03 7.52231e-13 0.00000e+00
1.94900e+03 8.13348e-13 0.00000e+00
1.95000e+03 6.94289e-13 0.00000e+00
1.95100e+03 8.11919e-13 0.00000e+00
1.95200e+03 8.38887e-13 0.00000e+00
1.95300e+03 7.39045e-13 0.00000e+00
1.95400e+03 7.74592e-13 0.00000e+00
1.95500e+03 7.70599e-13 0.00000e+00
1.95600e+03 6.97805e-13 0.00000e+00
1.95700e+03 7.14869e-13 0.00000e+00
1.95800e+03 7.62283e-13 0.00000e+00
1.95900e+03 7.55258e-13 0.00000e+00
1.96000e+03 7.65834e-13 0.00000e+00
1.96100e+03 7.00724e-13 0.00000e+00
1.96200e+03 6.41330e-13 0.00000e+00
1.96300e+03 7.67363e-13 0.00000e+00
1.96400e+03 7.09893e-13 0.00000e+00
1.96500e+03 8.47250e-13 0.00000e+00
1.96600e+03 7.63856e-13 0.00000e+00
1.96700e+03 7.47657e-13 0.00000e+00
1.96800e+03 6.95030e-13 0.00000e+00
1.96900e+03 6.69807e-13 0.00000e+00
1.97000e+03 7.18091e-13 0.00000e+00
1.97100e+03 6.77853e-13 0.00000e+00
1.97200e+03 7.10426e-13 0.00000e+00
1.97300e+03 6.90686e-13 0.00000e+00
1.97400e+03 6.69099e-13 0.00000e+00
1.97500e+03 7.20694e-13 0.00000e+00
1.97600e+03 7.07119e-13 0.00000e+00
1.97700e+03 7.43311e-13 0.00000e+00
1.97800e+03 7.57497e-13 0.00000e+00
1.97900e+03 7.51046e-13 0.00000e+00
1.98000e+03 6.59941e-13 0.00000e+00
1.98100e+03 6.80128e-13 0.00000e+00
1.98200e+03 7.56620e-13 0.00000e+00
1.98300e+03 6.74223e-13 0.00000e+00
1.98400e+03 7.03106e-13 0.00000e+00
1.98500e+03 7.11650e-13 0.00000e+00
1.98600e+03 7.14114e-13 0.00000e+00
1.98700e+03 7.31997e-13 0.00000e+00
1.98800e+03 7.35021e-13 0.00000e+00
1.98900e+03 6.95011e-13 0.00000e+00
1.99000e+03 6.58979e-13 0.00000e+00
1.99100e+03 7.03405e-13 0.00000e+00
1.99200e+03 7.12374e-13 0.00000e+00
1.99300e+03 6.33717e-13 0.00000e+00
1.99400e+03 7.08512e-13 0.00000e+00
1.99500e+03 6.91747e-13 0.00000e+00
1.99600e+03 6.61646e-13 0.00000e+00
1.99700e+03 6.80878e-13 0.00000e+00
1.99800e+03 6.44240e-13 0.00000e+00
1.99900e+03 6.92039e-13 0.00000e+00
2.00000e+03 6.66484e-13 0.00000e+00
