0.00000e+00 0.00000e+00 0.00000e+00
1.00000e+00 0.00000e+00 0.00000e+00
2.00000e+00 0.00000e+00 0.00000e+00
3.00000e+00 0.00000e+00 0.00000e+00
4.00000e+00 0.00000e+00 0.00000e+00
5.00000e+00 0.00000e+00 0.00000e+00
6.00000e+00 0.00000e+00 0.00000e+00
7.00000e+00 0.00000e+00 0.00000e+00
8.00000e+00 0.00000e+00 0.00000e+00
9.00000e+00 0.00000e+00 0.00000e+00
1.00000e+01 0.00000e+00 0.00000e+00
1.10000e+01 0.00000e+00 0.00000e+00
1.20000e+01 0.00000e+00 0.00000e+00
1.30000e+01 0.00000e+00 0.00000e+00
1.40000e+01 0.00000e+00 0.00000e+00
1.50000e+01 0.00000e+00 0.00000e+00
1.60000e+01 0.00000e+00 0.00000e+00
1.70000e+01 0.00000e+00 0.00000e+00
1.80000e+01 0.00000e+00 0.00000e+00
1.90000e+01 0.00000e+00 0.00000e+00
2.00000e+01 0.00000e+00 0.00000e+00
2.10000e+01 0.00000e+00 0.00000e+00
2.20000e+01 0.00000e+00 0.00000e+00
2.30000e+01 0.00000e+00 0.00000e+00
2.40000e+01 0.00000e+00 0.00000e+00
2.50000e+01 0.00000e+00 0.00000e+00
2.60000e+01 0.00000e+00 0.00000e+00
2.70000e+01 0.00000e+00 0.00000e+00
2.80000e+01 0.00000e+00 0.00000e+00
2.90000e+01 0.00000e+00 0.00000e+00
3.00000e+01 0.00000e+00 0.00000e+00
3.10000e+01 0.00000e+00 0.00000e+00
3.20000e+01 0.00000e+00 0.00000e+00
3.30000e+01 0.00000e+00 0.00000e+00
3.40000e+01 0.00000e+00 0.00000e+00
3.50000e+01 0.00000e+00 0.00000e+00
3.60000e+01 0.00000e+00 0.00000e+00
3.70000e+01 0.00000e+00 0.00000e+00
3.80000e+01 0.00000e+00 0.00000e+00
3.90000e+01 0.00000e+00 0.00000e+00
4.00000e+01 0.00000e+00 0.00000e+00
4.10000e+01 0.00000e+00 0.00000e+00
4.20000e+01 0.00000e+00 0.00000e+00
4.30000e+01 0.00000e+00 0.00000e+00
4.40000e+01 0.00000e+00 0.00000e+00
4.50000e+01 0.00000e+00 0.00000e+00
4.60000e+01 0.00000e+00 0.00000e+00
4.70000e+01 0.00000e+00 0.00000e+00
4.80000e+01 0.00000e+00 0.00000e+00
4.90000e+01 0.00000e+00 0.00000e+00
5.00000e+01 0.00000e+00 0.00000e+00
5.10000e+01 0.00000e+00 0.00000e+00
5.20000e+01 0.00000e+00 0.00000e+00
5.30000e+01 0.00000e+00 0.00000e+00
5.40000e+01 0.00000e+00 0.00000e+00
5.50000e+01 0.00000e+00 0.00000e+00
5.60000e+01 0.00000e+00 0.00000e+00
5.70000e+01 0.00000e+00 0.00000e+00
5.80000e+01 0.00000e+00 0.00000e+00
5.90000e+01 0.00000e+00 0.00000e+00
6.00000e+01 0.00000e+00 0.00000e+00
6.10000e+01 0.00000e+00 0.00000e+00
6.20000e+01 0.00000e+00 0.00000e+00
6.30000e+01 0.00000e+00 0.00000e+00
6.40000e+01 0.00000e+00 0.00000e+00
6.50000e+01 0.00000e+00 0.00000e+00
6.60000e+01 0.00000e+00 0.00000e+00
6.70000e+01 0.00000e+00 0.00000e+00
6.80000e+01 0.00000e+00 0.00000e+00
6.90000e+01 0.00000e+00 0.00000e+00
7.00000e+01 0.00000e+00 0.00000e+00
7.10000e+01 0.00000e+00 0.00000e+00
7.20000e+01 0.00000e+00 0.00000e+00
7.30000e+01 0.00000e+00 0.00000e+00
7.40000e+01 0.00000e+00 0.00000e+00
7.50000e+01 0.00000e+00 0.00000e+00
7.60000e+01 0.00000e+00 0.00000e+00
7.70000e+01 0.00000e+00 0.00000e+00
7.80000e+01 0.00000e+00 0.00000e+00
7.90000e+01 0.00000e+00 0.00000e+00
8.00000e+01 0.00000e+00 0.00000e+00
8.10000e+01 0.00000e+00 0.00000e+00
8.20000e+01 0.00000e+00 0.00000e+00
8.30000e+01 0.00000e+00 0.00000e+00
8.40000e+01 0.00000e+00 0.00000e+00
8.50000e+01 0.00000e+00 0.00000e+00
8.60000e+01 0.00000e+00 0.00000e+00
8.70000e+01 0.00000e+00 0.00000e+00
8.80000e+01 0.00000e+00 0.00000e+00
8.90000e+01 0.00000e+00 0.00000e+00
9.00000e+01 0.00000e+00 0.00000e+00
9.10000e+01 0.00000e+00 0.00000e+00
9.20000e+01 0.00000e+00 0.00000e+00
9.30000e+01 0.00000e+00 0.00000e+00
9.40000e+01 0.00000e+00 0.00000e+00
9.50000e+01 0.00000e+00 0.00000e+00
9.60000e+01 0.00000e+00 0.00000e+00
9.70000e+01 0.00000e+00 0.00000e+00
9.80000e+01 0.00000e+00 0.00000e+00
9.90000e+01 0.00000e+00 0.00000e+00
1.00000e+02 -5.57103e-12 0.00000e+00
1.01000e+02 7.64200e-13 0.00000e+00
1.02000e+02 7.99914e-12 0.00000e+00
1.03000e+02 9.64680e-12 0.00000e+00
1.04000e+02 1.06480e-11 0.00000e+00
1.05000e+02 8.61633e-12 0.00000e+00
1.06000e+02 8.79591e-12 0.00000e+00
1.07000e+02 1.91019e-12 0.00000e+00
1.08000e+02 1.48872e-11 0.00000e+00
1.09000e+02 1.21822e-11 0.00000e+00
1.10000e+02 1.75939e-11 0.00000e+00
1.11000e+02 1.61329e-11 0.00000e+00
1.12000e+02 1.10044e-11 0.00000e+00
1.13000e+02 1.66877e-11 0.00000e+00
1.14000e+02 9.11531e-12 0.00000e+00
1.15000e+02 1.45243e-11 0.00000e+00
1.16000e+02 5.67222e-12 0.00000e+00
1.17000e+02 1.46129e-11 0.00000e+00
1.18000e+02 -1.74406e-12 0.00000e+00
1.19000e+02 6.38622e-12 0.00000e+00
1.20000e+02 1.17792e-11 0.00000e+00
1.21000e+02 9.48508e-12 0.00000e+00
1.22000e+02 8.94754e-12 0.00000e+00
1.23000e+02 4.14914e-12 0.00000e+00
1.24000e+02 5.04822e-12 0.00000e+00
1.25000e+02 9.87235e-12 0.00000e+00
1.26000e+02 1.31566e-11 0.00000e+00
1.27000e+02 1.14771e-11 0.00000e+00
1.28000e+02 9.11292e-12 0.00000e+00
1.29000e+02 7.10963e-12 0.00000e+00
1.30000e+02 7.17820e-12 0.00000e+00
1.31000e+02 4.54324e-12 0.00000e+00
1.32000e+02 2.23691e-12 0.00000e+00
1.33000e+02 -3.19862e-12 0.00000e+00
1.34000e+02 1.13748e-11 0.00000e+00
1.35000e+02 3.22751e-12 0.00000e+00
1.36000e+02 1.54915e-11 0.00000e+00
1.37000e+02 1.14652e-11 0.00000e+00
1.38000e+02 2.41987e-12 0.00000e+00
1.39000e+02 1.03965e-11 0.00000e+00
1.40000e+02 6.32923e-12 0.00000e+00
1.41000e+02 4.16270e-12 0.00000e+00
1.42000e+02 5.31172e-12 0.00000e+00
1.43000e+02 1.14249e-11 0.00000e+00
1.44000e+02 4.83753e-13 0.00000e+00
1.45000e+02 1.27109e-11 0.00000e+00
1.46000e+02 2.48676e-12 0.00000e+00
1.47000e+02 8.18514e-12 0.00000e+00
1.48000e+02 8.57629e-12 0.00000e+00
1.49000e+02 6.56280e-12 0.00000e+00
1.50000e+02 1.57548e-11 0.00000e+00
1.51000e+02 3.57894e-12 0.00000e+00
1.52000e+02 1.24326e-11 0.00000e+00
1.53000e+02 4.98311e-14 0.00000e+00
1.54000e+02 9.67511e-12 0.00000e+00
1.55000e+02 8.26797e-12 0.00000e+00
1.56000e+02 7.80859e-12 0.00000e+00
1.57000e+02 1.49835e-11 0.00000e+00
1.58000e+02 7.40501e-12 0.00000e+00
1.59000e+02 2.92222e-12 0.00000e+00
1.60000e+02 5.73426e-12 0.00000e+00
1.61000e+02 3.52071e-12 0.00000e+00
1.62000e+02 8.34071e-12 0.00000e+00
1.63000e+02 5.67912e-12 0.00000e+00
1.64000e+02 1.06903e-11 0.00000e+00
1.65000e+02 9.51260e-12 0.00000e+00
1.66000e+02 2.31846e-12 0.00000e+00
1.67000e+02 1.05103e-11 0.00000e+00
1.68000e+02 9.73815e-12 0.00000e+00
1.69000e+02 7.96086e-12 0.00000e+00
1.70000e+02 8.44756e-12 0.00000e+00
1.71000e+02 6.55353e-12 0.00000e+00
1.72000e+02 6.53432e-12 0.00000e+00
1.73000e+02 6.31631e-12 0.00000e+00
1.74000e+02 -3.12902e-12 0.00000e+00
1.75000e+02 5.93456e-12 0.00000e+00
1.76000e+02 1.03203e-11 0.00000e+00
1.77000e+02 1.55026e-12 0.00000e+00
1.78000e+02 1.74933e-12 0.00000e+00
1.79000e+02 1.00799e-11 0.00000e+00
1.80000e+02 1.17896e-11 0.00000e+00
1.81000e+02 4.94969e-12 0.00000e+00
1.82000e+02 1.10964e-11 0.00000e+00
1.83000e+02 3.84642e-12 0.00000e+00
1.84000e+02 3.60068e-12 0.00000e+00
1.85000e+02 3.71237e-12 0.00000e+00
1.86000e+02 1.38607e-12 0.00000e+00
1.87000e+02 2.52162e-12 0.00000e+00
1.88000e+02 5.70417e-12 0.00000e+00
1.89000e+02 7.02831e-12 0.00000e+00
1.90000e+02 1.24070e-11 0.00000e+00
1.91000e+02 7.33471e-12 0.00000e+00
1.92000e+02 3.80611e-12 0.00000e+00
1.93000e+02 5.64379e-12 0.00000e+00
1.94000e+02 8.38440e-12 0.00000e+00
1.95000e+02 8.69377e-12 0.00000e+00
1.96000e+02 1.05111e-11 0.00000e+00
1.97000e+02 4.20318e-12 0.00000e+00
1.98000e+02 5.29345e-12 0.00000e+00
1.99000e+02 5.89647e-12 0.00000e+00
2.00000e+02 6.07330e-12 0.00000e+00
2.01000e+02 3.18401e-12 0.00000e+00
2.02000e+02 6.58576e-12 0.00000e+00
2.03000e+02 5.60042e-12 0.00000e+00
2.04000e+02 3.59452e-12 0.00000e+00
2.05000e+02 6.91602e-12 0.00000e+00
2.06000e+02 7.60333e-12 0.00000e+00
2.07000e+02 2.40034e-12 0.00000e+00
2.08000e+02 3.46484e-12 0.00000e+00
2.09000e+02 7.13729e-12 0.00000e+00
2.10000e+02 6.90548e-12 0.00000e+00
2.11000e+02 8.12691e-12 0.00000e+00
2.12000e+02 5.40746e-12 0.00000e+00
2.13000e+02 2.36435e-12 0.00000e+00
2.14000e+02 2.23441e-12 0.00000e+00
2.15000e+02 7.82332e-12 0.00000e+00
2.16000e+02 4.16779e-12 0.00000e+00
2.17000e+02 2.33990e-12 0.00000e+00
2.18000e+02 8.13709e-12 0.00000e+00
2.19000e+02 1.29397e-12 0.00000e+00
2.20000e+02 5.36719e-12 0.00000e+00
2.21000e+02 3.23416e-12 0.00000e+00
2.22000e+02 1.20119e-11 0.00000e+00
2.23000e+02 9.17020e-12 0.00000e+00
2.24000e+02 7.09535e-12 0.00000e+00
2.25000e+02 3.36274e-12 0.00000e+00
2.26000e+02 1.16956e-11 0.00000e+00
2.27000e+02 6.06549e-12 0.00000e+00
2.28000e+02 7.09226e-12 0.00000e+00
2.29000e+02 9.53056e-12 0.00000e+00
2.30000e+02 3.44245e-12 0.00000e+00
2.31000e+02 5.35330e-12 0.00000e+00
2.32000e+02 9.47199e-12 0.00000e+00
2.33000e+02 2.22558e-12 0.00000e+00
2.34000e+02 7.66135e-12 0.00000e+00
2.35000e+02 2.41095e-12 0.00000e+00
2.36000e+02 8.13536e-12 0.00000e+00
2.37000e+02 4.20413e-12 0.00000e+00
2.38000e+02 6.55803e-12 0.00000e+00
2.39000e+02 4.25268e-12 0.00000e+00
2.40000e+02 4.57658e-12 0.00000e+00
2.41000e+02 8.28008e-12 0.00000e+00
2.42000e+02 9.95715e-12 0.00000e+00
2.43000e+02 5.76908e-12 0.00000e+00
2.44000e+02 4.34800e-12 0.00000e+00
2.45000e+02 1.59286e-11 0.00000e+00
2.46000e+02 6.54003e-12 0.00000e+00
2.47000e+02 2.28091e-12 0.00000e+00
2.48000e+02 5.37760e-12 0.00000e+00
2.49000e+02 2.94582e-12 0.00000e+00
2.50000e+02 3.39967e-12 0.00000e+00
2.51000e+02 5.36363e-12 0.00000e+00
2.52000e+02 2.54742e-14 0.00000e+00
2.53000e+02 -4.80146e-13 0.00000e+00
2.54000e+02 1.78879e-12 0.00000e+00
2.55000e+02 7.95921e-12 0.00000e+00
2.56000e+02 3.63401e-12 0.00000e+00
2.57000e+02 2.29490e-12 0.00000e+00
2.58000e+02 8.15154e-12 0.00000e+00
2.59000e+02 6.09746e-12 0.00000e+00
2.60000e+02 5.84456e-12 0.00000e+00
2.61000e+02 8.50085e-12 0.00000e+00
2.62000e+02 2.94486e-12 0.00000e+00
2.63000e+02 7.47759e-12 0.00000e+00
2.64000e+02 7.03430e-12 0.00000e+00
2.65000e+02 8.43320e-12 0.00000e+00
2.66000e+02 2.28244e-12 0.00000e+00
2.67000e+02 2.94200e-12 0.00000e+00
2.68000e+02 3.92792e-12 0.00000e+00
2.69000e+02 1.68004e-12 0.00000e+00
2.70000e+02 5.63773e-12 0.00000e+00
2.71000e+02 1.71779e-12 0.00000e+00
2.72000e+02 9.96235e-12 0.00000e+00
2.73000e+02 8.44496e-12 0.00000e+00
2.74000e+02 3.53319e-12 0.00000e+00
2.75000e+02 3.12630e-12 0.00000e+00
2.76000e+02 3.14629e-12 0.00000e+00
2.77000e+02 5.21123e-12 0.00000e+00
2.78000e+02 5.27801e-12 0.00000e+00
2.79000e+02 5.94360e-12 0.00000e+00
2.80000e+02 7.85894e-13 0.00000e+00
2.81000e+02 7.78263e-12 0.00000e+00
2.82000e+02 4.12337e-12 0.00000e+00
2.83000e+02 3.66121e-12 0.00000e+00
2.84000e+02 2.97618e-12 0.00000e+00
2.85000e+02 7.70791e-12 0.00000e+00
2.86000e+02 4.49113e-12 0.00000e+00
2.87000e+02 5.08404e-12 0.00000e+00
2.88000e+02 8.24592e-13 0.00000e+00
2.89000e+02 5.33807e-12 0.00000e+00
2.90000e+02 1.02056e-11 0.00000e+00
2.91000e+02 6.11167e-12 0.00000e+00
2.92000e+02 8.79492e-12 0.00000e+00
2.93000e+02 2.82497e-12 0.00000e+00
2.94000e+02 3.69105e-12 0.00000e+00
2.95000e+02 7.98699e-12 0.00000e+00
2.96000e+02 5.51602e-12 0.00000e+00
2.97000e+02 4.66202e-12 0.00000e+00
2.98000e+02 1.75105e-12 0.00000e+00
2.99000e+02 4.49536e-12 0.00000e+00
3.00000e+02 5.35672e-12 0.00000e+00
3.01000e+02 4.71762e-12 0.00000e+00
3.02000e+02 3.29261e-12 0.00000e+00
3.03000e+02 6.17158e-12 0.00000e+00
3.04000e+02 7.26125e-12 0.00000e+00
3.05000e+02 3.86964e-12 0.00000e+00
3.06000e+02 7.52694e-12 0.00000e+00
3.07000e+02 4.57728e-12 0.00000e+00
3.08000e+02 7.23693e-12 0.00000e+00
3.09000e+02 6.41502e-12 0.00000e+00
3.10000e+02 6.84548e-12 0.00000e+00
3.11000e+02 3.63766e-12 0.00000e+00
3.12000e+02 2.50574e-12 0.00000e+00
3.13000e+02 6.58185e-12 0.00000e+00
3.14000e+02 7.55750e-12 0.00000e+00
3.15000e+02 5.77662e-12 0.00000e+00
3.16000e+02 5.09426e-12 0.00000e+00
3.17000e+02 2.96202e-12 0.00000e+00
3.18000e+02 2.21753e-12 0.00000e+00
3.19000e+02 4.71779e-12 0.00000e+00
3.20000e+02 -1.47098e-12 0.00000e+00
3.21000e+02 5.49230e-12 0.00000e+00
3.22000e+02 3.11544e-12 0.00000e+00
3.23000e+02 7.94604e-12 0.00000e+00
3.24000e+02 4.80854e-12 0.00000e+00
3.25000e+02 4.83074e-12 0.00000e+00
3.26000e+02 6.09438e-12 0.00000e+00
3.27000e+02 6.30619e-12 0.00000e+00
3.28000e+02 4.81019e-12 0.00000e+00
3.29000e+02 3.20180e-12 0.00000e+00
3.30000e+02 3.40870e-12 0.00000e+00
3.31000e+02 3.31936e-12 0.00000e+00
3.32000e+02 3.24708e-12 0.00000e+00
3.33000e+02 6.32667e-12 0.00000e+00
3.34000e+02 3.56888e-12 0.00000e+00
3.35000e+02 4.55757e-12 0.00000e+00
3.36000e+02 6.74524e-12 0.00000e+00
3.37000e+02 5.37452e-12 0.00000e+00
3.38000e+02 7.86070e-13 0.00000e+00
3.39000e+02 5.30268e-12 0.00000e+00
3.40000e+02 3.47979e-12 0.00000e+00
3.41000e+02 3.04755e-12 0.00000e+00
3.42000e+02 3.74653e-12 0.00000e+00
3.43000e+02 2.30004e-12 0.00000e+00
3.44000e+02 5.09162e-12 0.00000e+00
3.45000e+02 6.61466e-12 0.00000e+00
3.46000e+02 3.80444e-12 0.00000e+00
3.47000e+02 4.90362e-12 0.00000e+00
3.48000e+02 3.16277e-12 0.00000e+00
3.49000e+02 6.59679e-12 0.00000e+00
3.50000e+02 -2.77256e-13 0.00000e+00
3.51000e+02 3.75268e-12 0.00000e+00
3.52000e+02 3.19511e-12 0.00000e+00
3.53000e+02 5.50972e-12 0.00000e+00
3.54000e+02 5.80250e-12 0.00000e+00
3.55000e+02 5.45209e-12 0.00000e+00
3.56000e+02 3.32967e-12 0.00000e+00
3.57000e+02 7.49369e-13 0.00000e+00
3.58000e+02 2.69463e-12 0.00000e+00
3.59000e+02 3.73340e-12 0.00000e+00
3.60000e+02 2.70061e-12 0.00000e+00
3.61000e+02 1.27109e-12 0.00000e+00
3.62000e+02 4.61972e-12 0.00000e+00
3.63000e+02 1.47720e-12 0.00000e+00
3.64000e+02 2.01462e-12 0.00000e+00
3.65000e+02 3.53618e-12 0.00000e+00
3.66000e+02 4.25559e-12 0.00000e+00
3.67000e+02 2.35494e-12 0.00000e+00
3.68000e+02 4.99606e-12 0.00000e+00
3.69000e+02 4.11606e-12 0.00000e+00
3.70000e+02 1.88867e-12 0.00000e+00
3.71000e+02 5.16074e-12 0.00000e+00
3.72000e+02 4.33334e-12 0.00000e+00
3.73000e+02 2.83592e-12 0.00000e+00
3.74000e+02 3.89842e-12 0.00000e+00
3.75000e+02 5.55128e-12 0.00000e+00
3.76000e+02 3.49694e-12 0.00000e+00
3.77000e+02 2.00705e-12 0.00000e+00
3.78000e+02 3.63936e-12 0.00000e+00
3.79000e+02 2.09261e-12 0.00000e+00
3.80000e+02 1.97672e-12 0.00000e+00
3.81000e+02 3.07704e-12 0.00000e+00
3.82000e+02 4.58885e-12 0.00000e+00
3.83000e+02 5.15803e-12 0.00000e+00
3.84000e+02 6.86995e-12 0.00000e+00
3.85000e+02 3.15324e-12 0.00000e+00
3.86000e+02 9.91924e-13 0.00000e+00
3.87000e+02 3.98999e-12 0.00000e+00
3.88000e+02 3.13201e-12 0.00000e+00
3.89000e+02 4.38026e-12 0.00000e+00
3.90000e+02 2.21967e-12 0.00000e+00
3.91000e+02 1.85670e-12 0.00000e+00
3.92000e+02 4.81085e-12 0.00000e+00
3.93000e+02 2.10617e-12 0.00000e+00
3.94000e+02 3.39870e-12 0.00000e+00
3.95000e+02 5.51803e-12 0.00000e+00
3.96000e+02 4.52641e-12 0.00000e+00
3.97000e+02 4.08532e-12 0.00000e+00
3.98000e+02 5.81444e-12 0.00000e+00
3.99000e+02 3.15547e-12 0.00000e+00
4.00000e+02 3.54872e-12 0.00000e+00
4.01000e+02 3.98466e-12 0.00000e+00
4.02000e+02 7.06470e-13 0.00000e+00
4.03000e+02 1.83179e-12 0.00000e+00
4.04000e+02 3.65949e-12 0.00000e+00
4.05000e+02 1.01067e-12 0.00000e+00
4.06000e+02 2.43389e-12 0.00000e+00
4.07000e+02 4.01608e-12 0.00000e+00
4.08000e+02 6.41735e-12 0.00000e+00
4.09000e+02 3.22463e-12 0.00000e+00
4.10000e+02 1.31034e-12 0.00000e+00
4.11000e+02 3.86554e-12 0.00000e+00
4.12000e+02 1.96128e-12 0.00000e+00
4.13000e+02 3.58616e-12 0.00000e+00
4.14000e+02 1.62892e-12 0.00000e+00
4.15000e+02 3.08052e-12 0.00000e+00
4.16000e+02 3.17020e-12 0.00000e+00
4.17000e+02 4.65929e-12 0.00000e+00
4.18000e+02 2.22550e-12 0.00000e+00
4.19000e+02 2.16007e-12 0.00000e+00
4.20000e+02 3.89806e-13 0.00000e+00
4.21000e+02 5.43276e-12 0.00000e+00
4.22000e+02 3.30150e-12 0.00000e+00
4.23000e+02 4.04745e-12 0.00000e+00
4.24000e+02 4.59883e-12 0.00000e+00
4.25000e+02 1.44831e-12 0.00000e+00
4.26000e+02 1.32891e-12 0.00000e+00
4.27000e+02 4.68361e-12 0.00000e+00
4.28000e+02 4.05792e-12 0.00000e+00
4.29000e+02 1.23214e-12 0.00000e+00
4.30000e+02 1.73501e-12 0.00000e+00
4.31000e+02 1.91725e-12 0.00000e+00
4.32000e+02 2.62263e-12 0.00000e+00
4.33000e+02 9.62754e-13 0.00000e+00
4.34000e+02 2.39008e-12 0.00000e+00
4.35000e+02 4.42246e-12 0.00000e+00
4.36000e+02 3.66113e-12 0.00000e+00
4.37000e+02 3.18872e-12 0.00000e+00
4.38000e+02 4.01181e-12 0.00000e+00
4.39000e+02 4.11784e-12 0.00000e+00
4.40000e+02 3.13556e-12 0.00000e+00
4.41000e+02 -8.31580e-16 0.00000e+00
4.42000e+02 3.06794e-12 0.00000e+00
4.43000e+02 3.85466e-12 0.00000e+00
4.44000e+02 1.69454e-12 0.00000e+00
4.45000e+02 2.59106e-12 0.00000e+00
4.46000e+02 3.08209e-12 0.00000e+00
4.47000e+02 2.53919e-12 0.00000e+00
4.48000e+02 4.20821e-14 0.00000e+00
4.49000e+02 1.02476e-12 0.00000e+00
4.50000e+02 3.66097e-12 0.00000e+00
4.51000e+02 2.46747e-12 0.00000e+00
4.52000e+02 2.70926e-12 0.00000e+00
4.53000e+02 3.92172e-12 0.00000e+00
4.54000e+02 5.47808e-12 0.00000e+00
4.55000e+02 3.78643e-12 0.00000e+00
4.56000e+02 3.55771e-12 0.00000e+00
4.57000e+02 3.46536e-12 0.00000e+00
4.58000e+02 1.57722e-12 0.00000e+00
4.59000e+02 2.74871e-12 0.00000e+00
4.60000e+02 8.44019e-13 0.00000e+00
4.61000e+02 2.28675e-12 0.00000e+00
4.62000e+02 9.33941e-13 0.00000e+00
4.63000e+02 1.18585e-12 0.00000e+00
4.64000e+02 5.33026e-13 0.00000e+00
4.65000e+02 2.68761e-12 0.00000e+00
4.66000e+02 1.96849e-12 0.00000e+00
4.67000e+02 2.95717e-12 0.00000e+00
4.68000e+02 3.00710e-12 0.00000e+00
4.69000e+02 2.80103e-12 0.00000e+00
4.70000e+02 1.75691e-12 0.00000e+00
4.71000e+02 1.68462e-12 0.00000e+00
4.72000e+02 9.00208e-13 0.00000e+00
4.73000e+02 1.83281e-12 0.00000e+00
4.74000e+02 1.71851e-12 0.00000e+00
4.75000e+02 2.02332e-12 0.00000e+00
4.76000e+02 2.18786e-12 0.00000e+00
4.77000e+02 3.27553e-12 0.00000e+00
4.78000e+02 2.61632e-12 0.00000e+00
4.79000e+02 3.48812e-12 0.00000e+00
4.80000e+02 2.58758e-12 0.00000e+00
4.81000e+02 2.59549e-12 0.00000e+00
4.82000e+02 2.72096e-12 0.00000e+00
4.83000e+02 9.10775e-13 0.00000e+00
4.84000e+02 1.69873e-12 0.00000e+00
4.85000e+02 2.35008e-12 0.00000e+00
4.86000e+02 2.36906e-12 0.00000e+00
4.87000e+02 2.64420e-12 0.00000e+00
4.88000e+02 2.26819e-12 0.00000e+00
4.89000e+02 1.05001e-12 0.00000e+00
4.90000e+02 2.93541e-12 0.00000e+00
4.91000e+02 3.82528e-12 0.00000e+00
4.92000e+02 9.72007e-13 0.00000e+00
4.93000e+02 3.44431e-12 0.00000e+00
4.94000e+02 3.89259e-12 0.00000e+00
4.95000e+02 2.45552e-12 0.00000e+00
4.96000e+02 4.23636e-12 0.00000e+00
4.97000e+02 2.25770e-12 0.00000e+00
4.98000e+02 2.91143e-12 0.00000e+00
4.99000e+02 3.68200e-12 0.00000e+00
5.00000e+02 2.32553e-12 0.00000e+00
5.01000e+02 1.70057e-12 0.00000e+00
5.02000e+02 2.03083e-12 0.00000e+00
5.03000e+02 3.37834e-12 0.00000e+00
5.04000e+02 1.76009e-12 0.00000e+00
5.05000e+02 2.44341e-12 0.00000e+00
5.06000e+02 2.97376e-12 0.00000e+00
5.07000e+02 2.82663e-12 0.00000e+00
5.08000e+02 2.22783e-12 0.00000e+00
5.09000e+02 3.02392e-12 0.00000e+00
5.10000e+02 2.07837e-12 0.00000e+00
5.11000e+02 3.22230e-12 0.00000e+00
5.12000e+02 1.47454e-12 0.00000e+00
5.13000e+02 2.24013e-12 0.00000e+00
5.14000e+02 2.65508e-12 0.00000e+00
5.15000e+02 3.27223e-12 0.00000e+00
5.16000e+02 3.03315e-13 0.00000e+00
5.17000e+02 3.06540e-12 0.00000e+00
5.18000e+02 2.83711e-12 0.00000e+00
5.19000e+02 2.06248e-12 0.00000e+00
5.20000e+02 2.11974e-12 0.00000e+00
5.21000e+02 1.03126e-12 0.00000e+00
5.22000e+02 1.53708e-12 0.00000e+00
5.23000e+02 2.69188e-12 0.00000e+00
5.24000e+02 1.88998e-12 0.00000e+00
5.25000e+02 2.07851e-12 0.00000e+00
5.26000e+02 1.14705e-12 0.00000e+00
5.27000e+02 1.56919e-12 0.00000e+00
5.28000e+02 1.68894e-12 0.00000e+00
5.29000e+02 1.30334e-12 0.00000e+00
5.30000e+02 2.75252e-12 0.00000e+00
5.31000e+02 3.17049e-12 0.00000e+00
5.32000e+02 2.48195e-12 0.00000e+00
5.33000e+02 3.22817e-12 0.00000e+00
5.34000e+02 2.34170e-12 0.00000e+00
5.35000e+02 2.18859e-12 0.00000e+00
5.36000e+02 2.38990e-12 0.00000e+00
5.37000e+02 1.73915e-12 0.00000e+00
5.38000e+02 2.28981e-12 0.00000e+00
5.39000e+02 1.09366e-12 0.00000e+00
5.40000e+02 2.27081e-12 0.00000e+00
5.41000e+02 1.71627e-12 0.00000e+00
5.42000e+02 2.66253e-12 0.00000e+00
5.43000e+02 1.65714e-12 0.00000e+00
5.44000e+02 1.77287e-12 0.00000e+00
5.45000e+02 1.24723e-12 0.00000e+00
5.46000e+02 1.11444e-12 0.00000e+00
5.47000e+02 2.53108e-12 0.00000e+00
5.48000e+02 2.46153e-12 0.00000e+00
5.49000e+02 1.59625e-12 0.00000e+00
5.50000e+02 2.17507e-12 0.00000e+00
5.51000e+02 2.03038e-12 0.00000e+00
5.52000e+02 1.84191e-12 0.00000e+00
5.53000e+02 1.47779e-12 0.00000e+00
5.54000e+02 1.50366e-12 0.00000e+00
5.55000e+02 1.46388e-12 0.00000e+00
5.56000e+02 2.72148e-12 0.00000e+00
5.57000e+02 2.01930e-12 0.00000e+00
5.58000e+02 5.44529e-13 0.00000e+00
5.59000e+02 1.84922e-12 0.00000e+00
5.60000e+02 1.95128e-12 0.00000e+00
5.61000e+02 1.35785e-12 0.00000e+00
5.62000e+02 2.84674e-12 0.00000e+00
5.63000e+02 1.20083e-12 0.00000e+00
5.64000e+02 1.25668e-12 0.00000e+00
5.65000e+02 1.58782e-12 0.00000e+00
5.66000e+02 4.03513e-13 0.00000e+00
5.67000e+02 2.32448e-12 0.00000e+00
5.68000e+02 1.94975e-12 0.00000e+00
5.69000e+02 2.94039e-13 0.00000e+00
5.70000e+02 1.96397e-12 0.00000e+00
5.71000e+02 1.81538e-12 0.00000e+00
5.72000e+02 2.44299e-12 0.00000e+00
5.73000e+02 2.44170e-12 0.00000e+00
5.74000e+02 1.73964e-12 0.00000e+00
5.75000e+02 1.29019e-12 0.00000e+00
5.76000e+02 8.83517e-13 0.00000e+00
5.77000e+02 1.66093e-12 0.00000e+00
5.78000e+02 1.72520e-12 0.00000e+00
5.79000e+02 2.18690e-12 0.00000e+00
5.80000e+02 2.17575e-12 0.00000e+00
5.81000e+02 3.11758e-13 0.00000e+00
5.82000e+02 2.31430e-12 0.00000e+00
5.83000e+02 1.85650e-12 0.00000e+00
5.84000e+02 1.64414e-12 0.00000e+00
5.85000e+02 2.71982e-12 0.00000e+00
5.86000e+02 2.17174e-12 0.00000e+00
5.87000e+02 2.44158e-12 0.00000e+00
5.88000e+02 5.31227e-13 0.00000e+00
5.89000e+02 1.63255e-12 0.00000e+00
5.90000e+02 2.33354e-12 0.00000e+00
5.91000e+02 2.04539e-12 0.00000e+00
5.92000e+02 1.64015e-12 0.00000e+00
5.93000e+02 2.33674e-12 0.00000e+00
5.94000e+02 2.10198e-12 0.00000e+00
5.95000e+02 2.29758e-12 0.00000e+00
5.96000e+02 1.63007e-12 0.00000e+00
5.97000e+02 2.25692e-12 0.00000e+00
5.98000e+02 2.72410e-12 0.00000e+00
5.99000e+02 1.02471e-12 0.00000e+00
6.00000e+02 2.57641e-12 0.00000e+00
6.01000e+02 1.68715e-13 0.00000e+00
6.02000e+02 2.41635e-12 0.00000e+00
6.03000e+02 1.90972e-12 0.00000e+00
6.04000e+02 1.55575e-12 0.00000e+00
6.05000e+02 1.27639e-12 0.00000e+00
6.06000e+02 1.31974e-12 0.00000e+00
6.07000e+02 1.76002e-12 0.00000e+00
6.08000e+02 2.24551e-12 0.00000e+00
6.09000e+02 1.80412e-12 0.00000e+00
6.10000e+02 2.22771e-12 0.00000e+00
6.11000e+02 2.26896e-12 0.00000e+00
6.12000e+02 1.67950e-12 0.00000e+00
6.13000e+02 8.27263e-13 0.00000e+00
6.14000e+02 1.34923e-12 0.00000e+00
6.15000e+02 1.06774e-12 0.00000e+00
6.16000e+02 1.40942e-12 0.00000e+00
6.17000e+02 1.05929e-12 0.00000e+00
6.18000e+02 1.47365e-12 0.00000e+00
6.19000e+02 1.76910e-12 0.00000e+00
6.20000e+02 1.76819e-12 0.00000e+00
6.21000e+02 1.07024e-12 0.00000e+00
6.22000e+02 1.59898e-12 0.00000e+00
6.23000e+02 1.87675e-12 0.00000e+00
6.24000e+02 2.17558e-12 0.00000e+00
6.25000e+02 1.50127e-12 0.00000e+00
6.26000e+02 7.80283e-13 0.00000e+00
6.27000e+02 1.16806e-12 0.00000e+00
6.28000e+02 1.62016e-12 0.00000e+00
6.29000e+02 1.53530e-12 0.00000e+00
6.30000e+02 9.69187e-13 0.00000e+00
6.31000e+02 1.65837e-12 0.00000e+00
6.32000e+02 1.89771e-12 0.00000e+00
6.33000e+02 1.73095e-12 0.00000e+00
6.34000e+02 1.96385e-12 0.00000e+00
6.35000e+02 1.60796e-12 0.00000e+00
6.36000e+02 1.64304e-12 0.00000e+00
6.37000e+02 1.60742e-12 0.00000e+00
6.38000e+02 1.99224e-12 0.00000e+00
6.39000e+02 1.13337e-12 0.00000e+00
6.40000e+02 1.61346e-12 0.00000e+00
6.41000e+02 1.94528e-12 0.00000e+00
6.42000e+02 1.47700e-12 0.00000e+00
6.43000e+02 1.85522e-12 0.00000e+00
6.44000e+02 1.95417e-12 0.00000e+00
6.45000e+02 1.37035e-12 0.00000e+00
6.46000e+02 1.81615e-12 0.00000e+00
6.47000e+02 1.22694e-12 0.00000e+00
6.48000e+02 7.37617e-13 0.00000e+00
6.49000e+02 1.45458e-12 0.00000e+00
6.50000e+02 1.90975e-12 0.00000e+00
6.51000e+02 1.23160e-12 0.00000e+00
6.52000e+02 3.07437e-12 0.00000e+00
6.53000e+02 1.33425e-12 0.00000e+00
6.54000e+02 1.88753e-12 0.00000e+00
6.55000e+02 1.27095e-12 0.00000e+00
6.56000e+02 2.37883e-12 0.00000e+00
6.57000e+02 1.66159e-12 0.00000e+00
6.58000e+02 1.55364e-12 0.00000e+00
6.59000e+02 2.22139e-12 0.00000e+00
6.60000e+02 5.28272e-13 0.00000e+00
6.61000e+02 1.35902e-12 0.00000e+00
6.62000e+02 1.72774e-12 0.00000e+00
6.63000e+02 1.37050e-12 0.00000e+00
6.64000e+02 1.74737e-12 0.00000e+00
6.65000e+02 1.27006e-12 0.00000e+00
6.66000e+02 1.14566e-12 0.00000e+00
6.67000e+02 1.96060e-12 0.00000e+00
6.68000e+02 1.18010e-12 0.00000e+00
6.69000e+02 9.18377e-13 0.00000e+00
6.70000e+02 1.15137e-12 0.00000e+00
6.71000e+02 2.08294e-12 0.00000e+00
6.72000e+02 8.32265e-13 0.00000e+00
6.73000e+02 8.92836e-13 0.00000e+00
6.74000e+02 1.67369e-12 0.00000e+00
6.75000e+02 1.54606e-12 0.00000e+00
6.76000e+02 1.17844e-12 0.00000e+00
6.77000e+02 1.22848e-12 0.00000e+00
6.78000e+02 1.24987e-12 0.00000e+00
6.79000e+02 1.24192e-12 0.00000e+00
6.80000e+02 1.89681e-12 0.00000e+00
6.81000e+02 1.58101e-12 0.00000e+00
6.82000e+02 1.61962e-12 0.00000e+00
6.83000e+02 1.75035e-12 0.00000e+00
6.84000e+02 1.06847e-12 0.00000e+00
6.85000e+02 1.95229e-12 0.00000e+00
6.86000e+02 1.79393e-12 0.00000e+00
6.87000e+02 1.28501e-12 0.00000e+00
6.88000e+02 2.13418e-12 0.00000e+00
6.89000e+02 8.32355e-13 0.00000e+00
6.90000e+02 1.80880e-12 0.00000e+00
6.91000e+02 1.20856e-12 0.00000e+00
6.92000e+02 1.33449e-12 0.00000e+00
6.93000e+02 1.71207e-12 0.00000e+00
6.94000e+02 1.72395e-12 0.00000e+00
6.95000e+02 1.33601e-12 0.00000e+00
6.96000e+02 1.33355e-12 0.00000e+00
6.97000e+02 1.41219e-12 0.00000e+00
6.98000e+02 1.02759e-12 0.00000e+00
6.99000e+02 1.08993e-12 0.00000e+00
7.00000e+02 1.09061e-12 0.00000e+00
7.01000e+02 1.60030e-12 0.00000e+00
7.02000e+02 2.78338e-13 0.00000e+00
7.03000e+02 1.04885e-12 0.00000e+00
7.04000e+02 1.83630e-12 0.00000e+00
7.05000e+02 8.42138e-13 0.00000e+00
7.06000e+02 1.23597e-12 0.00000e+00
7.07000e+02 7.97456e-13 0.00000e+00
7.08000e+02 1.78749e-12 0.00000e+00
7.09000e+02 1.53818e-12 0.00000e+00
7.10000e+02 1.22757e-12 0.00000e+00
7.11000e+02 1.66584e-12 0.00000e+00
7.12000e+02 1.58946e-12 0.00000e+00
7.13000e+02 1.53929e-12 0.00000e+00
7.14000e+02 1.60266e-12 0.00000e+00
7.15000e+02 9.35274e-13 0.00000e+00
7.16000e+02 1.09900e-12 0.00000e+00
7.17000e+02 1.06922e-12 0.00000e+00
7.18000e+02 1.15347e-12 0.00000e+00
7.19000e+02 4.81991e-13 0.00000e+00
7.20000e+02 8.11072e-13 0.00000e+00
7.21000e+02 1.06289e-12 0.00000e+00
7.22000e+02 1.32857e-12 0.00000e+00
7.23000e+02 1.39195e-12 0.00000e+00
7.24000e+02 1.06740e-12 0.00000e+00
7.25000e+02 1.42929e-12 0.00000e+00
7.26000e+02 1.70376e-12 0.00000e+00
7.27000e+02 8.83893e-13 0.00000e+00
7.28000e+02 1.26134e-12 0.00000e+00
7.29000e+02 9.05799e-13 0.00000e+00
7.30000e+02 1.37883e-12 0.00000e+00
7.31000e+02 1.35240e-12 0.00000e+00
7.32000e+02 1.62124e-12 0.00000e+00
7.33000e+02 1.12211e-12 0.00000e+00
7.34000e+02 1.36946e-12 0.00000e+00
7.35000e+02 1.27348e-12 0.00000e+00
7.36000e+02 9.37565e-13 0.00000e+00
7.37000e+02 1.33860e-12 0.00000e+00
7.38000e+02 1.48197e-12 0.00000e+00
7.39000e+02 1.33476e-12 0.00000e+00
7.40000e+02 1.46652e-12 0.00000e+00
7.41000e+02 1.49578e-12 0.00000e+00
7.42000e+02 1.27922e-12 0.00000e+00
7.43000e+02 1.64588e-12 0.00000e+00
7.44000e+02 9.90760e-13 0.00000e+00
7.45000e+02 1.24938e-12 0.00000e+00
7.46000e+02 1.28232e-12 0.00000e+00
7.47000e+02 9.43979e-13 0.00000e+00
7.48000e+02 7.42250e-13 0.00000e+00
7.49000e+02 1.04170e-12 0.00000e+00
7.50000e+02 8.74463e-13 0.00000e+00
7.51000e+02 1.58025e-12 0.00000e+00
7.52000e+02 1.15018e-12 0.00000e+00
7.53000e+02 1.15110e-12 0.00000e+00
7.54000e+02 1.27433e-12 0.00000e+00
7.55000e+02 1.22595e-12 0.00000e+00
7.56000e+02 8.97916e-13 0.00000e+00
7.57000e+02 7.77327e-13 0.00000e+00
7.58000e+02 8.53015e-13 0.00000e+00
7.59000e+02 9.45101e-13 0.00000e+00
7.60000e+02 7.09266e-13 0.00000e+00
7.61000e+02 1.42770e-12 0.00000e+00
7.62000e+02 1.09210e-12 0.00000e+00
7.63000e+02 1.20410e-12 0.00000e+00
7.64000e+02 1.08314e-12 0.00000e+00
7.65000e+02 8.20162e-13 0.00000e+00
7.66000e+02 1.47412e-12 0.00000e+00
7.67000e+02 1.05365e-12 0.00000e+00
7.68000e+02 1.75471e-12 0.00000e+00
7.69000e+02 1.36108e-12 0.00000e+00
7.70000e+02 5.26752e-13 0.00000e+00
7.71000e+02 1.09836e-12 0.00000e+00
7.72000e+02 8.14975e-13 0.00000e+00
7.73000e+02 1.05593e-12 0.00000e+00
7.74000e+02 9.55247e-13 0.00000e+00
7.75000e+02 7.64012e-13 0.00000e+00
7.76000e+02 7.71383e-13 0.00000e+00
7.77000e+02 9.13998e-13 0.00000e+00
7.78000e+02 7.81118e-13 0.00000e+00
7.79000e+02 1.09520e-12 0.00000e+00
7.80000e+02 1.03078e-12 0.00000e+00
7.81000e+02 1.38603e-12 0.00000e+00
7.82000e+02 9.28731e-13 0.00000e+00
7.83000e+02 7.04025e-13 0.00000e+00
7.84000e+02 7.09473e-13 0.00000e+00
7.85000e+02 9.69233e-13 0.00000e+00
7.86000e+02 6.87847e-13 0.00000e+00
7.87000e+02 1.23531e-12 0.00000e+00
7.88000e+02 1.61437e-12 0.00000e+00
7.89000e+02 7.49593e-13 0.00000e+00
7.90000e+02 7.33173e-13 0.00000e+00
7.91000e+02 6.86801e-13 0.00000e+00
7.92000e+02 1.02357e-12 0.00000e+00
7.93000e+02 1.03576e-12 0.00000e+00
7.94000e+02 1.12476e-12 0.00000e+00
7.95000e+02 7.23491e-13 0.00000e+00
7.96000e+02 1.51653e-12 0.00000e+00
7.97000e+02 1.06452e-12 0.00000e+00
7.98000e+02 8.92867e-13 0.00000e+00
7.99000e+02 6.50862e-13 0.00000e+00
8.00000e+02 6.81108e-13 0.00000e+00
8.01000e+02 1.17187e-12 0.00000e+00
8.02000e+02 1.30582e-12 0.00000e+00
8.03000e+02 8.81440e-13 0.00000e+00
8.04000e+02 5.33292e-13 0.00000e+00
8.05000e+02 4.48694e-13 0.00000e+00
8.06000e+02 1.12435e-12 0.00000e+00
8.07000e+02 8.52576e-13 0.00000e+00
8.08000e+02 5.51394e-13 0.00000e+00
8.09000e+02 8.06487e-13 0.00000e+00
8.10000e+02 1.38154e-12 0.00000e+00
8.11000e+02 3.07015e-13 0.00000e+00
8.12000e+02 3.24666e-13 0.00000e+00
8.13000e+02 1.17311e-12 0.00000e+00
8.14000e+02 1.14537e-12 0.00000e+00
8.15000e+02 5.82287e-13 0.00000e+00
8.16000e+02 1.11930e-12 0.00000e+00
8.17000e+02 9.11085e-13 0.00000e+00
8.18000e+02 6.90533e-13 0.00000e+00
8.19000e+02 1.24404e-12 0.00000e+00
8.20000e+02 1.07678e-12 0.00000e+00
8.21000e+02 6.12406e-13 0.00000e+00
8.22000e+02 1.01984e-12 0.00000e+00
8.23000e+02 9.13050e-13 0.00000e+00
8.24000e+02 6.47717e-13 0.00000e+00
8.25000e+02 7.07073e-13 0.00000e+00
8.26000e+02 9.37505e-13 0.00000e+00
8.27000e+02 7.87317e-13 0.00000e+00
8.28000e+02 2.73306e-13 0.00000e+00
8.29000e+02 1.03126e-12 0.00000e+00
8.30000e+02 8.57034e-13 0.00000e+00
8.31000e+02 8.51219e-13 0.00000e+00
8.32000e+02 4.97169e-13 0.00000e+00
8.33000e+02 9.39477e-13 0.00000e+00
8.34000e+02 9.05609e-13 0.00000e+00
8.35000e+02 1.10893e-12 0.00000e+00
8.36000e+02 1.15722e-12 0.00000e+00
8.37000e+02 7.41284e-13 0.00000e+00
8.38000e+02 3.23985e-13 0.00000e+00
8.39000e+02 8.88551e-13 0.00000e+00
8.40000e+02 9.70395e-13 0.00000e+00
8.41000e+02 1.07061e-12 0.00000e+00
8.42000e+02 5.38711e-13 0.00000e+00
8.43000e+02 1.06765e-12 0.00000e+00
8.44000e+02 6.23985e-13 0.00000e+00
8.45000e+02 1.26287e-12 0.00000e+00
8.46000e+02 6.08507e-13 0.00000e+00
8.47000e+02 6.68420e-13 0.00000e+00
8.48000e+02 7.79181e-13 0.00000e+00
8.49000e+02 3.54501e-13 0.00000e+00
8.50000e+02 6.62572e-13 0.00000e+00
8.51000e+02 8.34252e-13 0.00000e+00
8.52000e+02 1.00472e-12 0.00000e+00
8.53000e+02 7.74559e-13 0.00000e+00
8.54000e+02 6.12210e-13 0.00000e+00
8.55000e+02 7.58029e-13 0.00000e+00
8.56000e+02 6.18741e-13 0.00000e+00
8.57000e+02 6.95075e-13 0.00000e+00
8.58000e+02 1.03185e-12 0.00000e+00
8.59000e+02 7.21081e-13 0.00000e+00
8.60000e+02 5.87470e-13 0.00000e+00
8.61000e+02 3.90946e-13 0.00000e+00
8.62000e+02 7.54440e-13 0.00000e+00
8.63000e+02 4.93990e-13 0.00000e+00
8.64000e+02 5.31788e-13 0.00000e+00
8.65000e+02 8.17402e-13 0.00000e+00
8.66000e+02 1.04831e-12 0.00000e+00
8.67000e+02 5.35067e-13 0.00000e+00
8.68000e+02 7.56752e-13 0.00000e+00
8.69000e+02 9.07500e-13 0.00000e+00
8.70000e+02 1.11158e-12 0.00000e+00
8.71000e+02 6.75052e-13 0.00000e+00
8.72000e+02 5.68487e-13 0.00000e+00
8.73000e+02 9.54663e-13 0.00000e+00
8.74000e+02 5.47121e-13 0.00000e+00
8.75000e+02 5.58629e-13 0.00000e+00
8.76000e+02 6.67208e-13 0.00000e+00
8.77000e+02 8.64627e-13 0.00000e+00
8.78000e+02 9.14639e-13 0.00000e+00
8.79000e+02 6.24143e-13 0.00000e+00
8.80000e+02 6.41058e-13 0.00000e+00
8.81000e+02 4.25730e-13 0.00000e+00
8.82000e+02 3.74431e-13 0.00000e+00
8.83000e+02 8.72134e-13 0.00000e+00
8.84000e+02 8.88076e-13 0.00000e+00
8.85000e+02 7.59807e-13 0.00000e+00
8.86000e+02 6.42820e-13 0.00000e+00
8.87000e+02 8.82738e-13 0.00000e+00
8.88000e+02 6.47185e-13 0.00000e+00
8.89000e+02 6.84999e-13 0.00000e+00
8.90000e+02 6.60448e-13 0.00000e+00
8.91000e+02 5.15438e-13 0.00000e+00
8.92000e+02 7.10256e-13 0.00000e+00
8.93000e+02 6.11152e-13 0.00000e+00
8.94000e+02 4.46175e-13 0.00000e+00
8.95000e+02 7.37409e-13 0.00000e+00
8.96000e+02 8.83749e-13 0.00000e+00
8.97000e+02 7.39075e-13 0.00000e+00
8.98000e+02 5.90611e-13 0.00000e+00
8.99000e+02 8.08266e-13 0.00000e+00
9.00000e+02 8.90195e-13 0.00000e+00
9.01000e+02 6.33622e-13 0.00000e+00
9.02000e+02 7.98250e-13 0.00000e+00
9.03000e+02 7.21141e-13 0.00000e+00
9.04000e+02 6.02800e-13 0.00000e+00
9.05000e+02 7.02349e-13 0.00000e+00
9.06000e+02 9.33267e-13 0.00000e+00
9.07000e+02 7.90572e-13 0.00000e+00
9.08000e+02 2.89993e-13 0.00000e+00
9.09000e+02 5.52735e-13 0.00000e+00
9.10000e+02 5.58542e-13 0.00000e+00
9.11000e+02 5.42828e-13 0.00000e+00
9.12000e+02 8.40036e-13 0.00000e+00
9.13000e+02 5.27614e-13 0.00000e+00
9.14000e+02 6.83492e-13 0.00000e+00
9.15000e+02 7.42616e-13 0.00000e+00
9.16000e+02 6.84803e-13 0.00000e+00
9.17000e+02 6.59039e-13 0.00000e+00
9.18000e+02 5.92703e-13 0.00000e+00
9.19000e+02 5.99718e-13 0.00000e+00
9.20000e+02 6.24267e-13 0.00000e+00
9.21000e+02 6.87525e-13 0.00000e+00
9.22000e+02 7.79019e-13 0.00000e+00
9.23000e+02 4.40154e-13 0.00000e+00
9.24000e+02 8.00911e-13 0.00000e+00
9.25000e+02 6.51562e-13 0.00000e+00
9.26000e+02 6.81184e-13 0.00000e+00
9.27000e+02 7.13786e-13 0.00000e+00
9.28000e+02 7.03713e-13 0.00000e+00
9.29000e+02 5.77796e-13 0.00000e+00
9.30000e+02 6.39408e-13 0.00000e+00
9.31000e+02 5.80432e-13 0.00000e+00
9.32000e+02 6.50930e-13 0.00000e+00
9.33000e+02 5.44239e-13 0.00000e+00
9.34000e+02 7.32798e-13 0.00000e+00
9.35000e+02 7.20474e-13 0.00000e+00
9.36000e+02 5.21692e-13 0.00000e+00
9.37000e+02 8.57661e-13 0.00000e+00
9.38000e+02 5.25194e-13 0.00000e+00
9.39000e+02 7.60545e-13 0.00000e+00
9.40000e+02 6.16296e-13 0.00000e+00
9.41000e+02 4.85598e-13 0.00000e+00
9.42000e+02 4.14250e-13 0.00000e+00
9.43000e+02 6.24501e-13 0.00000e+00
9.44000e+02 4.15152e-13 0.00000e+00
9.45000e+02 4.26658e-13 0.00000e+00
9.46000e+02 7.41667e-13 0.00000e+00
9.47000e+02 5.18343e-13 0.00000e+00
9.48000e+02 3.56759e-13 0.00000e+00
9.49000e+02 4.46780e-13 0.00000e+00
9.50000e+02 5.43992e-13 0.00000e+00
9.51000e+02 4.68582e-13 0.00000e+00
9.52000e+02 4.89901e-13 0.00000e+00
9.53000e+02 5.33119e-13 0.00000e+00
9.54000e+02 6.33793e-13 0.00000e+00
9.55000e+02 6.53427e-13 0.00000e+00
9.56000e+02 5.65405e-13 0.00000e+00
9.57000e+02 3.46734e-13 0.00000e+00
9.58000e+02 2.97506e-13 0.00000e+00
9.59000e+02 7.44649e-13 0.00000e+00
9.60000e+02 6.06200e-13 0.00000e+00
9.61000e+02 6.38629e-13 0.00000e+00
9.62000e+02 5.18138e-13 0.00000e+00
9.63000e+02 5.12481e-13 0.00000e+00
9.64000e+02 4.86056e-13 0.00000e+00
9.65000e+02 5.37367e-13 0.00000e+00
9.66000e+02 5.52487e-13 0.00000e+00
9.67000e+02 4.27370e-13 0.00000e+00
9.68000e+02 4.21422e-13 0.00000e+00
9.69000e+02 4.57534e-13 0.00000e+00
9.70000e+02 4.21812e-13 0.00000e+00
9.71000e+02 4.96424e-13 0.00000e+00
9.72000e+02 4.92169e-13 0.00000e+00
9.73000e+02 4.63986e-13 0.00000e+00
9.74000e+02 5.55099e-13 0.00000e+00
9.75000e+02 6.17779e-13 0.00000e+00
9.76000e+02 5.06798e-13 0.00000e+00
9.77000e+02 6.63467e-13 0.00000e+00
9.78000e+02 7.98518e-13 0.00000e+00
9.79000e+02 6.89486e-13 0.00000e+00
9.80000e+02 3.71748e-13 0.00000e+00
9.81000e+02 5.21855e-13 0.00000e+00
9.82000e+02 4.29797e-13 0.00000e+00
9.83000e+02 4.87543e-13 0.00000e+00
9.84000e+02 4.60438e-13 0.00000e+00
9.85000e+02 7.16509e-13 0.00000e+00
9.86000e+02 2.08737e-13 0.00000e+00
9.87000e+02 4.16786e-13 0.00000e+00
9.88000e+02 4.17758e-13 0.00000e+00
9.89000e+02 2.68607e-13 0.00000e+00
9.90000e+02 4.75901e-13 0.00000e+00
9.91000e+02 6.19151e-13 0.00000e+00
9.92000e+02 4.48737e-13 0.00000e+00
9.93000e+02 5.73638e-13 0.00000e+00
9.94000e+02 4.70088e-13 0.00000e+00
9.95000e+02 4.75050e-13 0.00000e+00
9.96000e+02 4.15714e-13 0.00000e+00
9.97000e+02 3.68079e-13 0.00000e+00
9.98000e+02 4.01173e-13 0.00000e+00
9.99000e+02 4.81366e-13 0.00000e+00
1.00000e+03 4.09449e-13 0.00000e+00
1.00100e+03 4.47520e-13 0.00000e+00
1.00200e+03 5.64878e-13 0.00000e+00
1.00300e+03 2.90419e-13 0.00000e+00
1.00400e+03 4.98659e-13 0.00000e+00
1.00500e+03 4.67266e-13 0.00000e+00
1.00600e+03 4.43172e-13 0.00000e+00
1.00700e+03 4.06132e-13 0.00000e+00
1.00800e+03 5.14619e-13 0.00000e+00
1.00900e+03 4.60379e-13 0.00000e+00
1.01000e+03 6.82295e-13 0.00000e+00
1.01100e+03 4.46016e-13 0.00000e+00
1.01200e+03 5.10869e-13 0.00000e+00
1.01300e+03 6.05938e-13 0.00000e+00
1.01400e+03 3.82032e-13 0.00000e+00
1.01500e+03 5.67262e-13 0.00000e+00
1.01600e+03 2.59835e-13 0.00000e+00
1.01700e+03 3.93412e-13 0.00000e+00
1.01800e+03 3.83133e-13 0.00000e+00
1.01900e+03 3.86841e-13 0.00000e+00
1.02000e+03 5.23505e-13 0.00000e+00
1.02100e+03 4.64364e-13 0.00000e+00
1.02200e+03 3.55718e-13 0.00000e+00
1.02300e+03 6.52103e-13 0.00000e+00
1.02400e+03 3.25377e-13 0.00000e+00
1.02500e+03 5.16782e-13 0.00000e+00
1.02600e+03 3.55983e-13 0.00000e+00
1.02700e+03 2.69869e-13 0.00000e+00
1.02800e+03 3.94274e-13 0.00000e+00
1.02900e+03 4.53849e-13 0.00000e+00
1.03000e+03 4.11758e-13 0.00000e+00
1.03100e+03 5.04160e-13 0.00000e+00
1.03200e+03 3.72923e-13 0.00000e+00
1.03300e+03 4.61427e-13 0.00000e+00
1.03400e+03 4.64253e-13 0.00000e+00
1.03500e+03 3.98838e-13 0.00000e+00
1.03600e+03 3.76851e-13 0.00000e+00
1.03700e+03 3.86700e-13 0.00000e+00
1.03800e+03 2.36014e-13 0.00000e+00
1.03900e+03 4.56390e-13 0.00000e+00
1.04000e+03 3.16195e-13 0.00000e+00
1.04100e+03 4.02606e-13 0.00000e+00
1.04200e+03 4.40835e-13 0.00000e+00
1.04300e+03 2.97229e-13 0.00000e+00
1.04400e+03 3.54321e-13 0.00000e+00
1.04500e+03 3.75380e-13 0.00000e+00
1.04600e+03 4.88167e-13 0.00000e+00
1.04700e+03 3.40013e-13 0.00000e+00
1.04800e+03 3.26324e-13 0.00000e+00
1.04900e+03 2.42887e-13 0.00000e+00
1.05000e+03 4.81205e-13 0.00000e+00
1.05100e+03 3.87277e-13 0.00000e+00
1.05200e+03 3.39070e-13 0.00000e+00
1.05300e+03 5.55044e-13 0.00000e+00
1.05400e+03 2.99045e-13 0.00000e+00
1.05500e+03 4.40958e-13 0.00000e+00
1.05600e+03 4.43119e-13 0.00000e+00
1.05700e+03 4.90688e-13 0.00000e+00
1.05800e+03 3.52348e-13 0.00000e+00
1.05900e+03 2.97575e-13 0.00000e+00
1.06000e+03 2.63351e-13 0.00000e+00
1.06100e+03 5.14551e-13 0.00000e+00
1.06200e+03 5.68817e-13 0.00000e+00
1.06300e+03 4.40985e-13 0.00000e+00
1.06400e+03 4.53621e-13 0.00000e+00
1.06500e+03 3.33713e-13 0.00000e+00
1.06600e+03 4.08249e-13 0.00000e+00
1.06700e+03 2.61941e-13 0.00000e+00
1.06800e+03 1.31058e-13 0.00000e+00
1.06900e+03 3.56124e-13 0.00000e+00
1.07000e+03 4.27186e-13 0.00000e+00
1.07100e+03 3.60745e-13 0.00000e+00
1.07200e+03 2.95851e-13 0.00000e+00
1.07300e+03 3.30580e-13 0.00000e+00
1.07400e+03 2.68766e-13 0.00000e+00
1.07500e+03 3.27683e-13 0.00000e+00
1.07600e+03 3.42752e-13 0.00000e+00
1.07700e+03 3.27581e-13 0.00000e+00
1.07800e+03 4.34318e-13 0.00000e+00
1.07900e+03 4.35053e-13 0.00000e+00
1.08000e+03 3.25674e-13 0.00000e+00
1.08100e+03 3.11700e-13 0.00000e+00
1.08200e+03 2.23299e-13 0.00000e+00
1.08300e+03 3.16788e-13 0.00000e+00
1.08400e+03 3.17194e-13 0.00000e+00
1.08500e+03 3.78939e-13 0.00000e+00
1.08600e+03 3.40558e-13 0.00000e+00
1.08700e+03 3.06213e-13 0.00000e+00
1.08800e+03 3.38801e-13 0.00000e+00
1.08900e+03 2.68342e-13 0.00000e+00
1.09000e+03 3.96820e-13 0.00000e+00
1.09100e+03 2.66483e-13 0.00000e+00
1.09200e+03 2.89818e-13 0.00000e+00
1.09300e+03 3.80824e-13 0.00000e+00
1.09400e+03 3.95046e-13 0.00000e+00
1.09500e+03 2.23889e-13 0.00000e+00
1.09600e+03 2.19546e-13 0.00000e+00
1.09700e+03 2.60869e-13 0.00000e+00
1.09800e+03 2.97598e-13 0.00000e+00
1.09900e+03 3.44501e-13 0.00000e+00
1.10000e+03 2.25941e-13 0.00000e+00
1.10100e+03 3.60325e-13 0.00000e+00
1.10200e+03 2.43878e-13 0.00000e+00
1.10300e+03 3.14628e-13 0.00000e+00
1.10400e+03 3.51488e-13 0.00000e+00
1.10500e+03 3.92238e-13 0.00000e+00
1.10600e+03 4.00474e-13 0.00000e+00
1.10700e+03 2.42713e-13 0.00000e+00
1.10800e+03 3.12141e-13 0.00000e+00
1.10900e+03 3.67362e-13 0.00000e+00
1.11000e+03 2.16895e-13 0.00000e+00
1.11100e+03 2.87670e-13 0.00000e+00
1.11200e+03 2.74090e-13 0.00000e+00
1.11300e+03 3.01921e-13 0.00000e+00
1.11400e+03 1.69066e-13 0.00000e+00
1.11500e+03 2.90318e-13 0.00000e+00
1.11600e+03 3.12567e-13 0.00000e+00
1.11700e+03 3.52734e-13 0.00000e+00
1.11800e+03 2.82702e-13 0.00000e+00
1.11900e+03 2.49371e-13 0.00000e+00
1.12000e+03 3.24121e-13 0.00000e+00
1.12100e+03 2.93771e-13 0.00000e+00
1.12200e+03 2.85864e-13 0.00000e+00
1.12300e+03 3.05624e-13 0.00000e+00
1.12400e+03 2.62426e-13 0.00000e+00
1.12500e+03 3.43959e-13 0.00000e+00
1.12600e+03 2.20845e-13 0.00000e+00
1.12700e+03 3.13157e-13 0.00000e+00
1.12800e+03 3.94677e-13 0.00000e+00
1.12900e+03 2.68770e-13 0.00000e+00
1.13000e+03 3.36610e-13 0.00000e+00
1.13100e+03 3.01240e-13 0.00000e+00
1.13200e+03 2.01974e-13 0.00000e+00
1.13300e+03 2.82708e-13 0.00000e+00
1.13400e+03 2.24516e-13 0.00000e+00
1.13500e+03 3.86736e-13 0.00000e+00
1.13600e+03 2.24535e-13 0.00000e+00
1.13700e+03 2.23721e-13 0.00000e+00
1.13800e+03 3.56777e-13 0.00000e+00
1.13900e+03 2.69731e-13 0.00000e+00
1.14000e+03 2.87902e-13 0.00000e+00
1.14100e+03 2.46312e-13 0.00000e+00
1.14200e+03 2.44154e-13 0.00000e+00
1.14300e+03 2.20226e-13 0.00000e+00
1.14400e+03 3.06383e-13 0.00000e+00
1.14500e+03 2.71365e-13 0.00000e+00
1.14600e+03 2.67902e-13 0.00000e+00
1.14700e+03 2.44592e-13 0.00000e+00
1.14800e+03 2.60465e-13 0.00000e+00
1.14900e+03 1.52731e-13 0.00000e+00
1.15000e+03 3.46302e-13 0.00000e+00
1.15100e+03 2.24066e-13 0.00000e+00
1.15200e+03 2.92128e-13 0.00000e+00
1.15300e+03 3.38501e-13 0.00000e+00
1.15400e+03 2.39911e-13 0.00000e+00
1.15500e+03 2.76736e-13 0.00000e+00
1.15600e+03 2.38177e-13 0.00000e+00
1.15700e+03 2.17990e-13 0.00000e+00
1.15800e+03 2.34272e-13 0.00000e+00
1.15900e+03 2.41373e-13 0.00000e+00
1.16000e+03 2.17507e-13 0.00000e+00
1.16100e+03 2.02934e-13 0.00000e+00
1.16200e+03 2.31450e-13 0.00000e+00
1.16300e+03 2.92639e-13 0.00000e+00
1.16400e+03 2.63747e-13 0.00000e+00
1.16500e+03 2.32856e-13 0.00000e+00
1.16600e+03 2.45384e-13 0.00000e+00
1.16700e+03 2.38545e-13 0.00000e+00
1.16800e+03 2.43037e-13 0.00000e+00
1.16900e+03 2.17094e-13 0.00000e+00
1.17000e+03 2.36113e-13 0.00000e+00
1.17100e+03 2.11799e-13 0.00000e+00
1.17200e+03 3.03718e-13 0.00000e+00
1.17300e+03 2.00949e-13 0.00000e+00
1.17400e+03 3.41382e-13 0.00000e+00
1.17500e+03 1.84585e-13 0.00000e+00
1.17600e+03 2.55184e-13 0.00000e+00
1.17700e+03 2.94594e-13 0.00000e+00
1.17800e+03 2.99129e-13 0.00000e+00
1.17900e+03 2.03991e-13 0.00000e+00
1.18000e+03 2.03566e-13 0.00000e+00
1.18100e+03 2.26508e-13 0.00000e+00
1.18200e+03 2.41381e-13 0.00000e+00
1.18300e+03 1.94336e-13 0.00000e+00
1.18400e+03 1.94335e-13 0.00000e+00
1.18500e+03 2.70607e-13 0.00000e+00
1.18600e+03 2.21817e-13 0.00000e+00
1.18700e+03 2.08739e-13 0.00000e+00
1.18800e+03 2.22823e-13 0.00000e+00
1.18900e+03 2.81963e-13 0.00000e+00
1.19000e+03 1.90323e-13 0.00000e+00
1.19100e+03 2.31525e-13 0.00000e+00
1.19200e+03 2.48095e-13 0.00000e+00
1.19300e+03 1.44650e-13 0.00000e+00
1.19400e+03 2.75273e-13 0.00000e+00
1.19500e+03 1.66615e-13 0.00000e+00
1.19600e+03 2.03002e-13 0.00000e+00
1.19700e+03 2.43385e-13 0.00000e+00
1.19800e+03 2.30993e-13 0.00000e+00
1.19900e+03 2.17637e-13 0.00000e+00
1.20000e+03 1.72639e-13 0.00000e+00
1.20100e+03 1.94118e-13 0.00000e+00
1.20200e+03 1.92067e-13 0.00000e+00
1.20300e+03 1.79833e-13 0.00000e+00
1.20400e+03 2.50379e-13 0.00000e+00
1.20500e+03 2.68253e-13 0.00000e+00
1.20600e+03 2.66052e-13 0.00000e+00
1.20700e+03 1.74772e-13 0.00000e+00
1.20800e+03 2.40044e-13 0.00000e+00
1.20900e+03 1.54878e-13 0.00000e+00
1.21000e+03 1.79552e-13 0.00000e+00
1.21100e+03 2.65912e-13 0.00000e+00
1.21200e+03 1.80962e-13 0.00000e+00
1.21300e+03 1.58438e-13 0.00000e+00
1.21400e+03 2.14157e-13 0.00000e+00
1.21500e+03 2.41542e-13 0.00000e+00
1.21600e+03 1.75389e-13 0.00000e+00
1.21700e+03 1.74391e-13 0.00000e+00
1.21800e+03 1.66191e-13 0.00000e+00
1.21900e+03 1.77114e-13 0.00000e+00
1.22000e+03 1.91131e-13 0.00000e+00
1.22100e+03 1.68053e-13 0.00000e+00
1.22200e+03 2.16107e-13 0.00000e+00
1.22300e+03 1.40192e-13 0.00000e+00
1.22400e+03 1.64552e-13 0.00000e+00
1.22500e+03 1.80705e-13 0.00000e+00
1.22600e+03 1.65971e-13 0.00000e+00
1.22700e+03 2.52058e-13 0.00000e+00
1.22800e+03 2.44096e-13 0.00000e+00
1.22900e+03 1.94999e-13 0.00000e+00
1.23000e+03 1.72220e-13 0.00000e+00
1.23100e+03 1.71616e-13 0.00000e+00
1.23200e+03 2.02397e-13 0.00000e+00
1.23300e+03 1.65557e-13 0.00000e+00
1.23400e+03 1.45564e-13 0.00000e+00
1.23500e+03 2.05339e-13 0.00000e+00
1.23600e+03 2.13555e-13 0.00000e+00
1.23700e+03 1.97696e-13 0.00000e+00
1.23800e+03 1.53240e-13 0.00000e+00
1.23900e+03 1.46956e-13 0.00000e+00
1.24000e+03 2.46663e-13 0.00000e+00
1.24100e+03 1.54062e-13 0.00000e+00
1.24200e+03 1.48984e-13 0.00000e+00
1.24300e+03 1.47944e-13 0.00000e+00
1.24400e+03 1.46177e-13 0.00000e+00
1.24500e+03 1.53713e-13 0.00000e+00
1.24600e+03 1.68726e-13 0.00000e+00
1.24700e+03 1.84735e-13 0.00000e+00
1.24800e+03 9.77111e-14 0.00000e+00
1.24900e+03 2.05934e-13 0.00000e+00
1.25000e+03 1.55065e-13 0.00000e+00
1.25100e+03 1.81043e-13 0.00000e+00
1.25200e+03 1.20298e-13 0.00000e+00
1.25300e+03 2.14129e-13 0.00000e+00
1.25400e+03 1.50631e-13 0.00000e+00
1.25500e+03 1.41189e-13 0.00000e+00
1.25600e+03 1.14629e-13 0.00000e+00
1.25700e+03 1.18587e-13 0.00000e+00
1.25800e+03 1.66883e-13 0.00000e+00
1.25900e+03 2.17019e-13 0.00000e+00
1.26000e+03 1.59702e-13 0.00000e+00
1.26100e+03 1.38238e-13 0.00000e+00
1.26200e+03 1.18124e-13 0.00000e+00
1.26300e+03 1.50149e-13 0.00000e+00
1.26400e+03 1.81945e-13 0.00000e+00
1.26500e+03 1.38118e-13 0.00000e+00
1.26600e+03 1.97459e-13 0.00000e+00
1.26700e+03 1.68531e-13 0.00000e+00
1.26800e+03 1.10727e-13 0.00000e+00
1.26900e+03 1.66934e-13 0.00000e+00
1.27000e+03 1.52078e-13 0.00000e+00
1.27100e+03 1.59766e-13 0.00000e+00
1.27200e+03 1.87816e-13 0.00000e+00
1.27300e+03 1.68950e-13 0.00000e+00
1.27400e+03 1.32808e-13 0.00000e+00
1.27500e+03 1.54567e-13 0.00000e+00
1.27600e+03 1.55296e-13 0.00000e+00
1.27700e+03 1.97702e-13 0.00000e+00
1.27800e+03 1.49557e-13 0.00000e+00
1.27900e+03 1.82818e-13 0.00000e+00
1.28000e+03 1.56006e-13 0.00000e+00
1.28100e+03 1.43330e-13 0.00000e+00
1.28200e+03 1.22761e-13 0.00000e+00
1.28300e+03 1.13314e-13 0.00000e+00
1.28400e+03 1.48436e-13 0.00000e+00
1.28500e+03 9.37912e-14 0.00000e+00
1.28600e+03 1.13570e-13 0.00000e+00
1.28700e+03 1.58575e-13 0.00000e+00
1.28800e+03 1.56061e-13 0.00000e+00
1.28900e+03 1.64006e-13 0.00000e+00
1.29000e+03 8.87987e-14 0.00000e+00
1.29100e+03 1.53262e-13 0.00000e+00
1.29200e+03 1.58281e-13 0.00000e+00
1.29300e+03 1.56658e-13 0.00000e+00
1.29400e+03 1.72912e-13 0.00000e+00
1.29500e+03 1.79877e-13 0.00000e+00
1.29600e+03 1.30797e-13 0.00000e+00
1.29700e+03 9.81733e-14 0.00000e+00
1.29800e+03 7.50304e-14 0.00000e+00
1.29900e+03 1.42787e-13 0.00000e+00
1.30000e+03 1.64851e-13 0.00000e+00
1.30100e+03 9.76138e-14 0.00000e+00
1.30200e+03 1.31803e-13 0.00000e+00
1.30300e+03 1.21517e-13 0.00000e+00
1.30400e+03 1.39244e-13 0.00000e+00
1.30500e+03 7.41090e-14 0.00000e+00
1.30600e+03 1.50092e-13 0.00000e+00
1.30700e+03 1.24278e-13 0.00000e+00
1.30800e+03 1.27699e-13 0.00000e+00
1.30900e+03 1.20945e-13 0.00000e+00
1.31000e+03 1.00998e-13 0.00000e+00
1.31100e+03 1.18001e-13 0.00000e+00
1.31200e+03 1.45219e-13 0.00000e+00
1.31300e+03 1.65827e-13 0.00000e+00
1.31400e+03 9.85258e-14 0.00000e+00
1.31500e+03 1.56748e-13 0.00000e+00
1.31600e+03 1.08759e-13 0.00000e+00
1.31700e+03 1.20282e-13 0.00000e+00
1.31800e+03 1.60324e-13 0.00000e+00
1.31900e+03 1.25508e-13 0.00000e+00
1.32000e+03 1.49045e-13 0.00000e+00
1.32100e+03 1.13354e-13 0.00000e+00
1.32200e+03 1.10346e-13 0.00000e+00
1.32300e+03 1.16978e-13 0.00000e+00
1.32400e+03 1.32888e-13 0.00000e+00
1.32500e+03 1.25261e-13 0.00000e+00
1.32600e+03 1.08728e-13 0.00000e+00
1.32700e+03 1.04126e-13 0.00000e+00
1.32800e+03 1.42762e-13 0.00000e+00
1.32900e+03 1.15582e-13 0.00000e+00
1.33000e+03 1.42846e-13 0.00000e+00
1.33100e+03 1.15938e-13 0.00000e+00
1.33200e+03 1.34613e-13 0.00000e+00
1.33300e+03 1.17740e-13 0.00000e+00
1.33400e+03 1.55524e-13 0.00000e+00
1.33500e+03 1.46407e-13 0.00000e+00
1.33600e+03 1.03163e-13 0.00000e+00
1.33700e+03 7.29439e-14 0.00000e+00
1.33800e+03 9.70959e-14 0.00000e+00
1.33900e+03 1.01553e-13 0.00000e+00
1.34000e+03 9.30617e-14 0.00000e+00
1.34100e+03 1.23912e-13 0.00000e+00
1.34200e+03 8.79571e-14 0.00000e+00
1.34300e+03 1.18234e-13 0.00000e+00
1.34400e+03 1.39919e-13 0.00000e+00
1.34500e+03 9.44863e-14 0.00000e+00
1.34600e+03 1.14422e-13 0.00000e+00
1.34700e+03 9.27284e-14 0.00000e+00
1.34800e+03 1.63790e-13 0.00000e+00
1.34900e+03 1.21706e-13 0.00000e+00
1.35000e+03 1.16699e-13 0.00000e+00
1.35100e+03 1.24160e-13 0.00000e+00
1.35200e+03 1.46273e-13 0.00000e+00
1.35300e+03 7.59335e-14 0.00000e+00
1.35400e+03 1.32742e-13 0.00000e+00
1.35500e+03 8.82642e-14 0.00000e+00
1.35600e+03 9.44428e-14 0.00000e+00
1.35700e+03 9.75346e-14 0.00000e+00
1.35800e+03 1.27187e-13 0.00000e+00
1.35900e+03 1.21521e-13 0.00000e+00
1.36000e+03 1.17823e-13 0.00000e+00
1.36100e+03 1.23058e-13 0.00000e+00
1.36200e+03 1.26350e-13 0.00000e+00
1.36300e+03 1.18045e-13 0.00000e+00
1.36400e+03 8.53919e-14 0.00000e+00
1.36500e+03 8.93651e-14 0.00000e+00
1.36600e+03 7.00250e-14 0.00000e+00
1.36700e+03 1.04789e-13 0.00000e+00
1.36800e+03 1.21900e-13 0.00000e+00
1.36900e+03 7.54200e-14 0.00000e+00
1.37000e+03 9.71611e-14 0.00000e+00
1.37100e+03 9.40527e-14 0.00000e+00
1.37200e+03 1.08223e-13 0.00000e+00
1.37300e+03 1.26067e-13 0.00000e+00
1.37400e+03 8.13783e-14 0.00000e+00
1.37500e+03 9.48693e-14 0.00000e+00
1.37600e+03 1.03521e-13 0.00000e+00
1.37700e+03 1.04910e-13 0.00000e+00
1.37800e+03 1.02547e-13 0.00000e+00
1.37900e+03 1.22616e-13 0.00000e+00
1.38000e+03 1.03160e-13 0.00000e+00
1.38100e+03 1.25205e-13 0.00000e+00
1.38200e+03 1.21938e-13 0.00000e+00
1.38300e+03 9.52864e-14 0.00000e+00
1.38400e+03 6.39877e-14 0.00000e+00
1.38500e+03 1.00461e-13 0.00000e+00
1.38600e+03 1.17991e-13 0.00000e+00
1.38700e+03 1.17448e-13 0.00000e+00
1.38800e+03 7.36491e-14 0.00000e+00
1.38900e+03 8.47068e-14 0.00000e+00
1.39000e+03 7.89690e-14 0.00000e+00
1.39100e+03 8.33865e-14 0.00000e+00
1.39200e+03 7.15630e-14 0.00000e+00
1.39300e+03 1.11697e-13 0.00000e+00
1.39400e+03 9.70097e-14 0.00000e+00
1.39500e+03 9.42860e-14 0.00000e+00
1.39600e+03 1.24743e-13 0.00000e+00
1.39700e+03 9.42449e-14 0.00000e+00
1.39800e+03 9.43797e-14 0.00000e+00
1.39900e+03 1.06788e-13 0.00000e+00
1.40000e+03 1.25662e-13 0.00000e+00
1.40100e+03 9.35424e-14 0.00000e+00
1.40200e+03 7.10323e-14 0.00000e+00
1.40300e+03 8.45029e-14 0.00000e+00
1.40400e+03 4.43398e-14 0.00000e+00
1.40500e+03 7.53561e-14 0.00000e+00
1.40600e+03 7.00246e-14 0.00000e+00
1.40700e+03 1.04675e-13 0.00000e+00
1.40800e+03 7.22268e-14 0.00000e+00
1.40900e+03 8.25399e-14 0.00000e+00
1.41000e+03 9.15590e-14 0.00000e+00
1.41100e+03 6.42905e-14 0.00000e+00
1.41200e+03 7.85097e-14 0.00000e+00
1.41300e+03 9.59236e-14 0.00000e+00
1.41400e+03 8.36720e-14 0.00000e+00
1.41500e+03 9.43925e-14 0.00000e+00
1.41600e+03 8.66949e-14 0.00000e+00
1.41700e+03 5.86437e-14 0.00000e+00
1.41800e+03 6.88938e-14 0.00000e+00
1.41900e+03 9.98117e-14 0.00000e+00
1.42000e+03 6.43783e-14 0.00000e+00
1.42100e+03 8.05848e-14 0.00000e+00
1.42200e+03 7.81788e-14 0.00000e+00
1.42300e+03 4.74578e-14 0.00000e+00
1.42400e+03 6.61271e-14 0.00000e+00
1.42500e+03 8.19100e-14 0.00000e+00
1.42600e+03 5.49470e-14 0.00000e+00
1.42700e+03 5.83481e-14 0.00000e+00
1.42800e+03 7.69614e-14 0.00000e+00
1.42900e+03 6.23750e-14 0.00000e+00
1.43000e+03 8.80688e-14 0.00000e+00
1.43100e+03 4.72426e-14 0.00000e+00
1.43200e+03 4.96151e-14 0.00000e+00
1.43300e+03 7.12758e-14 0.00000e+00
1.43400e+03 7.56647e-14 0.00000e+00
1.43500e+03 6.50276e-14 0.00000e+00
1.43600e+03 6.54608e-14 0.00000e+00
1.43700e+03 7.54100e-14 0.00000e+00
1.43800e+03 9.19810e-14 0.00000e+00
1.43900e+03 6.55323e-14 0.00000e+00
1.44000e+03 6.88649e-14 0.00000e+00
1.44100e+03 8.49931e-14 0.00000e+00
1.44200e+03 7.96186e-14 0.00000e+00
1.44300e+03 8.48965e-14 0.00000e+00
1.44400e+03 9.00835e-14 0.00000e+00
1.44500e+03 7.98761e-14 0.00000e+00
1.44600e+03 4.01340e-14 0.00000e+00
1.44700e+03 6.66122e-14 0.00000e+00
1.44800e+03 1.01327e-13 0.00000e+00
1.44900e+03 4.02485e-14 0.00000e+00
1.45000e+03 8.42934e-14 0.00000e+00
1.45100e+03 8.02673e-14 0.00000e+00
1.45200e+03 6.21781e-14 0.00000e+00
1.45300e+03 4.81650e-14 0.00000e+00
1.45400e+03 6.72711e-14 0.00000e+00
1.45500e+03 6.42572e-14 0.00000e+00
1.45600e+03 6.10197e-14 0.00000e+00
1.45700e+03 4.98637e-14 0.00000e+00
1.45800e+03 7.99835e-14 0.00000e+00
1.45900e+03 6.15516e-14 0.00000e+00
1.46000e+03 5.93699e-14 0.00000e+00
1.46100e+03 7.03019e-14 0.00000e+00
1.46200e+03 8.02532e-14 0.00000e+00
1.46300e+03 4.83658e-14 0.00000e+00
1.46400e+03 4.37347e-14 0.00000e+00
1.46500e+03 6.43305e-14 0.00000e+00
1.46600e+03 6.48975e-14 0.00000e+00
1.46700e+03 6.58451e-14 0.00000e+00
1.46800e+03 5.43065e-14 0.00000e+00
1.46900e+03 6.64180e-14 0.00000e+00
1.47000e+03 4.92408e-14 0.00000e+00
1.47100e+03 4.79613e-14 0.00000e+00
1.47200e+03 7.61586e-14 0.00000e+00
1.47300e+03 6.09657e-14 0.00000e+00
1.47400e+03 6.46728e-14 0.00000e+00
1.47500e+03 6.38482e-14 0.00000e+00
1.47600e+03 6.96206e-14 0.00000e+00
1.47700e+03 4.96634e-14 0.00000e+00
1.47800e+03 6.91915e-14 0.00000e+00
1.47900e+03 6.76461e-14 0.00000e+00
1.48000e+03 6.06897e-14 0.00000e+00
1.48100e+03 4.95850e-14 0.00000e+00
1.48200e+03 7.52760e-14 0.00000e+00
1.48300e+03 7.59579e-14 0.00000e+00
1.48400e+03 5.47988e-14 0.00000e+00
1.48500e+03 5.68149e-14 0.00000e+00
1.48600e+03 5.56732e-14 0.00000e+00
1.48700e+03 5.93501e-14 0.00000e+00
1.48800e+03 4.24614e-14 0.00000e+00
1.48900e+03 5.81025e-14 0.00000e+00
1.49000e+03 4.83375e-14 0.00000e+00
1.49100e+03 4.32682e-14 0.00000e+00
1.49200e+03 5.97468e-14 0.00000e+00
1.49300e+03 4.54844e-14 0.00000e+00
1.49400e+03 3.41824e-14 0.00000e+00
1.49500e+03 5.28007e-14 0.00000e+00
1.49600e+03 4.16471e-14 0.00000e+00
1.49700e+03 3.43749e-14 0.00000e+00
1.49800e+03 5.95487e-14 0.00000e+00
1.49900e+03 5.00202e-14 0.00000e+00
1.50000e+03 5.76712e-14 0.00000e+00
1.50100e+03 4.50470e-14 0.00000e+00
1.50200e+03 4.38182e-14 0.00000e+00
1.50300e+03 5.23524e-14 0.00000e+00
1.50400e+03 4.25306e-14 0.00000e+00
1.50500e+03 5.82776e-14 0.00000e+00
1.50600e+03 7.12010e-14 0.00000e+00
1.50700e+03 5.93010e-14 0.00000e+00
1.50800e+03 5.94773e-14 0.00000e+00
1.50900e+03 6.19499e-14 0.00000e+00
1.51000e+03 4.49544e-14 0.00000e+00
1.51100e+03 3.04627e-14 0.00000e+00
1.51200e+03 5.44178e-14 0.00000e+00
1.51300e+03 5.83248e-14 0.00000e+00
1.51400e+03 4.51132e-14 0.00000e+00
1.51500e+03 4.98302e-14 0.00000e+00
1.51600e+03 4.17545e-14 0.00000e+00
1.51700e+03 5.72202e-14 0.00000e+00
1.51800e+03 6.13707e-14 0.00000e+00
1.51900e+03 5.17231e-14 0.00000e+00
1.52000e+03 5.87312e-14 0.00000e+00
1.52100e+03 3.79220e-14 0.00000e+00
1.52200e+03 4.76443e-14 0.00000e+00
1.52300e+03 5.82123e-14 0.00000e+00
1.52400e+03 3.88303e-14 0.00000e+00
1.52500e+03 4.10431e-14 0.00000e+00
1.52600e+03 4.05096e-14 0.00000e+00
1.52700e+03 4.93838e-14 0.00000e+00
1.52800e+03 4.83447e-14 0.00000e+00
1.52900e+03 5.96770e-14 0.00000e+00
1.53000e+03 6.12948e-14 0.00000e+00
1.53100e+03 4.90988e-14 0.00000e+00
1.53200e+03 2.69621e-14 0.00000e+00
1.53300e+03 4.96775e-14 0.00000e+00
1.53400e+03 4.66291e-14 0.00000e+00
1.53500e+03 6.16985e-14 0.00000e+00
1.53600e+03 3.34313e-14 0.00000e+00
1.53700e+03 4.27206e-14 0.00000e+00
1.53800e+03 4.26392e-14 0.00000e+00
1.53900e+03 5.92135e-14 0.00000e+00
1.54000e+03 5.96654e-14 0.00000e+00
1.54100e+03 3.97432e-14 0.00000e+00
1.54200e+03 5.77725e-14 0.00000e+00
1.54300e+03 3.40700e-14 0.00000e+00
1.54400e+03 5.20046e-14 0.00000e+00
1.54500e+03 4.45881e-14 0.00000e+00
1.54600e+03 3.81524e-14 0.00000e+00
1.54700e+03 3.76315e-14 0.00000e+00
1.54800e+03 4.69425e-14 0.00000e+00
1.54900e+03 3.33242e-14 0.00000e+00
1.55000e+03 4.11289e-14 0.00000e+00
1.55100e+03 6.43941e-14 0.00000e+00
1.55200e+03 4.18629e-14 0.00000e+00
1.55300e+03 4.34650e-14 0.00000e+00
1.55400e+03 4.94822e-14 0.00000e+00
1.55500e+03 3.17331e-14 0.00000e+00
1.55600e+03 3.52903e-14 0.00000e+00
1.55700e+03 3.41560e-14 0.00000e+00
1.55800e+03 3.52159e-14 0.00000e+00
1.55900e+03 4.89767e-14 0.00000e+00
1.56000e+03 4.11269e-14 0.00000e+00
1.56100e+03 4.54052e-14 0.00000e+00
1.56200e+03 3.57609e-14 0.00000e+00
1.56300e+03 3.85470e-14 0.00000e+00
1.56400e+03 3.00919e-14 0.00000e+00
1.56500e+03 4.70951e-14 0.00000e+00
1.56600e+03 3.08584e-14 0.00000e+00
1.56700e+03 3.84929e-14 0.00000e+00
1.56800e+03 3.53804e-14 0.00000e+00
1.56900e+03 3.20466e-14 0.00000e+00
1.57000e+03 3.02794e-14 0.00000e+00
1.57100e+03 3.62154e-14 0.00000e+00
1.57200e+03 3.30455e-14 0.00000e+00
1.57300e+03 3.58004e-14 0.00000e+00
1.57400e+03 3.39232e-14 0.00000e+00
1.57500e+03 4.36883e-14 0.00000e+00
1.57600e+03 3.21542e-14 0.00000e+00
1.57700e+03 2.29512e-14 0.00000e+00
1.57800e+03 2.96967e-14 0.00000e+00
1.57900e+03 4.00523e-14 0.00000e+00
1.58000e+03 4.04949e-14 0.00000e+00
1.58100e+03 3.08771e-14 0.00000e+00
1.58200e+03 4.48082e-14 0.00000e+00
1.58300e+03 3.19662e-14 0.00000e+00
1.58400e+03 3.81015e-14 0.00000e+00
1.58500e+03 3.57433e-14 0.00000e+00
1.58600e+03 3.98218e-14 0.00000e+00
1.58700e+03 3.10018e-14 0.00000e+00
1.58800e+03 3.89491e-14 0.00000e+00
1.58900e+03 3.82980e-14 0.00000e+00
1.59000e+03 3.11376e-14 0.00000e+00
1.59100e+03 2.67441e-14 0.00000e+00
1.59200e+03 3.53940e-14 0.00000e+00
1.59300e+03 2.67148e-14 0.00000e+00
1.59400e+03 3.04056e-14 0.00000e+00
1.59500e+03 2.81318e-14 0.00000e+00
1.59600e+03 3.39508e-14 0.00000e+00
1.59700e+03 2.35622e-14 0.00000e+00
1.59800e+03 3.38595e-14 0.00000e+00
1.59900e+03 3.01251e-14 0.00000e+00
1.60000e+03 3.44434e-14 0.00000e+00
1.60100e+03 2.98875e-14 0.00000e+00
1.60200e+03 3.38333e-14 0.00000e+00
1.60300e+03 4.21296e-14 0.00000e+00
1.60400e+03 3.43389e-14 0.00000e+00
1.60500e+03 3.10325e-14 0.00000e+00
1.60600e+03 3.28455e-14 0.00000e+00
1.60700e+03 3.26083e-14 0.00000e+00
1.60800e+03 4.00162e-14 0.00000e+00
1.60900e+03 3.03583e-14 0.00000e+00
1.61000e+03 4.04143e-14 0.00000e+00
1.61100e+03 2.83236e-14 0.00000e+00
1.61200e+03 3.01470e-14 0.00000e+00
1.61300e+03 3.92986e-14 0.00000e+00
1.61400e+03 1.82884e-14 0.00000e+00
1.61500e+03 2.51259e-14 0.00000e+00
1.61600e+03 3.35502e-14 0.00000e+00
1.61700e+03 3.87778e-14 0.00000e+00
1.61800e+03 3.53545e-14 0.00000e+00
1.61900e+03 2.62020e-14 0.00000e+00
1.62000e+03 3.59040e-14 0.00000e+00
1.62100e+03 3.87616e-14 0.00000e+00
1.62200e+03 2.71943e-14 0.00000e+00
1.62300e+03 2.55371e-14 0.00000e+00
1.62400e+03 2.90824e-14 0.00000e+00
1.62500e+03 3.64291e-14 0.00000e+00
1.62600e+03 2.40089e-14 0.00000e+00
1.62700e+03 2.92482e-14 0.00000e+00
1.62800e+03 3.16845e-14 0.00000e+00
1.62900e+03 3.09093e-14 0.00000e+00
1.63000e+03 3.18324e-14 0.00000e+00
1.63100e+03 3.82543e-14 0.00000e+00
1.63200e+03 2.20914e-14 0.00000e+00
1.63300e+03 2.23818e-14 0.00000e+00
1.63400e+03 3.08061e-14 0.00000e+00
1.63500e+03 2.50627e-14 0.00000e+00
1.63600e+03 2.25379e-14 0.00000e+00
1.63700e+03 3.74802e-14 0.00000e+00
1.63800e+03 2.98689e-14 0.00000e+00
1.63900e+03 3.67342e-14 0.00000e+00
1.64000e+03 2.30230e-14 0.00000e+00
1.64100e+03 3.16790e-14 0.00000e+00
1.64200e+03 3.79948e-14 0.00000e+00
1.64300e+03 2.14569e-14 0.00000e+00
1.64400e+03 2.77346e-14 0.00000e+00
1.64500e+03 3.14526e-14 0.00000e+00
1.64600e+03 1.53893e-14 0.00000e+00
1.64700e+03 3.11925e-14 0.00000e+00
1.64800e+03 2.67547e-14 0.00000e+00
1.64900e+03 1.76077e-14 0.00000e+00
1.65000e+03 2.85534e-14 0.00000e+00
1.65100e+03 2.41663e-14 0.00000e+00
1.65200e+03 2.41237e-14 0.00000e+00
1.65300e+03 3.19787e-14 0.00000e+00
1.65400e+03 2.81420e-14 0.00000e+00
1.65500e+03 1.93624e-14 0.00000e+00
1.65600e+03 2.42878e-14 0.00000e+00
1.65700e+03 3.80511e-14 0.00000e+00
1.65800e+03 2.49308e-14 0.00000e+00
1.65900e+03 1.97327e-14 0.00000e+00
1.66000e+03 3.07027e-14 0.00000e+00
1.66100e+03 2.45850e-14 0.00000e+00
1.66200e+03 1.97864e-14 0.00000e+00
1.66300e+03 2.63564e-14 0.00000e+00
1.66400e+03 2.05699e-14 0.00000e+00
1.66500e+03 2.30061e-14 0.00000e+00
1.66600e+03 2.03527e-14 0.00000e+00
1.66700e+03 1.41073e-14 0.00000e+00
1.66800e+03 2.61490e-14 0.00000e+00
1.66900e+03 1.86634e-14 0.00000e+00
1.67000e+03 3.01330e-14 0.00000e+00
1.67100e+03 2.22093e-14 0.00000e+00
1.67200e+03 2.04914e-14 0.00000e+00
1.67300e+03 2.78143e-14 0.00000e+00
1.67400e+03 2.48995e-14 0.00000e+00
1.67500e+03 2.85356e-14 0.00000e+00
1.67600e+03 1.98019e-14 0.00000e+00
1.67700e+03 2.56619e-14 0.00000e+00
1.67800e+03 2.89710e-14 0.00000e+00
1.67900e+03 1.79264e-14 0.00000e+00
1.68000e+03 2.19982e-14 0.00000e+00
1.68100e+03 2.05306e-14 0.00000e+00
1.68200e+03 2.60695e-14 0.00000e+00
1.68300e+03 1.80194e-14 0.00000e+00
1.68400e+03 2.23551e-14 0.00000e+00
1.68500e+03 1.38488e-14 0.00000e+00
1.68600e+03 2.48974e-14 0.00000e+00
1.68700e+03 2.64290e-14 0.00000e+00
1.68800e+03 1.87275e-14 0.00000e+00
1.68900e+03 2.98186e-14 0.00000e+00
1.69000e+03 1.20411e-14 0.00000e+00
1.69100e+03 2.02776e-14 0.00000e+00
1.69200e+03 2.82544e-14 0.00000e+00
1.69300e+03 1.90516e-14 0.00000e+00
1.69400e+03 1.98178e-14 0.00000e+00
1.69500e+03 2.20335e-14 0.00000e+00
1.69600e+03 2.25863e-14 0.00000e+00
1.69700e+03 1.49017e-14 0.00000e+00
1.69800e+03 2.31696e-14 0.00000e+00
1.69900e+03 1.74415e-14 0.00000e+00
1.70000e+03 1.77772e-14 0.00000e+00
1.70100e+03 2.32905e-14 0.00000e+00
1.70200e+03 1.84214e-14 0.00000e+00
1.70300e+03 2.27087e-14 0.00000e+00
1.70400e+03 2.13625e-14 0.00000e+00
1.70500e+03 1.92986e-14 0.00000e+00
1.70600e+03 1.93048e-14 0.00000e+00
1.70700e+03 2.52044e-14 0.00000e+00
1.70800e+03 1.58264e-14 0.00000e+00
1.70900e+03 1.56115e-14 0.00000e+00
1.71000e+03 1.50182e-14 0.00000e+00
1.71100e+03 1.38070e-14 0.00000e+00
1.71200e+03 1.72365e-14 0.00000e+00
1.71300e+03 2.10510e-14 0.00000e+00
1.71400e+03 1.00710e-14 0.00000e+00
1.71500e+03 1.46356e-14 0.00000e+00
1.71600e+03 2.39121e-14 0.00000e+00
1.71700e+03 2.23309e-14 0.00000e+00
1.71800e+03 1.44703e-14 0.00000e+00
1.71900e+03 1.50622e-14 0.00000e+00
1.72000e+03 1.42946e-14 0.00000e+00
1.72100e+03 1.85562e-14 0.00000e+00
1.72200e+03 1.74753e-14 0.00000e+00
1.72300e+03 2.25001e-14 0.00000e+00
1.72400e+03 1.67393e-14 0.00000e+00
1.72500e+03 1.02467e-14 0.00000e+00
1.72600e+03 1.53416e-14 0.00000e+00
1.72700e+03 1.46651e-14 0.00000e+00
1.72800e+03 1.92313e-14 0.00000e+00
1.72900e+03 1.68266e-14 0.00000e+00
1.73000e+03 1.90311e-14 0.00000e+00
1.73100e+03 1.39376e-14 0.00000e+00
1.73200e+03 1.59052e-14 0.00000e+00
1.73300e+03 1.33062e-14 0.00000e+00
1.73400e+03 1.52970e-14 0.00000e+00
1.73500e+03 1.85331e-14 0.00000e+00
1.73600e+03 1.86777e-14 0.00000e+00
1.73700e+03 1.84556e-14 0.00000e+00
1.73800e+03 1.46853e-14 0.00000e+00
1.73900e+03 1.40990e-14 0.00000e+00
1.74000e+03 1.85707e-14 0.00000e+00
1.74100e+03 1.38436e-14 0.00000e+00
1.74200e+03 1.19279e-14 0.00000e+00
1.74300e+03 1.45562e-14 0.00000e+00
1.74400e+03 1.34166e-14 0.00000e+00
1.74500e+03 1.85058e-14 0.00000e+00
1.74600e+03 1.92995e-14 0.00000e+00
1.74700e+03 1.14285e-14 0.00000e+00
1.74800e+03 2.08985e-14 0.00000e+00
1.74900e+03 1.36855e-14 0.00000e+00
1.75000e+03 1.52702e-14 0.00000e+00
1.75100e+03 1.28484e-14 0.00000e+00
1.75200e+03 1.77487e-14 0.00000e+00
1.75300e+03 1.96731e-14 0.00000e+00
1.75400e+03 1.72004e-14 0.00000e+00
1.75500e+03 1.46294e-14 0.00000e+00
1.75600e+03 1.68904e-14 0.00000e+00
1.75700e+03 1.65414e-14 0.00000e+00
1.75800e+03 1.46511e-14 0.00000e+00
1.75900e+03 1.44288e-14 0.00000e+00
1.76000e+03 1.24377e-14 0.00000e+00
1.76100e+03 1.66448e-14 0.00000e+00
1.76200e+03 1.40993e-14 0.00000e+00
1.76300e+03 9.74384e-15 0.00000e+00
1.76400e+03 1.33851e-14 0.00000e+00
1.76500e+03 1.32070e-14 0.00000e+00
1.76600e+03 1.28684e-14 0.00000e+00
1.76700e+03 1.38419e-14 0.00000e+00
1.76800e+03 1.18068e-14 0.00000e+00
1.76900e+03 1.41268e-14 0.00000e+00
1.77000e+03 9.27291e-15 0.00000e+00
1.77100e+03 1.57346e-14 0.00000e+00
1.77200e+03 1.00673e-14 0.00000e+00
1.77300e+03 1.79848e-14 0.00000e+00
1.77400e+03 1.38874e-14 0.00000e+00
1.77500e+03 1.21345e-14 0.00000e+00
1.77600e+03 1.54219e-14 0.00000e+00
1.77700e+03 1.25551e-14 0.00000e+00
1.77800e+03 1.22558e-14 0.00000e+00
1.77900e+03 1.18655e-14 0.00000e+00
1.78000e+03 1.37480e-14 0.00000e+00
1.78100e+03 1.19789e-14 0.00000e+00
1.78200e+03 1.39932e-14 0.00000e+00
1.78300e+03 1.26479e-14 0.00000e+00
1.78400e+03 9.56801e-15 0.00000e+00
1.78500e+03 1.49611e-14 0.00000e+00
1.78600e+03 1.45621e-14 0.00000e+00
1.78700e+03 1.08734e-14 0.00000e+00
1.78800e+03 1.37222e-14 0.00000e+00
1.78900e+03 1.45427e-14 0.00000e+00
1.79000e+03 1.20414e-14 0.00000e+00
1.79100e+03 9.85476e-15 0.00000e+00
1.79200e+03 1.11583e-14 0.00000e+00
1.79300e+03 9.84347e-15 0.00000e+00
1.79400e+03 9.56795e-15 0.00000e+00
1.79500e+03 7.46655e-15 0.00000e+00
1.79600e+03 8.02881e-15 0.00000e+00
1.79700e+03 1.18680e-14 0.00000e+00
1.79800e+03 1.48455e-14 0.00000e+00
1.79900e+03 1.08736e-14 0.00000e+00
1.80000e+03 1.01310e-14 0.00000e+00
1.80100e+03 1.05983e-14 0.00000e+00
1.80200e+03 1.20261e-14 0.00000e+00
1.80300e+03 1.11424e-14 0.00000e+00
1.80400e+03 8.33159e-15 0.00000e+00
1.80500e+03 1.02668e-14 0.00000e+00
1.80600e+03 1.07429e-14 0.00000e+00
1.80700e+03 1.26955e-14 0.00000e+00
1.80800e+03 1.04073e-14 0.00000e+00
1.80900e+03 7.64848e-15 0.00000e+00
1.81000e+03 1.11419e-14 0.00000e+00
1.81100e+03 1.25523e-14 0.00000e+00
1.81200e+03 1.47322e-14 0.00000e+00
1.81300e+03 1.04508e-14 0.00000e+00
1.81400e+03 1.27026e-14 0.00000e+00
1.81500e+03 1.28329e-14 0.00000e+00
1.81600e+03 7.69146e-15 0.00000e+00
1.81700e+03 1.27974e-14 0.00000e+00
1.81800e+03 1.34388e-14 0.00000e+00
1.81900e+03 1.12941e-14 0.00000e+00
1.82000e+03 1.27064e-14 0.00000e+00
1.82100e+03 1.24145e-14 0.00000e+00
1.82200e+03 1.23634e-14 0.00000e+00
1.82300e+03 4.23813e-15 0.00000e+00
1.82400e+03 1.03297e-14 0.00000e+00
1.82500e+03 9.87066e-15 0.00000e+00
1.82600e+03 8.79605e-15 0.00000e+00
1.82700e+03 9.09704e-15 0.00000e+00
1.82800e+03 1.19282e-14 0.00000e+00
1.82900e+03 8.49462e-15 0.00000e+00
1.83000e+03 7.78094e-15 0.00000e+00
1.83100e+03 6.60775e-15 0.00000e+00
1.83200e+03 6.80316e-15 0.00000e+00
1.83300e+03 1.10587e-14 0.00000e+00
1.83400e+03 1.17212e-14 0.00000e+00
1.83500e+03 1.06192e-14 0.00000e+00
1.83600e+03 1.23208e-14 0.00000e+00
1.83700e+03 1.24830e-14 0.00000e+00
1.83800e+03 7.76702e-15 0.00000e+00
1.83900e+03 7.75140e-15 0.00000e+00
1.84000e+03 8.37933e-15 0.00000e+00
1.84100e+03 9.10850e-15 0.00000e+00
1.84200e+03 6.31499e-15 0.00000e+00
1.84300e+03 8.87367e-15 0.00000e+00
1.84400e+03 1.00150e-14 0.00000e+00
1.84500e+03 9.46654e-15 0.00000e+00
1.84600e+03 9.55630e-15 0.00000e+00
1.84700e+03 1.07373e-14 0.00000e+00
1.84800e+03 8.55277e-15 0.00000e+00
1.84900e+03 1.00753e-14 0.00000e+00
1.85000e+03 8.15842e-15 0.00000e+00
1.85100e+03 8.19585e-15 0.00000e+00
1.85200e+03 7.42034e-15 0.00000e+00
1.85300e+03 9.59126e-15 0.00000e+00
1.85400e+03 6.98946e-15 0.00000e+00
1.85500e+03 1.24603e-14 0.00000e+00
1.85600e+03 6.60595e-15 0.00000e+00
1.85700e+03 6.03222e-15 0.00000e+00
1.85800e+03 6.77083e-15 0.00000e+00
1.85900e+03 1.09749e-14 0.00000e+00
1.86000e+03 8.24626e-15 0.00000e+00
1.86100e+03 9.19861e-15 0.00000e+00
1.86200e+03 9.58682e-15 0.00000e+00
1.86300e+03 7.87295e-15 0.00000e+00
1.86400e+03 1.11823e-14 0.00000e+00
1.86500e+03 8.03445e-15 0.00000e+00
1.86600e+03 8.97426e-15 0.00000e+00
1.86700e+03 8.27925e-15 0.00000e+00
1.86800e+03 8.07506e-15 0.00000e+00
1.86900e+03 7.61001e-15 0.00000e+00
1.87000e+03 7.15651e-15 0.00000e+00
1.87100e+03 6.99683e-15 0.00000e+00
1.87200e+03 5.61224e-15 0.00000e+00
1.87300e+03 7.94481e-15 0.00000e+00
1.87400e+03 7.14095e-15 0.00000e+00
1.87500e+03 7.36648e-15 0.00000e+00
1.87600e+03 7.54099e-15 0.00000e+00
1.87700e+03 7.44086e-15 0.00000e+00
1.87800e+03 9.58423e-15 0.00000e+00
1.87900e+03 5.85011e-15 0.00000e+00
1.88000e+03 6.97862e-15 0.00000e+00
1.88100e+03 9.54276e-15 0.00000e+00
1.88200e+03 8.81656e-15 0.00000e+00
1.88300e+03 9.49326e-15 0.00000e+00
1.88400e+03 7.05153e-15 0.00000e+00
1.88500e+03 7.82773e-15 0.00000e+00
1.88600e+03 5.97790e-15 0.00000e+00
1.88700e+03 8.53491e-15 0.00000e+00
1.88800e+03 7.73151e-15 0.00000e+00
1.88900e+03 7.89464e-15 0.00000e+00
1.89000e+03 7.17081e-15 0.00000e+00
1.89100e+03 6.36559e-15 0.00000e+00
1.89200e+03 6.25960e-15 0.00000e+00
1.89300e+03 6.79912e-15 0.00000e+00
1.89400e+03 6.71836e-15 0.00000e+00
1.89500e+03 6.52355e-15 0.00000e+00
1.89600e+03 6.26538e-15 0.00000e+00
1.89700e+03 5.70570e-15 0.00000e+00
1.89800e+03 4.79612e-15 0.00000e+00
1.89900e+03 6.50376e-15 0.00000e+00
1.90000e+03 6.29072e-15 0.00000e+00
1.90100e+03 5.91095e-15 0.00000e+00
1.90200e+03 7.01814e-15 0.00000e+00
1.90300e+03 7.30198e-15 0.00000e+00
1.90400e+03 6.25075e-15 0.00000e+00
1.90500e+03 6.82455e-15 0.00000e+00
1.90600e+03 6.64946e-15 0.00000e+00
1.90700e+03 6.03521e-15 0.00000e+00
1.90800e+03 7.85812e-15 0.00000e+00
1.90900e+03 5.15806e-15 0.00000e+00
1.91000e+03 7.03850e-15 0.00000e+00
1.91100e+03 6.64633e-15 0.00000e+00
1.91200e+03 6.46786e-15 0.00000e+00
1.91300e+03 6.81448e-15 0.00000e+00
1.91400e+03 6.81166e-15 0.00000e+00
1.91500e+03 7.64349e-15 0.00000e+00
1.91600e+03 4.69128e-15 0.00000e+00
1.91700e+03 4.59649e-15 0.00000e+00
1.91800e+03 6.24623e-15 0.00000e+00
1.91900e+03 6.07390e-15 0.00000e+00
1.92000e+03 6.16832e-15 0.00000e+00
1.92100e+03 6.43400e-15 0.00000e+00
1.92200e+03 7.00268e-15 0.00000e+00
1.92300e+03 6.08935e-15 0.00000e+00
1.92400e+03 3.31471e-15 0.00000e+00
1.92500e+03 5.50618e-15 0.00000e+00
1.92600e+03 5.94975e-15 0.00000e+00
1.92700e+03 7.34795e-15 0.00000e+00
1.92800e+03 4.88922e-15 0.00000e+00
1.92900e+03 5.69957e-15 0.00000e+00
1.93000e+03 5.59839e-15 0.00000e+00
1.93100e+03 6.69019e-15 0.00000e+00
1.93200e+03 3.95842e-15 0.00000e+00
1.93300e+03 7.00614e-15 0.00000e+00
1.93400e+03 6.88849e-15 0.00000e+00
1.93500e+03 5.14004e-15 0.00000e+00
1.93600e+03 6.55721e-15 0.00000e+00
1.93700e+03 6.25340e-15 0.00000e+00
1.93800e+03 5.50810e-15 0.00000e+00
1.93900e+03 6.10719e-15 0.00000e+00
1.94000e+03 4.46598e-15 0.00000e+00
1.94100e+03 5.89643e-15 0.00000e+00
1.94200e+03 6.64749e-15 0.00000e+00
1.94300e+03 5.12445e-15 0.00000e+00
1.94400e+03 4.99111e-15 0.00000e+00
1.94500e+03 4.72837e-15 0.00000e+00
1.94600e+03 4.45486e-15 0.00000e+00
1.94700e+03 3.89419e-15 0.00000e+00
1.94800e+03 3.62492e-15 0.00000e+00
1.94900e+03 5.95388e-15 0.00000e+00
1.95000e+03 4.52230e-15 0.00000e+00
1.95100e+03 5.84739e-15 0.00000e+00
1.95200e+03 5.53222e-15 0.00000e+00
1.95300e+03 5.99728e-15 0.00000e+00
1.95400e+03 4.20937e-15 0.00000e+00
1.95500e+03 4.61787e-15 0.00000e+00
1.95600e+03 3.58053e-15 0.00000e+00
1.95700e+03 5.09210e-15 0.00000e+00
1.95800e+03 4.25083e-15 0.00000e+00
1.95900e+03 5.27573e-15 0.00000e+00
1.96000e+03 4.38878e-15 0.00000e+00
1.96100e+03 4.45646e-15 0.00000e+00
1.96200e+03 3.87712e-15 0.00000e+00
1.96300e+03 6.58655e-15 0.00000e+00
1.96400e+03 4.65500e-15 0.00000e+00
1.96500e+03 5.67969e-15 0.00000e+00
1.96600e+03 5.34768e-15 0.00000e+00
1.96700e+03 4.73018e-15 0.00000e+00
1.96800e+03 3.53321e-15 0.00000e+00
1.96900e+03 3.79526e-15 0.00000e+00
1.97000e+03 4.89364e-15 0.00000e+00
1.97100e+03 3.96737e-15 0.00000e+00
1.97200e+03 4.97034e-15 0.00000e+00
1.97300e+03 3.82259e-15 0.00000e+00
1.97400e+03 4.28247e-15 0.00000e+00
1.97500e+03 3.48447e-15 0.00000e+00
1.97600e+03 4.47922e-15 0.00000e+00
1.97700e+03 4.57421e-15 0.00000e+00
1.97800e+03 4.09176e-15 0.00000e+00
1.97900e+03 5.68651e-15 0.00000e+00
1.98000e+03 3.99466e-15 0.00000e+00
1.98100e+03 3.53192e-15 0.00000e+00
1.98200e+03 4.87843e-15 0.00000e+00
1.98300e+03 3.95748e-15 0.00000e+00
1.98400e+03 3.55293e-15 0.00000e+00
1.98500e+03 3.89125e-15 0.00000e+00
1.98600e+03 3.71567e-15 0.00000e+00
1.98700e+03 4.26568e-15 0.00000e+00
1.98800e+03 3.80135e-15 0.00000e+00
1.98900e+03 3.73117e-15 0.00000e+00
1.99000e+03 2.47596e-15 0.00000e+00
1.99100e+03 4.49726e-15 0.00000e+00
1.99200e+03 3.51475e-15 0.00000e+00
1.99300e+03 3.40264e-15 0.00000e+00
1.99400e+03 4.15434e-15 0.00000e+00
1.99500e+03 3.44424e-15 0.00000e+00
1.99600e+03 3.22859e-15 0.00000e+00
1.99700e+03 3.85464e-15 0.00000e+00
1.99800e+03 2.93151e-15 0.00000e+00
1.99900e+03 4.25636e-15 0.00000e+00
2.00000e+03 3.63349e-15 0.00000e+00
