0.00000e+00 0.00000e+00 0.00000e+00
1.00000e+00 0.00000e+00 0.00000e+00
2.00000e+00 0.00000e+00 0.00000e+00
3.00000e+00 0.00000e+00 0.00000e+00
4.00000e+00 0.00000e+00 0.00000e+00
5.00000e+00 0.00000e+00 0.00000e+00
6.00000e+00 0.00000e+00 0.00000e+00
7.00000e+00 0.00000e+00 0.00000e+00
8.00000e+00 0.00000e+00 0.00000e+00
9.00000e+00 0.00000e+00 0.00000e+00
1.00000e+01 0.00000e+00 0.00000e+00
1.10000e+01 0.00000e+00 0.00000e+00
1.20000e+01 0.00000e+00 0.00000e+00
1.30000e+01 0.00000e+00 0.00000e+00
1.40000e+01 0.00000e+00 0.00000e+00
1.50000e+01 0.00000e+00 0.00000e+00
1.60000e+01 0.00000e+00 0.00000e+00
1.70000e+01 0.00000e+00 0.00000e+00
1.80000e+01 0.00000e+00 0.00000e+00
1.90000e+01 0.00000e+00 0.00000e+00
2.00000e+01 0.00000e+00 0.00000e+00
2.10000e+01 0.00000e+00 0.00000e+00
2.20000e+01 0.00000e+00 0.00000e+00
2.30000e+01 0.00000e+00 0.00000e+00
2.40000e+01 0.00000e+00 0.00000e+00
2.50000e+01 0.00000e+00 0.00000e+00
2.60000e+01 0.00000e+00 0.00000e+00
2.70000e+01 0.00000e+00 0.00000e+00
2.80000e+01 0.00000e+00 0.00000e+00
2.90000e+01 0.00000e+00 0.00000e+00
3.00000e+01 0.00000e+00 0.00000e+00
3.10000e+01 0.00000e+00 0.00000e+00
3.20000e+01 0.00000e+00 0.00000e+00
3.30000e+01 0.00000e+00 0.00000e+00
3.40000e+01 0.00000e+00 0.00000e+00
3.50000e+01 0.00000e+00 0.00000e+00
3.60000e+01 0.00000e+00 0.00000e+00
3.70000e+01 0.00000e+00 0.00000e+00
3.80000e+01 0.00000e+00 0.00000e+00
3.90000e+01 0.00000e+00 0.00000e+00
4.00000e+01 0.00000e+00 0.00000e+00
4.10000e+01 0.00000e+00 0.00000e+00
4.20000e+01 0.00000e+00 0.00000e+00
4.30000e+01 0.00000e+00 0.00000e+00
4.40000e+01 0.00000e+00 0.00000e+00
4.50000e+01 0.00000e+00 0.00000e+00
4.60000e+01 0.00000e+00 0.00000e+00
4.70000e+01 0.00000e+00 0.00000e+00
4.80000e+01 0.00000e+00 0.00000e+00
4.90000e+01 0.00000e+00 0.00000e+00
5.00000e+01 0.00000e+00 0.00000e+00
5.10000e+01 0.00000e+00 0.00000e+00
5.20000e+01 0.00000e+00 0.00000e+00
5.30000e+01 0.00000e+00 0.00000e+00
5.40000e+01 0.00000e+00 0.00000e+00
5.50000e+01 0.00000e+00 0.00000e+00
5.60000e+01 0.00000e+00 0.00000e+00
5.70000e+01 0.00000e+00 0.00000e+00
5.80000e+01 0.00000e+00 0.00000e+00
5.90000e+01 0.00000e+00 0.00000e+00
6.00000e+01 0.00000e+00 0.00000e+00
6.10000e+01 0.00000e+00 0.00000e+00
6.20000e+01 0.00000e+00 0.00000e+00
6.30000e+01 0.00000e+00 0.00000e+00
6.40000e+01 0.00000e+00 0.00000e+00
6.50000e+01 0.00000e+00 0.00000e+00
6.60000e+01 0.00000e+00 0.00000e+00
6.70000e+01 0.00000e+00 0.00000e+00
6.80000e+01 0.00000e+00 0.00000e+00
6.90000e+01 0.00000e+00 0.00000e+00
7.00000e+01 0.00000e+00 0.00000e+00
7.10000e+01 0.00000e+00 0.00000e+00
7.20000e+01 0.00000e+00 0.00000e+00
7.30000e+01 0.00000e+00 0.00000e+00
7.40000e+01 0.00000e+00 0.00000e+00
7.50000e+01 0.00000e+00 0.00000e+00
7.60000e+01 0.00000e+00 0.00000e+00
7.70000e+01 0.00000e+00 0.00000e+00
7.80000e+01 0.00000e+00 0.00000e+00
7.90000e+01 0.00000e+00 0.00000e+00
8.00000e+01 0.00000e+00 0.00000e+00
8.10000e+01 0.00000e+00 0.00000e+00
8.20000e+01 0.00000e+00 0.00000e+00
8.30000e+01 0.00000e+00 0.00000e+00
8.40000e+01 0.00000e+00 0.00000e+00
8.50000e+01 0.00000e+00 0.00000e+00
8.60000e+01 0.00000e+00 0.00000e+00
8.70000e+01 0.00000e+00 0.00000e+00
8.80000e+01 0.00000e+00 0.00000e+00
8.90000e+01 0.00000e+00 0.00000e+00
9.00000e+01 0.00000e+00 0.00000e+00
9.10000e+01 0.00000e+00 0.00000e+00
9.20000e+01 0.00000e+00 0.00000e+00
9.30000e+01 0.00000e+00 0.00000e+00
9.40000e+01 0.00000e+00 0.00000e+00
9.50000e+01 0.00000e+00 0.00000e+00
9.60000e+01 0.00000e+00 0.00000e+00
9.70000e+01 0.00000e+00 0.00000e+00
9.80000e+01 0.00000e+00 0.00000e+00
9.90000e+01 0.00000e+00 0.00000e+00
1.00000e+02 1.57081e-11 0.00000e+00
1.01000e+02 2.15819e-11 0.00000e+00
1.02000e+02 1.99867e-11 0.00000e+00
1.03000e+02 1.29291e-11 0.00000e+00
1.04000e+02 1.62941e-11 0.00000e+00
1.05000e+02 1.84878e-11 0.00000e+00
1.06000e+02 2.11061e-11 0.00000e+00
1.07000e+02 1.74051e-11 0.00000e+00
1.08000e+02 2.08019e-11 0.00000e+00
1.09000e+02 2.21485e-11 0.00000e+00
1.10000e+02 2.63905e-11 0.00000e+00
1.11000e+02 2.53502e-11 0.00000e+00
1.12000e+02 2.03003e-11 0.00000e+00
1.13000e+02 2.98091e-11 0.00000e+00
1.14000e+02 2.09599e-11 0.00000e+00
1.15000e+02 2.52780e-11 0.00000e+00
1.16000e+02 1.80753e-11 0.00000e+00
1.17000e+02 1.97262e-11 0.00000e+00
1.18000e+02 5.64729e-12 0.00000e+00
1.19000e+02 1.96295e-11 0.00000e+00
1.20000e+02 2.27279e-11 0.00000e+00
1.21000e+02 2.28676e-11 0.00000e+00
1.22000e+02 1.96349e-11 0.00000e+00
1.23000e+02 2.08771e-11 0.00000e+00
1.24000e+02 1.90279e-11 0.00000e+00
1.25000e+02 1.44597e-11 0.00000e+00
1.26000e+02 1.84226e-11 0.00000e+00
1.27000e+02 2.22930e-11 0.00000e+00
1.28000e+02 1.99074e-11 0.00000e+00
1.29000e+02 1.50521e-11 0.00000e+00
1.30000e+02 1.67499e-11 0.00000e+00
1.31000e+02 2.14990e-11 0.00000e+00
1.32000e+02 1.72262e-11 0.00000e+00
1.33000e+02 1.72622e-11 0.00000e+00
1.34000e+02 1.93008e-11 0.00000e+00
1.35000e+02 1.27307e-11 0.00000e+00
1.36000e+02 1.76768e-11 0.00000e+00
1.37000e+02 1.11264e-11 0.00000e+00
1.38000e+02 1.46216e-11 0.00000e+00
1.39000e+02 1.34613e-11 0.00000e+00
1.40000e+02 1.28391e-11 0.00000e+00
1.41000e+02 2.02213e-11 0.00000e+00
1.42000e+02 1.52000e-11 0.00000e+00
1.43000e+02 1.63364e-11 0.00000e+00
1.44000e+02 1.74939e-11 0.00000e+00
1.45000e+02 1.58328e-11 0.00000e+00
1.46000e+02 1.69528e-11 0.00000e+00
1.47000e+02 1.19685e-11 0.00000e+00
1.48000e+02 1.69685e-11 0.00000e+00
1.49000e+02 1.79983e-11 0.00000e+00
1.50000e+02 2.02603e-11 0.00000e+00
1.51000e+02 1.12590e-11 0.00000e+00
1.52000e+02 1.27055e-11 0.00000e+00
1.53000e+02 5.36026e-12 0.00000e+00
1.54000e+02 1.83886e-11 0.00000e+00
1.55000e+02 2.01812e-11 0.00000e+00
1.56000e+02 9.62907e-12 0.00000e+00
1.57000e+02 1.75463e-11 0.00000e+00
1.58000e+02 1.37736e-11 0.00000e+00
1.59000e+02 1.12111e-11 0.00000e+00
1.60000e+02 1.51570e-11 0.00000e+00
1.61000e+02 1.21465e-11 0.00000e+00
1.62000e+02 1.60964e-11 0.00000e+00
1.63000e+02 1.48980e-11 0.00000e+00
1.64000e+02 1.66975e-11 0.00000e+00
1.65000e+02 1.43637e-11 0.00000e+00
1.66000e+02 1.05792e-11 0.00000e+00
1.67000e+02 1.82850e-11 0.00000e+00
1.68000e+02 1.26842e-11 0.00000e+00
1.69000e+02 1.55034e-11 0.00000e+00
1.70000e+02 1.88867e-11 0.00000e+00
1.71000e+02 1.30838e-11 0.00000e+00
1.72000e+02 1.33947e-11 0.00000e+00
1.73000e+02 1.39679e-11 0.00000e+00
1.74000e+02 8.92539e-12 0.00000e+00
1.75000e+02 1.44358e-11 0.00000e+00
1.76000e+02 1.73583e-11 0.00000e+00
1.77000e+02 1.09735e-11 0.00000e+00
1.78000e+02 1.13913e-11 0.00000e+00
1.79000e+02 1.64637e-11 0.00000e+00
1.80000e+02 1.47398e-11 0.00000e+00
1.81000e+02 1.32524e-11 0.00000e+00
1.82000e+02 1.90456e-11 0.00000e+00
1.83000e+02 1.19167e-11 0.00000e+00
1.84000e+02 1.68587e-11 0.00000e+00
1.85000e+02 1.26096e-11 0.00000e+00
1.86000e+02 1.12165e-11 0.00000e+00
1.87000e+02 1.11664e-11 0.00000e+00
1.88000e+02 1.38278e-11 0.00000e+00
1.89000e+02 1.39114e-11 0.00000e+00
1.90000e+02 1.29108e-11 0.00000e+00
1.91000e+02 1.03931e-11 0.00000e+00
1.92000e+02 1.15569e-11 0.00000e+00
1.93000e+02 1.49141e-11 0.00000e+00
1.94000e+02 1.21871e-11 0.00000e+00
1.95000e+02 1.34420e-11 0.00000e+00
1.96000e+02 1.21985e-11 0.00000e+00
1.97000e+02 9.27914e-12 0.00000e+00
1.98000e+02 1.14257e-11 0.00000e+00
1.99000e+02 1.07634e-11 0.00000e+00
2.00000e+02 1.24550e-11 0.00000e+00
2.01000e+02 1.16612e-11 0.00000e+00
2.02000e+02 1.13254e-11 0.00000e+00
2.03000e+02 1.21250e-11 0.00000e+00
2.04000e+02 1.36030e-11 0.00000e+00
2.05000e+02 9.09480e-12 0.00000e+00
2.06000e+02 1.65571e-11 0.00000e+00
2.07000e+02 1.02938e-11 0.00000e+00
2.08000e+02 1.10119e-11 0.00000e+00
2.09000e+02 8.96647e-12 0.00000e+00
2.10000e+02 1.51738e-11 0.00000e+00
2.11000e+02 1.19295e-11 0.00000e+00
2.12000e+02 1.30741e-11 0.00000e+00
2.13000e+02 1.12051e-11 0.00000e+00
2.14000e+02 1.35792e-11 0.00000e+00
2.15000e+02 8.72482e-12 0.00000e+00
2.16000e+02 1.14308e-11 0.00000e+00
2.17000e+02 1.11940e-11 0.00000e+00
2.18000e+02 1.24461e-11 0.00000e+00
2.19000e+02 1.23070e-11 0.00000e+00
2.20000e+02 1.04775e-11 0.00000e+00
2.21000e+02 1.35771e-11 0.00000e+00
2.22000e+02 1.22527e-11 0.00000e+00
2.23000e+02 1.02631e-11 0.00000e+00
2.24000e+02 1.20603e-11 0.00000e+00
2.25000e+02 1.33789e-11 0.00000e+00
2.26000e+02 1.28653e-11 0.00000e+00
2.27000e+02 1.19575e-11 0.00000e+00
2.28000e+02 1.05064e-11 0.00000e+00
2.29000e+02 1.44309e-11 0.00000e+00
2.30000e+02 1.14176e-11 0.00000e+00
2.31000e+02 1.10478e-11 0.00000e+00
2.32000e+02 1.21998e-11 0.00000e+00
2.33000e+02 9.40594e-12 0.00000e+00
2.34000e+02 1.43962e-11 0.00000e+00
2.35000e+02 9.54824e-12 0.00000e+00
2.36000e+02 1.23976e-11 0.00000e+00
2.37000e+02 8.16215e-12 0.00000e+00
2.38000e+02 1.09346e-11 0.00000e+00
2.39000e+02 1.21474e-11 0.00000e+00
2.40000e+02 1.17657e-11 0.00000e+00
2.41000e+02 1.26639e-11 0.00000e+00
2.42000e+02 1.22369e-11 0.00000e+00
2.43000e+02 9.55991e-12 0.00000e+00
2.44000e+02 9.39205e-12 0.00000e+00
2.45000e+02 1.31038e-11 0.00000e+00
2.46000e+02 1.14026e-11 0.00000e+00
2.47000e+02 8.99406e-12 0.00000e+00
2.48000e+02 1.11614e-11 0.00000e+00
2.49000e+02 1.31863e-11 0.00000e+00
2.50000e+02 1.02343e-11 0.00000e+00
2.51000e+02 1.19821e-11 0.00000e+00
2.52000e+02 8.19232e-12 0.00000e+00
2.53000e+02 6.86732e-12 0.00000e+00
2.54000e+02 1.04044e-11 0.00000e+00
2.55000e+02 9.34149e-12 0.00000e+00
2.56000e+02 9.19182e-12 0.00000e+00
2.57000e+02 9.55885e-12 0.00000e+00
2.58000e+02 8.71263e-12 0.00000e+00
2.59000e+02 1.04368e-11 0.00000e+00
2.60000e+02 1.28652e-11 0.00000e+00
2.61000e+02 1.23323e-11 0.00000e+00
2.62000e+02 7.95191e-12 0.00000e+00
2.63000e+02 1.30208e-11 0.00000e+00
2.64000e+02 1.12375e-11 0.00000e+00
2.65000e+02 1.13851e-11 0.00000e+00
2.66000e+02 1.16563e-11 0.00000e+00
2.67000e+02 9.69334e-12 0.00000e+00
2.68000e+02 1.02223e-11 0.00000e+00
2.69000e+02 8.61154e-12 0.00000e+00
2.70000e+02 1.00945e-11 0.00000e+00
2.71000e+02 9.02137e-12 0.00000e+00
2.72000e+02 1.01735e-11 0.00000e+00
2.73000e+02 1.11162e-11 0.00000e+00
2.74000e+02 1.16571e-11 0.00000e+00
2.75000e+02 1.01577e-11 0.00000e+00
2.76000e+02 7.12445e-12 0.00000e+00
2.77000e+02 8.99065e-12 0.00000e+00
2.78000e+02 1.13061e-11 0.00000e+00
2.79000e+02 9.44183e-12 0.00000e+00
2.80000e+02 9.18824e-12 0.00000e+00
2.81000e+02 1.09780e-11 0.00000e+00
2.82000e+02 1.03023e-11 0.00000e+00
2.83000e+02 7.14349e-12 0.00000e+00
2.84000e+02 1.02568e-11 0.00000e+00
2.85000e+02 1.21370e-11 0.00000e+00
2.86000e+02 1.15367e-11 0.00000e+00
2.87000e+02 1.17014e-11 0.00000e+00
2.88000e+02 8.73039e-12 0.00000e+00
2.89000e+02 8.05738e-12 0.00000e+00
2.90000e+02 1.25160e-11 0.00000e+00
2.91000e+02 8.91880e-12 0.00000e+00
2.92000e+02 9.53266e-12 0.00000e+00
2.93000e+02 7.48727e-12 0.00000e+00
2.94000e+02 1.09915e-11 0.00000e+00
2.95000e+02 1.12099e-11 0.00000e+00
2.96000e+02 1.08077e-11 0.00000e+00
2.97000e+02 9.17301e-12 0.00000e+00
2.98000e+02 1.02214e-11 0.00000e+00
2.99000e+02 1.07167e-11 0.00000e+00
3.00000e+02 8.01266e-12 0.00000e+00
3.01000e+02 7.73743e-12 0.00000e+00
3.02000e+02 9.44731e-12 0.00000e+00
3.03000e+02 9.31607e-12 0.00000e+00
3.04000e+02 9.70504e-12 0.00000e+00
3.05000e+02 8.40527e-12 0.00000e+00
3.06000e+02 1.08036e-11 0.00000e+00
3.07000e+02 8.88436e-12 0.00000e+00
3.08000e+02 1.01016e-11 0.00000e+00
3.09000e+02 1.00353e-11 0.00000e+00
3.10000e+02 1.17078e-11 0.00000e+00
3.11000e+02 7.46813e-12 0.00000e+00
3.12000e+02 1.01310e-11 0.00000e+00
3.13000e+02 1.09704e-11 0.00000e+00
3.14000e+02 8.57420e-12 0.00000e+00
3.15000e+02 1.02535e-11 0.00000e+00
3.16000e+02 1.01597e-11 0.00000e+00
3.17000e+02 6.43184e-12 0.00000e+00
3.18000e+02 8.52859e-12 0.00000e+00
3.19000e+02 7.61091e-12 0.00000e+00
3.20000e+02 7.46841e-12 0.00000e+00
3.21000e+02 9.89793e-12 0.00000e+00
3.22000e+02 9.16953e-12 0.00000e+00
3.23000e+02 1.12541e-11 0.00000e+00
3.24000e+02 8.43709e-12 0.00000e+00
3.25000e+02 7.99017e-12 0.00000e+00
3.26000e+02 8.30820e-12 0.00000e+00
3.27000e+02 9.01771e-12 0.00000e+00
3.28000e+02 9.22255e-12 0.00000e+00
3.29000e+02 8.11272e-12 0.00000e+00
3.30000e+02 7.22125e-12 0.00000e+00
3.31000e+02 9.91423e-12 0.00000e+00
3.32000e+02 7.53335e-12 0.00000e+00
3.33000e+02 7.36799e-12 0.00000e+00
3.34000e+02 9.89897e-12 0.00000e+00
3.35000e+02 8.57096e-12 0.00000e+00
3.36000e+02 9.55988e-12 0.00000e+00
3.37000e+02 1.12311e-11 0.00000e+00
3.38000e+02 7.17773e-12 0.00000e+00
3.39000e+02 8.63241e-12 0.00000e+00
3.40000e+02 7.05797e-12 0.00000e+00
3.41000e+02 9.48364e-12 0.00000e+00
3.42000e+02 6.96174e-12 0.00000e+00
3.43000e+02 8.49405e-12 0.00000e+00
3.44000e+02 8.71014e-12 0.00000e+00
3.45000e+02 8.79108e-12 0.00000e+00
3.46000e+02 1.00466e-11 0.00000e+00
3.47000e+02 6.90700e-12 0.00000e+00
3.48000e+02 8.28026e-12 0.00000e+00
3.49000e+02 8.81962e-12 0.00000e+00
3.50000e+02 8.00310e-12 0.00000e+00
3.51000e+02 8.26649e-12 0.00000e+00
3.52000e+02 8.86332e-12 0.00000e+00
3.53000e+02 9.67370e-12 0.00000e+00
3.54000e+02 8.40664e-12 0.00000e+00
3.55000e+02 7.40871e-12 0.00000e+00
3.56000e+02 9.34973e-12 0.00000e+00
3.57000e+02 7.16726e-12 0.00000e+00
3.58000e+02 9.11216e-12 0.00000e+00
3.59000e+02 7.56300e-12 0.00000e+00
3.60000e+02 8.16346e-12 0.00000e+00
3.61000e+02 7.71436e-12 0.00000e+00
3.62000e+02 9.88291e-12 0.00000e+00
3.63000e+02 7.33065e-12 0.00000e+00
3.64000e+02 6.70268e-12 0.00000e+00
3.65000e+02 7.44748e-12 0.00000e+00
3.66000e+02 7.43884e-12 0.00000e+00
3.67000e+02 9.13564e-12 0.00000e+00
3.68000e+02 9.48641e-12 0.00000e+00
3.69000e+02 7.82655e-12 0.00000e+00
3.70000e+02 7.51956e-12 0.00000e+00
3.71000e+02 8.34572e-12 0.00000e+00
3.72000e+02 8.64751e-12 0.00000e+00
3.73000e+02 7.79595e-12 0.00000e+00
3.74000e+02 9.69880e-12 0.00000e+00
3.75000e+02 8.53573e-12 0.00000e+00
3.76000e+02 8.04342e-12 0.00000e+00
3.77000e+02 7.92104e-12 0.00000e+00
3.78000e+02 8.78873e-12 0.00000e+00
3.79000e+02 5.59144e-12 0.00000e+00
3.80000e+02 7.33319e-12 0.00000e+00
3.81000e+02 6.64040e-12 0.00000e+00
3.82000e+02 8.61345e-12 0.00000e+00
3.83000e+02 8.99968e-12 0.00000e+00
3.84000e+02 8.04012e-12 0.00000e+00
3.85000e+02 7.53858e-12 0.00000e+00
3.86000e+02 6.58836e-12 0.00000e+00
3.87000e+02 7.81325e-12 0.00000e+00
3.88000e+02 6.85636e-12 0.00000e+00
3.89000e+02 6.68009e-12 0.00000e+00
3.90000e+02 7.64637e-12 0.00000e+00
3.91000e+02 6.50168e-12 0.00000e+00
3.92000e+02 9.30047e-12 0.00000e+00
3.93000e+02 7.49195e-12 0.00000e+00
3.94000e+02 6.02712e-12 0.00000e+00
3.95000e+02 7.60544e-12 0.00000e+00
3.96000e+02 7.81628e-12 0.00000e+00
3.97000e+02 7.86012e-12 0.00000e+00
3.98000e+02 9.23540e-12 0.00000e+00
3.99000e+02 7.81360e-12 0.00000e+00
4.00000e+02 7.50528e-12 0.00000e+00
4.01000e+02 7.74970e-12 0.00000e+00
4.02000e+02 7.71295e-12 0.00000e+00
4.03000e+02 8.32895e-12 0.00000e+00
4.04000e+02 7.91871e-12 0.00000e+00
4.05000e+02 6.96076e-12 0.00000e+00
4.06000e+02 6.79429e-12 0.00000e+00
4.07000e+02 8.46173e-12 0.00000e+00
4.08000e+02 7.97958e-12 0.00000e+00
4.09000e+02 6.87337e-12 0.00000e+00
4.10000e+02 7.54803e-12 0.00000e+00
4.11000e+02 7.55714e-12 0.00000e+00
4.12000e+02 5.94576e-12 0.00000e+00
4.13000e+02 8.09782e-12 0.00000e+00
4.14000e+02 8.25703e-12 0.00000e+00
4.15000e+02 8.51152e-12 0.00000e+00
4.16000e+02 5.62182e-12 0.00000e+00
4.17000e+02 7.26195e-12 0.00000e+00
4.18000e+02 6.74202e-12 0.00000e+00
4.19000e+02 7.41408e-12 0.00000e+00
4.20000e+02 7.23808e-12 0.00000e+00
4.21000e+02 7.88156e-12 0.00000e+00
4.22000e+02 6.80856e-12 0.00000e+00
4.23000e+02 6.27953e-12 0.00000e+00
4.24000e+02 7.03834e-12 0.00000e+00
4.25000e+02 5.86532e-12 0.00000e+00
4.26000e+02 5.75592e-12 0.00000e+00
4.27000e+02 7.92008e-12 0.00000e+00
4.28000e+02 6.26146e-12 0.00000e+00
4.29000e+02 5.67900e-12 0.00000e+00
4.30000e+02 6.83035e-12 0.00000e+00
4.31000e+02 6.78787e-12 0.00000e+00
4.32000e+02 6.86624e-12 0.00000e+00
4.33000e+02 6.04510e-12 0.00000e+00
4.34000e+02 8.36601e-12 0.00000e+00
4.35000e+02 7.30688e-12 0.00000e+00
4.36000e+02 7.15685e-12 0.00000e+00
4.37000e+02 7.56521e-12 0.00000e+00
4.38000e+02 7.01176e-12 0.00000e+00
4.39000e+02 6.21986e-12 0.00000e+00
4.40000e+02 6.71571e-12 0.00000e+00
4.41000e+02 4.97489e-12 0.00000e+00
4.42000e+02 6.36775e-12 0.00000e+00
4.43000e+02 6.75128e-12 0.00000e+00
4.44000e+02 6.77779e-12 0.00000e+00
4.45000e+02 7.65684e-12 0.00000e+00
4.46000e+02 6.57257e-12 0.00000e+00
4.47000e+02 6.86747e-12 0.00000e+00
4.48000e+02 6.39288e-12 0.00000e+00
4.49000e+02 6.29818e-12 0.00000e+00
4.50000e+02 7.75350e-12 0.00000e+00
4.51000e+02 6.85395e-12 0.00000e+00
4.52000e+02 7.79868e-12 0.00000e+00
4.53000e+02 7.56589e-12 0.00000e+00
4.54000e+02 6.91326e-12 0.00000e+00
4.55000e+02 6.76336e-12 0.00000e+00
4.56000e+02 5.76360e-12 0.00000e+00
4.57000e+02 7.08336e-12 0.00000e+00
4.58000e+02 6.44124e-12 0.00000e+00
4.59000e+02 7.19071e-12 0.00000e+00
4.60000e+02 5.72844e-12 0.00000e+00
4.61000e+02 6.83864e-12 0.00000e+00
4.62000e+02 8.01667e-12 0.00000e+00
4.63000e+02 6.13175e-12 0.00000e+00
4.64000e+02 5.55259e-12 0.00000e+00
4.65000e+02 7.07385e-12 0.00000e+00
4.66000e+02 5.13457e-12 0.00000e+00
4.67000e+02 6.63600e-12 0.00000e+00
4.68000e+02 8.04447e-12 0.00000e+00
4.69000e+02 6.77553e-12 0.00000e+00
4.70000e+02 6.12790e-12 0.00000e+00
4.71000e+02 6.25159e-12 0.00000e+00
4.72000e+02 6.98802e-12 0.00000e+00
4.73000e+02 7.09692e-12 0.00000e+00
4.74000e+02 6.97920e-12 0.00000e+00
4.75000e+02 6.21639e-12 0.00000e+00
4.76000e+02 6.10509e-12 0.00000e+00
4.77000e+02 6.58092e-12 0.00000e+00
4.78000e+02 6.40445e-12 0.00000e+00
4.79000e+02 7.43775e-12 0.00000e+00
4.80000e+02 5.76854e-12 0.00000e+00
4.81000e+02 5.77758e-12 0.00000e+00
4.82000e+02 6.89691e-12 0.00000e+00
4.83000e+02 5.95908e-12 0.00000e+00
4.84000e+02 6.29591e-12 0.00000e+00
4.85000e+02 6.15642e-12 0.00000e+00
4.86000e+02 5.79699e-12 0.00000e+00
4.87000e+02 6.50337e-12 0.00000e+00
4.88000e+02 5.60407e-12 0.00000e+00
4.89000e+02 7.07045e-12 0.00000e+00
4.90000e+02 6.83549e-12 0.00000e+00
4.91000e+02 6.96941e-12 0.00000e+00
4.92000e+02 6.44770e-12 0.00000e+00
4.93000e+02 7.78289e-12 0.00000e+00
4.94000e+02 7.27111e-12 0.00000e+00
4.95000e+02 6.43059e-12 0.00000e+00
4.96000e+02 6.67247e-12 0.00000e+00
4.97000e+02 6.76291e-12 0.00000e+00
4.98000e+02 6.91934e-12 0.00000e+00
4.99000e+02 6.41121e-12 0.00000e+00
5.00000e+02 5.67595e-12 0.00000e+00
5.01000e+02 6.14994e-12 0.00000e+00
5.02000e+02 6.84826e-12 0.00000e+00
5.03000e+02 6.14701e-12 0.00000e+00
5.04000e+02 6.92087e-12 0.00000e+00
5.05000e+02 6.46217e-12 0.00000e+00
5.06000e+02 5.83564e-12 0.00000e+00
5.07000e+02 6.44549e-12 0.00000e+00
5.08000e+02 7.14574e-12 0.00000e+00
5.09000e+02 6.11628e-12 0.00000e+00
5.10000e+02 6.16294e-12 0.00000e+00
5.11000e+02 6.98412e-12 0.00000e+00
5.12000e+02 6.48546e-12 0.00000e+00
5.13000e+02 5.46680e-12 0.00000e+00
5.14000e+02 6.23330e-12 0.00000e+00
5.15000e+02 6.50692e-12 0.00000e+00
5.16000e+02 5.89761e-12 0.00000e+00
5.17000e+02 6.14950e-12 0.00000e+00
5.18000e+02 5.54842e-12 0.00000e+00
5.19000e+02 7.14122e-12 0.00000e+00
5.20000e+02 5.42590e-12 0.00000e+00
5.21000e+02 5.75749e-12 0.00000e+00
5.22000e+02 6.21335e-12 0.00000e+00
5.23000e+02 6.12736e-12 0.00000e+00
5.24000e+02 5.52582e-12 0.00000e+00
5.25000e+02 6.27385e-12 0.00000e+00
5.26000e+02 5.45424e-12 0.00000e+00
5.27000e+02 5.16575e-12 0.00000e+00
5.28000e+02 6.36864e-12 0.00000e+00
5.29000e+02 5.81965e-12 0.00000e+00
5.30000e+02 5.80902e-12 0.00000e+00
5.31000e+02 6.04028e-12 0.00000e+00
5.32000e+02 5.89595e-12 0.00000e+00
5.33000e+02 5.91033e-12 0.00000e+00
5.34000e+02 5.84401e-12 0.00000e+00
5.35000e+02 5.53510e-12 0.00000e+00
5.36000e+02 6.45843e-12 0.00000e+00
5.37000e+02 6.32652e-12 0.00000e+00
5.38000e+02 4.32055e-12 0.00000e+00
5.39000e+02 6.18420e-12 0.00000e+00
5.40000e+02 6.85859e-12 0.00000e+00
5.41000e+02 6.84701e-12 0.00000e+00
5.42000e+02 6.68636e-12 0.00000e+00
5.43000e+02 5.11118e-12 0.00000e+00
5.44000e+02 5.15853e-12 0.00000e+00
5.45000e+02 6.72816e-12 0.00000e+00
5.46000e+02 5.07678e-12 0.00000e+00
5.47000e+02 5.96840e-12 0.00000e+00
5.48000e+02 6.10603e-12 0.00000e+00
5.49000e+02 6.33950e-12 0.00000e+00
5.50000e+02 5.75236e-12 0.00000e+00
5.51000e+02 5.47858e-12 0.00000e+00
5.52000e+02 5.92718e-12 0.00000e+00
5.53000e+02 6.16098e-12 0.00000e+00
5.54000e+02 5.43639e-12 0.00000e+00
5.55000e+02 5.30692e-12 0.00000e+00
5.56000e+02 6.51610e-12 0.00000e+00
5.57000e+02 5.22247e-12 0.00000e+00
5.58000e+02 5.06663e-12 0.00000e+00
5.59000e+02 6.78694e-12 0.00000e+00
5.60000e+02 5.76648e-12 0.00000e+00
5.61000e+02 4.68960e-12 0.00000e+00
5.62000e+02 5.69790e-12 0.00000e+00
5.63000e+02 5.58945e-12 0.00000e+00
5.64000e+02 5.40867e-12 0.00000e+00
5.65000e+02 5.19048e-12 0.00000e+00
5.66000e+02 4.07448e-12 0.00000e+00
5.67000e+02 5.92251e-12 0.00000e+00
5.68000e+02 4.73318e-12 0.00000e+00
5.69000e+02 4.72355e-12 0.00000e+00
5.70000e+02 5.34023e-12 0.00000e+00
5.71000e+02 5.99503e-12 0.00000e+00
5.72000e+02 6.32413e-12 0.00000e+00
5.73000e+02 6.15396e-12 0.00000e+00
5.74000e+02 5.17146e-12 0.00000e+00
5.75000e+02 4.91654e-12 0.00000e+00
5.76000e+02 5.18690e-12 0.00000e+00
5.77000e+02 5.32074e-12 0.00000e+00
5.78000e+02 5.06266e-12 0.00000e+00
5.79000e+02 5.89416e-12 0.00000e+00
5.80000e+02 5.20629e-12 0.00000e+00
5.81000e+02 4.92491e-12 0.00000e+00
5.82000e+02 4.39096e-12 0.00000e+00
5.83000e+02 5.15048e-12 0.00000e+00
5.84000e+02 5.86320e-12 0.00000e+00
5.85000e+02 5.94997e-12 0.00000e+00
5.86000e+02 5.14127e-12 0.00000e+00
5.87000e+02 5.53178e-12 0.00000e+00
5.88000e+02 4.11610e-12 0.00000e+00
5.89000e+02 4.76709e-12 0.00000e+00
5.90000e+02 5.40252e-12 0.00000e+00
5.91000e+02 5.94217e-12 0.00000e+00
5.92000e+02 5.61505e-12 0.00000e+00
5.93000e+02 5.61570e-12 0.00000e+00
5.94000e+02 5.62361e-12 0.00000e+00
5.95000e+02 5.42262e-12 0.00000e+00
5.96000e+02 5.50121e-12 0.00000e+00
5.97000e+02 5.10869e-12 0.00000e+00
5.98000e+02 5.28259e-12 0.00000e+00
5.99000e+02 4.84959e-12 0.00000e+00
6.00000e+02 6.18493e-12 0.00000e+00
6.01000e+02 5.90497e-12 0.00000e+00
6.02000e+02 6.02555e-12 0.00000e+00
6.03000e+02 5.18434e-12 0.00000e+00
6.04000e+02 5.51713e-12 0.00000e+00
6.05000e+02 4.64336e-12 0.00000e+00
6.06000e+02 4.57408e-12 0.00000e+00
6.07000e+02 4.88731e-12 0.00000e+00
6.08000e+02 5.69976e-12 0.00000e+00
6.09000e+02 4.59110e-12 0.00000e+00
6.10000e+02 5.46628e-12 0.00000e+00
6.11000e+02 5.38170e-12 0.00000e+00
6.12000e+02 5.50139e-12 0.00000e+00
6.13000e+02 5.08305e-12 0.00000e+00
6.14000e+02 5.58983e-12 0.00000e+00
6.15000e+02 5.23353e-12 0.00000e+00
6.16000e+02 4.89416e-12 0.00000e+00
6.17000e+02 5.20286e-12 0.00000e+00
6.18000e+02 4.63535e-12 0.00000e+00
6.19000e+02 5.10084e-12 0.00000e+00
6.20000e+02 5.79364e-12 0.00000e+00
6.21000e+02 5.30275e-12 0.00000e+00
6.22000e+02 4.18106e-12 0.00000e+00
6.23000e+02 4.73228e-12 0.00000e+00
6.24000e+02 6.41928e-12 0.00000e+00
6.25000e+02 4.95464e-12 0.00000e+00
6.26000e+02 4.50569e-12 0.00000e+00
6.27000e+02 4.63032e-12 0.00000e+00
6.28000e+02 5.74303e-12 0.00000e+00
6.29000e+02 4.91228e-12 0.00000e+00
6.30000e+02 4.33635e-12 0.00000e+00
6.31000e+02 4.97035e-12 0.00000e+00
6.32000e+02 5.09921e-12 0.00000e+00
6.33000e+02 5.56786e-12 0.00000e+00
6.34000e+02 4.64708e-12 0.00000e+00
6.35000e+02 4.61299e-12 0.00000e+00
6.36000e+02 4.91643e-12 0.00000e+00
6.37000e+02 5.33064e-12 0.00000e+00
6.38000e+02 5.00138e-12 0.00000e+00
6.39000e+02 4.93354e-12 0.00000e+00
6.40000e+02 5.35380e-12 0.00000e+00
6.41000e+02 5.01615e-12 0.00000e+00
6.42000e+02 4.69652e-12 0.00000e+00
6.43000e+02 5.52279e-12 0.00000e+00
6.44000e+02 6.19579e-12 0.00000e+00
6.45000e+02 4.70795e-12 0.00000e+00
6.46000e+02 5.55910e-12 0.00000e+00
6.47000e+02 4.56855e-12 0.00000e+00
6.48000e+02 4.31854e-12 0.00000e+00
6.49000e+02 4.74679e-12 0.00000e+00
6.50000e+02 4.98882e-12 0.00000e+00
6.51000e+02 4.77824e-12 0.00000e+00
6.52000e+02 5.80036e-12 0.00000e+00
6.53000e+02 4.77871e-12 0.00000e+00
6.54000e+02 4.67771e-12 0.00000e+00
6.55000e+02 4.99400e-12 0.00000e+00
6.56000e+02 5.90966e-12 0.00000e+00
6.57000e+02 5.45983e-12 0.00000e+00
6.58000e+02 4.97914e-12 0.00000e+00
6.59000e+02 5.32521e-12 0.00000e+00
6.60000e+02 3.63087e-12 0.00000e+00
6.61000e+02 4.42099e-12 0.00000e+00
6.62000e+02 4.80037e-12 0.00000e+00
6.63000e+02 4.98175e-12 0.00000e+00
6.64000e+02 5.18638e-12 0.00000e+00
6.65000e+02 5.47306e-12 0.00000e+00
6.66000e+02 4.75264e-12 0.00000e+00
6.67000e+02 4.99775e-12 0.00000e+00
6.68000e+02 4.45238e-12 0.00000e+00
6.69000e+02 4.73257e-12 0.00000e+00
6.70000e+02 4.32749e-12 0.00000e+00
6.71000e+02 5.40118e-12 0.00000e+00
6.72000e+02 4.34860e-12 0.00000e+00
6.73000e+02 4.51864e-12 0.00000e+00
6.74000e+02 4.46116e-12 0.00000e+00
6.75000e+02 4.13830e-12 0.00000e+00
6.76000e+02 4.78571e-12 0.00000e+00
6.77000e+02 4.19782e-12 0.00000e+00
6.78000e+02 4.92662e-12 0.00000e+00
6.79000e+02 4.54056e-12 0.00000e+00
6.80000e+02 4.51114e-12 0.00000e+00
6.81000e+02 5.17388e-12 0.00000e+00
6.82000e+02 5.18516e-12 0.00000e+00
6.83000e+02 5.21306e-12 0.00000e+00
6.84000e+02 4.12720e-12 0.00000e+00
6.85000e+02 5.74531e-12 0.00000e+00
6.86000e+02 3.98494e-12 0.00000e+00
6.87000e+02 4.01633e-12 0.00000e+00
6.88000e+02 4.94629e-12 0.00000e+00
6.89000e+02 3.99450e-12 0.00000e+00
6.90000e+02 4.38859e-12 0.00000e+00
6.91000e+02 4.80998e-12 0.00000e+00
6.92000e+02 4.42247e-12 0.00000e+00
6.93000e+02 4.90191e-12 0.00000e+00
6.94000e+02 5.27125e-12 0.00000e+00
6.95000e+02 4.67691e-12 0.00000e+00
6.96000e+02 5.15408e-12 0.00000e+00
6.97000e+02 4.62557e-12 0.00000e+00
6.98000e+02 3.97571e-12 0.00000e+00
6.99000e+02 4.26282e-12 0.00000e+00
7.00000e+02 5.12856e-12 0.00000e+00
7.01000e+02 5.25284e-12 0.00000e+00
7.02000e+02 3.65130e-12 0.00000e+00
7.03000e+02 3.55669e-12 0.00000e+00
7.04000e+02 4.20819e-12 0.00000e+00
7.05000e+02 4.61212e-12 0.00000e+00
7.06000e+02 4.33929e-12 0.00000e+00
7.07000e+02 5.02786e-12 0.00000e+00
7.08000e+02 4.33320e-12 0.00000e+00
7.09000e+02 4.76697e-12 0.00000e+00
7.10000e+02 4.72768e-12 0.00000e+00
7.11000e+02 4.52077e-12 0.00000e+00
7.12000e+02 4.43912e-12 0.00000e+00
7.13000e+02 4.69285e-12 0.00000e+00
7.14000e+02 4.68192e-12 0.00000e+00
7.15000e+02 3.62948e-12 0.00000e+00
7.16000e+02 3.94613e-12 0.00000e+00
7.17000e+02 4.19620e-12 0.00000e+00
7.18000e+02 4.60083e-12 0.00000e+00
7.19000e+02 3.54519e-12 0.00000e+00
7.20000e+02 4.28714e-12 0.00000e+00
7.21000e+02 4.18794e-12 0.00000e+00
7.22000e+02 4.38210e-12 0.00000e+00
7.23000e+02 3.97364e-12 0.00000e+00
7.24000e+02 4.21246e-12 0.00000e+00
7.25000e+02 4.30299e-12 0.00000e+00
7.26000e+02 4.06948e-12 0.00000e+00
7.27000e+02 4.81338e-12 0.00000e+00
7.28000e+02 4.45027e-12 0.00000e+00
7.29000e+02 4.24538e-12 0.00000e+00
7.30000e+02 4.59790e-12 0.00000e+00
7.31000e+02 4.66730e-12 0.00000e+00
7.32000e+02 5.04504e-12 0.00000e+00
7.33000e+02 4.17479e-12 0.00000e+00
7.34000e+02 4.93043e-12 0.00000e+00
7.35000e+02 4.73444e-12 0.00000e+00
7.36000e+02 4.37366e-12 0.00000e+00
7.37000e+02 4.46351e-12 0.00000e+00
7.38000e+02 4.20104e-12 0.00000e+00
7.39000e+02 4.75800e-12 0.00000e+00
7.40000e+02 4.35321e-12 0.00000e+00
7.41000e+02 4.64308e-12 0.00000e+00
7.42000e+02 4.10651e-12 0.00000e+00
7.43000e+02 4.54965e-12 0.00000e+00
7.44000e+02 4.22304e-12 0.00000e+00
7.45000e+02 4.32743e-12 0.00000e+00
7.46000e+02 3.61325e-12 0.00000e+00
7.47000e+02 4.06207e-12 0.00000e+00
7.48000e+02 3.72845e-12 0.00000e+00
7.49000e+02 4.43243e-12 0.00000e+00
7.50000e+02 4.33432e-12 0.00000e+00
7.51000e+02 4.46283e-12 0.00000e+00
7.52000e+02 4.69007e-12 0.00000e+00
7.53000e+02 4.33554e-12 0.00000e+00
7.54000e+02 4.32128e-12 0.00000e+00
7.55000e+02 3.78171e-12 0.00000e+00
7.56000e+02 4.11703e-12 0.00000e+00
7.57000e+02 4.10825e-12 0.00000e+00
7.58000e+02 4.21945e-12 0.00000e+00
7.59000e+02 4.04351e-12 0.00000e+00
7.60000e+02 4.10308e-12 0.00000e+00
7.61000e+02 4.44474e-12 0.00000e+00
7.62000e+02 3.91613e-12 0.00000e+00
7.63000e+02 3.87336e-12 0.00000e+00
7.64000e+02 3.51111e-12 0.00000e+00
7.65000e+02 4.63945e-12 0.00000e+00
7.66000e+02 3.95746e-12 0.00000e+00
7.67000e+02 4.59446e-12 0.00000e+00
7.68000e+02 4.86658e-12 0.00000e+00
7.69000e+02 3.48128e-12 0.00000e+00
7.70000e+02 3.85380e-12 0.00000e+00
7.71000e+02 4.23873e-12 0.00000e+00
7.72000e+02 4.40717e-12 0.00000e+00
7.73000e+02 3.63043e-12 0.00000e+00
7.74000e+02 4.09868e-12 0.00000e+00
7.75000e+02 4.12073e-12 0.00000e+00
7.76000e+02 3.40157e-12 0.00000e+00
7.77000e+02 4.11287e-12 0.00000e+00
7.78000e+02 4.25414e-12 0.00000e+00
7.79000e+02 3.62823e-12 0.00000e+00
7.80000e+02 4.13567e-12 0.00000e+00
7.81000e+02 4.30734e-12 0.00000e+00
7.82000e+02 4.37327e-12 0.00000e+00
7.83000e+02 3.75343e-12 0.00000e+00
7.84000e+02 3.23839e-12 0.00000e+00
7.85000e+02 4.50712e-12 0.00000e+00
7.86000e+02 3.51343e-12 0.00000e+00
7.87000e+02 4.91661e-12 0.00000e+00
7.88000e+02 4.69328e-12 0.00000e+00
7.89000e+02 3.59469e-12 0.00000e+00
7.90000e+02 4.06748e-12 0.00000e+00
7.91000e+02 3.54062e-12 0.00000e+00
7.92000e+02 3.80480e-12 0.00000e+00
7.93000e+02 3.99670e-12 0.00000e+00
7.94000e+02 4.27586e-12 0.00000e+00
7.95000e+02 4.03612e-12 0.00000e+00
7.96000e+02 4.11240e-12 0.00000e+00
7.97000e+02 4.01943e-12 0.00000e+00
7.98000e+02 3.70583e-12 0.00000e+00
7.99000e+02 3.31764e-12 0.00000e+00
8.00000e+02 3.93721e-12 0.00000e+00
8.01000e+02 4.37222e-12 0.00000e+00
8.02000e+02 4.29817e-12 0.00000e+00
8.03000e+02 3.20820e-12 0.00000e+00
8.04000e+02 3.66252e-12 0.00000e+00
8.05000e+02 2.91325e-12 0.00000e+00
8.06000e+02 4.47121e-12 0.00000e+00
8.07000e+02 3.49916e-12 0.00000e+00
8.08000e+02 3.45596e-12 0.00000e+00
8.09000e+02 3.67424e-12 0.00000e+00
8.10000e+02 4.38419e-12 0.00000e+00
8.11000e+02 3.70509e-12 0.00000e+00
8.12000e+02 3.10760e-12 0.00000e+00
8.13000e+02 3.93046e-12 0.00000e+00
8.14000e+02 4.19204e-12 0.00000e+00
8.15000e+02 3.99011e-12 0.00000e+00
8.16000e+02 3.53358e-12 0.00000e+00
8.17000e+02 3.22036e-12 0.00000e+00
8.18000e+02 3.61811e-12 0.00000e+00
8.19000e+02 3.76456e-12 0.00000e+00
8.20000e+02 4.08587e-12 0.00000e+00
8.21000e+02 3.60424e-12 0.00000e+00
8.22000e+02 3.58786e-12 0.00000e+00
8.23000e+02 3.24699e-12 0.00000e+00
8.24000e+02 3.73400e-12 0.00000e+00
8.25000e+02 3.40720e-12 0.00000e+00
8.26000e+02 3.81320e-12 0.00000e+00
8.27000e+02 4.10645e-12 0.00000e+00
8.28000e+02 3.92256e-12 0.00000e+00
8.29000e+02 4.10036e-12 0.00000e+00
8.30000e+02 4.06473e-12 0.00000e+00
8.31000e+02 3.70536e-12 0.00000e+00
8.32000e+02 3.39301e-12 0.00000e+00
8.33000e+02 3.45205e-12 0.00000e+00
8.34000e+02 4.03904e-12 0.00000e+00
8.35000e+02 4.13811e-12 0.00000e+00
8.36000e+02 4.12507e-12 0.00000e+00
8.37000e+02 3.55390e-12 0.00000e+00
8.38000e+02 3.42995e-12 0.00000e+00
8.39000e+02 3.59336e-12 0.00000e+00
8.40000e+02 3.65221e-12 0.00000e+00
8.41000e+02 3.88454e-12 0.00000e+00
8.42000e+02 3.12256e-12 0.00000e+00
8.43000e+02 3.92860e-12 0.00000e+00
8.44000e+02 3.17033e-12 0.00000e+00
8.45000e+02 3.95822e-12 0.00000e+00
8.46000e+02 4.04861e-12 0.00000e+00
8.47000e+02 3.05021e-12 0.00000e+00
8.48000e+02 3.72177e-12 0.00000e+00
8.49000e+02 3.10943e-12 0.00000e+00
8.50000e+02 3.10253e-12 0.00000e+00
8.51000e+02 3.71168e-12 0.00000e+00
8.52000e+02 3.82686e-12 0.00000e+00
8.53000e+02 3.62258e-12 0.00000e+00
8.54000e+02 3.40121e-12 0.00000e+00
8.55000e+02 3.64895e-12 0.00000e+00
8.56000e+02 3.67421e-12 0.00000e+00
8.57000e+02 3.43524e-12 0.00000e+00
8.58000e+02 3.92600e-12 0.00000e+00
8.59000e+02 3.57731e-12 0.00000e+00
8.60000e+02 3.28359e-12 0.00000e+00
8.61000e+02 3.22509e-12 0.00000e+00
8.62000e+02 3.36707e-12 0.00000e+00
8.63000e+02 3.21534e-12 0.00000e+00
8.64000e+02 2.90572e-12 0.00000e+00
8.65000e+02 3.14219e-12 0.00000e+00
8.66000e+02 3.75736e-12 0.00000e+00
8.67000e+02 3.31202e-12 0.00000e+00
8.68000e+02 3.22586e-12 0.00000e+00
8.69000e+02 3.92080e-12 0.00000e+00
8.70000e+02 4.17580e-12 0.00000e+00
8.71000e+02 3.62617e-12 0.00000e+00
8.72000e+02 3.80493e-12 0.00000e+00
8.73000e+02 3.22640e-12 0.00000e+00
8.74000e+02 3.11151e-12 0.00000e+00
8.75000e+02 3.45146e-12 0.00000e+00
8.76000e+02 3.24255e-12 0.00000e+00
8.77000e+02 3.35134e-12 0.00000e+00
8.78000e+02 3.66640e-12 0.00000e+00
8.79000e+02 3.15742e-12 0.00000e+00
8.80000e+02 3.51365e-12 0.00000e+00
8.81000e+02 2.99480e-12 0.00000e+00
8.82000e+02 3.21771e-12 0.00000e+00
8.83000e+02 3.18453e-12 0.00000e+00
8.84000e+02 3.52145e-12 0.00000e+00
8.85000e+02 3.22740e-12 0.00000e+00
8.86000e+02 3.44010e-12 0.00000e+00
8.87000e+02 3.63702e-12 0.00000e+00
8.88000e+02 3.53764e-12 0.00000e+00
8.89000e+02 3.43603e-12 0.00000e+00
8.90000e+02 3.33788e-12 0.00000e+00
8.91000e+02 3.40817e-12 0.00000e+00
8.92000e+02 3.47573e-12 0.00000e+00
8.93000e+02 3.32842e-12 0.00000e+00
8.94000e+02 3.52060e-12 0.00000e+00
8.95000e+02 3.42298e-12 0.00000e+00
8.96000e+02 3.68260e-12 0.00000e+00
8.97000e+02 3.56675e-12 0.00000e+00
8.98000e+02 3.43497e-12 0.00000e+00
8.99000e+02 3.28396e-12 0.00000e+00
9.00000e+02 3.40611e-12 0.00000e+00
9.01000e+02 3.33567e-12 0.00000e+00
9.02000e+02 3.37825e-12 0.00000e+00
9.03000e+02 3.17059e-12 0.00000e+00
9.04000e+02 2.90742e-12 0.00000e+00
9.05000e+02 3.51649e-12 0.00000e+00
9.06000e+02 3.22067e-12 0.00000e+00
9.07000e+02 3.50540e-12 0.00000e+00
9.08000e+02 2.74241e-12 0.00000e+00
9.09000e+02 3.08707e-12 0.00000e+00
9.10000e+02 3.00562e-12 0.00000e+00
9.11000e+02 3.02084e-12 0.00000e+00
9.12000e+02 3.34465e-12 0.00000e+00
9.13000e+02 3.15951e-12 0.00000e+00
9.14000e+02 3.18491e-12 0.00000e+00
9.15000e+02 3.36685e-12 0.00000e+00
9.16000e+02 3.29057e-12 0.00000e+00
9.17000e+02 3.15666e-12 0.00000e+00
9.18000e+02 3.32075e-12 0.00000e+00
9.19000e+02 3.15017e-12 0.00000e+00
9.20000e+02 2.94474e-12 0.00000e+00
9.21000e+02 3.38208e-12 0.00000e+00
9.22000e+02 3.40094e-12 0.00000e+00
9.23000e+02 3.14922e-12 0.00000e+00
9.24000e+02 3.49824e-12 0.00000e+00
9.25000e+02 3.43899e-12 0.00000e+00
9.26000e+02 3.29521e-12 0.00000e+00
9.27000e+02 3.71816e-12 0.00000e+00
9.28000e+02 3.25136e-12 0.00000e+00
9.29000e+02 2.90718e-12 0.00000e+00
9.30000e+02 3.07913e-12 0.00000e+00
9.31000e+02 3.25147e-12 0.00000e+00
9.32000e+02 2.97119e-12 0.00000e+00
9.33000e+02 3.22573e-12 0.00000e+00
9.34000e+02 3.19543e-12 0.00000e+00
9.35000e+02 2.82227e-12 0.00000e+00
9.36000e+02 3.47866e-12 0.00000e+00
9.37000e+02 3.14664e-12 0.00000e+00
9.38000e+02 3.24682e-12 0.00000e+00
9.39000e+02 3.62346e-12 0.00000e+00
9.40000e+02 3.24093e-12 0.00000e+00
9.41000e+02 2.86958e-12 0.00000e+00
9.42000e+02 3.28057e-12 0.00000e+00
9.43000e+02 2.90932e-12 0.00000e+00
9.44000e+02 3.02190e-12 0.00000e+00
9.45000e+02 3.01129e-12 0.00000e+00
9.46000e+02 3.32936e-12 0.00000e+00
9.47000e+02 3.05021e-12 0.00000e+00
9.48000e+02 3.00209e-12 0.00000e+00
9.49000e+02 2.90474e-12 0.00000e+00
9.50000e+02 3.04323e-12 0.00000e+00
9.51000e+02 3.07592e-12 0.00000e+00
9.52000e+02 2.83869e-12 0.00000e+00
9.53000e+02 2.89232e-12 0.00000e+00
9.54000e+02 2.99748e-12 0.00000e+00
9.55000e+02 3.55920e-12 0.00000e+00
9.56000e+02 3.21128e-12 0.00000e+00
9.57000e+02 2.68236e-12 0.00000e+00
9.58000e+02 2.69871e-12 0.00000e+00
9.59000e+02 3.05623e-12 0.00000e+00
9.60000e+02 3.26818e-12 0.00000e+00
9.61000e+02 3.08718e-12 0.00000e+00
9.62000e+02 2.91475e-12 0.00000e+00
9.63000e+02 2.87361e-12 0.00000e+00
9.64000e+02 3.32524e-12 0.00000e+00
9.65000e+02 3.33173e-12 0.00000e+00
9.66000e+02 3.01229e-12 0.00000e+00
9.67000e+02 3.23238e-12 0.00000e+00
9.68000e+02 2.57527e-12 0.00000e+00
9.69000e+02 3.02211e-12 0.00000e+00
9.70000e+02 3.04513e-12 0.00000e+00
9.71000e+02 3.20308e-12 0.00000e+00
9.72000e+02 2.97205e-12 0.00000e+00
9.73000e+02 2.56678e-12 0.00000e+00
9.74000e+02 3.09105e-12 0.00000e+00
9.75000e+02 3.24261e-12 0.00000e+00
9.76000e+02 2.63386e-12 0.00000e+00
9.77000e+02 3.37956e-12 0.00000e+00
9.78000e+02 3.14459e-12 0.00000e+00
9.79000e+02 2.94705e-12 0.00000e+00
9.80000e+02 3.00498e-12 0.00000e+00
9.81000e+02 2.92318e-12 0.00000e+00
9.82000e+02 2.83012e-12 0.00000e+00
9.83000e+02 3.32461e-12 0.00000e+00
9.84000e+02 2.92296e-12 0.00000e+00
9.85000e+02 3.39527e-12 0.00000e+00
9.86000e+02 2.74267e-12 0.00000e+00
9.87000e+02 3.16745e-12 0.00000e+00
9.88000e+02 3.12138e-12 0.00000e+00
9.89000e+02 2.73330e-12 0.00000e+00
9.90000e+02 2.62854e-12 0.00000e+00
9.91000e+02 2.83464e-12 0.00000e+00
9.92000e+02 2.54364e-12 0.00000e+00
9.93000e+02 2.88131e-12 0.00000e+00
9.94000e+02 2.90606e-12 0.00000e+00
9.95000e+02 2.84912e-12 0.00000e+00
9.96000e+02 2.88290e-12 0.00000e+00
9.97000e+02 2.69194e-12 0.00000e+00
9.98000e+02 2.66886e-12 0.00000e+00
9.99000e+02 2.96054e-12 0.00000e+00
1.00000e+03 2.91340e-12 0.00000e+00
1.00100e+03 2.79791e-12 0.00000e+00
1.00200e+03 3.16116e-12 0.00000e+00
1.00300e+03 2.76741e-12 0.00000e+00
1.00400e+03 2.90949e-12 0.00000e+00
1.00500e+03 2.72858e-12 0.00000e+00
1.00600e+03 2.75478e-12 0.00000e+00
1.00700e+03 2.64190e-12 0.00000e+00
1.00800e+03 3.10087e-12 0.00000e+00
1.00900e+03 2.85714e-12 0.00000e+00
1.01000e+03 3.19829e-12 0.00000e+00
1.01100e+03 2.91242e-12 0.00000e+00
1.01200e+03 2.68516e-12 0.00000e+00
1.01300e+03 2.92045e-12 0.00000e+00
1.01400e+03 3.15118e-12 0.00000e+00
1.01500e+03 2.82722e-12 0.00000e+00
1.01600e+03 2.66335e-12 0.00000e+00
1.01700e+03 2.59838e-12 0.00000e+00
1.01800e+03 2.73977e-12 0.00000e+00
1.01900e+03 2.70625e-12 0.00000e+00
1.02000e+03 3.02524e-12 0.00000e+00
1.02100e+03 2.72935e-12 0.00000e+00
1.02200e+03 2.67901e-12 0.00000e+00
1.02300e+03 2.92819e-12 0.00000e+00
1.02400e+03 2.65432e-12 0.00000e+00
1.02500e+03 2.59026e-12 0.00000e+00
1.02600e+03 2.53964e-12 0.00000e+00
1.02700e+03 2.54686e-12 0.00000e+00
1.02800e+03 2.55596e-12 0.00000e+00
1.02900e+03 2.76473e-12 0.00000e+00
1.03000e+03 2.44613e-12 0.00000e+00
1.03100e+03 2.92864e-12 0.00000e+00
1.03200e+03 2.54437e-12 0.00000e+00
1.03300e+03 3.10039e-12 0.00000e+00
1.03400e+03 2.32088e-12 0.00000e+00
1.03500e+03 2.52495e-12 0.00000e+00
1.03600e+03 2.72969e-12 0.00000e+00
1.03700e+03 2.62096e-12 0.00000e+00
1.03800e+03 2.35126e-12 0.00000e+00
1.03900e+03 2.92046e-12 0.00000e+00
1.04000e+03 2.78189e-12 0.00000e+00
1.04100e+03 2.81474e-12 0.00000e+00
1.04200e+03 2.99418e-12 0.00000e+00
1.04300e+03 2.60681e-12 0.00000e+00
1.04400e+03 2.75865e-12 0.00000e+00
1.04500e+03 2.57389e-12 0.00000e+00
1.04600e+03 2.89651e-12 0.00000e+00
1.04700e+03 2.43190e-12 0.00000e+00
1.04800e+03 2.50774e-12 0.00000e+00
1.04900e+03 2.47390e-12 0.00000e+00
1.05000e+03 2.99266e-12 0.00000e+00
1.05100e+03 2.59034e-12 0.00000e+00
1.05200e+03 2.81894e-12 0.00000e+00
1.05300e+03 2.93760e-12 0.00000e+00
1.05400e+03 2.55940e-12 0.00000e+00
1.05500e+03 2.72556e-12 0.00000e+00
1.05600e+03 2.56259e-12 0.00000e+00
1.05700e+03 2.78713e-12 0.00000e+00
1.05800e+03 2.45200e-12 0.00000e+00
1.05900e+03 2.51937e-12 0.00000e+00
1.06000e+03 2.52034e-12 0.00000e+00
1.06100e+03 2.72677e-12 0.00000e+00
1.06200e+03 3.15195e-12 0.00000e+00
1.06300e+03 2.93411e-12 0.00000e+00
1.06400e+03 2.96836e-12 0.00000e+00
1.06500e+03 2.30373e-12 0.00000e+00
1.06600e+03 2.72471e-12 0.00000e+00
1.06700e+03 2.46820e-12 0.00000e+00
1.06800e+03 2.22463e-12 0.00000e+00
1.06900e+03 2.58035e-12 0.00000e+00
1.07000e+03 2.34969e-12 0.00000e+00
1.07100e+03 2.51808e-12 0.00000e+00
1.07200e+03 2.37241e-12 0.00000e+00
1.07300e+03 2.50578e-12 0.00000e+00
1.07400e+03 2.45071e-12 0.00000e+00
1.07500e+03 2.37210e-12 0.00000e+00
1.07600e+03 2.58901e-12 0.00000e+00
1.07700e+03 2.51699e-12 0.00000e+00
1.07800e+03 2.76727e-12 0.00000e+00
1.07900e+03 2.95892e-12 0.00000e+00
1.08000e+03 2.54086e-12 0.00000e+00
1.08100e+03 2.34100e-12 0.00000e+00
1.08200e+03 2.46278e-12 0.00000e+00
1.08300e+03 2.46852e-12 0.00000e+00
1.08400e+03 2.30559e-12 0.00000e+00
1.08500e+03 2.86604e-12 0.00000e+00
1.08600e+03 2.54917e-12 0.00000e+00
1.08700e+03 2.63189e-12 0.00000e+00
1.08800e+03 2.48856e-12 0.00000e+00
1.08900e+03 2.38021e-12 0.00000e+00
1.09000e+03 2.60809e-12 0.00000e+00
1.09100e+03 2.22630e-12 0.00000e+00
1.09200e+03 2.62205e-12 0.00000e+00
1.09300e+03 2.70897e-12 0.00000e+00
1.09400e+03 2.66175e-12 0.00000e+00
1.09500e+03 2.55623e-12 0.00000e+00
1.09600e+03 2.61173e-12 0.00000e+00
1.09700e+03 2.45213e-12 0.00000e+00
1.09800e+03 2.38289e-12 0.00000e+00
1.09900e+03 2.68793e-12 0.00000e+00
1.10000e+03 2.22608e-12 0.00000e+00
1.10100e+03 2.44442e-12 0.00000e+00
1.10200e+03 2.23657e-12 0.00000e+00
1.10300e+03 2.58368e-12 0.00000e+00
1.10400e+03 2.59706e-12 0.00000e+00
1.10500e+03 2.48328e-12 0.00000e+00
1.10600e+03 2.79667e-12 0.00000e+00
1.10700e+03 2.43235e-12 0.00000e+00
1.10800e+03 2.43576e-12 0.00000e+00
1.10900e+03 2.42340e-12 0.00000e+00
1.11000e+03 2.14274e-12 0.00000e+00
1.11100e+03 2.19822e-12 0.00000e+00
1.11200e+03 2.51939e-12 0.00000e+00
1.11300e+03 2.19397e-12 0.00000e+00
1.11400e+03 2.06653e-12 0.00000e+00
1.11500e+03 2.35348e-12 0.00000e+00
1.11600e+03 2.50641e-12 0.00000e+00
1.11700e+03 2.59083e-12 0.00000e+00
1.11800e+03 2.39758e-12 0.00000e+00
1.11900e+03 2.45072e-12 0.00000e+00
1.12000e+03 2.22363e-12 0.00000e+00
1.12100e+03 2.75638e-12 0.00000e+00
1.12200e+03 2.20451e-12 0.00000e+00
1.12300e+03 2.45489e-12 0.00000e+00
1.12400e+03 2.35832e-12 0.00000e+00
1.12500e+03 2.30348e-12 0.00000e+00
1.12600e+03 2.14981e-12 0.00000e+00
1.12700e+03 2.37097e-12 0.00000e+00
1.12800e+03 2.59328e-12 0.00000e+00
1.12900e+03 2.55508e-12 0.00000e+00
1.13000e+03 2.40161e-12 0.00000e+00
1.13100e+03 2.20960e-12 0.00000e+00
1.13200e+03 2.26656e-12 0.00000e+00
1.13300e+03 2.61793e-12 0.00000e+00
1.13400e+03 2.25195e-12 0.00000e+00
1.13500e+03 2.47403e-12 0.00000e+00
1.13600e+03 2.00184e-12 0.00000e+00
1.13700e+03 2.43282e-12 0.00000e+00
1.13800e+03 2.55152e-12 0.00000e+00
1.13900e+03 2.51174e-12 0.00000e+00
1.14000e+03 2.59481e-12 0.00000e+00
1.14100e+03 2.18282e-12 0.00000e+00
1.14200e+03 2.29860e-12 0.00000e+00
1.14300e+03 2.39168e-12 0.00000e+00
1.14400e+03 2.38141e-12 0.00000e+00
1.14500e+03 2.30991e-12 0.00000e+00
1.14600e+03 2.20646e-12 0.00000e+00
1.14700e+03 2.34078e-12 0.00000e+00
1.14800e+03 2.12899e-12 0.00000e+00
1.14900e+03 2.22114e-12 0.00000e+00
1.15000e+03 2.60723e-12 0.00000e+00
1.15100e+03 2.14544e-12 0.00000e+00
1.15200e+03 2.31700e-12 0.00000e+00
1.15300e+03 2.43008e-12 0.00000e+00
1.15400e+03 2.35146e-12 0.00000e+00
1.15500e+03 2.30439e-12 0.00000e+00
1.15600e+03 2.27373e-12 0.00000e+00
1.15700e+03 2.48615e-12 0.00000e+00
1.15800e+03 2.20817e-12 0.00000e+00
1.15900e+03 2.44992e-12 0.00000e+00
1.16000e+03 2.09572e-12 0.00000e+00
1.16100e+03 2.18266e-12 0.00000e+00
1.16200e+03 2.30629e-12 0.00000e+00
1.16300e+03 2.40240e-12 0.00000e+00
1.16400e+03 2.38935e-12 0.00000e+00
1.16500e+03 2.29069e-12 0.00000e+00
1.16600e+03 2.34162e-12 0.00000e+00
1.16700e+03 2.23291e-12 0.00000e+00
1.16800e+03 2.26393e-12 0.00000e+00
1.16900e+03 2.20191e-12 0.00000e+00
1.17000e+03 2.30508e-12 0.00000e+00
1.17100e+03 2.40194e-12 0.00000e+00
1.17200e+03 2.43034e-12 0.00000e+00
1.17300e+03 2.11829e-12 0.00000e+00
1.17400e+03 2.63351e-12 0.00000e+00
1.17500e+03 2.13582e-12 0.00000e+00
1.17600e+03 2.25320e-12 0.00000e+00
1.17700e+03 2.56383e-12 0.00000e+00
1.17800e+03 2.25457e-12 0.00000e+00
1.17900e+03 2.10242e-12 0.00000e+00
1.18000e+03 2.43458e-12 0.00000e+00
1.18100e+03 2.00106e-12 0.00000e+00
1.18200e+03 2.05822e-12 0.00000e+00
1.18300e+03 2.10683e-12 0.00000e+00
1.18400e+03 1.93652e-12 0.00000e+00
1.18500e+03 2.28833e-12 0.00000e+00
1.18600e+03 2.25911e-12 0.00000e+00
1.18700e+03 2.25787e-12 0.00000e+00
1.18800e+03 2.17916e-12 0.00000e+00
1.18900e+03 2.16153e-12 0.00000e+00
1.19000e+03 2.03208e-12 0.00000e+00
1.19100e+03 2.52149e-12 0.00000e+00
1.19200e+03 2.20094e-12 0.00000e+00
1.19300e+03 1.92949e-12 0.00000e+00
1.19400e+03 2.26736e-12 0.00000e+00
1.19500e+03 2.29699e-12 0.00000e+00
1.19600e+03 2.27722e-12 0.00000e+00
1.19700e+03 2.29941e-12 0.00000e+00
1.19800e+03 2.03175e-12 0.00000e+00
1.19900e+03 2.14556e-12 0.00000e+00
1.20000e+03 2.15279e-12 0.00000e+00
1.20100e+03 2.06380e-12 0.00000e+00
1.20200e+03 1.83259e-12 0.00000e+00
1.20300e+03 2.20941e-12 0.00000e+00
1.20400e+03 2.16773e-12 0.00000e+00
1.20500e+03 2.22017e-12 0.00000e+00
1.20600e+03 2.32407e-12 0.00000e+00
1.20700e+03 2.12050e-12 0.00000e+00
1.20800e+03 2.29102e-12 0.00000e+00
1.20900e+03 1.93847e-12 0.00000e+00
1.21000e+03 2.28852e-12 0.00000e+00
1.21100e+03 2.07963e-12 0.00000e+00
1.21200e+03 2.19305e-12 0.00000e+00
1.21300e+03 2.02528e-12 0.00000e+00
1.21400e+03 2.04832e-12 0.00000e+00
1.21500e+03 2.24963e-12 0.00000e+00
1.21600e+03 2.00274e-12 0.00000e+00
1.21700e+03 2.16300e-12 0.00000e+00
1.21800e+03 1.89812e-12 0.00000e+00
1.21900e+03 2.01156e-12 0.00000e+00
1.22000e+03 2.26057e-12 0.00000e+00
1.22100e+03 2.03051e-12 0.00000e+00
1.22200e+03 2.04928e-12 0.00000e+00
1.22300e+03 2.06308e-12 0.00000e+00
1.22400e+03 2.14133e-12 0.00000e+00
1.22500e+03 2.00973e-12 0.00000e+00
1.22600e+03 2.05347e-12 0.00000e+00
1.22700e+03 2.08327e-12 0.00000e+00
1.22800e+03 2.13131e-12 0.00000e+00
1.22900e+03 2.08893e-12 0.00000e+00
1.23000e+03 2.13829e-12 0.00000e+00
1.23100e+03 2.10003e-12 0.00000e+00
1.23200e+03 2.22929e-12 0.00000e+00
1.23300e+03 1.93755e-12 0.00000e+00
1.23400e+03 2.11469e-12 0.00000e+00
1.23500e+03 1.88441e-12 0.00000e+00
1.23600e+03 2.13111e-12 0.00000e+00
1.23700e+03 2.11144e-12 0.00000e+00
1.23800e+03 1.72680e-12 0.00000e+00
1.23900e+03 2.06083e-12 0.00000e+00
1.24000e+03 2.16856e-12 0.00000e+00
1.24100e+03 1.82791e-12 0.00000e+00
1.24200e+03 1.98090e-12 0.00000e+00
1.24300e+03 1.73294e-12 0.00000e+00
1.24400e+03 1.89939e-12 0.00000e+00
1.24500e+03 1.87727e-12 0.00000e+00
1.24600e+03 1.62287e-12 0.00000e+00
1.24700e+03 2.16477e-12 0.00000e+00
1.24800e+03 1.86386e-12 0.00000e+00
1.24900e+03 1.99475e-12 0.00000e+00
1.25000e+03 1.87199e-12 0.00000e+00
1.25100e+03 1.84863e-12 0.00000e+00
1.25200e+03 1.74754e-12 0.00000e+00
1.25300e+03 2.21141e-12 0.00000e+00
1.25400e+03 1.93213e-12 0.00000e+00
1.25500e+03 1.76551e-12 0.00000e+00
1.25600e+03 1.81090e-12 0.00000e+00
1.25700e+03 1.86455e-12 0.00000e+00
1.25800e+03 2.01326e-12 0.00000e+00
1.25900e+03 2.04573e-12 0.00000e+00
1.26000e+03 1.81563e-12 0.00000e+00
1.26100e+03 2.06464e-12 0.00000e+00
1.26200e+03 2.09667e-12 0.00000e+00
1.26300e+03 1.83939e-12 0.00000e+00
1.26400e+03 1.94813e-12 0.00000e+00
1.26500e+03 2.02347e-12 0.00000e+00
1.26600e+03 2.10316e-12 0.00000e+00
1.26700e+03 1.98136e-12 0.00000e+00
1.26800e+03 1.90853e-12 0.00000e+00
1.26900e+03 1.95467e-12 0.00000e+00
1.27000e+03 1.99917e-12 0.00000e+00
1.27100e+03 1.97727e-12 0.00000e+00
1.27200e+03 2.28426e-12 0.00000e+00
1.27300e+03 2.05395e-12 0.00000e+00
1.27400e+03 1.82088e-12 0.00000e+00
1.27500e+03 1.92138e-12 0.00000e+00
1.27600e+03 2.10134e-12 0.00000e+00
1.27700e+03 1.82737e-12 0.00000e+00
1.27800e+03 1.67884e-12 0.00000e+00
1.27900e+03 1.79296e-12 0.00000e+00
1.28000e+03 2.06815e-12 0.00000e+00
1.28100e+03 1.88106e-12 0.00000e+00
1.28200e+03 1.99761e-12 0.00000e+00
1.28300e+03 1.92806e-12 0.00000e+00
1.28400e+03 1.89235e-12 0.00000e+00
1.28500e+03 1.84067e-12 0.00000e+00
1.28600e+03 1.78156e-12 0.00000e+00
1.28700e+03 1.70694e-12 0.00000e+00
1.28800e+03 2.06297e-12 0.00000e+00
1.28900e+03 1.94630e-12 0.00000e+00
1.29000e+03 1.83112e-12 0.00000e+00
1.29100e+03 1.89391e-12 0.00000e+00
1.29200e+03 1.79956e-12 0.00000e+00
1.29300e+03 2.02353e-12 0.00000e+00
1.29400e+03 1.95807e-12 0.00000e+00
1.29500e+03 1.95069e-12 0.00000e+00
1.29600e+03 1.83396e-12 0.00000e+00
1.29700e+03 1.64096e-12 0.00000e+00
1.29800e+03 1.72989e-12 0.00000e+00
1.29900e+03 1.82649e-12 0.00000e+00
1.30000e+03 1.78711e-12 0.00000e+00
1.30100e+03 1.67816e-12 0.00000e+00
1.30200e+03 1.96693e-12 0.00000e+00
1.30300e+03 1.69834e-12 0.00000e+00
1.30400e+03 1.88192e-12 0.00000e+00
1.30500e+03 1.83869e-12 0.00000e+00
1.30600e+03 1.93370e-12 0.00000e+00
1.30700e+03 1.73116e-12 0.00000e+00
1.30800e+03 1.70297e-12 0.00000e+00
1.30900e+03 1.71270e-12 0.00000e+00
1.31000e+03 1.78482e-12 0.00000e+00
1.31100e+03 1.78199e-12 0.00000e+00
1.31200e+03 1.85942e-12 0.00000e+00
1.31300e+03 1.71072e-12 0.00000e+00
1.31400e+03 1.78315e-12 0.00000e+00
1.31500e+03 1.80598e-12 0.00000e+00
1.31600e+03 1.77513e-12 0.00000e+00
1.31700e+03 1.84606e-12 0.00000e+00
1.31800e+03 1.73451e-12 0.00000e+00
1.31900e+03 1.76505e-12 0.00000e+00
1.32000e+03 1.77745e-12 0.00000e+00
1.32100e+03 1.85628e-12 0.00000e+00
1.32200e+03 1.74918e-12 0.00000e+00
1.32300e+03 1.76220e-12 0.00000e+00
1.32400e+03 1.85761e-12 0.00000e+00
1.32500e+03 1.85883e-12 0.00000e+00
1.32600e+03 1.67169e-12 0.00000e+00
1.32700e+03 1.79376e-12 0.00000e+00
1.32800e+03 1.74421e-12 0.00000e+00
1.32900e+03 1.81268e-12 0.00000e+00
1.33000e+03 1.65255e-12 0.00000e+00
1.33100e+03 1.61545e-12 0.00000e+00
1.33200e+03 1.96491e-12 0.00000e+00
1.33300e+03 1.82036e-12 0.00000e+00
1.33400e+03 1.92508e-12 0.00000e+00
1.33500e+03 1.71905e-12 0.00000e+00
1.33600e+03 1.71002e-12 0.00000e+00
1.33700e+03 1.60228e-12 0.00000e+00
1.33800e+03 1.64683e-12 0.00000e+00
1.33900e+03 1.55479e-12 0.00000e+00
1.34000e+03 1.72043e-12 0.00000e+00
1.34100e+03 1.84815e-12 0.00000e+00
1.34200e+03 1.73341e-12 0.00000e+00
1.34300e+03 1.79469e-12 0.00000e+00
1.34400e+03 1.96193e-12 0.00000e+00
1.34500e+03 1.79547e-12 0.00000e+00
1.34600e+03 1.71705e-12 0.00000e+00
1.34700e+03 1.63557e-12 0.00000e+00
1.34800e+03 1.83406e-12 0.00000e+00
1.34900e+03 1.71602e-12 0.00000e+00
1.35000e+03 1.59537e-12 0.00000e+00
1.35100e+03 1.65775e-12 0.00000e+00
1.35200e+03 1.76304e-12 0.00000e+00
1.35300e+03 1.54711e-12 0.00000e+00
1.35400e+03 1.66932e-12 0.00000e+00
1.35500e+03 1.70188e-12 0.00000e+00
1.35600e+03 1.83045e-12 0.00000e+00
1.35700e+03 1.63755e-12 0.00000e+00
1.35800e+03 1.79016e-12 0.00000e+00
1.35900e+03 1.68306e-12 0.00000e+00
1.36000e+03 1.58443e-12 0.00000e+00
1.36100e+03 1.93548e-12 0.00000e+00
1.36200e+03 1.68180e-12 0.00000e+00
1.36300e+03 1.66991e-12 0.00000e+00
1.36400e+03 1.58593e-12 0.00000e+00
1.36500e+03 1.55710e-12 0.00000e+00
1.36600e+03 1.47117e-12 0.00000e+00
1.36700e+03 1.67289e-12 0.00000e+00
1.36800e+03 1.86350e-12 0.00000e+00
1.36900e+03 1.66846e-12 0.00000e+00
1.37000e+03 1.61562e-12 0.00000e+00
1.37100e+03 1.74553e-12 0.00000e+00
1.37200e+03 1.61409e-12 0.00000e+00
1.37300e+03 1.67032e-12 0.00000e+00
1.37400e+03 1.51565e-12 0.00000e+00
1.37500e+03 1.78517e-12 0.00000e+00
1.37600e+03 1.62822e-12 0.00000e+00
1.37700e+03 1.55623e-12 0.00000e+00
1.37800e+03 1.59630e-12 0.00000e+00
1.37900e+03 1.61990e-12 0.00000e+00
1.38000e+03 1.58792e-12 0.00000e+00
1.38100e+03 1.68138e-12 0.00000e+00
1.38200e+03 1.89331e-12 0.00000e+00
1.38300e+03 1.65304e-12 0.00000e+00
1.38400e+03 1.47510e-12 0.00000e+00
1.38500e+03 1.61067e-12 0.00000e+00
1.38600e+03 1.93887e-12 0.00000e+00
1.38700e+03 1.51756e-12 0.00000e+00
1.38800e+03 1.64766e-12 0.00000e+00
1.38900e+03 1.68324e-12 0.00000e+00
1.39000e+03 1.51108e-12 0.00000e+00
1.39100e+03 1.66357e-12 0.00000e+00
1.39200e+03 1.46783e-12 0.00000e+00
1.39300e+03 1.58431e-12 0.00000e+00
1.39400e+03 1.72985e-12 0.00000e+00
1.39500e+03 1.68182e-12 0.00000e+00
1.39600e+03 1.63071e-12 0.00000e+00
1.39700e+03 1.58015e-12 0.00000e+00
1.39800e+03 1.59243e-12 0.00000e+00
1.39900e+03 1.52972e-12 0.00000e+00
1.40000e+03 1.80610e-12 0.00000e+00
1.40100e+03 1.67654e-12 0.00000e+00
1.40200e+03 1.55951e-12 0.00000e+00
1.40300e+03 1.57270e-12 0.00000e+00
1.40400e+03 1.46006e-12 0.00000e+00
1.40500e+03 1.43056e-12 0.00000e+00
1.40600e+03 1.63099e-12 0.00000e+00
1.40700e+03 1.71527e-12 0.00000e+00
1.40800e+03 1.60977e-12 0.00000e+00
1.40900e+03 1.52759e-12 0.00000e+00
1.41000e+03 1.71537e-12 0.00000e+00
1.41100e+03 1.40802e-12 0.00000e+00
1.41200e+03 1.58710e-12 0.00000e+00
1.41300e+03 1.54198e-12 0.00000e+00
1.41400e+03 1.47596e-12 0.00000e+00
1.41500e+03 1.62803e-12 0.00000e+00
1.41600e+03 1.37115e-12 0.00000e+00
1.41700e+03 1.49655e-12 0.00000e+00
1.41800e+03 1.43373e-12 0.00000e+00
1.41900e+03 1.56569e-12 0.00000e+00
1.42000e+03 1.49344e-12 0.00000e+00
1.42100e+03 1.56022e-12 0.00000e+00
1.42200e+03 1.55664e-12 0.00000e+00
1.42300e+03 1.47358e-12 0.00000e+00
1.42400e+03 1.50468e-12 0.00000e+00
1.42500e+03 1.37840e-12 0.00000e+00
1.42600e+03 1.53378e-12 0.00000e+00
1.42700e+03 1.53346e-12 0.00000e+00
1.42800e+03 1.44619e-12 0.00000e+00
1.42900e+03 1.52123e-12 0.00000e+00
1.43000e+03 1.49529e-12 0.00000e+00
1.43100e+03 1.43038e-12 0.00000e+00
1.43200e+03 1.43078e-12 0.00000e+00
1.43300e+03 1.63127e-12 0.00000e+00
1.43400e+03 1.52165e-12 0.00000e+00
1.43500e+03 1.47564e-12 0.00000e+00
1.43600e+03 1.63336e-12 0.00000e+00
1.43700e+03 1.41582e-12 0.00000e+00
1.43800e+03 1.48564e-12 0.00000e+00
1.43900e+03 1.45461e-12 0.00000e+00
1.44000e+03 1.49098e-12 0.00000e+00
1.44100e+03 1.70136e-12 0.00000e+00
1.44200e+03 1.39887e-12 0.00000e+00
1.44300e+03 1.49791e-12 0.00000e+00
1.44400e+03 1.64640e-12 0.00000e+00
1.44500e+03 1.53027e-12 0.00000e+00
1.44600e+03 1.47131e-12 0.00000e+00
1.44700e+03 1.50119e-12 0.00000e+00
1.44800e+03 1.49218e-12 0.00000e+00
1.44900e+03 1.39242e-12 0.00000e+00
1.45000e+03 1.53211e-12 0.00000e+00
1.45100e+03 1.46726e-12 0.00000e+00
1.45200e+03 1.51713e-12 0.00000e+00
1.45300e+03 1.35563e-12 0.00000e+00
1.45400e+03 1.50619e-12 0.00000e+00
1.45500e+03 1.38218e-12 0.00000e+00
1.45600e+03 1.44666e-12 0.00000e+00
1.45700e+03 1.33342e-12 0.00000e+00
1.45800e+03 1.46198e-12 0.00000e+00
1.45900e+03 1.45438e-12 0.00000e+00
1.46000e+03 1.46982e-12 0.00000e+00
1.46100e+03 1.43542e-12 0.00000e+00
1.46200e+03 1.48262e-12 0.00000e+00
1.46300e+03 1.47557e-12 0.00000e+00
1.46400e+03 1.26606e-12 0.00000e+00
1.46500e+03 1.43757e-12 0.00000e+00
1.46600e+03 1.53412e-12 0.00000e+00
1.46700e+03 1.41926e-12 0.00000e+00
1.46800e+03 1.50982e-12 0.00000e+00
1.46900e+03 1.35752e-12 0.00000e+00
1.47000e+03 1.22327e-12 0.00000e+00
1.47100e+03 1.26715e-12 0.00000e+00
1.47200e+03 1.57367e-12 0.00000e+00
1.47300e+03 1.29606e-12 0.00000e+00
1.47400e+03 1.49289e-12 0.00000e+00
1.47500e+03 1.35718e-12 0.00000e+00
1.47600e+03 1.48451e-12 0.00000e+00
1.47700e+03 1.45701e-12 0.00000e+00
1.47800e+03 1.46374e-12 0.00000e+00
1.47900e+03 1.46288e-12 0.00000e+00
1.48000e+03 1.41442e-12 0.00000e+00
1.48100e+03 1.43409e-12 0.00000e+00
1.48200e+03 1.47202e-12 0.00000e+00
1.48300e+03 1.46970e-12 0.00000e+00
1.48400e+03 1.41069e-12 0.00000e+00
1.48500e+03 1.34185e-12 0.00000e+00
1.48600e+03 1.31403e-12 0.00000e+00
1.48700e+03 1.32209e-12 0.00000e+00
1.48800e+03 1.43182e-12 0.00000e+00
1.48900e+03 1.34860e-12 0.00000e+00
1.49000e+03 1.27078e-12 0.00000e+00
1.49100e+03 1.26830e-12 0.00000e+00
1.49200e+03 1.32267e-12 0.00000e+00
1.49300e+03 1.27026e-12 0.00000e+00
1.49400e+03 1.35744e-12 0.00000e+00
1.49500e+03 1.42070e-12 0.00000e+00
1.49600e+03 1.29273e-12 0.00000e+00
1.49700e+03 1.26170e-12 0.00000e+00
1.49800e+03 1.39574e-12 0.00000e+00
1.49900e+03 1.29286e-12 0.00000e+00
1.50000e+03 1.32763e-12 0.00000e+00
1.50100e+03 1.45651e-12 0.00000e+00
1.50200e+03 1.34790e-12 0.00000e+00
1.50300e+03 1.41200e-12 0.00000e+00
1.50400e+03 1.40686e-12 0.00000e+00
1.50500e+03 1.30202e-12 0.00000e+00
1.50600e+03 1.32738e-12 0.00000e+00
1.50700e+03 1.42984e-12 0.00000e+00
1.50800e+03 1.35192e-12 0.00000e+00
1.50900e+03 1.36249e-12 0.00000e+00
1.51000e+03 1.17170e-12 0.00000e+00
1.51100e+03 1.32160e-12 0.00000e+00
1.51200e+03 1.35957e-12 0.00000e+00
1.51300e+03 1.35081e-12 0.00000e+00
1.51400e+03 1.39501e-12 0.00000e+00
1.51500e+03 1.29085e-12 0.00000e+00
1.51600e+03 1.33998e-12 0.00000e+00
1.51700e+03 1.37140e-12 0.00000e+00
1.51800e+03 1.46659e-12 0.00000e+00
1.51900e+03 1.31481e-12 0.00000e+00
1.52000e+03 1.42559e-12 0.00000e+00
1.52100e+03 1.16648e-12 0.00000e+00
1.52200e+03 1.30845e-12 0.00000e+00
1.52300e+03 1.39626e-12 0.00000e+00
1.52400e+03 1.44406e-12 0.00000e+00
1.52500e+03 1.19896e-12 0.00000e+00
1.52600e+03 1.33223e-12 0.00000e+00
1.52700e+03 1.32969e-12 0.00000e+00
1.52800e+03 1.33178e-12 0.00000e+00
1.52900e+03 1.41237e-12 0.00000e+00
1.53000e+03 1.43091e-12 0.00000e+00
1.53100e+03 1.23907e-12 0.00000e+00
1.53200e+03 1.18149e-12 0.00000e+00
1.53300e+03 1.29456e-12 0.00000e+00
1.53400e+03 1.15242e-12 0.00000e+00
1.53500e+03 1.43126e-12 0.00000e+00
1.53600e+03 1.23436e-12 0.00000e+00
1.53700e+03 1.36057e-12 0.00000e+00
1.53800e+03 1.20686e-12 0.00000e+00
1.53900e+03 1.39207e-12 0.00000e+00
1.54000e+03 1.35551e-12 0.00000e+00
1.54100e+03 1.26319e-12 0.00000e+00
1.54200e+03 1.42936e-12 0.00000e+00
1.54300e+03 1.19415e-12 0.00000e+00
1.54400e+03 1.38254e-12 0.00000e+00
1.54500e+03 1.38521e-12 0.00000e+00
1.54600e+03 1.16437e-12 0.00000e+00
1.54700e+03 1.15864e-12 0.00000e+00
1.54800e+03 1.30026e-12 0.00000e+00
1.54900e+03 1.19334e-12 0.00000e+00
1.55000e+03 1.31807e-12 0.00000e+00
1.55100e+03 1.37909e-12 0.00000e+00
1.55200e+03 1.36815e-12 0.00000e+00
1.55300e+03 1.20518e-12 0.00000e+00
1.55400e+03 1.27644e-12 0.00000e+00
1.55500e+03 1.21481e-12 0.00000e+00
1.55600e+03 1.18302e-12 0.00000e+00
1.55700e+03 1.08334e-12 0.00000e+00
1.55800e+03 1.20442e-12 0.00000e+00
1.55900e+03 1.34807e-12 0.00000e+00
1.56000e+03 1.35796e-12 0.00000e+00
1.56100e+03 1.35703e-12 0.00000e+00
1.56200e+03 1.22376e-12 0.00000e+00
1.56300e+03 1.23626e-12 0.00000e+00
1.56400e+03 1.12804e-12 0.00000e+00
1.56500e+03 1.33050e-12 0.00000e+00
1.56600e+03 1.15188e-12 0.00000e+00
1.56700e+03 1.19166e-12 0.00000e+00
1.56800e+03 1.23750e-12 0.00000e+00
1.56900e+03 1.13439e-12 0.00000e+00
1.57000e+03 1.24399e-12 0.00000e+00
1.57100e+03 1.26114e-12 0.00000e+00
1.57200e+03 1.10230e-12 0.00000e+00
1.57300e+03 1.13784e-12 0.00000e+00
1.57400e+03 1.16065e-12 0.00000e+00
1.57500e+03 1.21028e-12 0.00000e+00
1.57600e+03 1.15174e-12 0.00000e+00
1.57700e+03 1.12222e-12 0.00000e+00
1.57800e+03 1.10362e-12 0.00000e+00
1.57900e+03 1.12071e-12 0.00000e+00
1.58000e+03 1.30518e-12 0.00000e+00
1.58100e+03 1.19479e-12 0.00000e+00
1.58200e+03 1.22323e-12 0.00000e+00
1.58300e+03 1.21764e-12 0.00000e+00
1.58400e+03 1.21318e-12 0.00000e+00
1.58500e+03 1.26215e-12 0.00000e+00
1.58600e+03 1.27165e-12 0.00000e+00
1.58700e+03 1.22701e-12 0.00000e+00
1.58800e+03 1.18323e-12 0.00000e+00
1.58900e+03 1.21592e-12 0.00000e+00
1.59000e+03 1.07331e-12 0.00000e+00
1.59100e+03 1.12936e-12 0.00000e+00
1.59200e+03 1.34049e-12 0.00000e+00
1.59300e+03 1.09562e-12 0.00000e+00
1.59400e+03 1.13061e-12 0.00000e+00
1.59500e+03 1.07550e-12 0.00000e+00
1.59600e+03 1.20065e-12 0.00000e+00
1.59700e+03 1.08748e-12 0.00000e+00
1.59800e+03 1.06173e-12 0.00000e+00
1.59900e+03 1.21876e-12 0.00000e+00
1.60000e+03 1.13349e-12 0.00000e+00
1.60100e+03 1.22657e-12 0.00000e+00
1.60200e+03 1.15216e-12 0.00000e+00
1.60300e+03 1.26341e-12 0.00000e+00
1.60400e+03 1.21758e-12 0.00000e+00
1.60500e+03 1.34037e-12 0.00000e+00
1.60600e+03 1.28449e-12 0.00000e+00
1.60700e+03 1.13386e-12 0.00000e+00
1.60800e+03 1.15698e-12 0.00000e+00
1.60900e+03 1.09055e-12 0.00000e+00
1.61000e+03 1.20879e-12 0.00000e+00
1.61100e+03 1.06399e-12 0.00000e+00
1.61200e+03 1.10268e-12 0.00000e+00
1.61300e+03 1.16548e-12 0.00000e+00
1.61400e+03 1.03150e-12 0.00000e+00
1.61500e+03 1.13088e-12 0.00000e+00
1.61600e+03 1.03737e-12 0.00000e+00
1.61700e+03 1.14148e-12 0.00000e+00
1.61800e+03 1.23627e-12 0.00000e+00
1.61900e+03 1.02796e-12 0.00000e+00
1.62000e+03 1.04227e-12 0.00000e+00
1.62100e+03 1.12550e-12 0.00000e+00
1.62200e+03 1.17446e-12 0.00000e+00
1.62300e+03 1.02873e-12 0.00000e+00
1.62400e+03 9.63924e-13 0.00000e+00
1.62500e+03 1.19966e-12 0.00000e+00
1.62600e+03 1.09814e-12 0.00000e+00
1.62700e+03 1.14920e-12 0.00000e+00
1.62800e+03 1.22700e-12 0.00000e+00
1.62900e+03 1.04877e-12 0.00000e+00
1.63000e+03 1.13557e-12 0.00000e+00
1.63100e+03 1.17312e-12 0.00000e+00
1.63200e+03 1.10143e-12 0.00000e+00
1.63300e+03 1.02958e-12 0.00000e+00
1.63400e+03 1.15911e-12 0.00000e+00
1.63500e+03 1.06966e-12 0.00000e+00
1.63600e+03 1.03346e-12 0.00000e+00
1.63700e+03 1.29533e-12 0.00000e+00
1.63800e+03 1.06100e-12 0.00000e+00
1.63900e+03 1.05455e-12 0.00000e+00
1.64000e+03 1.07709e-12 0.00000e+00
1.64100e+03 1.05406e-12 0.00000e+00
1.64200e+03 1.26398e-12 0.00000e+00
1.64300e+03 1.07526e-12 0.00000e+00
1.64400e+03 1.08325e-12 0.00000e+00
1.64500e+03 1.11196e-12 0.00000e+00
1.64600e+03 9.31497e-13 0.00000e+00
1.64700e+03 1.05514e-12 0.00000e+00
1.64800e+03 1.08131e-12 0.00000e+00
1.64900e+03 9.29530e-13 0.00000e+00
1.65000e+03 1.18716e-12 0.00000e+00
1.65100e+03 1.07452e-12 0.00000e+00
1.65200e+03 1.04659e-12 0.00000e+00
1.65300e+03 1.14666e-12 0.00000e+00
1.65400e+03 1.05485e-12 0.00000e+00
1.65500e+03 1.04802e-12 0.00000e+00
1.65600e+03 1.14248e-12 0.00000e+00
1.65700e+03 1.17675e-12 0.00000e+00
1.65800e+03 1.11314e-12 0.00000e+00
1.65900e+03 1.00481e-12 0.00000e+00
1.66000e+03 1.18926e-12 0.00000e+00
1.66100e+03 1.01726e-12 0.00000e+00
1.66200e+03 1.01852e-12 0.00000e+00
1.66300e+03 1.03003e-12 0.00000e+00
1.66400e+03 9.97408e-13 0.00000e+00
1.66500e+03 1.00601e-12 0.00000e+00
1.66600e+03 1.04108e-12 0.00000e+00
1.66700e+03 8.79700e-13 0.00000e+00
1.66800e+03 1.07525e-12 0.00000e+00
1.66900e+03 9.67155e-13 0.00000e+00
1.67000e+03 1.18110e-12 0.00000e+00
1.67100e+03 1.06519e-12 0.00000e+00
1.67200e+03 8.77339e-13 0.00000e+00
1.67300e+03 1.08695e-12 0.00000e+00
1.67400e+03 1.03946e-12 0.00000e+00
1.67500e+03 1.18594e-12 0.00000e+00
1.67600e+03 9.20335e-13 0.00000e+00
1.67700e+03 1.02681e-12 0.00000e+00
1.67800e+03 1.20297e-12 0.00000e+00
1.67900e+03 9.78140e-13 0.00000e+00
1.68000e+03 9.69207e-13 0.00000e+00
1.68100e+03 9.64431e-13 0.00000e+00
1.68200e+03 1.08133e-12 0.00000e+00
1.68300e+03 1.00621e-12 0.00000e+00
1.68400e+03 9.89558e-13 0.00000e+00
1.68500e+03 9.53712e-13 0.00000e+00
1.68600e+03 1.06209e-12 0.00000e+00
1.68700e+03 1.13426e-12 0.00000e+00
1.68800e+03 9.55178e-13 0.00000e+00
1.68900e+03 1.09073e-12 0.00000e+00
1.69000e+03 8.80832e-13 0.00000e+00
1.69100e+03 1.00137e-12 0.00000e+00
1.69200e+03 1.04746e-12 0.00000e+00
1.69300e+03 9.22307e-13 0.00000e+00
1.69400e+03 9.35092e-13 0.00000e+00
1.69500e+03 1.08901e-12 0.00000e+00
1.69600e+03 9.60810e-13 0.00000e+00
1.69700e+03 9.04937e-13 0.00000e+00
1.69800e+03 1.01628e-12 0.00000e+00
1.69900e+03 9.66827e-13 0.00000e+00
1.70000e+03 9.02738e-13 0.00000e+00
1.70100e+03 1.03189e-12 0.00000e+00
1.70200e+03 9.75062e-13 0.00000e+00
1.70300e+03 1.06778e-12 0.00000e+00
1.70400e+03 1.11626e-12 0.00000e+00
1.70500e+03 9.81190e-13 0.00000e+00
1.70600e+03 1.00611e-12 0.00000e+00
1.70700e+03 1.03808e-12 0.00000e+00
1.70800e+03 8.69372e-13 0.00000e+00
1.70900e+03 9.05949e-13 0.00000e+00
1.71000e+03 9.35711e-13 0.00000e+00
1.71100e+03 9.00431e-13 0.00000e+00
1.71200e+03 9.42454e-13 0.00000e+00
1.71300e+03 1.03307e-12 0.00000e+00
1.71400e+03 7.52212e-13 0.00000e+00
1.71500e+03 9.66929e-13 0.00000e+00
1.71600e+03 1.01469e-12 0.00000e+00
1.71700e+03 9.36476e-13 0.00000e+00
1.71800e+03 9.51868e-13 0.00000e+00
1.71900e+03 9.47981e-13 0.00000e+00
1.72000e+03 9.28802e-13 0.00000e+00
1.72100e+03 9.11748e-13 0.00000e+00
1.72200e+03 9.91687e-13 0.00000e+00
1.72300e+03 1.00717e-12 0.00000e+00
1.72400e+03 1.01127e-12 0.00000e+00
1.72500e+03 9.19645e-13 0.00000e+00
1.72600e+03 9.54785e-13 0.00000e+00
1.72700e+03 9.24317e-13 0.00000e+00
1.72800e+03 9.07505e-13 0.00000e+00
1.72900e+03 9.95211e-13 0.00000e+00
1.73000e+03 1.02657e-12 0.00000e+00
1.73100e+03 8.62078e-13 0.00000e+00
1.73200e+03 9.29480e-13 0.00000e+00
1.73300e+03 8.65113e-13 0.00000e+00
1.73400e+03 8.84905e-13 0.00000e+00
1.73500e+03 9.28745e-13 0.00000e+00
1.73600e+03 9.16777e-13 0.00000e+00
1.73700e+03 1.06168e-12 0.00000e+00
1.73800e+03 8.98452e-13 0.00000e+00
1.73900e+03 9.25331e-13 0.00000e+00
1.74000e+03 9.32297e-13 0.00000e+00
1.74100e+03 8.43112e-13 0.00000e+00
1.74200e+03 8.70196e-13 0.00000e+00
1.74300e+03 9.33805e-13 0.00000e+00
1.74400e+03 9.66140e-13 0.00000e+00
1.74500e+03 9.77704e-13 0.00000e+00
1.74600e+03 9.22856e-13 0.00000e+00
1.74700e+03 7.64089e-13 0.00000e+00
1.74800e+03 9.09127e-13 0.00000e+00
1.74900e+03 8.77981e-13 0.00000e+00
1.75000e+03 9.02190e-13 0.00000e+00
1.75100e+03 8.87919e-13 0.00000e+00
1.75200e+03 9.65855e-13 0.00000e+00
1.75300e+03 9.67155e-13 0.00000e+00
1.75400e+03 9.59565e-13 0.00000e+00
1.75500e+03 8.77037e-13 0.00000e+00
1.75600e+03 9.02268e-13 0.00000e+00
1.75700e+03 9.22843e-13 0.00000e+00
1.75800e+03 9.72237e-13 0.00000e+00
1.75900e+03 9.00645e-13 0.00000e+00
1.76000e+03 8.83630e-13 0.00000e+00
1.76100e+03 9.40493e-13 0.00000e+00
1.76200e+03 8.83487e-13 0.00000e+00
1.76300e+03 8.36976e-13 0.00000e+00
1.76400e+03 9.22347e-13 0.00000e+00
1.76500e+03 9.79549e-13 0.00000e+00
1.76600e+03 8.99490e-13 0.00000e+00
1.76700e+03 8.80332e-13 0.00000e+00
1.76800e+03 8.95779e-13 0.00000e+00
1.76900e+03 8.64227e-13 0.00000e+00
1.77000e+03 7.23220e-13 0.00000e+00
1.77100e+03 8.47319e-13 0.00000e+00
1.77200e+03 7.45504e-13 0.00000e+00
1.77300e+03 1.05378e-12 0.00000e+00
1.77400e+03 8.08672e-13 0.00000e+00
1.77500e+03 8.96613e-13 0.00000e+00
1.77600e+03 8.99286e-13 0.00000e+00
1.77700e+03 9.28326e-13 0.00000e+00
1.77800e+03 8.66832e-13 0.00000e+00
1.77900e+03 9.22501e-13 0.00000e+00
1.78000e+03 8.17283e-13 0.00000e+00
1.78100e+03 8.46865e-13 0.00000e+00
1.78200e+03 8.61821e-13 0.00000e+00
1.78300e+03 8.24539e-13 0.00000e+00
1.78400e+03 8.16202e-13 0.00000e+00
1.78500e+03 9.14370e-13 0.00000e+00
1.78600e+03 9.43745e-13 0.00000e+00
1.78700e+03 8.19621e-13 0.00000e+00
1.78800e+03 8.00376e-13 0.00000e+00
1.78900e+03 8.53833e-13 0.00000e+00
1.79000e+03 8.46604e-13 0.00000e+00
1.79100e+03 8.28274e-13 0.00000e+00
1.79200e+03 8.47497e-13 0.00000e+00
1.79300e+03 7.49348e-13 0.00000e+00
1.79400e+03 8.27703e-13 0.00000e+00
1.79500e+03 7.25711e-13 0.00000e+00
1.79600e+03 7.21130e-13 0.00000e+00
1.79700e+03 7.66584e-13 0.00000e+00
1.79800e+03 8.85758e-13 0.00000e+00
1.79900e+03 7.92323e-13 0.00000e+00
1.80000e+03 8.08377e-13 0.00000e+00
1.80100e+03 8.34726e-13 0.00000e+00
1.80200e+03 8.40118e-13 0.00000e+00
1.80300e+03 9.28854e-13 0.00000e+00
1.80400e+03 8.16039e-13 0.00000e+00
1.80500e+03 8.71891e-13 0.00000e+00
1.80600e+03 7.44405e-13 0.00000e+00
1.80700e+03 8.49392e-13 0.00000e+00
1.80800e+03 8.12224e-13 0.00000e+00
1.80900e+03 7.66620e-13 0.00000e+00
1.81000e+03 8.30270e-13 0.00000e+00
1.81100e+03 8.22516e-13 0.00000e+00
1.81200e+03 9.55847e-13 0.00000e+00
1.81300e+03 7.50515e-13 0.00000e+00
1.81400e+03 9.33425e-13 0.00000e+00
1.81500e+03 8.46428e-13 0.00000e+00
1.81600e+03 7.38611e-13 0.00000e+00
1.81700e+03 8.80562e-13 0.00000e+00
1.81800e+03 8.34887e-13 0.00000e+00
1.81900e+03 8.66350e-13 0.00000e+00
1.82000e+03 9.25516e-13 0.00000e+00
1.82100e+03 7.30439e-13 0.00000e+00
1.82200e+03 8.75820e-13 0.00000e+00
1.82300e+03 7.25303e-13 0.00000e+00
1.82400e+03 7.66264e-13 0.00000e+00
1.82500e+03 7.90355e-13 0.00000e+00
1.82600e+03 7.39270e-13 0.00000e+00
1.82700e+03 6.96136e-13 0.00000e+00
1.82800e+03 8.61828e-13 0.00000e+00
1.82900e+03 7.73854e-13 0.00000e+00
1.83000e+03 7.25637e-13 0.00000e+00
1.83100e+03 7.08799e-13 0.00000e+00
1.83200e+03 7.17188e-13 0.00000e+00
1.83300e+03 7.31803e-13 0.00000e+00
1.83400e+03 8.48942e-13 0.00000e+00
1.83500e+03 8.66887e-13 0.00000e+00
1.83600e+03 8.10015e-13 0.00000e+00
1.83700e+03 8.57726e-13 0.00000e+00
1.83800e+03 7.67855e-13 0.00000e+00
1.83900e+03 7.58753e-13 0.00000e+00
1.84000e+03 8.65417e-13 0.00000e+00
1.84100e+03 7.75651e-13 0.00000e+00
1.84200e+03 6.90929e-13 0.00000e+00
1.84300e+03 7.44317e-13 0.00000e+00
1.84400e+03 8.08060e-13 0.00000e+00
1.84500e+03 7.25327e-13 0.00000e+00
1.84600e+03 7.01378e-13 0.00000e+00
1.84700e+03 7.03761e-13 0.00000e+00
1.84800e+03 7.39569e-13 0.00000e+00
1.84900e+03 8.05546e-13 0.00000e+00
1.85000e+03 8.32180e-13 0.00000e+00
1.85100e+03 7.15395e-13 0.00000e+00
1.85200e+03 6.96721e-13 0.00000e+00
1.85300e+03 7.49235e-13 0.00000e+00
1.85400e+03 7.23365e-13 0.00000e+00
1.85500e+03 8.20961e-13 0.00000e+00
1.85600e+03 7.57095e-13 0.00000e+00
1.85700e+03 6.86487e-13 0.00000e+00
1.85800e+03 6.71615e-13 0.00000e+00
1.85900e+03 8.24162e-13 0.00000e+00
1.86000e+03 7.39413e-13 0.00000e+00
1.86100e+03 7.62752e-13 0.00000e+00
1.86200e+03 8.41059e-13 0.00000e+00
1.86300e+03 7.21286e-13 0.00000e+00
1.86400e+03 8.51510e-13 0.00000e+00
1.86500e+03 7.42706e-13 0.00000e+00
1.86600e+03 7.45527e-13 0.00000e+00
1.86700e+03 7.66240e-13 0.00000e+00
1.86800e+03 7.00889e-13 0.00000e+00
1.86900e+03 6.67043e-13 0.00000e+00
1.87000e+03 7.28606e-13 0.00000e+00
1.87100e+03 7.62905e-13 0.00000e+00
1.87200e+03 6.79469e-13 0.00000e+00
1.87300e+03 8.10812e-13 0.00000e+00
1.87400e+03 7.46384e-13 0.00000e+00
1.87500e+03 6.64961e-13 0.00000e+00
1.87600e+03 7.12479e-13 0.00000e+00
1.87700e+03 7.40604e-13 0.00000e+00
1.87800e+03 7.87556e-13 0.00000e+00
1.87900e+03 6.53461e-13 0.00000e+00
1.88000e+03 6.81793e-13 0.00000e+00
1.88100e+03 7.30609e-13 0.00000e+00
1.88200e+03 7.30259e-13 0.00000e+00
1.88300e+03 8.22068e-13 0.00000e+00
1.88400e+03 7.66460e-13 0.00000e+00
1.88500e+03 7.41441e-13 0.00000e+00
1.88600e+03 6.83580e-13 0.00000e+00
1.88700e+03 8.17838e-13 0.00000e+00
1.88800e+03 6.75258e-13 0.00000e+00
1.88900e+03 8.03709e-13 0.00000e+00
1.89000e+03 7.54365e-13 0.00000e+00
1.89100e+03 7.73748e-13 0.00000e+00
1.89200e+03 6.65213e-13 0.00000e+00
1.89300e+03 6.45816e-13 0.00000e+00
1.89400e+03 7.12987e-13 0.00000e+00
1.89500e+03 6.74382e-13 0.00000e+00
1.89600e+03 6.48857e-13 0.00000e+00
1.89700e+03 6.38743e-13 0.00000e+00
1.89800e+03 6.80076e-13 0.00000e+00
1.89900e+03 6.82875e-13 0.00000e+00
1.90000e+03 5.57619e-13 0.00000e+00
1.90100e+03 6.15558e-13 0.00000e+00
1.90200e+03 7.49050e-13 0.00000e+00
1.90300e+03 6.68828e-13 0.00000e+00
1.90400e+03 7.30867e-13 0.00000e+00
1.90500e+03 6.72369e-13 0.00000e+00
1.90600e+03 7.01475e-13 0.00000e+00
1.90700e+03 6.34724e-13 0.00000e+00
1.90800e+03 7.66750e-13 0.00000e+00
1.90900e+03 6.96789e-13 0.00000e+00
1.91000e+03 6.79342e-13 0.00000e+00
1.91100e+03 6.06540e-13 0.00000e+00
1.91200e+03 7.30145e-13 0.00000e+00
1.91300e+03 6.44895e-13 0.00000e+00
1.91400e+03 7.07657e-13 0.00000e+00
1.91500e+03 6.62071e-13 0.00000e+00
1.91600e+03 6.66202e-13 0.00000e+00
1.91700e+03 6.75660e-13 0.00000e+00
1.91800e+03 6.39527e-13 0.00000e+00
1.91900e+03 6.33485e-13 0.00000e+00
1.92000e+03 6.72406e-13 0.00000e+00
1.92100e+03 6.52836e-13 0.00000e+00
1.92200e+03 7.11190e-13 0.00000e+00
1.92300e+03 6.44779e-13 0.00000e+00
1.92400e+03 5.94655e-13 0.00000e+00
1.92500e+03 6.24529e-13 0.00000e+00
1.92600e+03 6.33106e-13 0.00000e+00
1.92700e+03 7.32795e-13 0.00000e+00
1.92800e+03 6.49659e-13 0.00000e+00
1.92900e+03 6.87827e-13 0.00000e+00
1.93000e+03 6.24224e-13 0.00000e+00
1.93100e+03 6.74646e-13 0.00000e+00
1.93200e+03 5.81551e-13 0.00000e+00
1.93300e+03 6.63367e-13 0.00000e+00
1.93400e+03 6.73251e-13 0.00000e+00
1.93500e+03 5.77484e-13 0.00000e+00
1.93600e+03 6.98532e-13 0.00000e+00
1.93700e+03 6.53604e-13 0.00000e+00
1.93800e+03 6.37543e-13 0.00000e+00
1.93900e+03 6.59214e-13 0.00000e+00
1.94000e+03 6.04373e-13 0.00000e+00
1.94100e+03 6.71002e-13 0.00000e+00
1.94200e+03 6.44448e-13 0.00000e+00
1.94300e+03 6.29701e-13 0.00000e+00
1.94400e+03 6.86177e-13 0.00000e+00
1.94500e+03 6.47017e-13 0.00000e+00
1.94600e+03 6.33467e-13 0.00000e+00
1.94700e+03 5.68755e-13 0.00000e+00
1.94800e+03 6.21230e-13 0.00000e+00
1.94900e+03 6.86974e-13 0.00000e+00
1.95000e+03 5.76229e-13 0.00000e+00
1.95100e+03 6.75668e-13 0.00000e+00
1.95200e+03 7.10270e-13 0.00000e+00
1.95300e+03 6.29813e-13 0.00000e+00
1.95400e+03 6.38730e-13 0.00000e+00
1.95500e+03 6.51262e-13 0.00000e+00
1.95600e+03 5.72089e-13 0.00000e+00
1.95700e+03 6.12917e-13 0.00000e+00
1.95800e+03 6.34358e-13 0.00000e+00
1.95900e+03 6.28139e-13 0.00000e+00
1.96000e+03 6.33106e-13 0.00000e+00
1.96100e+03 5.83347e-13 0.00000e+00
1.96200e+03 5.30534e-13 0.00000e+00
1.96300e+03 6.62975e-13 0.00000e+00
1.96400e+03 6.03498e-13 0.00000e+00
1.96500e+03 7.24326e-13 0.00000e+00
1.96600e+03 6.46962e-13 0.00000e+00
1.96700e+03 6.15038e-13 0.00000e+00
1.96800e+03 5.72661e-13 0.00000e+00
1.96900e+03 5.58225e-13 0.00000e+00
1.97000e+03 6.04834e-13 0.00000e+00
1.97100e+03 5.65921e-13 0.00000e+00
1.97200e+03 5.93209e-13 0.00000e+00
1.97300e+03 5.71100e-13 0.00000e+00
1.97400e+03 5.50864e-13 0.00000e+00
1.97500e+03 5.94642e-13 0.00000e+00
1.97600e+03 5.94718e-13 0.00000e+00
1.97700e+03 6.25957e-13 0.00000e+00
1.97800e+03 6.38500e-13 0.00000e+00
1.97900e+03 6.33536e-13 0.00000e+00
1.98000e+03 5.44729e-13 0.00000e+00
1.98100e+03 5.51831e-13 0.00000e+00
1.98200e+03 6.30625e-13 0.00000e+00
1.98300e+03 5.63704e-13 0.00000e+00
1.98400e+03 5.78851e-13 0.00000e+00
1.98500e+03 5.93685e-13 0.00000e+00
1.98600e+03 5.93859e-13 0.00000e+00
1.98700e+03 6.13769e-13 0.00000e+00
1.98800e+03 6.27962e-13 0.00000e+00
1.98900e+03 5.85209e-13 0.00000e+00
1.99000e+03 5.34023e-13 0.00000e+00
1.99100e+03 5.85388e-13 0.00000e+00
1.99200e+03 5.95869e-13 0.00000e+00
1.99300e+03 5.15645e-13 0.00000e+00
1.99400e+03 5.78633e-13 0.00000e+00
1.99500e+03 5.69601e-13 0.00000e+00
1.99600e+03 5.39416e-13 0.00000e+00
1.99700e+03 5.57894e-13 0.00000e+00
1.99800e+03 5.35759e-13 0.00000e+00
1.99900e+03 5.82938e-13 0.00000e+00
2.00000e+03 5.52001e-13 0.00000e+00
