0.00000e+00 0.00000e+00 0.00000e+00
1.00000e+00 0.00000e+00 0.00000e+00
2.00000e+00 0.00000e+00 0.00000e+00
3.00000e+00 0.00000e+00 0.00000e+00
4.00000e+00 0.00000e+00 0.00000e+00
5.00000e+00 0.00000e+00 0.00000e+00
6.00000e+00 0.00000e+00 0.00000e+00
7.00000e+00 0.00000e+00 0.00000e+00
8.00000e+00 0.00000e+00 0.00000e+00
9.00000e+00 0.00000e+00 0.00000e+00
1.00000e+01 0.00000e+00 0.00000e+00
1.10000e+01 0.00000e+00 0.00000e+00
1.20000e+01 0.00000e+00 0.00000e+00
1.30000e+01 0.00000e+00 0.00000e+00
1.40000e+01 0.00000e+00 0.00000e+00
1.50000e+01 0.00000e+00 0.00000e+00
1.60000e+01 0.00000e+00 0.00000e+00
1.70000e+01 0.00000e+00 0.00000e+00
1.80000e+01 0.00000e+00 0.00000e+00
1.90000e+01 0.00000e+00 0.00000e+00
2.00000e+01 0.00000e+00 0.00000e+00
2.10000e+01 0.00000e+00 0.00000e+00
2.20000e+01 0.00000e+00 0.00000e+00
2.30000e+01 0.00000e+00 0.00000e+00
2.40000e+01 0.00000e+00 0.00000e+00
2.50000e+01 0.00000e+00 0.00000e+00
2.60000e+01 0.00000e+00 0.00000e+00
2.70000e+01 0.00000e+00 0.00000e+00
2.80000e+01 0.00000e+00 0.00000e+00
2.90000e+01 0.00000e+00 0.00000e+00
3.00000e+01 0.00000e+00 0.00000e+00
3.10000e+01 0.00000e+00 0.00000e+00
3.20000e+01 0.00000e+00 0.00000e+00
3.30000e+01 0.00000e+00 0.00000e+00
3.40000e+01 0.00000e+00 0.00000e+00
3.50000e+01 0.00000e+00 0.00000e+00
3.60000e+01 0.00000e+00 0.00000e+00
3.70000e+01 0.00000e+00 0.00000e+00
3.80000e+01 0.00000e+00 0.00000e+00
3.90000e+01 0.00000e+00 0.00000e+00
4.00000e+01 0.00000e+00 0.00000e+00
4.10000e+01 0.00000e+00 0.00000e+00
4.20000e+01 0.00000e+00 0.00000e+00
4.30000e+01 0.00000e+00 0.00000e+00
4.40000e+01 0.00000e+00 0.00000e+00
4.50000e+01 0.00000e+00 0.00000e+00
4.60000e+01 0.00000e+00 0.00000e+00
4.70000e+01 0.00000e+00 0.00000e+00
4.80000e+01 0.00000e+00 0.00000e+00
4.90000e+01 0.00000e+00 0.00000e+00
5.00000e+01 0.00000e+00 0.00000e+00
5.10000e+01 0.00000e+00 0.00000e+00
5.20000e+01 0.00000e+00 0.00000e+00
5.30000e+01 0.00000e+00 0.00000e+00
5.40000e+01 0.00000e+00 0.00000e+00
5.50000e+01 0.00000e+00 0.00000e+00
5.60000e+01 0.00000e+00 0.00000e+00
5.70000e+01 0.00000e+00 0.00000e+00
5.80000e+01 0.00000e+00 0.00000e+00
5.90000e+01 0.00000e+00 0.00000e+00
6.00000e+01 0.00000e+00 0.00000e+00
6.10000e+01 0.00000e+00 0.00000e+00
6.20000e+01 0.00000e+00 0.00000e+00
6.30000e+01 0.00000e+00 0.00000e+00
6.40000e+01 0.00000e+00 0.00000e+00
6.50000e+01 0.00000e+00 0.00000e+00
6.60000e+01 0.00000e+00 0.00000e+00
6.70000e+01 0.00000e+00 0.00000e+00
6.80000e+01 0.00000e+00 0.00000e+00
6.90000e+01 0.00000e+00 0.00000e+00
7.00000e+01 0.00000e+00 0.00000e+00
7.10000e+01 0.00000e+00 0.00000e+00
7.20000e+01 0.00000e+00 0.00000e+00
7.30000e+01 0.00000e+00 0.00000e+00
7.40000e+01 0.00000e+00 0.00000e+00
7.50000e+01 0.00000e+00 0.00000e+00
7.60000e+01 0.00000e+00 0.00000e+00
7.70000e+01 0.00000e+00 0.00000e+00
7.80000e+01 0.00000e+00 0.00000e+00
7.90000e+01 0.00000e+00 0.00000e+00
8.00000e+01 0.00000e+00 0.00000e+00
8.10000e+01 0.00000e+00 0.00000e+00
8.20000e+01 0.00000e+00 0.00000e+00
8.30000e+01 0.00000e+00 0.00000e+00
8.40000e+01 0.00000e+00 0.00000e+00
8.50000e+01 0.00000e+00 0.00000e+00
8.60000e+01 0.00000e+00 0.00000e+00
8.70000e+01 0.00000e+00 0.00000e+00
8.80000e+01 0.00000e+00 0.00000e+00
8.90000e+01 0.00000e+00 0.00000e+00
9.00000e+01 0.00000e+00 0.00000e+00
9.10000e+01 0.00000e+00 0.00000e+00
9.20000e+01 0.00000e+00 0.00000e+00
9.30000e+01 0.00000e+00 0.00000e+00
9.40000e+01 0.00000e+00 0.00000e+00
9.50000e+01 0.00000e+00 0.00000e+00
9.60000e+01 0.00000e+00 0.00000e+00
9.70000e+01 0.00000e+00 0.00000e+00
9.80000e+01 0.00000e+00 0.00000e+00
9.90000e+01 0.00000e+00 0.00000e+00
1.00000e+02 1.95973e-10 0.00000e+00
1.01000e+02 2.32957e-10 0.00000e+00
1.02000e+02 2.23717e-10 0.00000e+00
1.03000e+02 5.39910e-10 0.00000e+00
1.04000e+02 2.74410e-10 0.00000e+00
1.05000e+02 9.22427e-11 0.00000e+00
1.06000e+02 1.81837e-10 0.00000e+00
1.07000e+02 1.55010e-10 0.00000e+00
1.08000e+02 2.79822e-10 0.00000e+00
1.09000e+02 3.29152e-10 0.00000e+00
1.10000e+02 1.62841e-10 0.00000e+00
1.11000e+02 1.19975e-10 0.00000e+00
1.12000e+02 1.35233e-10 0.00000e+00
1.13000e+02 5.66789e-11 0.00000e+00
1.14000e+02 3.37103e-10 0.00000e+00
1.15000e+02 3.53155e-10 0.00000e+00
1.16000e+02 1.74319e-11 0.00000e+00
1.17000e+02 1.11979e-10 0.00000e+00
1.18000e+02 1.39734e-10 0.00000e+00
1.19000e+02 3.25388e-10 0.00000e+00
1.20000e+02 3.83855e-10 0.00000e+00
1.21000e+02 1.66913e-10 0.00000e+00
1.22000e+02 2.22938e-10 0.00000e+00
1.23000e+02 1.98246e-10 0.00000e+00
1.24000e+02 2.35499e-10 0.00000e+00
1.25000e+02 1.79893e-10 0.00000e+00
1.26000e+02 3.10478e-10 0.00000e+00
1.27000e+02 1.27181e-10 0.00000e+00
1.28000e+02 2.28162e-10 0.00000e+00
1.29000e+02 2.83385e-10 0.00000e+00
1.30000e+02 1.00253e-10 0.00000e+00
1.31000e+02 1.92550e-10 0.00000e+00
1.32000e+02 1.09811e-10 0.00000e+00
1.33000e+02 2.17459e-10 0.00000e+00
1.34000e+02 3.42421e-10 0.00000e+00
1.35000e+02 -7.06569e-12 0.00000e+00
1.36000e+02 1.32314e-10 0.00000e+00
1.37000e+02 2.50796e-10 0.00000e+00
1.38000e+02 1.71182e-10 0.00000e+00
1.39000e+02 1.55811e-10 0.00000e+00
1.40000e+02 1.40159e-10 0.00000e+00
1.41000e+02 3.03181e-10 0.00000e+00
1.42000e+02 2.06781e-10 0.00000e+00
1.43000e+02 2.46326e-10 0.00000e+00
1.44000e+02 5.55969e-11 0.00000e+00
1.45000e+02 1.66190e-10 0.00000e+00
1.46000e+02 3.10511e-10 0.00000e+00
1.47000e+02 2.17145e-10 0.00000e+00
1.48000e+02 2.75632e-10 0.00000e+00
1.49000e+02 1.74195e-10 0.00000e+00
1.50000e+02 2.78334e-10 0.00000e+00
1.51000e+02 2.74785e-10 0.00000e+00
1.52000e+02 1.21675e-10 0.00000e+00
1.53000e+02 1.71195e-10 0.00000e+00
1.54000e+02 2.13019e-10 0.00000e+00
1.55000e+02 2.56767e-10 0.00000e+00
1.56000e+02 2.63864e-10 0.00000e+00
1.57000e+02 1.60960e-10 0.00000e+00
1.58000e+02 1.60366e-10 0.00000e+00
1.59000e+02 4.70939e-11 0.00000e+00
1.60000e+02 2.56939e-10 0.00000e+00
1.61000e+02 1.50215e-10 0.00000e+00
1.62000e+02 1.97781e-10 0.00000e+00
1.63000e+02 2.47331e-10 0.00000e+00
1.64000e+02 2.28600e-10 0.00000e+00
1.65000e+02 1.07106e-10 0.00000e+00
1.66000e+02 1.74440e-10 0.00000e+00
1.67000e+02 2.44870e-10 0.00000e+00
1.68000e+02 2.65020e-10 0.00000e+00
1.69000e+02 2.37024e-10 0.00000e+00
1.70000e+02 1.31577e-10 0.00000e+00
1.71000e+02 5.54644e-11 0.00000e+00
1.72000e+02 1.45695e-10 0.00000e+00
1.73000e+02 1.01075e-10 0.00000e+00
1.74000e+02 9.95443e-11 0.00000e+00
1.75000e+02 1.04339e-11 0.00000e+00
1.76000e+02 1.07073e-10 0.00000e+00
1.77000e+02 9.06094e-11 0.00000e+00
1.78000e+02 6.15060e-11 0.00000e+00
1.79000e+02 1.41737e-10 0.00000e+00
1.80000e+02 1.92379e-10 0.00000e+00
1.81000e+02 1.99884e-10 0.00000e+00
1.82000e+02 1.39346e-10 0.00000e+00
1.83000e+02 2.59146e-10 0.00000e+00
1.84000e+02 3.03029e-10 0.00000e+00
1.85000e+02 1.06184e-10 0.00000e+00
1.86000e+02 1.79330e-10 0.00000e+00
1.87000e+02 1.38264e-10 0.00000e+00
1.88000e+02 1.81633e-10 0.00000e+00
1.89000e+02 1.69339e-10 0.00000e+00
1.90000e+02 1.37508e-10 0.00000e+00
1.91000e+02 4.07095e-11 0.00000e+00
1.92000e+02 1.51436e-10 0.00000e+00
1.93000e+02 2.78343e-10 0.00000e+00
1.94000e+02 1.55057e-10 0.00000e+00
1.95000e+02 3.07777e-11 0.00000e+00
1.96000e+02 2.67669e-11 0.00000e+00
1.97000e+02 1.43023e-10 0.00000e+00
1.98000e+02 1.83065e-10 0.00000e+00
1.99000e+02 1.98298e-10 0.00000e+00
2.00000e+02 5.92863e-11 0.00000e+00
2.01000e+02 1.60923e-10 0.00000e+00
2.02000e+02 5.67416e-11 0.00000e+00
2.03000e+02 1.01069e-10 0.00000e+00
2.04000e+02 1.08788e-10 0.00000e+00
2.05000e+02 4.51173e-11 0.00000e+00
2.06000e+02 8.21254e-11 0.00000e+00
2.07000e+02 1.30646e-10 0.00000e+00
2.08000e+02 7.59037e-11 0.00000e+00
2.09000e+02 2.45560e-10 0.00000e+00
2.10000e+02 2.01538e-10 0.00000e+00
2.11000e+02 1.14779e-10 0.00000e+00
2.12000e+02 6.05766e-11 0.00000e+00
2.13000e+02 8.16235e-11 0.00000e+00
2.14000e+02 1.25917e-10 0.00000e+00
2.15000e+02 2.47302e-10 0.00000e+00
2.16000e+02 1.61589e-10 0.00000e+00
2.17000e+02 8.02620e-11 0.00000e+00
2.18000e+02 6.52029e-11 0.00000e+00
2.19000e+02 8.66210e-11 0.00000e+00
2.20000e+02 1.08528e-10 0.00000e+00
2.21000e+02 1.24649e-10 0.00000e+00
2.22000e+02 1.03908e-11 0.00000e+00
2.23000e+02 8.52787e-11 0.00000e+00
2.24000e+02 2.08085e-10 0.00000e+00
2.25000e+02 -3.70477e-11 0.00000e+00
2.26000e+02 1.30314e-10 0.00000e+00
2.27000e+02 1.78039e-10 0.00000e+00
2.28000e+02 5.69027e-11 0.00000e+00
2.29000e+02 6.24997e-11 0.00000e+00
2.30000e+02 1.81546e-10 0.00000e+00
2.31000e+02 8.93925e-11 0.00000e+00
2.32000e+02 5.26124e-11 0.00000e+00
2.33000e+02 1.57116e-10 0.00000e+00
2.34000e+02 8.54019e-11 0.00000e+00
2.35000e+02 1.45041e-10 0.00000e+00
2.36000e+02 7.96881e-11 0.00000e+00
2.37000e+02 1.16078e-10 0.00000e+00
2.38000e+02 1.22396e-10 0.00000e+00
2.39000e+02 7.07594e-11 0.00000e+00
2.40000e+02 1.12309e-10 0.00000e+00
2.41000e+02 9.37423e-11 0.00000e+00
2.42000e+02 1.62741e-10 0.00000e+00
2.43000e+02 7.04622e-11 0.00000e+00
2.44000e+02 8.39456e-11 0.00000e+00
2.45000e+02 1.92201e-10 0.00000e+00
2.46000e+02 1.21624e-10 0.00000e+00
2.47000e+02 8.87700e-12 0.00000e+00
2.48000e+02 1.93165e-10 0.00000e+00
2.49000e+02 1.80244e-10 0.00000e+00
2.50000e+02 1.34185e-10 0.00000e+00
2.51000e+02 1.94731e-10 0.00000e+00
2.52000e+02 9.01028e-11 0.00000e+00
2.53000e+02 1.01264e-10 0.00000e+00
2.54000e+02 1.02679e-11 0.00000e+00
2.55000e+02 6.83875e-11 0.00000e+00
2.56000e+02 1.21835e-10 0.00000e+00
2.57000e+02 1.04361e-10 0.00000e+00
2.58000e+02 1.11488e-10 0.00000e+00
2.59000e+02 8.00799e-11 0.00000e+00
2.60000e+02 9.10765e-11 0.00000e+00
2.61000e+02 9.28719e-11 0.00000e+00
2.62000e+02 1.47673e-10 0.00000e+00
2.63000e+02 9.69808e-11 0.00000e+00
2.64000e+02 8.95053e-11 0.00000e+00
2.65000e+02 1.06380e-10 0.00000e+00
2.66000e+02 1.19361e-10 0.00000e+00
2.67000e+02 1.64103e-10 0.00000e+00
2.68000e+02 4.18526e-11 0.00000e+00
2.69000e+02 5.93929e-11 0.00000e+00
2.70000e+02 6.72735e-11 0.00000e+00
2.71000e+02 1.19104e-10 0.00000e+00
2.72000e+02 1.18451e-10 0.00000e+00
2.73000e+02 9.68438e-11 0.00000e+00
2.74000e+02 5.23088e-11 0.00000e+00
2.75000e+02 1.19826e-10 0.00000e+00
2.76000e+02 5.19727e-11 0.00000e+00
2.77000e+02 9.58074e-11 0.00000e+00
2.78000e+02 7.27469e-11 0.00000e+00
2.79000e+02 9.82959e-11 0.00000e+00
2.80000e+02 8.75756e-11 0.00000e+00
2.81000e+02 4.06224e-11 0.00000e+00
2.82000e+02 6.21033e-11 0.00000e+00
2.83000e+02 6.62300e-11 0.00000e+00
2.84000e+02 9.36171e-11 0.00000e+00
2.85000e+02 1.16900e-10 0.00000e+00
2.86000e+02 1.50050e-10 0.00000e+00
2.87000e+02 1.60665e-10 0.00000e+00
2.88000e+02 7.95266e-11 0.00000e+00
2.89000e+02 9.52451e-11 0.00000e+00
2.90000e+02 1.63914e-10 0.00000e+00
2.91000e+02 1.03651e-10 0.00000e+00
2.92000e+02 1.40347e-10 0.00000e+00
2.93000e+02 6.57962e-11 0.00000e+00
2.94000e+02 1.29879e-10 0.00000e+00
2.95000e+02 7.72254e-11 0.00000e+00
2.96000e+02 6.08900e-11 0.00000e+00
2.97000e+02 7.96357e-11 0.00000e+00
2.98000e+02 1.12987e-10 0.00000e+00
2.99000e+02 1.39959e-10 0.00000e+00
3.00000e+02 6.27674e-11 0.00000e+00
3.01000e+02 8.56386e-11 0.00000e+00
3.02000e+02 9.88660e-11 0.00000e+00
3.03000e+02 1.98148e-11 0.00000e+00
3.04000e+02 1.26837e-10 0.00000e+00
3.05000e+02 7.26435e-11 0.00000e+00
3.06000e+02 7.19412e-11 0.00000e+00
3.07000e+02 5.86847e-11 0.00000e+00
3.08000e+02 1.47016e-10 0.00000e+00
3.09000e+02 1.76642e-10 0.00000e+00
3.10000e+02 4.81469e-11 0.00000e+00
3.11000e+02 4.65373e-11 0.00000e+00
3.12000e+02 6.85947e-11 0.00000e+00
3.13000e+02 1.12161e-10 0.00000e+00
3.14000e+02 9.20403e-11 0.00000e+00
3.15000e+02 9.41725e-11 0.00000e+00
3.16000e+02 1.16174e-10 0.00000e+00
3.17000e+02 9.53640e-11 0.00000e+00
3.18000e+02 1.59082e-10 0.00000e+00
3.19000e+02 1.11210e-10 0.00000e+00
3.20000e+02 4.29486e-11 0.00000e+00
3.21000e+02 7.16931e-11 0.00000e+00
3.22000e+02 7.95137e-11 0.00000e+00
3.23000e+02 1.21431e-10 0.00000e+00
3.24000e+02 7.66880e-11 0.00000e+00
3.25000e+02 1.04224e-10 0.00000e+00
3.26000e+02 1.07756e-10 0.00000e+00
3.27000e+02 3.32523e-11 0.00000e+00
3.28000e+02 6.18902e-11 0.00000e+00
3.29000e+02 9.53135e-11 0.00000e+00
3.30000e+02 1.34769e-10 0.00000e+00
3.31000e+02 1.01225e-10 0.00000e+00
3.32000e+02 1.16754e-10 0.00000e+00
3.33000e+02 3.13920e-11 0.00000e+00
3.34000e+02 5.38004e-11 0.00000e+00
3.35000e+02 1.10696e-10 0.00000e+00
3.36000e+02 1.06266e-10 0.00000e+00
3.37000e+02 7.03816e-11 0.00000e+00
3.38000e+02 6.57543e-11 0.00000e+00
3.39000e+02 6.75406e-11 0.00000e+00
3.40000e+02 4.64905e-11 0.00000e+00
3.41000e+02 9.83459e-11 0.00000e+00
3.42000e+02 4.24029e-11 0.00000e+00
3.43000e+02 5.23299e-11 0.00000e+00
3.44000e+02 9.26218e-11 0.00000e+00
3.45000e+02 1.13106e-10 0.00000e+00
3.46000e+02 9.07689e-11 0.00000e+00
3.47000e+02 3.03618e-11 0.00000e+00
3.48000e+02 5.27609e-11 0.00000e+00
3.49000e+02 8.31615e-11 0.00000e+00
3.50000e+02 8.74177e-11 0.00000e+00
3.51000e+02 4.90097e-11 0.00000e+00
3.52000e+02 5.43974e-11 0.00000e+00
3.53000e+02 6.87334e-11 0.00000e+00
3.54000e+02 9.44550e-11 0.00000e+00
3.55000e+02 1.08788e-10 0.00000e+00
3.56000e+02 2.47415e-11 0.00000e+00
3.57000e+02 9.69198e-11 0.00000e+00
3.58000e+02 1.00944e-10 0.00000e+00
3.59000e+02 8.78520e-11 0.00000e+00
3.60000e+02 7.00996e-11 0.00000e+00
3.61000e+02 7.40765e-11 0.00000e+00
3.62000e+02 7.95315e-11 0.00000e+00
3.63000e+02 8.95732e-11 0.00000e+00
3.64000e+02 4.62034e-11 0.00000e+00
3.65000e+02 5.23265e-11 0.00000e+00
3.66000e+02 5.47825e-11 0.00000e+00
3.67000e+02 8.95757e-11 0.00000e+00
3.68000e+02 7.10707e-11 0.00000e+00
3.69000e+02 5.53096e-11 0.00000e+00
3.70000e+02 1.08619e-10 0.00000e+00
3.71000e+02 3.10780e-11 0.00000e+00
3.72000e+02 1.36917e-10 0.00000e+00
3.73000e+02 8.94126e-11 0.00000e+00
3.74000e+02 8.13196e-11 0.00000e+00
3.75000e+02 6.54834e-11 0.00000e+00
3.76000e+02 4.67736e-11 0.00000e+00
3.77000e+02 1.13030e-10 0.00000e+00
3.78000e+02 6.03813e-11 0.00000e+00
3.79000e+02 6.54799e-11 0.00000e+00
3.80000e+02 5.70112e-11 0.00000e+00
3.81000e+02 9.16275e-11 0.00000e+00
3.82000e+02 1.13999e-10 0.00000e+00
3.83000e+02 1.41713e-10 0.00000e+00
3.84000e+02 4.93339e-11 0.00000e+00
3.85000e+02 6.41912e-11 0.00000e+00
3.86000e+02 5.93359e-11 0.00000e+00
3.87000e+02 8.74208e-11 0.00000e+00
3.88000e+02 8.30920e-11 0.00000e+00
3.89000e+02 6.71566e-11 0.00000e+00
3.90000e+02 9.41669e-11 0.00000e+00
3.91000e+02 9.77407e-11 0.00000e+00
3.92000e+02 5.29501e-11 0.00000e+00
3.93000e+02 3.04981e-11 0.00000e+00
3.94000e+02 1.11942e-10 0.00000e+00
3.95000e+02 6.91748e-11 0.00000e+00
3.96000e+02 5.51733e-11 0.00000e+00
3.97000e+02 8.25381e-11 0.00000e+00
3.98000e+02 1.08372e-10 0.00000e+00
3.99000e+02 4.99441e-11 0.00000e+00
4.00000e+02 8.05531e-11 0.00000e+00
4.01000e+02 2.91515e-11 0.00000e+00
4.02000e+02 1.14371e-10 0.00000e+00
4.03000e+02 6.93252e-11 0.00000e+00
4.04000e+02 1.16113e-10 0.00000e+00
4.05000e+02 3.88581e-11 0.00000e+00
4.06000e+02 6.97034e-11 0.00000e+00
4.07000e+02 7.10442e-11 0.00000e+00
4.08000e+02 5.85304e-11 0.00000e+00
4.09000e+02 6.88521e-11 0.00000e+00
4.10000e+02 7.75045e-11 0.00000e+00
4.11000e+02 8.42022e-11 0.00000e+00
4.12000e+02 6.12485e-11 0.00000e+00
4.13000e+02 1.48423e-11 0.00000e+00
4.14000e+02 7.69670e-11 0.00000e+00
4.15000e+02 6.46269e-11 0.00000e+00
4.16000e+02 5.31401e-11 0.00000e+00
4.17000e+02 8.75249e-11 0.00000e+00
4.18000e+02 4.77464e-11 0.00000e+00
4.19000e+02 6.95011e-11 0.00000e+00
4.20000e+02 6.78824e-11 0.00000e+00
4.21000e+02 4.30387e-11 0.00000e+00
4.22000e+02 5.79357e-12 0.00000e+00
4.23000e+02 3.69042e-11 0.00000e+00
4.24000e+02 6.54368e-11 0.00000e+00
4.25000e+02 6.63089e-11 0.00000e+00
4.26000e+02 8.15128e-11 0.00000e+00
4.27000e+02 1.06494e-10 0.00000e+00
4.28000e+02 7.18056e-11 0.00000e+00
4.29000e+02 5.55047e-11 0.00000e+00
4.30000e+02 9.47907e-11 0.00000e+00
4.31000e+02 5.88936e-11 0.00000e+00
4.32000e+02 7.01325e-11 0.00000e+00
4.33000e+02 6.01802e-11 0.00000e+00
4.34000e+02 9.77033e-11 0.00000e+00
4.35000e+02 5.42906e-11 0.00000e+00
4.36000e+02 -7.40898e-12 0.00000e+00
4.37000e+02 6.11472e-11 0.00000e+00
4.38000e+02 5.60369e-11 0.00000e+00
4.39000e+02 9.61424e-11 0.00000e+00
4.40000e+02 7.72864e-11 0.00000e+00
4.41000e+02 4.98671e-11 0.00000e+00
4.42000e+02 5.91047e-11 0.00000e+00
4.43000e+02 7.47682e-11 0.00000e+00
4.44000e+02 9.65818e-11 0.00000e+00
4.45000e+02 6.97930e-11 0.00000e+00
4.46000e+02 6.42507e-11 0.00000e+00
4.47000e+02 5.76315e-11 0.00000e+00
4.48000e+02 5.25858e-11 0.00000e+00
4.49000e+02 6.40833e-11 0.00000e+00
4.50000e+02 4.15921e-11 0.00000e+00
4.51000e+02 7.57234e-11 0.00000e+00
4.52000e+02 7.16996e-11 0.00000e+00
4.53000e+02 4.85504e-11 0.00000e+00
4.54000e+02 4.66919e-11 0.00000e+00
4.55000e+02 3.40457e-11 0.00000e+00
4.56000e+02 6.04036e-11 0.00000e+00
4.57000e+02 5.57185e-11 0.00000e+00
4.58000e+02 7.34699e-11 0.00000e+00
4.59000e+02 7.99726e-11 0.00000e+00
4.60000e+02 6.23688e-11 0.00000e+00
4.61000e+02 2.73698e-11 0.00000e+00
4.62000e+02 5.85960e-11 0.00000e+00
4.63000e+02 6.44273e-11 0.00000e+00
4.64000e+02 8.17620e-11 0.00000e+00
4.65000e+02 5.85840e-11 0.00000e+00
4.66000e+02 5.27306e-11 0.00000e+00
4.67000e+02 5.78707e-11 0.00000e+00
4.68000e+02 6.90709e-11 0.00000e+00
4.69000e+02 5.52469e-11 0.00000e+00
4.70000e+02 1.97027e-11 0.00000e+00
4.71000e+02 3.43395e-11 0.00000e+00
4.72000e+02 8.62037e-11 0.00000e+00
4.73000e+02 8.73932e-11 0.00000e+00
4.74000e+02 8.01427e-11 0.00000e+00
4.75000e+02 1.02324e-10 0.00000e+00
4.76000e+02 6.23068e-11 0.00000e+00
4.77000e+02 5.07708e-11 0.00000e+00
4.78000e+02 3.99513e-11 0.00000e+00
4.79000e+02 6.01364e-11 0.00000e+00
4.80000e+02 6.16804e-11 0.00000e+00
4.81000e+02 5.02488e-11 0.00000e+00
4.82000e+02 3.01923e-11 0.00000e+00
4.83000e+02 4.54325e-11 0.00000e+00
4.84000e+02 8.00461e-11 0.00000e+00
4.85000e+02 4.20426e-11 0.00000e+00
4.86000e+02 9.31612e-11 0.00000e+00
4.87000e+02 4.96222e-11 0.00000e+00
4.88000e+02 5.13996e-11 0.00000e+00
4.89000e+02 6.24096e-11 0.00000e+00
4.90000e+02 6.82788e-11 0.00000e+00
4.91000e+02 6.84421e-11 0.00000e+00
4.92000e+02 3.13879e-11 0.00000e+00
4.93000e+02 5.56841e-11 0.00000e+00
4.94000e+02 7.54160e-11 0.00000e+00
4.95000e+02 7.20125e-11 0.00000e+00
4.96000e+02 3.90420e-11 0.00000e+00
4.97000e+02 4.16195e-11 0.00000e+00
4.98000e+02 6.57805e-11 0.00000e+00
4.99000e+02 5.35860e-11 0.00000e+00
5.00000e+02 4.38833e-11 0.00000e+00
5.01000e+02 2.45323e-11 0.00000e+00
5.02000e+02 8.55712e-11 0.00000e+00
5.03000e+02 2.41163e-11 0.00000e+00
5.04000e+02 8.50179e-11 0.00000e+00
5.05000e+02 2.72376e-11 0.00000e+00
5.06000e+02 3.90790e-11 0.00000e+00
5.07000e+02 4.91325e-11 0.00000e+00
5.08000e+02 5.46214e-11 0.00000e+00
5.09000e+02 3.16209e-11 0.00000e+00
5.10000e+02 4.65591e-11 0.00000e+00
5.11000e+02 5.06861e-11 0.00000e+00
5.12000e+02 8.47206e-11 0.00000e+00
5.13000e+02 3.01540e-11 0.00000e+00
5.14000e+02 6.21822e-11 0.00000e+00
5.15000e+02 4.14029e-11 0.00000e+00
5.16000e+02 5.16534e-11 0.00000e+00
5.17000e+02 3.96259e-11 0.00000e+00
5.18000e+02 6.04205e-11 0.00000e+00
5.19000e+02 6.30357e-11 0.00000e+00
5.20000e+02 6.21093e-11 0.00000e+00
5.21000e+02 5.26785e-11 0.00000e+00
5.22000e+02 7.81443e-11 0.00000e+00
5.23000e+02 9.19044e-11 0.00000e+00
5.24000e+02 7.58562e-11 0.00000e+00
5.25000e+02 5.35939e-11 0.00000e+00
5.26000e+02 3.71179e-11 0.00000e+00
5.27000e+02 4.20933e-11 0.00000e+00
5.28000e+02 7.60173e-11 0.00000e+00
5.29000e+02 8.00673e-11 0.00000e+00
5.30000e+02 4.82302e-11 0.00000e+00
5.31000e+02 4.40507e-11 0.00000e+00
5.32000e+02 4.44932e-11 0.00000e+00
5.33000e+02 4.67412e-11 0.00000e+00
5.34000e+02 4.10092e-11 0.00000e+00
5.35000e+02 6.04475e-11 0.00000e+00
5.36000e+02 6.56223e-11 0.00000e+00
5.37000e+02 4.05424e-11 0.00000e+00
5.38000e+02 8.57467e-11 0.00000e+00
5.39000e+02 7.78824e-11 0.00000e+00
5.40000e+02 5.03731e-11 0.00000e+00
5.41000e+02 6.66393e-11 0.00000e+00
5.42000e+02 3.38470e-11 0.00000e+00
5.43000e+02 4.26340e-11 0.00000e+00
5.44000e+02 5.52346e-11 0.00000e+00
5.45000e+02 8.40165e-11 0.00000e+00
5.46000e+02 4.78321e-11 0.00000e+00
5.47000e+02 4.29247e-11 0.00000e+00
5.48000e+02 4.56114e-11 0.00000e+00
5.49000e+02 3.29202e-11 0.00000e+00
5.50000e+02 5.15986e-11 0.00000e+00
5.51000e+02 3.82163e-11 0.00000e+00
5.52000e+02 5.66645e-11 0.00000e+00
5.53000e+02 4.35042e-11 0.00000e+00
5.54000e+02 4.60009e-11 0.00000e+00
5.55000e+02 1.97082e-11 0.00000e+00
5.56000e+02 6.86956e-11 0.00000e+00
5.57000e+02 6.14455e-11 0.00000e+00
5.58000e+02 6.51778e-11 0.00000e+00
5.59000e+02 6.84234e-11 0.00000e+00
5.60000e+02 5.28684e-11 0.00000e+00
5.61000e+02 6.71470e-11 0.00000e+00
5.62000e+02 4.45696e-11 0.00000e+00
5.63000e+02 6.95024e-11 0.00000e+00
5.64000e+02 4.52318e-11 0.00000e+00
5.65000e+02 3.77270e-11 0.00000e+00
5.66000e+02 2.19717e-11 0.00000e+00
5.67000e+02 5.15899e-11 0.00000e+00
5.68000e+02 5.59437e-11 0.00000e+00
5.69000e+02 3.35020e-11 0.00000e+00
5.70000e+02 4.31588e-11 0.00000e+00
5.71000e+02 6.46889e-11 0.00000e+00
5.72000e+02 7.29758e-11 0.00000e+00
5.73000e+02 5.45331e-11 0.00000e+00
5.74000e+02 4.26382e-11 0.00000e+00
5.75000e+02 3.56095e-11 0.00000e+00
5.76000e+02 2.47074e-11 0.00000e+00
5.77000e+02 6.16435e-11 0.00000e+00
5.78000e+02 5.66936e-11 0.00000e+00
5.79000e+02 4.61478e-11 0.00000e+00
5.80000e+02 1.90200e-12 0.00000e+00
5.81000e+02 4.48940e-11 0.00000e+00
5.82000e+02 3.11625e-11 0.00000e+00
5.83000e+02 5.92013e-11 0.00000e+00
5.84000e+02 3.91039e-11 0.00000e+00
5.85000e+02 6.03673e-11 0.00000e+00
5.86000e+02 6.16412e-11 0.00000e+00
5.87000e+02 4.55663e-11 0.00000e+00
5.88000e+02 6.15817e-11 0.00000e+00
5.89000e+02 6.41579e-11 0.00000e+00
5.90000e+02 7.81761e-11 0.00000e+00
5.91000e+02 5.38931e-11 0.00000e+00
5.92000e+02 6.19897e-11 0.00000e+00
5.93000e+02 5.65983e-11 0.00000e+00
5.94000e+02 4.14524e-11 0.00000e+00
5.95000e+02 6.59909e-11 0.00000e+00
5.96000e+02 4.69536e-11 0.00000e+00
5.97000e+02 2.64754e-11 0.00000e+00
5.98000e+02 4.78210e-11 0.00000e+00
5.99000e+02 2.35533e-11 0.00000e+00
6.00000e+02 5.25420e-11 0.00000e+00
6.01000e+02 4.93321e-11 0.00000e+00
6.02000e+02 3.98359e-11 0.00000e+00
6.03000e+02 4.84307e-11 0.00000e+00
6.04000e+02 5.14963e-11 0.00000e+00
6.05000e+02 5.88862e-11 0.00000e+00
6.06000e+02 4.83196e-11 0.00000e+00
6.07000e+02 4.01908e-11 0.00000e+00
6.08000e+02 3.85780e-11 0.00000e+00
6.09000e+02 4.83232e-11 0.00000e+00
6.10000e+02 5.10284e-11 0.00000e+00
6.11000e+02 5.24889e-11 0.00000e+00
6.12000e+02 5.21325e-11 0.00000e+00
6.13000e+02 2.73704e-11 0.00000e+00
6.14000e+02 5.05661e-11 0.00000e+00
6.15000e+02 3.41820e-11 0.00000e+00
6.16000e+02 2.81462e-11 0.00000e+00
6.17000e+02 6.19788e-11 0.00000e+00
6.18000e+02 5.88432e-11 0.00000e+00
6.19000e+02 5.47006e-11 0.00000e+00
6.20000e+02 4.33218e-11 0.00000e+00
6.21000e+02 6.61936e-11 0.00000e+00
6.22000e+02 5.45564e-11 0.00000e+00
6.23000e+02 4.47430e-11 0.00000e+00
6.24000e+02 4.15159e-11 0.00000e+00
6.25000e+02 6.58248e-11 0.00000e+00
6.26000e+02 3.41846e-11 0.00000e+00
6.27000e+02 5.97901e-11 0.00000e+00
6.28000e+02 4.51590e-11 0.00000e+00
6.29000e+02 3.37712e-11 0.00000e+00
6.30000e+02 1.04996e-11 0.00000e+00
6.31000e+02 2.64764e-11 0.00000e+00
6.32000e+02 4.70570e-11 0.00000e+00
6.33000e+02 1.58587e-11 0.00000e+00
6.34000e+02 3.61111e-11 0.00000e+00
6.35000e+02 5.13157e-11 0.00000e+00
6.36000e+02 2.29070e-11 0.00000e+00
6.37000e+02 4.64599e-11 0.00000e+00
6.38000e+02 5.50914e-11 0.00000e+00
6.39000e+02 2.77130e-11 0.00000e+00
6.40000e+02 2.72848e-12 0.00000e+00
6.41000e+02 5.60181e-11 0.00000e+00
6.42000e+02 1.07449e-11 0.00000e+00
6.43000e+02 2.78325e-11 0.00000e+00
6.44000e+02 5.93673e-11 0.00000e+00
6.45000e+02 3.07085e-11 0.00000e+00
6.46000e+02 5.22998e-11 0.00000e+00
6.47000e+02 2.26324e-11 0.00000e+00
6.48000e+02 4.57582e-11 0.00000e+00
6.49000e+02 5.74303e-11 0.00000e+00
6.50000e+02 4.15304e-11 0.00000e+00
6.51000e+02 4.67292e-11 0.00000e+00
6.52000e+02 4.36789e-11 0.00000e+00
6.53000e+02 3.40758e-11 0.00000e+00
6.54000e+02 2.96942e-11 0.00000e+00
6.55000e+02 4.67516e-11 0.00000e+00
6.56000e+02 5.55799e-11 0.00000e+00
6.57000e+02 5.76593e-11 0.00000e+00
6.58000e+02 4.13883e-11 0.00000e+00
6.59000e+02 4.48969e-11 0.00000e+00
6.60000e+02 3.09224e-11 0.00000e+00
6.61000e+02 3.23160e-11 0.00000e+00
6.62000e+02 4.52067e-11 0.00000e+00
6.63000e+02 5.60338e-11 0.00000e+00
6.64000e+02 4.51881e-11 0.00000e+00
6.65000e+02 4.63520e-11 0.00000e+00
6.66000e+02 7.48642e-11 0.00000e+00
6.67000e+02 6.22457e-11 0.00000e+00
6.68000e+02 3.84892e-11 0.00000e+00
6.69000e+02 5.01957e-11 0.00000e+00
6.70000e+02 1.97239e-11 0.00000e+00
6.71000e+02 5.18901e-11 0.00000e+00
6.72000e+02 2.91946e-11 0.00000e+00
6.73000e+02 2.66133e-11 0.00000e+00
6.74000e+02 5.14262e-11 0.00000e+00
6.75000e+02 4.51935e-11 0.00000e+00
6.76000e+02 4.06837e-11 0.00000e+00
6.77000e+02 4.77703e-11 0.00000e+00
6.78000e+02 4.60430e-11 0.00000e+00
6.79000e+02 2.63364e-11 0.00000e+00
6.80000e+02 6.53609e-11 0.00000e+00
6.81000e+02 4.84177e-11 0.00000e+00
6.82000e+02 4.95017e-11 0.00000e+00
6.83000e+02 5.80724e-11 0.00000e+00
6.84000e+02 4.91758e-11 0.00000e+00
6.85000e+02 6.52515e-11 0.00000e+00
6.86000e+02 1.71710e-11 0.00000e+00
6.87000e+02 4.78333e-11 0.00000e+00
6.88000e+02 3.97887e-11 0.00000e+00
6.89000e+02 5.07859e-11 0.00000e+00
6.90000e+02 2.81989e-11 0.00000e+00
6.91000e+02 4.18182e-11 0.00000e+00
6.92000e+02 6.74688e-11 0.00000e+00
6.93000e+02 3.80795e-11 0.00000e+00
6.94000e+02 3.40904e-11 0.00000e+00
6.95000e+02 3.68503e-11 0.00000e+00
6.96000e+02 5.14486e-11 0.00000e+00
6.97000e+02 2.80769e-11 0.00000e+00
6.98000e+02 3.40635e-11 0.00000e+00
6.99000e+02 2.01633e-11 0.00000e+00
7.00000e+02 4.00387e-11 0.00000e+00
7.01000e+02 3.45757e-11 0.00000e+00
7.02000e+02 5.20139e-11 0.00000e+00
7.03000e+02 3.78127e-11 0.00000e+00
7.04000e+02 2.78479e-11 0.00000e+00
7.05000e+02 4.89054e-11 0.00000e+00
7.06000e+02 4.06371e-11 0.00000e+00
7.07000e+02 4.11780e-11 0.00000e+00
7.08000e+02 3.77505e-11 0.00000e+00
7.09000e+02 2.93771e-11 0.00000e+00
7.10000e+02 2.61287e-11 0.00000e+00
7.11000e+02 5.11346e-11 0.00000e+00
7.12000e+02 2.18539e-11 0.00000e+00
7.13000e+02 2.15115e-11 0.00000e+00
7.14000e+02 3.35433e-11 0.00000e+00
7.15000e+02 3.75304e-11 0.00000e+00
7.16000e+02 3.71335e-11 0.00000e+00
7.17000e+02 3.79109e-11 0.00000e+00
7.18000e+02 3.50263e-11 0.00000e+00
7.19000e+02 3.12964e-11 0.00000e+00
7.20000e+02 2.71848e-11 0.00000e+00
7.21000e+02 4.39434e-11 0.00000e+00
7.22000e+02 4.73078e-11 0.00000e+00
7.23000e+02 3.30516e-11 0.00000e+00
7.24000e+02 3.35233e-11 0.00000e+00
7.25000e+02 5.90692e-11 0.00000e+00
7.26000e+02 3.69212e-11 0.00000e+00
7.27000e+02 2.55689e-11 0.00000e+00
7.28000e+02 1.96926e-11 0.00000e+00
7.29000e+02 4.15706e-11 0.00000e+00
7.30000e+02 3.69047e-11 0.00000e+00
7.31000e+02 3.82052e-11 0.00000e+00
7.32000e+02 2.06005e-11 0.00000e+00
7.33000e+02 3.50515e-11 0.00000e+00
7.34000e+02 3.83318e-11 0.00000e+00
7.35000e+02 5.52147e-11 0.00000e+00
7.36000e+02 6.49365e-11 0.00000e+00
7.37000e+02 4.20204e-11 0.00000e+00
7.38000e+02 5.20037e-11 0.00000e+00
7.39000e+02 2.64202e-11 0.00000e+00
7.40000e+02 3.31611e-11 0.00000e+00
7.41000e+02 3.13846e-11 0.00000e+00
7.42000e+02 4.00613e-11 0.00000e+00
7.43000e+02 5.12736e-11 0.00000e+00
7.44000e+02 1.59983e-11 0.00000e+00
7.45000e+02 2.12620e-11 0.00000e+00
7.46000e+02 5.06005e-11 0.00000e+00
7.47000e+02 2.72375e-11 0.00000e+00
7.48000e+02 4.04160e-11 0.00000e+00
7.49000e+02 2.58706e-11 0.00000e+00
7.50000e+02 3.95961e-11 0.00000e+00
7.51000e+02 3.60599e-11 0.00000e+00
7.52000e+02 2.88424e-11 0.00000e+00
7.53000e+02 4.35622e-11 0.00000e+00
7.54000e+02 6.26524e-11 0.00000e+00
7.55000e+02 3.56977e-11 0.00000e+00
7.56000e+02 2.64193e-11 0.00000e+00
7.57000e+02 3.61144e-11 0.00000e+00
7.58000e+02 3.74066e-11 0.00000e+00
7.59000e+02 4.10907e-11 0.00000e+00
7.60000e+02 2.63981e-11 0.00000e+00
7.61000e+02 3.72170e-11 0.00000e+00
7.62000e+02 3.66204e-11 0.00000e+00
7.63000e+02 4.00892e-11 0.00000e+00
7.64000e+02 4.60870e-11 0.00000e+00
7.65000e+02 3.09679e-11 0.00000e+00
7.66000e+02 3.41315e-11 0.00000e+00
7.67000e+02 4.36295e-11 0.00000e+00
7.68000e+02 3.25405e-11 0.00000e+00
7.69000e+02 1.07209e-11 0.00000e+00
7.70000e+02 2.92997e-11 0.00000e+00
7.71000e+02 4.50075e-11 0.00000e+00
7.72000e+02 3.26615e-11 0.00000e+00
7.73000e+02 3.72842e-11 0.00000e+00
7.74000e+02 3.63813e-11 0.00000e+00
7.75000e+02 3.72713e-11 0.00000e+00
7.76000e+02 3.50010e-11 0.00000e+00
7.77000e+02 2.65376e-11 0.00000e+00
7.78000e+02 3.69498e-11 0.00000e+00
7.79000e+02 2.75668e-11 0.00000e+00
7.80000e+02 3.77170e-11 0.00000e+00
7.81000e+02 1.99383e-11 0.00000e+00
7.82000e+02 4.03930e-11 0.00000e+00
7.83000e+02 4.40753e-11 0.00000e+00
7.84000e+02 3.12915e-11 0.00000e+00
7.85000e+02 5.00702e-11 0.00000e+00
7.86000e+02 4.09741e-11 0.00000e+00
7.87000e+02 3.56616e-11 0.00000e+00
7.88000e+02 4.81443e-11 0.00000e+00
7.89000e+02 3.49867e-11 0.00000e+00
7.90000e+02 3.35568e-11 0.00000e+00
7.91000e+02 4.53103e-11 0.00000e+00
7.92000e+02 3.44570e-11 0.00000e+00
7.93000e+02 3.75693e-11 0.00000e+00
7.94000e+02 3.25851e-11 0.00000e+00
7.95000e+02 2.39960e-11 0.00000e+00
7.96000e+02 2.91548e-11 0.00000e+00
7.97000e+02 2.83688e-11 0.00000e+00
7.98000e+02 4.33494e-11 0.00000e+00
7.99000e+02 2.54434e-11 0.00000e+00
8.00000e+02 2.25105e-11 0.00000e+00
8.01000e+02 3.50468e-11 0.00000e+00
8.02000e+02 3.08123e-11 0.00000e+00
8.03000e+02 3.38006e-11 0.00000e+00
8.04000e+02 4.35735e-11 0.00000e+00
8.05000e+02 3.51302e-11 0.00000e+00
8.06000e+02 3.72206e-11 0.00000e+00
8.07000e+02 3.56447e-11 0.00000e+00
8.08000e+02 2.82287e-11 0.00000e+00
8.09000e+02 3.29625e-11 0.00000e+00
8.10000e+02 2.26658e-11 0.00000e+00
8.11000e+02 4.56567e-11 0.00000e+00
8.12000e+02 2.01236e-11 0.00000e+00
8.13000e+02 3.42788e-11 0.00000e+00
8.14000e+02 3.55043e-11 0.00000e+00
8.15000e+02 4.00441e-11 0.00000e+00
8.16000e+02 4.08546e-11 0.00000e+00
8.17000e+02 2.00342e-11 0.00000e+00
8.18000e+02 2.41215e-11 0.00000e+00
8.19000e+02 4.09349e-11 0.00000e+00
8.20000e+02 4.07913e-11 0.00000e+00
8.21000e+02 2.22485e-11 0.00000e+00
8.22000e+02 3.67339e-11 0.00000e+00
8.23000e+02 3.42399e-11 0.00000e+00
8.24000e+02 3.55928e-11 0.00000e+00
8.25000e+02 3.51411e-11 0.00000e+00
8.26000e+02 3.77220e-11 0.00000e+00
8.27000e+02 1.90702e-11 0.00000e+00
8.28000e+02 3.12308e-11 0.00000e+00
8.29000e+02 3.15111e-11 0.00000e+00
8.30000e+02 4.35341e-11 0.00000e+00
8.31000e+02 2.91124e-11 0.00000e+00
8.32000e+02 4.21245e-11 0.00000e+00
8.33000e+02 3.78387e-11 0.00000e+00
8.34000e+02 4.02697e-11 0.00000e+00
8.35000e+02 3.42708e-11 0.00000e+00
8.36000e+02 3.51179e-11 0.00000e+00
8.37000e+02 3.12095e-11 0.00000e+00
8.38000e+02 4.01919e-11 0.00000e+00
8.39000e+02 3.52651e-11 0.00000e+00
8.40000e+02 3.77730e-11 0.00000e+00
8.41000e+02 3.89169e-11 0.00000e+00
8.42000e+02 3.57216e-11 0.00000e+00
8.43000e+02 2.60970e-11 0.00000e+00
8.44000e+02 3.95185e-11 0.00000e+00
8.45000e+02 4.41585e-11 0.00000e+00
8.46000e+02 3.48626e-11 0.00000e+00
8.47000e+02 3.79189e-11 0.00000e+00
8.48000e+02 3.21321e-11 0.00000e+00
8.49000e+02 3.33100e-11 0.00000e+00
8.50000e+02 1.96493e-11 0.00000e+00
8.51000e+02 3.46336e-11 0.00000e+00
8.52000e+02 3.06911e-11 0.00000e+00
8.53000e+02 2.09878e-11 0.00000e+00
8.54000e+02 2.70343e-11 0.00000e+00
8.55000e+02 4.15235e-11 0.00000e+00
8.56000e+02 4.76284e-11 0.00000e+00
8.57000e+02 3.78727e-11 0.00000e+00
8.58000e+02 2.92785e-11 0.00000e+00
8.59000e+02 4.64905e-11 0.00000e+00
8.60000e+02 3.41426e-11 0.00000e+00
8.61000e+02 3.68461e-11 0.00000e+00
8.62000e+02 2.91362e-11 0.00000e+00
8.63000e+02 2.86807e-11 0.00000e+00
8.64000e+02 2.83862e-11 0.00000e+00
8.65000e+02 3.93881e-11 0.00000e+00
8.66000e+02 4.19077e-11 0.00000e+00
8.67000e+02 3.07368e-11 0.00000e+00
8.68000e+02 3.04927e-11 0.00000e+00
8.69000e+02 3.28056e-11 0.00000e+00
8.70000e+02 3.57052e-11 0.00000e+00
8.71000e+02 2.82897e-11 0.00000e+00
8.72000e+02 2.81189e-11 0.00000e+00
8.73000e+02 3.97236e-11 0.00000e+00
8.74000e+02 2.45564e-11 0.00000e+00
8.75000e+02 3.28599e-11 0.00000e+00
8.76000e+02 3.66664e-11 0.00000e+00
8.77000e+02 3.54380e-11 0.00000e+00
8.78000e+02 4.26865e-11 0.00000e+00
8.79000e+02 2.70177e-11 0.00000e+00
8.80000e+02 3.87316e-11 0.00000e+00
8.81000e+02 5.11913e-11 0.00000e+00
8.82000e+02 1.99559e-11 0.00000e+00
8.83000e+02 2.12945e-11 0.00000e+00
8.84000e+02 3.92928e-11 0.00000e+00
8.85000e+02 3.39150e-11 0.00000e+00
8.86000e+02 2.52736e-11 0.00000e+00
8.87000e+02 2.92352e-11 0.00000e+00
8.88000e+02 3.15849e-11 0.00000e+00
8.89000e+02 4.15189e-11 0.00000e+00
8.90000e+02 2.71226e-11 0.00000e+00
8.91000e+02 2.19818e-11 0.00000e+00
8.92000e+02 2.49446e-11 0.00000e+00
8.93000e+02 1.90973e-11 0.00000e+00
8.94000e+02 2.10856e-11 0.00000e+00
8.95000e+02 3.16484e-11 0.00000e+00
8.96000e+02 3.85276e-11 0.00000e+00
8.97000e+02 2.33236e-11 0.00000e+00
8.98000e+02 3.62269e-11 0.00000e+00
8.99000e+02 3.63040e-11 0.00000e+00
9.00000e+02 2.25411e-11 0.00000e+00
9.01000e+02 4.63118e-11 0.00000e+00
9.02000e+02 3.62162e-11 0.00000e+00
9.03000e+02 2.05549e-11 0.00000e+00
9.04000e+02 3.22600e-11 0.00000e+00
9.05000e+02 3.67258e-11 0.00000e+00
9.06000e+02 3.23915e-11 0.00000e+00
9.07000e+02 3.82947e-11 0.00000e+00
9.08000e+02 3.10640e-11 0.00000e+00
9.09000e+02 3.16821e-11 0.00000e+00
9.10000e+02 3.23355e-11 0.00000e+00
9.11000e+02 2.89398e-11 0.00000e+00
9.12000e+02 2.86328e-11 0.00000e+00
9.13000e+02 3.48894e-11 0.00000e+00
9.14000e+02 2.68627e-11 0.00000e+00
9.15000e+02 2.92575e-11 0.00000e+00
9.16000e+02 3.44598e-11 0.00000e+00
9.17000e+02 2.76137e-11 0.00000e+00
9.18000e+02 1.84681e-11 0.00000e+00
9.19000e+02 2.85812e-11 0.00000e+00
9.20000e+02 2.93623e-11 0.00000e+00
9.21000e+02 3.57826e-11 0.00000e+00
9.22000e+02 3.60197e-11 0.00000e+00
9.23000e+02 3.77295e-11 0.00000e+00
9.24000e+02 3.88401e-11 0.00000e+00
9.25000e+02 3.07455e-11 0.00000e+00
9.26000e+02 3.16029e-11 0.00000e+00
9.27000e+02 3.63863e-11 0.00000e+00
9.28000e+02 3.62751e-11 0.00000e+00
9.29000e+02 2.92850e-11 0.00000e+00
9.30000e+02 2.71845e-11 0.00000e+00
9.31000e+02 2.88752e-11 0.00000e+00
9.32000e+02 2.81353e-11 0.00000e+00
9.33000e+02 2.76785e-11 0.00000e+00
9.34000e+02 3.19940e-11 0.00000e+00
9.35000e+02 2.45967e-11 0.00000e+00
9.36000e+02 3.05101e-11 0.00000e+00
9.37000e+02 3.81065e-11 0.00000e+00
9.38000e+02 3.82405e-11 0.00000e+00
9.39000e+02 2.44703e-11 0.00000e+00
9.40000e+02 4.55962e-11 0.00000e+00
9.41000e+02 2.44060e-11 0.00000e+00
9.42000e+02 4.63126e-11 0.00000e+00
9.43000e+02 2.57071e-11 0.00000e+00
9.44000e+02 3.34491e-11 0.00000e+00
9.45000e+02 3.54489e-11 0.00000e+00
9.46000e+02 2.26914e-11 0.00000e+00
9.47000e+02 4.45760e-11 0.00000e+00
9.48000e+02 1.35526e-11 0.00000e+00
9.49000e+02 3.31683e-11 0.00000e+00
9.50000e+02 2.89298e-11 0.00000e+00
9.51000e+02 3.04737e-11 0.00000e+00
9.52000e+02 1.46284e-11 0.00000e+00
9.53000e+02 3.86873e-11 0.00000e+00
9.54000e+02 3.02274e-11 0.00000e+00
9.55000e+02 4.22635e-11 0.00000e+00
9.56000e+02 4.06528e-11 0.00000e+00
9.57000e+02 2.07250e-11 0.00000e+00
9.58000e+02 2.68585e-11 0.00000e+00
9.59000e+02 3.26814e-11 0.00000e+00
9.60000e+02 3.08168e-11 0.00000e+00
9.61000e+02 3.94993e-11 0.00000e+00
9.62000e+02 3.10438e-11 0.00000e+00
9.63000e+02 3.19867e-11 0.00000e+00
9.64000e+02 2.45667e-11 0.00000e+00
9.65000e+02 3.09254e-11 0.00000e+00
9.66000e+02 2.72636e-11 0.00000e+00
9.67000e+02 3.50390e-11 0.00000e+00
9.68000e+02 3.35646e-11 0.00000e+00
9.69000e+02 2.37365e-11 0.00000e+00
9.70000e+02 2.77204e-11 0.00000e+00
9.71000e+02 2.70477e-11 0.00000e+00
9.72000e+02 1.59344e-11 0.00000e+00
9.73000e+02 2.58402e-11 0.00000e+00
9.74000e+02 2.87278e-11 0.00000e+00
9.75000e+02 2.84286e-11 0.00000e+00
9.76000e+02 1.76574e-11 0.00000e+00
9.77000e+02 3.30287e-11 0.00000e+00
9.78000e+02 2.99650e-11 0.00000e+00
9.79000e+02 2.83369e-11 0.00000e+00
9.80000e+02 3.82134e-11 0.00000e+00
9.81000e+02 2.86487e-11 0.00000e+00
9.82000e+02 2.91150e-11 0.00000e+00
9.83000e+02 2.39401e-11 0.00000e+00
9.84000e+02 3.18327e-11 0.00000e+00
9.85000e+02 3.71679e-11 0.00000e+00
9.86000e+02 3.67888e-11 0.00000e+00
9.87000e+02 2.68968e-11 0.00000e+00
9.88000e+02 3.15924e-11 0.00000e+00
9.89000e+02 1.92767e-11 0.00000e+00
9.90000e+02 2.12107e-11 0.00000e+00
9.91000e+02 2.23101e-11 0.00000e+00
9.92000e+02 3.36557e-11 0.00000e+00
9.93000e+02 2.69213e-11 0.00000e+00
9.94000e+02 3.18177e-11 0.00000e+00
9.95000e+02 3.30107e-11 0.00000e+00
9.96000e+02 3.00242e-11 0.00000e+00
9.97000e+02 2.50008e-11 0.00000e+00
9.98000e+02 2.77205e-11 0.00000e+00
9.99000e+02 2.35560e-11 0.00000e+00
1.00000e+03 3.34702e-11 0.00000e+00
1.00100e+03 2.75273e-11 0.00000e+00
1.00200e+03 3.87619e-11 0.00000e+00
1.00300e+03 3.08031e-11 0.00000e+00
1.00400e+03 2.83355e-11 0.00000e+00
1.00500e+03 3.30209e-11 0.00000e+00
1.00600e+03 2.42269e-11 0.00000e+00
1.00700e+03 2.76520e-11 0.00000e+00
1.00800e+03 2.79258e-11 0.00000e+00
1.00900e+03 3.43740e-11 0.00000e+00
1.01000e+03 2.15864e-11 0.00000e+00
1.01100e+03 2.14795e-11 0.00000e+00
1.01200e+03 2.02714e-11 0.00000e+00
1.01300e+03 2.00581e-11 0.00000e+00
1.01400e+03 2.87026e-11 0.00000e+00
1.01500e+03 2.98014e-11 0.00000e+00
1.01600e+03 1.87964e-11 0.00000e+00
1.01700e+03 2.46845e-11 0.00000e+00
1.01800e+03 3.72474e-11 0.00000e+00
1.01900e+03 3.21478e-11 0.00000e+00
1.02000e+03 2.58731e-11 0.00000e+00
1.02100e+03 3.74774e-11 0.00000e+00
1.02200e+03 2.93649e-11 0.00000e+00
1.02300e+03 2.89951e-11 0.00000e+00
1.02400e+03 1.36302e-11 0.00000e+00
1.02500e+03 1.88205e-11 0.00000e+00
1.02600e+03 2.39149e-11 0.00000e+00
1.02700e+03 3.50823e-11 0.00000e+00
1.02800e+03 2.77729e-11 0.00000e+00
1.02900e+03 3.05691e-11 0.00000e+00
1.03000e+03 3.20272e-11 0.00000e+00
1.03100e+03 2.44275e-11 0.00000e+00
1.03200e+03 2.36637e-11 0.00000e+00
1.03300e+03 3.58273e-11 0.00000e+00
1.03400e+03 2.57773e-11 0.00000e+00
1.03500e+03 1.91967e-11 0.00000e+00
1.03600e+03 3.21471e-11 0.00000e+00
1.03700e+03 2.62664e-11 0.00000e+00
1.03800e+03 2.58182e-11 0.00000e+00
1.03900e+03 2.73619e-11 0.00000e+00
1.04000e+03 2.44759e-11 0.00000e+00
1.04100e+03 2.17086e-11 0.00000e+00
1.04200e+03 2.32461e-11 0.00000e+00
1.04300e+03 2.83023e-11 0.00000e+00
1.04400e+03 2.86435e-11 0.00000e+00
1.04500e+03 1.90288e-11 0.00000e+00
1.04600e+03 3.62356e-11 0.00000e+00
1.04700e+03 3.10529e-11 0.00000e+00
1.04800e+03 3.33551e-11 0.00000e+00
1.04900e+03 3.32321e-11 0.00000e+00
1.05000e+03 1.71707e-11 0.00000e+00
1.05100e+03 2.00063e-11 0.00000e+00
1.05200e+03 2.77178e-11 0.00000e+00
1.05300e+03 2.29418e-11 0.00000e+00
1.05400e+03 2.65569e-11 0.00000e+00
1.05500e+03 2.27668e-11 0.00000e+00
1.05600e+03 3.10452e-11 0.00000e+00
1.05700e+03 1.88264e-11 0.00000e+00
1.05800e+03 2.45076e-11 0.00000e+00
1.05900e+03 2.21929e-11 0.00000e+00
1.06000e+03 2.69352e-11 0.00000e+00
1.06100e+03 3.42002e-11 0.00000e+00
1.06200e+03 2.72836e-11 0.00000e+00
1.06300e+03 1.96309e-11 0.00000e+00
1.06400e+03 2.87706e-11 0.00000e+00
1.06500e+03 2.34537e-11 0.00000e+00
1.06600e+03 2.45367e-11 0.00000e+00
1.06700e+03 2.55672e-11 0.00000e+00
1.06800e+03 3.22398e-11 0.00000e+00
1.06900e+03 3.44314e-11 0.00000e+00
1.07000e+03 2.48873e-11 0.00000e+00
1.07100e+03 2.06614e-11 0.00000e+00
1.07200e+03 2.19794e-11 0.00000e+00
1.07300e+03 2.98785e-11 0.00000e+00
1.07400e+03 2.41708e-11 0.00000e+00
1.07500e+03 3.07670e-11 0.00000e+00
1.07600e+03 3.52099e-11 0.00000e+00
1.07700e+03 2.70172e-11 0.00000e+00
1.07800e+03 2.63739e-11 0.00000e+00
1.07900e+03 2.66243e-11 0.00000e+00
1.08000e+03 2.61510e-11 0.00000e+00
1.08100e+03 3.20769e-11 0.00000e+00
1.08200e+03 2.57790e-11 0.00000e+00
1.08300e+03 1.67965e-11 0.00000e+00
1.08400e+03 2.20794e-11 0.00000e+00
1.08500e+03 3.36591e-11 0.00000e+00
1.08600e+03 2.74337e-11 0.00000e+00
1.08700e+03 3.13159e-11 0.00000e+00
1.08800e+03 2.84973e-11 0.00000e+00
1.08900e+03 2.77978e-11 0.00000e+00
1.09000e+03 2.64551e-11 0.00000e+00
1.09100e+03 1.94813e-11 0.00000e+00
1.09200e+03 1.75973e-11 0.00000e+00
1.09300e+03 2.54783e-11 0.00000e+00
1.09400e+03 2.55905e-11 0.00000e+00
1.09500e+03 2.98164e-11 0.00000e+00
1.09600e+03 2.86051e-11 0.00000e+00
1.09700e+03 1.96612e-11 0.00000e+00
1.09800e+03 3.09142e-11 0.00000e+00
1.09900e+03 1.78905e-11 0.00000e+00
1.10000e+03 3.03535e-11 0.00000e+00
1.10100e+03 3.63177e-11 0.00000e+00
1.10200e+03 2.28696e-11 0.00000e+00
1.10300e+03 2.96715e-11 0.00000e+00
1.10400e+03 2.60528e-11 0.00000e+00
1.10500e+03 1.82501e-11 0.00000e+00
1.10600e+03 3.11108e-11 0.00000e+00
1.10700e+03 1.50947e-11 0.00000e+00
1.10800e+03 2.33355e-11 0.00000e+00
1.10900e+03 2.20420e-11 0.00000e+00
1.11000e+03 2.43250e-11 0.00000e+00
1.11100e+03 1.75879e-11 0.00000e+00
1.11200e+03 3.05124e-11 0.00000e+00
1.11300e+03 2.44033e-11 0.00000e+00
1.11400e+03 3.18929e-11 0.00000e+00
1.11500e+03 2.99278e-11 0.00000e+00
1.11600e+03 1.85789e-11 0.00000e+00
1.11700e+03 2.61633e-11 0.00000e+00
1.11800e+03 2.46978e-11 0.00000e+00
1.11900e+03 2.83825e-11 0.00000e+00
1.12000e+03 2.72549e-11 0.00000e+00
1.12100e+03 2.48892e-11 0.00000e+00
1.12200e+03 2.24970e-11 0.00000e+00
1.12300e+03 1.37677e-11 0.00000e+00
1.12400e+03 3.21990e-11 0.00000e+00
1.12500e+03 3.46635e-11 0.00000e+00
1.12600e+03 2.36209e-11 0.00000e+00
1.12700e+03 2.48851e-11 0.00000e+00
1.12800e+03 2.52983e-11 0.00000e+00
1.12900e+03 2.10883e-11 0.00000e+00
1.13000e+03 1.83214e-11 0.00000e+00
1.13100e+03 2.47027e-11 0.00000e+00
1.13200e+03 1.91213e-11 0.00000e+00
1.13300e+03 2.38051e-11 0.00000e+00
1.13400e+03 1.80876e-11 0.00000e+00
1.13500e+03 2.68050e-11 0.00000e+00
1.13600e+03 2.22351e-11 0.00000e+00
1.13700e+03 2.22727e-11 0.00000e+00
1.13800e+03 2.97848e-11 0.00000e+00
1.13900e+03 2.38015e-11 0.00000e+00
1.14000e+03 2.43547e-11 0.00000e+00
1.14100e+03 2.41912e-11 0.00000e+00
1.14200e+03 1.89381e-11 0.00000e+00
1.14300e+03 2.41646e-11 0.00000e+00
1.14400e+03 2.72911e-11 0.00000e+00
1.14500e+03 3.27649e-11 0.00000e+00
1.14600e+03 2.37901e-11 0.00000e+00
1.14700e+03 1.45024e-11 0.00000e+00
1.14800e+03 1.89458e-11 0.00000e+00
1.14900e+03 1.76723e-11 0.00000e+00
1.15000e+03 3.25644e-11 0.00000e+00
1.15100e+03 1.79062e-11 0.00000e+00
1.15200e+03 3.14435e-11 0.00000e+00
1.15300e+03 1.70895e-11 0.00000e+00
1.15400e+03 2.56295e-11 0.00000e+00
1.15500e+03 2.11442e-11 0.00000e+00
1.15600e+03 2.67481e-11 0.00000e+00
1.15700e+03 1.80200e-11 0.00000e+00
1.15800e+03 2.84816e-11 0.00000e+00
1.15900e+03 2.27176e-11 0.00000e+00
1.16000e+03 1.57697e-11 0.00000e+00
1.16100e+03 2.88381e-11 0.00000e+00
1.16200e+03 1.79638e-11 0.00000e+00
1.16300e+03 1.97441e-11 0.00000e+00
1.16400e+03 2.23223e-11 0.00000e+00
1.16500e+03 3.24784e-11 0.00000e+00
1.16600e+03 2.20057e-11 0.00000e+00
1.16700e+03 1.92907e-11 0.00000e+00
1.16800e+03 1.98171e-11 0.00000e+00
1.16900e+03 1.65180e-11 0.00000e+00
1.17000e+03 2.18130e-11 0.00000e+00
1.17100e+03 2.41761e-11 0.00000e+00
1.17200e+03 2.64079e-11 0.00000e+00
1.17300e+03 2.51343e-11 0.00000e+00
1.17400e+03 2.97019e-11 0.00000e+00
1.17500e+03 2.50220e-11 0.00000e+00
1.17600e+03 2.00954e-11 0.00000e+00
1.17700e+03 2.74708e-11 0.00000e+00
1.17800e+03 1.87945e-11 0.00000e+00
1.17900e+03 2.15064e-11 0.00000e+00
1.18000e+03 2.37178e-11 0.00000e+00
1.18100e+03 2.29155e-11 0.00000e+00
1.18200e+03 2.74622e-11 0.00000e+00
1.18300e+03 2.09347e-11 0.00000e+00
1.18400e+03 1.69125e-11 0.00000e+00
1.18500e+03 2.66848e-11 0.00000e+00
1.18600e+03 2.70600e-11 0.00000e+00
1.18700e+03 1.80904e-11 0.00000e+00
1.18800e+03 2.28773e-11 0.00000e+00
1.18900e+03 1.96671e-11 0.00000e+00
1.19000e+03 2.31434e-11 0.00000e+00
1.19100e+03 2.57396e-11 0.00000e+00
1.19200e+03 2.03944e-11 0.00000e+00
1.19300e+03 1.64581e-11 0.00000e+00
1.19400e+03 2.53181e-11 0.00000e+00
1.19500e+03 1.61819e-11 0.00000e+00
1.19600e+03 2.12157e-11 0.00000e+00
1.19700e+03 2.17197e-11 0.00000e+00
1.19800e+03 2.24338e-11 0.00000e+00
1.19900e+03 2.01909e-11 0.00000e+00
1.20000e+03 2.09913e-11 0.00000e+00
1.20100e+03 2.23308e-11 0.00000e+00
1.20200e+03 1.62207e-11 0.00000e+00
1.20300e+03 2.53472e-11 0.00000e+00
1.20400e+03 2.84285e-11 0.00000e+00
1.20500e+03 1.89948e-11 0.00000e+00
1.20600e+03 2.27124e-11 0.00000e+00
1.20700e+03 2.14872e-11 0.00000e+00
1.20800e+03 1.60467e-11 0.00000e+00
1.20900e+03 3.29461e-11 0.00000e+00
1.21000e+03 2.28090e-11 0.00000e+00
1.21100e+03 1.41865e-11 0.00000e+00
1.21200e+03 2.33384e-11 0.00000e+00
1.21300e+03 2.28364e-11 0.00000e+00
1.21400e+03 2.76791e-11 0.00000e+00
1.21500e+03 1.80896e-11 0.00000e+00
1.21600e+03 1.77008e-11 0.00000e+00
1.21700e+03 2.57804e-11 0.00000e+00
1.21800e+03 2.11113e-11 0.00000e+00
1.21900e+03 2.49879e-11 0.00000e+00
1.22000e+03 2.77383e-11 0.00000e+00
1.22100e+03 2.63367e-11 0.00000e+00
1.22200e+03 1.54722e-11 0.00000e+00
1.22300e+03 2.30851e-11 0.00000e+00
1.22400e+03 2.31387e-11 0.00000e+00
1.22500e+03 2.65306e-11 0.00000e+00
1.22600e+03 1.69536e-11 0.00000e+00
1.22700e+03 1.82599e-11 0.00000e+00
1.22800e+03 2.74007e-11 0.00000e+00
1.22900e+03 1.74427e-11 0.00000e+00
1.23000e+03 2.38946e-11 0.00000e+00
1.23100e+03 2.80735e-11 0.00000e+00
1.23200e+03 2.36284e-11 0.00000e+00
1.23300e+03 2.02052e-11 0.00000e+00
1.23400e+03 2.62599e-11 0.00000e+00
1.23500e+03 2.00519e-11 0.00000e+00
1.23600e+03 2.36109e-11 0.00000e+00
1.23700e+03 1.69982e-11 0.00000e+00
1.23800e+03 3.01094e-11 0.00000e+00
1.23900e+03 2.45741e-11 0.00000e+00
1.24000e+03 1.94273e-11 0.00000e+00
1.24100e+03 1.60938e-11 0.00000e+00
1.24200e+03 1.50470e-11 0.00000e+00
1.24300e+03 1.72387e-11 0.00000e+00
1.24400e+03 2.04879e-11 0.00000e+00
1.24500e+03 1.90215e-11 0.00000e+00
1.24600e+03 1.16248e-11 0.00000e+00
1.24700e+03 2.51951e-11 0.00000e+00
1.24800e+03 2.63215e-11 0.00000e+00
1.24900e+03 1.92894e-11 0.00000e+00
1.25000e+03 2.49141e-11 0.00000e+00
1.25100e+03 2.01547e-11 0.00000e+00
1.25200e+03 2.24191e-11 0.00000e+00
1.25300e+03 2.60366e-11 0.00000e+00
1.25400e+03 2.64030e-11 0.00000e+00
1.25500e+03 1.74316e-11 0.00000e+00
1.25600e+03 2.68403e-11 0.00000e+00
1.25700e+03 1.37934e-11 0.00000e+00
1.25800e+03 1.69662e-11 0.00000e+00
1.25900e+03 1.44412e-11 0.00000e+00
1.26000e+03 3.14123e-11 0.00000e+00
1.26100e+03 2.33656e-11 0.00000e+00
1.26200e+03 1.63696e-11 0.00000e+00
1.26300e+03 1.90422e-11 0.00000e+00
1.26400e+03 2.19045e-11 0.00000e+00
1.26500e+03 2.19371e-11 0.00000e+00
1.26600e+03 2.58389e-11 0.00000e+00
1.26700e+03 2.56839e-11 0.00000e+00
1.26800e+03 1.99038e-11 0.00000e+00
1.26900e+03 1.82478e-11 0.00000e+00
1.27000e+03 1.89425e-11 0.00000e+00
1.27100e+03 2.63442e-11 0.00000e+00
1.27200e+03 1.84463e-11 0.00000e+00
1.27300e+03 2.35218e-11 0.00000e+00
1.27400e+03 1.88344e-11 0.00000e+00
1.27500e+03 1.67639e-11 0.00000e+00
1.27600e+03 2.18803e-11 0.00000e+00
1.27700e+03 1.98269e-11 0.00000e+00
1.27800e+03 2.36273e-11 0.00000e+00
1.27900e+03 2.09082e-11 0.00000e+00
1.28000e+03 2.38153e-11 0.00000e+00
1.28100e+03 2.44559e-11 0.00000e+00
1.28200e+03 2.06472e-11 0.00000e+00
1.28300e+03 2.07925e-11 0.00000e+00
1.28400e+03 2.66487e-11 0.00000e+00
1.28500e+03 2.43872e-11 0.00000e+00
1.28600e+03 2.10893e-11 0.00000e+00
1.28700e+03 2.54217e-11 0.00000e+00
1.28800e+03 1.49479e-11 0.00000e+00
1.28900e+03 2.22291e-11 0.00000e+00
1.29000e+03 2.33988e-11 0.00000e+00
1.29100e+03 1.89792e-11 0.00000e+00
1.29200e+03 1.93668e-11 0.00000e+00
1.29300e+03 2.04748e-11 0.00000e+00
1.29400e+03 1.91163e-11 0.00000e+00
1.29500e+03 3.09169e-11 0.00000e+00
1.29600e+03 2.31552e-11 0.00000e+00
1.29700e+03 1.87286e-11 0.00000e+00
1.29800e+03 1.41282e-11 0.00000e+00
1.29900e+03 2.42218e-11 0.00000e+00
1.30000e+03 2.01772e-11 0.00000e+00
1.30100e+03 2.45561e-11 0.00000e+00
1.30200e+03 2.15505e-11 0.00000e+00
1.30300e+03 1.94804e-11 0.00000e+00
1.30400e+03 2.29854e-11 0.00000e+00
1.30500e+03 2.31091e-11 0.00000e+00
1.30600e+03 1.90073e-11 0.00000e+00
1.30700e+03 1.09821e-11 0.00000e+00
1.30800e+03 1.95914e-11 0.00000e+00
1.30900e+03 1.73873e-11 0.00000e+00
1.31000e+03 1.94250e-11 0.00000e+00
1.31100e+03 2.16664e-11 0.00000e+00
1.31200e+03 2.06632e-11 0.00000e+00
1.31300e+03 1.58968e-11 0.00000e+00
1.31400e+03 1.43518e-11 0.00000e+00
1.31500e+03 2.45206e-11 0.00000e+00
1.31600e+03 1.85271e-11 0.00000e+00
1.31700e+03 1.42532e-11 0.00000e+00
1.31800e+03 2.40560e-11 0.00000e+00
1.31900e+03 1.77638e-11 0.00000e+00
1.32000e+03 1.56446e-11 0.00000e+00
1.32100e+03 2.13820e-11 0.00000e+00
1.32200e+03 2.22205e-11 0.00000e+00
1.32300e+03 2.10635e-11 0.00000e+00
1.32400e+03 1.75116e-11 0.00000e+00
1.32500e+03 1.36801e-11 0.00000e+00
1.32600e+03 1.51420e-11 0.00000e+00
1.32700e+03 1.88727e-11 0.00000e+00
1.32800e+03 1.69284e-11 0.00000e+00
1.32900e+03 2.20403e-11 0.00000e+00
1.33000e+03 2.08081e-11 0.00000e+00
1.33100e+03 1.58746e-11 0.00000e+00
1.33200e+03 1.44692e-11 0.00000e+00
1.33300e+03 1.90022e-11 0.00000e+00
1.33400e+03 2.19584e-11 0.00000e+00
1.33500e+03 1.52906e-11 0.00000e+00
1.33600e+03 1.77066e-11 0.00000e+00
1.33700e+03 1.60334e-11 0.00000e+00
1.33800e+03 2.37868e-11 0.00000e+00
1.33900e+03 1.51568e-11 0.00000e+00
1.34000e+03 2.25903e-11 0.00000e+00
1.34100e+03 2.43159e-11 0.00000e+00
1.34200e+03 1.59705e-11 0.00000e+00
1.34300e+03 2.38558e-11 0.00000e+00
1.34400e+03 2.10556e-11 0.00000e+00
1.34500e+03 2.08795e-11 0.00000e+00
1.34600e+03 1.79268e-11 0.00000e+00
1.34700e+03 2.03233e-11 0.00000e+00
1.34800e+03 1.47208e-11 0.00000e+00
1.34900e+03 1.04345e-11 0.00000e+00
1.35000e+03 1.58295e-11 0.00000e+00
1.35100e+03 2.20695e-11 0.00000e+00
1.35200e+03 1.83174e-11 0.00000e+00
1.35300e+03 2.21212e-11 0.00000e+00
1.35400e+03 1.47754e-11 0.00000e+00
1.35500e+03 1.79390e-11 0.00000e+00
1.35600e+03 1.76124e-11 0.00000e+00
1.35700e+03 2.23814e-11 0.00000e+00
1.35800e+03 1.78310e-11 0.00000e+00
1.35900e+03 2.25087e-11 0.00000e+00
1.36000e+03 1.43058e-11 0.00000e+00
1.36100e+03 2.27504e-11 0.00000e+00
1.36200e+03 2.07789e-11 0.00000e+00
1.36300e+03 2.24051e-11 0.00000e+00
1.36400e+03 1.71953e-11 0.00000e+00
1.36500e+03 1.97255e-11 0.00000e+00
1.36600e+03 2.07835e-11 0.00000e+00
1.36700e+03 1.71855e-11 0.00000e+00
1.36800e+03 1.44814e-11 0.00000e+00
1.36900e+03 1.94403e-11 0.00000e+00
1.37000e+03 1.78956e-11 0.00000e+00
1.37100e+03 1.90919e-11 0.00000e+00
1.37200e+03 1.80461e-11 0.00000e+00
1.37300e+03 1.95769e-11 0.00000e+00
1.37400e+03 2.42685e-11 0.00000e+00
1.37500e+03 2.23670e-11 0.00000e+00
1.37600e+03 1.90871e-11 0.00000e+00
1.37700e+03 1.44443e-11 0.00000e+00
1.37800e+03 2.93738e-11 0.00000e+00
1.37900e+03 2.09106e-11 0.00000e+00
1.38000e+03 2.31900e-11 0.00000e+00
1.38100e+03 1.45304e-11 0.00000e+00
1.38200e+03 2.23103e-11 0.00000e+00
1.38300e+03 1.82621e-11 0.00000e+00
1.38400e+03 2.03527e-11 0.00000e+00
1.38500e+03 1.65016e-11 0.00000e+00
1.38600e+03 1.27588e-11 0.00000e+00
1.38700e+03 1.78983e-11 0.00000e+00
1.38800e+03 2.02962e-11 0.00000e+00
1.38900e+03 2.40591e-11 0.00000e+00
1.39000e+03 2.43190e-11 0.00000e+00
1.39100e+03 2.28046e-11 0.00000e+00
1.39200e+03 1.69450e-11 0.00000e+00
1.39300e+03 2.23626e-11 0.00000e+00
1.39400e+03 1.70074e-11 0.00000e+00
1.39500e+03 1.59550e-11 0.00000e+00
1.39600e+03 2.32299e-11 0.00000e+00
1.39700e+03 1.35802e-11 0.00000e+00
1.39800e+03 2.67848e-11 0.00000e+00
1.39900e+03 1.84872e-11 0.00000e+00
1.40000e+03 1.98973e-11 0.00000e+00
1.40100e+03 2.31934e-11 0.00000e+00
1.40200e+03 2.26939e-11 0.00000e+00
1.40300e+03 1.62159e-11 0.00000e+00
1.40400e+03 1.98623e-11 0.00000e+00
1.40500e+03 1.93388e-11 0.00000e+00
1.40600e+03 1.75602e-11 0.00000e+00
1.40700e+03 2.48620e-11 0.00000e+00
1.40800e+03 2.12634e-11 0.00000e+00
1.40900e+03 1.56604e-11 0.00000e+00
1.41000e+03 1.97795e-11 0.00000e+00
1.41100e+03 1.81290e-11 0.00000e+00
1.41200e+03 2.16925e-11 0.00000e+00
1.41300e+03 1.66036e-11 0.00000e+00
1.41400e+03 1.47933e-11 0.00000e+00
1.41500e+03 1.73051e-11 0.00000e+00
1.41600e+03 1.63178e-11 0.00000e+00
1.41700e+03 2.02071e-11 0.00000e+00
1.41800e+03 1.67906e-11 0.00000e+00
1.41900e+03 1.09916e-11 0.00000e+00
1.42000e+03 1.53286e-11 0.00000e+00
1.42100e+03 1.63879e-11 0.00000e+00
1.42200e+03 1.52934e-11 0.00000e+00
1.42300e+03 2.35288e-11 0.00000e+00
1.42400e+03 1.49083e-11 0.00000e+00
1.42500e+03 1.73543e-11 0.00000e+00
1.42600e+03 2.01920e-11 0.00000e+00
1.42700e+03 1.93770e-11 0.00000e+00
1.42800e+03 1.75070e-11 0.00000e+00
1.42900e+03 1.71365e-11 0.00000e+00
1.43000e+03 1.67770e-11 0.00000e+00
1.43100e+03 1.72416e-11 0.00000e+00
1.43200e+03 1.84441e-11 0.00000e+00
1.43300e+03 2.02432e-11 0.00000e+00
1.43400e+03 1.82001e-11 0.00000e+00
1.43500e+03 2.24838e-11 0.00000e+00
1.43600e+03 1.50394e-11 0.00000e+00
1.43700e+03 1.55140e-11 0.00000e+00
1.43800e+03 2.06435e-11 0.00000e+00
1.43900e+03 1.56693e-11 0.00000e+00
1.44000e+03 1.68594e-11 0.00000e+00
1.44100e+03 1.88391e-11 0.00000e+00
1.44200e+03 2.15520e-11 0.00000e+00
1.44300e+03 2.03095e-11 0.00000e+00
1.44400e+03 1.74296e-11 0.00000e+00
1.44500e+03 1.70946e-11 0.00000e+00
1.44600e+03 1.11399e-11 0.00000e+00
1.44700e+03 1.45806e-11 0.00000e+00
1.44800e+03 1.86700e-11 0.00000e+00
1.44900e+03 1.48983e-11 0.00000e+00
1.45000e+03 1.63048e-11 0.00000e+00
1.45100e+03 1.69009e-11 0.00000e+00
1.45200e+03 2.08155e-11 0.00000e+00
1.45300e+03 1.50804e-11 0.00000e+00
1.45400e+03 1.79056e-11 0.00000e+00
1.45500e+03 1.75362e-11 0.00000e+00
1.45600e+03 1.39847e-11 0.00000e+00
1.45700e+03 1.64246e-11 0.00000e+00
1.45800e+03 1.81120e-11 0.00000e+00
1.45900e+03 1.38604e-11 0.00000e+00
1.46000e+03 1.23419e-11 0.00000e+00
1.46100e+03 1.56390e-11 0.00000e+00
1.46200e+03 1.81477e-11 0.00000e+00
1.46300e+03 1.66317e-11 0.00000e+00
1.46400e+03 1.33792e-11 0.00000e+00
1.46500e+03 2.22846e-11 0.00000e+00
1.46600e+03 1.73076e-11 0.00000e+00
1.46700e+03 1.74599e-11 0.00000e+00
1.46800e+03 2.16509e-11 0.00000e+00
1.46900e+03 1.81248e-11 0.00000e+00
1.47000e+03 1.02148e-11 0.00000e+00
1.47100e+03 1.47707e-11 0.00000e+00
1.47200e+03 1.22265e-11 0.00000e+00
1.47300e+03 1.58974e-11 0.00000e+00
1.47400e+03 1.87582e-11 0.00000e+00
1.47500e+03 1.92784e-11 0.00000e+00
1.47600e+03 1.23876e-11 0.00000e+00
1.47700e+03 1.79019e-11 0.00000e+00
1.47800e+03 1.85600e-11 0.00000e+00
1.47900e+03 2.05488e-11 0.00000e+00
1.48000e+03 1.99292e-11 0.00000e+00
1.48100e+03 1.74747e-11 0.00000e+00
1.48200e+03 1.74182e-11 0.00000e+00
1.48300e+03 1.39462e-11 0.00000e+00
1.48400e+03 1.52214e-11 0.00000e+00
1.48500e+03 1.36480e-11 0.00000e+00
1.48600e+03 2.02489e-11 0.00000e+00
1.48700e+03 1.69191e-11 0.00000e+00
1.48800e+03 1.80765e-11 0.00000e+00
1.48900e+03 1.67933e-11 0.00000e+00
1.49000e+03 1.41503e-11 0.00000e+00
1.49100e+03 1.43125e-11 0.00000e+00
1.49200e+03 1.50943e-11 0.00000e+00
1.49300e+03 1.77495e-11 0.00000e+00
1.49400e+03 1.29538e-11 0.00000e+00
1.49500e+03 1.81789e-11 0.00000e+00
1.49600e+03 1.75310e-11 0.00000e+00
1.49700e+03 1.28037e-11 0.00000e+00
1.49800e+03 2.14905e-11 0.00000e+00
1.49900e+03 1.67238e-11 0.00000e+00
1.50000e+03 1.89451e-11 0.00000e+00
1.50100e+03 1.25109e-11 0.00000e+00
1.50200e+03 1.79462e-11 0.00000e+00
1.50300e+03 1.92671e-11 0.00000e+00
1.50400e+03 1.58704e-11 0.00000e+00
1.50500e+03 1.87657e-11 0.00000e+00
1.50600e+03 2.13576e-11 0.00000e+00
1.50700e+03 1.71992e-11 0.00000e+00
1.50800e+03 1.51523e-11 0.00000e+00
1.50900e+03 1.22824e-11 0.00000e+00
1.51000e+03 1.51543e-11 0.00000e+00
1.51100e+03 1.81739e-11 0.00000e+00
1.51200e+03 1.69115e-11 0.00000e+00
1.51300e+03 1.00550e-11 0.00000e+00
1.51400e+03 1.52266e-11 0.00000e+00
1.51500e+03 1.61418e-11 0.00000e+00
1.51600e+03 1.53743e-11 0.00000e+00
1.51700e+03 1.58190e-11 0.00000e+00
1.51800e+03 1.75238e-11 0.00000e+00
1.51900e+03 1.26689e-11 0.00000e+00
1.52000e+03 1.71444e-11 0.00000e+00
1.52100e+03 1.54378e-11 0.00000e+00
1.52200e+03 1.58674e-11 0.00000e+00
1.52300e+03 1.50309e-11 0.00000e+00
1.52400e+03 1.44543e-11 0.00000e+00
1.52500e+03 2.20515e-11 0.00000e+00
1.52600e+03 2.31040e-11 0.00000e+00
1.52700e+03 2.10780e-11 0.00000e+00
1.52800e+03 1.96557e-11 0.00000e+00
1.52900e+03 1.24888e-11 0.00000e+00
1.53000e+03 1.59799e-11 0.00000e+00
1.53100e+03 1.46101e-11 0.00000e+00
1.53200e+03 1.14352e-11 0.00000e+00
1.53300e+03 1.59906e-11 0.00000e+00
1.53400e+03 1.26958e-11 0.00000e+00
1.53500e+03 1.29853e-11 0.00000e+00
1.53600e+03 1.56786e-11 0.00000e+00
1.53700e+03 1.22895e-11 0.00000e+00
1.53800e+03 2.02584e-11 0.00000e+00
1.53900e+03 1.57343e-11 0.00000e+00
1.54000e+03 1.69903e-11 0.00000e+00
1.54100e+03 1.83974e-11 0.00000e+00
1.54200e+03 1.61148e-11 0.00000e+00
1.54300e+03 1.45223e-11 0.00000e+00
1.54400e+03 1.73456e-11 0.00000e+00
1.54500e+03 1.57603e-11 0.00000e+00
1.54600e+03 2.32492e-11 0.00000e+00
1.54700e+03 1.57228e-11 0.00000e+00
1.54800e+03 1.90526e-11 0.00000e+00
1.54900e+03 1.73896e-11 0.00000e+00
1.55000e+03 1.48975e-11 0.00000e+00
1.55100e+03 1.14695e-11 0.00000e+00
1.55200e+03 1.41392e-11 0.00000e+00
1.55300e+03 1.72789e-11 0.00000e+00
1.55400e+03 1.27621e-11 0.00000e+00
1.55500e+03 1.57406e-11 0.00000e+00
1.55600e+03 1.75842e-11 0.00000e+00
1.55700e+03 1.47724e-11 0.00000e+00
1.55800e+03 1.54862e-11 0.00000e+00
1.55900e+03 1.63182e-11 0.00000e+00
1.56000e+03 1.35520e-11 0.00000e+00
1.56100e+03 1.18293e-11 0.00000e+00
1.56200e+03 1.44707e-11 0.00000e+00
1.56300e+03 1.77593e-11 0.00000e+00
1.56400e+03 1.34755e-11 0.00000e+00
1.56500e+03 1.63910e-11 0.00000e+00
1.56600e+03 1.51289e-11 0.00000e+00
1.56700e+03 1.37841e-11 0.00000e+00
1.56800e+03 1.96292e-11 0.00000e+00
1.56900e+03 1.43391e-11 0.00000e+00
1.57000e+03 1.69092e-11 0.00000e+00
1.57100e+03 1.44812e-11 0.00000e+00
1.57200e+03 1.50570e-11 0.00000e+00
1.57300e+03 1.55907e-11 0.00000e+00
1.57400e+03 1.69363e-11 0.00000e+00
1.57500e+03 1.81563e-11 0.00000e+00
1.57600e+03 1.55602e-11 0.00000e+00
1.57700e+03 1.48457e-11 0.00000e+00
1.57800e+03 1.83937e-11 0.00000e+00
1.57900e+03 1.52365e-11 0.00000e+00
1.58000e+03 1.24969e-11 0.00000e+00
1.58100e+03 1.41090e-11 0.00000e+00
1.58200e+03 2.06323e-11 0.00000e+00
1.58300e+03 2.09737e-11 0.00000e+00
1.58400e+03 1.57896e-11 0.00000e+00
1.58500e+03 1.42376e-11 0.00000e+00
1.58600e+03 1.57805e-11 0.00000e+00
1.58700e+03 1.22655e-11 0.00000e+00
1.58800e+03 1.28567e-11 0.00000e+00
1.58900e+03 1.58768e-11 0.00000e+00
1.59000e+03 1.73316e-11 0.00000e+00
1.59100e+03 1.17059e-11 0.00000e+00
1.59200e+03 1.29785e-11 0.00000e+00
1.59300e+03 1.57886e-11 0.00000e+00
1.59400e+03 1.23564e-11 0.00000e+00
1.59500e+03 1.40263e-11 0.00000e+00
1.59600e+03 1.75615e-11 0.00000e+00
1.59700e+03 1.66506e-11 0.00000e+00
1.59800e+03 1.96195e-11 0.00000e+00
1.59900e+03 1.45787e-11 0.00000e+00
1.60000e+03 8.90822e-12 0.00000e+00
1.60100e+03 1.57734e-11 0.00000e+00
1.60200e+03 1.68306e-11 0.00000e+00
1.60300e+03 1.60757e-11 0.00000e+00
1.60400e+03 1.67360e-11 0.00000e+00
1.60500e+03 1.34748e-11 0.00000e+00
1.60600e+03 1.75280e-11 0.00000e+00
1.60700e+03 1.70553e-11 0.00000e+00
1.60800e+03 1.25374e-11 0.00000e+00
1.60900e+03 1.44943e-11 0.00000e+00
1.61000e+03 1.43967e-11 0.00000e+00
1.61100e+03 1.38192e-11 0.00000e+00
1.61200e+03 1.08753e-11 0.00000e+00
1.61300e+03 1.49065e-11 0.00000e+00
1.61400e+03 1.34613e-11 0.00000e+00
1.61500e+03 9.63408e-12 0.00000e+00
1.61600e+03 1.43002e-11 0.00000e+00
1.61700e+03 1.74925e-11 0.00000e+00
1.61800e+03 1.56974e-11 0.00000e+00
1.61900e+03 1.45326e-11 0.00000e+00
1.62000e+03 1.16334e-11 0.00000e+00
1.62100e+03 1.00309e-11 0.00000e+00
1.62200e+03 1.93014e-11 0.00000e+00
1.62300e+03 1.14631e-11 0.00000e+00
1.62400e+03 1.46874e-11 0.00000e+00
1.62500e+03 1.73612e-11 0.00000e+00
1.62600e+03 1.43782e-11 0.00000e+00
1.62700e+03 1.67050e-11 0.00000e+00
1.62800e+03 1.51333e-11 0.00000e+00
1.62900e+03 1.02701e-11 0.00000e+00
1.63000e+03 1.53170e-11 0.00000e+00
1.63100e+03 1.32478e-11 0.00000e+00
1.63200e+03 1.82207e-11 0.00000e+00
1.63300e+03 1.84110e-11 0.00000e+00
1.63400e+03 1.45651e-11 0.00000e+00
1.63500e+03 1.09691e-11 0.00000e+00
1.63600e+03 1.33829e-11 0.00000e+00
1.63700e+03 1.81213e-11 0.00000e+00
1.63800e+03 1.43408e-11 0.00000e+00
1.63900e+03 1.80510e-11 0.00000e+00
1.64000e+03 1.32931e-11 0.00000e+00
1.64100e+03 1.32988e-11 0.00000e+00
1.64200e+03 1.89468e-11 0.00000e+00
1.64300e+03 1.48147e-11 0.00000e+00
1.64400e+03 1.78381e-11 0.00000e+00
1.64500e+03 1.20771e-11 0.00000e+00
1.64600e+03 1.28131e-11 0.00000e+00
1.64700e+03 1.27494e-11 0.00000e+00
1.64800e+03 1.32807e-11 0.00000e+00
1.64900e+03 1.31949e-11 0.00000e+00
1.65000e+03 1.43068e-11 0.00000e+00
1.65100e+03 1.53351e-11 0.00000e+00
1.65200e+03 1.02093e-11 0.00000e+00
1.65300e+03 1.46354e-11 0.00000e+00
1.65400e+03 1.47090e-11 0.00000e+00
1.65500e+03 1.82621e-11 0.00000e+00
1.65600e+03 1.09271e-11 0.00000e+00
1.65700e+03 1.53402e-11 0.00000e+00
1.65800e+03 1.25512e-11 0.00000e+00
1.65900e+03 1.24533e-11 0.00000e+00
1.66000e+03 1.26238e-11 0.00000e+00
1.66100e+03 1.41165e-11 0.00000e+00
1.66200e+03 1.29743e-11 0.00000e+00
1.66300e+03 1.42953e-11 0.00000e+00
1.66400e+03 9.33969e-12 0.00000e+00
1.66500e+03 1.39733e-11 0.00000e+00
1.66600e+03 1.37648e-11 0.00000e+00
1.66700e+03 1.46442e-11 0.00000e+00
1.66800e+03 1.70335e-11 0.00000e+00
1.66900e+03 1.45965e-11 0.00000e+00
1.67000e+03 1.31941e-11 0.00000e+00
1.67100e+03 1.32498e-11 0.00000e+00
1.67200e+03 1.44980e-11 0.00000e+00
1.67300e+03 1.37017e-11 0.00000e+00
1.67400e+03 1.44438e-11 0.00000e+00
1.67500e+03 1.51052e-11 0.00000e+00
1.67600e+03 1.25289e-11 0.00000e+00
1.67700e+03 1.25373e-11 0.00000e+00
1.67800e+03 1.60084e-11 0.00000e+00
1.67900e+03 1.12063e-11 0.00000e+00
1.68000e+03 1.36148e-11 0.00000e+00
1.68100e+03 1.14513e-11 0.00000e+00
1.68200e+03 1.51764e-11 0.00000e+00
1.68300e+03 1.30737e-11 0.00000e+00
1.68400e+03 1.16945e-11 0.00000e+00
1.68500e+03 1.32990e-11 0.00000e+00
1.68600e+03 1.34872e-11 0.00000e+00
1.68700e+03 1.14673e-11 0.00000e+00
1.68800e+03 1.40442e-11 0.00000e+00
1.68900e+03 1.83527e-11 0.00000e+00
1.69000e+03 1.09024e-11 0.00000e+00
1.69100e+03 1.08117e-11 0.00000e+00
1.69200e+03 1.32704e-11 0.00000e+00
1.69300e+03 1.32578e-11 0.00000e+00
1.69400e+03 1.52766e-11 0.00000e+00
1.69500e+03 1.53882e-11 0.00000e+00
1.69600e+03 1.24014e-11 0.00000e+00
1.69700e+03 1.36591e-11 0.00000e+00
1.69800e+03 1.46696e-11 0.00000e+00
1.69900e+03 1.50313e-11 0.00000e+00
1.70000e+03 1.14092e-11 0.00000e+00
1.70100e+03 1.34718e-11 0.00000e+00
1.70200e+03 1.14580e-11 0.00000e+00
1.70300e+03 1.78511e-11 0.00000e+00
1.70400e+03 1.55051e-11 0.00000e+00
1.70500e+03 1.05954e-11 0.00000e+00
1.70600e+03 1.17751e-11 0.00000e+00
1.70700e+03 1.53891e-11 0.00000e+00
1.70800e+03 1.59340e-11 0.00000e+00
1.70900e+03 1.25888e-11 0.00000e+00
1.71000e+03 9.37706e-12 0.00000e+00
1.71100e+03 8.90032e-12 0.00000e+00
1.71200e+03 1.28234e-11 0.00000e+00
1.71300e+03 1.38629e-11 0.00000e+00
1.71400e+03 1.58777e-11 0.00000e+00
1.71500e+03 1.18596e-11 0.00000e+00
1.71600e+03 1.25569e-11 0.00000e+00
1.71700e+03 1.11505e-11 0.00000e+00
1.71800e+03 1.22094e-11 0.00000e+00
1.71900e+03 1.15175e-11 0.00000e+00
1.72000e+03 1.37332e-11 0.00000e+00
1.72100e+03 1.20671e-11 0.00000e+00
1.72200e+03 1.47737e-11 0.00000e+00
1.72300e+03 1.29912e-11 0.00000e+00
1.72400e+03 1.26558e-11 0.00000e+00
1.72500e+03 1.07075e-11 0.00000e+00
1.72600e+03 1.22793e-11 0.00000e+00
1.72700e+03 1.10992e-11 0.00000e+00
1.72800e+03 1.49161e-11 0.00000e+00
1.72900e+03 9.03330e-12 0.00000e+00
1.73000e+03 1.57264e-11 0.00000e+00
1.73100e+03 9.44715e-12 0.00000e+00
1.73200e+03 1.06895e-11 0.00000e+00
1.73300e+03 1.38998e-11 0.00000e+00
1.73400e+03 1.14556e-11 0.00000e+00
1.73500e+03 8.25702e-12 0.00000e+00
1.73600e+03 1.28583e-11 0.00000e+00
1.73700e+03 1.27986e-11 0.00000e+00
1.73800e+03 1.48953e-11 0.00000e+00
1.73900e+03 1.42471e-11 0.00000e+00
1.74000e+03 1.45780e-11 0.00000e+00
1.74100e+03 1.02359e-11 0.00000e+00
1.74200e+03 9.10628e-12 0.00000e+00
1.74300e+03 1.27736e-11 0.00000e+00
1.74400e+03 1.06935e-11 0.00000e+00
1.74500e+03 1.17467e-11 0.00000e+00
1.74600e+03 1.15546e-11 0.00000e+00
1.74700e+03 1.15751e-11 0.00000e+00
1.74800e+03 1.11909e-11 0.00000e+00
1.74900e+03 8.67519e-12 0.00000e+00
1.75000e+03 1.23428e-11 0.00000e+00
1.75100e+03 9.66466e-12 0.00000e+00
1.75200e+03 8.79738e-12 0.00000e+00
1.75300e+03 1.37296e-11 0.00000e+00
1.75400e+03 1.05907e-11 0.00000e+00
1.75500e+03 1.45344e-11 0.00000e+00
1.75600e+03 1.18767e-11 0.00000e+00
1.75700e+03 1.15024e-11 0.00000e+00
1.75800e+03 1.67198e-11 0.00000e+00
1.75900e+03 1.38841e-11 0.00000e+00
1.76000e+03 9.94731e-12 0.00000e+00
1.76100e+03 1.43156e-11 0.00000e+00
1.76200e+03 1.14443e-11 0.00000e+00
1.76300e+03 8.76292e-12 0.00000e+00
1.76400e+03 1.27220e-11 0.00000e+00
1.76500e+03 1.07030e-11 0.00000e+00
1.76600e+03 1.06520e-11 0.00000e+00
1.76700e+03 1.14036e-11 0.00000e+00
1.76800e+03 1.20859e-11 0.00000e+00
1.76900e+03 1.23436e-11 0.00000e+00
1.77000e+03 1.16684e-11 0.00000e+00
1.77100e+03 9.62862e-12 0.00000e+00
1.77200e+03 1.26917e-11 0.00000e+00
1.77300e+03 1.08157e-11 0.00000e+00
1.77400e+03 7.77128e-12 0.00000e+00
1.77500e+03 1.02330e-11 0.00000e+00
1.77600e+03 1.03887e-11 0.00000e+00
1.77700e+03 1.23937e-11 0.00000e+00
1.77800e+03 1.19780e-11 0.00000e+00
1.77900e+03 1.33772e-11 0.00000e+00
1.78000e+03 1.20948e-11 0.00000e+00
1.78100e+03 1.12455e-11 0.00000e+00
1.78200e+03 5.13606e-12 0.00000e+00
1.78300e+03 1.22600e-11 0.00000e+00
1.78400e+03 1.30875e-11 0.00000e+00
1.78500e+03 1.56737e-11 0.00000e+00
1.78600e+03 1.17382e-11 0.00000e+00
1.78700e+03 9.69429e-12 0.00000e+00
1.78800e+03 1.16468e-11 0.00000e+00
1.78900e+03 1.22103e-11 0.00000e+00
1.79000e+03 9.51937e-12 0.00000e+00
1.79100e+03 8.78229e-12 0.00000e+00
1.79200e+03 1.20457e-11 0.00000e+00
1.79300e+03 8.90239e-12 0.00000e+00
1.79400e+03 9.11682e-12 0.00000e+00
1.79500e+03 7.88787e-12 0.00000e+00
1.79600e+03 1.44672e-11 0.00000e+00
1.79700e+03 9.43208e-12 0.00000e+00
1.79800e+03 1.20220e-11 0.00000e+00
1.79900e+03 1.04457e-11 0.00000e+00
1.80000e+03 1.21597e-11 0.00000e+00
1.80100e+03 8.50533e-12 0.00000e+00
1.80200e+03 9.26573e-12 0.00000e+00
1.80300e+03 9.98423e-12 0.00000e+00
1.80400e+03 1.34941e-11 0.00000e+00
1.80500e+03 1.12234e-11 0.00000e+00
1.80600e+03 1.25820e-11 0.00000e+00
1.80700e+03 1.14332e-11 0.00000e+00
1.80800e+03 5.47408e-12 0.00000e+00
1.80900e+03 1.03960e-11 0.00000e+00
1.81000e+03 9.91966e-12 0.00000e+00
1.81100e+03 1.30791e-11 0.00000e+00
1.81200e+03 1.04858e-11 0.00000e+00
1.81300e+03 1.01970e-11 0.00000e+00
1.81400e+03 9.95131e-12 0.00000e+00
1.81500e+03 9.96747e-12 0.00000e+00
1.81600e+03 1.42188e-11 0.00000e+00
1.81700e+03 1.26607e-11 0.00000e+00
1.81800e+03 1.20069e-11 0.00000e+00
1.81900e+03 1.24563e-11 0.00000e+00
1.82000e+03 1.10668e-11 0.00000e+00
1.82100e+03 1.23343e-11 0.00000e+00
1.82200e+03 9.63178e-12 0.00000e+00
1.82300e+03 1.51171e-11 0.00000e+00
1.82400e+03 9.55362e-12 0.00000e+00
1.82500e+03 9.98205e-12 0.00000e+00
1.82600e+03 1.16728e-11 0.00000e+00
1.82700e+03 7.81632e-12 0.00000e+00
1.82800e+03 1.24957e-11 0.00000e+00
1.82900e+03 7.88343e-12 0.00000e+00
1.83000e+03 9.32275e-12 0.00000e+00
1.83100e+03 8.48143e-12 0.00000e+00
1.83200e+03 1.03468e-11 0.00000e+00
1.83300e+03 9.38918e-12 0.00000e+00
1.83400e+03 1.10471e-11 0.00000e+00
1.83500e+03 1.02771e-11 0.00000e+00
1.83600e+03 1.05121e-11 0.00000e+00
1.83700e+03 1.36971e-11 0.00000e+00
1.83800e+03 1.10412e-11 0.00000e+00
1.83900e+03 1.24342e-11 0.00000e+00
1.84000e+03 1.08973e-11 0.00000e+00
1.84100e+03 1.15024e-11 0.00000e+00
1.84200e+03 1.00292e-11 0.00000e+00
1.84300e+03 1.01424e-11 0.00000e+00
1.84400e+03 1.00603e-11 0.00000e+00
1.84500e+03 1.01906e-11 0.00000e+00
1.84600e+03 1.01847e-11 0.00000e+00
1.84700e+03 8.01111e-12 0.00000e+00
1.84800e+03 9.26830e-12 0.00000e+00
1.84900e+03 1.31161e-11 0.00000e+00
1.85000e+03 1.28140e-11 0.00000e+00
1.85100e+03 7.31343e-12 0.00000e+00
1.85200e+03 5.60619e-12 0.00000e+00
1.85300e+03 1.07729e-11 0.00000e+00
1.85400e+03 1.00189e-11 0.00000e+00
1.85500e+03 1.18909e-11 0.00000e+00
1.85600e+03 1.06982e-11 0.00000e+00
1.85700e+03 1.01183e-11 0.00000e+00
1.85800e+03 8.02258e-12 0.00000e+00
1.85900e+03 1.27867e-11 0.00000e+00
1.86000e+03 1.15068e-11 0.00000e+00
1.86100e+03 1.05709e-11 0.00000e+00
1.86200e+03 9.84575e-12 0.00000e+00
1.86300e+03 1.11800e-11 0.00000e+00
1.86400e+03 9.87242e-12 0.00000e+00
1.86500e+03 1.02005e-11 0.00000e+00
1.86600e+03 8.79497e-12 0.00000e+00
1.86700e+03 1.33587e-11 0.00000e+00
1.86800e+03 1.11507e-11 0.00000e+00
1.86900e+03 9.40864e-12 0.00000e+00
1.87000e+03 9.74804e-12 0.00000e+00
1.87100e+03 8.87625e-12 0.00000e+00
1.87200e+03 9.74585e-12 0.00000e+00
1.87300e+03 8.03254e-12 0.00000e+00
1.87400e+03 8.81271e-12 0.00000e+00
1.87500e+03 8.03723e-12 0.00000e+00
1.87600e+03 9.83987e-12 0.00000e+00
1.87700e+03 9.28687e-12 0.00000e+00
1.87800e+03 1.06490e-11 0.00000e+00
1.87900e+03 1.22815e-11 0.00000e+00
1.88000e+03 1.04798e-11 0.00000e+00
1.88100e+03 7.83705e-12 0.00000e+00
1.88200e+03 9.81315e-12 0.00000e+00
1.88300e+03 1.13761e-11 0.00000e+00
1.88400e+03 1.12641e-11 0.00000e+00
1.88500e+03 7.67958e-12 0.00000e+00
1.88600e+03 1.10870e-11 0.00000e+00
1.88700e+03 1.36483e-11 0.00000e+00
1.88800e+03 1.19324e-11 0.00000e+00
1.88900e+03 1.15811e-11 0.00000e+00
1.89000e+03 6.41919e-12 0.00000e+00
1.89100e+03 9.03820e-12 0.00000e+00
1.89200e+03 1.12186e-11 0.00000e+00
1.89300e+03 1.16993e-11 0.00000e+00
1.89400e+03 1.18412e-11 0.00000e+00
1.89500e+03 6.46605e-12 0.00000e+00
1.89600e+03 1.11990e-11 0.00000e+00
1.89700e+03 1.05515e-11 0.00000e+00
1.89800e+03 9.18522e-12 0.00000e+00
1.89900e+03 8.66562e-12 0.00000e+00
1.90000e+03 5.10826e-12 0.00000e+00
1.90100e+03 7.35613e-12 0.00000e+00
1.90200e+03 1.40722e-11 0.00000e+00
1.90300e+03 1.14600e-11 0.00000e+00
1.90400e+03 8.81200e-12 0.00000e+00
1.90500e+03 8.75170e-12 0.00000e+00
1.90600e+03 1.18954e-11 0.00000e+00
1.90700e+03 7.74825e-12 0.00000e+00
1.90800e+03 1.07053e-11 0.00000e+00
1.90900e+03 9.61924e-12 0.00000e+00
1.91000e+03 9.01299e-12 0.00000e+00
1.91100e+03 8.86203e-12 0.00000e+00
1.91200e+03 8.24735e-12 0.00000e+00
1.91300e+03 9.90044e-12 0.00000e+00
1.91400e+03 1.06090e-11 0.00000e+00
1.91500e+03 9.38115e-12 0.00000e+00
1.91600e+03 9.58099e-12 0.00000e+00
1.91700e+03 7.13994e-12 0.00000e+00
1.91800e+03 7.27335e-12 0.00000e+00
1.91900e+03 7.76696e-12 0.00000e+00
1.92000e+03 7.92324e-12 0.00000e+00
1.92100e+03 9.63246e-12 0.00000e+00
1.92200e+03 1.16232e-11 0.00000e+00
1.92300e+03 8.05031e-12 0.00000e+00
1.92400e+03 1.00147e-11 0.00000e+00
1.92500e+03 7.37440e-12 0.00000e+00
1.92600e+03 6.03571e-12 0.00000e+00
1.92700e+03 8.57158e-12 0.00000e+00
1.92800e+03 9.62935e-12 0.00000e+00
1.92900e+03 1.02377e-11 0.00000e+00
1.93000e+03 1.08224e-11 0.00000e+00
1.93100e+03 6.95911e-12 0.00000e+00
1.93200e+03 1.06764e-11 0.00000e+00
1.93300e+03 6.03081e-12 0.00000e+00
1.93400e+03 7.78152e-12 0.00000e+00
1.93500e+03 7.31221e-12 0.00000e+00
1.93600e+03 1.01914e-11 0.00000e+00
1.93700e+03 1.10033e-11 0.00000e+00
1.93800e+03 5.97077e-12 0.00000e+00
1.93900e+03 1.01156e-11 0.00000e+00
1.94000e+03 7.35832e-12 0.00000e+00
1.94100e+03 9.81079e-12 0.00000e+00
1.94200e+03 9.52398e-12 0.00000e+00
1.94300e+03 1.01233e-11 0.00000e+00
1.94400e+03 1.00694e-11 0.00000e+00
1.94500e+03 1.14459e-11 0.00000e+00
1.94600e+03 1.04227e-11 0.00000e+00
1.94700e+03 6.47913e-12 0.00000e+00
1.94800e+03 1.18986e-11 0.00000e+00
1.94900e+03 7.95346e-12 0.00000e+00
1.95000e+03 7.71790e-12 0.00000e+00
1.95100e+03 9.39781e-12 0.00000e+00
1.95200e+03 1.05384e-11 0.00000e+00
1.95300e+03 8.35459e-12 0.00000e+00
1.95400e+03 6.57685e-12 0.00000e+00
1.95500e+03 9.00126e-12 0.00000e+00
1.95600e+03 6.80557e-12 0.00000e+00
1.95700e+03 8.79591e-12 0.00000e+00
1.95800e+03 8.61744e-12 0.00000e+00
1.95900e+03 6.17603e-12 0.00000e+00
1.96000e+03 7.84147e-12 0.00000e+00
1.96100e+03 8.32593e-12 0.00000e+00
1.96200e+03 7.83143e-12 0.00000e+00
1.96300e+03 1.16556e-11 0.00000e+00
1.96400e+03 8.81636e-12 0.00000e+00
1.96500e+03 8.75393e-12 0.00000e+00
1.96600e+03 1.18744e-11 0.00000e+00
1.96700e+03 5.07873e-12 0.00000e+00
1.96800e+03 7.36675e-12 0.00000e+00
1.96900e+03 9.12867e-12 0.00000e+00
1.97000e+03 8.19466e-12 0.00000e+00
1.97100e+03 7.23791e-12 0.00000e+00
1.97200e+03 7.29620e-12 0.00000e+00
1.97300e+03 5.10497e-12 0.00000e+00
1.97400e+03 7.20144e-12 0.00000e+00
1.97500e+03 9.61415e-12 0.00000e+00
1.97600e+03 8.47440e-12 0.00000e+00
1.97700e+03 1.09877e-11 0.00000e+00
1.97800e+03 8.35480e-12 0.00000e+00
1.97900e+03 6.18304e-12 0.00000e+00
1.98000e+03 8.46374e-12 0.00000e+00
1.98100e+03 8.90129e-12 0.00000e+00
1.98200e+03 7.48020e-12 0.00000e+00
1.98300e+03 1.10986e-11 0.00000e+00
1.98400e+03 8.60490e-12 0.00000e+00
1.98500e+03 1.03605e-11 0.00000e+00
1.98600e+03 8.60515e-12 0.00000e+00
1.98700e+03 6.62648e-12 0.00000e+00
1.98800e+03 9.38803e-12 0.00000e+00
1.98900e+03 8.57480e-12 0.00000e+00
1.99000e+03 8.19485e-12 0.00000e+00
1.99100e+03 6.93676e-12 0.00000e+00
1.99200e+03 6.71757e-12 0.00000e+00
1.99300e+03 8.58804e-12 0.00000e+00
1.99400e+03 1.03351e-11 0.00000e+00
1.99500e+03 6.93820e-12 0.00000e+00
1.99600e+03 1.07002e-11 0.00000e+00
1.99700e+03 5.78404e-12 0.00000e+00
1.99800e+03 9.11600e-12 0.00000e+00
1.99900e+03 6.38226e-12 0.00000e+00
2.00000e+03 9.12712e-12 0.00000e+00
