0.00000e+00 0.00000e+00 0.00000e+00
1.00000e+00 0.00000e+00 0.00000e+00
2.00000e+00 0.00000e+00 0.00000e+00
3.00000e+00 0.00000e+00 0.00000e+00
4.00000e+00 0.00000e+00 0.00000e+00
5.00000e+00 0.00000e+00 0.00000e+00
6.00000e+00 0.00000e+00 0.00000e+00
7.00000e+00 0.00000e+00 0.00000e+00
8.00000e+00 0.00000e+00 0.00000e+00
9.00000e+00 0.00000e+00 0.00000e+00
1.00000e+01 0.00000e+00 0.00000e+00
1.10000e+01 0.00000e+00 0.00000e+00
1.20000e+01 0.00000e+00 0.00000e+00
1.30000e+01 0.00000e+00 0.00000e+00
1.40000e+01 0.00000e+00 0.00000e+00
1.50000e+01 0.00000e+00 0.00000e+00
1.60000e+01 0.00000e+00 0.00000e+00
1.70000e+01 0.00000e+00 0.00000e+00
1.80000e+01 0.00000e+00 0.00000e+00
1.90000e+01 0.00000e+00 0.00000e+00
2.00000e+01 0.00000e+00 0.00000e+00
2.10000e+01 0.00000e+00 0.00000e+00
2.20000e+01 0.00000e+00 0.00000e+00
2.30000e+01 0.00000e+00 0.00000e+00
2.40000e+01 0.00000e+00 0.00000e+00
2.50000e+01 0.00000e+00 0.00000e+00
2.60000e+01 0.00000e+00 0.00000e+00
2.70000e+01 0.00000e+00 0.00000e+00
2.80000e+01 0.00000e+00 0.00000e+00
2.90000e+01 0.00000e+00 0.00000e+00
3.00000e+01 0.00000e+00 0.00000e+00
3.10000e+01 0.00000e+00 0.00000e+00
3.20000e+01 0.00000e+00 0.00000e+00
3.30000e+01 0.00000e+00 0.00000e+00
3.40000e+01 0.00000e+00 0.00000e+00
3.50000e+01 0.00000e+00 0.00000e+00
3.60000e+01 0.00000e+00 0.00000e+00
3.70000e+01 0.00000e+00 0.00000e+00
3.80000e+01 0.00000e+00 0.00000e+00
3.90000e+01 0.00000e+00 0.00000e+00
4.00000e+01 0.00000e+00 0.00000e+00
4.10000e+01 0.00000e+00 0.00000e+00
4.20000e+01 0.00000e+00 0.00000e+00
4.30000e+01 0.00000e+00 0.00000e+00
4.40000e+01 0.00000e+00 0.00000e+00
4.50000e+01 0.00000e+00 0.00000e+00
4.60000e+01 0.00000e+00 0.00000e+00
4.70000e+01 0.00000e+00 0.00000e+00
4.80000e+01 0.00000e+00 0.00000e+00
4.90000e+01 0.00000e+00 0.00000e+00
5.00000e+01 0.00000e+00 0.00000e+00
5.10000e+01 0.00000e+00 0.00000e+00
5.20000e+01 0.00000e+00 0.00000e+00
5.30000e+01 0.00000e+00 0.00000e+00
5.40000e+01 0.00000e+00 0.00000e+00
5.50000e+01 0.00000e+00 0.00000e+00
5.60000e+01 0.00000e+00 0.00000e+00
5.70000e+01 0.00000e+00 0.00000e+00
5.80000e+01 0.00000e+00 0.00000e+00
5.90000e+01 0.00000e+00 0.00000e+00
6.00000e+01 0.00000e+00 0.00000e+00
6.10000e+01 0.00000e+00 0.00000e+00
6.20000e+01 0.00000e+00 0.00000e+00
6.30000e+01 0.00000e+00 0.00000e+00
6.40000e+01 0.00000e+00 0.00000e+00
6.50000e+01 0.00000e+00 0.00000e+00
6.60000e+01 0.00000e+00 0.00000e+00
6.70000e+01 0.00000e+00 0.00000e+00
6.80000e+01 0.00000e+00 0.00000e+00
6.90000e+01 0.00000e+00 0.00000e+00
7.00000e+01 0.00000e+00 0.00000e+00
7.10000e+01 0.00000e+00 0.00000e+00
7.20000e+01 0.00000e+00 0.00000e+00
7.30000e+01 0.00000e+00 0.00000e+00
7.40000e+01 0.00000e+00 0.00000e+00
7.50000e+01 0.00000e+00 0.00000e+00
7.60000e+01 0.00000e+00 0.00000e+00
7.70000e+01 0.00000e+00 0.00000e+00
7.80000e+01 0.00000e+00 0.00000e+00
7.90000e+01 0.00000e+00 0.00000e+00
8.00000e+01 0.00000e+00 0.00000e+00
8.10000e+01 0.00000e+00 0.00000e+00
8.20000e+01 0.00000e+00 0.00000e+00
8.30000e+01 0.00000e+00 0.00000e+00
8.40000e+01 0.00000e+00 0.00000e+00
8.50000e+01 0.00000e+00 0.00000e+00
8.60000e+01 0.00000e+00 0.00000e+00
8.70000e+01 0.00000e+00 0.00000e+00
8.80000e+01 0.00000e+00 0.00000e+00
8.90000e+01 0.00000e+00 0.00000e+00
9.00000e+01 0.00000e+00 0.00000e+00
9.10000e+01 0.00000e+00 0.00000e+00
9.20000e+01 0.00000e+00 0.00000e+00
9.30000e+01 0.00000e+00 0.00000e+00
9.40000e+01 0.00000e+00 0.00000e+00
9.50000e+01 0.00000e+00 0.00000e+00
9.60000e+01 0.00000e+00 0.00000e+00
9.70000e+01 0.00000e+00 0.00000e+00
9.80000e+01 0.00000e+00 0.00000e+00
9.90000e+01 0.00000e+00 0.00000e+00
1.00000e+02 0.00000e+00 0.00000e+00
1.01000e+02 0.00000e+00 0.00000e+00
1.02000e+02 0.00000e+00 0.00000e+00
1.03000e+02 0.00000e+00 0.00000e+00
1.04000e+02 0.00000e+00 0.00000e+00
1.05000e+02 0.00000e+00 0.00000e+00
1.06000e+02 0.00000e+00 0.00000e+00
1.07000e+02 0.00000e+00 0.00000e+00
1.08000e+02 0.00000e+00 0.00000e+00
1.09000e+02 0.00000e+00 0.00000e+00
1.10000e+02 0.00000e+00 0.00000e+00
1.11000e+02 0.00000e+00 0.00000e+00
1.12000e+02 0.00000e+00 0.00000e+00
1.13000e+02 0.00000e+00 0.00000e+00
1.14000e+02 0.00000e+00 0.00000e+00
1.15000e+02 0.00000e+00 0.00000e+00
1.16000e+02 0.00000e+00 0.00000e+00
1.17000e+02 0.00000e+00 0.00000e+00
1.18000e+02 0.00000e+00 0.00000e+00
1.19000e+02 0.00000e+00 0.00000e+00
1.20000e+02 0.00000e+00 0.00000e+00
1.21000e+02 0.00000e+00 0.00000e+00
1.22000e+02 0.00000e+00 0.00000e+00
1.23000e+02 0.00000e+00 0.00000e+00
1.24000e+02 0.00000e+00 0.00000e+00
1.25000e+02 0.00000e+00 0.00000e+00
1.26000e+02 0.00000e+00 0.00000e+00
1.27000e+02 0.00000e+00 0.00000e+00
1.28000e+02 0.00000e+00 0.00000e+00
1.29000e+02 0.00000e+00 0.00000e+00
1.30000e+02 0.00000e+00 0.00000e+00
1.31000e+02 0.00000e+00 0.00000e+00
1.32000e+02 0.00000e+00 0.00000e+00
1.33000e+02 0.00000e+00 0.00000e+00
1.34000e+02 0.00000e+00 0.00000e+00
1.35000e+02 0.00000e+00 0.00000e+00
1.36000e+02 0.00000e+00 0.00000e+00
1.37000e+02 0.00000e+00 0.00000e+00
1.38000e+02 0.00000e+00 0.00000e+00
1.39000e+02 0.00000e+00 0.00000e+00
1.40000e+02 0.00000e+00 0.00000e+00
1.41000e+02 0.00000e+00 0.00000e+00
1.42000e+02 0.00000e+00 0.00000e+00
1.43000e+02 0.00000e+00 0.00000e+00
1.44000e+02 0.00000e+00 0.00000e+00
1.45000e+02 0.00000e+00 0.00000e+00
1.46000e+02 0.00000e+00 0.00000e+00
1.47000e+02 0.00000e+00 0.00000e+00
1.48000e+02 0.00000e+00 0.00000e+00
1.49000e+02 0.00000e+00 0.00000e+00
1.50000e+02 0.00000e+00 0.00000e+00
1.51000e+02 0.00000e+00 0.00000e+00
1.52000e+02 0.00000e+00 0.00000e+00
1.53000e+02 0.00000e+00 0.00000e+00
1.54000e+02 0.00000e+00 0.00000e+00
1.55000e+02 0.00000e+00 0.00000e+00
1.56000e+02 0.00000e+00 0.00000e+00
1.57000e+02 0.00000e+00 0.00000e+00
1.58000e+02 0.00000e+00 0.00000e+00
1.59000e+02 0.00000e+00 0.00000e+00
1.60000e+02 0.00000e+00 0.00000e+00
1.61000e+02 0.00000e+00 0.00000e+00
1.62000e+02 0.00000e+00 0.00000e+00
1.63000e+02 0.00000e+00 0.00000e+00
1.64000e+02 0.00000e+00 0.00000e+00
1.65000e+02 0.00000e+00 0.00000e+00
1.66000e+02 0.00000e+00 0.00000e+00
1.67000e+02 0.00000e+00 0.00000e+00
1.68000e+02 0.00000e+00 0.00000e+00
1.69000e+02 0.00000e+00 0.00000e+00
1.70000e+02 0.00000e+00 0.00000e+00
1.71000e+02 0.00000e+00 0.00000e+00
1.72000e+02 0.00000e+00 0.00000e+00
1.73000e+02 0.00000e+00 0.00000e+00
1.74000e+02 0.00000e+00 0.00000e+00
1.75000e+02 0.00000e+00 0.00000e+00
1.76000e+02 0.00000e+00 0.00000e+00
1.77000e+02 0.00000e+00 0.00000e+00
1.78000e+02 0.00000e+00 0.00000e+00
1.79000e+02 0.00000e+00 0.00000e+00
1.80000e+02 0.00000e+00 0.00000e+00
1.81000e+02 0.00000e+00 0.00000e+00
1.82000e+02 0.00000e+00 0.00000e+00
1.83000e+02 0.00000e+00 0.00000e+00
1.84000e+02 0.00000e+00 0.00000e+00
1.85000e+02 0.00000e+00 0.00000e+00
1.86000e+02 0.00000e+00 0.00000e+00
1.87000e+02 0.00000e+00 0.00000e+00
1.88000e+02 0.00000e+00 0.00000e+00
1.89000e+02 0.00000e+00 0.00000e+00
1.90000e+02 0.00000e+00 0.00000e+00
1.91000e+02 0.00000e+00 0.00000e+00
1.92000e+02 0.00000e+00 0.00000e+00
1.93000e+02 0.00000e+00 0.00000e+00
1.94000e+02 0.00000e+00 0.00000e+00
1.95000e+02 0.00000e+00 0.00000e+00
1.96000e+02 0.00000e+00 0.00000e+00
1.97000e+02 0.00000e+00 0.00000e+00
1.98000e+02 0.00000e+00 0.00000e+00
1.99000e+02 0.00000e+00 0.00000e+00
2.00000e+02 9.27389e-12 0.00000e+00
2.01000e+02 7.98214e-12 0.00000e+00
2.02000e+02 8.67659e-12 0.00000e+00
2.03000e+02 8.65986e-12 0.00000e+00
2.04000e+02 8.35851e-12 0.00000e+00
2.05000e+02 7.09872e-12 0.00000e+00
2.06000e+02 8.80608e-12 0.00000e+00
2.07000e+02 8.38603e-12 0.00000e+00
2.08000e+02 7.44136e-12 0.00000e+00
2.09000e+02 7.27186e-12 0.00000e+00
2.10000e+02 8.46774e-12 0.00000e+00
2.11000e+02 6.79836e-12 0.00000e+00
2.12000e+02 8.91300e-12 0.00000e+00
2.13000e+02 8.01605e-12 0.00000e+00
2.14000e+02 8.76983e-12 0.00000e+00
2.15000e+02 7.34922e-12 0.00000e+00
2.16000e+02 7.81022e-12 0.00000e+00
2.17000e+02 6.25139e-12 0.00000e+00
2.18000e+02 7.88330e-12 0.00000e+00
2.19000e+02 8.03600e-12 0.00000e+00
2.20000e+02 7.43726e-12 0.00000e+00
2.21000e+02 8.00153e-12 0.00000e+00
2.22000e+02 7.35769e-12 0.00000e+00
2.23000e+02 7.43217e-12 0.00000e+00
2.24000e+02 7.37091e-12 0.00000e+00
2.25000e+02 8.41948e-12 0.00000e+00
2.26000e+02 8.30817e-12 0.00000e+00
2.27000e+02 6.53181e-12 0.00000e+00
2.28000e+02 6.51884e-12 0.00000e+00
2.29000e+02 7.10317e-12 0.00000e+00
2.30000e+02 7.72487e-12 0.00000e+00
2.31000e+02 7.58864e-12 0.00000e+00
2.32000e+02 7.42139e-12 0.00000e+00
2.33000e+02 6.63402e-12 0.00000e+00
2.34000e+02 8.20311e-12 0.00000e+00
2.35000e+02 6.79545e-12 0.00000e+00
2.36000e+02 7.88462e-12 0.00000e+00
2.37000e+02 6.62559e-12 0.00000e+00
2.38000e+02 6.82022e-12 0.00000e+00
2.39000e+02 7.04997e-12 0.00000e+00
2.40000e+02 7.17650e-12 0.00000e+00
2.41000e+02 7.84620e-12 0.00000e+00
2.42000e+02 7.55281e-12 0.00000e+00
2.43000e+02 6.58949e-12 0.00000e+00
2.44000e+02 6.93893e-12 0.00000e+00
2.45000e+02 7.51767e-12 0.00000e+00
2.46000e+02 6.57997e-12 0.00000e+00
2.47000e+02 6.96444e-12 0.00000e+00
2.48000e+02 6.56471e-12 0.00000e+00
2.49000e+02 6.85291e-12 0.00000e+00
2.50000e+02 5.82604e-12 0.00000e+00
2.51000e+02 7.31328e-12 0.00000e+00
2.52000e+02 6.42857e-12 0.00000e+00
2.53000e+02 6.48333e-12 0.00000e+00
2.54000e+02 6.78007e-12 0.00000e+00
2.55000e+02 6.53625e-12 0.00000e+00
2.56000e+02 6.18911e-12 0.00000e+00
2.57000e+02 6.67538e-12 0.00000e+00
2.58000e+02 6.61977e-12 0.00000e+00
2.59000e+02 6.60585e-12 0.00000e+00
2.60000e+02 6.86894e-12 0.00000e+00
2.61000e+02 7.04930e-12 0.00000e+00
2.62000e+02 6.50823e-12 0.00000e+00
2.63000e+02 6.56027e-12 0.00000e+00
2.64000e+02 6.55048e-12 0.00000e+00
2.65000e+02 7.31453e-12 0.00000e+00
2.66000e+02 7.02577e-12 0.00000e+00
2.67000e+02 6.54062e-12 0.00000e+00
2.68000e+02 6.14134e-12 0.00000e+00
2.69000e+02 6.23270e-12 0.00000e+00
2.70000e+02 6.60476e-12 0.00000e+00
2.71000e+02 6.14203e-12 0.00000e+00
2.72000e+02 6.74175e-12 0.00000e+00
2.73000e+02 6.74964e-12 0.00000e+00
2.74000e+02 7.07629e-12 0.00000e+00
2.75000e+02 6.69241e-12 0.00000e+00
2.76000e+02 5.46740e-12 0.00000e+00
2.77000e+02 6.22666e-12 0.00000e+00
2.78000e+02 6.70459e-12 0.00000e+00
2.79000e+02 6.01769e-12 0.00000e+00
2.80000e+02 6.08335e-12 0.00000e+00
2.81000e+02 6.15322e-12 0.00000e+00
2.82000e+02 6.48268e-12 0.00000e+00
2.83000e+02 5.12768e-12 0.00000e+00
2.84000e+02 6.18881e-12 0.00000e+00
2.85000e+02 6.20923e-12 0.00000e+00
2.86000e+02 6.57036e-12 0.00000e+00
2.87000e+02 6.05300e-12 0.00000e+00
2.88000e+02 5.90965e-12 0.00000e+00
2.89000e+02 5.62301e-12 0.00000e+00
2.90000e+02 6.16995e-12 0.00000e+00
2.91000e+02 5.88481e-12 0.00000e+00
2.92000e+02 6.20699e-12 0.00000e+00
2.93000e+02 5.25101e-12 0.00000e+00
2.94000e+02 6.56474e-12 0.00000e+00
2.95000e+02 6.15317e-12 0.00000e+00
2.96000e+02 6.40892e-12 0.00000e+00
2.97000e+02 5.74399e-12 0.00000e+00
2.98000e+02 6.53775e-12 0.00000e+00
2.99000e+02 6.23179e-12 0.00000e+00
3.00000e+02 5.50086e-12 0.00000e+00
3.01000e+02 5.64961e-12 0.00000e+00
3.02000e+02 5.71969e-12 0.00000e+00
3.03000e+02 5.76946e-12 0.00000e+00
3.04000e+02 6.06680e-12 0.00000e+00
3.05000e+02 5.80198e-12 0.00000e+00
3.06000e+02 6.55071e-12 0.00000e+00
3.07000e+02 6.26052e-12 0.00000e+00
3.08000e+02 5.95714e-12 0.00000e+00
3.09000e+02 5.55437e-12 0.00000e+00
3.10000e+02 6.62470e-12 0.00000e+00
3.11000e+02 5.40257e-12 0.00000e+00
3.12000e+02 5.97364e-12 0.00000e+00
3.13000e+02 6.35048e-12 0.00000e+00
3.14000e+02 5.62244e-12 0.00000e+00
3.15000e+02 5.99285e-12 0.00000e+00
3.16000e+02 5.89383e-12 0.00000e+00
3.17000e+02 4.96843e-12 0.00000e+00
3.18000e+02 5.93623e-12 0.00000e+00
3.19000e+02 4.51482e-12 0.00000e+00
3.20000e+02 5.52296e-12 0.00000e+00
3.21000e+02 6.19761e-12 0.00000e+00
3.22000e+02 5.93306e-12 0.00000e+00
3.23000e+02 6.07165e-12 0.00000e+00
3.24000e+02 5.17591e-12 0.00000e+00
3.25000e+02 5.19336e-12 0.00000e+00
3.26000e+02 5.16020e-12 0.00000e+00
3.27000e+02 5.69768e-12 0.00000e+00
3.28000e+02 5.26813e-12 0.00000e+00
3.29000e+02 5.91326e-12 0.00000e+00
3.30000e+02 4.63945e-12 0.00000e+00
3.31000e+02 5.74426e-12 0.00000e+00
3.32000e+02 4.78473e-12 0.00000e+00
3.33000e+02 5.46584e-12 0.00000e+00
3.34000e+02 5.61885e-12 0.00000e+00
3.35000e+02 5.10893e-12 0.00000e+00
3.36000e+02 5.27967e-12 0.00000e+00
3.37000e+02 6.11685e-12 0.00000e+00
3.38000e+02 4.72497e-12 0.00000e+00
3.39000e+02 5.50470e-12 0.00000e+00
3.40000e+02 5.67620e-12 0.00000e+00
3.41000e+02 5.53239e-12 0.00000e+00
3.42000e+02 5.05096e-12 0.00000e+00
3.43000e+02 4.91317e-12 0.00000e+00
3.44000e+02 5.53705e-12 0.00000e+00
3.45000e+02 5.68731e-12 0.00000e+00
3.46000e+02 5.62985e-12 0.00000e+00
3.47000e+02 4.72241e-12 0.00000e+00
3.48000e+02 5.87802e-12 0.00000e+00
3.49000e+02 5.34505e-12 0.00000e+00
3.50000e+02 5.06803e-12 0.00000e+00
3.51000e+02 5.45615e-12 0.00000e+00
3.52000e+02 5.45840e-12 0.00000e+00
3.53000e+02 5.20202e-12 0.00000e+00
3.54000e+02 5.07328e-12 0.00000e+00
3.55000e+02 5.54097e-12 0.00000e+00
3.56000e+02 5.39398e-12 0.00000e+00
3.57000e+02 5.12633e-12 0.00000e+00
3.58000e+02 5.84927e-12 0.00000e+00
3.59000e+02 4.98215e-12 0.00000e+00
3.60000e+02 5.15347e-12 0.00000e+00
3.61000e+02 4.66492e-12 0.00000e+00
3.62000e+02 5.19568e-12 0.00000e+00
3.63000e+02 5.02377e-12 0.00000e+00
3.64000e+02 5.35264e-12 0.00000e+00
3.65000e+02 4.50231e-12 0.00000e+00
3.66000e+02 5.31842e-12 0.00000e+00
3.67000e+02 5.48324e-12 0.00000e+00
3.68000e+02 5.98439e-12 0.00000e+00
3.69000e+02 5.05807e-12 0.00000e+00
3.70000e+02 4.71687e-12 0.00000e+00
3.71000e+02 5.00509e-12 0.00000e+00
3.72000e+02 5.08349e-12 0.00000e+00
3.73000e+02 4.60830e-12 0.00000e+00
3.74000e+02 5.47932e-12 0.00000e+00
3.75000e+02 5.19776e-12 0.00000e+00
3.76000e+02 5.24703e-12 0.00000e+00
3.77000e+02 5.30334e-12 0.00000e+00
3.78000e+02 5.20855e-12 0.00000e+00
3.79000e+02 4.81736e-12 0.00000e+00
3.80000e+02 5.16959e-12 0.00000e+00
3.81000e+02 4.42558e-12 0.00000e+00
3.82000e+02 5.26596e-12 0.00000e+00
3.83000e+02 4.93562e-12 0.00000e+00
3.84000e+02 4.73162e-12 0.00000e+00
3.85000e+02 4.90122e-12 0.00000e+00
3.86000e+02 4.52947e-12 0.00000e+00
3.87000e+02 4.71277e-12 0.00000e+00
3.88000e+02 4.73180e-12 0.00000e+00
3.89000e+02 4.79380e-12 0.00000e+00
3.90000e+02 4.64591e-12 0.00000e+00
3.91000e+02 4.58061e-12 0.00000e+00
3.92000e+02 5.83363e-12 0.00000e+00
3.93000e+02 4.77559e-12 0.00000e+00
3.94000e+02 4.31207e-12 0.00000e+00
3.95000e+02 4.77124e-12 0.00000e+00
3.96000e+02 4.88266e-12 0.00000e+00
3.97000e+02 4.71132e-12 0.00000e+00
3.98000e+02 4.98555e-12 0.00000e+00
3.99000e+02 4.99212e-12 0.00000e+00
4.00000e+02 5.31142e-12 0.00000e+00
4.01000e+02 4.89980e-12 0.00000e+00
4.02000e+02 4.87309e-12 0.00000e+00
4.03000e+02 5.18154e-12 0.00000e+00
4.04000e+02 5.02606e-12 0.00000e+00
4.05000e+02 5.03654e-12 0.00000e+00
4.06000e+02 4.37461e-12 0.00000e+00
4.07000e+02 4.26615e-12 0.00000e+00
4.08000e+02 5.26232e-12 0.00000e+00
4.09000e+02 4.39171e-12 0.00000e+00
4.10000e+02 4.76195e-12 0.00000e+00
4.11000e+02 4.84840e-12 0.00000e+00
4.12000e+02 4.27878e-12 0.00000e+00
4.13000e+02 4.96942e-12 0.00000e+00
4.14000e+02 4.65725e-12 0.00000e+00
4.15000e+02 5.04356e-12 0.00000e+00
4.16000e+02 4.55942e-12 0.00000e+00
4.17000e+02 3.99942e-12 0.00000e+00
4.18000e+02 4.54888e-12 0.00000e+00
4.19000e+02 4.63331e-12 0.00000e+00
4.20000e+02 4.90413e-12 0.00000e+00
4.21000e+02 4.61215e-12 0.00000e+00
4.22000e+02 4.07414e-12 0.00000e+00
4.23000e+02 4.64642e-12 0.00000e+00
4.24000e+02 4.48360e-12 0.00000e+00
4.25000e+02 4.30234e-12 0.00000e+00
4.26000e+02 4.40635e-12 0.00000e+00
4.27000e+02 4.89035e-12 0.00000e+00
4.28000e+02 4.36572e-12 0.00000e+00
4.29000e+02 3.87912e-12 0.00000e+00
4.30000e+02 4.48598e-12 0.00000e+00
4.31000e+02 4.41417e-12 0.00000e+00
4.32000e+02 4.29829e-12 0.00000e+00
4.33000e+02 4.20657e-12 0.00000e+00
4.34000e+02 4.94268e-12 0.00000e+00
4.35000e+02 4.36841e-12 0.00000e+00
4.36000e+02 4.45961e-12 0.00000e+00
4.37000e+02 4.31941e-12 0.00000e+00
4.38000e+02 4.51615e-12 0.00000e+00
4.39000e+02 4.54561e-12 0.00000e+00
4.40000e+02 4.67380e-12 0.00000e+00
4.41000e+02 4.20032e-12 0.00000e+00
4.42000e+02 4.38956e-12 0.00000e+00
4.43000e+02 4.24208e-12 0.00000e+00
4.44000e+02 4.36937e-12 0.00000e+00
4.45000e+02 4.33182e-12 0.00000e+00
4.46000e+02 4.54379e-12 0.00000e+00
4.47000e+02 4.50858e-12 0.00000e+00
4.48000e+02 4.11832e-12 0.00000e+00
4.49000e+02 4.66262e-12 0.00000e+00
4.50000e+02 4.45082e-12 0.00000e+00
4.51000e+02 4.43346e-12 0.00000e+00
4.52000e+02 4.33389e-12 0.00000e+00
4.53000e+02 4.40646e-12 0.00000e+00
4.54000e+02 4.46352e-12 0.00000e+00
4.55000e+02 4.24059e-12 0.00000e+00
4.56000e+02 4.38353e-12 0.00000e+00
4.57000e+02 4.76925e-12 0.00000e+00
4.58000e+02 4.75206e-12 0.00000e+00
4.59000e+02 4.43732e-12 0.00000e+00
4.60000e+02 4.39665e-12 0.00000e+00
4.61000e+02 4.61275e-12 0.00000e+00
4.62000e+02 4.90115e-12 0.00000e+00
4.63000e+02 4.18135e-12 0.00000e+00
4.64000e+02 3.98494e-12 0.00000e+00
4.65000e+02 4.40535e-12 0.00000e+00
4.66000e+02 3.90553e-12 0.00000e+00
4.67000e+02 3.94666e-12 0.00000e+00
4.68000e+02 4.66396e-12 0.00000e+00
4.69000e+02 4.28953e-12 0.00000e+00
4.70000e+02 4.19234e-12 0.00000e+00
4.71000e+02 3.82918e-12 0.00000e+00
4.72000e+02 4.44591e-12 0.00000e+00
4.73000e+02 4.27691e-12 0.00000e+00
4.74000e+02 4.55976e-12 0.00000e+00
4.75000e+02 3.92272e-12 0.00000e+00
4.76000e+02 4.44120e-12 0.00000e+00
4.77000e+02 4.26054e-12 0.00000e+00
4.78000e+02 4.25570e-12 0.00000e+00
4.79000e+02 4.39437e-12 0.00000e+00
4.80000e+02 4.31958e-12 0.00000e+00
4.81000e+02 4.22940e-12 0.00000e+00
4.82000e+02 4.10722e-12 0.00000e+00
4.83000e+02 4.06077e-12 0.00000e+00
4.84000e+02 4.19328e-12 0.00000e+00
4.85000e+02 4.32124e-12 0.00000e+00
4.86000e+02 4.05082e-12 0.00000e+00
4.87000e+02 4.09960e-12 0.00000e+00
4.88000e+02 3.88750e-12 0.00000e+00
4.89000e+02 4.25015e-12 0.00000e+00
4.90000e+02 4.42425e-12 0.00000e+00
4.91000e+02 3.96334e-12 0.00000e+00
4.92000e+02 4.41895e-12 0.00000e+00
4.93000e+02 4.21121e-12 0.00000e+00
4.94000e+02 4.39307e-12 0.00000e+00
4.95000e+02 3.98244e-12 0.00000e+00
4.96000e+02 4.12019e-12 0.00000e+00
4.97000e+02 4.17075e-12 0.00000e+00
4.98000e+02 4.35597e-12 0.00000e+00
4.99000e+02 4.00196e-12 0.00000e+00
5.00000e+02 3.80484e-12 0.00000e+00
5.01000e+02 4.10086e-12 0.00000e+00
5.02000e+02 4.12346e-12 0.00000e+00
5.03000e+02 3.80256e-12 0.00000e+00
5.04000e+02 4.60087e-12 0.00000e+00
5.05000e+02 3.99306e-12 0.00000e+00
5.06000e+02 3.97444e-12 0.00000e+00
5.07000e+02 4.06321e-12 0.00000e+00
5.08000e+02 3.75997e-12 0.00000e+00
5.09000e+02 3.86146e-12 0.00000e+00
5.10000e+02 4.20099e-12 0.00000e+00
5.11000e+02 4.26676e-12 0.00000e+00
5.12000e+02 4.06575e-12 0.00000e+00
5.13000e+02 3.85101e-12 0.00000e+00
5.14000e+02 3.93922e-12 0.00000e+00
5.15000e+02 3.85914e-12 0.00000e+00
5.16000e+02 4.03758e-12 0.00000e+00
5.17000e+02 4.04251e-12 0.00000e+00
5.18000e+02 4.01279e-12 0.00000e+00
5.19000e+02 4.14335e-12 0.00000e+00
5.20000e+02 3.63277e-12 0.00000e+00
5.21000e+02 3.72299e-12 0.00000e+00
5.22000e+02 3.79678e-12 0.00000e+00
5.23000e+02 4.10902e-12 0.00000e+00
5.24000e+02 3.77943e-12 0.00000e+00
5.25000e+02 3.84408e-12 0.00000e+00
5.26000e+02 3.61435e-12 0.00000e+00
5.27000e+02 3.53892e-12 0.00000e+00
5.28000e+02 4.01411e-12 0.00000e+00
5.29000e+02 3.67750e-12 0.00000e+00
5.30000e+02 3.68758e-12 0.00000e+00
5.31000e+02 3.95481e-12 0.00000e+00
5.32000e+02 3.68750e-12 0.00000e+00
5.33000e+02 3.60727e-12 0.00000e+00
5.34000e+02 4.02951e-12 0.00000e+00
5.35000e+02 3.66715e-12 0.00000e+00
5.36000e+02 3.78420e-12 0.00000e+00
5.37000e+02 3.93039e-12 0.00000e+00
5.38000e+02 3.28292e-12 0.00000e+00
5.39000e+02 3.96391e-12 0.00000e+00
5.40000e+02 4.12650e-12 0.00000e+00
5.41000e+02 3.85806e-12 0.00000e+00
5.42000e+02 3.76633e-12 0.00000e+00
5.43000e+02 3.52635e-12 0.00000e+00
5.44000e+02 3.74286e-12 0.00000e+00
5.45000e+02 4.21359e-12 0.00000e+00
5.46000e+02 3.36544e-12 0.00000e+00
5.47000e+02 3.86924e-12 0.00000e+00
5.48000e+02 3.65503e-12 0.00000e+00
5.49000e+02 3.74374e-12 0.00000e+00
5.50000e+02 3.37587e-12 0.00000e+00
5.51000e+02 3.49749e-12 0.00000e+00
5.52000e+02 3.79358e-12 0.00000e+00
5.53000e+02 3.88328e-12 0.00000e+00
5.54000e+02 3.46674e-12 0.00000e+00
5.55000e+02 3.83009e-12 0.00000e+00
5.56000e+02 3.75670e-12 0.00000e+00
5.57000e+02 4.21696e-12 0.00000e+00
5.58000e+02 3.64644e-12 0.00000e+00
5.59000e+02 3.91515e-12 0.00000e+00
5.60000e+02 3.64538e-12 0.00000e+00
5.61000e+02 3.51367e-12 0.00000e+00
5.62000e+02 3.37682e-12 0.00000e+00
5.63000e+02 3.55372e-12 0.00000e+00
5.64000e+02 3.47341e-12 0.00000e+00
5.65000e+02 3.33447e-12 0.00000e+00
5.66000e+02 3.34261e-12 0.00000e+00
5.67000e+02 3.57114e-12 0.00000e+00
5.68000e+02 3.40973e-12 0.00000e+00
5.69000e+02 3.61767e-12 0.00000e+00
5.70000e+02 3.53662e-12 0.00000e+00
5.71000e+02 3.85178e-12 0.00000e+00
5.72000e+02 3.88923e-12 0.00000e+00
5.73000e+02 3.71113e-12 0.00000e+00
5.74000e+02 3.65779e-12 0.00000e+00
5.75000e+02 3.67282e-12 0.00000e+00
5.76000e+02 3.80797e-12 0.00000e+00
5.77000e+02 3.77326e-12 0.00000e+00
5.78000e+02 3.44128e-12 0.00000e+00
5.79000e+02 3.63348e-12 0.00000e+00
5.80000e+02 3.22638e-12 0.00000e+00
5.81000e+02 3.35726e-12 0.00000e+00
5.82000e+02 3.03493e-12 0.00000e+00
5.83000e+02 3.48483e-12 0.00000e+00
5.84000e+02 3.87838e-12 0.00000e+00
5.85000e+02 3.53953e-12 0.00000e+00
5.86000e+02 3.53038e-12 0.00000e+00
5.87000e+02 3.58290e-12 0.00000e+00
5.88000e+02 3.29854e-12 0.00000e+00
5.89000e+02 3.43381e-12 0.00000e+00
5.90000e+02 3.43576e-12 0.00000e+00
5.91000e+02 3.53049e-12 0.00000e+00
5.92000e+02 3.77253e-12 0.00000e+00
5.93000e+02 3.48665e-12 0.00000e+00
5.94000e+02 3.33301e-12 0.00000e+00
5.95000e+02 3.46212e-12 0.00000e+00
5.96000e+02 3.40042e-12 0.00000e+00
5.97000e+02 3.26974e-12 0.00000e+00
5.98000e+02 3.66436e-12 0.00000e+00
5.99000e+02 3.36460e-12 0.00000e+00
6.00000e+02 3.53345e-12 0.00000e+00
6.01000e+02 3.71418e-12 0.00000e+00
6.02000e+02 3.59406e-12 0.00000e+00
6.03000e+02 3.45734e-12 0.00000e+00
6.04000e+02 3.55347e-12 0.00000e+00
6.05000e+02 3.34067e-12 0.00000e+00
6.06000e+02 3.37835e-12 0.00000e+00
6.07000e+02 3.23940e-12 0.00000e+00
6.08000e+02 3.45824e-12 0.00000e+00
6.09000e+02 3.22102e-12 0.00000e+00
6.10000e+02 3.40084e-12 0.00000e+00
6.11000e+02 3.33002e-12 0.00000e+00
6.12000e+02 3.43339e-12 0.00000e+00
6.13000e+02 3.32028e-12 0.00000e+00
6.14000e+02 3.33210e-12 0.00000e+00
6.15000e+02 3.29004e-12 0.00000e+00
6.16000e+02 3.31587e-12 0.00000e+00
6.17000e+02 3.51694e-12 0.00000e+00
6.18000e+02 3.08213e-12 0.00000e+00
6.19000e+02 3.45853e-12 0.00000e+00
6.20000e+02 3.43705e-12 0.00000e+00
6.21000e+02 3.23413e-12 0.00000e+00
6.22000e+02 3.17755e-12 0.00000e+00
6.23000e+02 3.24712e-12 0.00000e+00
6.24000e+02 3.36377e-12 0.00000e+00
6.25000e+02 3.42146e-12 0.00000e+00
6.26000e+02 3.17092e-12 0.00000e+00
6.27000e+02 3.15198e-12 0.00000e+00
6.28000e+02 3.38211e-12 0.00000e+00
6.29000e+02 3.27512e-12 0.00000e+00
6.30000e+02 3.16718e-12 0.00000e+00
6.31000e+02 3.22033e-12 0.00000e+00
6.32000e+02 3.28354e-12 0.00000e+00
6.33000e+02 3.27193e-12 0.00000e+00
6.34000e+02 3.40833e-12 0.00000e+00
6.35000e+02 3.29702e-12 0.00000e+00
6.36000e+02 3.24172e-12 0.00000e+00
6.37000e+02 3.54761e-12 0.00000e+00
6.38000e+02 3.21313e-12 0.00000e+00
6.39000e+02 3.33948e-12 0.00000e+00
6.40000e+02 3.34231e-12 0.00000e+00
6.41000e+02 3.31023e-12 0.00000e+00
6.42000e+02 2.92841e-12 0.00000e+00
6.43000e+02 3.39295e-12 0.00000e+00
6.44000e+02 3.61228e-12 0.00000e+00
6.45000e+02 3.25035e-12 0.00000e+00
6.46000e+02 3.51282e-12 0.00000e+00
6.47000e+02 3.02243e-12 0.00000e+00
6.48000e+02 3.05296e-12 0.00000e+00
6.49000e+02 2.84271e-12 0.00000e+00
6.50000e+02 3.34942e-12 0.00000e+00
6.51000e+02 3.25315e-12 0.00000e+00
6.52000e+02 3.19942e-12 0.00000e+00
6.53000e+02 3.08161e-12 0.00000e+00
6.54000e+02 3.05540e-12 0.00000e+00
6.55000e+02 3.11686e-12 0.00000e+00
6.56000e+02 3.40656e-12 0.00000e+00
6.57000e+02 3.07485e-12 0.00000e+00
6.58000e+02 3.23296e-12 0.00000e+00
6.59000e+02 3.26634e-12 0.00000e+00
6.60000e+02 2.90785e-12 0.00000e+00
6.61000e+02 2.93323e-12 0.00000e+00
6.62000e+02 3.05796e-12 0.00000e+00
6.63000e+02 3.07522e-12 0.00000e+00
6.64000e+02 3.12254e-12 0.00000e+00
6.65000e+02 3.18349e-12 0.00000e+00
6.66000e+02 2.99829e-12 0.00000e+00
6.67000e+02 3.15598e-12 0.00000e+00
6.68000e+02 2.73295e-12 0.00000e+00
6.69000e+02 3.20241e-12 0.00000e+00
6.70000e+02 3.04797e-12 0.00000e+00
6.71000e+02 3.35563e-12 0.00000e+00
6.72000e+02 2.96209e-12 0.00000e+00
6.73000e+02 3.02412e-12 0.00000e+00
6.74000e+02 2.94278e-12 0.00000e+00
6.75000e+02 2.68551e-12 0.00000e+00
6.76000e+02 3.19419e-12 0.00000e+00
6.77000e+02 2.79614e-12 0.00000e+00
6.78000e+02 3.44267e-12 0.00000e+00
6.79000e+02 3.00910e-12 0.00000e+00
6.80000e+02 3.11952e-12 0.00000e+00
6.81000e+02 3.12894e-12 0.00000e+00
6.82000e+02 3.05740e-12 0.00000e+00
6.83000e+02 3.01170e-12 0.00000e+00
6.84000e+02 2.92776e-12 0.00000e+00
6.85000e+02 3.20313e-12 0.00000e+00
6.86000e+02 2.78427e-12 0.00000e+00
6.87000e+02 2.82555e-12 0.00000e+00
6.88000e+02 2.86520e-12 0.00000e+00
6.89000e+02 2.82341e-12 0.00000e+00
6.90000e+02 3.03775e-12 0.00000e+00
6.91000e+02 3.12288e-12 0.00000e+00
6.92000e+02 2.93340e-12 0.00000e+00
6.93000e+02 3.21801e-12 0.00000e+00
6.94000e+02 3.06655e-12 0.00000e+00
6.95000e+02 3.27091e-12 0.00000e+00
6.96000e+02 3.11209e-12 0.00000e+00
6.97000e+02 2.91271e-12 0.00000e+00
6.98000e+02 3.01782e-12 0.00000e+00
6.99000e+02 3.05831e-12 0.00000e+00
7.00000e+02 3.18035e-12 0.00000e+00
7.01000e+02 3.13088e-12 0.00000e+00
7.02000e+02 2.87923e-12 0.00000e+00
7.03000e+02 2.45241e-12 0.00000e+00
7.04000e+02 2.58470e-12 0.00000e+00
7.05000e+02 2.85794e-12 0.00000e+00
7.06000e+02 2.95933e-12 0.00000e+00
7.07000e+02 3.10507e-12 0.00000e+00
7.08000e+02 2.71910e-12 0.00000e+00
7.09000e+02 2.95722e-12 0.00000e+00
7.10000e+02 3.03420e-12 0.00000e+00
7.11000e+02 2.94000e-12 0.00000e+00
7.12000e+02 2.87128e-12 0.00000e+00
7.13000e+02 2.81835e-12 0.00000e+00
7.14000e+02 2.62691e-12 0.00000e+00
7.15000e+02 2.72100e-12 0.00000e+00
7.16000e+02 2.67238e-12 0.00000e+00
7.17000e+02 2.75031e-12 0.00000e+00
7.18000e+02 2.71973e-12 0.00000e+00
7.19000e+02 2.71818e-12 0.00000e+00
7.20000e+02 2.81765e-12 0.00000e+00
7.21000e+02 2.89249e-12 0.00000e+00
7.22000e+02 3.07959e-12 0.00000e+00
7.23000e+02 2.68734e-12 0.00000e+00
7.24000e+02 2.76651e-12 0.00000e+00
7.25000e+02 3.14956e-12 0.00000e+00
7.26000e+02 2.64619e-12 0.00000e+00
7.27000e+02 3.04921e-12 0.00000e+00
7.28000e+02 2.67055e-12 0.00000e+00
7.29000e+02 2.84350e-12 0.00000e+00
7.30000e+02 3.01790e-12 0.00000e+00
7.31000e+02 2.90920e-12 0.00000e+00
7.32000e+02 3.00778e-12 0.00000e+00
7.33000e+02 2.85851e-12 0.00000e+00
7.34000e+02 3.12498e-12 0.00000e+00
7.35000e+02 3.00460e-12 0.00000e+00
7.36000e+02 2.76176e-12 0.00000e+00
7.37000e+02 2.80562e-12 0.00000e+00
7.38000e+02 2.70445e-12 0.00000e+00
7.39000e+02 2.73216e-12 0.00000e+00
7.40000e+02 2.80378e-12 0.00000e+00
7.41000e+02 2.86438e-12 0.00000e+00
7.42000e+02 2.61693e-12 0.00000e+00
7.43000e+02 2.86238e-12 0.00000e+00
7.44000e+02 2.71588e-12 0.00000e+00
7.45000e+02 2.76361e-12 0.00000e+00
7.46000e+02 2.42494e-12 0.00000e+00
7.47000e+02 2.59517e-12 0.00000e+00
7.48000e+02 2.53126e-12 0.00000e+00
7.49000e+02 2.75724e-12 0.00000e+00
7.50000e+02 2.85381e-12 0.00000e+00
7.51000e+02 2.89751e-12 0.00000e+00
7.52000e+02 2.64711e-12 0.00000e+00
7.53000e+02 2.65955e-12 0.00000e+00
7.54000e+02 2.61883e-12 0.00000e+00
7.55000e+02 2.56889e-12 0.00000e+00
7.56000e+02 2.64706e-12 0.00000e+00
7.57000e+02 3.02120e-12 0.00000e+00
7.58000e+02 2.75062e-12 0.00000e+00
7.59000e+02 2.86539e-12 0.00000e+00
7.60000e+02 2.84424e-12 0.00000e+00
7.61000e+02 2.86723e-12 0.00000e+00
7.62000e+02 2.70964e-12 0.00000e+00
7.63000e+02 2.56653e-12 0.00000e+00
7.64000e+02 2.62057e-12 0.00000e+00
7.65000e+02 2.73878e-12 0.00000e+00
7.66000e+02 2.60199e-12 0.00000e+00
7.67000e+02 2.73885e-12 0.00000e+00
7.68000e+02 2.74593e-12 0.00000e+00
7.69000e+02 2.39740e-12 0.00000e+00
7.70000e+02 2.73390e-12 0.00000e+00
7.71000e+02 2.69770e-12 0.00000e+00
7.72000e+02 2.73920e-12 0.00000e+00
7.73000e+02 2.69376e-12 0.00000e+00
7.74000e+02 2.71929e-12 0.00000e+00
7.75000e+02 2.53001e-12 0.00000e+00
7.76000e+02 2.48699e-12 0.00000e+00
7.77000e+02 2.59737e-12 0.00000e+00
7.78000e+02 2.66607e-12 0.00000e+00
7.79000e+02 2.69887e-12 0.00000e+00
7.80000e+02 2.72319e-12 0.00000e+00
7.81000e+02 2.54437e-12 0.00000e+00
7.82000e+02 2.73451e-12 0.00000e+00
7.83000e+02 2.48951e-12 0.00000e+00
7.84000e+02 2.48808e-12 0.00000e+00
7.85000e+02 2.67874e-12 0.00000e+00
7.86000e+02 2.36499e-12 0.00000e+00
7.87000e+02 2.90727e-12 0.00000e+00
7.88000e+02 2.73125e-12 0.00000e+00
7.89000e+02 2.56577e-12 0.00000e+00
7.90000e+02 2.53652e-12 0.00000e+00
7.91000e+02 2.36775e-12 0.00000e+00
7.92000e+02 2.59988e-12 0.00000e+00
7.93000e+02 2.45960e-12 0.00000e+00
7.94000e+02 2.59493e-12 0.00000e+00
7.95000e+02 2.54337e-12 0.00000e+00
7.96000e+02 2.65104e-12 0.00000e+00
7.97000e+02 2.63124e-12 0.00000e+00
7.98000e+02 2.52596e-12 0.00000e+00
7.99000e+02 2.36778e-12 0.00000e+00
8.00000e+02 2.68973e-12 0.00000e+00
8.01000e+02 2.63900e-12 0.00000e+00
8.02000e+02 2.50098e-12 0.00000e+00
8.03000e+02 2.31481e-12 0.00000e+00
8.04000e+02 2.48531e-12 0.00000e+00
8.05000e+02 2.45630e-12 0.00000e+00
8.06000e+02 2.56256e-12 0.00000e+00
8.07000e+02 2.41379e-12 0.00000e+00
8.08000e+02 2.70908e-12 0.00000e+00
8.09000e+02 2.49485e-12 0.00000e+00
8.10000e+02 2.61195e-12 0.00000e+00
8.11000e+02 2.45022e-12 0.00000e+00
8.12000e+02 2.48354e-12 0.00000e+00
8.13000e+02 2.45059e-12 0.00000e+00
8.14000e+02 2.49719e-12 0.00000e+00
8.15000e+02 2.52356e-12 0.00000e+00
8.16000e+02 2.39634e-12 0.00000e+00
8.17000e+02 2.21413e-12 0.00000e+00
8.18000e+02 2.43640e-12 0.00000e+00
8.19000e+02 2.32487e-12 0.00000e+00
8.20000e+02 2.47501e-12 0.00000e+00
8.21000e+02 2.44311e-12 0.00000e+00
8.22000e+02 2.42601e-12 0.00000e+00
8.23000e+02 2.33200e-12 0.00000e+00
8.24000e+02 2.35533e-12 0.00000e+00
8.25000e+02 2.42611e-12 0.00000e+00
8.26000e+02 2.48313e-12 0.00000e+00
8.27000e+02 2.58130e-12 0.00000e+00
8.28000e+02 2.63107e-12 0.00000e+00
8.29000e+02 2.45656e-12 0.00000e+00
8.30000e+02 2.46730e-12 0.00000e+00
8.31000e+02 2.57570e-12 0.00000e+00
8.32000e+02 2.27033e-12 0.00000e+00
8.33000e+02 2.22835e-12 0.00000e+00
8.34000e+02 2.55482e-12 0.00000e+00
8.35000e+02 2.52828e-12 0.00000e+00
8.36000e+02 2.35894e-12 0.00000e+00
8.37000e+02 2.36852e-12 0.00000e+00
8.38000e+02 2.33335e-12 0.00000e+00
8.39000e+02 2.35358e-12 0.00000e+00
8.40000e+02 2.51388e-12 0.00000e+00
8.41000e+02 2.48814e-12 0.00000e+00
8.42000e+02 2.32604e-12 0.00000e+00
8.43000e+02 2.45338e-12 0.00000e+00
8.44000e+02 2.47985e-12 0.00000e+00
8.45000e+02 2.39482e-12 0.00000e+00
8.46000e+02 2.53689e-12 0.00000e+00
8.47000e+02 2.34542e-12 0.00000e+00
8.48000e+02 2.42805e-12 0.00000e+00
8.49000e+02 2.22011e-12 0.00000e+00
8.50000e+02 2.39737e-12 0.00000e+00
8.51000e+02 2.44644e-12 0.00000e+00
8.52000e+02 2.34746e-12 0.00000e+00
8.53000e+02 2.42150e-12 0.00000e+00
8.54000e+02 2.32028e-12 0.00000e+00
8.55000e+02 2.35439e-12 0.00000e+00
8.56000e+02 2.30330e-12 0.00000e+00
8.57000e+02 2.33905e-12 0.00000e+00
8.58000e+02 2.47448e-12 0.00000e+00
8.59000e+02 2.37043e-12 0.00000e+00
8.60000e+02 2.40993e-12 0.00000e+00
8.61000e+02 2.33128e-12 0.00000e+00
8.62000e+02 2.19140e-12 0.00000e+00
8.63000e+02 2.13656e-12 0.00000e+00
8.64000e+02 2.16627e-12 0.00000e+00
8.65000e+02 2.19630e-12 0.00000e+00
8.66000e+02 2.34432e-12 0.00000e+00
8.67000e+02 2.18775e-12 0.00000e+00
8.68000e+02 2.18132e-12 0.00000e+00
8.69000e+02 2.47547e-12 0.00000e+00
8.70000e+02 2.48319e-12 0.00000e+00
8.71000e+02 2.27414e-12 0.00000e+00
8.72000e+02 2.33802e-12 0.00000e+00
8.73000e+02 2.25048e-12 0.00000e+00
8.74000e+02 2.19216e-12 0.00000e+00
8.75000e+02 2.24926e-12 0.00000e+00
8.76000e+02 2.12723e-12 0.00000e+00
8.77000e+02 2.24847e-12 0.00000e+00
8.78000e+02 2.42404e-12 0.00000e+00
8.79000e+02 2.23063e-12 0.00000e+00
8.80000e+02 2.24629e-12 0.00000e+00
8.81000e+02 2.09980e-12 0.00000e+00
8.82000e+02 2.27943e-12 0.00000e+00
8.83000e+02 2.15357e-12 0.00000e+00
8.84000e+02 2.30699e-12 0.00000e+00
8.85000e+02 2.22565e-12 0.00000e+00
8.86000e+02 2.27775e-12 0.00000e+00
8.87000e+02 2.22472e-12 0.00000e+00
8.88000e+02 2.18660e-12 0.00000e+00
8.89000e+02 2.15299e-12 0.00000e+00
8.90000e+02 2.16640e-12 0.00000e+00
8.91000e+02 2.21500e-12 0.00000e+00
8.92000e+02 2.35156e-12 0.00000e+00
8.93000e+02 2.16957e-12 0.00000e+00
8.94000e+02 2.16387e-12 0.00000e+00
8.95000e+02 2.24125e-12 0.00000e+00
8.96000e+02 2.13039e-12 0.00000e+00
8.97000e+02 2.29771e-12 0.00000e+00
8.98000e+02 2.30480e-12 0.00000e+00
8.99000e+02 2.17623e-12 0.00000e+00
9.00000e+02 2.14667e-12 0.00000e+00
9.01000e+02 2.17639e-12 0.00000e+00
9.02000e+02 2.18883e-12 0.00000e+00
9.03000e+02 2.25056e-12 0.00000e+00
9.04000e+02 2.11541e-12 0.00000e+00
9.05000e+02 2.31103e-12 0.00000e+00
9.06000e+02 2.08006e-12 0.00000e+00
9.07000e+02 2.29963e-12 0.00000e+00
9.08000e+02 2.12845e-12 0.00000e+00
9.09000e+02 2.20526e-12 0.00000e+00
9.10000e+02 2.04468e-12 0.00000e+00
9.11000e+02 2.11916e-12 0.00000e+00
9.12000e+02 2.26928e-12 0.00000e+00
9.13000e+02 2.09300e-12 0.00000e+00
9.14000e+02 2.09278e-12 0.00000e+00
9.15000e+02 2.17776e-12 0.00000e+00
9.16000e+02 2.16430e-12 0.00000e+00
9.17000e+02 2.09662e-12 0.00000e+00
9.18000e+02 2.27450e-12 0.00000e+00
9.19000e+02 2.15091e-12 0.00000e+00
9.20000e+02 2.23526e-12 0.00000e+00
9.21000e+02 2.11132e-12 0.00000e+00
9.22000e+02 2.18002e-12 0.00000e+00
9.23000e+02 2.05583e-12 0.00000e+00
9.24000e+02 2.08047e-12 0.00000e+00
9.25000e+02 2.14463e-12 0.00000e+00
9.26000e+02 2.07406e-12 0.00000e+00
9.27000e+02 2.29909e-12 0.00000e+00
9.28000e+02 2.00640e-12 0.00000e+00
9.29000e+02 1.98485e-12 0.00000e+00
9.30000e+02 2.13135e-12 0.00000e+00
9.31000e+02 2.05798e-12 0.00000e+00
9.32000e+02 1.92449e-12 0.00000e+00
9.33000e+02 2.21864e-12 0.00000e+00
9.34000e+02 1.98376e-12 0.00000e+00
9.35000e+02 1.92677e-12 0.00000e+00
9.36000e+02 2.12578e-12 0.00000e+00
9.37000e+02 2.01146e-12 0.00000e+00
9.38000e+02 2.12460e-12 0.00000e+00
9.39000e+02 2.14043e-12 0.00000e+00
9.40000e+02 2.07504e-12 0.00000e+00
9.41000e+02 1.96716e-12 0.00000e+00
9.42000e+02 2.12831e-12 0.00000e+00
9.43000e+02 2.09200e-12 0.00000e+00
9.44000e+02 2.08409e-12 0.00000e+00
9.45000e+02 2.07304e-12 0.00000e+00
9.46000e+02 2.01604e-12 0.00000e+00
9.47000e+02 2.13076e-12 0.00000e+00
9.48000e+02 2.05911e-12 0.00000e+00
9.49000e+02 2.01057e-12 0.00000e+00
9.50000e+02 2.02430e-12 0.00000e+00
9.51000e+02 2.00874e-12 0.00000e+00
9.52000e+02 2.00029e-12 0.00000e+00
9.53000e+02 1.90486e-12 0.00000e+00
9.54000e+02 2.00456e-12 0.00000e+00
9.55000e+02 2.22918e-12 0.00000e+00
9.56000e+02 2.12023e-12 0.00000e+00
9.57000e+02 1.82011e-12 0.00000e+00
9.58000e+02 2.00240e-12 0.00000e+00
9.59000e+02 1.97492e-12 0.00000e+00
9.60000e+02 2.05198e-12 0.00000e+00
9.61000e+02 2.03434e-12 0.00000e+00
9.62000e+02 1.90107e-12 0.00000e+00
9.63000e+02 2.03342e-12 0.00000e+00
9.64000e+02 2.09812e-12 0.00000e+00
9.65000e+02 2.10393e-12 0.00000e+00
9.66000e+02 1.92507e-12 0.00000e+00
9.67000e+02 1.97588e-12 0.00000e+00
9.68000e+02 1.92125e-12 0.00000e+00
9.69000e+02 1.86163e-12 0.00000e+00
9.70000e+02 2.04310e-12 0.00000e+00
9.71000e+02 2.15674e-12 0.00000e+00
9.72000e+02 1.92927e-12 0.00000e+00
9.73000e+02 1.81993e-12 0.00000e+00
9.74000e+02 2.08072e-12 0.00000e+00
9.75000e+02 2.05944e-12 0.00000e+00
9.76000e+02 1.81182e-12 0.00000e+00
9.77000e+02 2.07009e-12 0.00000e+00
9.78000e+02 1.83238e-12 0.00000e+00
9.79000e+02 1.91516e-12 0.00000e+00
9.80000e+02 1.83859e-12 0.00000e+00
9.81000e+02 1.91509e-12 0.00000e+00
9.82000e+02 1.94715e-12 0.00000e+00
9.83000e+02 2.08107e-12 0.00000e+00
9.84000e+02 2.02145e-12 0.00000e+00
9.85000e+02 2.11966e-12 0.00000e+00
9.86000e+02 1.96198e-12 0.00000e+00
9.87000e+02 1.99997e-12 0.00000e+00
9.88000e+02 1.97110e-12 0.00000e+00
9.89000e+02 1.83987e-12 0.00000e+00
9.90000e+02 1.78826e-12 0.00000e+00
9.91000e+02 1.93806e-12 0.00000e+00
9.92000e+02 1.91878e-12 0.00000e+00
9.93000e+02 1.86878e-12 0.00000e+00
9.94000e+02 1.86123e-12 0.00000e+00
9.95000e+02 1.82984e-12 0.00000e+00
9.96000e+02 1.93683e-12 0.00000e+00
9.97000e+02 1.78869e-12 0.00000e+00
9.98000e+02 1.79358e-12 0.00000e+00
9.99000e+02 1.90030e-12 0.00000e+00
1.00000e+03 1.93372e-12 0.00000e+00
1.00100e+03 1.84892e-12 0.00000e+00
1.00200e+03 1.92773e-12 0.00000e+00
1.00300e+03 1.84977e-12 0.00000e+00
1.00400e+03 1.87961e-12 0.00000e+00
1.00500e+03 1.89416e-12 0.00000e+00
1.00600e+03 1.86961e-12 0.00000e+00
1.00700e+03 1.86687e-12 0.00000e+00
1.00800e+03 1.93549e-12 0.00000e+00
1.00900e+03 1.90328e-12 0.00000e+00
1.01000e+03 1.90955e-12 0.00000e+00
1.01100e+03 1.89374e-12 0.00000e+00
1.01200e+03 1.69557e-12 0.00000e+00
1.01300e+03 1.82833e-12 0.00000e+00
1.01400e+03 1.85778e-12 0.00000e+00
1.01500e+03 1.78790e-12 0.00000e+00
1.01600e+03 1.85135e-12 0.00000e+00
1.01700e+03 1.82697e-12 0.00000e+00
1.01800e+03 1.79318e-12 0.00000e+00
1.01900e+03 1.89696e-12 0.00000e+00
1.02000e+03 1.87347e-12 0.00000e+00
1.02100e+03 1.82477e-12 0.00000e+00
1.02200e+03 1.74372e-12 0.00000e+00
1.02300e+03 1.87861e-12 0.00000e+00
1.02400e+03 1.91214e-12 0.00000e+00
1.02500e+03 1.80880e-12 0.00000e+00
1.02600e+03 1.72042e-12 0.00000e+00
1.02700e+03 1.70227e-12 0.00000e+00
1.02800e+03 1.81847e-12 0.00000e+00
1.02900e+03 1.84344e-12 0.00000e+00
1.03000e+03 1.72528e-12 0.00000e+00
1.03100e+03 1.85974e-12 0.00000e+00
1.03200e+03 1.77095e-12 0.00000e+00
1.03300e+03 1.79460e-12 0.00000e+00
1.03400e+03 1.66180e-12 0.00000e+00
1.03500e+03 1.75316e-12 0.00000e+00
1.03600e+03 1.80403e-12 0.00000e+00
1.03700e+03 1.71143e-12 0.00000e+00
1.03800e+03 1.68985e-12 0.00000e+00
1.03900e+03 1.71871e-12 0.00000e+00
1.04000e+03 1.87170e-12 0.00000e+00
1.04100e+03 1.84722e-12 0.00000e+00
1.04200e+03 1.75586e-12 0.00000e+00
1.04300e+03 1.84176e-12 0.00000e+00
1.04400e+03 1.85141e-12 0.00000e+00
1.04500e+03 1.71503e-12 0.00000e+00
1.04600e+03 1.81452e-12 0.00000e+00
1.04700e+03 1.74861e-12 0.00000e+00
1.04800e+03 1.69579e-12 0.00000e+00
1.04900e+03 1.73899e-12 0.00000e+00
1.05000e+03 1.78452e-12 0.00000e+00
1.05100e+03 1.75369e-12 0.00000e+00
1.05200e+03 1.81073e-12 0.00000e+00
1.05300e+03 1.89613e-12 0.00000e+00
1.05400e+03 1.78070e-12 0.00000e+00
1.05500e+03 1.88491e-12 0.00000e+00
1.05600e+03 1.76859e-12 0.00000e+00
1.05700e+03 1.76631e-12 0.00000e+00
1.05800e+03 1.70550e-12 0.00000e+00
1.05900e+03 1.63388e-12 0.00000e+00
1.06000e+03 1.67128e-12 0.00000e+00
1.06100e+03 1.76234e-12 0.00000e+00
1.06200e+03 1.83431e-12 0.00000e+00
1.06300e+03 1.87529e-12 0.00000e+00
1.06400e+03 1.81921e-12 0.00000e+00
1.06500e+03 1.77891e-12 0.00000e+00
1.06600e+03 1.67532e-12 0.00000e+00
1.06700e+03 1.56343e-12 0.00000e+00
1.06800e+03 1.66971e-12 0.00000e+00
1.06900e+03 1.67415e-12 0.00000e+00
1.07000e+03 1.62937e-12 0.00000e+00
1.07100e+03 1.72391e-12 0.00000e+00
1.07200e+03 1.72564e-12 0.00000e+00
1.07300e+03 1.60822e-12 0.00000e+00
1.07400e+03 1.74542e-12 0.00000e+00
1.07500e+03 1.66435e-12 0.00000e+00
1.07600e+03 1.59715e-12 0.00000e+00
1.07700e+03 1.67629e-12 0.00000e+00
1.07800e+03 1.75682e-12 0.00000e+00
1.07900e+03 1.84854e-12 0.00000e+00
1.08000e+03 1.79300e-12 0.00000e+00
1.08100e+03 1.58366e-12 0.00000e+00
1.08200e+03 1.65636e-12 0.00000e+00
1.08300e+03 1.66003e-12 0.00000e+00
1.08400e+03 1.57682e-12 0.00000e+00
1.08500e+03 1.76740e-12 0.00000e+00
1.08600e+03 1.65284e-12 0.00000e+00
1.08700e+03 1.75082e-12 0.00000e+00
1.08800e+03 1.72081e-12 0.00000e+00
1.08900e+03 1.66924e-12 0.00000e+00
1.09000e+03 1.62417e-12 0.00000e+00
1.09100e+03 1.58347e-12 0.00000e+00
1.09200e+03 1.63279e-12 0.00000e+00
1.09300e+03 1.72937e-12 0.00000e+00
1.09400e+03 1.68736e-12 0.00000e+00
1.09500e+03 1.65629e-12 0.00000e+00
1.09600e+03 1.65099e-12 0.00000e+00
1.09700e+03 1.53972e-12 0.00000e+00
1.09800e+03 1.58317e-12 0.00000e+00
1.09900e+03 1.59211e-12 0.00000e+00
1.10000e+03 1.63369e-12 0.00000e+00
1.10100e+03 1.59299e-12 0.00000e+00
1.10200e+03 1.56912e-12 0.00000e+00
1.10300e+03 1.75453e-12 0.00000e+00
1.10400e+03 1.60293e-12 0.00000e+00
1.10500e+03 1.47418e-12 0.00000e+00
1.10600e+03 1.69228e-12 0.00000e+00
1.10700e+03 1.66581e-12 0.00000e+00
1.10800e+03 1.67222e-12 0.00000e+00
1.10900e+03 1.65221e-12 0.00000e+00
1.11000e+03 1.61381e-12 0.00000e+00
1.11100e+03 1.63834e-12 0.00000e+00
1.11200e+03 1.64728e-12 0.00000e+00
1.11300e+03 1.57989e-12 0.00000e+00
1.11400e+03 1.53683e-12 0.00000e+00
1.11500e+03 1.58371e-12 0.00000e+00
1.11600e+03 1.63347e-12 0.00000e+00
1.11700e+03 1.60384e-12 0.00000e+00
1.11800e+03 1.61037e-12 0.00000e+00
1.11900e+03 1.72480e-12 0.00000e+00
1.12000e+03 1.55788e-12 0.00000e+00
1.12100e+03 1.72901e-12 0.00000e+00
1.12200e+03 1.59459e-12 0.00000e+00
1.12300e+03 1.59707e-12 0.00000e+00
1.12400e+03 1.51370e-12 0.00000e+00
1.12500e+03 1.53077e-12 0.00000e+00
1.12600e+03 1.52094e-12 0.00000e+00
1.12700e+03 1.56123e-12 0.00000e+00
1.12800e+03 1.56048e-12 0.00000e+00
1.12900e+03 1.62374e-12 0.00000e+00
1.13000e+03 1.59223e-12 0.00000e+00
1.13100e+03 1.56407e-12 0.00000e+00
1.13200e+03 1.51827e-12 0.00000e+00
1.13300e+03 1.61331e-12 0.00000e+00
1.13400e+03 1.52306e-12 0.00000e+00
1.13500e+03 1.56593e-12 0.00000e+00
1.13600e+03 1.46710e-12 0.00000e+00
1.13700e+03 1.53487e-12 0.00000e+00
1.13800e+03 1.70146e-12 0.00000e+00
1.13900e+03 1.68370e-12 0.00000e+00
1.14000e+03 1.61681e-12 0.00000e+00
1.14100e+03 1.55503e-12 0.00000e+00
1.14200e+03 1.55728e-12 0.00000e+00
1.14300e+03 1.58632e-12 0.00000e+00
1.14400e+03 1.53501e-12 0.00000e+00
1.14500e+03 1.55087e-12 0.00000e+00
1.14600e+03 1.48384e-12 0.00000e+00
1.14700e+03 1.59238e-12 0.00000e+00
1.14800e+03 1.49566e-12 0.00000e+00
1.14900e+03 1.51358e-12 0.00000e+00
1.15000e+03 1.59574e-12 0.00000e+00
1.15100e+03 1.48827e-12 0.00000e+00
1.15200e+03 1.57655e-12 0.00000e+00
1.15300e+03 1.54402e-12 0.00000e+00
1.15400e+03 1.59561e-12 0.00000e+00
1.15500e+03 1.50617e-12 0.00000e+00
1.15600e+03 1.53316e-12 0.00000e+00
1.15700e+03 1.68068e-12 0.00000e+00
1.15800e+03 1.53088e-12 0.00000e+00
1.15900e+03 1.59679e-12 0.00000e+00
1.16000e+03 1.53035e-12 0.00000e+00
1.16100e+03 1.42855e-12 0.00000e+00
1.16200e+03 1.52363e-12 0.00000e+00
1.16300e+03 1.57035e-12 0.00000e+00
1.16400e+03 1.48690e-12 0.00000e+00
1.16500e+03 1.53860e-12 0.00000e+00
1.16600e+03 1.57773e-12 0.00000e+00
1.16700e+03 1.49070e-12 0.00000e+00
1.16800e+03 1.55048e-12 0.00000e+00
1.16900e+03 1.53070e-12 0.00000e+00
1.17000e+03 1.49662e-12 0.00000e+00
1.17100e+03 1.43263e-12 0.00000e+00
1.17200e+03 1.53858e-12 0.00000e+00
1.17300e+03 1.48928e-12 0.00000e+00
1.17400e+03 1.61706e-12 0.00000e+00
1.17500e+03 1.56671e-12 0.00000e+00
1.17600e+03 1.56074e-12 0.00000e+00
1.17700e+03 1.53347e-12 0.00000e+00
1.17800e+03 1.48917e-12 0.00000e+00
1.17900e+03 1.49829e-12 0.00000e+00
1.18000e+03 1.46183e-12 0.00000e+00
1.18100e+03 1.41510e-12 0.00000e+00
1.18200e+03 1.56616e-12 0.00000e+00
1.18300e+03 1.38056e-12 0.00000e+00
1.18400e+03 1.48483e-12 0.00000e+00
1.18500e+03 1.47054e-12 0.00000e+00
1.18600e+03 1.49701e-12 0.00000e+00
1.18700e+03 1.56545e-12 0.00000e+00
1.18800e+03 1.39742e-12 0.00000e+00
1.18900e+03 1.43505e-12 0.00000e+00
1.19000e+03 1.38641e-12 0.00000e+00
1.19100e+03 1.60913e-12 0.00000e+00
1.19200e+03 1.45418e-12 0.00000e+00
1.19300e+03 1.44289e-12 0.00000e+00
1.19400e+03 1.39558e-12 0.00000e+00
1.19500e+03 1.41972e-12 0.00000e+00
1.19600e+03 1.46626e-12 0.00000e+00
1.19700e+03 1.49824e-12 0.00000e+00
1.19800e+03 1.44332e-12 0.00000e+00
1.19900e+03 1.41708e-12 0.00000e+00
1.20000e+03 1.44001e-12 0.00000e+00
1.20100e+03 1.43108e-12 0.00000e+00
1.20200e+03 1.39526e-12 0.00000e+00
1.20300e+03 1.41715e-12 0.00000e+00
1.20400e+03 1.40632e-12 0.00000e+00
1.20500e+03 1.44645e-12 0.00000e+00
1.20600e+03 1.49403e-12 0.00000e+00
1.20700e+03 1.50440e-12 0.00000e+00
1.20800e+03 1.37456e-12 0.00000e+00
1.20900e+03 1.34504e-12 0.00000e+00
1.21000e+03 1.43684e-12 0.00000e+00
1.21100e+03 1.43112e-12 0.00000e+00
1.21200e+03 1.40597e-12 0.00000e+00
1.21300e+03 1.42203e-12 0.00000e+00
1.21400e+03 1.36791e-12 0.00000e+00
1.21500e+03 1.50942e-12 0.00000e+00
1.21600e+03 1.35629e-12 0.00000e+00
1.21700e+03 1.45056e-12 0.00000e+00
1.21800e+03 1.41090e-12 0.00000e+00
1.21900e+03 1.44255e-12 0.00000e+00
1.22000e+03 1.43298e-12 0.00000e+00
1.22100e+03 1.42220e-12 0.00000e+00
1.22200e+03 1.34195e-12 0.00000e+00
1.22300e+03 1.43968e-12 0.00000e+00
1.22400e+03 1.43103e-12 0.00000e+00
1.22500e+03 1.36925e-12 0.00000e+00
1.22600e+03 1.43100e-12 0.00000e+00
1.22700e+03 1.37326e-12 0.00000e+00
1.22800e+03 1.46749e-12 0.00000e+00
1.22900e+03 1.35753e-12 0.00000e+00
1.23000e+03 1.39619e-12 0.00000e+00
1.23100e+03 1.41500e-12 0.00000e+00
1.23200e+03 1.45235e-12 0.00000e+00
1.23300e+03 1.35025e-12 0.00000e+00
1.23400e+03 1.35615e-12 0.00000e+00
1.23500e+03 1.25544e-12 0.00000e+00
1.23600e+03 1.34518e-12 0.00000e+00
1.23700e+03 1.46224e-12 0.00000e+00
1.23800e+03 1.24425e-12 0.00000e+00
1.23900e+03 1.37581e-12 0.00000e+00
1.24000e+03 1.30350e-12 0.00000e+00
1.24100e+03 1.32435e-12 0.00000e+00
1.24200e+03 1.33561e-12 0.00000e+00
1.24300e+03 1.25761e-12 0.00000e+00
1.24400e+03 1.28906e-12 0.00000e+00
1.24500e+03 1.32536e-12 0.00000e+00
1.24600e+03 1.25111e-12 0.00000e+00
1.24700e+03 1.32766e-12 0.00000e+00
1.24800e+03 1.27642e-12 0.00000e+00
1.24900e+03 1.31963e-12 0.00000e+00
1.25000e+03 1.34362e-12 0.00000e+00
1.25100e+03 1.30140e-12 0.00000e+00
1.25200e+03 1.28025e-12 0.00000e+00
1.25300e+03 1.41149e-12 0.00000e+00
1.25400e+03 1.35572e-12 0.00000e+00
1.25500e+03 1.23999e-12 0.00000e+00
1.25600e+03 1.31315e-12 0.00000e+00
1.25700e+03 1.27378e-12 0.00000e+00
1.25800e+03 1.33961e-12 0.00000e+00
1.25900e+03 1.29843e-12 0.00000e+00
1.26000e+03 1.24949e-12 0.00000e+00
1.26100e+03 1.34191e-12 0.00000e+00
1.26200e+03 1.26026e-12 0.00000e+00
1.26300e+03 1.30310e-12 0.00000e+00
1.26400e+03 1.28240e-12 0.00000e+00
1.26500e+03 1.32544e-12 0.00000e+00
1.26600e+03 1.32614e-12 0.00000e+00
1.26700e+03 1.34295e-12 0.00000e+00
1.26800e+03 1.27582e-12 0.00000e+00
1.26900e+03 1.33814e-12 0.00000e+00
1.27000e+03 1.30172e-12 0.00000e+00
1.27100e+03 1.29854e-12 0.00000e+00
1.27200e+03 1.40731e-12 0.00000e+00
1.27300e+03 1.35300e-12 0.00000e+00
1.27400e+03 1.29051e-12 0.00000e+00
1.27500e+03 1.27157e-12 0.00000e+00
1.27600e+03 1.38682e-12 0.00000e+00
1.27700e+03 1.27484e-12 0.00000e+00
1.27800e+03 1.16006e-12 0.00000e+00
1.27900e+03 1.22732e-12 0.00000e+00
1.28000e+03 1.26923e-12 0.00000e+00
1.28100e+03 1.34775e-12 0.00000e+00
1.28200e+03 1.35402e-12 0.00000e+00
1.28300e+03 1.25614e-12 0.00000e+00
1.28400e+03 1.29612e-12 0.00000e+00
1.28500e+03 1.28996e-12 0.00000e+00
1.28600e+03 1.22566e-12 0.00000e+00
1.28700e+03 1.19496e-12 0.00000e+00
1.28800e+03 1.26761e-12 0.00000e+00
1.28900e+03 1.25648e-12 0.00000e+00
1.29000e+03 1.27068e-12 0.00000e+00
1.29100e+03 1.26936e-12 0.00000e+00
1.29200e+03 1.25313e-12 0.00000e+00
1.29300e+03 1.34672e-12 0.00000e+00
1.29400e+03 1.32932e-12 0.00000e+00
1.29500e+03 1.26878e-12 0.00000e+00
1.29600e+03 1.23276e-12 0.00000e+00
1.29700e+03 1.25288e-12 0.00000e+00
1.29800e+03 1.17985e-12 0.00000e+00
1.29900e+03 1.25716e-12 0.00000e+00
1.30000e+03 1.27983e-12 0.00000e+00
1.30100e+03 1.20681e-12 0.00000e+00
1.30200e+03 1.23365e-12 0.00000e+00
1.30300e+03 1.14680e-12 0.00000e+00
1.30400e+03 1.22615e-12 0.00000e+00
1.30500e+03 1.23363e-12 0.00000e+00
1.30600e+03 1.31805e-12 0.00000e+00
1.30700e+03 1.19307e-12 0.00000e+00
1.30800e+03 1.14540e-12 0.00000e+00
1.30900e+03 1.18623e-12 0.00000e+00
1.31000e+03 1.17412e-12 0.00000e+00
1.31100e+03 1.25222e-12 0.00000e+00
1.31200e+03 1.18707e-12 0.00000e+00
1.31300e+03 1.19502e-12 0.00000e+00
1.31400e+03 1.25440e-12 0.00000e+00
1.31500e+03 1.20740e-12 0.00000e+00
1.31600e+03 1.19687e-12 0.00000e+00
1.31700e+03 1.19846e-12 0.00000e+00
1.31800e+03 1.26726e-12 0.00000e+00
1.31900e+03 1.17235e-12 0.00000e+00
1.32000e+03 1.19173e-12 0.00000e+00
1.32100e+03 1.25691e-12 0.00000e+00
1.32200e+03 1.13415e-12 0.00000e+00
1.32300e+03 1.17283e-12 0.00000e+00
1.32400e+03 1.21256e-12 0.00000e+00
1.32500e+03 1.20061e-12 0.00000e+00
1.32600e+03 1.14411e-12 0.00000e+00
1.32700e+03 1.20786e-12 0.00000e+00
1.32800e+03 1.18408e-12 0.00000e+00
1.32900e+03 1.20587e-12 0.00000e+00
1.33000e+03 1.19695e-12 0.00000e+00
1.33100e+03 1.16230e-12 0.00000e+00
1.33200e+03 1.30690e-12 0.00000e+00
1.33300e+03 1.23564e-12 0.00000e+00
1.33400e+03 1.17934e-12 0.00000e+00
1.33500e+03 1.08159e-12 0.00000e+00
1.33600e+03 1.18846e-12 0.00000e+00
1.33700e+03 1.14295e-12 0.00000e+00
1.33800e+03 1.13314e-12 0.00000e+00
1.33900e+03 1.10500e-12 0.00000e+00
1.34000e+03 1.17277e-12 0.00000e+00
1.34100e+03 1.15605e-12 0.00000e+00
1.34200e+03 1.13190e-12 0.00000e+00
1.34300e+03 1.12791e-12 0.00000e+00
1.34400e+03 1.19985e-12 0.00000e+00
1.34500e+03 1.17141e-12 0.00000e+00
1.34600e+03 1.19237e-12 0.00000e+00
1.34700e+03 1.16731e-12 0.00000e+00
1.34800e+03 1.13530e-12 0.00000e+00
1.34900e+03 1.16540e-12 0.00000e+00
1.35000e+03 1.10537e-12 0.00000e+00
1.35100e+03 1.11695e-12 0.00000e+00
1.35200e+03 1.11121e-12 0.00000e+00
1.35300e+03 1.09373e-12 0.00000e+00
1.35400e+03 1.04705e-12 0.00000e+00
1.35500e+03 1.13636e-12 0.00000e+00
1.35600e+03 1.17895e-12 0.00000e+00
1.35700e+03 1.15601e-12 0.00000e+00
1.35800e+03 1.06016e-12 0.00000e+00
1.35900e+03 1.20618e-12 0.00000e+00
1.36000e+03 1.09648e-12 0.00000e+00
1.36100e+03 1.21775e-12 0.00000e+00
1.36200e+03 1.12898e-12 0.00000e+00
1.36300e+03 1.11074e-12 0.00000e+00
1.36400e+03 1.14167e-12 0.00000e+00
1.36500e+03 1.08635e-12 0.00000e+00
1.36600e+03 1.08251e-12 0.00000e+00
1.36700e+03 1.14432e-12 0.00000e+00
1.36800e+03 1.19038e-12 0.00000e+00
1.36900e+03 1.12460e-12 0.00000e+00
1.37000e+03 1.08778e-12 0.00000e+00
1.37100e+03 1.11229e-12 0.00000e+00
1.37200e+03 1.12376e-12 0.00000e+00
1.37300e+03 1.10529e-12 0.00000e+00
1.37400e+03 1.09947e-12 0.00000e+00
1.37500e+03 1.07564e-12 0.00000e+00
1.37600e+03 1.12598e-12 0.00000e+00
1.37700e+03 1.02351e-12 0.00000e+00
1.37800e+03 1.11826e-12 0.00000e+00
1.37900e+03 1.05509e-12 0.00000e+00
1.38000e+03 1.07964e-12 0.00000e+00
1.38100e+03 1.06885e-12 0.00000e+00
1.38200e+03 1.12328e-12 0.00000e+00
1.38300e+03 1.06372e-12 0.00000e+00
1.38400e+03 1.07610e-12 0.00000e+00
1.38500e+03 1.11643e-12 0.00000e+00
1.38600e+03 1.15637e-12 0.00000e+00
1.38700e+03 1.04612e-12 0.00000e+00
1.38800e+03 1.10423e-12 0.00000e+00
1.38900e+03 1.05726e-12 0.00000e+00
1.39000e+03 1.03203e-12 0.00000e+00
1.39100e+03 1.03735e-12 0.00000e+00
1.39200e+03 1.10923e-12 0.00000e+00
1.39300e+03 1.06311e-12 0.00000e+00
1.39400e+03 1.16392e-12 0.00000e+00
1.39500e+03 1.09627e-12 0.00000e+00
1.39600e+03 1.07327e-12 0.00000e+00
1.39700e+03 1.03467e-12 0.00000e+00
1.39800e+03 1.11905e-12 0.00000e+00
1.39900e+03 1.02514e-12 0.00000e+00
1.40000e+03 1.06930e-12 0.00000e+00
1.40100e+03 1.08328e-12 0.00000e+00
1.40200e+03 1.06109e-12 0.00000e+00
1.40300e+03 1.09936e-12 0.00000e+00
1.40400e+03 1.03182e-12 0.00000e+00
1.40500e+03 1.04350e-12 0.00000e+00
1.40600e+03 1.12518e-12 0.00000e+00
1.40700e+03 1.09957e-12 0.00000e+00
1.40800e+03 1.03401e-12 0.00000e+00
1.40900e+03 1.00777e-12 0.00000e+00
1.41000e+03 1.08693e-12 0.00000e+00
1.41100e+03 1.06535e-12 0.00000e+00
1.41200e+03 1.07999e-12 0.00000e+00
1.41300e+03 1.04672e-12 0.00000e+00
1.41400e+03 1.04317e-12 0.00000e+00
1.41500e+03 1.04835e-12 0.00000e+00
1.41600e+03 9.92702e-13 0.00000e+00
1.41700e+03 1.00069e-12 0.00000e+00
1.41800e+03 1.03575e-12 0.00000e+00
1.41900e+03 1.09005e-12 0.00000e+00
1.42000e+03 1.00354e-12 0.00000e+00
1.42100e+03 1.03655e-12 0.00000e+00
1.42200e+03 1.01921e-12 0.00000e+00
1.42300e+03 1.05955e-12 0.00000e+00
1.42400e+03 9.73042e-13 0.00000e+00
1.42500e+03 9.90276e-13 0.00000e+00
1.42600e+03 1.00194e-12 0.00000e+00
1.42700e+03 1.01000e-12 0.00000e+00
1.42800e+03 1.01514e-12 0.00000e+00
1.42900e+03 1.04186e-12 0.00000e+00
1.43000e+03 1.00138e-12 0.00000e+00
1.43100e+03 1.00226e-12 0.00000e+00
1.43200e+03 9.56560e-13 0.00000e+00
1.43300e+03 1.08014e-12 0.00000e+00
1.43400e+03 9.60992e-13 0.00000e+00
1.43500e+03 9.98208e-13 0.00000e+00
1.43600e+03 1.08670e-12 0.00000e+00
1.43700e+03 1.01032e-12 0.00000e+00
1.43800e+03 1.04688e-12 0.00000e+00
1.43900e+03 9.62192e-13 0.00000e+00
1.44000e+03 9.67819e-13 0.00000e+00
1.44100e+03 1.06897e-12 0.00000e+00
1.44200e+03 9.70900e-13 0.00000e+00
1.44300e+03 9.94015e-13 0.00000e+00
1.44400e+03 1.03700e-12 0.00000e+00
1.44500e+03 1.00586e-12 0.00000e+00
1.44600e+03 1.03237e-12 0.00000e+00
1.44700e+03 9.97661e-13 0.00000e+00
1.44800e+03 1.00476e-12 0.00000e+00
1.44900e+03 9.76848e-13 0.00000e+00
1.45000e+03 1.02848e-12 0.00000e+00
1.45100e+03 9.44944e-13 0.00000e+00
1.45200e+03 1.00469e-12 0.00000e+00
1.45300e+03 9.03287e-13 0.00000e+00
1.45400e+03 9.52794e-13 0.00000e+00
1.45500e+03 9.76790e-13 0.00000e+00
1.45600e+03 9.70752e-13 0.00000e+00
1.45700e+03 9.46529e-13 0.00000e+00
1.45800e+03 9.58765e-13 0.00000e+00
1.45900e+03 9.64749e-13 0.00000e+00
1.46000e+03 9.99848e-13 0.00000e+00
1.46100e+03 1.01500e-12 0.00000e+00
1.46200e+03 9.67807e-13 0.00000e+00
1.46300e+03 9.71293e-13 0.00000e+00
1.46400e+03 9.37830e-13 0.00000e+00
1.46500e+03 9.93449e-13 0.00000e+00
1.46600e+03 9.70372e-13 0.00000e+00
1.46700e+03 9.88048e-13 0.00000e+00
1.46800e+03 1.00615e-12 0.00000e+00
1.46900e+03 9.41829e-13 0.00000e+00
1.47000e+03 9.37107e-13 0.00000e+00
1.47100e+03 9.51964e-13 0.00000e+00
1.47200e+03 9.70535e-13 0.00000e+00
1.47300e+03 9.81508e-13 0.00000e+00
1.47400e+03 1.00123e-12 0.00000e+00
1.47500e+03 9.39643e-13 0.00000e+00
1.47600e+03 9.63545e-13 0.00000e+00
1.47700e+03 9.53291e-13 0.00000e+00
1.47800e+03 9.77347e-13 0.00000e+00
1.47900e+03 9.99331e-13 0.00000e+00
1.48000e+03 9.80846e-13 0.00000e+00
1.48100e+03 9.70390e-13 0.00000e+00
1.48200e+03 9.95433e-13 0.00000e+00
1.48300e+03 9.20362e-13 0.00000e+00
1.48400e+03 9.42732e-13 0.00000e+00
1.48500e+03 9.28323e-13 0.00000e+00
1.48600e+03 9.37326e-13 0.00000e+00
1.48700e+03 9.40726e-13 0.00000e+00
1.48800e+03 9.43077e-13 0.00000e+00
1.48900e+03 8.71488e-13 0.00000e+00
1.49000e+03 8.80380e-13 0.00000e+00
1.49100e+03 9.29947e-13 0.00000e+00
1.49200e+03 9.28363e-13 0.00000e+00
1.49300e+03 8.93491e-13 0.00000e+00
1.49400e+03 9.36064e-13 0.00000e+00
1.49500e+03 9.14639e-13 0.00000e+00
1.49600e+03 9.23366e-13 0.00000e+00
1.49700e+03 9.70237e-13 0.00000e+00
1.49800e+03 9.23899e-13 0.00000e+00
1.49900e+03 8.45905e-13 0.00000e+00
1.50000e+03 9.29839e-13 0.00000e+00
1.50100e+03 9.64630e-13 0.00000e+00
1.50200e+03 9.17132e-13 0.00000e+00
1.50300e+03 9.30251e-13 0.00000e+00
1.50400e+03 9.32459e-13 0.00000e+00
1.50500e+03 9.34429e-13 0.00000e+00
1.50600e+03 9.11284e-13 0.00000e+00
1.50700e+03 9.01570e-13 0.00000e+00
1.50800e+03 8.94084e-13 0.00000e+00
1.50900e+03 8.90735e-13 0.00000e+00
1.51000e+03 8.97633e-13 0.00000e+00
1.51100e+03 8.59723e-13 0.00000e+00
1.51200e+03 9.03309e-13 0.00000e+00
1.51300e+03 8.37098e-13 0.00000e+00
1.51400e+03 9.46651e-13 0.00000e+00
1.51500e+03 9.27058e-13 0.00000e+00
1.51600e+03 9.12830e-13 0.00000e+00
1.51700e+03 8.59606e-13 0.00000e+00
1.51800e+03 9.47266e-13 0.00000e+00
1.51900e+03 8.51569e-13 0.00000e+00
1.52000e+03 9.08722e-13 0.00000e+00
1.52100e+03 8.51642e-13 0.00000e+00
1.52200e+03 9.04854e-13 0.00000e+00
1.52300e+03 8.92078e-13 0.00000e+00
1.52400e+03 9.15151e-13 0.00000e+00
1.52500e+03 8.72900e-13 0.00000e+00
1.52600e+03 8.94364e-13 0.00000e+00
1.52700e+03 8.55528e-13 0.00000e+00
1.52800e+03 8.80888e-13 0.00000e+00
1.52900e+03 9.02731e-13 0.00000e+00
1.53000e+03 8.65356e-13 0.00000e+00
1.53100e+03 8.72530e-13 0.00000e+00
1.53200e+03 8.58372e-13 0.00000e+00
1.53300e+03 8.53539e-13 0.00000e+00
1.53400e+03 8.44161e-13 0.00000e+00
1.53500e+03 9.29440e-13 0.00000e+00
1.53600e+03 8.83428e-13 0.00000e+00
1.53700e+03 8.47905e-13 0.00000e+00
1.53800e+03 8.51143e-13 0.00000e+00
1.53900e+03 8.51624e-13 0.00000e+00
1.54000e+03 8.73319e-13 0.00000e+00
1.54100e+03 9.02409e-13 0.00000e+00
1.54200e+03 9.28808e-13 0.00000e+00
1.54300e+03 8.80548e-13 0.00000e+00
1.54400e+03 9.01196e-13 0.00000e+00
1.54500e+03 9.18361e-13 0.00000e+00
1.54600e+03 8.60893e-13 0.00000e+00
1.54700e+03 8.04687e-13 0.00000e+00
1.54800e+03 8.07148e-13 0.00000e+00
1.54900e+03 8.30948e-13 0.00000e+00
1.55000e+03 8.70627e-13 0.00000e+00
1.55100e+03 8.49772e-13 0.00000e+00
1.55200e+03 9.15894e-13 0.00000e+00
1.55300e+03 8.74857e-13 0.00000e+00
1.55400e+03 8.03018e-13 0.00000e+00
1.55500e+03 8.47879e-13 0.00000e+00
1.55600e+03 8.08715e-13 0.00000e+00
1.55700e+03 8.20418e-13 0.00000e+00
1.55800e+03 8.70624e-13 0.00000e+00
1.55900e+03 8.71058e-13 0.00000e+00
1.56000e+03 9.11867e-13 0.00000e+00
1.56100e+03 8.27896e-13 0.00000e+00
1.56200e+03 8.53545e-13 0.00000e+00
1.56300e+03 7.84659e-13 0.00000e+00
1.56400e+03 8.21960e-13 0.00000e+00
1.56500e+03 8.31114e-13 0.00000e+00
1.56600e+03 8.04892e-13 0.00000e+00
1.56700e+03 8.18654e-13 0.00000e+00
1.56800e+03 8.25275e-13 0.00000e+00
1.56900e+03 8.07054e-13 0.00000e+00
1.57000e+03 8.77343e-13 0.00000e+00
1.57100e+03 8.69897e-13 0.00000e+00
1.57200e+03 7.83457e-13 0.00000e+00
1.57300e+03 8.09509e-13 0.00000e+00
1.57400e+03 8.23378e-13 0.00000e+00
1.57500e+03 8.33205e-13 0.00000e+00
1.57600e+03 8.34431e-13 0.00000e+00
1.57700e+03 8.12775e-13 0.00000e+00
1.57800e+03 7.82270e-13 0.00000e+00
1.57900e+03 7.96862e-13 0.00000e+00
1.58000e+03 8.86585e-13 0.00000e+00
1.58100e+03 8.28219e-13 0.00000e+00
1.58200e+03 8.02136e-13 0.00000e+00
1.58300e+03 8.19112e-13 0.00000e+00
1.58400e+03 8.01602e-13 0.00000e+00
1.58500e+03 8.11604e-13 0.00000e+00
1.58600e+03 8.13883e-13 0.00000e+00
1.58700e+03 8.15425e-13 0.00000e+00
1.58800e+03 7.77561e-13 0.00000e+00
1.58900e+03 8.07878e-13 0.00000e+00
1.59000e+03 8.00708e-13 0.00000e+00
1.59100e+03 7.90467e-13 0.00000e+00
1.59200e+03 8.50160e-13 0.00000e+00
1.59300e+03 8.23945e-13 0.00000e+00
1.59400e+03 7.44185e-13 0.00000e+00
1.59500e+03 7.60089e-13 0.00000e+00
1.59600e+03 8.24458e-13 0.00000e+00
1.59700e+03 7.77817e-13 0.00000e+00
1.59800e+03 8.11231e-13 0.00000e+00
1.59900e+03 8.02552e-13 0.00000e+00
1.60000e+03 7.67685e-13 0.00000e+00
1.60100e+03 7.64474e-13 0.00000e+00
1.60200e+03 8.27956e-13 0.00000e+00
1.60300e+03 8.24152e-13 0.00000e+00
1.60400e+03 8.31226e-13 0.00000e+00
1.60500e+03 8.89792e-13 0.00000e+00
1.60600e+03 8.20633e-13 0.00000e+00
1.60700e+03 7.59304e-13 0.00000e+00
1.60800e+03 7.53965e-13 0.00000e+00
1.60900e+03 7.74039e-13 0.00000e+00
1.61000e+03 7.64476e-13 0.00000e+00
1.61100e+03 7.70120e-13 0.00000e+00
1.61200e+03 7.65508e-13 0.00000e+00
1.61300e+03 8.12716e-13 0.00000e+00
1.61400e+03 7.71688e-13 0.00000e+00
1.61500e+03 7.52751e-13 0.00000e+00
1.61600e+03 7.73443e-13 0.00000e+00
1.61700e+03 7.79074e-13 0.00000e+00
1.61800e+03 8.01552e-13 0.00000e+00
1.61900e+03 7.27538e-13 0.00000e+00
1.62000e+03 7.46961e-13 0.00000e+00
1.62100e+03 7.52941e-13 0.00000e+00
1.62200e+03 7.40115e-13 0.00000e+00
1.62300e+03 7.89622e-13 0.00000e+00
1.62400e+03 7.51938e-13 0.00000e+00
1.62500e+03 7.79350e-13 0.00000e+00
1.62600e+03 7.62564e-13 0.00000e+00
1.62700e+03 7.66282e-13 0.00000e+00
1.62800e+03 7.68886e-13 0.00000e+00
1.62900e+03 7.59797e-13 0.00000e+00
1.63000e+03 7.60932e-13 0.00000e+00
1.63100e+03 7.35041e-13 0.00000e+00
1.63200e+03 7.63475e-13 0.00000e+00
1.63300e+03 7.19796e-13 0.00000e+00
1.63400e+03 7.70920e-13 0.00000e+00
1.63500e+03 7.63965e-13 0.00000e+00
1.63600e+03 7.57428e-13 0.00000e+00
1.63700e+03 8.03824e-13 0.00000e+00
1.63800e+03 7.45779e-13 0.00000e+00
1.63900e+03 7.31344e-13 0.00000e+00
1.64000e+03 7.14788e-13 0.00000e+00
1.64100e+03 7.20905e-13 0.00000e+00
1.64200e+03 8.12913e-13 0.00000e+00
1.64300e+03 7.68028e-13 0.00000e+00
1.64400e+03 7.46149e-13 0.00000e+00
1.64500e+03 7.28096e-13 0.00000e+00
1.64600e+03 7.22465e-13 0.00000e+00
1.64700e+03 7.21040e-13 0.00000e+00
1.64800e+03 7.30294e-13 0.00000e+00
1.64900e+03 7.21231e-13 0.00000e+00
1.65000e+03 7.63285e-13 0.00000e+00
1.65100e+03 7.56930e-13 0.00000e+00
1.65200e+03 7.10700e-13 0.00000e+00
1.65300e+03 7.18872e-13 0.00000e+00
1.65400e+03 7.18469e-13 0.00000e+00
1.65500e+03 7.45515e-13 0.00000e+00
1.65600e+03 7.40469e-13 0.00000e+00
1.65700e+03 7.77273e-13 0.00000e+00
1.65800e+03 7.30288e-13 0.00000e+00
1.65900e+03 7.15806e-13 0.00000e+00
1.66000e+03 7.34638e-13 0.00000e+00
1.66100e+03 7.01083e-13 0.00000e+00
1.66200e+03 7.10034e-13 0.00000e+00
1.66300e+03 6.81961e-13 0.00000e+00
1.66400e+03 7.08682e-13 0.00000e+00
1.66500e+03 6.81676e-13 0.00000e+00
1.66600e+03 6.84978e-13 0.00000e+00
1.66700e+03 6.57658e-13 0.00000e+00
1.66800e+03 7.55070e-13 0.00000e+00
1.66900e+03 7.11828e-13 0.00000e+00
1.67000e+03 7.52870e-13 0.00000e+00
1.67100e+03 6.99939e-13 0.00000e+00
1.67200e+03 6.73852e-13 0.00000e+00
1.67300e+03 7.06632e-13 0.00000e+00
1.67400e+03 7.09895e-13 0.00000e+00
1.67500e+03 7.18294e-13 0.00000e+00
1.67600e+03 6.50481e-13 0.00000e+00
1.67700e+03 6.72970e-13 0.00000e+00
1.67800e+03 7.37987e-13 0.00000e+00
1.67900e+03 6.80135e-13 0.00000e+00
1.68000e+03 6.82647e-13 0.00000e+00
1.68100e+03 6.85865e-13 0.00000e+00
1.68200e+03 7.01845e-13 0.00000e+00
1.68300e+03 7.03900e-13 0.00000e+00
1.68400e+03 6.51414e-13 0.00000e+00
1.68500e+03 7.04133e-13 0.00000e+00
1.68600e+03 7.03509e-13 0.00000e+00
1.68700e+03 7.09405e-13 0.00000e+00
1.68800e+03 6.70978e-13 0.00000e+00
1.68900e+03 7.15341e-13 0.00000e+00
1.69000e+03 6.70747e-13 0.00000e+00
1.69100e+03 6.70863e-13 0.00000e+00
1.69200e+03 6.74964e-13 0.00000e+00
1.69300e+03 6.81986e-13 0.00000e+00
1.69400e+03 6.71737e-13 0.00000e+00
1.69500e+03 6.76395e-13 0.00000e+00
1.69600e+03 6.87016e-13 0.00000e+00
1.69700e+03 6.87501e-13 0.00000e+00
1.69800e+03 6.72498e-13 0.00000e+00
1.69900e+03 6.68145e-13 0.00000e+00
1.70000e+03 6.44466e-13 0.00000e+00
1.70100e+03 6.74197e-13 0.00000e+00
1.70200e+03 6.64815e-13 0.00000e+00
1.70300e+03 6.90844e-13 0.00000e+00
1.70400e+03 6.93666e-13 0.00000e+00
1.70500e+03 6.73069e-13 0.00000e+00
1.70600e+03 6.78094e-13 0.00000e+00
1.70700e+03 6.53057e-13 0.00000e+00
1.70800e+03 6.23471e-13 0.00000e+00
1.70900e+03 6.60282e-13 0.00000e+00
1.71000e+03 6.63588e-13 0.00000e+00
1.71100e+03 6.72889e-13 0.00000e+00
1.71200e+03 6.40285e-13 0.00000e+00
1.71300e+03 6.75325e-13 0.00000e+00
1.71400e+03 6.05338e-13 0.00000e+00
1.71500e+03 6.62062e-13 0.00000e+00
1.71600e+03 6.79739e-13 0.00000e+00
1.71700e+03 6.43828e-13 0.00000e+00
1.71800e+03 6.41781e-13 0.00000e+00
1.71900e+03 6.63629e-13 0.00000e+00
1.72000e+03 6.45948e-13 0.00000e+00
1.72100e+03 6.24772e-13 0.00000e+00
1.72200e+03 6.33980e-13 0.00000e+00
1.72300e+03 6.49484e-13 0.00000e+00
1.72400e+03 6.64143e-13 0.00000e+00
1.72500e+03 6.51808e-13 0.00000e+00
1.72600e+03 6.39469e-13 0.00000e+00
1.72700e+03 6.43792e-13 0.00000e+00
1.72800e+03 6.21350e-13 0.00000e+00
1.72900e+03 6.42521e-13 0.00000e+00
1.73000e+03 6.70016e-13 0.00000e+00
1.73100e+03 5.98595e-13 0.00000e+00
1.73200e+03 6.33379e-13 0.00000e+00
1.73300e+03 6.29710e-13 0.00000e+00
1.73400e+03 6.52530e-13 0.00000e+00
1.73500e+03 6.38693e-13 0.00000e+00
1.73600e+03 6.68154e-13 0.00000e+00
1.73700e+03 6.63761e-13 0.00000e+00
1.73800e+03 6.44265e-13 0.00000e+00
1.73900e+03 6.45465e-13 0.00000e+00
1.74000e+03 6.17730e-13 0.00000e+00
1.74100e+03 5.81071e-13 0.00000e+00
1.74200e+03 6.34473e-13 0.00000e+00
1.74300e+03 6.52057e-13 0.00000e+00
1.74400e+03 6.33325e-13 0.00000e+00
1.74500e+03 5.99339e-13 0.00000e+00
1.74600e+03 6.31113e-13 0.00000e+00
1.74700e+03 6.26739e-13 0.00000e+00
1.74800e+03 6.48824e-13 0.00000e+00
1.74900e+03 6.17577e-13 0.00000e+00
1.75000e+03 6.10941e-13 0.00000e+00
1.75100e+03 6.20488e-13 0.00000e+00
1.75200e+03 6.23566e-13 0.00000e+00
1.75300e+03 6.06288e-13 0.00000e+00
1.75400e+03 6.23317e-13 0.00000e+00
1.75500e+03 6.06905e-13 0.00000e+00
1.75600e+03 5.91390e-13 0.00000e+00
1.75700e+03 6.23053e-13 0.00000e+00
1.75800e+03 6.42096e-13 0.00000e+00
1.75900e+03 6.28487e-13 0.00000e+00
1.76000e+03 6.01735e-13 0.00000e+00
1.76100e+03 6.30833e-13 0.00000e+00
1.76200e+03 5.97808e-13 0.00000e+00
1.76300e+03 5.88664e-13 0.00000e+00
1.76400e+03 6.06046e-13 0.00000e+00
1.76500e+03 6.39779e-13 0.00000e+00
1.76600e+03 6.28230e-13 0.00000e+00
1.76700e+03 5.75491e-13 0.00000e+00
1.76800e+03 6.01854e-13 0.00000e+00
1.76900e+03 5.89487e-13 0.00000e+00
1.77000e+03 5.66665e-13 0.00000e+00
1.77100e+03 6.02952e-13 0.00000e+00
1.77200e+03 5.54300e-13 0.00000e+00
1.77300e+03 6.43895e-13 0.00000e+00
1.77400e+03 5.63431e-13 0.00000e+00
1.77500e+03 5.55903e-13 0.00000e+00
1.77600e+03 6.43495e-13 0.00000e+00
1.77700e+03 6.00669e-13 0.00000e+00
1.77800e+03 5.96780e-13 0.00000e+00
1.77900e+03 6.03592e-13 0.00000e+00
1.78000e+03 5.68976e-13 0.00000e+00
1.78100e+03 5.75313e-13 0.00000e+00
1.78200e+03 5.76041e-13 0.00000e+00
1.78300e+03 5.75335e-13 0.00000e+00
1.78400e+03 5.57816e-13 0.00000e+00
1.78500e+03 6.04236e-13 0.00000e+00
1.78600e+03 5.64044e-13 0.00000e+00
1.78700e+03 5.68166e-13 0.00000e+00
1.78800e+03 5.72957e-13 0.00000e+00
1.78900e+03 5.97484e-13 0.00000e+00
1.79000e+03 6.00307e-13 0.00000e+00
1.79100e+03 5.72380e-13 0.00000e+00
1.79200e+03 5.67924e-13 0.00000e+00
1.79300e+03 5.50382e-13 0.00000e+00
1.79400e+03 5.90959e-13 0.00000e+00
1.79500e+03 5.32574e-13 0.00000e+00
1.79600e+03 5.54083e-13 0.00000e+00
1.79700e+03 5.57430e-13 0.00000e+00
1.79800e+03 5.66440e-13 0.00000e+00
1.79900e+03 5.65662e-13 0.00000e+00
1.80000e+03 5.64923e-13 0.00000e+00
1.80100e+03 5.48714e-13 0.00000e+00
1.80200e+03 5.83396e-13 0.00000e+00
1.80300e+03 5.76638e-13 0.00000e+00
1.80400e+03 5.68910e-13 0.00000e+00
1.80500e+03 5.96343e-13 0.00000e+00
1.80600e+03 5.43345e-13 0.00000e+00
1.80700e+03 5.85702e-13 0.00000e+00
1.80800e+03 5.55772e-13 0.00000e+00
1.80900e+03 5.53128e-13 0.00000e+00
1.81000e+03 5.64190e-13 0.00000e+00
1.81100e+03 5.49904e-13 0.00000e+00
1.81200e+03 6.00858e-13 0.00000e+00
1.81300e+03 5.46157e-13 0.00000e+00
1.81400e+03 5.96835e-13 0.00000e+00
1.81500e+03 5.74410e-13 0.00000e+00
1.81600e+03 5.63062e-13 0.00000e+00
1.81700e+03 5.51945e-13 0.00000e+00
1.81800e+03 5.47908e-13 0.00000e+00
1.81900e+03 5.59732e-13 0.00000e+00
1.82000e+03 6.03431e-13 0.00000e+00
1.82100e+03 5.37888e-13 0.00000e+00
1.82200e+03 5.61794e-13 0.00000e+00
1.82300e+03 5.12967e-13 0.00000e+00
1.82400e+03 5.47083e-13 0.00000e+00
1.82500e+03 5.12100e-13 0.00000e+00
1.82600e+03 5.31353e-13 0.00000e+00
1.82700e+03 4.96722e-13 0.00000e+00
1.82800e+03 5.68902e-13 0.00000e+00
1.82900e+03 5.22770e-13 0.00000e+00
1.83000e+03 5.31538e-13 0.00000e+00
1.83100e+03 5.14261e-13 0.00000e+00
1.83200e+03 5.33294e-13 0.00000e+00
1.83300e+03 5.44309e-13 0.00000e+00
1.83400e+03 5.50174e-13 0.00000e+00
1.83500e+03 5.58610e-13 0.00000e+00
1.83600e+03 5.33246e-13 0.00000e+00
1.83700e+03 5.45658e-13 0.00000e+00
1.83800e+03 5.55528e-13 0.00000e+00
1.83900e+03 5.48316e-13 0.00000e+00
1.84000e+03 5.43944e-13 0.00000e+00
1.84100e+03 5.43729e-13 0.00000e+00
1.84200e+03 5.30016e-13 0.00000e+00
1.84300e+03 5.02647e-13 0.00000e+00
1.84400e+03 5.63093e-13 0.00000e+00
1.84500e+03 5.40065e-13 0.00000e+00
1.84600e+03 5.07752e-13 0.00000e+00
1.84700e+03 5.37752e-13 0.00000e+00
1.84800e+03 5.28445e-13 0.00000e+00
1.84900e+03 5.37766e-13 0.00000e+00
1.85000e+03 5.30669e-13 0.00000e+00
1.85100e+03 5.21096e-13 0.00000e+00
1.85200e+03 4.91154e-13 0.00000e+00
1.85300e+03 5.30575e-13 0.00000e+00
1.85400e+03 5.17082e-13 0.00000e+00
1.85500e+03 5.37980e-13 0.00000e+00
1.85600e+03 5.59364e-13 0.00000e+00
1.85700e+03 4.86191e-13 0.00000e+00
1.85800e+03 4.93704e-13 0.00000e+00
1.85900e+03 5.25227e-13 0.00000e+00
1.86000e+03 5.17900e-13 0.00000e+00
1.86100e+03 5.13041e-13 0.00000e+00
1.86200e+03 5.37361e-13 0.00000e+00
1.86300e+03 5.01401e-13 0.00000e+00
1.86400e+03 5.23105e-13 0.00000e+00
1.86500e+03 5.32088e-13 0.00000e+00
1.86600e+03 4.88750e-13 0.00000e+00
1.86700e+03 5.14532e-13 0.00000e+00
1.86800e+03 5.00550e-13 0.00000e+00
1.86900e+03 5.03347e-13 0.00000e+00
1.87000e+03 5.21837e-13 0.00000e+00
1.87100e+03 5.26746e-13 0.00000e+00
1.87200e+03 5.17396e-13 0.00000e+00
1.87300e+03 5.02135e-13 0.00000e+00
1.87400e+03 5.04368e-13 0.00000e+00
1.87500e+03 4.83814e-13 0.00000e+00
1.87600e+03 5.15655e-13 0.00000e+00
1.87700e+03 4.98580e-13 0.00000e+00
1.87800e+03 5.09134e-13 0.00000e+00
1.87900e+03 4.89366e-13 0.00000e+00
1.88000e+03 4.78433e-13 0.00000e+00
1.88100e+03 4.98365e-13 0.00000e+00
1.88200e+03 4.92355e-13 0.00000e+00
1.88300e+03 5.30033e-13 0.00000e+00
1.88400e+03 5.05356e-13 0.00000e+00
1.88500e+03 5.12669e-13 0.00000e+00
1.88600e+03 4.70666e-13 0.00000e+00
1.88700e+03 5.19884e-13 0.00000e+00
1.88800e+03 4.78428e-13 0.00000e+00
1.88900e+03 5.09916e-13 0.00000e+00
1.89000e+03 5.16547e-13 0.00000e+00
1.89100e+03 5.06743e-13 0.00000e+00
1.89200e+03 4.91331e-13 0.00000e+00
1.89300e+03 4.56120e-13 0.00000e+00
1.89400e+03 5.02723e-13 0.00000e+00
1.89500e+03 4.81411e-13 0.00000e+00
1.89600e+03 4.65454e-13 0.00000e+00
1.89700e+03 4.65353e-13 0.00000e+00
1.89800e+03 4.91490e-13 0.00000e+00
1.89900e+03 4.82012e-13 0.00000e+00
1.90000e+03 4.64512e-13 0.00000e+00
1.90100e+03 4.43277e-13 0.00000e+00
1.90200e+03 4.91816e-13 0.00000e+00
1.90300e+03 4.72422e-13 0.00000e+00
1.90400e+03 4.79227e-13 0.00000e+00
1.90500e+03 4.65703e-13 0.00000e+00
1.90600e+03 4.60212e-13 0.00000e+00
1.90700e+03 4.41007e-13 0.00000e+00
1.90800e+03 5.23373e-13 0.00000e+00
1.90900e+03 4.83535e-13 0.00000e+00
1.91000e+03 4.53885e-13 0.00000e+00
1.91100e+03 4.36674e-13 0.00000e+00
1.91200e+03 4.78827e-13 0.00000e+00
1.91300e+03 4.66702e-13 0.00000e+00
1.91400e+03 4.85456e-13 0.00000e+00
1.91500e+03 4.68754e-13 0.00000e+00
1.91600e+03 4.87280e-13 0.00000e+00
1.91700e+03 4.73024e-13 0.00000e+00
1.91800e+03 4.67027e-13 0.00000e+00
1.91900e+03 4.68471e-13 0.00000e+00
1.92000e+03 4.77139e-13 0.00000e+00
1.92100e+03 4.64339e-13 0.00000e+00
1.92200e+03 4.86835e-13 0.00000e+00
1.92300e+03 4.66656e-13 0.00000e+00
1.92400e+03 4.77031e-13 0.00000e+00
1.92500e+03 4.47203e-13 0.00000e+00
1.92600e+03 4.55806e-13 0.00000e+00
1.92700e+03 4.88296e-13 0.00000e+00
1.92800e+03 4.61928e-13 0.00000e+00
1.92900e+03 4.75625e-13 0.00000e+00
1.93000e+03 4.50167e-13 0.00000e+00
1.93100e+03 4.83091e-13 0.00000e+00
1.93200e+03 4.38901e-13 0.00000e+00
1.93300e+03 4.68891e-13 0.00000e+00
1.93400e+03 4.82943e-13 0.00000e+00
1.93500e+03 4.20495e-13 0.00000e+00
1.93600e+03 4.73261e-13 0.00000e+00
1.93700e+03 4.54119e-13 0.00000e+00
1.93800e+03 4.62657e-13 0.00000e+00
1.93900e+03 4.57816e-13 0.00000e+00
1.94000e+03 4.36457e-13 0.00000e+00
1.94100e+03 4.59710e-13 0.00000e+00
1.94200e+03 4.59044e-13 0.00000e+00
1.94300e+03 4.62094e-13 0.00000e+00
1.94400e+03 4.88944e-13 0.00000e+00
1.94500e+03 4.49165e-13 0.00000e+00
1.94600e+03 4.55270e-13 0.00000e+00
1.94700e+03 4.50385e-13 0.00000e+00
1.94800e+03 4.53387e-13 0.00000e+00
1.94900e+03 4.74121e-13 0.00000e+00
1.95000e+03 4.42202e-13 0.00000e+00
1.95100e+03 4.67060e-13 0.00000e+00
1.95200e+03 4.54452e-13 0.00000e+00
1.95300e+03 4.43122e-13 0.00000e+00
1.95400e+03 4.61938e-13 0.00000e+00
1.95500e+03 4.42045e-13 0.00000e+00
1.95600e+03 4.40133e-13 0.00000e+00
1.95700e+03 4.27320e-13 0.00000e+00
1.95800e+03 4.62235e-13 0.00000e+00
1.95900e+03 4.60693e-13 0.00000e+00
1.96000e+03 4.46990e-13 0.00000e+00
1.96100e+03 4.37333e-13 0.00000e+00
1.96200e+03 4.31945e-13 0.00000e+00
1.96300e+03 4.46408e-13 0.00000e+00
1.96400e+03 4.43946e-13 0.00000e+00
1.96500e+03 4.53555e-13 0.00000e+00
1.96600e+03 4.45634e-13 0.00000e+00
1.96700e+03 4.51775e-13 0.00000e+00
1.96800e+03 4.35728e-13 0.00000e+00
1.96900e+03 3.97648e-13 0.00000e+00
1.97000e+03 4.47174e-13 0.00000e+00
1.97100e+03 4.31845e-13 0.00000e+00
1.97200e+03 4.36254e-13 0.00000e+00
1.97300e+03 4.20133e-13 0.00000e+00
1.97400e+03 4.24990e-13 0.00000e+00
1.97500e+03 4.25321e-13 0.00000e+00
1.97600e+03 4.15950e-13 0.00000e+00
1.97700e+03 4.40499e-13 0.00000e+00
1.97800e+03 4.20941e-13 0.00000e+00
1.97900e+03 4.33619e-13 0.00000e+00
1.98000e+03 4.15771e-13 0.00000e+00
1.98100e+03 4.16939e-13 0.00000e+00
1.98200e+03 4.38547e-13 0.00000e+00
1.98300e+03 4.10021e-13 0.00000e+00
1.98400e+03 4.33827e-13 0.00000e+00
1.98500e+03 4.31544e-13 0.00000e+00
1.98600e+03 4.35860e-13 0.00000e+00
1.98700e+03 4.29869e-13 0.00000e+00
1.98800e+03 4.29643e-13 0.00000e+00
1.98900e+03 4.14863e-13 0.00000e+00
1.99000e+03 4.15305e-13 0.00000e+00
1.99100e+03 4.19008e-13 0.00000e+00
1.99200e+03 4.26244e-13 0.00000e+00
1.99300e+03 4.03845e-13 0.00000e+00
1.99400e+03 4.29124e-13 0.00000e+00
1.99500e+03 4.20081e-13 0.00000e+00
1.99600e+03 4.05329e-13 0.00000e+00
1.99700e+03 4.23798e-13 0.00000e+00
1.99800e+03 3.84061e-13 0.00000e+00
1.99900e+03 4.26519e-13 0.00000e+00
2.00000e+03 4.18380e-13 0.00000e+00
