0.00000e+00 0.00000e+00 0.00000e+00
1.00000e+00 0.00000e+00 0.00000e+00
2.00000e+00 0.00000e+00 0.00000e+00
3.00000e+00 0.00000e+00 0.00000e+00
4.00000e+00 0.00000e+00 0.00000e+00
5.00000e+00 0.00000e+00 0.00000e+00
6.00000e+00 0.00000e+00 0.00000e+00
7.00000e+00 0.00000e+00 0.00000e+00
8.00000e+00 0.00000e+00 0.00000e+00
9.00000e+00 0.00000e+00 0.00000e+00
1.00000e+01 0.00000e+00 0.00000e+00
1.10000e+01 0.00000e+00 0.00000e+00
1.20000e+01 0.00000e+00 0.00000e+00
1.30000e+01 0.00000e+00 0.00000e+00
1.40000e+01 0.00000e+00 0.00000e+00
1.50000e+01 0.00000e+00 0.00000e+00
1.60000e+01 0.00000e+00 0.00000e+00
1.70000e+01 0.00000e+00 0.00000e+00
1.80000e+01 0.00000e+00 0.00000e+00
1.90000e+01 0.00000e+00 0.00000e+00
2.00000e+01 0.00000e+00 0.00000e+00
2.10000e+01 0.00000e+00 0.00000e+00
2.20000e+01 0.00000e+00 0.00000e+00
2.30000e+01 0.00000e+00 0.00000e+00
2.40000e+01 0.00000e+00 0.00000e+00
2.50000e+01 0.00000e+00 0.00000e+00
2.60000e+01 0.00000e+00 0.00000e+00
2.70000e+01 0.00000e+00 0.00000e+00
2.80000e+01 0.00000e+00 0.00000e+00
2.90000e+01 0.00000e+00 0.00000e+00
3.00000e+01 0.00000e+00 0.00000e+00
3.10000e+01 0.00000e+00 0.00000e+00
3.20000e+01 0.00000e+00 0.00000e+00
3.30000e+01 0.00000e+00 0.00000e+00
3.40000e+01 0.00000e+00 0.00000e+00
3.50000e+01 0.00000e+00 0.00000e+00
3.60000e+01 0.00000e+00 0.00000e+00
3.70000e+01 0.00000e+00 0.00000e+00
3.80000e+01 0.00000e+00 0.00000e+00
3.90000e+01 0.00000e+00 0.00000e+00
4.00000e+01 0.00000e+00 0.00000e+00
4.10000e+01 0.00000e+00 0.00000e+00
4.20000e+01 0.00000e+00 0.00000e+00
4.30000e+01 0.00000e+00 0.00000e+00
4.40000e+01 0.00000e+00 0.00000e+00
4.50000e+01 0.00000e+00 0.00000e+00
4.60000e+01 0.00000e+00 0.00000e+00
4.70000e+01 0.00000e+00 0.00000e+00
4.80000e+01 0.00000e+00 0.00000e+00
4.90000e+01 0.00000e+00 0.00000e+00
5.00000e+01 0.00000e+00 0.00000e+00
5.10000e+01 0.00000e+00 0.00000e+00
5.20000e+01 0.00000e+00 0.00000e+00
5.30000e+01 0.00000e+00 0.00000e+00
5.40000e+01 0.00000e+00 0.00000e+00
5.50000e+01 0.00000e+00 0.00000e+00
5.60000e+01 0.00000e+00 0.00000e+00
5.70000e+01 0.00000e+00 0.00000e+00
5.80000e+01 0.00000e+00 0.00000e+00
5.90000e+01 0.00000e+00 0.00000e+00
6.00000e+01 0.00000e+00 0.00000e+00
6.10000e+01 0.00000e+00 0.00000e+00
6.20000e+01 0.00000e+00 0.00000e+00
6.30000e+01 0.00000e+00 0.00000e+00
6.40000e+01 0.00000e+00 0.00000e+00
6.50000e+01 0.00000e+00 0.00000e+00
6.60000e+01 0.00000e+00 0.00000e+00
6.70000e+01 0.00000e+00 0.00000e+00
6.80000e+01 0.00000e+00 0.00000e+00
6.90000e+01 0.00000e+00 0.00000e+00
7.00000e+01 0.00000e+00 0.00000e+00
7.10000e+01 0.00000e+00 0.00000e+00
7.20000e+01 0.00000e+00 0.00000e+00
7.30000e+01 0.00000e+00 0.00000e+00
7.40000e+01 0.00000e+00 0.00000e+00
7.50000e+01 0.00000e+00 0.00000e+00
7.60000e+01 0.00000e+00 0.00000e+00
7.70000e+01 0.00000e+00 0.00000e+00
7.80000e+01 0.00000e+00 0.00000e+00
7.90000e+01 0.00000e+00 0.00000e+00
8.00000e+01 0.00000e+00 0.00000e+00
8.10000e+01 0.00000e+00 0.00000e+00
8.20000e+01 0.00000e+00 0.00000e+00
8.30000e+01 0.00000e+00 0.00000e+00
8.40000e+01 0.00000e+00 0.00000e+00
8.50000e+01 0.00000e+00 0.00000e+00
8.60000e+01 0.00000e+00 0.00000e+00
8.70000e+01 0.00000e+00 0.00000e+00
8.80000e+01 0.00000e+00 0.00000e+00
8.90000e+01 0.00000e+00 0.00000e+00
9.00000e+01 0.00000e+00 0.00000e+00
9.10000e+01 0.00000e+00 0.00000e+00
9.20000e+01 0.00000e+00 0.00000e+00
9.30000e+01 0.00000e+00 0.00000e+00
9.40000e+01 0.00000e+00 0.00000e+00
9.50000e+01 0.00000e+00 0.00000e+00
9.60000e+01 0.00000e+00 0.00000e+00
9.70000e+01 0.00000e+00 0.00000e+00
9.80000e+01 0.00000e+00 0.00000e+00
9.90000e+01 0.00000e+00 0.00000e+00
1.00000e+02 3.38657e-11 0.00000e+00
1.01000e+02 4.84403e-11 0.00000e+00
1.02000e+02 4.14970e-11 0.00000e+00
1.03000e+02 4.22867e-11 0.00000e+00
1.04000e+02 3.56314e-11 0.00000e+00
1.05000e+02 2.92013e-11 0.00000e+00
1.06000e+02 3.57566e-11 0.00000e+00
1.07000e+02 5.07631e-11 0.00000e+00
1.08000e+02 4.59340e-11 0.00000e+00
1.09000e+02 5.02780e-11 0.00000e+00
1.10000e+02 5.00993e-11 0.00000e+00
1.11000e+02 4.92363e-11 0.00000e+00
1.12000e+02 4.25015e-11 0.00000e+00
1.13000e+02 6.17880e-11 0.00000e+00
1.14000e+02 5.22674e-11 0.00000e+00
1.15000e+02 5.67135e-11 0.00000e+00
1.16000e+02 4.04526e-11 0.00000e+00
1.17000e+02 5.15950e-11 0.00000e+00
1.18000e+02 3.95303e-11 0.00000e+00
1.19000e+02 4.13284e-11 0.00000e+00
1.20000e+02 4.62328e-11 0.00000e+00
1.21000e+02 4.17409e-11 0.00000e+00
1.22000e+02 3.75870e-11 0.00000e+00
1.23000e+02 3.73596e-11 0.00000e+00
1.24000e+02 4.45211e-11 0.00000e+00
1.25000e+02 2.79063e-11 0.00000e+00
1.26000e+02 3.13853e-11 0.00000e+00
1.27000e+02 4.21145e-11 0.00000e+00
1.28000e+02 3.00776e-11 0.00000e+00
1.29000e+02 2.85022e-11 0.00000e+00
1.30000e+02 2.24124e-11 0.00000e+00
1.31000e+02 4.58458e-11 0.00000e+00
1.32000e+02 2.84700e-11 0.00000e+00
1.33000e+02 4.04118e-11 0.00000e+00
1.34000e+02 3.44292e-11 0.00000e+00
1.35000e+02 3.06519e-11 0.00000e+00
1.36000e+02 4.04673e-11 0.00000e+00
1.37000e+02 2.94750e-11 0.00000e+00
1.38000e+02 3.85125e-11 0.00000e+00
1.39000e+02 2.78574e-11 0.00000e+00
1.40000e+02 3.40212e-11 0.00000e+00
1.41000e+02 3.85580e-11 0.00000e+00
1.42000e+02 3.01993e-11 0.00000e+00
1.43000e+02 3.46626e-11 0.00000e+00
1.44000e+02 3.95093e-11 0.00000e+00
1.45000e+02 3.11988e-11 0.00000e+00
1.46000e+02 3.28612e-11 0.00000e+00
1.47000e+02 2.57835e-11 0.00000e+00
1.48000e+02 3.08647e-11 0.00000e+00
1.49000e+02 3.19877e-11 0.00000e+00
1.50000e+02 4.33012e-11 0.00000e+00
1.51000e+02 2.67810e-11 0.00000e+00
1.52000e+02 2.18252e-11 0.00000e+00
1.53000e+02 1.68753e-11 0.00000e+00
1.54000e+02 3.85142e-11 0.00000e+00
1.55000e+02 2.82885e-11 0.00000e+00
1.56000e+02 2.51137e-11 0.00000e+00
1.57000e+02 3.32594e-11 0.00000e+00
1.58000e+02 2.87076e-11 0.00000e+00
1.59000e+02 2.62880e-11 0.00000e+00
1.60000e+02 2.88151e-11 0.00000e+00
1.61000e+02 2.55476e-11 0.00000e+00
1.62000e+02 3.40644e-11 0.00000e+00
1.63000e+02 2.80268e-11 0.00000e+00
1.64000e+02 3.61249e-11 0.00000e+00
1.65000e+02 2.07677e-11 0.00000e+00
1.66000e+02 2.44387e-11 0.00000e+00
1.67000e+02 3.64581e-11 0.00000e+00
1.68000e+02 2.09997e-11 0.00000e+00
1.69000e+02 3.02317e-11 0.00000e+00
1.70000e+02 3.73938e-11 0.00000e+00
1.71000e+02 2.48236e-11 0.00000e+00
1.72000e+02 2.71615e-11 0.00000e+00
1.73000e+02 2.76841e-11 0.00000e+00
1.74000e+02 2.06655e-11 0.00000e+00
1.75000e+02 2.05564e-11 0.00000e+00
1.76000e+02 2.98616e-11 0.00000e+00
1.77000e+02 2.64715e-11 0.00000e+00
1.78000e+02 2.25895e-11 0.00000e+00
1.79000e+02 2.16716e-11 0.00000e+00
1.80000e+02 3.14698e-11 0.00000e+00
1.81000e+02 2.67782e-11 0.00000e+00
1.82000e+02 3.43389e-11 0.00000e+00
1.83000e+02 2.39472e-11 0.00000e+00
1.84000e+02 3.08515e-11 0.00000e+00
1.85000e+02 2.36892e-11 0.00000e+00
1.86000e+02 2.61630e-11 0.00000e+00
1.87000e+02 1.92653e-11 0.00000e+00
1.88000e+02 2.82593e-11 0.00000e+00
1.89000e+02 2.53732e-11 0.00000e+00
1.90000e+02 1.58057e-11 0.00000e+00
1.91000e+02 1.97618e-11 0.00000e+00
1.92000e+02 1.93212e-11 0.00000e+00
1.93000e+02 2.33322e-11 0.00000e+00
1.94000e+02 1.79162e-11 0.00000e+00
1.95000e+02 1.60052e-11 0.00000e+00
1.96000e+02 2.01834e-11 0.00000e+00
1.97000e+02 1.37195e-11 0.00000e+00
1.98000e+02 2.72258e-11 0.00000e+00
1.99000e+02 1.88383e-11 0.00000e+00
2.00000e+02 1.95161e-11 0.00000e+00
2.01000e+02 2.13199e-11 0.00000e+00
2.02000e+02 1.67648e-11 0.00000e+00
2.03000e+02 1.75597e-11 0.00000e+00
2.04000e+02 1.81995e-11 0.00000e+00
2.05000e+02 1.65567e-11 0.00000e+00
2.06000e+02 2.51401e-11 0.00000e+00
2.07000e+02 1.56914e-11 0.00000e+00
2.08000e+02 2.07754e-11 0.00000e+00
2.09000e+02 1.74225e-11 0.00000e+00
2.10000e+02 2.93095e-11 0.00000e+00
2.11000e+02 1.52558e-11 0.00000e+00
2.12000e+02 2.08739e-11 0.00000e+00
2.13000e+02 1.08142e-11 0.00000e+00
2.14000e+02 1.81310e-11 0.00000e+00
2.15000e+02 2.02210e-11 0.00000e+00
2.16000e+02 2.39934e-11 0.00000e+00
2.17000e+02 2.29113e-11 0.00000e+00
2.18000e+02 2.12118e-11 0.00000e+00
2.19000e+02 1.92191e-11 0.00000e+00
2.20000e+02 1.64801e-11 0.00000e+00
2.21000e+02 2.00678e-11 0.00000e+00
2.22000e+02 2.15150e-11 0.00000e+00
2.23000e+02 1.74502e-11 0.00000e+00
2.24000e+02 2.16324e-11 0.00000e+00
2.25000e+02 2.20719e-11 0.00000e+00
2.26000e+02 2.13479e-11 0.00000e+00
2.27000e+02 2.10285e-11 0.00000e+00
2.28000e+02 1.78356e-11 0.00000e+00
2.29000e+02 2.09788e-11 0.00000e+00
2.30000e+02 1.89696e-11 0.00000e+00
2.31000e+02 2.04668e-11 0.00000e+00
2.32000e+02 2.16055e-11 0.00000e+00
2.33000e+02 1.90130e-11 0.00000e+00
2.34000e+02 1.76382e-11 0.00000e+00
2.35000e+02 1.73663e-11 0.00000e+00
2.36000e+02 1.38097e-11 0.00000e+00
2.37000e+02 1.77182e-11 0.00000e+00
2.38000e+02 1.82899e-11 0.00000e+00
2.39000e+02 2.04976e-11 0.00000e+00
2.40000e+02 1.76936e-11 0.00000e+00
2.41000e+02 2.30594e-11 0.00000e+00
2.42000e+02 2.41909e-11 0.00000e+00
2.43000e+02 1.61400e-11 0.00000e+00
2.44000e+02 1.68270e-11 0.00000e+00
2.45000e+02 2.37524e-11 0.00000e+00
2.46000e+02 1.96965e-11 0.00000e+00
2.47000e+02 1.54142e-11 0.00000e+00
2.48000e+02 1.82668e-11 0.00000e+00
2.49000e+02 2.03515e-11 0.00000e+00
2.50000e+02 1.89555e-11 0.00000e+00
2.51000e+02 2.20910e-11 0.00000e+00
2.52000e+02 1.59822e-11 0.00000e+00
2.53000e+02 1.31180e-11 0.00000e+00
2.54000e+02 1.27059e-11 0.00000e+00
2.55000e+02 1.57011e-11 0.00000e+00
2.56000e+02 1.87908e-11 0.00000e+00
2.57000e+02 2.02300e-11 0.00000e+00
2.58000e+02 1.70536e-11 0.00000e+00
2.59000e+02 1.88767e-11 0.00000e+00
2.60000e+02 2.27508e-11 0.00000e+00
2.61000e+02 1.74343e-11 0.00000e+00
2.62000e+02 1.45551e-11 0.00000e+00
2.63000e+02 1.94686e-11 0.00000e+00
2.64000e+02 1.57689e-11 0.00000e+00
2.65000e+02 1.91645e-11 0.00000e+00
2.66000e+02 1.65681e-11 0.00000e+00
2.67000e+02 2.01612e-11 0.00000e+00
2.68000e+02 1.49882e-11 0.00000e+00
2.69000e+02 1.43655e-11 0.00000e+00
2.70000e+02 1.90886e-11 0.00000e+00
2.71000e+02 1.49901e-11 0.00000e+00
2.72000e+02 1.35402e-11 0.00000e+00
2.73000e+02 1.71391e-11 0.00000e+00
2.74000e+02 1.70159e-11 0.00000e+00
2.75000e+02 2.09476e-11 0.00000e+00
2.76000e+02 1.39831e-11 0.00000e+00
2.77000e+02 1.36600e-11 0.00000e+00
2.78000e+02 1.39492e-11 0.00000e+00
2.79000e+02 1.59999e-11 0.00000e+00
2.80000e+02 1.48346e-11 0.00000e+00
2.81000e+02 1.70110e-11 0.00000e+00
2.82000e+02 1.58990e-11 0.00000e+00
2.83000e+02 1.39601e-11 0.00000e+00
2.84000e+02 1.40916e-11 0.00000e+00
2.85000e+02 1.72315e-11 0.00000e+00
2.86000e+02 2.02089e-11 0.00000e+00
2.87000e+02 1.75970e-11 0.00000e+00
2.88000e+02 1.60882e-11 0.00000e+00
2.89000e+02 1.51035e-11 0.00000e+00
2.90000e+02 1.87875e-11 0.00000e+00
2.91000e+02 1.63356e-11 0.00000e+00
2.92000e+02 1.54106e-11 0.00000e+00
2.93000e+02 1.34244e-11 0.00000e+00
2.94000e+02 1.51434e-11 0.00000e+00
2.95000e+02 1.67183e-11 0.00000e+00
2.96000e+02 1.56081e-11 0.00000e+00
2.97000e+02 1.29668e-11 0.00000e+00
2.98000e+02 1.78225e-11 0.00000e+00
2.99000e+02 1.57716e-11 0.00000e+00
3.00000e+02 1.39340e-11 0.00000e+00
3.01000e+02 1.52965e-11 0.00000e+00
3.02000e+02 1.63278e-11 0.00000e+00
3.03000e+02 1.46844e-11 0.00000e+00
3.04000e+02 1.70172e-11 0.00000e+00
3.05000e+02 1.31227e-11 0.00000e+00
3.06000e+02 1.79617e-11 0.00000e+00
3.07000e+02 1.47233e-11 0.00000e+00
3.08000e+02 1.59784e-11 0.00000e+00
3.09000e+02 1.67936e-11 0.00000e+00
3.10000e+02 1.66068e-11 0.00000e+00
3.11000e+02 9.99789e-12 0.00000e+00
3.12000e+02 1.53107e-11 0.00000e+00
3.13000e+02 1.46033e-11 0.00000e+00
3.14000e+02 1.07829e-11 0.00000e+00
3.15000e+02 1.35097e-11 0.00000e+00
3.16000e+02 1.70770e-11 0.00000e+00
3.17000e+02 1.19765e-11 0.00000e+00
3.18000e+02 1.27509e-11 0.00000e+00
3.19000e+02 1.23857e-11 0.00000e+00
3.20000e+02 1.29102e-11 0.00000e+00
3.21000e+02 1.25512e-11 0.00000e+00
3.22000e+02 1.60313e-11 0.00000e+00
3.23000e+02 1.37354e-11 0.00000e+00
3.24000e+02 1.18356e-11 0.00000e+00
3.25000e+02 1.16273e-11 0.00000e+00
3.26000e+02 1.42884e-11 0.00000e+00
3.27000e+02 1.49818e-11 0.00000e+00
3.28000e+02 1.07074e-11 0.00000e+00
3.29000e+02 1.30119e-11 0.00000e+00
3.30000e+02 1.18188e-11 0.00000e+00
3.31000e+02 1.51210e-11 0.00000e+00
3.32000e+02 1.07076e-11 0.00000e+00
3.33000e+02 1.42658e-11 0.00000e+00
3.34000e+02 1.52866e-11 0.00000e+00
3.35000e+02 1.40364e-11 0.00000e+00
3.36000e+02 1.55831e-11 0.00000e+00
3.37000e+02 1.49590e-11 0.00000e+00
3.38000e+02 1.04638e-11 0.00000e+00
3.39000e+02 1.17845e-11 0.00000e+00
3.40000e+02 1.20723e-11 0.00000e+00
3.41000e+02 1.42730e-11 0.00000e+00
3.42000e+02 1.18014e-11 0.00000e+00
3.43000e+02 1.34683e-11 0.00000e+00
3.44000e+02 1.34167e-11 0.00000e+00
3.45000e+02 1.03500e-11 0.00000e+00
3.46000e+02 1.56943e-11 0.00000e+00
3.47000e+02 8.07182e-12 0.00000e+00
3.48000e+02 1.09225e-11 0.00000e+00
3.49000e+02 1.09577e-11 0.00000e+00
3.50000e+02 1.23679e-11 0.00000e+00
3.51000e+02 1.00957e-11 0.00000e+00
3.52000e+02 1.57617e-11 0.00000e+00
3.53000e+02 1.03949e-11 0.00000e+00
3.54000e+02 1.20155e-11 0.00000e+00
3.55000e+02 1.24567e-11 0.00000e+00
3.56000e+02 1.28916e-11 0.00000e+00
3.57000e+02 9.77472e-12 0.00000e+00
3.58000e+02 1.32924e-11 0.00000e+00
3.59000e+02 1.15751e-11 0.00000e+00
3.60000e+02 1.01919e-11 0.00000e+00
3.61000e+02 1.21353e-11 0.00000e+00
3.62000e+02 1.44316e-11 0.00000e+00
3.63000e+02 1.14121e-11 0.00000e+00
3.64000e+02 1.01013e-11 0.00000e+00
3.65000e+02 1.20607e-11 0.00000e+00
3.66000e+02 1.20271e-11 0.00000e+00
3.67000e+02 1.30758e-11 0.00000e+00
3.68000e+02 1.53652e-11 0.00000e+00
3.69000e+02 1.19888e-11 0.00000e+00
3.70000e+02 1.14190e-11 0.00000e+00
3.71000e+02 1.02020e-11 0.00000e+00
3.72000e+02 1.23317e-11 0.00000e+00
3.73000e+02 1.16735e-11 0.00000e+00
3.74000e+02 1.23492e-11 0.00000e+00
3.75000e+02 1.28863e-11 0.00000e+00
3.76000e+02 1.16404e-11 0.00000e+00
3.77000e+02 1.16071e-11 0.00000e+00
3.78000e+02 1.37965e-11 0.00000e+00
3.79000e+02 9.26625e-12 0.00000e+00
3.80000e+02 1.16913e-11 0.00000e+00
3.81000e+02 1.12669e-11 0.00000e+00
3.82000e+02 1.15494e-11 0.00000e+00
3.83000e+02 1.65824e-11 0.00000e+00
3.84000e+02 1.06789e-11 0.00000e+00
3.85000e+02 1.09442e-11 0.00000e+00
3.86000e+02 1.08881e-11 0.00000e+00
3.87000e+02 1.21433e-11 0.00000e+00
3.88000e+02 1.15341e-11 0.00000e+00
3.89000e+02 1.08287e-11 0.00000e+00
3.90000e+02 1.11704e-11 0.00000e+00
3.91000e+02 1.03167e-11 0.00000e+00
3.92000e+02 1.31462e-11 0.00000e+00
3.93000e+02 1.14444e-11 0.00000e+00
3.94000e+02 9.84613e-12 0.00000e+00
3.95000e+02 1.03680e-11 0.00000e+00
3.96000e+02 1.15620e-11 0.00000e+00
3.97000e+02 1.23788e-11 0.00000e+00
3.98000e+02 1.35284e-11 0.00000e+00
3.99000e+02 9.43055e-12 0.00000e+00
4.00000e+02 9.96058e-12 0.00000e+00
4.01000e+02 1.17093e-11 0.00000e+00
4.02000e+02 1.12653e-11 0.00000e+00
4.03000e+02 1.27224e-11 0.00000e+00
4.04000e+02 1.14317e-11 0.00000e+00
4.05000e+02 1.14694e-11 0.00000e+00
4.06000e+02 1.05082e-11 0.00000e+00
4.07000e+02 1.40849e-11 0.00000e+00
4.08000e+02 1.05429e-11 0.00000e+00
4.09000e+02 1.10518e-11 0.00000e+00
4.10000e+02 9.93662e-12 0.00000e+00
4.11000e+02 1.22133e-11 0.00000e+00
4.12000e+02 8.87027e-12 0.00000e+00
4.13000e+02 1.12248e-11 0.00000e+00
4.14000e+02 1.03982e-11 0.00000e+00
4.15000e+02 9.14125e-12 0.00000e+00
4.16000e+02 8.02681e-12 0.00000e+00
4.17000e+02 8.47512e-12 0.00000e+00
4.18000e+02 7.71364e-12 0.00000e+00
4.19000e+02 1.19428e-11 0.00000e+00
4.20000e+02 9.38079e-12 0.00000e+00
4.21000e+02 8.79033e-12 0.00000e+00
4.22000e+02 9.20006e-12 0.00000e+00
4.23000e+02 8.58181e-12 0.00000e+00
4.24000e+02 1.04249e-11 0.00000e+00
4.25000e+02 9.04656e-12 0.00000e+00
4.26000e+02 9.25586e-12 0.00000e+00
4.27000e+02 9.95688e-12 0.00000e+00
4.28000e+02 7.88543e-12 0.00000e+00
4.29000e+02 8.08469e-12 0.00000e+00
4.30000e+02 9.69102e-12 0.00000e+00
4.31000e+02 9.36020e-12 0.00000e+00
4.32000e+02 9.85836e-12 0.00000e+00
4.33000e+02 7.65813e-12 0.00000e+00
4.34000e+02 1.17452e-11 0.00000e+00
4.35000e+02 8.82944e-12 0.00000e+00
4.36000e+02 8.84016e-12 0.00000e+00
4.37000e+02 1.06565e-11 0.00000e+00
4.38000e+02 8.94850e-12 0.00000e+00
4.39000e+02 9.78960e-12 0.00000e+00
4.40000e+02 9.63788e-12 0.00000e+00
4.41000e+02 7.79198e-12 0.00000e+00
4.42000e+02 9.31363e-12 0.00000e+00
4.43000e+02 8.80261e-12 0.00000e+00
4.44000e+02 9.78324e-12 0.00000e+00
4.45000e+02 9.56502e-12 0.00000e+00
4.46000e+02 9.33444e-12 0.00000e+00
4.47000e+02 8.19969e-12 0.00000e+00
4.48000e+02 8.46003e-12 0.00000e+00
4.49000e+02 9.90460e-12 0.00000e+00
4.50000e+02 9.31564e-12 0.00000e+00
4.51000e+02 8.53175e-12 0.00000e+00
4.52000e+02 1.10961e-11 0.00000e+00
4.53000e+02 1.07832e-11 0.00000e+00
4.54000e+02 8.65584e-12 0.00000e+00
4.55000e+02 9.83861e-12 0.00000e+00
4.56000e+02 8.72246e-12 0.00000e+00
4.57000e+02 9.40571e-12 0.00000e+00
4.58000e+02 9.03147e-12 0.00000e+00
4.59000e+02 9.33225e-12 0.00000e+00
4.60000e+02 8.05461e-12 0.00000e+00
4.61000e+02 9.92703e-12 0.00000e+00
4.62000e+02 9.92051e-12 0.00000e+00
4.63000e+02 8.59811e-12 0.00000e+00
4.64000e+02 7.81408e-12 0.00000e+00
4.65000e+02 7.88799e-12 0.00000e+00
4.66000e+02 8.13366e-12 0.00000e+00
4.67000e+02 7.79009e-12 0.00000e+00
4.68000e+02 9.12406e-12 0.00000e+00
4.69000e+02 7.09154e-12 0.00000e+00
4.70000e+02 8.21025e-12 0.00000e+00
4.71000e+02 6.68000e-12 0.00000e+00
4.72000e+02 1.01492e-11 0.00000e+00
4.73000e+02 9.08441e-12 0.00000e+00
4.74000e+02 8.76737e-12 0.00000e+00
4.75000e+02 9.19598e-12 0.00000e+00
4.76000e+02 8.62390e-12 0.00000e+00
4.77000e+02 7.64788e-12 0.00000e+00
4.78000e+02 7.87365e-12 0.00000e+00
4.79000e+02 9.62270e-12 0.00000e+00
4.80000e+02 8.78362e-12 0.00000e+00
4.81000e+02 8.22916e-12 0.00000e+00
4.82000e+02 9.16327e-12 0.00000e+00
4.83000e+02 8.27568e-12 0.00000e+00
4.84000e+02 9.01100e-12 0.00000e+00
4.85000e+02 8.26176e-12 0.00000e+00
4.86000e+02 7.46891e-12 0.00000e+00
4.87000e+02 8.70331e-12 0.00000e+00
4.88000e+02 6.92653e-12 0.00000e+00
4.89000e+02 7.87401e-12 0.00000e+00
4.90000e+02 9.36412e-12 0.00000e+00
4.91000e+02 7.80008e-12 0.00000e+00
4.92000e+02 8.55044e-12 0.00000e+00
4.93000e+02 1.02545e-11 0.00000e+00
4.94000e+02 9.46140e-12 0.00000e+00
4.95000e+02 8.17991e-12 0.00000e+00
4.96000e+02 8.86519e-12 0.00000e+00
4.97000e+02 7.99595e-12 0.00000e+00
4.98000e+02 8.83748e-12 0.00000e+00
4.99000e+02 8.29458e-12 0.00000e+00
5.00000e+02 8.74918e-12 0.00000e+00
5.01000e+02 8.64674e-12 0.00000e+00
5.02000e+02 8.51450e-12 0.00000e+00
5.03000e+02 7.99250e-12 0.00000e+00
5.04000e+02 7.81076e-12 0.00000e+00
5.05000e+02 8.25805e-12 0.00000e+00
5.06000e+02 7.16001e-12 0.00000e+00
5.07000e+02 7.71221e-12 0.00000e+00
5.08000e+02 9.02066e-12 0.00000e+00
5.09000e+02 7.59537e-12 0.00000e+00
5.10000e+02 8.03229e-12 0.00000e+00
5.11000e+02 7.87983e-12 0.00000e+00
5.12000e+02 8.64668e-12 0.00000e+00
5.13000e+02 7.63252e-12 0.00000e+00
5.14000e+02 6.95122e-12 0.00000e+00
5.15000e+02 8.00183e-12 0.00000e+00
5.16000e+02 6.30883e-12 0.00000e+00
5.17000e+02 8.01434e-12 0.00000e+00
5.18000e+02 7.09141e-12 0.00000e+00
5.19000e+02 8.27220e-12 0.00000e+00
5.20000e+02 7.58900e-12 0.00000e+00
5.21000e+02 7.47820e-12 0.00000e+00
5.22000e+02 7.17076e-12 0.00000e+00
5.23000e+02 7.02202e-12 0.00000e+00
5.24000e+02 6.62736e-12 0.00000e+00
5.25000e+02 7.80383e-12 0.00000e+00
5.26000e+02 6.10431e-12 0.00000e+00
5.27000e+02 6.59287e-12 0.00000e+00
5.28000e+02 8.12949e-12 0.00000e+00
5.29000e+02 7.81651e-12 0.00000e+00
5.30000e+02 6.88583e-12 0.00000e+00
5.31000e+02 6.72294e-12 0.00000e+00
5.32000e+02 5.92844e-12 0.00000e+00
5.33000e+02 7.84987e-12 0.00000e+00
5.34000e+02 8.00242e-12 0.00000e+00
5.35000e+02 6.79762e-12 0.00000e+00
5.36000e+02 7.89346e-12 0.00000e+00
5.37000e+02 6.04809e-12 0.00000e+00
5.38000e+02 6.33929e-12 0.00000e+00
5.39000e+02 7.56380e-12 0.00000e+00
5.40000e+02 8.15063e-12 0.00000e+00
5.41000e+02 8.39353e-12 0.00000e+00
5.42000e+02 7.37881e-12 0.00000e+00
5.43000e+02 5.92420e-12 0.00000e+00
5.44000e+02 6.23203e-12 0.00000e+00
5.45000e+02 8.91627e-12 0.00000e+00
5.46000e+02 6.74009e-12 0.00000e+00
5.47000e+02 6.90345e-12 0.00000e+00
5.48000e+02 6.97648e-12 0.00000e+00
5.49000e+02 7.08863e-12 0.00000e+00
5.50000e+02 6.67389e-12 0.00000e+00
5.51000e+02 6.69003e-12 0.00000e+00
5.52000e+02 7.74543e-12 0.00000e+00
5.53000e+02 6.28215e-12 0.00000e+00
5.54000e+02 6.07316e-12 0.00000e+00
5.55000e+02 5.45083e-12 0.00000e+00
5.56000e+02 8.44673e-12 0.00000e+00
5.57000e+02 6.64463e-12 0.00000e+00
5.58000e+02 5.95217e-12 0.00000e+00
5.59000e+02 7.17808e-12 0.00000e+00
5.60000e+02 6.22125e-12 0.00000e+00
5.61000e+02 7.69593e-12 0.00000e+00
5.62000e+02 6.50591e-12 0.00000e+00
5.63000e+02 6.94184e-12 0.00000e+00
5.64000e+02 6.47978e-12 0.00000e+00
5.65000e+02 6.59385e-12 0.00000e+00
5.66000e+02 5.28144e-12 0.00000e+00
5.67000e+02 6.81600e-12 0.00000e+00
5.68000e+02 5.37923e-12 0.00000e+00
5.69000e+02 5.38783e-12 0.00000e+00
5.70000e+02 6.65803e-12 0.00000e+00
5.71000e+02 6.99592e-12 0.00000e+00
5.72000e+02 6.71595e-12 0.00000e+00
5.73000e+02 7.36232e-12 0.00000e+00
5.74000e+02 5.92612e-12 0.00000e+00
5.75000e+02 5.77008e-12 0.00000e+00
5.76000e+02 5.98681e-12 0.00000e+00
5.77000e+02 5.73246e-12 0.00000e+00
5.78000e+02 6.05888e-12 0.00000e+00
5.79000e+02 6.93245e-12 0.00000e+00
5.80000e+02 5.32560e-12 0.00000e+00
5.81000e+02 5.78041e-12 0.00000e+00
5.82000e+02 5.11470e-12 0.00000e+00
5.83000e+02 5.70334e-12 0.00000e+00
5.84000e+02 6.07706e-12 0.00000e+00
5.85000e+02 7.08921e-12 0.00000e+00
5.86000e+02 5.78768e-12 0.00000e+00
5.87000e+02 6.24956e-12 0.00000e+00
5.88000e+02 5.73453e-12 0.00000e+00
5.89000e+02 5.97755e-12 0.00000e+00
5.90000e+02 5.92580e-12 0.00000e+00
5.91000e+02 6.23650e-12 0.00000e+00
5.92000e+02 6.41073e-12 0.00000e+00
5.93000e+02 7.46264e-12 0.00000e+00
5.94000e+02 6.46761e-12 0.00000e+00
5.95000e+02 6.50203e-12 0.00000e+00
5.96000e+02 6.25334e-12 0.00000e+00
5.97000e+02 5.34905e-12 0.00000e+00
5.98000e+02 5.27610e-12 0.00000e+00
5.99000e+02 5.77179e-12 0.00000e+00
6.00000e+02 5.95184e-12 0.00000e+00
6.01000e+02 5.61887e-12 0.00000e+00
6.02000e+02 6.01982e-12 0.00000e+00
6.03000e+02 5.62996e-12 0.00000e+00
6.04000e+02 5.43545e-12 0.00000e+00
6.05000e+02 5.44060e-12 0.00000e+00
6.06000e+02 4.90689e-12 0.00000e+00
6.07000e+02 6.15227e-12 0.00000e+00
6.08000e+02 6.01412e-12 0.00000e+00
6.09000e+02 4.73905e-12 0.00000e+00
6.10000e+02 6.47238e-12 0.00000e+00
6.11000e+02 5.23473e-12 0.00000e+00
6.12000e+02 5.97888e-12 0.00000e+00
6.13000e+02 6.13398e-12 0.00000e+00
6.14000e+02 6.07744e-12 0.00000e+00
6.15000e+02 5.57099e-12 0.00000e+00
6.16000e+02 5.47252e-12 0.00000e+00
6.17000e+02 5.81337e-12 0.00000e+00
6.18000e+02 5.77706e-12 0.00000e+00
6.19000e+02 5.09337e-12 0.00000e+00
6.20000e+02 6.29690e-12 0.00000e+00
6.21000e+02 5.76981e-12 0.00000e+00
6.22000e+02 4.75834e-12 0.00000e+00
6.23000e+02 5.96794e-12 0.00000e+00
6.24000e+02 6.33116e-12 0.00000e+00
6.25000e+02 5.02809e-12 0.00000e+00
6.26000e+02 4.99315e-12 0.00000e+00
6.27000e+02 5.78377e-12 0.00000e+00
6.28000e+02 6.13625e-12 0.00000e+00
6.29000e+02 5.27920e-12 0.00000e+00
6.30000e+02 4.88550e-12 0.00000e+00
6.31000e+02 5.45491e-12 0.00000e+00
6.32000e+02 5.47300e-12 0.00000e+00
6.33000e+02 5.14012e-12 0.00000e+00
6.34000e+02 5.03442e-12 0.00000e+00
6.35000e+02 5.41531e-12 0.00000e+00
6.36000e+02 5.51524e-12 0.00000e+00
6.37000e+02 5.94717e-12 0.00000e+00
6.38000e+02 5.35990e-12 0.00000e+00
6.39000e+02 4.03910e-12 0.00000e+00
6.40000e+02 5.33446e-12 0.00000e+00
6.41000e+02 5.38968e-12 0.00000e+00
6.42000e+02 4.48814e-12 0.00000e+00
6.43000e+02 4.88980e-12 0.00000e+00
6.44000e+02 5.80142e-12 0.00000e+00
6.45000e+02 4.54946e-12 0.00000e+00
6.46000e+02 5.47309e-12 0.00000e+00
6.47000e+02 4.74195e-12 0.00000e+00
6.48000e+02 4.92277e-12 0.00000e+00
6.49000e+02 5.50866e-12 0.00000e+00
6.50000e+02 5.73294e-12 0.00000e+00
6.51000e+02 5.02196e-12 0.00000e+00
6.52000e+02 6.12016e-12 0.00000e+00
6.53000e+02 5.18313e-12 0.00000e+00
6.54000e+02 5.17977e-12 0.00000e+00
6.55000e+02 5.30827e-12 0.00000e+00
6.56000e+02 5.70036e-12 0.00000e+00
6.57000e+02 5.67173e-12 0.00000e+00
6.58000e+02 5.12846e-12 0.00000e+00
6.59000e+02 5.64545e-12 0.00000e+00
6.60000e+02 4.58088e-12 0.00000e+00
6.61000e+02 4.49910e-12 0.00000e+00
6.62000e+02 4.90255e-12 0.00000e+00
6.63000e+02 4.94962e-12 0.00000e+00
6.64000e+02 4.69014e-12 0.00000e+00
6.65000e+02 4.96727e-12 0.00000e+00
6.66000e+02 5.46855e-12 0.00000e+00
6.67000e+02 4.87491e-12 0.00000e+00
6.68000e+02 3.89020e-12 0.00000e+00
6.69000e+02 5.06019e-12 0.00000e+00
6.70000e+02 4.58105e-12 0.00000e+00
6.71000e+02 4.97922e-12 0.00000e+00
6.72000e+02 4.49641e-12 0.00000e+00
6.73000e+02 4.93351e-12 0.00000e+00
6.74000e+02 4.67642e-12 0.00000e+00
6.75000e+02 4.65999e-12 0.00000e+00
6.76000e+02 5.15310e-12 0.00000e+00
6.77000e+02 4.25030e-12 0.00000e+00
6.78000e+02 5.16656e-12 0.00000e+00
6.79000e+02 3.96214e-12 0.00000e+00
6.80000e+02 4.63297e-12 0.00000e+00
6.81000e+02 4.80000e-12 0.00000e+00
6.82000e+02 4.97719e-12 0.00000e+00
6.83000e+02 5.15450e-12 0.00000e+00
6.84000e+02 4.41794e-12 0.00000e+00
6.85000e+02 5.41294e-12 0.00000e+00
6.86000e+02 3.99415e-12 0.00000e+00
6.87000e+02 4.32170e-12 0.00000e+00
6.88000e+02 5.30733e-12 0.00000e+00
6.89000e+02 4.55765e-12 0.00000e+00
6.90000e+02 4.29630e-12 0.00000e+00
6.91000e+02 4.57076e-12 0.00000e+00
6.92000e+02 4.38672e-12 0.00000e+00
6.93000e+02 4.55522e-12 0.00000e+00
6.94000e+02 4.68174e-12 0.00000e+00
6.95000e+02 4.34436e-12 0.00000e+00
6.96000e+02 4.19559e-12 0.00000e+00
6.97000e+02 4.58015e-12 0.00000e+00
6.98000e+02 3.76870e-12 0.00000e+00
6.99000e+02 3.93815e-12 0.00000e+00
7.00000e+02 4.71710e-12 0.00000e+00
7.01000e+02 4.39318e-12 0.00000e+00
7.02000e+02 3.52409e-12 0.00000e+00
7.03000e+02 3.55543e-12 0.00000e+00
7.04000e+02 4.01803e-12 0.00000e+00
7.05000e+02 4.35722e-12 0.00000e+00
7.06000e+02 4.28982e-12 0.00000e+00
7.07000e+02 5.01403e-12 0.00000e+00
7.08000e+02 4.36330e-12 0.00000e+00
7.09000e+02 4.49177e-12 0.00000e+00
7.10000e+02 4.33450e-12 0.00000e+00
7.11000e+02 4.32147e-12 0.00000e+00
7.12000e+02 3.96697e-12 0.00000e+00
7.13000e+02 4.24934e-12 0.00000e+00
7.14000e+02 4.63396e-12 0.00000e+00
7.15000e+02 3.96808e-12 0.00000e+00
7.16000e+02 3.82792e-12 0.00000e+00
7.17000e+02 4.31422e-12 0.00000e+00
7.18000e+02 4.37386e-12 0.00000e+00
7.19000e+02 3.55439e-12 0.00000e+00
7.20000e+02 3.62165e-12 0.00000e+00
7.21000e+02 4.15763e-12 0.00000e+00
7.22000e+02 4.45810e-12 0.00000e+00
7.23000e+02 3.55667e-12 0.00000e+00
7.24000e+02 3.82669e-12 0.00000e+00
7.25000e+02 4.22262e-12 0.00000e+00
7.26000e+02 3.64174e-12 0.00000e+00
7.27000e+02 4.01347e-12 0.00000e+00
7.28000e+02 4.37841e-12 0.00000e+00
7.29000e+02 4.24743e-12 0.00000e+00
7.30000e+02 3.94370e-12 0.00000e+00
7.31000e+02 3.96737e-12 0.00000e+00
7.32000e+02 4.49921e-12 0.00000e+00
7.33000e+02 3.69289e-12 0.00000e+00
7.34000e+02 4.38304e-12 0.00000e+00
7.35000e+02 4.88310e-12 0.00000e+00
7.36000e+02 3.65839e-12 0.00000e+00
7.37000e+02 4.34809e-12 0.00000e+00
7.38000e+02 4.05046e-12 0.00000e+00
7.39000e+02 4.29998e-12 0.00000e+00
7.40000e+02 3.68706e-12 0.00000e+00
7.41000e+02 4.63751e-12 0.00000e+00
7.42000e+02 3.80615e-12 0.00000e+00
7.43000e+02 3.89930e-12 0.00000e+00
7.44000e+02 3.35829e-12 0.00000e+00
7.45000e+02 4.24795e-12 0.00000e+00
7.46000e+02 3.60325e-12 0.00000e+00
7.47000e+02 3.91669e-12 0.00000e+00
7.48000e+02 3.44976e-12 0.00000e+00
7.49000e+02 3.64406e-12 0.00000e+00
7.50000e+02 4.32755e-12 0.00000e+00
7.51000e+02 3.51076e-12 0.00000e+00
7.52000e+02 4.04855e-12 0.00000e+00
7.53000e+02 4.07293e-12 0.00000e+00
7.54000e+02 4.09340e-12 0.00000e+00
7.55000e+02 3.60935e-12 0.00000e+00
7.56000e+02 3.75868e-12 0.00000e+00
7.57000e+02 3.70428e-12 0.00000e+00
7.58000e+02 3.82608e-12 0.00000e+00
7.59000e+02 3.36830e-12 0.00000e+00
7.60000e+02 3.79867e-12 0.00000e+00
7.61000e+02 3.54965e-12 0.00000e+00
7.62000e+02 3.78315e-12 0.00000e+00
7.63000e+02 3.25650e-12 0.00000e+00
7.64000e+02 3.72401e-12 0.00000e+00
7.65000e+02 3.54237e-12 0.00000e+00
7.66000e+02 2.99609e-12 0.00000e+00
7.67000e+02 4.21619e-12 0.00000e+00
7.68000e+02 3.73903e-12 0.00000e+00
7.69000e+02 3.22486e-12 0.00000e+00
7.70000e+02 3.40782e-12 0.00000e+00
7.71000e+02 3.57087e-12 0.00000e+00
7.72000e+02 3.57628e-12 0.00000e+00
7.73000e+02 3.35454e-12 0.00000e+00
7.74000e+02 3.41772e-12 0.00000e+00
7.75000e+02 3.48541e-12 0.00000e+00
7.76000e+02 3.17209e-12 0.00000e+00
7.77000e+02 3.86007e-12 0.00000e+00
7.78000e+02 3.64676e-12 0.00000e+00
7.79000e+02 3.12226e-12 0.00000e+00
7.80000e+02 3.34610e-12 0.00000e+00
7.81000e+02 3.59252e-12 0.00000e+00
7.82000e+02 3.74877e-12 0.00000e+00
7.83000e+02 2.87866e-12 0.00000e+00
7.84000e+02 2.95747e-12 0.00000e+00
7.85000e+02 3.27730e-12 0.00000e+00
7.86000e+02 2.93119e-12 0.00000e+00
7.87000e+02 3.92577e-12 0.00000e+00
7.88000e+02 3.55967e-12 0.00000e+00
7.89000e+02 3.12250e-12 0.00000e+00
7.90000e+02 3.78853e-12 0.00000e+00
7.91000e+02 3.22766e-12 0.00000e+00
7.92000e+02 3.10501e-12 0.00000e+00
7.93000e+02 3.14309e-12 0.00000e+00
7.94000e+02 3.49060e-12 0.00000e+00
7.95000e+02 2.93064e-12 0.00000e+00
7.96000e+02 3.22826e-12 0.00000e+00
7.97000e+02 3.05591e-12 0.00000e+00
7.98000e+02 3.12661e-12 0.00000e+00
7.99000e+02 3.02840e-12 0.00000e+00
8.00000e+02 3.18405e-12 0.00000e+00
8.01000e+02 3.41627e-12 0.00000e+00
8.02000e+02 3.38620e-12 0.00000e+00
8.03000e+02 2.79088e-12 0.00000e+00
8.04000e+02 3.22185e-12 0.00000e+00
8.05000e+02 2.91541e-12 0.00000e+00
8.06000e+02 3.52878e-12 0.00000e+00
8.07000e+02 3.21805e-12 0.00000e+00
8.08000e+02 3.24170e-12 0.00000e+00
8.09000e+02 3.11553e-12 0.00000e+00
8.10000e+02 3.62824e-12 0.00000e+00
8.11000e+02 3.15103e-12 0.00000e+00
8.12000e+02 2.92110e-12 0.00000e+00
8.13000e+02 3.19191e-12 0.00000e+00
8.14000e+02 3.16098e-12 0.00000e+00
8.15000e+02 2.92953e-12 0.00000e+00
8.16000e+02 2.84054e-12 0.00000e+00
8.17000e+02 2.94306e-12 0.00000e+00
8.18000e+02 2.75223e-12 0.00000e+00
8.19000e+02 3.28755e-12 0.00000e+00
8.20000e+02 3.05543e-12 0.00000e+00
8.21000e+02 2.82538e-12 0.00000e+00
8.22000e+02 2.87703e-12 0.00000e+00
8.23000e+02 3.20064e-12 0.00000e+00
8.24000e+02 2.99825e-12 0.00000e+00
8.25000e+02 2.92648e-12 0.00000e+00
8.26000e+02 3.02793e-12 0.00000e+00
8.27000e+02 3.22186e-12 0.00000e+00
8.28000e+02 2.64810e-12 0.00000e+00
8.29000e+02 2.97463e-12 0.00000e+00
8.30000e+02 3.02638e-12 0.00000e+00
8.31000e+02 2.78402e-12 0.00000e+00
8.32000e+02 2.87706e-12 0.00000e+00
8.33000e+02 2.70512e-12 0.00000e+00
8.34000e+02 2.82599e-12 0.00000e+00
8.35000e+02 3.06023e-12 0.00000e+00
8.36000e+02 2.83876e-12 0.00000e+00
8.37000e+02 2.85829e-12 0.00000e+00
8.38000e+02 2.87618e-12 0.00000e+00
8.39000e+02 2.78686e-12 0.00000e+00
8.40000e+02 2.74988e-12 0.00000e+00
8.41000e+02 3.01006e-12 0.00000e+00
8.42000e+02 2.51795e-12 0.00000e+00
8.43000e+02 2.88426e-12 0.00000e+00
8.44000e+02 2.61582e-12 0.00000e+00
8.45000e+02 3.13289e-12 0.00000e+00
8.46000e+02 3.11058e-12 0.00000e+00
8.47000e+02 2.71220e-12 0.00000e+00
8.48000e+02 2.76649e-12 0.00000e+00
8.49000e+02 2.38746e-12 0.00000e+00
8.50000e+02 2.56741e-12 0.00000e+00
8.51000e+02 2.72935e-12 0.00000e+00
8.52000e+02 2.88300e-12 0.00000e+00
8.53000e+02 2.84423e-12 0.00000e+00
8.54000e+02 2.69246e-12 0.00000e+00
8.55000e+02 2.65936e-12 0.00000e+00
8.56000e+02 2.79621e-12 0.00000e+00
8.57000e+02 2.63973e-12 0.00000e+00
8.58000e+02 3.03511e-12 0.00000e+00
8.59000e+02 2.71880e-12 0.00000e+00
8.60000e+02 2.31571e-12 0.00000e+00
8.61000e+02 2.44551e-12 0.00000e+00
8.62000e+02 2.40258e-12 0.00000e+00
8.63000e+02 2.76178e-12 0.00000e+00
8.64000e+02 2.35031e-12 0.00000e+00
8.65000e+02 2.47501e-12 0.00000e+00
8.66000e+02 2.54461e-12 0.00000e+00
8.67000e+02 2.65913e-12 0.00000e+00
8.68000e+02 2.25870e-12 0.00000e+00
8.69000e+02 2.70219e-12 0.00000e+00
8.70000e+02 2.69281e-12 0.00000e+00
8.71000e+02 2.42384e-12 0.00000e+00
8.72000e+02 2.38851e-12 0.00000e+00
8.73000e+02 2.69331e-12 0.00000e+00
8.74000e+02 2.21225e-12 0.00000e+00
8.75000e+02 2.56721e-12 0.00000e+00
8.76000e+02 2.19705e-12 0.00000e+00
8.77000e+02 2.42558e-12 0.00000e+00
8.78000e+02 2.31466e-12 0.00000e+00
8.79000e+02 2.42502e-12 0.00000e+00
8.80000e+02 2.53791e-12 0.00000e+00
8.81000e+02 2.41386e-12 0.00000e+00
8.82000e+02 2.32470e-12 0.00000e+00
8.83000e+02 2.13895e-12 0.00000e+00
8.84000e+02 2.54088e-12 0.00000e+00
8.85000e+02 2.27012e-12 0.00000e+00
8.86000e+02 2.59809e-12 0.00000e+00
8.87000e+02 2.46224e-12 0.00000e+00
8.88000e+02 2.37445e-12 0.00000e+00
8.89000e+02 2.36701e-12 0.00000e+00
8.90000e+02 2.25270e-12 0.00000e+00
8.91000e+02 2.37317e-12 0.00000e+00
8.92000e+02 2.55270e-12 0.00000e+00
8.93000e+02 2.38617e-12 0.00000e+00
8.94000e+02 2.26532e-12 0.00000e+00
8.95000e+02 2.37273e-12 0.00000e+00
8.96000e+02 2.42237e-12 0.00000e+00
8.97000e+02 2.33243e-12 0.00000e+00
8.98000e+02 2.33368e-12 0.00000e+00
8.99000e+02 2.28658e-12 0.00000e+00
9.00000e+02 2.38006e-12 0.00000e+00
9.01000e+02 2.36143e-12 0.00000e+00
9.02000e+02 2.26697e-12 0.00000e+00
9.03000e+02 2.38247e-12 0.00000e+00
9.04000e+02 2.38921e-12 0.00000e+00
9.05000e+02 2.26264e-12 0.00000e+00
9.06000e+02 2.21753e-12 0.00000e+00
9.07000e+02 2.31075e-12 0.00000e+00
9.08000e+02 1.96970e-12 0.00000e+00
9.09000e+02 2.05101e-12 0.00000e+00
9.10000e+02 2.34177e-12 0.00000e+00
9.11000e+02 2.11711e-12 0.00000e+00
9.12000e+02 2.20901e-12 0.00000e+00
9.13000e+02 2.11715e-12 0.00000e+00
9.14000e+02 2.28348e-12 0.00000e+00
9.15000e+02 2.20557e-12 0.00000e+00
9.16000e+02 2.16799e-12 0.00000e+00
9.17000e+02 2.14986e-12 0.00000e+00
9.18000e+02 2.11006e-12 0.00000e+00
9.19000e+02 1.93455e-12 0.00000e+00
9.20000e+02 2.00335e-12 0.00000e+00
9.21000e+02 2.22149e-12 0.00000e+00
9.22000e+02 2.22284e-12 0.00000e+00
9.23000e+02 2.03818e-12 0.00000e+00
9.24000e+02 2.37810e-12 0.00000e+00
9.25000e+02 2.16117e-12 0.00000e+00
9.26000e+02 2.08169e-12 0.00000e+00
9.27000e+02 2.20626e-12 0.00000e+00
9.28000e+02 1.97605e-12 0.00000e+00
9.29000e+02 1.99201e-12 0.00000e+00
9.30000e+02 2.08559e-12 0.00000e+00
9.31000e+02 2.26619e-12 0.00000e+00
9.32000e+02 1.89730e-12 0.00000e+00
9.33000e+02 2.04134e-12 0.00000e+00
9.34000e+02 1.95987e-12 0.00000e+00
9.35000e+02 1.81638e-12 0.00000e+00
9.36000e+02 2.18521e-12 0.00000e+00
9.37000e+02 1.99993e-12 0.00000e+00
9.38000e+02 2.03008e-12 0.00000e+00
9.39000e+02 1.96357e-12 0.00000e+00
9.40000e+02 2.25298e-12 0.00000e+00
9.41000e+02 1.98319e-12 0.00000e+00
9.42000e+02 1.93852e-12 0.00000e+00
9.43000e+02 2.01396e-12 0.00000e+00
9.44000e+02 1.97207e-12 0.00000e+00
9.45000e+02 1.84089e-12 0.00000e+00
9.46000e+02 1.94821e-12 0.00000e+00
9.47000e+02 1.91716e-12 0.00000e+00
9.48000e+02 1.78767e-12 0.00000e+00
9.49000e+02 2.11284e-12 0.00000e+00
9.50000e+02 2.02600e-12 0.00000e+00
9.51000e+02 1.77465e-12 0.00000e+00
9.52000e+02 1.74732e-12 0.00000e+00
9.53000e+02 1.69178e-12 0.00000e+00
9.54000e+02 1.78288e-12 0.00000e+00
9.55000e+02 2.25712e-12 0.00000e+00
9.56000e+02 2.04337e-12 0.00000e+00
9.57000e+02 1.71686e-12 0.00000e+00
9.58000e+02 1.60167e-12 0.00000e+00
9.59000e+02 1.88924e-12 0.00000e+00
9.60000e+02 1.78282e-12 0.00000e+00
9.61000e+02 1.81290e-12 0.00000e+00
9.62000e+02 1.88740e-12 0.00000e+00
9.63000e+02 1.80272e-12 0.00000e+00
9.64000e+02 1.84367e-12 0.00000e+00
9.65000e+02 1.82875e-12 0.00000e+00
9.66000e+02 1.69883e-12 0.00000e+00
9.67000e+02 1.70417e-12 0.00000e+00
9.68000e+02 1.65115e-12 0.00000e+00
9.69000e+02 1.82285e-12 0.00000e+00
9.70000e+02 1.85343e-12 0.00000e+00
9.71000e+02 1.93807e-12 0.00000e+00
9.72000e+02 1.73944e-12 0.00000e+00
9.73000e+02 1.58041e-12 0.00000e+00
9.74000e+02 1.98845e-12 0.00000e+00
9.75000e+02 1.98597e-12 0.00000e+00
9.76000e+02 1.84246e-12 0.00000e+00
9.77000e+02 1.68219e-12 0.00000e+00
9.78000e+02 1.86560e-12 0.00000e+00
9.79000e+02 1.63345e-12 0.00000e+00
9.80000e+02 1.75599e-12 0.00000e+00
9.81000e+02 1.83922e-12 0.00000e+00
9.82000e+02 1.67334e-12 0.00000e+00
9.83000e+02 1.74390e-12 0.00000e+00
9.84000e+02 1.86142e-12 0.00000e+00
9.85000e+02 1.84064e-12 0.00000e+00
9.86000e+02 1.51883e-12 0.00000e+00
9.87000e+02 1.73771e-12 0.00000e+00
9.88000e+02 2.03958e-12 0.00000e+00
9.89000e+02 1.46601e-12 0.00000e+00
9.90000e+02 1.59261e-12 0.00000e+00
9.91000e+02 1.51486e-12 0.00000e+00
9.92000e+02 1.59104e-12 0.00000e+00
9.93000e+02 1.66303e-12 0.00000e+00
9.94000e+02 1.44934e-12 0.00000e+00
9.95000e+02 1.57433e-12 0.00000e+00
9.96000e+02 1.80212e-12 0.00000e+00
9.97000e+02 1.66092e-12 0.00000e+00
9.98000e+02 1.51026e-12 0.00000e+00
9.99000e+02 1.60626e-12 0.00000e+00
1.00000e+03 1.75030e-12 0.00000e+00
1.00100e+03 1.52772e-12 0.00000e+00
1.00200e+03 1.75114e-12 0.00000e+00
1.00300e+03 1.59346e-12 0.00000e+00
1.00400e+03 1.54356e-12 0.00000e+00
1.00500e+03 1.61023e-12 0.00000e+00
1.00600e+03 1.53558e-12 0.00000e+00
1.00700e+03 1.50448e-12 0.00000e+00
1.00800e+03 1.62628e-12 0.00000e+00
1.00900e+03 1.71393e-12 0.00000e+00
1.01000e+03 1.68169e-12 0.00000e+00
1.01100e+03 1.49259e-12 0.00000e+00
1.01200e+03 1.46851e-12 0.00000e+00
1.01300e+03 1.46184e-12 0.00000e+00
1.01400e+03 1.73573e-12 0.00000e+00
1.01500e+03 1.49638e-12 0.00000e+00
1.01600e+03 1.38481e-12 0.00000e+00
1.01700e+03 1.48828e-12 0.00000e+00
1.01800e+03 1.52174e-12 0.00000e+00
1.01900e+03 1.46497e-12 0.00000e+00
1.02000e+03 1.55917e-12 0.00000e+00
1.02100e+03 1.62159e-12 0.00000e+00
1.02200e+03 1.45791e-12 0.00000e+00
1.02300e+03 1.63225e-12 0.00000e+00
1.02400e+03 1.37227e-12 0.00000e+00
1.02500e+03 1.34325e-12 0.00000e+00
1.02600e+03 1.43994e-12 0.00000e+00
1.02700e+03 1.48269e-12 0.00000e+00
1.02800e+03 1.42683e-12 0.00000e+00
1.02900e+03 1.47165e-12 0.00000e+00
1.03000e+03 1.40083e-12 0.00000e+00
1.03100e+03 1.52256e-12 0.00000e+00
1.03200e+03 1.39778e-12 0.00000e+00
1.03300e+03 1.53420e-12 0.00000e+00
1.03400e+03 1.44757e-12 0.00000e+00
1.03500e+03 1.33466e-12 0.00000e+00
1.03600e+03 1.39661e-12 0.00000e+00
1.03700e+03 1.43700e-12 0.00000e+00
1.03800e+03 1.34053e-12 0.00000e+00
1.03900e+03 1.54194e-12 0.00000e+00
1.04000e+03 1.40817e-12 0.00000e+00
1.04100e+03 1.36923e-12 0.00000e+00
1.04200e+03 1.52062e-12 0.00000e+00
1.04300e+03 1.38458e-12 0.00000e+00
1.04400e+03 1.43121e-12 0.00000e+00
1.04500e+03 1.32860e-12 0.00000e+00
1.04600e+03 1.48931e-12 0.00000e+00
1.04700e+03 1.25355e-12 0.00000e+00
1.04800e+03 1.41877e-12 0.00000e+00
1.04900e+03 1.29175e-12 0.00000e+00
1.05000e+03 1.55785e-12 0.00000e+00
1.05100e+03 1.28044e-12 0.00000e+00
1.05200e+03 1.34419e-12 0.00000e+00
1.05300e+03 1.41553e-12 0.00000e+00
1.05400e+03 1.32909e-12 0.00000e+00
1.05500e+03 1.37705e-12 0.00000e+00
1.05600e+03 1.29449e-12 0.00000e+00
1.05700e+03 1.34205e-12 0.00000e+00
1.05800e+03 1.29091e-12 0.00000e+00
1.05900e+03 1.17891e-12 0.00000e+00
1.06000e+03 1.32079e-12 0.00000e+00
1.06100e+03 1.35127e-12 0.00000e+00
1.06200e+03 1.52597e-12 0.00000e+00
1.06300e+03 1.38639e-12 0.00000e+00
1.06400e+03 1.31064e-12 0.00000e+00
1.06500e+03 1.18697e-12 0.00000e+00
1.06600e+03 1.31769e-12 0.00000e+00
1.06700e+03 1.19679e-12 0.00000e+00
1.06800e+03 1.26784e-12 0.00000e+00
1.06900e+03 1.16156e-12 0.00000e+00
1.07000e+03 1.19053e-12 0.00000e+00
1.07100e+03 1.16516e-12 0.00000e+00
1.07200e+03 1.26719e-12 0.00000e+00
1.07300e+03 1.26586e-12 0.00000e+00
1.07400e+03 1.27572e-12 0.00000e+00
1.07500e+03 1.20748e-12 0.00000e+00
1.07600e+03 1.22158e-12 0.00000e+00
1.07700e+03 1.22682e-12 0.00000e+00
1.07800e+03 1.29675e-12 0.00000e+00
1.07900e+03 1.36294e-12 0.00000e+00
1.08000e+03 1.27043e-12 0.00000e+00
1.08100e+03 1.12938e-12 0.00000e+00
1.08200e+03 1.19377e-12 0.00000e+00
1.08300e+03 1.09671e-12 0.00000e+00
1.08400e+03 1.18551e-12 0.00000e+00
1.08500e+03 1.27684e-12 0.00000e+00
1.08600e+03 1.20827e-12 0.00000e+00
1.08700e+03 1.22045e-12 0.00000e+00
1.08800e+03 1.19779e-12 0.00000e+00
1.08900e+03 1.15760e-12 0.00000e+00
1.09000e+03 1.25148e-12 0.00000e+00
1.09100e+03 1.05220e-12 0.00000e+00
1.09200e+03 1.13531e-12 0.00000e+00
1.09300e+03 1.22586e-12 0.00000e+00
1.09400e+03 1.26962e-12 0.00000e+00
1.09500e+03 1.17678e-12 0.00000e+00
1.09600e+03 1.23999e-12 0.00000e+00
1.09700e+03 1.19552e-12 0.00000e+00
1.09800e+03 1.21113e-12 0.00000e+00
1.09900e+03 1.19003e-12 0.00000e+00
1.10000e+03 1.19079e-12 0.00000e+00
1.10100e+03 1.21268e-12 0.00000e+00
1.10200e+03 1.03657e-12 0.00000e+00
1.10300e+03 1.11373e-12 0.00000e+00
1.10400e+03 1.14971e-12 0.00000e+00
1.10500e+03 1.05907e-12 0.00000e+00
1.10600e+03 1.17206e-12 0.00000e+00
1.10700e+03 1.08356e-12 0.00000e+00
1.10800e+03 1.10782e-12 0.00000e+00
1.10900e+03 1.10234e-12 0.00000e+00
1.11000e+03 1.04495e-12 0.00000e+00
1.11100e+03 1.02385e-12 0.00000e+00
1.11200e+03 1.06017e-12 0.00000e+00
1.11300e+03 1.08061e-12 0.00000e+00
1.11400e+03 9.26328e-13 0.00000e+00
1.11500e+03 1.01200e-12 0.00000e+00
1.11600e+03 1.02866e-12 0.00000e+00
1.11700e+03 1.14910e-12 0.00000e+00
1.11800e+03 1.12574e-12 0.00000e+00
1.11900e+03 1.06210e-12 0.00000e+00
1.12000e+03 9.61153e-13 0.00000e+00
1.12100e+03 1.11102e-12 0.00000e+00
1.12200e+03 9.89847e-13 0.00000e+00
1.12300e+03 1.00089e-12 0.00000e+00
1.12400e+03 9.97814e-13 0.00000e+00
1.12500e+03 1.02859e-12 0.00000e+00
1.12600e+03 9.63300e-13 0.00000e+00
1.12700e+03 1.03291e-12 0.00000e+00
1.12800e+03 1.03087e-12 0.00000e+00
1.12900e+03 1.08681e-12 0.00000e+00
1.13000e+03 1.00067e-12 0.00000e+00
1.13100e+03 1.00192e-12 0.00000e+00
1.13200e+03 9.31140e-13 0.00000e+00
1.13300e+03 9.84401e-13 0.00000e+00
1.13400e+03 8.98758e-13 0.00000e+00
1.13500e+03 1.00037e-12 0.00000e+00
1.13600e+03 8.73089e-13 0.00000e+00
1.13700e+03 1.02156e-12 0.00000e+00
1.13800e+03 1.05071e-12 0.00000e+00
1.13900e+03 1.02199e-12 0.00000e+00
1.14000e+03 1.11710e-12 0.00000e+00
1.14100e+03 9.80459e-13 0.00000e+00
1.14200e+03 9.39854e-13 0.00000e+00
1.14300e+03 9.24066e-13 0.00000e+00
1.14400e+03 9.07950e-13 0.00000e+00
1.14500e+03 9.54936e-13 0.00000e+00
1.14600e+03 9.40783e-13 0.00000e+00
1.14700e+03 1.00957e-12 0.00000e+00
1.14800e+03 9.02221e-13 0.00000e+00
1.14900e+03 8.79986e-13 0.00000e+00
1.15000e+03 1.01033e-12 0.00000e+00
1.15100e+03 9.19709e-13 0.00000e+00
1.15200e+03 9.29731e-13 0.00000e+00
1.15300e+03 9.84502e-13 0.00000e+00
1.15400e+03 9.41335e-13 0.00000e+00
1.15500e+03 8.57246e-13 0.00000e+00
1.15600e+03 9.22569e-13 0.00000e+00
1.15700e+03 9.56940e-13 0.00000e+00
1.15800e+03 8.34136e-13 0.00000e+00
1.15900e+03 9.16725e-13 0.00000e+00
1.16000e+03 7.61730e-13 0.00000e+00
1.16100e+03 8.84247e-13 0.00000e+00
1.16200e+03 8.69861e-13 0.00000e+00
1.16300e+03 9.15123e-13 0.00000e+00
1.16400e+03 9.06068e-13 0.00000e+00
1.16500e+03 8.71597e-13 0.00000e+00
1.16600e+03 9.15142e-13 0.00000e+00
1.16700e+03 8.43863e-13 0.00000e+00
1.16800e+03 8.36960e-13 0.00000e+00
1.16900e+03 9.36737e-13 0.00000e+00
1.17000e+03 8.26851e-13 0.00000e+00
1.17100e+03 8.58736e-13 0.00000e+00
1.17200e+03 9.25178e-13 0.00000e+00
1.17300e+03 8.49833e-13 0.00000e+00
1.17400e+03 9.89400e-13 0.00000e+00
1.17500e+03 8.68793e-13 0.00000e+00
1.17600e+03 7.99186e-13 0.00000e+00
1.17700e+03 8.29128e-13 0.00000e+00
1.17800e+03 8.08287e-13 0.00000e+00
1.17900e+03 7.78383e-13 0.00000e+00
1.18000e+03 8.53835e-13 0.00000e+00
1.18100e+03 8.57495e-13 0.00000e+00
1.18200e+03 8.41641e-13 0.00000e+00
1.18300e+03 7.91197e-13 0.00000e+00
1.18400e+03 7.57019e-13 0.00000e+00
1.18500e+03 7.78949e-13 0.00000e+00
1.18600e+03 7.62011e-13 0.00000e+00
1.18700e+03 8.24474e-13 0.00000e+00
1.18800e+03 8.38555e-13 0.00000e+00
1.18900e+03 7.74779e-13 0.00000e+00
1.19000e+03 7.56762e-13 0.00000e+00
1.19100e+03 9.06855e-13 0.00000e+00
1.19200e+03 8.36831e-13 0.00000e+00
1.19300e+03 7.46845e-13 0.00000e+00
1.19400e+03 8.05018e-13 0.00000e+00
1.19500e+03 8.23076e-13 0.00000e+00
1.19600e+03 7.78624e-13 0.00000e+00
1.19700e+03 8.28583e-13 0.00000e+00
1.19800e+03 7.76060e-13 0.00000e+00
1.19900e+03 7.91877e-13 0.00000e+00
1.20000e+03 7.31362e-13 0.00000e+00
1.20100e+03 7.82008e-13 0.00000e+00
1.20200e+03 6.57543e-13 0.00000e+00
1.20300e+03 8.51422e-13 0.00000e+00
1.20400e+03 8.12439e-13 0.00000e+00
1.20500e+03 7.52727e-13 0.00000e+00
1.20600e+03 8.17613e-13 0.00000e+00
1.20700e+03 7.39755e-13 0.00000e+00
1.20800e+03 7.81028e-13 0.00000e+00
1.20900e+03 7.56638e-13 0.00000e+00
1.21000e+03 7.45087e-13 0.00000e+00
1.21100e+03 6.94979e-13 0.00000e+00
1.21200e+03 7.96613e-13 0.00000e+00
1.21300e+03 7.19839e-13 0.00000e+00
1.21400e+03 7.01886e-13 0.00000e+00
1.21500e+03 7.33002e-13 0.00000e+00
1.21600e+03 7.32369e-13 0.00000e+00
1.21700e+03 7.06716e-13 0.00000e+00
1.21800e+03 7.14028e-13 0.00000e+00
1.21900e+03 7.04484e-13 0.00000e+00
1.22000e+03 7.57558e-13 0.00000e+00
1.22100e+03 6.84772e-13 0.00000e+00
1.22200e+03 7.29223e-13 0.00000e+00
1.22300e+03 6.59574e-13 0.00000e+00
1.22400e+03 7.17151e-13 0.00000e+00
1.22500e+03 6.72646e-13 0.00000e+00
1.22600e+03 6.85035e-13 0.00000e+00
1.22700e+03 6.98520e-13 0.00000e+00
1.22800e+03 7.41432e-13 0.00000e+00
1.22900e+03 6.96279e-13 0.00000e+00
1.23000e+03 6.64517e-13 0.00000e+00
1.23100e+03 7.48125e-13 0.00000e+00
1.23200e+03 7.39596e-13 0.00000e+00
1.23300e+03 6.48087e-13 0.00000e+00
1.23400e+03 6.76042e-13 0.00000e+00
1.23500e+03 6.17799e-13 0.00000e+00
1.23600e+03 7.01198e-13 0.00000e+00
1.23700e+03 6.84337e-13 0.00000e+00
1.23800e+03 6.26949e-13 0.00000e+00
1.23900e+03 6.68251e-13 0.00000e+00
1.24000e+03 6.95883e-13 0.00000e+00
1.24100e+03 6.19613e-13 0.00000e+00
1.24200e+03 6.07994e-13 0.00000e+00
1.24300e+03 6.12468e-13 0.00000e+00
1.24400e+03 6.53676e-13 0.00000e+00
1.24500e+03 6.47377e-13 0.00000e+00
1.24600e+03 5.51943e-13 0.00000e+00
1.24700e+03 7.17761e-13 0.00000e+00
1.24800e+03 5.79006e-13 0.00000e+00
1.24900e+03 6.08762e-13 0.00000e+00
1.25000e+03 6.17775e-13 0.00000e+00
1.25100e+03 5.82744e-13 0.00000e+00
1.25200e+03 6.31737e-13 0.00000e+00
1.25300e+03 6.57514e-13 0.00000e+00
1.25400e+03 6.11127e-13 0.00000e+00
1.25500e+03 5.68415e-13 0.00000e+00
1.25600e+03 6.45091e-13 0.00000e+00
1.25700e+03 5.65669e-13 0.00000e+00
1.25800e+03 6.25226e-13 0.00000e+00
1.25900e+03 6.01927e-13 0.00000e+00
1.26000e+03 6.13636e-13 0.00000e+00
1.26100e+03 6.49549e-13 0.00000e+00
1.26200e+03 6.61667e-13 0.00000e+00
1.26300e+03 5.86837e-13 0.00000e+00
1.26400e+03 5.91577e-13 0.00000e+00
1.26500e+03 5.82983e-13 0.00000e+00
1.26600e+03 6.37268e-13 0.00000e+00
1.26700e+03 5.68631e-13 0.00000e+00
1.26800e+03 6.40256e-13 0.00000e+00
1.26900e+03 5.96290e-13 0.00000e+00
1.27000e+03 5.73491e-13 0.00000e+00
1.27100e+03 5.78968e-13 0.00000e+00
1.27200e+03 6.49504e-13 0.00000e+00
1.27300e+03 5.37469e-13 0.00000e+00
1.27400e+03 5.34884e-13 0.00000e+00
1.27500e+03 5.49334e-13 0.00000e+00
1.27600e+03 5.95398e-13 0.00000e+00
1.27700e+03 5.61056e-13 0.00000e+00
1.27800e+03 5.32053e-13 0.00000e+00
1.27900e+03 5.32919e-13 0.00000e+00
1.28000e+03 6.17943e-13 0.00000e+00
1.28100e+03 5.60300e-13 0.00000e+00
1.28200e+03 5.87060e-13 0.00000e+00
1.28300e+03 5.41698e-13 0.00000e+00
1.28400e+03 5.64776e-13 0.00000e+00
1.28500e+03 5.54110e-13 0.00000e+00
1.28600e+03 5.07853e-13 0.00000e+00
1.28700e+03 5.00220e-13 0.00000e+00
1.28800e+03 5.88993e-13 0.00000e+00
1.28900e+03 5.75779e-13 0.00000e+00
1.29000e+03 5.33673e-13 0.00000e+00
1.29100e+03 4.84340e-13 0.00000e+00
1.29200e+03 5.24714e-13 0.00000e+00
1.29300e+03 5.41654e-13 0.00000e+00
1.29400e+03 5.91691e-13 0.00000e+00
1.29500e+03 5.34024e-13 0.00000e+00
1.29600e+03 4.94965e-13 0.00000e+00
1.29700e+03 4.70063e-13 0.00000e+00
1.29800e+03 4.64087e-13 0.00000e+00
1.29900e+03 4.80728e-13 0.00000e+00
1.30000e+03 5.09983e-13 0.00000e+00
1.30100e+03 5.02671e-13 0.00000e+00
1.30200e+03 5.33373e-13 0.00000e+00
1.30300e+03 5.37880e-13 0.00000e+00
1.30400e+03 4.97586e-13 0.00000e+00
1.30500e+03 4.90230e-13 0.00000e+00
1.30600e+03 4.70873e-13 0.00000e+00
1.30700e+03 4.70670e-13 0.00000e+00
1.30800e+03 4.69540e-13 0.00000e+00
1.30900e+03 4.93753e-13 0.00000e+00
1.31000e+03 4.91061e-13 0.00000e+00
1.31100e+03 4.93042e-13 0.00000e+00
1.31200e+03 5.00256e-13 0.00000e+00
1.31300e+03 4.67871e-13 0.00000e+00
1.31400e+03 4.37708e-13 0.00000e+00
1.31500e+03 4.86012e-13 0.00000e+00
1.31600e+03 4.61245e-13 0.00000e+00
1.31700e+03 4.60285e-13 0.00000e+00
1.31800e+03 4.78551e-13 0.00000e+00
1.31900e+03 4.52737e-13 0.00000e+00
1.32000e+03 4.48551e-13 0.00000e+00
1.32100e+03 4.60834e-13 0.00000e+00
1.32200e+03 4.72521e-13 0.00000e+00
1.32300e+03 5.01477e-13 0.00000e+00
1.32400e+03 4.50053e-13 0.00000e+00
1.32500e+03 4.52005e-13 0.00000e+00
1.32600e+03 4.60256e-13 0.00000e+00
1.32700e+03 4.33083e-13 0.00000e+00
1.32800e+03 4.56741e-13 0.00000e+00
1.32900e+03 4.43377e-13 0.00000e+00
1.33000e+03 4.24479e-13 0.00000e+00
1.33100e+03 4.15912e-13 0.00000e+00
1.33200e+03 5.02580e-13 0.00000e+00
1.33300e+03 4.69673e-13 0.00000e+00
1.33400e+03 4.49079e-13 0.00000e+00
1.33500e+03 4.38352e-13 0.00000e+00
1.33600e+03 4.50859e-13 0.00000e+00
1.33700e+03 4.33215e-13 0.00000e+00
1.33800e+03 4.14616e-13 0.00000e+00
1.33900e+03 4.03592e-13 0.00000e+00
1.34000e+03 4.68431e-13 0.00000e+00
1.34100e+03 4.15509e-13 0.00000e+00
1.34200e+03 4.33499e-13 0.00000e+00
1.34300e+03 4.43261e-13 0.00000e+00
1.34400e+03 4.22840e-13 0.00000e+00
1.34500e+03 4.15969e-13 0.00000e+00
1.34600e+03 4.11421e-13 0.00000e+00
1.34700e+03 4.06259e-13 0.00000e+00
1.34800e+03 4.22575e-13 0.00000e+00
1.34900e+03 3.69511e-13 0.00000e+00
1.35000e+03 4.29620e-13 0.00000e+00
1.35100e+03 4.12722e-13 0.00000e+00
1.35200e+03 4.40972e-13 0.00000e+00
1.35300e+03 3.79780e-13 0.00000e+00
1.35400e+03 3.84590e-13 0.00000e+00
1.35500e+03 4.17847e-13 0.00000e+00
1.35600e+03 4.21739e-13 0.00000e+00
1.35700e+03 4.19381e-13 0.00000e+00
1.35800e+03 4.29426e-13 0.00000e+00
1.35900e+03 4.19221e-13 0.00000e+00
1.36000e+03 3.69405e-13 0.00000e+00
1.36100e+03 4.30123e-13 0.00000e+00
1.36200e+03 3.57217e-13 0.00000e+00
1.36300e+03 3.93177e-13 0.00000e+00
1.36400e+03 3.89109e-13 0.00000e+00
1.36500e+03 3.68680e-13 0.00000e+00
1.36600e+03 3.70661e-13 0.00000e+00
1.36700e+03 3.67420e-13 0.00000e+00
1.36800e+03 3.80488e-13 0.00000e+00
1.36900e+03 3.58547e-13 0.00000e+00
1.37000e+03 3.70599e-13 0.00000e+00
1.37100e+03 3.83630e-13 0.00000e+00
1.37200e+03 3.94302e-13 0.00000e+00
1.37300e+03 3.67945e-13 0.00000e+00
1.37400e+03 3.63509e-13 0.00000e+00
1.37500e+03 3.77302e-13 0.00000e+00
1.37600e+03 3.76200e-13 0.00000e+00
1.37700e+03 3.32120e-13 0.00000e+00
1.37800e+03 3.83806e-13 0.00000e+00
1.37900e+03 3.52349e-13 0.00000e+00
1.38000e+03 3.49962e-13 0.00000e+00
1.38100e+03 3.76790e-13 0.00000e+00
1.38200e+03 4.14456e-13 0.00000e+00
1.38300e+03 3.80105e-13 0.00000e+00
1.38400e+03 3.24108e-13 0.00000e+00
1.38500e+03 3.46605e-13 0.00000e+00
1.38600e+03 4.01934e-13 0.00000e+00
1.38700e+03 3.32106e-13 0.00000e+00
1.38800e+03 3.53840e-13 0.00000e+00
1.38900e+03 3.75650e-13 0.00000e+00
1.39000e+03 3.51786e-13 0.00000e+00
1.39100e+03 3.57458e-13 0.00000e+00
1.39200e+03 3.37966e-13 0.00000e+00
1.39300e+03 3.43680e-13 0.00000e+00
1.39400e+03 3.75448e-13 0.00000e+00
1.39500e+03 3.44883e-13 0.00000e+00
1.39600e+03 3.51727e-13 0.00000e+00
1.39700e+03 3.11966e-13 0.00000e+00
1.39800e+03 3.65990e-13 0.00000e+00
1.39900e+03 3.44684e-13 0.00000e+00
1.40000e+03 3.62929e-13 0.00000e+00
1.40100e+03 3.43750e-13 0.00000e+00
1.40200e+03 3.33188e-13 0.00000e+00
1.40300e+03 3.58629e-13 0.00000e+00
1.40400e+03 3.08326e-13 0.00000e+00
1.40500e+03 3.13148e-13 0.00000e+00
1.40600e+03 3.42325e-13 0.00000e+00
1.40700e+03 3.14918e-13 0.00000e+00
1.40800e+03 3.36267e-13 0.00000e+00
1.40900e+03 2.88675e-13 0.00000e+00
1.41000e+03 3.25999e-13 0.00000e+00
1.41100e+03 3.13636e-13 0.00000e+00
1.41200e+03 3.12486e-13 0.00000e+00
1.41300e+03 2.98349e-13 0.00000e+00
1.41400e+03 3.25532e-13 0.00000e+00
1.41500e+03 3.31396e-13 0.00000e+00
1.41600e+03 3.16477e-13 0.00000e+00
1.41700e+03 3.12171e-13 0.00000e+00
1.41800e+03 2.72634e-13 0.00000e+00
1.41900e+03 3.18361e-13 0.00000e+00
1.42000e+03 3.11178e-13 0.00000e+00
1.42100e+03 2.82045e-13 0.00000e+00
1.42200e+03 3.02897e-13 0.00000e+00
1.42300e+03 2.93100e-13 0.00000e+00
1.42400e+03 2.86368e-13 0.00000e+00
1.42500e+03 2.80403e-13 0.00000e+00
1.42600e+03 3.17162e-13 0.00000e+00
1.42700e+03 2.91588e-13 0.00000e+00
1.42800e+03 2.93105e-13 0.00000e+00
1.42900e+03 2.77114e-13 0.00000e+00
1.43000e+03 2.95768e-13 0.00000e+00
1.43100e+03 2.68900e-13 0.00000e+00
1.43200e+03 2.93395e-13 0.00000e+00
1.43300e+03 3.23955e-13 0.00000e+00
1.43400e+03 3.20982e-13 0.00000e+00
1.43500e+03 2.72163e-13 0.00000e+00
1.43600e+03 2.89071e-13 0.00000e+00
1.43700e+03 2.56071e-13 0.00000e+00
1.43800e+03 2.91476e-13 0.00000e+00
1.43900e+03 2.89099e-13 0.00000e+00
1.44000e+03 2.70354e-13 0.00000e+00
1.44100e+03 2.82398e-13 0.00000e+00
1.44200e+03 2.59250e-13 0.00000e+00
1.44300e+03 2.52013e-13 0.00000e+00
1.44400e+03 3.02749e-13 0.00000e+00
1.44500e+03 2.80643e-13 0.00000e+00
1.44600e+03 2.60458e-13 0.00000e+00
1.44700e+03 2.81049e-13 0.00000e+00
1.44800e+03 2.60300e-13 0.00000e+00
1.44900e+03 2.48749e-13 0.00000e+00
1.45000e+03 2.80126e-13 0.00000e+00
1.45100e+03 2.70126e-13 0.00000e+00
1.45200e+03 2.87749e-13 0.00000e+00
1.45300e+03 2.68096e-13 0.00000e+00
1.45400e+03 2.77953e-13 0.00000e+00
1.45500e+03 2.79341e-13 0.00000e+00
1.45600e+03 2.67169e-13 0.00000e+00
1.45700e+03 2.48952e-13 0.00000e+00
1.45800e+03 2.74855e-13 0.00000e+00
1.45900e+03 2.83039e-13 0.00000e+00
1.46000e+03 2.47181e-13 0.00000e+00
1.46100e+03 2.48924e-13 0.00000e+00
1.46200e+03 2.43583e-13 0.00000e+00
1.46300e+03 2.45907e-13 0.00000e+00
1.46400e+03 2.40710e-13 0.00000e+00
1.46500e+03 2.62465e-13 0.00000e+00
1.46600e+03 2.52786e-13 0.00000e+00
1.46700e+03 2.38652e-13 0.00000e+00
1.46800e+03 2.65576e-13 0.00000e+00
1.46900e+03 2.34419e-13 0.00000e+00
1.47000e+03 2.22026e-13 0.00000e+00
1.47100e+03 2.23995e-13 0.00000e+00
1.47200e+03 2.62790e-13 0.00000e+00
1.47300e+03 2.18075e-13 0.00000e+00
1.47400e+03 2.46686e-13 0.00000e+00
1.47500e+03 2.34443e-13 0.00000e+00
1.47600e+03 2.58396e-13 0.00000e+00
1.47700e+03 2.28072e-13 0.00000e+00
1.47800e+03 2.57641e-13 0.00000e+00
1.47900e+03 2.43696e-13 0.00000e+00
1.48000e+03 2.35115e-13 0.00000e+00
1.48100e+03 2.43719e-13 0.00000e+00
1.48200e+03 2.32413e-13 0.00000e+00
1.48300e+03 2.51102e-13 0.00000e+00
1.48400e+03 2.17027e-13 0.00000e+00
1.48500e+03 2.17606e-13 0.00000e+00
1.48600e+03 2.22415e-13 0.00000e+00
1.48700e+03 2.23784e-13 0.00000e+00
1.48800e+03 2.30039e-13 0.00000e+00
1.48900e+03 2.30516e-13 0.00000e+00
1.49000e+03 2.25723e-13 0.00000e+00
1.49100e+03 2.03760e-13 0.00000e+00
1.49200e+03 2.07102e-13 0.00000e+00
1.49300e+03 2.31387e-13 0.00000e+00
1.49400e+03 2.18052e-13 0.00000e+00
1.49500e+03 2.22341e-13 0.00000e+00
1.49600e+03 1.95715e-13 0.00000e+00
1.49700e+03 2.00347e-13 0.00000e+00
1.49800e+03 2.22788e-13 0.00000e+00
1.49900e+03 2.02849e-13 0.00000e+00
1.50000e+03 2.16801e-13 0.00000e+00
1.50100e+03 2.14059e-13 0.00000e+00
1.50200e+03 2.10098e-13 0.00000e+00
1.50300e+03 2.10338e-13 0.00000e+00
1.50400e+03 2.00911e-13 0.00000e+00
1.50500e+03 1.92875e-13 0.00000e+00
1.50600e+03 2.01373e-13 0.00000e+00
1.50700e+03 2.04982e-13 0.00000e+00
1.50800e+03 1.98233e-13 0.00000e+00
1.50900e+03 1.93233e-13 0.00000e+00
1.51000e+03 1.92237e-13 0.00000e+00
1.51100e+03 2.04054e-13 0.00000e+00
1.51200e+03 2.01341e-13 0.00000e+00
1.51300e+03 1.92344e-13 0.00000e+00
1.51400e+03 2.16036e-13 0.00000e+00
1.51500e+03 2.10706e-13 0.00000e+00
1.51600e+03 1.86250e-13 0.00000e+00
1.51700e+03 1.92319e-13 0.00000e+00
1.51800e+03 2.07042e-13 0.00000e+00
1.51900e+03 1.86395e-13 0.00000e+00
1.52000e+03 2.11551e-13 0.00000e+00
1.52100e+03 1.91417e-13 0.00000e+00
1.52200e+03 1.92437e-13 0.00000e+00
1.52300e+03 1.99373e-13 0.00000e+00
1.52400e+03 1.94376e-13 0.00000e+00
1.52500e+03 1.88610e-13 0.00000e+00
1.52600e+03 1.79969e-13 0.00000e+00
1.52700e+03 1.93509e-13 0.00000e+00
1.52800e+03 1.85497e-13 0.00000e+00
1.52900e+03 1.82936e-13 0.00000e+00
1.53000e+03 1.95830e-13 0.00000e+00
1.53100e+03 1.70723e-13 0.00000e+00
1.53200e+03 1.73650e-13 0.00000e+00
1.53300e+03 2.00422e-13 0.00000e+00
1.53400e+03 1.66654e-13 0.00000e+00
1.53500e+03 1.77947e-13 0.00000e+00
1.53600e+03 1.65171e-13 0.00000e+00
1.53700e+03 1.80257e-13 0.00000e+00
1.53800e+03 1.69731e-13 0.00000e+00
1.53900e+03 1.85874e-13 0.00000e+00
1.54000e+03 1.80982e-13 0.00000e+00
1.54100e+03 1.60049e-13 0.00000e+00
1.54200e+03 1.96117e-13 0.00000e+00
1.54300e+03 1.61811e-13 0.00000e+00
1.54400e+03 1.76987e-13 0.00000e+00
1.54500e+03 1.73018e-13 0.00000e+00
1.54600e+03 1.68993e-13 0.00000e+00
1.54700e+03 1.65403e-13 0.00000e+00
1.54800e+03 1.71950e-13 0.00000e+00
1.54900e+03 1.57560e-13 0.00000e+00
1.55000e+03 1.75302e-13 0.00000e+00
1.55100e+03 1.79169e-13 0.00000e+00
1.55200e+03 1.74265e-13 0.00000e+00
1.55300e+03 1.63093e-13 0.00000e+00
1.55400e+03 1.71209e-13 0.00000e+00
1.55500e+03 1.67245e-13 0.00000e+00
1.55600e+03 1.62019e-13 0.00000e+00
1.55700e+03 1.36172e-13 0.00000e+00
1.55800e+03 1.54122e-13 0.00000e+00
1.55900e+03 1.72610e-13 0.00000e+00
1.56000e+03 1.73123e-13 0.00000e+00
1.56100e+03 1.58266e-13 0.00000e+00
1.56200e+03 1.52538e-13 0.00000e+00
1.56300e+03 1.70266e-13 0.00000e+00
1.56400e+03 1.42943e-13 0.00000e+00
1.56500e+03 1.61400e-13 0.00000e+00
1.56600e+03 1.53225e-13 0.00000e+00
1.56700e+03 1.51362e-13 0.00000e+00
1.56800e+03 1.47841e-13 0.00000e+00
1.56900e+03 1.51292e-13 0.00000e+00
1.57000e+03 1.60283e-13 0.00000e+00
1.57100e+03 1.51614e-13 0.00000e+00
1.57200e+03 1.35947e-13 0.00000e+00
1.57300e+03 1.42464e-13 0.00000e+00
1.57400e+03 1.56139e-13 0.00000e+00
1.57500e+03 1.42729e-13 0.00000e+00
1.57600e+03 1.44312e-13 0.00000e+00
1.57700e+03 1.29924e-13 0.00000e+00
1.57800e+03 1.46700e-13 0.00000e+00
1.57900e+03 1.43233e-13 0.00000e+00
1.58000e+03 1.51231e-13 0.00000e+00
1.58100e+03 1.51980e-13 0.00000e+00
1.58200e+03 1.51328e-13 0.00000e+00
1.58300e+03 1.46586e-13 0.00000e+00
1.58400e+03 1.34957e-13 0.00000e+00
1.58500e+03 1.47504e-13 0.00000e+00
1.58600e+03 1.56779e-13 0.00000e+00
1.58700e+03 1.46432e-13 0.00000e+00
1.58800e+03 1.40123e-13 0.00000e+00
1.58900e+03 1.44569e-13 0.00000e+00
1.59000e+03 1.40101e-13 0.00000e+00
1.59100e+03 1.23470e-13 0.00000e+00
1.59200e+03 1.49220e-13 0.00000e+00
1.59300e+03 1.35116e-13 0.00000e+00
1.59400e+03 1.34546e-13 0.00000e+00
1.59500e+03 1.22816e-13 0.00000e+00
1.59600e+03 1.53134e-13 0.00000e+00
1.59700e+03 1.38042e-13 0.00000e+00
1.59800e+03 1.29044e-13 0.00000e+00
1.59900e+03 1.36506e-13 0.00000e+00
1.60000e+03 1.36428e-13 0.00000e+00
1.60100e+03 1.26909e-13 0.00000e+00
1.60200e+03 1.36594e-13 0.00000e+00
1.60300e+03 1.38733e-13 0.00000e+00
1.60400e+03 1.29722e-13 0.00000e+00
1.60500e+03 1.34010e-13 0.00000e+00
1.60600e+03 1.34295e-13 0.00000e+00
1.60700e+03 1.35292e-13 0.00000e+00
1.60800e+03 1.26583e-13 0.00000e+00
1.60900e+03 1.28254e-13 0.00000e+00
1.61000e+03 1.29085e-13 0.00000e+00
1.61100e+03 1.18959e-13 0.00000e+00
1.61200e+03 1.15791e-13 0.00000e+00
1.61300e+03 1.24357e-13 0.00000e+00
1.61400e+03 1.16446e-13 0.00000e+00
1.61500e+03 1.28465e-13 0.00000e+00
1.61600e+03 1.21278e-13 0.00000e+00
1.61700e+03 1.20664e-13 0.00000e+00
1.61800e+03 1.30499e-13 0.00000e+00
1.61900e+03 1.09945e-13 0.00000e+00
1.62000e+03 1.16018e-13 0.00000e+00
1.62100e+03 1.16989e-13 0.00000e+00
1.62200e+03 1.20095e-13 0.00000e+00
1.62300e+03 1.16824e-13 0.00000e+00
1.62400e+03 1.13437e-13 0.00000e+00
1.62500e+03 1.20926e-13 0.00000e+00
1.62600e+03 1.22361e-13 0.00000e+00
1.62700e+03 1.22208e-13 0.00000e+00
1.62800e+03 1.27122e-13 0.00000e+00
1.62900e+03 1.05244e-13 0.00000e+00
1.63000e+03 1.21506e-13 0.00000e+00
1.63100e+03 1.17183e-13 0.00000e+00
1.63200e+03 1.14866e-13 0.00000e+00
1.63300e+03 1.18829e-13 0.00000e+00
1.63400e+03 1.05423e-13 0.00000e+00
1.63500e+03 1.14678e-13 0.00000e+00
1.63600e+03 9.75693e-14 0.00000e+00
1.63700e+03 1.26343e-13 0.00000e+00
1.63800e+03 1.14503e-13 0.00000e+00
1.63900e+03 1.08632e-13 0.00000e+00
1.64000e+03 1.07700e-13 0.00000e+00
1.64100e+03 1.04135e-13 0.00000e+00
1.64200e+03 1.25582e-13 0.00000e+00
1.64300e+03 1.07838e-13 0.00000e+00
1.64400e+03 1.16404e-13 0.00000e+00
1.64500e+03 1.08556e-13 0.00000e+00
1.64600e+03 1.06839e-13 0.00000e+00
1.64700e+03 1.00748e-13 0.00000e+00
1.64800e+03 1.15788e-13 0.00000e+00
1.64900e+03 1.01844e-13 0.00000e+00
1.65000e+03 1.06935e-13 0.00000e+00
1.65100e+03 9.79550e-14 0.00000e+00
1.65200e+03 9.96019e-14 0.00000e+00
1.65300e+03 1.06826e-13 0.00000e+00
1.65400e+03 1.06919e-13 0.00000e+00
1.65500e+03 9.68427e-14 0.00000e+00
1.65600e+03 9.99182e-14 0.00000e+00
1.65700e+03 1.09068e-13 0.00000e+00
1.65800e+03 1.02879e-13 0.00000e+00
1.65900e+03 9.16767e-14 0.00000e+00
1.66000e+03 9.85916e-14 0.00000e+00
1.66100e+03 8.85147e-14 0.00000e+00
1.66200e+03 8.47398e-14 0.00000e+00
1.66300e+03 9.38137e-14 0.00000e+00
1.66400e+03 9.14085e-14 0.00000e+00
1.66500e+03 9.72790e-14 0.00000e+00
1.66600e+03 9.84667e-14 0.00000e+00
1.66700e+03 8.40691e-14 0.00000e+00
1.66800e+03 9.24699e-14 0.00000e+00
1.66900e+03 8.50363e-14 0.00000e+00
1.67000e+03 9.79972e-14 0.00000e+00
1.67100e+03 8.99202e-14 0.00000e+00
1.67200e+03 8.39425e-14 0.00000e+00
1.67300e+03 9.27472e-14 0.00000e+00
1.67400e+03 9.17779e-14 0.00000e+00
1.67500e+03 9.74366e-14 0.00000e+00
1.67600e+03 8.69864e-14 0.00000e+00
1.67700e+03 9.43639e-14 0.00000e+00
1.67800e+03 1.02579e-13 0.00000e+00
1.67900e+03 8.98503e-14 0.00000e+00
1.68000e+03 8.38646e-14 0.00000e+00
1.68100e+03 7.97810e-14 0.00000e+00
1.68200e+03 9.15979e-14 0.00000e+00
1.68300e+03 8.80140e-14 0.00000e+00
1.68400e+03 8.52129e-14 0.00000e+00
1.68500e+03 8.40974e-14 0.00000e+00
1.68600e+03 8.72070e-14 0.00000e+00
1.68700e+03 9.09661e-14 0.00000e+00
1.68800e+03 8.80494e-14 0.00000e+00
1.68900e+03 8.52399e-14 0.00000e+00
1.69000e+03 7.76237e-14 0.00000e+00
1.69100e+03 8.44328e-14 0.00000e+00
1.69200e+03 8.82120e-14 0.00000e+00
1.69300e+03 8.04576e-14 0.00000e+00
1.69400e+03 7.81473e-14 0.00000e+00
1.69500e+03 8.76559e-14 0.00000e+00
1.69600e+03 7.95203e-14 0.00000e+00
1.69700e+03 7.57893e-14 0.00000e+00
1.69800e+03 8.18561e-14 0.00000e+00
1.69900e+03 7.89015e-14 0.00000e+00
1.70000e+03 7.59428e-14 0.00000e+00
1.70100e+03 8.20120e-14 0.00000e+00
1.70200e+03 8.21866e-14 0.00000e+00
1.70300e+03 8.20951e-14 0.00000e+00
1.70400e+03 8.27365e-14 0.00000e+00
1.70500e+03 7.65121e-14 0.00000e+00
1.70600e+03 7.63630e-14 0.00000e+00
1.70700e+03 8.44020e-14 0.00000e+00
1.70800e+03 7.44207e-14 0.00000e+00
1.70900e+03 7.08524e-14 0.00000e+00
1.71000e+03 7.21484e-14 0.00000e+00
1.71100e+03 7.47438e-14 0.00000e+00
1.71200e+03 7.69339e-14 0.00000e+00
1.71300e+03 8.04877e-14 0.00000e+00
1.71400e+03 6.64515e-14 0.00000e+00
1.71500e+03 7.42462e-14 0.00000e+00
1.71600e+03 7.63959e-14 0.00000e+00
1.71700e+03 6.92709e-14 0.00000e+00
1.71800e+03 7.41566e-14 0.00000e+00
1.71900e+03 7.24892e-14 0.00000e+00
1.72000e+03 7.46360e-14 0.00000e+00
1.72100e+03 6.72484e-14 0.00000e+00
1.72200e+03 7.59401e-14 0.00000e+00
1.72300e+03 7.08857e-14 0.00000e+00
1.72400e+03 7.40889e-14 0.00000e+00
1.72500e+03 7.07871e-14 0.00000e+00
1.72600e+03 6.92702e-14 0.00000e+00
1.72700e+03 7.51095e-14 0.00000e+00
1.72800e+03 6.82242e-14 0.00000e+00
1.72900e+03 7.28501e-14 0.00000e+00
1.73000e+03 6.80661e-14 0.00000e+00
1.73100e+03 6.37535e-14 0.00000e+00
1.73200e+03 6.77609e-14 0.00000e+00
1.73300e+03 6.32752e-14 0.00000e+00
1.73400e+03 6.58456e-14 0.00000e+00
1.73500e+03 6.94590e-14 0.00000e+00
1.73600e+03 6.19171e-14 0.00000e+00
1.73700e+03 7.32663e-14 0.00000e+00
1.73800e+03 6.50349e-14 0.00000e+00
1.73900e+03 6.27488e-14 0.00000e+00
1.74000e+03 6.50166e-14 0.00000e+00
1.74100e+03 6.39576e-14 0.00000e+00
1.74200e+03 5.95003e-14 0.00000e+00
1.74300e+03 6.26325e-14 0.00000e+00
1.74400e+03 7.11639e-14 0.00000e+00
1.74500e+03 6.85801e-14 0.00000e+00
1.74600e+03 6.66849e-14 0.00000e+00
1.74700e+03 5.69378e-14 0.00000e+00
1.74800e+03 6.51539e-14 0.00000e+00
1.74900e+03 5.95380e-14 0.00000e+00
1.75000e+03 5.66409e-14 0.00000e+00
1.75100e+03 5.85847e-14 0.00000e+00
1.75200e+03 6.74074e-14 0.00000e+00
1.75300e+03 6.85954e-14 0.00000e+00
1.75400e+03 5.95234e-14 0.00000e+00
1.75500e+03 6.43572e-14 0.00000e+00
1.75600e+03 6.23617e-14 0.00000e+00
1.75700e+03 5.95216e-14 0.00000e+00
1.75800e+03 6.34219e-14 0.00000e+00
1.75900e+03 6.23841e-14 0.00000e+00
1.76000e+03 5.73837e-14 0.00000e+00
1.76100e+03 6.93558e-14 0.00000e+00
1.76200e+03 5.85004e-14 0.00000e+00
1.76300e+03 5.70386e-14 0.00000e+00
1.76400e+03 5.83956e-14 0.00000e+00
1.76500e+03 6.78172e-14 0.00000e+00
1.76600e+03 5.90665e-14 0.00000e+00
1.76700e+03 5.86334e-14 0.00000e+00
1.76800e+03 5.83940e-14 0.00000e+00
1.76900e+03 5.33708e-14 0.00000e+00
1.77000e+03 4.98661e-14 0.00000e+00
1.77100e+03 5.24906e-14 0.00000e+00
1.77200e+03 5.25980e-14 0.00000e+00
1.77300e+03 6.25863e-14 0.00000e+00
1.77400e+03 5.36359e-14 0.00000e+00
1.77500e+03 5.33533e-14 0.00000e+00
1.77600e+03 5.77884e-14 0.00000e+00
1.77700e+03 6.20319e-14 0.00000e+00
1.77800e+03 5.17626e-14 0.00000e+00
1.77900e+03 5.54385e-14 0.00000e+00
1.78000e+03 5.30905e-14 0.00000e+00
1.78100e+03 5.29213e-14 0.00000e+00
1.78200e+03 5.06539e-14 0.00000e+00
1.78300e+03 5.28180e-14 0.00000e+00
1.78400e+03 5.33056e-14 0.00000e+00
1.78500e+03 5.74250e-14 0.00000e+00
1.78600e+03 5.60395e-14 0.00000e+00
1.78700e+03 4.59311e-14 0.00000e+00
1.78800e+03 5.08398e-14 0.00000e+00
1.78900e+03 5.12323e-14 0.00000e+00
1.79000e+03 4.36505e-14 0.00000e+00
1.79100e+03 4.82921e-14 0.00000e+00
1.79200e+03 4.91044e-14 0.00000e+00
1.79300e+03 4.54271e-14 0.00000e+00
1.79400e+03 4.81427e-14 0.00000e+00
1.79500e+03 4.91642e-14 0.00000e+00
1.79600e+03 4.57037e-14 0.00000e+00
1.79700e+03 4.64768e-14 0.00000e+00
1.79800e+03 4.96516e-14 0.00000e+00
1.79900e+03 4.87512e-14 0.00000e+00
1.80000e+03 4.63835e-14 0.00000e+00
1.80100e+03 4.72897e-14 0.00000e+00
1.80200e+03 4.58914e-14 0.00000e+00
1.80300e+03 4.47955e-14 0.00000e+00
1.80400e+03 4.84506e-14 0.00000e+00
1.80500e+03 4.58666e-14 0.00000e+00
1.80600e+03 4.46776e-14 0.00000e+00
1.80700e+03 4.50127e-14 0.00000e+00
1.80800e+03 4.15624e-14 0.00000e+00
1.80900e+03 4.25498e-14 0.00000e+00
1.81000e+03 4.27070e-14 0.00000e+00
1.81100e+03 4.21061e-14 0.00000e+00
1.81200e+03 4.71741e-14 0.00000e+00
1.81300e+03 3.95987e-14 0.00000e+00
1.81400e+03 4.64849e-14 0.00000e+00
1.81500e+03 4.17987e-14 0.00000e+00
1.81600e+03 4.11811e-14 0.00000e+00
1.81700e+03 4.55663e-14 0.00000e+00
1.81800e+03 4.39269e-14 0.00000e+00
1.81900e+03 4.20423e-14 0.00000e+00
1.82000e+03 4.60697e-14 0.00000e+00
1.82100e+03 4.26059e-14 0.00000e+00
1.82200e+03 4.50407e-14 0.00000e+00
1.82300e+03 4.08837e-14 0.00000e+00
1.82400e+03 4.32976e-14 0.00000e+00
1.82500e+03 4.53881e-14 0.00000e+00
1.82600e+03 4.00720e-14 0.00000e+00
1.82700e+03 3.80082e-14 0.00000e+00
1.82800e+03 4.15432e-14 0.00000e+00
1.82900e+03 4.14065e-14 0.00000e+00
1.83000e+03 3.89232e-14 0.00000e+00
1.83100e+03 3.87548e-14 0.00000e+00
1.83200e+03 3.72787e-14 0.00000e+00
1.83300e+03 3.85377e-14 0.00000e+00
1.83400e+03 4.16524e-14 0.00000e+00
1.83500e+03 4.06518e-14 0.00000e+00
1.83600e+03 4.00762e-14 0.00000e+00
1.83700e+03 3.99598e-14 0.00000e+00
1.83800e+03 3.92339e-14 0.00000e+00
1.83900e+03 3.82300e-14 0.00000e+00
1.84000e+03 4.00224e-14 0.00000e+00
1.84100e+03 4.01651e-14 0.00000e+00
1.84200e+03 3.67760e-14 0.00000e+00
1.84300e+03 3.67974e-14 0.00000e+00
1.84400e+03 3.67357e-14 0.00000e+00
1.84500e+03 3.37433e-14 0.00000e+00
1.84600e+03 3.28354e-14 0.00000e+00
1.84700e+03 3.79459e-14 0.00000e+00
1.84800e+03 3.63919e-14 0.00000e+00
1.84900e+03 3.92739e-14 0.00000e+00
1.85000e+03 3.86189e-14 0.00000e+00
1.85100e+03 3.32019e-14 0.00000e+00
1.85200e+03 3.45916e-14 0.00000e+00
1.85300e+03 3.53625e-14 0.00000e+00
1.85400e+03 3.44306e-14 0.00000e+00
1.85500e+03 3.93242e-14 0.00000e+00
1.85600e+03 3.45323e-14 0.00000e+00
1.85700e+03 3.28024e-14 0.00000e+00
1.85800e+03 3.24429e-14 0.00000e+00
1.85900e+03 3.64365e-14 0.00000e+00
1.86000e+03 3.17328e-14 0.00000e+00
1.86100e+03 3.38729e-14 0.00000e+00
1.86200e+03 3.41196e-14 0.00000e+00
1.86300e+03 3.37912e-14 0.00000e+00
1.86400e+03 3.89512e-14 0.00000e+00
1.86500e+03 3.51349e-14 0.00000e+00
1.86600e+03 3.39881e-14 0.00000e+00
1.86700e+03 3.46033e-14 0.00000e+00
1.86800e+03 3.21145e-14 0.00000e+00
1.86900e+03 3.12519e-14 0.00000e+00
1.87000e+03 3.07390e-14 0.00000e+00
1.87100e+03 3.02146e-14 0.00000e+00
1.87200e+03 2.96916e-14 0.00000e+00
1.87300e+03 3.38984e-14 0.00000e+00
1.87400e+03 3.28846e-14 0.00000e+00
1.87500e+03 3.13353e-14 0.00000e+00
1.87600e+03 3.09585e-14 0.00000e+00
1.87700e+03 3.27174e-14 0.00000e+00
1.87800e+03 3.30552e-14 0.00000e+00
1.87900e+03 2.84702e-14 0.00000e+00
1.88000e+03 3.15854e-14 0.00000e+00
1.88100e+03 3.12618e-14 0.00000e+00
1.88200e+03 2.95154e-14 0.00000e+00
1.88300e+03 3.42809e-14 0.00000e+00
1.88400e+03 3.07529e-14 0.00000e+00
1.88500e+03 2.81882e-14 0.00000e+00
1.88600e+03 2.82253e-14 0.00000e+00
1.88700e+03 3.13753e-14 0.00000e+00
1.88800e+03 2.82165e-14 0.00000e+00
1.88900e+03 3.20292e-14 0.00000e+00
1.89000e+03 2.76614e-14 0.00000e+00
1.89100e+03 2.87751e-14 0.00000e+00
1.89200e+03 2.69528e-14 0.00000e+00
1.89300e+03 2.68107e-14 0.00000e+00
1.89400e+03 2.78761e-14 0.00000e+00
1.89500e+03 2.75596e-14 0.00000e+00
1.89600e+03 2.68052e-14 0.00000e+00
1.89700e+03 2.78461e-14 0.00000e+00
1.89800e+03 2.74578e-14 0.00000e+00
1.89900e+03 2.63539e-14 0.00000e+00
1.90000e+03 2.46861e-14 0.00000e+00
1.90100e+03 2.41912e-14 0.00000e+00
1.90200e+03 2.98962e-14 0.00000e+00
1.90300e+03 2.90614e-14 0.00000e+00
1.90400e+03 2.77422e-14 0.00000e+00
1.90500e+03 2.63052e-14 0.00000e+00
1.90600e+03 2.55278e-14 0.00000e+00
1.90700e+03 2.53615e-14 0.00000e+00
1.90800e+03 2.80782e-14 0.00000e+00
1.90900e+03 2.74752e-14 0.00000e+00
1.91000e+03 2.55148e-14 0.00000e+00
1.91100e+03 2.31492e-14 0.00000e+00
1.91200e+03 2.64720e-14 0.00000e+00
1.91300e+03 2.56291e-14 0.00000e+00
1.91400e+03 2.49539e-14 0.00000e+00
1.91500e+03 2.36361e-14 0.00000e+00
1.91600e+03 2.66438e-14 0.00000e+00
1.91700e+03 2.55944e-14 0.00000e+00
1.91800e+03 2.36821e-14 0.00000e+00
1.91900e+03 2.50477e-14 0.00000e+00
1.92000e+03 2.57213e-14 0.00000e+00
1.92100e+03 2.39368e-14 0.00000e+00
1.92200e+03 2.53833e-14 0.00000e+00
1.92300e+03 2.29740e-14 0.00000e+00
1.92400e+03 2.30572e-14 0.00000e+00
1.92500e+03 2.41039e-14 0.00000e+00
1.92600e+03 2.31029e-14 0.00000e+00
1.92700e+03 2.51955e-14 0.00000e+00
1.92800e+03 2.24470e-14 0.00000e+00
1.92900e+03 2.46401e-14 0.00000e+00
1.93000e+03 2.26681e-14 0.00000e+00
1.93100e+03 2.24729e-14 0.00000e+00
1.93200e+03 2.17135e-14 0.00000e+00
1.93300e+03 2.27075e-14 0.00000e+00
1.93400e+03 2.23697e-14 0.00000e+00
1.93500e+03 2.14122e-14 0.00000e+00
1.93600e+03 2.40507e-14 0.00000e+00
1.93700e+03 2.40187e-14 0.00000e+00
1.93800e+03 2.16474e-14 0.00000e+00
1.93900e+03 2.27961e-14 0.00000e+00
1.94000e+03 2.06069e-14 0.00000e+00
1.94100e+03 2.32575e-14 0.00000e+00
1.94200e+03 2.17076e-14 0.00000e+00
1.94300e+03 2.11938e-14 0.00000e+00
1.94400e+03 2.19801e-14 0.00000e+00
1.94500e+03 2.22606e-14 0.00000e+00
1.94600e+03 1.95974e-14 0.00000e+00
1.94700e+03 2.01073e-14 0.00000e+00
1.94800e+03 2.03698e-14 0.00000e+00
1.94900e+03 2.31670e-14 0.00000e+00
1.95000e+03 1.96858e-14 0.00000e+00
1.95100e+03 2.18789e-14 0.00000e+00
1.95200e+03 2.23764e-14 0.00000e+00
1.95300e+03 2.04938e-14 0.00000e+00
1.95400e+03 1.89543e-14 0.00000e+00
1.95500e+03 2.05246e-14 0.00000e+00
1.95600e+03 1.96904e-14 0.00000e+00
1.95700e+03 2.02618e-14 0.00000e+00
1.95800e+03 1.87976e-14 0.00000e+00
1.95900e+03 1.84769e-14 0.00000e+00
1.96000e+03 2.01475e-14 0.00000e+00
1.96100e+03 1.91587e-14 0.00000e+00
1.96200e+03 1.70020e-14 0.00000e+00
1.96300e+03 2.03169e-14 0.00000e+00
1.96400e+03 1.88534e-14 0.00000e+00
1.96500e+03 2.01846e-14 0.00000e+00
1.96600e+03 1.87770e-14 0.00000e+00
1.96700e+03 1.84582e-14 0.00000e+00
1.96800e+03 1.83804e-14 0.00000e+00
1.96900e+03 1.79925e-14 0.00000e+00
1.97000e+03 1.84080e-14 0.00000e+00
1.97100e+03 1.79463e-14 0.00000e+00
1.97200e+03 1.83235e-14 0.00000e+00
1.97300e+03 1.74224e-14 0.00000e+00
1.97400e+03 1.77063e-14 0.00000e+00
1.97500e+03 1.74671e-14 0.00000e+00
1.97600e+03 1.70687e-14 0.00000e+00
1.97700e+03 1.85730e-14 0.00000e+00
1.97800e+03 1.71615e-14 0.00000e+00
1.97900e+03 1.87582e-14 0.00000e+00
1.98000e+03 1.66222e-14 0.00000e+00
1.98100e+03 1.69506e-14 0.00000e+00
1.98200e+03 1.73251e-14 0.00000e+00
1.98300e+03 1.63037e-14 0.00000e+00
1.98400e+03 1.54219e-14 0.00000e+00
1.98500e+03 1.66685e-14 0.00000e+00
1.98600e+03 1.73252e-14 0.00000e+00
1.98700e+03 1.66505e-14 0.00000e+00
1.98800e+03 1.75001e-14 0.00000e+00
1.98900e+03 1.52425e-14 0.00000e+00
1.99000e+03 1.60636e-14 0.00000e+00
1.99100e+03 1.71735e-14 0.00000e+00
1.99200e+03 1.62075e-14 0.00000e+00
1.99300e+03 1.63619e-14 0.00000e+00
1.99400e+03 1.59903e-14 0.00000e+00
1.99500e+03 1.52181e-14 0.00000e+00
1.99600e+03 1.55866e-14 0.00000e+00
1.99700e+03 1.48114e-14 0.00000e+00
1.99800e+03 1.51128e-14 0.00000e+00
1.99900e+03 1.56743e-14 0.00000e+00
2.00000e+03 1.47016e-14 0.00000e+00
