0.00000e+00 0.00000e+00 0.00000e+00
1.00000e+00 0.00000e+00 0.00000e+00
2.00000e+00 0.00000e+00 0.00000e+00
3.00000e+00 0.00000e+00 0.00000e+00
4.00000e+00 0.00000e+00 0.00000e+00
5.00000e+00 0.00000e+00 0.00000e+00
6.00000e+00 0.00000e+00 0.00000e+00
7.00000e+00 0.00000e+00 0.00000e+00
8.00000e+00 0.00000e+00 0.00000e+00
9.00000e+00 0.00000e+00 0.00000e+00
1.00000e+01 0.00000e+00 0.00000e+00
1.10000e+01 0.00000e+00 0.00000e+00
1.20000e+01 0.00000e+00 0.00000e+00
1.30000e+01 0.00000e+00 0.00000e+00
1.40000e+01 0.00000e+00 0.00000e+00
1.50000e+01 0.00000e+00 0.00000e+00
1.60000e+01 0.00000e+00 0.00000e+00
1.70000e+01 0.00000e+00 0.00000e+00
1.80000e+01 0.00000e+00 0.00000e+00
1.90000e+01 0.00000e+00 0.00000e+00
2.00000e+01 0.00000e+00 0.00000e+00
2.10000e+01 0.00000e+00 0.00000e+00
2.20000e+01 0.00000e+00 0.00000e+00
2.30000e+01 0.00000e+00 0.00000e+00
2.40000e+01 0.00000e+00 0.00000e+00
2.50000e+01 0.00000e+00 0.00000e+00
2.60000e+01 0.00000e+00 0.00000e+00
2.70000e+01 0.00000e+00 0.00000e+00
2.80000e+01 0.00000e+00 0.00000e+00
2.90000e+01 0.00000e+00 0.00000e+00
3.00000e+01 0.00000e+00 0.00000e+00
3.10000e+01 0.00000e+00 0.00000e+00
3.20000e+01 0.00000e+00 0.00000e+00
3.30000e+01 0.00000e+00 0.00000e+00
3.40000e+01 0.00000e+00 0.00000e+00
3.50000e+01 0.00000e+00 0.00000e+00
3.60000e+01 0.00000e+00 0.00000e+00
3.70000e+01 0.00000e+00 0.00000e+00
3.80000e+01 0.00000e+00 0.00000e+00
3.90000e+01 0.00000e+00 0.00000e+00
4.00000e+01 0.00000e+00 0.00000e+00
4.10000e+01 0.00000e+00 0.00000e+00
4.20000e+01 0.00000e+00 0.00000e+00
4.30000e+01 0.00000e+00 0.00000e+00
4.40000e+01 0.00000e+00 0.00000e+00
4.50000e+01 0.00000e+00 0.00000e+00
4.60000e+01 0.00000e+00 0.00000e+00
4.70000e+01 0.00000e+00 0.00000e+00
4.80000e+01 0.00000e+00 0.00000e+00
4.90000e+01 0.00000e+00 0.00000e+00
5.00000e+01 0.00000e+00 0.00000e+00
5.10000e+01 0.00000e+00 0.00000e+00
5.20000e+01 0.00000e+00 0.00000e+00
5.30000e+01 0.00000e+00 0.00000e+00
5.40000e+01 0.00000e+00 0.00000e+00
5.50000e+01 0.00000e+00 0.00000e+00
5.60000e+01 0.00000e+00 0.00000e+00
5.70000e+01 0.00000e+00 0.00000e+00
5.80000e+01 0.00000e+00 0.00000e+00
5.90000e+01 0.00000e+00 0.00000e+00
6.00000e+01 0.00000e+00 0.00000e+00
6.10000e+01 0.00000e+00 0.00000e+00
6.20000e+01 0.00000e+00 0.00000e+00
6.30000e+01 0.00000e+00 0.00000e+00
6.40000e+01 0.00000e+00 0.00000e+00
6.50000e+01 0.00000e+00 0.00000e+00
6.60000e+01 0.00000e+00 0.00000e+00
6.70000e+01 0.00000e+00 0.00000e+00
6.80000e+01 0.00000e+00 0.00000e+00
6.90000e+01 0.00000e+00 0.00000e+00
7.00000e+01 0.00000e+00 0.00000e+00
7.10000e+01 0.00000e+00 0.00000e+00
7.20000e+01 0.00000e+00 0.00000e+00
7.30000e+01 0.00000e+00 0.00000e+00
7.40000e+01 0.00000e+00 0.00000e+00
7.50000e+01 0.00000e+00 0.00000e+00
7.60000e+01 0.00000e+00 0.00000e+00
7.70000e+01 0.00000e+00 0.00000e+00
7.80000e+01 0.00000e+00 0.00000e+00
7.90000e+01 0.00000e+00 0.00000e+00
8.00000e+01 0.00000e+00 0.00000e+00
8.10000e+01 0.00000e+00 0.00000e+00
8.20000e+01 0.00000e+00 0.00000e+00
8.30000e+01 0.00000e+00 0.00000e+00
8.40000e+01 0.00000e+00 0.00000e+00
8.50000e+01 0.00000e+00 0.00000e+00
8.60000e+01 0.00000e+00 0.00000e+00
8.70000e+01 0.00000e+00 0.00000e+00
8.80000e+01 0.00000e+00 0.00000e+00
8.90000e+01 0.00000e+00 0.00000e+00
9.00000e+01 0.00000e+00 0.00000e+00
9.10000e+01 0.00000e+00 0.00000e+00
9.20000e+01 0.00000e+00 0.00000e+00
9.30000e+01 0.00000e+00 0.00000e+00
9.40000e+01 0.00000e+00 0.00000e+00
9.50000e+01 0.00000e+00 0.00000e+00
9.60000e+01 0.00000e+00 0.00000e+00
9.70000e+01 0.00000e+00 0.00000e+00
9.80000e+01 0.00000e+00 0.00000e+00
9.90000e+01 0.00000e+00 0.00000e+00
1.00000e+02 1.40272e-10 0.00000e+00
1.01000e+02 1.57388e-10 0.00000e+00
1.02000e+02 1.57192e-10 0.00000e+00
1.03000e+02 1.54060e-10 0.00000e+00
1.04000e+02 1.23026e-10 0.00000e+00
1.05000e+02 1.14089e-10 0.00000e+00
1.06000e+02 1.36674e-10 0.00000e+00
1.07000e+02 1.60103e-10 0.00000e+00
1.08000e+02 1.54253e-10 0.00000e+00
1.09000e+02 1.52639e-10 0.00000e+00
1.10000e+02 1.48586e-10 0.00000e+00
1.11000e+02 1.36752e-10 0.00000e+00
1.12000e+02 1.32109e-10 0.00000e+00
1.13000e+02 1.86044e-10 0.00000e+00
1.14000e+02 1.60867e-10 0.00000e+00
1.15000e+02 1.68075e-10 0.00000e+00
1.16000e+02 1.32099e-10 0.00000e+00
1.17000e+02 1.52928e-10 0.00000e+00
1.18000e+02 1.28162e-10 0.00000e+00
1.19000e+02 1.26219e-10 0.00000e+00
1.20000e+02 1.58735e-10 0.00000e+00
1.21000e+02 1.36923e-10 0.00000e+00
1.22000e+02 1.36350e-10 0.00000e+00
1.23000e+02 1.28693e-10 0.00000e+00
1.24000e+02 1.34616e-10 0.00000e+00
1.25000e+02 8.91151e-11 0.00000e+00
1.26000e+02 1.30853e-10 0.00000e+00
1.27000e+02 1.38948e-10 0.00000e+00
1.28000e+02 1.19157e-10 0.00000e+00
1.29000e+02 1.03031e-10 0.00000e+00
1.30000e+02 8.82414e-11 0.00000e+00
1.31000e+02 1.29949e-10 0.00000e+00
1.32000e+02 1.00778e-10 0.00000e+00
1.33000e+02 1.25383e-10 0.00000e+00
1.34000e+02 1.28725e-10 0.00000e+00
1.35000e+02 1.06043e-10 0.00000e+00
1.36000e+02 1.20436e-10 0.00000e+00
1.37000e+02 9.90582e-11 0.00000e+00
1.38000e+02 1.31929e-10 0.00000e+00
1.39000e+02 1.11665e-10 0.00000e+00
1.40000e+02 1.20125e-10 0.00000e+00
1.41000e+02 1.41546e-10 0.00000e+00
1.42000e+02 1.04356e-10 0.00000e+00
1.43000e+02 1.18570e-10 0.00000e+00
1.44000e+02 1.29542e-10 0.00000e+00
1.45000e+02 1.12339e-10 0.00000e+00
1.46000e+02 9.89540e-11 0.00000e+00
1.47000e+02 9.22128e-11 0.00000e+00
1.48000e+02 9.32922e-11 0.00000e+00
1.49000e+02 1.07446e-10 0.00000e+00
1.50000e+02 1.27973e-10 0.00000e+00
1.51000e+02 1.00348e-10 0.00000e+00
1.52000e+02 8.06000e-11 0.00000e+00
1.53000e+02 6.63548e-11 0.00000e+00
1.54000e+02 1.19966e-10 0.00000e+00
1.55000e+02 9.79972e-11 0.00000e+00
1.56000e+02 8.60516e-11 0.00000e+00
1.57000e+02 1.09848e-10 0.00000e+00
1.58000e+02 9.91155e-11 0.00000e+00
1.59000e+02 8.51810e-11 0.00000e+00
1.60000e+02 1.00491e-10 0.00000e+00
1.61000e+02 8.48354e-11 0.00000e+00
1.62000e+02 1.12738e-10 0.00000e+00
1.63000e+02 9.08799e-11 0.00000e+00
1.64000e+02 1.09133e-10 0.00000e+00
1.65000e+02 9.11699e-11 0.00000e+00
1.66000e+02 9.70190e-11 0.00000e+00
1.67000e+02 1.14489e-10 0.00000e+00
1.68000e+02 7.93306e-11 0.00000e+00
1.69000e+02 9.53450e-11 0.00000e+00
1.70000e+02 1.13725e-10 0.00000e+00
1.71000e+02 8.26590e-11 0.00000e+00
1.72000e+02 8.80994e-11 0.00000e+00
1.73000e+02 9.14016e-11 0.00000e+00
1.74000e+02 7.37218e-11 0.00000e+00
1.75000e+02 7.08693e-11 0.00000e+00
1.76000e+02 9.96833e-11 0.00000e+00
1.77000e+02 8.05088e-11 0.00000e+00
1.78000e+02 6.90699e-11 0.00000e+00
1.79000e+02 7.56190e-11 0.00000e+00
1.80000e+02 9.78827e-11 0.00000e+00
1.81000e+02 8.99666e-11 0.00000e+00
1.82000e+02 1.04485e-10 0.00000e+00
1.83000e+02 8.16992e-11 0.00000e+00
1.84000e+02 1.07031e-10 0.00000e+00
1.85000e+02 8.09928e-11 0.00000e+00
1.86000e+02 8.56623e-11 0.00000e+00
1.87000e+02 7.48119e-11 0.00000e+00
1.88000e+02 8.60377e-11 0.00000e+00
1.89000e+02 9.00651e-11 0.00000e+00
1.90000e+02 6.02121e-11 0.00000e+00
1.91000e+02 7.34485e-11 0.00000e+00
1.92000e+02 7.70188e-11 0.00000e+00
1.93000e+02 7.98581e-11 0.00000e+00
1.94000e+02 6.74356e-11 0.00000e+00
1.95000e+02 5.65667e-11 0.00000e+00
1.96000e+02 7.36884e-11 0.00000e+00
1.97000e+02 5.69015e-11 0.00000e+00
1.98000e+02 8.03371e-11 0.00000e+00
1.99000e+02 7.35491e-11 0.00000e+00
2.00000e+02 6.92482e-11 0.00000e+00
2.01000e+02 6.89306e-11 0.00000e+00
2.02000e+02 6.24559e-11 0.00000e+00
2.03000e+02 6.50298e-11 0.00000e+00
2.04000e+02 6.86289e-11 0.00000e+00
2.05000e+02 6.58447e-11 0.00000e+00
2.06000e+02 8.27323e-11 0.00000e+00
2.07000e+02 5.92080e-11 0.00000e+00
2.08000e+02 7.12341e-11 0.00000e+00
2.09000e+02 6.32622e-11 0.00000e+00
2.10000e+02 8.60023e-11 0.00000e+00
2.11000e+02 5.51690e-11 0.00000e+00
2.12000e+02 6.71825e-11 0.00000e+00
2.13000e+02 5.08682e-11 0.00000e+00
2.14000e+02 6.34417e-11 0.00000e+00
2.15000e+02 7.65453e-11 0.00000e+00
2.16000e+02 8.38774e-11 0.00000e+00
2.17000e+02 8.06966e-11 0.00000e+00
2.18000e+02 7.60872e-11 0.00000e+00
2.19000e+02 6.75838e-11 0.00000e+00
2.20000e+02 5.90855e-11 0.00000e+00
2.21000e+02 7.05783e-11 0.00000e+00
2.22000e+02 6.85675e-11 0.00000e+00
2.23000e+02 5.87713e-11 0.00000e+00
2.24000e+02 6.56422e-11 0.00000e+00
2.25000e+02 6.92376e-11 0.00000e+00
2.26000e+02 7.10092e-11 0.00000e+00
2.27000e+02 6.90869e-11 0.00000e+00
2.28000e+02 6.10440e-11 0.00000e+00
2.29000e+02 6.66249e-11 0.00000e+00
2.30000e+02 6.50867e-11 0.00000e+00
2.31000e+02 6.31783e-11 0.00000e+00
2.32000e+02 6.33647e-11 0.00000e+00
2.33000e+02 6.45303e-11 0.00000e+00
2.34000e+02 6.24980e-11 0.00000e+00
2.35000e+02 6.14955e-11 0.00000e+00
2.36000e+02 5.45995e-11 0.00000e+00
2.37000e+02 6.24283e-11 0.00000e+00
2.38000e+02 5.95186e-11 0.00000e+00
2.39000e+02 7.12725e-11 0.00000e+00
2.40000e+02 5.65678e-11 0.00000e+00
2.41000e+02 7.22844e-11 0.00000e+00
2.42000e+02 8.55782e-11 0.00000e+00
2.43000e+02 5.40575e-11 0.00000e+00
2.44000e+02 5.97595e-11 0.00000e+00
2.45000e+02 7.45925e-11 0.00000e+00
2.46000e+02 6.26896e-11 0.00000e+00
2.47000e+02 5.53789e-11 0.00000e+00
2.48000e+02 6.42887e-11 0.00000e+00
2.49000e+02 7.08759e-11 0.00000e+00
2.50000e+02 6.74504e-11 0.00000e+00
2.51000e+02 7.53924e-11 0.00000e+00
2.52000e+02 5.31782e-11 0.00000e+00
2.53000e+02 4.92480e-11 0.00000e+00
2.54000e+02 4.75818e-11 0.00000e+00
2.55000e+02 5.87346e-11 0.00000e+00
2.56000e+02 6.59623e-11 0.00000e+00
2.57000e+02 6.92838e-11 0.00000e+00
2.58000e+02 6.21413e-11 0.00000e+00
2.59000e+02 6.34392e-11 0.00000e+00
2.60000e+02 6.38029e-11 0.00000e+00
2.61000e+02 5.53515e-11 0.00000e+00
2.62000e+02 4.98691e-11 0.00000e+00
2.63000e+02 6.52382e-11 0.00000e+00
2.64000e+02 5.58039e-11 0.00000e+00
2.65000e+02 6.00988e-11 0.00000e+00
2.66000e+02 5.15137e-11 0.00000e+00
2.67000e+02 6.13210e-11 0.00000e+00
2.68000e+02 5.13699e-11 0.00000e+00
2.69000e+02 5.52344e-11 0.00000e+00
2.70000e+02 6.32858e-11 0.00000e+00
2.71000e+02 5.14185e-11 0.00000e+00
2.72000e+02 4.83572e-11 0.00000e+00
2.73000e+02 5.37778e-11 0.00000e+00
2.74000e+02 5.64140e-11 0.00000e+00
2.75000e+02 6.21721e-11 0.00000e+00
2.76000e+02 4.44323e-11 0.00000e+00
2.77000e+02 4.75770e-11 0.00000e+00
2.78000e+02 4.81144e-11 0.00000e+00
2.79000e+02 4.90738e-11 0.00000e+00
2.80000e+02 4.98585e-11 0.00000e+00
2.81000e+02 5.55792e-11 0.00000e+00
2.82000e+02 5.34288e-11 0.00000e+00
2.83000e+02 4.78963e-11 0.00000e+00
2.84000e+02 5.37029e-11 0.00000e+00
2.85000e+02 6.24979e-11 0.00000e+00
2.86000e+02 6.16404e-11 0.00000e+00
2.87000e+02 6.34479e-11 0.00000e+00
2.88000e+02 5.02571e-11 0.00000e+00
2.89000e+02 5.00528e-11 0.00000e+00
2.90000e+02 6.06718e-11 0.00000e+00
2.91000e+02 5.64068e-11 0.00000e+00
2.92000e+02 5.10592e-11 0.00000e+00
2.93000e+02 4.32304e-11 0.00000e+00
2.94000e+02 5.37093e-11 0.00000e+00
2.95000e+02 5.55189e-11 0.00000e+00
2.96000e+02 5.21451e-11 0.00000e+00
2.97000e+02 4.75723e-11 0.00000e+00
2.98000e+02 5.46892e-11 0.00000e+00
2.99000e+02 5.12761e-11 0.00000e+00
3.00000e+02 4.73525e-11 0.00000e+00
3.01000e+02 5.18700e-11 0.00000e+00
3.02000e+02 5.62702e-11 0.00000e+00
3.03000e+02 4.58048e-11 0.00000e+00
3.04000e+02 5.99624e-11 0.00000e+00
3.05000e+02 4.88662e-11 0.00000e+00
3.06000e+02 5.92857e-11 0.00000e+00
3.07000e+02 4.91407e-11 0.00000e+00
3.08000e+02 5.39197e-11 0.00000e+00
3.09000e+02 5.63774e-11 0.00000e+00
3.10000e+02 5.63019e-11 0.00000e+00
3.11000e+02 3.88095e-11 0.00000e+00
3.12000e+02 5.13090e-11 0.00000e+00
3.13000e+02 4.59479e-11 0.00000e+00
3.14000e+02 4.23522e-11 0.00000e+00
3.15000e+02 4.88512e-11 0.00000e+00
3.16000e+02 5.15440e-11 0.00000e+00
3.17000e+02 4.26983e-11 0.00000e+00
3.18000e+02 4.46994e-11 0.00000e+00
3.19000e+02 4.32389e-11 0.00000e+00
3.20000e+02 4.03995e-11 0.00000e+00
3.21000e+02 4.74454e-11 0.00000e+00
3.22000e+02 5.24909e-11 0.00000e+00
3.23000e+02 5.33593e-11 0.00000e+00
3.24000e+02 4.46695e-11 0.00000e+00
3.25000e+02 4.25963e-11 0.00000e+00
3.26000e+02 5.07700e-11 0.00000e+00
3.27000e+02 4.95127e-11 0.00000e+00
3.28000e+02 3.98569e-11 0.00000e+00
3.29000e+02 4.42343e-11 0.00000e+00
3.30000e+02 4.58582e-11 0.00000e+00
3.31000e+02 5.28348e-11 0.00000e+00
3.32000e+02 4.20499e-11 0.00000e+00
3.33000e+02 4.90268e-11 0.00000e+00
3.34000e+02 4.98244e-11 0.00000e+00
3.35000e+02 4.51389e-11 0.00000e+00
3.36000e+02 5.28065e-11 0.00000e+00
3.37000e+02 4.82836e-11 0.00000e+00
3.38000e+02 3.72423e-11 0.00000e+00
3.39000e+02 4.38057e-11 0.00000e+00
3.40000e+02 4.53266e-11 0.00000e+00
3.41000e+02 4.67860e-11 0.00000e+00
3.42000e+02 3.81696e-11 0.00000e+00
3.43000e+02 4.58036e-11 0.00000e+00
3.44000e+02 4.67596e-11 0.00000e+00
3.45000e+02 4.20197e-11 0.00000e+00
3.46000e+02 5.22727e-11 0.00000e+00
3.47000e+02 2.93179e-11 0.00000e+00
3.48000e+02 3.97355e-11 0.00000e+00
3.49000e+02 3.99840e-11 0.00000e+00
3.50000e+02 4.28728e-11 0.00000e+00
3.51000e+02 4.17615e-11 0.00000e+00
3.52000e+02 5.23092e-11 0.00000e+00
3.53000e+02 4.06285e-11 0.00000e+00
3.54000e+02 4.41757e-11 0.00000e+00
3.55000e+02 4.23479e-11 0.00000e+00
3.56000e+02 4.25230e-11 0.00000e+00
3.57000e+02 3.66299e-11 0.00000e+00
3.58000e+02 4.79960e-11 0.00000e+00
3.59000e+02 4.12902e-11 0.00000e+00
3.60000e+02 3.49949e-11 0.00000e+00
3.61000e+02 4.35248e-11 0.00000e+00
3.62000e+02 4.82116e-11 0.00000e+00
3.63000e+02 4.36722e-11 0.00000e+00
3.64000e+02 3.67657e-11 0.00000e+00
3.65000e+02 4.06192e-11 0.00000e+00
3.66000e+02 4.00868e-11 0.00000e+00
3.67000e+02 4.29025e-11 0.00000e+00
3.68000e+02 5.04584e-11 0.00000e+00
3.69000e+02 4.23616e-11 0.00000e+00
3.70000e+02 4.13905e-11 0.00000e+00
3.71000e+02 3.80053e-11 0.00000e+00
3.72000e+02 4.63357e-11 0.00000e+00
3.73000e+02 4.31748e-11 0.00000e+00
3.74000e+02 4.33406e-11 0.00000e+00
3.75000e+02 4.74041e-11 0.00000e+00
3.76000e+02 4.13261e-11 0.00000e+00
3.77000e+02 3.87056e-11 0.00000e+00
3.78000e+02 4.65644e-11 0.00000e+00
3.79000e+02 3.46615e-11 0.00000e+00
3.80000e+02 4.34478e-11 0.00000e+00
3.81000e+02 3.66452e-11 0.00000e+00
3.82000e+02 4.19652e-11 0.00000e+00
3.83000e+02 5.54081e-11 0.00000e+00
3.84000e+02 4.07283e-11 0.00000e+00
3.85000e+02 3.98516e-11 0.00000e+00
3.86000e+02 4.12232e-11 0.00000e+00
3.87000e+02 4.46758e-11 0.00000e+00
3.88000e+02 3.88641e-11 0.00000e+00
3.89000e+02 3.76971e-11 0.00000e+00
3.90000e+02 4.16643e-11 0.00000e+00
3.91000e+02 3.96233e-11 0.00000e+00
3.92000e+02 4.57930e-11 0.00000e+00
3.93000e+02 4.13835e-11 0.00000e+00
3.94000e+02 3.76900e-11 0.00000e+00
3.95000e+02 3.64463e-11 0.00000e+00
3.96000e+02 4.20644e-11 0.00000e+00
3.97000e+02 4.48813e-11 0.00000e+00
3.98000e+02 4.89209e-11 0.00000e+00
3.99000e+02 3.77189e-11 0.00000e+00
4.00000e+02 3.88190e-11 0.00000e+00
4.01000e+02 3.82792e-11 0.00000e+00
4.02000e+02 4.16881e-11 0.00000e+00
4.03000e+02 4.32501e-11 0.00000e+00
4.04000e+02 4.14394e-11 0.00000e+00
4.05000e+02 4.02146e-11 0.00000e+00
4.06000e+02 3.74326e-11 0.00000e+00
4.07000e+02 4.81697e-11 0.00000e+00
4.08000e+02 3.99306e-11 0.00000e+00
4.09000e+02 3.93006e-11 0.00000e+00
4.10000e+02 3.59811e-11 0.00000e+00
4.11000e+02 4.15394e-11 0.00000e+00
4.12000e+02 3.22235e-11 0.00000e+00
4.13000e+02 3.96722e-11 0.00000e+00
4.14000e+02 3.85871e-11 0.00000e+00
4.15000e+02 3.58120e-11 0.00000e+00
4.16000e+02 3.12223e-11 0.00000e+00
4.17000e+02 3.35177e-11 0.00000e+00
4.18000e+02 3.08200e-11 0.00000e+00
4.19000e+02 4.17605e-11 0.00000e+00
4.20000e+02 3.60895e-11 0.00000e+00
4.21000e+02 3.33991e-11 0.00000e+00
4.22000e+02 3.32777e-11 0.00000e+00
4.23000e+02 3.26308e-11 0.00000e+00
4.24000e+02 3.73041e-11 0.00000e+00
4.25000e+02 3.50896e-11 0.00000e+00
4.26000e+02 3.66923e-11 0.00000e+00
4.27000e+02 3.73660e-11 0.00000e+00
4.28000e+02 3.24488e-11 0.00000e+00
4.29000e+02 3.18382e-11 0.00000e+00
4.30000e+02 3.52908e-11 0.00000e+00
4.31000e+02 3.44228e-11 0.00000e+00
4.32000e+02 3.79684e-11 0.00000e+00
4.33000e+02 3.13562e-11 0.00000e+00
4.34000e+02 4.20942e-11 0.00000e+00
4.35000e+02 3.39104e-11 0.00000e+00
4.36000e+02 3.19971e-11 0.00000e+00
4.37000e+02 3.87874e-11 0.00000e+00
4.38000e+02 3.53370e-11 0.00000e+00
4.39000e+02 3.81101e-11 0.00000e+00
4.40000e+02 3.48084e-11 0.00000e+00
4.41000e+02 2.90326e-11 0.00000e+00
4.42000e+02 3.66918e-11 0.00000e+00
4.43000e+02 3.56275e-11 0.00000e+00
4.44000e+02 3.80001e-11 0.00000e+00
4.45000e+02 3.82718e-11 0.00000e+00
4.46000e+02 3.54559e-11 0.00000e+00
4.47000e+02 3.33236e-11 0.00000e+00
4.48000e+02 3.37238e-11 0.00000e+00
4.49000e+02 3.59286e-11 0.00000e+00
4.50000e+02 3.61886e-11 0.00000e+00
4.51000e+02 3.44811e-11 0.00000e+00
4.52000e+02 4.02701e-11 0.00000e+00
4.53000e+02 4.08177e-11 0.00000e+00
4.54000e+02 3.42140e-11 0.00000e+00
4.55000e+02 3.53808e-11 0.00000e+00
4.56000e+02 3.28579e-11 0.00000e+00
4.57000e+02 3.66797e-11 0.00000e+00
4.58000e+02 3.33305e-11 0.00000e+00
4.59000e+02 3.80717e-11 0.00000e+00
4.60000e+02 3.33769e-11 0.00000e+00
4.61000e+02 3.56131e-11 0.00000e+00
4.62000e+02 3.87393e-11 0.00000e+00
4.63000e+02 3.43009e-11 0.00000e+00
4.64000e+02 3.23475e-11 0.00000e+00
4.65000e+02 3.16567e-11 0.00000e+00
4.66000e+02 3.12722e-11 0.00000e+00
4.67000e+02 3.03484e-11 0.00000e+00
4.68000e+02 3.43040e-11 0.00000e+00
4.69000e+02 3.05313e-11 0.00000e+00
4.70000e+02 3.13392e-11 0.00000e+00
4.71000e+02 2.77163e-11 0.00000e+00
4.72000e+02 3.60311e-11 0.00000e+00
4.73000e+02 3.63435e-11 0.00000e+00
4.74000e+02 3.41455e-11 0.00000e+00
4.75000e+02 3.61922e-11 0.00000e+00
4.76000e+02 3.28590e-11 0.00000e+00
4.77000e+02 2.89210e-11 0.00000e+00
4.78000e+02 3.30515e-11 0.00000e+00
4.79000e+02 3.46081e-11 0.00000e+00
4.80000e+02 3.38680e-11 0.00000e+00
4.81000e+02 3.23359e-11 0.00000e+00
4.82000e+02 3.39898e-11 0.00000e+00
4.83000e+02 3.27393e-11 0.00000e+00
4.84000e+02 3.48060e-11 0.00000e+00
4.85000e+02 3.41288e-11 0.00000e+00
4.86000e+02 3.21857e-11 0.00000e+00
4.87000e+02 3.28505e-11 0.00000e+00
4.88000e+02 2.85097e-11 0.00000e+00
4.89000e+02 3.16531e-11 0.00000e+00
4.90000e+02 3.53359e-11 0.00000e+00
4.91000e+02 3.30086e-11 0.00000e+00
4.92000e+02 3.27015e-11 0.00000e+00
4.93000e+02 3.71257e-11 0.00000e+00
4.94000e+02 3.73968e-11 0.00000e+00
4.95000e+02 3.21672e-11 0.00000e+00
4.96000e+02 3.40430e-11 0.00000e+00
4.97000e+02 3.24843e-11 0.00000e+00
4.98000e+02 3.34843e-11 0.00000e+00
4.99000e+02 3.25649e-11 0.00000e+00
5.00000e+02 3.35861e-11 0.00000e+00
5.01000e+02 3.30498e-11 0.00000e+00
5.02000e+02 3.34668e-11 0.00000e+00
5.03000e+02 3.15709e-11 0.00000e+00
5.04000e+02 3.22145e-11 0.00000e+00
5.05000e+02 3.24665e-11 0.00000e+00
5.06000e+02 2.87499e-11 0.00000e+00
5.07000e+02 3.24178e-11 0.00000e+00
5.08000e+02 3.69593e-11 0.00000e+00
5.09000e+02 3.20617e-11 0.00000e+00
5.10000e+02 3.06425e-11 0.00000e+00
5.11000e+02 3.26796e-11 0.00000e+00
5.12000e+02 3.37805e-11 0.00000e+00
5.13000e+02 2.96181e-11 0.00000e+00
5.14000e+02 2.94013e-11 0.00000e+00
5.15000e+02 3.33240e-11 0.00000e+00
5.16000e+02 2.69843e-11 0.00000e+00
5.17000e+02 3.11853e-11 0.00000e+00
5.18000e+02 2.74281e-11 0.00000e+00
5.19000e+02 3.24234e-11 0.00000e+00
5.20000e+02 3.01241e-11 0.00000e+00
5.21000e+02 3.24292e-11 0.00000e+00
5.22000e+02 3.09506e-11 0.00000e+00
5.23000e+02 2.97918e-11 0.00000e+00
5.24000e+02 2.72303e-11 0.00000e+00
5.25000e+02 3.00680e-11 0.00000e+00
5.26000e+02 2.69645e-11 0.00000e+00
5.27000e+02 2.84616e-11 0.00000e+00
5.28000e+02 3.25179e-11 0.00000e+00
5.29000e+02 3.27956e-11 0.00000e+00
5.30000e+02 2.86274e-11 0.00000e+00
5.31000e+02 2.64074e-11 0.00000e+00
5.32000e+02 2.48960e-11 0.00000e+00
5.33000e+02 3.06295e-11 0.00000e+00
5.34000e+02 3.16113e-11 0.00000e+00
5.35000e+02 2.68237e-11 0.00000e+00
5.36000e+02 2.98964e-11 0.00000e+00
5.37000e+02 2.74387e-11 0.00000e+00
5.38000e+02 2.74908e-11 0.00000e+00
5.39000e+02 3.17007e-11 0.00000e+00
5.40000e+02 3.18906e-11 0.00000e+00
5.41000e+02 3.19033e-11 0.00000e+00
5.42000e+02 3.01247e-11 0.00000e+00
5.43000e+02 2.57993e-11 0.00000e+00
5.44000e+02 2.70911e-11 0.00000e+00
5.45000e+02 3.53659e-11 0.00000e+00
5.46000e+02 3.00813e-11 0.00000e+00
5.47000e+02 2.74503e-11 0.00000e+00
5.48000e+02 2.97216e-11 0.00000e+00
5.49000e+02 3.01601e-11 0.00000e+00
5.50000e+02 2.94121e-11 0.00000e+00
5.51000e+02 2.82994e-11 0.00000e+00
5.52000e+02 3.17275e-11 0.00000e+00
5.53000e+02 2.71348e-11 0.00000e+00
5.54000e+02 2.77969e-11 0.00000e+00
5.55000e+02 2.38678e-11 0.00000e+00
5.56000e+02 3.55262e-11 0.00000e+00
5.57000e+02 2.84438e-11 0.00000e+00
5.58000e+02 2.72201e-11 0.00000e+00
5.59000e+02 3.13310e-11 0.00000e+00
5.60000e+02 2.96998e-11 0.00000e+00
5.61000e+02 3.16841e-11 0.00000e+00
5.62000e+02 2.85624e-11 0.00000e+00
5.63000e+02 2.94943e-11 0.00000e+00
5.64000e+02 2.79801e-11 0.00000e+00
5.65000e+02 2.83222e-11 0.00000e+00
5.66000e+02 2.31786e-11 0.00000e+00
5.67000e+02 2.93807e-11 0.00000e+00
5.68000e+02 2.48808e-11 0.00000e+00
5.69000e+02 2.35892e-11 0.00000e+00
5.70000e+02 2.76662e-11 0.00000e+00
5.71000e+02 3.01612e-11 0.00000e+00
5.72000e+02 2.97937e-11 0.00000e+00
5.73000e+02 2.91308e-11 0.00000e+00
5.74000e+02 2.69966e-11 0.00000e+00
5.75000e+02 2.58924e-11 0.00000e+00
5.76000e+02 2.67314e-11 0.00000e+00
5.77000e+02 2.48605e-11 0.00000e+00
5.78000e+02 2.69653e-11 0.00000e+00
5.79000e+02 3.07059e-11 0.00000e+00
5.80000e+02 2.44191e-11 0.00000e+00
5.81000e+02 2.73850e-11 0.00000e+00
5.82000e+02 2.35229e-11 0.00000e+00
5.83000e+02 2.65711e-11 0.00000e+00
5.84000e+02 2.66422e-11 0.00000e+00
5.85000e+02 2.96468e-11 0.00000e+00
5.86000e+02 2.62937e-11 0.00000e+00
5.87000e+02 2.72769e-11 0.00000e+00
5.88000e+02 2.52318e-11 0.00000e+00
5.89000e+02 2.73884e-11 0.00000e+00
5.90000e+02 2.70228e-11 0.00000e+00
5.91000e+02 2.89093e-11 0.00000e+00
5.92000e+02 2.97771e-11 0.00000e+00
5.93000e+02 3.20474e-11 0.00000e+00
5.94000e+02 2.85198e-11 0.00000e+00
5.95000e+02 2.75991e-11 0.00000e+00
5.96000e+02 2.89136e-11 0.00000e+00
5.97000e+02 2.60105e-11 0.00000e+00
5.98000e+02 2.42619e-11 0.00000e+00
5.99000e+02 2.65075e-11 0.00000e+00
6.00000e+02 2.69035e-11 0.00000e+00
6.01000e+02 2.53224e-11 0.00000e+00
6.02000e+02 2.70163e-11 0.00000e+00
6.03000e+02 2.42968e-11 0.00000e+00
6.04000e+02 2.57573e-11 0.00000e+00
6.05000e+02 2.59837e-11 0.00000e+00
6.06000e+02 2.28308e-11 0.00000e+00
6.07000e+02 2.74542e-11 0.00000e+00
6.08000e+02 2.77088e-11 0.00000e+00
6.09000e+02 2.31488e-11 0.00000e+00
6.10000e+02 2.82981e-11 0.00000e+00
6.11000e+02 2.38550e-11 0.00000e+00
6.12000e+02 2.74936e-11 0.00000e+00
6.13000e+02 2.78942e-11 0.00000e+00
6.14000e+02 2.85909e-11 0.00000e+00
6.15000e+02 2.52044e-11 0.00000e+00
6.16000e+02 2.48541e-11 0.00000e+00
6.17000e+02 2.70182e-11 0.00000e+00
6.18000e+02 2.75305e-11 0.00000e+00
6.19000e+02 2.55862e-11 0.00000e+00
6.20000e+02 2.89537e-11 0.00000e+00
6.21000e+02 2.62180e-11 0.00000e+00
6.22000e+02 2.44055e-11 0.00000e+00
6.23000e+02 2.67713e-11 0.00000e+00
6.24000e+02 2.85759e-11 0.00000e+00
6.25000e+02 2.44571e-11 0.00000e+00
6.26000e+02 2.36486e-11 0.00000e+00
6.27000e+02 2.67434e-11 0.00000e+00
6.28000e+02 2.87125e-11 0.00000e+00
6.29000e+02 2.47565e-11 0.00000e+00
6.30000e+02 2.34101e-11 0.00000e+00
6.31000e+02 2.57585e-11 0.00000e+00
6.32000e+02 2.42632e-11 0.00000e+00
6.33000e+02 2.39660e-11 0.00000e+00
6.34000e+02 2.41624e-11 0.00000e+00
6.35000e+02 2.45647e-11 0.00000e+00
6.36000e+02 2.54630e-11 0.00000e+00
6.37000e+02 2.81478e-11 0.00000e+00
6.38000e+02 2.61641e-11 0.00000e+00
6.39000e+02 2.12653e-11 0.00000e+00
6.40000e+02 2.51386e-11 0.00000e+00
6.41000e+02 2.52944e-11 0.00000e+00
6.42000e+02 2.25084e-11 0.00000e+00
6.43000e+02 2.42772e-11 0.00000e+00
6.44000e+02 2.90359e-11 0.00000e+00
6.45000e+02 2.26742e-11 0.00000e+00
6.46000e+02 2.70821e-11 0.00000e+00
6.47000e+02 2.34159e-11 0.00000e+00
6.48000e+02 2.46524e-11 0.00000e+00
6.49000e+02 2.68261e-11 0.00000e+00
6.50000e+02 2.56830e-11 0.00000e+00
6.51000e+02 2.54801e-11 0.00000e+00
6.52000e+02 2.75979e-11 0.00000e+00
6.53000e+02 2.48751e-11 0.00000e+00
6.54000e+02 2.51099e-11 0.00000e+00
6.55000e+02 2.47469e-11 0.00000e+00
6.56000e+02 2.81609e-11 0.00000e+00
6.57000e+02 2.73785e-11 0.00000e+00
6.58000e+02 2.44114e-11 0.00000e+00
6.59000e+02 2.74265e-11 0.00000e+00
6.60000e+02 2.22346e-11 0.00000e+00
6.61000e+02 2.30606e-11 0.00000e+00
6.62000e+02 2.41011e-11 0.00000e+00
6.63000e+02 2.48382e-11 0.00000e+00
6.64000e+02 2.23309e-11 0.00000e+00
6.65000e+02 2.53366e-11 0.00000e+00
6.66000e+02 2.61756e-11 0.00000e+00
6.67000e+02 2.53331e-11 0.00000e+00
6.68000e+02 2.23203e-11 0.00000e+00
6.69000e+02 2.41536e-11 0.00000e+00
6.70000e+02 2.18741e-11 0.00000e+00
6.71000e+02 2.52141e-11 0.00000e+00
6.72000e+02 2.27167e-11 0.00000e+00
6.73000e+02 2.33114e-11 0.00000e+00
6.74000e+02 2.38241e-11 0.00000e+00
6.75000e+02 2.26924e-11 0.00000e+00
6.76000e+02 2.57313e-11 0.00000e+00
6.77000e+02 2.22293e-11 0.00000e+00
6.78000e+02 2.67800e-11 0.00000e+00
6.79000e+02 2.15146e-11 0.00000e+00
6.80000e+02 2.39303e-11 0.00000e+00
6.81000e+02 2.50190e-11 0.00000e+00
6.82000e+02 2.53714e-11 0.00000e+00
6.83000e+02 2.65400e-11 0.00000e+00
6.84000e+02 2.23033e-11 0.00000e+00
6.85000e+02 2.70582e-11 0.00000e+00
6.86000e+02 2.13990e-11 0.00000e+00
6.87000e+02 2.17281e-11 0.00000e+00
6.88000e+02 2.65457e-11 0.00000e+00
6.89000e+02 2.37554e-11 0.00000e+00
6.90000e+02 2.18982e-11 0.00000e+00
6.91000e+02 2.33430e-11 0.00000e+00
6.92000e+02 2.38148e-11 0.00000e+00
6.93000e+02 2.22677e-11 0.00000e+00
6.94000e+02 2.45639e-11 0.00000e+00
6.95000e+02 2.24975e-11 0.00000e+00
6.96000e+02 2.33780e-11 0.00000e+00
6.97000e+02 2.33215e-11 0.00000e+00
6.98000e+02 2.11875e-11 0.00000e+00
6.99000e+02 2.22558e-11 0.00000e+00
7.00000e+02 2.45695e-11 0.00000e+00
7.01000e+02 2.47566e-11 0.00000e+00
7.02000e+02 1.99069e-11 0.00000e+00
7.03000e+02 2.00444e-11 0.00000e+00
7.04000e+02 2.10049e-11 0.00000e+00
7.05000e+02 2.27707e-11 0.00000e+00
7.06000e+02 2.39204e-11 0.00000e+00
7.07000e+02 2.57721e-11 0.00000e+00
7.08000e+02 2.42573e-11 0.00000e+00
7.09000e+02 2.36160e-11 0.00000e+00
7.10000e+02 2.21572e-11 0.00000e+00
7.11000e+02 2.31113e-11 0.00000e+00
7.12000e+02 2.12672e-11 0.00000e+00
7.13000e+02 2.32296e-11 0.00000e+00
7.14000e+02 2.32994e-11 0.00000e+00
7.15000e+02 2.03709e-11 0.00000e+00
7.16000e+02 2.17822e-11 0.00000e+00
7.17000e+02 2.31330e-11 0.00000e+00
7.18000e+02 2.32712e-11 0.00000e+00
7.19000e+02 2.03045e-11 0.00000e+00
7.20000e+02 2.03653e-11 0.00000e+00
7.21000e+02 2.29550e-11 0.00000e+00
7.22000e+02 2.37813e-11 0.00000e+00
7.23000e+02 1.97368e-11 0.00000e+00
7.24000e+02 2.11241e-11 0.00000e+00
7.25000e+02 2.40053e-11 0.00000e+00
7.26000e+02 2.12340e-11 0.00000e+00
7.27000e+02 2.28677e-11 0.00000e+00
7.28000e+02 2.38739e-11 0.00000e+00
7.29000e+02 2.25523e-11 0.00000e+00
7.30000e+02 2.21202e-11 0.00000e+00
7.31000e+02 2.25125e-11 0.00000e+00
7.32000e+02 2.51114e-11 0.00000e+00
7.33000e+02 2.12074e-11 0.00000e+00
7.34000e+02 2.44153e-11 0.00000e+00
7.35000e+02 2.59168e-11 0.00000e+00
7.36000e+02 2.14478e-11 0.00000e+00
7.37000e+02 2.46286e-11 0.00000e+00
7.38000e+02 2.22613e-11 0.00000e+00
7.39000e+02 2.41796e-11 0.00000e+00
7.40000e+02 2.13936e-11 0.00000e+00
7.41000e+02 2.52035e-11 0.00000e+00
7.42000e+02 2.14008e-11 0.00000e+00
7.43000e+02 2.19847e-11 0.00000e+00
7.44000e+02 1.92973e-11 0.00000e+00
7.45000e+02 2.37793e-11 0.00000e+00
7.46000e+02 2.07517e-11 0.00000e+00
7.47000e+02 2.18873e-11 0.00000e+00
7.48000e+02 1.98222e-11 0.00000e+00
7.49000e+02 2.14784e-11 0.00000e+00
7.50000e+02 2.34471e-11 0.00000e+00
7.51000e+02 2.14411e-11 0.00000e+00
7.52000e+02 2.30108e-11 0.00000e+00
7.53000e+02 2.35274e-11 0.00000e+00
7.54000e+02 2.33847e-11 0.00000e+00
7.55000e+02 2.03704e-11 0.00000e+00
7.56000e+02 2.23039e-11 0.00000e+00
7.57000e+02 2.14475e-11 0.00000e+00
7.58000e+02 2.20819e-11 0.00000e+00
7.59000e+02 2.08309e-11 0.00000e+00
7.60000e+02 2.06800e-11 0.00000e+00
7.61000e+02 2.10066e-11 0.00000e+00
7.62000e+02 2.12560e-11 0.00000e+00
7.63000e+02 1.98500e-11 0.00000e+00
7.64000e+02 2.18952e-11 0.00000e+00
7.65000e+02 2.14520e-11 0.00000e+00
7.66000e+02 1.87409e-11 0.00000e+00
7.67000e+02 2.42637e-11 0.00000e+00
7.68000e+02 2.24395e-11 0.00000e+00
7.69000e+02 1.93736e-11 0.00000e+00
7.70000e+02 2.16925e-11 0.00000e+00
7.71000e+02 2.00677e-11 0.00000e+00
7.72000e+02 2.06027e-11 0.00000e+00
7.73000e+02 2.08737e-11 0.00000e+00
7.74000e+02 2.01978e-11 0.00000e+00
7.75000e+02 2.09366e-11 0.00000e+00
7.76000e+02 1.95172e-11 0.00000e+00
7.77000e+02 2.19998e-11 0.00000e+00
7.78000e+02 2.17708e-11 0.00000e+00
7.79000e+02 1.97602e-11 0.00000e+00
7.80000e+02 2.00263e-11 0.00000e+00
7.81000e+02 2.07802e-11 0.00000e+00
7.82000e+02 2.35207e-11 0.00000e+00
7.83000e+02 1.91167e-11 0.00000e+00
7.84000e+02 1.85815e-11 0.00000e+00
7.85000e+02 2.08438e-11 0.00000e+00
7.86000e+02 1.83875e-11 0.00000e+00
7.87000e+02 2.26247e-11 0.00000e+00
7.88000e+02 2.11548e-11 0.00000e+00
7.89000e+02 2.00817e-11 0.00000e+00
7.90000e+02 2.31484e-11 0.00000e+00
7.91000e+02 2.07017e-11 0.00000e+00
7.92000e+02 1.94071e-11 0.00000e+00
7.93000e+02 1.95112e-11 0.00000e+00
7.94000e+02 2.12903e-11 0.00000e+00
7.95000e+02 1.83986e-11 0.00000e+00
7.96000e+02 2.05912e-11 0.00000e+00
7.97000e+02 1.85842e-11 0.00000e+00
7.98000e+02 2.02971e-11 0.00000e+00
7.99000e+02 1.93860e-11 0.00000e+00
8.00000e+02 1.94704e-11 0.00000e+00
8.01000e+02 2.16929e-11 0.00000e+00
8.02000e+02 2.19367e-11 0.00000e+00
8.03000e+02 1.80971e-11 0.00000e+00
8.04000e+02 2.14815e-11 0.00000e+00
8.05000e+02 1.95501e-11 0.00000e+00
8.06000e+02 2.22936e-11 0.00000e+00
8.07000e+02 1.99189e-11 0.00000e+00
8.08000e+02 2.01204e-11 0.00000e+00
8.09000e+02 1.98700e-11 0.00000e+00
8.10000e+02 2.27864e-11 0.00000e+00
8.11000e+02 2.10814e-11 0.00000e+00
8.12000e+02 1.79169e-11 0.00000e+00
8.13000e+02 1.93838e-11 0.00000e+00
8.14000e+02 2.03390e-11 0.00000e+00
8.15000e+02 1.95845e-11 0.00000e+00
8.16000e+02 1.91394e-11 0.00000e+00
8.17000e+02 1.86237e-11 0.00000e+00
8.18000e+02 1.90583e-11 0.00000e+00
8.19000e+02 2.14755e-11 0.00000e+00
8.20000e+02 2.10542e-11 0.00000e+00
8.21000e+02 1.94569e-11 0.00000e+00
8.22000e+02 1.92189e-11 0.00000e+00
8.23000e+02 2.15114e-11 0.00000e+00
8.24000e+02 1.87768e-11 0.00000e+00
8.25000e+02 1.98184e-11 0.00000e+00
8.26000e+02 2.07578e-11 0.00000e+00
8.27000e+02 2.03574e-11 0.00000e+00
8.28000e+02 1.78561e-11 0.00000e+00
8.29000e+02 1.97117e-11 0.00000e+00
8.30000e+02 2.04554e-11 0.00000e+00
8.31000e+02 1.89548e-11 0.00000e+00
8.32000e+02 1.87513e-11 0.00000e+00
8.33000e+02 1.86624e-11 0.00000e+00
8.34000e+02 1.96812e-11 0.00000e+00
8.35000e+02 2.01984e-11 0.00000e+00
8.36000e+02 1.90296e-11 0.00000e+00
8.37000e+02 1.91389e-11 0.00000e+00
8.38000e+02 1.88057e-11 0.00000e+00
8.39000e+02 1.95330e-11 0.00000e+00
8.40000e+02 1.79052e-11 0.00000e+00
8.41000e+02 2.01978e-11 0.00000e+00
8.42000e+02 1.83784e-11 0.00000e+00
8.43000e+02 1.96011e-11 0.00000e+00
8.44000e+02 1.83771e-11 0.00000e+00
8.45000e+02 2.13762e-11 0.00000e+00
8.46000e+02 2.05623e-11 0.00000e+00
8.47000e+02 1.87012e-11 0.00000e+00
8.48000e+02 1.88500e-11 0.00000e+00
8.49000e+02 1.77783e-11 0.00000e+00
8.50000e+02 1.84524e-11 0.00000e+00
8.51000e+02 1.88419e-11 0.00000e+00
8.52000e+02 1.97698e-11 0.00000e+00
8.53000e+02 1.87746e-11 0.00000e+00
8.54000e+02 1.92287e-11 0.00000e+00
8.55000e+02 1.92482e-11 0.00000e+00
8.56000e+02 2.01365e-11 0.00000e+00
8.57000e+02 1.81983e-11 0.00000e+00
8.58000e+02 2.07853e-11 0.00000e+00
8.59000e+02 1.92181e-11 0.00000e+00
8.60000e+02 1.73144e-11 0.00000e+00
8.61000e+02 1.76998e-11 0.00000e+00
8.62000e+02 1.84237e-11 0.00000e+00
8.63000e+02 1.98778e-11 0.00000e+00
8.64000e+02 1.71273e-11 0.00000e+00
8.65000e+02 1.82937e-11 0.00000e+00
8.66000e+02 1.85687e-11 0.00000e+00
8.67000e+02 1.99345e-11 0.00000e+00
8.68000e+02 1.74355e-11 0.00000e+00
8.69000e+02 1.88945e-11 0.00000e+00
8.70000e+02 1.93938e-11 0.00000e+00
8.71000e+02 1.83422e-11 0.00000e+00
8.72000e+02 1.85788e-11 0.00000e+00
8.73000e+02 1.87239e-11 0.00000e+00
8.74000e+02 1.62603e-11 0.00000e+00
8.75000e+02 1.72503e-11 0.00000e+00
8.76000e+02 1.66769e-11 0.00000e+00
8.77000e+02 1.76657e-11 0.00000e+00
8.78000e+02 1.75710e-11 0.00000e+00
8.79000e+02 1.83432e-11 0.00000e+00
8.80000e+02 1.86054e-11 0.00000e+00
8.81000e+02 1.86219e-11 0.00000e+00
8.82000e+02 1.74084e-11 0.00000e+00
8.83000e+02 1.57876e-11 0.00000e+00
8.84000e+02 1.93251e-11 0.00000e+00
8.85000e+02 1.74597e-11 0.00000e+00
8.86000e+02 1.85195e-11 0.00000e+00
8.87000e+02 1.78901e-11 0.00000e+00
8.88000e+02 1.76601e-11 0.00000e+00
8.89000e+02 1.79000e-11 0.00000e+00
8.90000e+02 1.63246e-11 0.00000e+00
8.91000e+02 1.75111e-11 0.00000e+00
8.92000e+02 1.83909e-11 0.00000e+00
8.93000e+02 1.79254e-11 0.00000e+00
8.94000e+02 1.79934e-11 0.00000e+00
8.95000e+02 1.84735e-11 0.00000e+00
8.96000e+02 1.86043e-11 0.00000e+00
8.97000e+02 1.74837e-11 0.00000e+00
8.98000e+02 1.77628e-11 0.00000e+00
8.99000e+02 1.81180e-11 0.00000e+00
9.00000e+02 1.91228e-11 0.00000e+00
9.01000e+02 1.89571e-11 0.00000e+00
9.02000e+02 1.76062e-11 0.00000e+00
9.03000e+02 1.85225e-11 0.00000e+00
9.04000e+02 1.79510e-11 0.00000e+00
9.05000e+02 1.77670e-11 0.00000e+00
9.06000e+02 1.81322e-11 0.00000e+00
9.07000e+02 1.84418e-11 0.00000e+00
9.08000e+02 1.61220e-11 0.00000e+00
9.09000e+02 1.67601e-11 0.00000e+00
9.10000e+02 1.90319e-11 0.00000e+00
9.11000e+02 1.75718e-11 0.00000e+00
9.12000e+02 1.80733e-11 0.00000e+00
9.13000e+02 1.72596e-11 0.00000e+00
9.14000e+02 1.81392e-11 0.00000e+00
9.15000e+02 1.72782e-11 0.00000e+00
9.16000e+02 1.76196e-11 0.00000e+00
9.17000e+02 1.64560e-11 0.00000e+00
9.18000e+02 1.74694e-11 0.00000e+00
9.19000e+02 1.58844e-11 0.00000e+00
9.20000e+02 1.63739e-11 0.00000e+00
9.21000e+02 1.87808e-11 0.00000e+00
9.22000e+02 1.80382e-11 0.00000e+00
9.23000e+02 1.71142e-11 0.00000e+00
9.24000e+02 1.87789e-11 0.00000e+00
9.25000e+02 1.80367e-11 0.00000e+00
9.26000e+02 1.72487e-11 0.00000e+00
9.27000e+02 1.83354e-11 0.00000e+00
9.28000e+02 1.70536e-11 0.00000e+00
9.29000e+02 1.65063e-11 0.00000e+00
9.30000e+02 1.67626e-11 0.00000e+00
9.31000e+02 1.84004e-11 0.00000e+00
9.32000e+02 1.59635e-11 0.00000e+00
9.33000e+02 1.72540e-11 0.00000e+00
9.34000e+02 1.68504e-11 0.00000e+00
9.35000e+02 1.54518e-11 0.00000e+00
9.36000e+02 1.75624e-11 0.00000e+00
9.37000e+02 1.70009e-11 0.00000e+00
9.38000e+02 1.72293e-11 0.00000e+00
9.39000e+02 1.67268e-11 0.00000e+00
9.40000e+02 1.90121e-11 0.00000e+00
9.41000e+02 1.58364e-11 0.00000e+00
9.42000e+02 1.68604e-11 0.00000e+00
9.43000e+02 1.67193e-11 0.00000e+00
9.44000e+02 1.71742e-11 0.00000e+00
9.45000e+02 1.56745e-11 0.00000e+00
9.46000e+02 1.67198e-11 0.00000e+00
9.47000e+02 1.66359e-11 0.00000e+00
9.48000e+02 1.57626e-11 0.00000e+00
9.49000e+02 1.80298e-11 0.00000e+00
9.50000e+02 1.66957e-11 0.00000e+00
9.51000e+02 1.63201e-11 0.00000e+00
9.52000e+02 1.44812e-11 0.00000e+00
9.53000e+02 1.51677e-11 0.00000e+00
9.54000e+02 1.56780e-11 0.00000e+00
9.55000e+02 1.93893e-11 0.00000e+00
9.56000e+02 1.79767e-11 0.00000e+00
9.57000e+02 1.46555e-11 0.00000e+00
9.58000e+02 1.50735e-11 0.00000e+00
9.59000e+02 1.61817e-11 0.00000e+00
9.60000e+02 1.59005e-11 0.00000e+00
9.61000e+02 1.61930e-11 0.00000e+00
9.62000e+02 1.68002e-11 0.00000e+00
9.63000e+02 1.56846e-11 0.00000e+00
9.64000e+02 1.61942e-11 0.00000e+00
9.65000e+02 1.61549e-11 0.00000e+00
9.66000e+02 1.48338e-11 0.00000e+00
9.67000e+02 1.57853e-11 0.00000e+00
9.68000e+02 1.57295e-11 0.00000e+00
9.69000e+02 1.69087e-11 0.00000e+00
9.70000e+02 1.69415e-11 0.00000e+00
9.71000e+02 1.74203e-11 0.00000e+00
9.72000e+02 1.52194e-11 0.00000e+00
9.73000e+02 1.50286e-11 0.00000e+00
9.74000e+02 1.70057e-11 0.00000e+00
9.75000e+02 1.75555e-11 0.00000e+00
9.76000e+02 1.71436e-11 0.00000e+00
9.77000e+02 1.54094e-11 0.00000e+00
9.78000e+02 1.72223e-11 0.00000e+00
9.79000e+02 1.51919e-11 0.00000e+00
9.80000e+02 1.61114e-11 0.00000e+00
9.81000e+02 1.70072e-11 0.00000e+00
9.82000e+02 1.58140e-11 0.00000e+00
9.83000e+02 1.66897e-11 0.00000e+00
9.84000e+02 1.66188e-11 0.00000e+00
9.85000e+02 1.70818e-11 0.00000e+00
9.86000e+02 1.49859e-11 0.00000e+00
9.87000e+02 1.57097e-11 0.00000e+00
9.88000e+02 1.80460e-11 0.00000e+00
9.89000e+02 1.43111e-11 0.00000e+00
9.90000e+02 1.47737e-11 0.00000e+00
9.91000e+02 1.49090e-11 0.00000e+00
9.92000e+02 1.50663e-11 0.00000e+00
9.93000e+02 1.59449e-11 0.00000e+00
9.94000e+02 1.49314e-11 0.00000e+00
9.95000e+02 1.57678e-11 0.00000e+00
9.96000e+02 1.69915e-11 0.00000e+00
9.97000e+02 1.58766e-11 0.00000e+00
9.98000e+02 1.45155e-11 0.00000e+00
9.99000e+02 1.53681e-11 0.00000e+00
1.00000e+03 1.64013e-11 0.00000e+00
1.00100e+03 1.51225e-11 0.00000e+00
1.00200e+03 1.72820e-11 0.00000e+00
1.00300e+03 1.53867e-11 0.00000e+00
1.00400e+03 1.56320e-11 0.00000e+00
1.00500e+03 1.61456e-11 0.00000e+00
1.00600e+03 1.51181e-11 0.00000e+00
1.00700e+03 1.55376e-11 0.00000e+00
1.00800e+03 1.59470e-11 0.00000e+00
1.00900e+03 1.67869e-11 0.00000e+00
1.01000e+03 1.63736e-11 0.00000e+00
1.01100e+03 1.51006e-11 0.00000e+00
1.01200e+03 1.44430e-11 0.00000e+00
1.01300e+03 1.53013e-11 0.00000e+00
1.01400e+03 1.74813e-11 0.00000e+00
1.01500e+03 1.51168e-11 0.00000e+00
1.01600e+03 1.52143e-11 0.00000e+00
1.01700e+03 1.47880e-11 0.00000e+00
1.01800e+03 1.62330e-11 0.00000e+00
1.01900e+03 1.53699e-11 0.00000e+00
1.02000e+03 1.55816e-11 0.00000e+00
1.02100e+03 1.65116e-11 0.00000e+00
1.02200e+03 1.53723e-11 0.00000e+00
1.02300e+03 1.63776e-11 0.00000e+00
1.02400e+03 1.36024e-11 0.00000e+00
1.02500e+03 1.40944e-11 0.00000e+00
1.02600e+03 1.53956e-11 0.00000e+00
1.02700e+03 1.61822e-11 0.00000e+00
1.02800e+03 1.51855e-11 0.00000e+00
1.02900e+03 1.53937e-11 0.00000e+00
1.03000e+03 1.47736e-11 0.00000e+00
1.03100e+03 1.57045e-11 0.00000e+00
1.03200e+03 1.46355e-11 0.00000e+00
1.03300e+03 1.66289e-11 0.00000e+00
1.03400e+03 1.50236e-11 0.00000e+00
1.03500e+03 1.41915e-11 0.00000e+00
1.03600e+03 1.51316e-11 0.00000e+00
1.03700e+03 1.52393e-11 0.00000e+00
1.03800e+03 1.47028e-11 0.00000e+00
1.03900e+03 1.65549e-11 0.00000e+00
1.04000e+03 1.52502e-11 0.00000e+00
1.04100e+03 1.51253e-11 0.00000e+00
1.04200e+03 1.64608e-11 0.00000e+00
1.04300e+03 1.51231e-11 0.00000e+00
1.04400e+03 1.49585e-11 0.00000e+00
1.04500e+03 1.45016e-11 0.00000e+00
1.04600e+03 1.56821e-11 0.00000e+00
1.04700e+03 1.44746e-11 0.00000e+00
1.04800e+03 1.56121e-11 0.00000e+00
1.04900e+03 1.43087e-11 0.00000e+00
1.05000e+03 1.64395e-11 0.00000e+00
1.05100e+03 1.42968e-11 0.00000e+00
1.05200e+03 1.40818e-11 0.00000e+00
1.05300e+03 1.55405e-11 0.00000e+00
1.05400e+03 1.47353e-11 0.00000e+00
1.05500e+03 1.54365e-11 0.00000e+00
1.05600e+03 1.41168e-11 0.00000e+00
1.05700e+03 1.51574e-11 0.00000e+00
1.05800e+03 1.51339e-11 0.00000e+00
1.05900e+03 1.32155e-11 0.00000e+00
1.06000e+03 1.53166e-11 0.00000e+00
1.06100e+03 1.49916e-11 0.00000e+00
1.06200e+03 1.63947e-11 0.00000e+00
1.06300e+03 1.51803e-11 0.00000e+00
1.06400e+03 1.48410e-11 0.00000e+00
1.06500e+03 1.43427e-11 0.00000e+00
1.06600e+03 1.47720e-11 0.00000e+00
1.06700e+03 1.44677e-11 0.00000e+00
1.06800e+03 1.48953e-11 0.00000e+00
1.06900e+03 1.31902e-11 0.00000e+00
1.07000e+03 1.29183e-11 0.00000e+00
1.07100e+03 1.30533e-11 0.00000e+00
1.07200e+03 1.49484e-11 0.00000e+00
1.07300e+03 1.48439e-11 0.00000e+00
1.07400e+03 1.47901e-11 0.00000e+00
1.07500e+03 1.40208e-11 0.00000e+00
1.07600e+03 1.42212e-11 0.00000e+00
1.07700e+03 1.43132e-11 0.00000e+00
1.07800e+03 1.53838e-11 0.00000e+00
1.07900e+03 1.59815e-11 0.00000e+00
1.08000e+03 1.48498e-11 0.00000e+00
1.08100e+03 1.35997e-11 0.00000e+00
1.08200e+03 1.41389e-11 0.00000e+00
1.08300e+03 1.24532e-11 0.00000e+00
1.08400e+03 1.39680e-11 0.00000e+00
1.08500e+03 1.51828e-11 0.00000e+00
1.08600e+03 1.53497e-11 0.00000e+00
1.08700e+03 1.45685e-11 0.00000e+00
1.08800e+03 1.45250e-11 0.00000e+00
1.08900e+03 1.48904e-11 0.00000e+00
1.09000e+03 1.57075e-11 0.00000e+00
1.09100e+03 1.27659e-11 0.00000e+00
1.09200e+03 1.45027e-11 0.00000e+00
1.09300e+03 1.45980e-11 0.00000e+00
1.09400e+03 1.53210e-11 0.00000e+00
1.09500e+03 1.43948e-11 0.00000e+00
1.09600e+03 1.51573e-11 0.00000e+00
1.09700e+03 1.42171e-11 0.00000e+00
1.09800e+03 1.51062e-11 0.00000e+00
1.09900e+03 1.48909e-11 0.00000e+00
1.10000e+03 1.45871e-11 0.00000e+00
1.10100e+03 1.56910e-11 0.00000e+00
1.10200e+03 1.36466e-11 0.00000e+00
1.10300e+03 1.41085e-11 0.00000e+00
1.10400e+03 1.46273e-11 0.00000e+00
1.10500e+03 1.34479e-11 0.00000e+00
1.10600e+03 1.43484e-11 0.00000e+00
1.10700e+03 1.32029e-11 0.00000e+00
1.10800e+03 1.47506e-11 0.00000e+00
1.10900e+03 1.38014e-11 0.00000e+00
1.11000e+03 1.35477e-11 0.00000e+00
1.11100e+03 1.26116e-11 0.00000e+00
1.11200e+03 1.38423e-11 0.00000e+00
1.11300e+03 1.38018e-11 0.00000e+00
1.11400e+03 1.29659e-11 0.00000e+00
1.11500e+03 1.38740e-11 0.00000e+00
1.11600e+03 1.31802e-11 0.00000e+00
1.11700e+03 1.49543e-11 0.00000e+00
1.11800e+03 1.49730e-11 0.00000e+00
1.11900e+03 1.41468e-11 0.00000e+00
1.12000e+03 1.30816e-11 0.00000e+00
1.12100e+03 1.52371e-11 0.00000e+00
1.12200e+03 1.36267e-11 0.00000e+00
1.12300e+03 1.35086e-11 0.00000e+00
1.12400e+03 1.34332e-11 0.00000e+00
1.12500e+03 1.43328e-11 0.00000e+00
1.12600e+03 1.30051e-11 0.00000e+00
1.12700e+03 1.39482e-11 0.00000e+00
1.12800e+03 1.41308e-11 0.00000e+00
1.12900e+03 1.47951e-11 0.00000e+00
1.13000e+03 1.33680e-11 0.00000e+00
1.13100e+03 1.38266e-11 0.00000e+00
1.13200e+03 1.25682e-11 0.00000e+00
1.13300e+03 1.39600e-11 0.00000e+00
1.13400e+03 1.25791e-11 0.00000e+00
1.13500e+03 1.33617e-11 0.00000e+00
1.13600e+03 1.26784e-11 0.00000e+00
1.13700e+03 1.43852e-11 0.00000e+00
1.13800e+03 1.48403e-11 0.00000e+00
1.13900e+03 1.37321e-11 0.00000e+00
1.14000e+03 1.48443e-11 0.00000e+00
1.14100e+03 1.39913e-11 0.00000e+00
1.14200e+03 1.26061e-11 0.00000e+00
1.14300e+03 1.30262e-11 0.00000e+00
1.14400e+03 1.27409e-11 0.00000e+00
1.14500e+03 1.39717e-11 0.00000e+00
1.14600e+03 1.30473e-11 0.00000e+00
1.14700e+03 1.39647e-11 0.00000e+00
1.14800e+03 1.26125e-11 0.00000e+00
1.14900e+03 1.21820e-11 0.00000e+00
1.15000e+03 1.48697e-11 0.00000e+00
1.15100e+03 1.33820e-11 0.00000e+00
1.15200e+03 1.34038e-11 0.00000e+00
1.15300e+03 1.38200e-11 0.00000e+00
1.15400e+03 1.39253e-11 0.00000e+00
1.15500e+03 1.28964e-11 0.00000e+00
1.15600e+03 1.36087e-11 0.00000e+00
1.15700e+03 1.37741e-11 0.00000e+00
1.15800e+03 1.25020e-11 0.00000e+00
1.15900e+03 1.30931e-11 0.00000e+00
1.16000e+03 1.19142e-11 0.00000e+00
1.16100e+03 1.29220e-11 0.00000e+00
1.16200e+03 1.32603e-11 0.00000e+00
1.16300e+03 1.30802e-11 0.00000e+00
1.16400e+03 1.36382e-11 0.00000e+00
1.16500e+03 1.30759e-11 0.00000e+00
1.16600e+03 1.34068e-11 0.00000e+00
1.16700e+03 1.27701e-11 0.00000e+00
1.16800e+03 1.21894e-11 0.00000e+00
1.16900e+03 1.36307e-11 0.00000e+00
1.17000e+03 1.28225e-11 0.00000e+00
1.17100e+03 1.34195e-11 0.00000e+00
1.17200e+03 1.38910e-11 0.00000e+00
1.17300e+03 1.28859e-11 0.00000e+00
1.17400e+03 1.49653e-11 0.00000e+00
1.17500e+03 1.30444e-11 0.00000e+00
1.17600e+03 1.25099e-11 0.00000e+00
1.17700e+03 1.29243e-11 0.00000e+00
1.17800e+03 1.22252e-11 0.00000e+00
1.17900e+03 1.22812e-11 0.00000e+00
1.18000e+03 1.33050e-11 0.00000e+00
1.18100e+03 1.27509e-11 0.00000e+00
1.18200e+03 1.24957e-11 0.00000e+00
1.18300e+03 1.29424e-11 0.00000e+00
1.18400e+03 1.18449e-11 0.00000e+00
1.18500e+03 1.26981e-11 0.00000e+00
1.18600e+03 1.23599e-11 0.00000e+00
1.18700e+03 1.24208e-11 0.00000e+00
1.18800e+03 1.28034e-11 0.00000e+00
1.18900e+03 1.26223e-11 0.00000e+00
1.19000e+03 1.22225e-11 0.00000e+00
1.19100e+03 1.39696e-11 0.00000e+00
1.19200e+03 1.27607e-11 0.00000e+00
1.19300e+03 1.14788e-11 0.00000e+00
1.19400e+03 1.28031e-11 0.00000e+00
1.19500e+03 1.30560e-11 0.00000e+00
1.19600e+03 1.25283e-11 0.00000e+00
1.19700e+03 1.38073e-11 0.00000e+00
1.19800e+03 1.24790e-11 0.00000e+00
1.19900e+03 1.29506e-11 0.00000e+00
1.20000e+03 1.19940e-11 0.00000e+00
1.20100e+03 1.25347e-11 0.00000e+00
1.20200e+03 1.10597e-11 0.00000e+00
1.20300e+03 1.36480e-11 0.00000e+00
1.20400e+03 1.34029e-11 0.00000e+00
1.20500e+03 1.22106e-11 0.00000e+00
1.20600e+03 1.31899e-11 0.00000e+00
1.20700e+03 1.21949e-11 0.00000e+00
1.20800e+03 1.27467e-11 0.00000e+00
1.20900e+03 1.21247e-11 0.00000e+00
1.21000e+03 1.30556e-11 0.00000e+00
1.21100e+03 1.15263e-11 0.00000e+00
1.21200e+03 1.30654e-11 0.00000e+00
1.21300e+03 1.22275e-11 0.00000e+00
1.21400e+03 1.18520e-11 0.00000e+00
1.21500e+03 1.21678e-11 0.00000e+00
1.21600e+03 1.22403e-11 0.00000e+00
1.21700e+03 1.22116e-11 0.00000e+00
1.21800e+03 1.21469e-11 0.00000e+00
1.21900e+03 1.24846e-11 0.00000e+00
1.22000e+03 1.31086e-11 0.00000e+00
1.22100e+03 1.23290e-11 0.00000e+00
1.22200e+03 1.24944e-11 0.00000e+00
1.22300e+03 1.16535e-11 0.00000e+00
1.22400e+03 1.29318e-11 0.00000e+00
1.22500e+03 1.17998e-11 0.00000e+00
1.22600e+03 1.20348e-11 0.00000e+00
1.22700e+03 1.21876e-11 0.00000e+00
1.22800e+03 1.28175e-11 0.00000e+00
1.22900e+03 1.25671e-11 0.00000e+00
1.23000e+03 1.22229e-11 0.00000e+00
1.23100e+03 1.29326e-11 0.00000e+00
1.23200e+03 1.30095e-11 0.00000e+00
1.23300e+03 1.11612e-11 0.00000e+00
1.23400e+03 1.22754e-11 0.00000e+00
1.23500e+03 1.10268e-11 0.00000e+00
1.23600e+03 1.24119e-11 0.00000e+00
1.23700e+03 1.24956e-11 0.00000e+00
1.23800e+03 1.15815e-11 0.00000e+00
1.23900e+03 1.21606e-11 0.00000e+00
1.24000e+03 1.19525e-11 0.00000e+00
1.24100e+03 1.13053e-11 0.00000e+00
1.24200e+03 1.06584e-11 0.00000e+00
1.24300e+03 1.10025e-11 0.00000e+00
1.24400e+03 1.24503e-11 0.00000e+00
1.24500e+03 1.14454e-11 0.00000e+00
1.24600e+03 1.01381e-11 0.00000e+00
1.24700e+03 1.30954e-11 0.00000e+00
1.24800e+03 1.12442e-11 0.00000e+00
1.24900e+03 1.13305e-11 0.00000e+00
1.25000e+03 1.19870e-11 0.00000e+00
1.25100e+03 1.12110e-11 0.00000e+00
1.25200e+03 1.19770e-11 0.00000e+00
1.25300e+03 1.23107e-11 0.00000e+00
1.25400e+03 1.17629e-11 0.00000e+00
1.25500e+03 1.07844e-11 0.00000e+00
1.25600e+03 1.24690e-11 0.00000e+00
1.25700e+03 1.10733e-11 0.00000e+00
1.25800e+03 1.24342e-11 0.00000e+00
1.25900e+03 1.14672e-11 0.00000e+00
1.26000e+03 1.20163e-11 0.00000e+00
1.26100e+03 1.24055e-11 0.00000e+00
1.26200e+03 1.27025e-11 0.00000e+00
1.26300e+03 1.12557e-11 0.00000e+00
1.26400e+03 1.19898e-11 0.00000e+00
1.26500e+03 1.15383e-11 0.00000e+00
1.26600e+03 1.27199e-11 0.00000e+00
1.26700e+03 1.15502e-11 0.00000e+00
1.26800e+03 1.30367e-11 0.00000e+00
1.26900e+03 1.17971e-11 0.00000e+00
1.27000e+03 1.13904e-11 0.00000e+00
1.27100e+03 1.15797e-11 0.00000e+00
1.27200e+03 1.30735e-11 0.00000e+00
1.27300e+03 1.09793e-11 0.00000e+00
1.27400e+03 1.13568e-11 0.00000e+00
1.27500e+03 1.13400e-11 0.00000e+00
1.27600e+03 1.19161e-11 0.00000e+00
1.27700e+03 1.14556e-11 0.00000e+00
1.27800e+03 1.07950e-11 0.00000e+00
1.27900e+03 1.13542e-11 0.00000e+00
1.28000e+03 1.27443e-11 0.00000e+00
1.28100e+03 1.17186e-11 0.00000e+00
1.28200e+03 1.18999e-11 0.00000e+00
1.28300e+03 1.09993e-11 0.00000e+00
1.28400e+03 1.16503e-11 0.00000e+00
1.28500e+03 1.14604e-11 0.00000e+00
1.28600e+03 1.04612e-11 0.00000e+00
1.28700e+03 1.07071e-11 0.00000e+00
1.28800e+03 1.20923e-11 0.00000e+00
1.28900e+03 1.18806e-11 0.00000e+00
1.29000e+03 1.15702e-11 0.00000e+00
1.29100e+03 1.06094e-11 0.00000e+00
1.29200e+03 1.14668e-11 0.00000e+00
1.29300e+03 1.18144e-11 0.00000e+00
1.29400e+03 1.25482e-11 0.00000e+00
1.29500e+03 1.16500e-11 0.00000e+00
1.29600e+03 1.06241e-11 0.00000e+00
1.29700e+03 9.99036e-12 0.00000e+00
1.29800e+03 1.03465e-11 0.00000e+00
1.29900e+03 1.09914e-11 0.00000e+00
1.30000e+03 1.07541e-11 0.00000e+00
1.30100e+03 1.16143e-11 0.00000e+00
1.30200e+03 1.16361e-11 0.00000e+00
1.30300e+03 1.20363e-11 0.00000e+00
1.30400e+03 1.10741e-11 0.00000e+00
1.30500e+03 1.10112e-11 0.00000e+00
1.30600e+03 1.09339e-11 0.00000e+00
1.30700e+03 1.04968e-11 0.00000e+00
1.30800e+03 1.08271e-11 0.00000e+00
1.30900e+03 1.08566e-11 0.00000e+00
1.31000e+03 1.13125e-11 0.00000e+00
1.31100e+03 1.09049e-11 0.00000e+00
1.31200e+03 1.16071e-11 0.00000e+00
1.31300e+03 1.04150e-11 0.00000e+00
1.31400e+03 1.01960e-11 0.00000e+00
1.31500e+03 1.11910e-11 0.00000e+00
1.31600e+03 1.03958e-11 0.00000e+00
1.31700e+03 1.06954e-11 0.00000e+00
1.31800e+03 1.12818e-11 0.00000e+00
1.31900e+03 1.06790e-11 0.00000e+00
1.32000e+03 1.07273e-11 0.00000e+00
1.32100e+03 1.08642e-11 0.00000e+00
1.32200e+03 1.14412e-11 0.00000e+00
1.32300e+03 1.15756e-11 0.00000e+00
1.32400e+03 1.06185e-11 0.00000e+00
1.32500e+03 1.05779e-11 0.00000e+00
1.32600e+03 1.06648e-11 0.00000e+00
1.32700e+03 1.01776e-11 0.00000e+00
1.32800e+03 1.03378e-11 0.00000e+00
1.32900e+03 1.05637e-11 0.00000e+00
1.33000e+03 9.62408e-12 0.00000e+00
1.33100e+03 1.01264e-11 0.00000e+00
1.33200e+03 1.23134e-11 0.00000e+00
1.33300e+03 1.12069e-11 0.00000e+00
1.33400e+03 1.05562e-11 0.00000e+00
1.33500e+03 9.90713e-12 0.00000e+00
1.33600e+03 1.11067e-11 0.00000e+00
1.33700e+03 1.04092e-11 0.00000e+00
1.33800e+03 1.02160e-11 0.00000e+00
1.33900e+03 9.87937e-12 0.00000e+00
1.34000e+03 1.16230e-11 0.00000e+00
1.34100e+03 1.03092e-11 0.00000e+00
1.34200e+03 1.12101e-11 0.00000e+00
1.34300e+03 1.11925e-11 0.00000e+00
1.34400e+03 1.07143e-11 0.00000e+00
1.34500e+03 1.04355e-11 0.00000e+00
1.34600e+03 1.03360e-11 0.00000e+00
1.34700e+03 1.05062e-11 0.00000e+00
1.34800e+03 1.04943e-11 0.00000e+00
1.34900e+03 9.54961e-12 0.00000e+00
1.35000e+03 1.10356e-11 0.00000e+00
1.35100e+03 1.08725e-11 0.00000e+00
1.35200e+03 1.09869e-11 0.00000e+00
1.35300e+03 9.81076e-12 0.00000e+00
1.35400e+03 9.96942e-12 0.00000e+00
1.35500e+03 1.04869e-11 0.00000e+00
1.35600e+03 1.11676e-11 0.00000e+00
1.35700e+03 1.08435e-11 0.00000e+00
1.35800e+03 1.07880e-11 0.00000e+00
1.35900e+03 1.08543e-11 0.00000e+00
1.36000e+03 1.02843e-11 0.00000e+00
1.36100e+03 1.16956e-11 0.00000e+00
1.36200e+03 1.00045e-11 0.00000e+00
1.36300e+03 1.04803e-11 0.00000e+00
1.36400e+03 1.01806e-11 0.00000e+00
1.36500e+03 9.92260e-12 0.00000e+00
1.36600e+03 9.90316e-12 0.00000e+00
1.36700e+03 9.75779e-12 0.00000e+00
1.36800e+03 1.00019e-11 0.00000e+00
1.36900e+03 9.96641e-12 0.00000e+00
1.37000e+03 9.42221e-12 0.00000e+00
1.37100e+03 1.04338e-11 0.00000e+00
1.37200e+03 1.07209e-11 0.00000e+00
1.37300e+03 9.99690e-12 0.00000e+00
1.37400e+03 9.93903e-12 0.00000e+00
1.37500e+03 1.06937e-11 0.00000e+00
1.37600e+03 1.02264e-11 0.00000e+00
1.37700e+03 9.30789e-12 0.00000e+00
1.37800e+03 1.05134e-11 0.00000e+00
1.37900e+03 1.02919e-11 0.00000e+00
1.38000e+03 1.02705e-11 0.00000e+00
1.38100e+03 1.04445e-11 0.00000e+00
1.38200e+03 1.15149e-11 0.00000e+00
1.38300e+03 1.03931e-11 0.00000e+00
1.38400e+03 9.28116e-12 0.00000e+00
1.38500e+03 9.91971e-12 0.00000e+00
1.38600e+03 1.09193e-11 0.00000e+00
1.38700e+03 9.77832e-12 0.00000e+00
1.38800e+03 1.04439e-11 0.00000e+00
1.38900e+03 1.06555e-11 0.00000e+00
1.39000e+03 1.02446e-11 0.00000e+00
1.39100e+03 1.00301e-11 0.00000e+00
1.39200e+03 9.95624e-12 0.00000e+00
1.39300e+03 1.05911e-11 0.00000e+00
1.39400e+03 1.09538e-11 0.00000e+00
1.39500e+03 9.99973e-12 0.00000e+00
1.39600e+03 1.02941e-11 0.00000e+00
1.39700e+03 9.26759e-12 0.00000e+00
1.39800e+03 1.08825e-11 0.00000e+00
1.39900e+03 1.00256e-11 0.00000e+00
1.40000e+03 1.03882e-11 0.00000e+00
1.40100e+03 1.02742e-11 0.00000e+00
1.40200e+03 9.70415e-12 0.00000e+00
1.40300e+03 1.08152e-11 0.00000e+00
1.40400e+03 9.71376e-12 0.00000e+00
1.40500e+03 9.41188e-12 0.00000e+00
1.40600e+03 1.01983e-11 0.00000e+00
1.40700e+03 1.01626e-11 0.00000e+00
1.40800e+03 1.05485e-11 0.00000e+00
1.40900e+03 8.99771e-12 0.00000e+00
1.41000e+03 1.02932e-11 0.00000e+00
1.41100e+03 9.71535e-12 0.00000e+00
1.41200e+03 9.55183e-12 0.00000e+00
1.41300e+03 8.87948e-12 0.00000e+00
1.41400e+03 9.85341e-12 0.00000e+00
1.41500e+03 1.01508e-11 0.00000e+00
1.41600e+03 9.76962e-12 0.00000e+00
1.41700e+03 9.70430e-12 0.00000e+00
1.41800e+03 9.72623e-12 0.00000e+00
1.41900e+03 9.81313e-12 0.00000e+00
1.42000e+03 9.83787e-12 0.00000e+00
1.42100e+03 9.38239e-12 0.00000e+00
1.42200e+03 9.91199e-12 0.00000e+00
1.42300e+03 9.59965e-12 0.00000e+00
1.42400e+03 8.99259e-12 0.00000e+00
1.42500e+03 9.15407e-12 0.00000e+00
1.42600e+03 9.88137e-12 0.00000e+00
1.42700e+03 9.45257e-12 0.00000e+00
1.42800e+03 9.39491e-12 0.00000e+00
1.42900e+03 9.33846e-12 0.00000e+00
1.43000e+03 9.64869e-12 0.00000e+00
1.43100e+03 9.08875e-12 0.00000e+00
1.43200e+03 9.76126e-12 0.00000e+00
1.43300e+03 1.05957e-11 0.00000e+00
1.43400e+03 1.05064e-11 0.00000e+00
1.43500e+03 9.17878e-12 0.00000e+00
1.43600e+03 9.53932e-12 0.00000e+00
1.43700e+03 8.84130e-12 0.00000e+00
1.43800e+03 9.98833e-12 0.00000e+00
1.43900e+03 9.79157e-12 0.00000e+00
1.44000e+03 9.00498e-12 0.00000e+00
1.44100e+03 9.79576e-12 0.00000e+00
1.44200e+03 9.03992e-12 0.00000e+00
1.44300e+03 8.72837e-12 0.00000e+00
1.44400e+03 1.01487e-11 0.00000e+00
1.44500e+03 9.78619e-12 0.00000e+00
1.44600e+03 8.82417e-12 0.00000e+00
1.44700e+03 9.80794e-12 0.00000e+00
1.44800e+03 8.98352e-12 0.00000e+00
1.44900e+03 8.80448e-12 0.00000e+00
1.45000e+03 9.85348e-12 0.00000e+00
1.45100e+03 9.46871e-12 0.00000e+00
1.45200e+03 1.00758e-11 0.00000e+00
1.45300e+03 9.57530e-12 0.00000e+00
1.45400e+03 9.99123e-12 0.00000e+00
1.45500e+03 9.70944e-12 0.00000e+00
1.45600e+03 9.47873e-12 0.00000e+00
1.45700e+03 9.30034e-12 0.00000e+00
1.45800e+03 9.72136e-12 0.00000e+00
1.45900e+03 1.01815e-11 0.00000e+00
1.46000e+03 9.02597e-12 0.00000e+00
1.46100e+03 8.89118e-12 0.00000e+00
1.46200e+03 9.06892e-12 0.00000e+00
1.46300e+03 9.18921e-12 0.00000e+00
1.46400e+03 9.09250e-12 0.00000e+00
1.46500e+03 9.93616e-12 0.00000e+00
1.46600e+03 9.09710e-12 0.00000e+00
1.46700e+03 8.56547e-12 0.00000e+00
1.46800e+03 9.77107e-12 0.00000e+00
1.46900e+03 9.12759e-12 0.00000e+00
1.47000e+03 8.06607e-12 0.00000e+00
1.47100e+03 8.76330e-12 0.00000e+00
1.47200e+03 9.68943e-12 0.00000e+00
1.47300e+03 8.26675e-12 0.00000e+00
1.47400e+03 9.80519e-12 0.00000e+00
1.47500e+03 8.92673e-12 0.00000e+00
1.47600e+03 9.82345e-12 0.00000e+00
1.47700e+03 8.66518e-12 0.00000e+00
1.47800e+03 9.57155e-12 0.00000e+00
1.47900e+03 9.40770e-12 0.00000e+00
1.48000e+03 9.12892e-12 0.00000e+00
1.48100e+03 9.26852e-12 0.00000e+00
1.48200e+03 8.92171e-12 0.00000e+00
1.48300e+03 9.66879e-12 0.00000e+00
1.48400e+03 8.93829e-12 0.00000e+00
1.48500e+03 8.63936e-12 0.00000e+00
1.48600e+03 9.05357e-12 0.00000e+00
1.48700e+03 8.62897e-12 0.00000e+00
1.48800e+03 9.14054e-12 0.00000e+00
1.48900e+03 9.38199e-12 0.00000e+00
1.49000e+03 9.15656e-12 0.00000e+00
1.49100e+03 8.43348e-12 0.00000e+00
1.49200e+03 8.33082e-12 0.00000e+00
1.49300e+03 9.14598e-12 0.00000e+00
1.49400e+03 8.74918e-12 0.00000e+00
1.49500e+03 8.56896e-12 0.00000e+00
1.49600e+03 8.33580e-12 0.00000e+00
1.49700e+03 7.71740e-12 0.00000e+00
1.49800e+03 9.40696e-12 0.00000e+00
1.49900e+03 8.54403e-12 0.00000e+00
1.50000e+03 9.04459e-12 0.00000e+00
1.50100e+03 8.80036e-12 0.00000e+00
1.50200e+03 8.96127e-12 0.00000e+00
1.50300e+03 8.72833e-12 0.00000e+00
1.50400e+03 8.27584e-12 0.00000e+00
1.50500e+03 8.11363e-12 0.00000e+00
1.50600e+03 8.28958e-12 0.00000e+00
1.50700e+03 8.74303e-12 0.00000e+00
1.50800e+03 8.58649e-12 0.00000e+00
1.50900e+03 8.47691e-12 0.00000e+00
1.51000e+03 8.32730e-12 0.00000e+00
1.51100e+03 8.74193e-12 0.00000e+00
1.51200e+03 8.92318e-12 0.00000e+00
1.51300e+03 8.50646e-12 0.00000e+00
1.51400e+03 9.37939e-12 0.00000e+00
1.51500e+03 9.24082e-12 0.00000e+00
1.51600e+03 8.43602e-12 0.00000e+00
1.51700e+03 8.83068e-12 0.00000e+00
1.51800e+03 9.17435e-12 0.00000e+00
1.51900e+03 8.18606e-12 0.00000e+00
1.52000e+03 9.48646e-12 0.00000e+00
1.52100e+03 8.40060e-12 0.00000e+00
1.52200e+03 8.78393e-12 0.00000e+00
1.52300e+03 9.02982e-12 0.00000e+00
1.52400e+03 8.99004e-12 0.00000e+00
1.52500e+03 8.72393e-12 0.00000e+00
1.52600e+03 8.41214e-12 0.00000e+00
1.52700e+03 8.89136e-12 0.00000e+00
1.52800e+03 8.43491e-12 0.00000e+00
1.52900e+03 8.33449e-12 0.00000e+00
1.53000e+03 9.13722e-12 0.00000e+00
1.53100e+03 8.14108e-12 0.00000e+00
1.53200e+03 7.80074e-12 0.00000e+00
1.53300e+03 9.16680e-12 0.00000e+00
1.53400e+03 8.08049e-12 0.00000e+00
1.53500e+03 8.60367e-12 0.00000e+00
1.53600e+03 7.84981e-12 0.00000e+00
1.53700e+03 8.42758e-12 0.00000e+00
1.53800e+03 8.37656e-12 0.00000e+00
1.53900e+03 8.84872e-12 0.00000e+00
1.54000e+03 8.63391e-12 0.00000e+00
1.54100e+03 7.93400e-12 0.00000e+00
1.54200e+03 9.12239e-12 0.00000e+00
1.54300e+03 8.10808e-12 0.00000e+00
1.54400e+03 8.62818e-12 0.00000e+00
1.54500e+03 8.28660e-12 0.00000e+00
1.54600e+03 8.28049e-12 0.00000e+00
1.54700e+03 8.32972e-12 0.00000e+00
1.54800e+03 8.78893e-12 0.00000e+00
1.54900e+03 7.76806e-12 0.00000e+00
1.55000e+03 8.56903e-12 0.00000e+00
1.55100e+03 8.83708e-12 0.00000e+00
1.55200e+03 8.74231e-12 0.00000e+00
1.55300e+03 8.08233e-12 0.00000e+00
1.55400e+03 8.32330e-12 0.00000e+00
1.55500e+03 8.47991e-12 0.00000e+00
1.55600e+03 8.50545e-12 0.00000e+00
1.55700e+03 7.06851e-12 0.00000e+00
1.55800e+03 8.21051e-12 0.00000e+00
1.55900e+03 8.60866e-12 0.00000e+00
1.56000e+03 8.98191e-12 0.00000e+00
1.56100e+03 8.27608e-12 0.00000e+00
1.56200e+03 8.57807e-12 0.00000e+00
1.56300e+03 8.93897e-12 0.00000e+00
1.56400e+03 7.34722e-12 0.00000e+00
1.56500e+03 8.42806e-12 0.00000e+00
1.56600e+03 8.40062e-12 0.00000e+00
1.56700e+03 7.76830e-12 0.00000e+00
1.56800e+03 8.12632e-12 0.00000e+00
1.56900e+03 7.91067e-12 0.00000e+00
1.57000e+03 8.35825e-12 0.00000e+00
1.57100e+03 7.99405e-12 0.00000e+00
1.57200e+03 7.64293e-12 0.00000e+00
1.57300e+03 7.74087e-12 0.00000e+00
1.57400e+03 8.36904e-12 0.00000e+00
1.57500e+03 7.96173e-12 0.00000e+00
1.57600e+03 8.17458e-12 0.00000e+00
1.57700e+03 7.40582e-12 0.00000e+00
1.57800e+03 8.27716e-12 0.00000e+00
1.57900e+03 7.77495e-12 0.00000e+00
1.58000e+03 8.27940e-12 0.00000e+00
1.58100e+03 8.25599e-12 0.00000e+00
1.58200e+03 8.36646e-12 0.00000e+00
1.58300e+03 8.26256e-12 0.00000e+00
1.58400e+03 7.61636e-12 0.00000e+00
1.58500e+03 8.38966e-12 0.00000e+00
1.58600e+03 8.40436e-12 0.00000e+00
1.58700e+03 7.81346e-12 0.00000e+00
1.58800e+03 8.01123e-12 0.00000e+00
1.58900e+03 8.22011e-12 0.00000e+00
1.59000e+03 8.11958e-12 0.00000e+00
1.59100e+03 7.51714e-12 0.00000e+00
1.59200e+03 8.53166e-12 0.00000e+00
1.59300e+03 7.95588e-12 0.00000e+00
1.59400e+03 7.82850e-12 0.00000e+00
1.59500e+03 6.74949e-12 0.00000e+00
1.59600e+03 9.08285e-12 0.00000e+00
1.59700e+03 8.04954e-12 0.00000e+00
1.59800e+03 7.97347e-12 0.00000e+00
1.59900e+03 8.06028e-12 0.00000e+00
1.60000e+03 8.00305e-12 0.00000e+00
1.60100e+03 7.81788e-12 0.00000e+00
1.60200e+03 8.01335e-12 0.00000e+00
1.60300e+03 7.92395e-12 0.00000e+00
1.60400e+03 7.57839e-12 0.00000e+00
1.60500e+03 8.23897e-12 0.00000e+00
1.60600e+03 8.04275e-12 0.00000e+00
1.60700e+03 8.12256e-12 0.00000e+00
1.60800e+03 7.59812e-12 0.00000e+00
1.60900e+03 7.98481e-12 0.00000e+00
1.61000e+03 7.93694e-12 0.00000e+00
1.61100e+03 7.44506e-12 0.00000e+00
1.61200e+03 7.13223e-12 0.00000e+00
1.61300e+03 7.77153e-12 0.00000e+00
1.61400e+03 7.46406e-12 0.00000e+00
1.61500e+03 7.78031e-12 0.00000e+00
1.61600e+03 7.87934e-12 0.00000e+00
1.61700e+03 7.69983e-12 0.00000e+00
1.61800e+03 8.23734e-12 0.00000e+00
1.61900e+03 7.12544e-12 0.00000e+00
1.62000e+03 7.20436e-12 0.00000e+00
1.62100e+03 7.13576e-12 0.00000e+00
1.62200e+03 7.88604e-12 0.00000e+00
1.62300e+03 7.60943e-12 0.00000e+00
1.62400e+03 7.29434e-12 0.00000e+00
1.62500e+03 7.83505e-12 0.00000e+00
1.62600e+03 7.93942e-12 0.00000e+00
1.62700e+03 7.61617e-12 0.00000e+00
1.62800e+03 8.49141e-12 0.00000e+00
1.62900e+03 7.06549e-12 0.00000e+00
1.63000e+03 7.78291e-12 0.00000e+00
1.63100e+03 7.86436e-12 0.00000e+00
1.63200e+03 7.76573e-12 0.00000e+00
1.63300e+03 7.63721e-12 0.00000e+00
1.63400e+03 7.18858e-12 0.00000e+00
1.63500e+03 7.49516e-12 0.00000e+00
1.63600e+03 6.79538e-12 0.00000e+00
1.63700e+03 8.67614e-12 0.00000e+00
1.63800e+03 7.51853e-12 0.00000e+00
1.63900e+03 7.45314e-12 0.00000e+00
1.64000e+03 7.47998e-12 0.00000e+00
1.64100e+03 7.16558e-12 0.00000e+00
1.64200e+03 8.32796e-12 0.00000e+00
1.64300e+03 7.55849e-12 0.00000e+00
1.64400e+03 8.06947e-12 0.00000e+00
1.64500e+03 7.51549e-12 0.00000e+00
1.64600e+03 7.51836e-12 0.00000e+00
1.64700e+03 7.25178e-12 0.00000e+00
1.64800e+03 8.21302e-12 0.00000e+00
1.64900e+03 7.28730e-12 0.00000e+00
1.65000e+03 7.75624e-12 0.00000e+00
1.65100e+03 7.25617e-12 0.00000e+00
1.65200e+03 7.44552e-12 0.00000e+00
1.65300e+03 7.31342e-12 0.00000e+00
1.65400e+03 7.58446e-12 0.00000e+00
1.65500e+03 7.24106e-12 0.00000e+00
1.65600e+03 7.12819e-12 0.00000e+00
1.65700e+03 7.67694e-12 0.00000e+00
1.65800e+03 7.40154e-12 0.00000e+00
1.65900e+03 6.83859e-12 0.00000e+00
1.66000e+03 7.20090e-12 0.00000e+00
1.66100e+03 6.80217e-12 0.00000e+00
1.66200e+03 6.50437e-12 0.00000e+00
1.66300e+03 6.80530e-12 0.00000e+00
1.66400e+03 6.80631e-12 0.00000e+00
1.66500e+03 7.54693e-12 0.00000e+00
1.66600e+03 7.59930e-12 0.00000e+00
1.66700e+03 6.34949e-12 0.00000e+00
1.66800e+03 7.43602e-12 0.00000e+00
1.66900e+03 6.67278e-12 0.00000e+00
1.67000e+03 7.33166e-12 0.00000e+00
1.67100e+03 6.79403e-12 0.00000e+00
1.67200e+03 6.66433e-12 0.00000e+00
1.67300e+03 7.29567e-12 0.00000e+00
1.67400e+03 7.26615e-12 0.00000e+00
1.67500e+03 7.63190e-12 0.00000e+00
1.67600e+03 6.92623e-12 0.00000e+00
1.67700e+03 7.27186e-12 0.00000e+00
1.67800e+03 8.00560e-12 0.00000e+00
1.67900e+03 7.26317e-12 0.00000e+00
1.68000e+03 6.81031e-12 0.00000e+00
1.68100e+03 6.70628e-12 0.00000e+00
1.68200e+03 7.41885e-12 0.00000e+00
1.68300e+03 7.36391e-12 0.00000e+00
1.68400e+03 6.95717e-12 0.00000e+00
1.68500e+03 6.76839e-12 0.00000e+00
1.68600e+03 6.90735e-12 0.00000e+00
1.68700e+03 7.34086e-12 0.00000e+00
1.68800e+03 7.26014e-12 0.00000e+00
1.68900e+03 7.19941e-12 0.00000e+00
1.69000e+03 6.32357e-12 0.00000e+00
1.69100e+03 6.74153e-12 0.00000e+00
1.69200e+03 7.24324e-12 0.00000e+00
1.69300e+03 6.58202e-12 0.00000e+00
1.69400e+03 6.66299e-12 0.00000e+00
1.69500e+03 7.48173e-12 0.00000e+00
1.69600e+03 6.56652e-12 0.00000e+00
1.69700e+03 6.83600e-12 0.00000e+00
1.69800e+03 6.81405e-12 0.00000e+00
1.69900e+03 6.70970e-12 0.00000e+00
1.70000e+03 6.36262e-12 0.00000e+00
1.70100e+03 6.81146e-12 0.00000e+00
1.70200e+03 6.97433e-12 0.00000e+00
1.70300e+03 7.16633e-12 0.00000e+00
1.70400e+03 7.38761e-12 0.00000e+00
1.70500e+03 6.36842e-12 0.00000e+00
1.70600e+03 6.62003e-12 0.00000e+00
1.70700e+03 7.49048e-12 0.00000e+00
1.70800e+03 6.75397e-12 0.00000e+00
1.70900e+03 6.00090e-12 0.00000e+00
1.71000e+03 6.57339e-12 0.00000e+00
1.71100e+03 6.64010e-12 0.00000e+00
1.71200e+03 6.71012e-12 0.00000e+00
1.71300e+03 7.15488e-12 0.00000e+00
1.71400e+03 6.18562e-12 0.00000e+00
1.71500e+03 6.71794e-12 0.00000e+00
1.71600e+03 7.08284e-12 0.00000e+00
1.71700e+03 6.40568e-12 0.00000e+00
1.71800e+03 7.12573e-12 0.00000e+00
1.71900e+03 6.55634e-12 0.00000e+00
1.72000e+03 7.04729e-12 0.00000e+00
1.72100e+03 6.48275e-12 0.00000e+00
1.72200e+03 7.11274e-12 0.00000e+00
1.72300e+03 6.66417e-12 0.00000e+00
1.72400e+03 6.82789e-12 0.00000e+00
1.72500e+03 6.55194e-12 0.00000e+00
1.72600e+03 6.52190e-12 0.00000e+00
1.72700e+03 6.94600e-12 0.00000e+00
1.72800e+03 6.50851e-12 0.00000e+00
1.72900e+03 6.96465e-12 0.00000e+00
1.73000e+03 6.67069e-12 0.00000e+00
1.73100e+03 6.03037e-12 0.00000e+00
1.73200e+03 6.62353e-12 0.00000e+00
1.73300e+03 6.39507e-12 0.00000e+00
1.73400e+03 6.56566e-12 0.00000e+00
1.73500e+03 6.84174e-12 0.00000e+00
1.73600e+03 6.05239e-12 0.00000e+00
1.73700e+03 7.00695e-12 0.00000e+00
1.73800e+03 6.67934e-12 0.00000e+00
1.73900e+03 6.52567e-12 0.00000e+00
1.74000e+03 6.48401e-12 0.00000e+00
1.74100e+03 6.31596e-12 0.00000e+00
1.74200e+03 5.85964e-12 0.00000e+00
1.74300e+03 6.44687e-12 0.00000e+00
1.74400e+03 7.12248e-12 0.00000e+00
1.74500e+03 6.85294e-12 0.00000e+00
1.74600e+03 6.75595e-12 0.00000e+00
1.74700e+03 6.06783e-12 0.00000e+00
1.74800e+03 6.64301e-12 0.00000e+00
1.74900e+03 6.17461e-12 0.00000e+00
1.75000e+03 5.90112e-12 0.00000e+00
1.75100e+03 6.13835e-12 0.00000e+00
1.75200e+03 7.13547e-12 0.00000e+00
1.75300e+03 6.89132e-12 0.00000e+00
1.75400e+03 6.43303e-12 0.00000e+00
1.75500e+03 6.87534e-12 0.00000e+00
1.75600e+03 6.67958e-12 0.00000e+00
1.75700e+03 6.38883e-12 0.00000e+00
1.75800e+03 6.90545e-12 0.00000e+00
1.75900e+03 6.74907e-12 0.00000e+00
1.76000e+03 6.16341e-12 0.00000e+00
1.76100e+03 7.42514e-12 0.00000e+00
1.76200e+03 6.63610e-12 0.00000e+00
1.76300e+03 6.21633e-12 0.00000e+00
1.76400e+03 6.47389e-12 0.00000e+00
1.76500e+03 7.45651e-12 0.00000e+00
1.76600e+03 6.36110e-12 0.00000e+00
1.76700e+03 6.50801e-12 0.00000e+00
1.76800e+03 6.48947e-12 0.00000e+00
1.76900e+03 6.07683e-12 0.00000e+00
1.77000e+03 5.65584e-12 0.00000e+00
1.77100e+03 5.71775e-12 0.00000e+00
1.77200e+03 5.91640e-12 0.00000e+00
1.77300e+03 6.93704e-12 0.00000e+00
1.77400e+03 5.90228e-12 0.00000e+00
1.77500e+03 6.11256e-12 0.00000e+00
1.77600e+03 6.47194e-12 0.00000e+00
1.77700e+03 7.08799e-12 0.00000e+00
1.77800e+03 6.13724e-12 0.00000e+00
1.77900e+03 6.36468e-12 0.00000e+00
1.78000e+03 6.11862e-12 0.00000e+00
1.78100e+03 5.97941e-12 0.00000e+00
1.78200e+03 5.84711e-12 0.00000e+00
1.78300e+03 6.42385e-12 0.00000e+00
1.78400e+03 6.15958e-12 0.00000e+00
1.78500e+03 6.70092e-12 0.00000e+00
1.78600e+03 6.75374e-12 0.00000e+00
1.78700e+03 5.51748e-12 0.00000e+00
1.78800e+03 5.86143e-12 0.00000e+00
1.78900e+03 6.26617e-12 0.00000e+00
1.79000e+03 5.30579e-12 0.00000e+00
1.79100e+03 5.92132e-12 0.00000e+00
1.79200e+03 6.01574e-12 0.00000e+00
1.79300e+03 5.57944e-12 0.00000e+00
1.79400e+03 5.91501e-12 0.00000e+00
1.79500e+03 6.07872e-12 0.00000e+00
1.79600e+03 5.71293e-12 0.00000e+00
1.79700e+03 5.73722e-12 0.00000e+00
1.79800e+03 6.23354e-12 0.00000e+00
1.79900e+03 5.89623e-12 0.00000e+00
1.80000e+03 5.97316e-12 0.00000e+00
1.80100e+03 6.02566e-12 0.00000e+00
1.80200e+03 5.76586e-12 0.00000e+00
1.80300e+03 5.92416e-12 0.00000e+00
1.80400e+03 6.18759e-12 0.00000e+00
1.80500e+03 5.57878e-12 0.00000e+00
1.80600e+03 5.89429e-12 0.00000e+00
1.80700e+03 5.85610e-12 0.00000e+00
1.80800e+03 5.31795e-12 0.00000e+00
1.80900e+03 5.64390e-12 0.00000e+00
1.81000e+03 5.69418e-12 0.00000e+00
1.81100e+03 5.68318e-12 0.00000e+00
1.81200e+03 6.08357e-12 0.00000e+00
1.81300e+03 5.42630e-12 0.00000e+00
1.81400e+03 6.04669e-12 0.00000e+00
1.81500e+03 5.33353e-12 0.00000e+00
1.81600e+03 5.48782e-12 0.00000e+00
1.81700e+03 6.12612e-12 0.00000e+00
1.81800e+03 5.74047e-12 0.00000e+00
1.81900e+03 5.66157e-12 0.00000e+00
1.82000e+03 6.06450e-12 0.00000e+00
1.82100e+03 5.90709e-12 0.00000e+00
1.82200e+03 5.98761e-12 0.00000e+00
1.82300e+03 5.79468e-12 0.00000e+00
1.82400e+03 5.90579e-12 0.00000e+00
1.82500e+03 6.29598e-12 0.00000e+00
1.82600e+03 5.80828e-12 0.00000e+00
1.82700e+03 5.38780e-12 0.00000e+00
1.82800e+03 5.84660e-12 0.00000e+00
1.82900e+03 5.84678e-12 0.00000e+00
1.83000e+03 5.46821e-12 0.00000e+00
1.83100e+03 5.57958e-12 0.00000e+00
1.83200e+03 5.47957e-12 0.00000e+00
1.83300e+03 5.52089e-12 0.00000e+00
1.83400e+03 6.10477e-12 0.00000e+00
1.83500e+03 5.90391e-12 0.00000e+00
1.83600e+03 5.56021e-12 0.00000e+00
1.83700e+03 5.84014e-12 0.00000e+00
1.83800e+03 5.70418e-12 0.00000e+00
1.83900e+03 5.86587e-12 0.00000e+00
1.84000e+03 5.67523e-12 0.00000e+00
1.84100e+03 5.84005e-12 0.00000e+00
1.84200e+03 5.71499e-12 0.00000e+00
1.84300e+03 5.41978e-12 0.00000e+00
1.84400e+03 5.49016e-12 0.00000e+00
1.84500e+03 4.91476e-12 0.00000e+00
1.84600e+03 5.04325e-12 0.00000e+00
1.84700e+03 5.61982e-12 0.00000e+00
1.84800e+03 5.49665e-12 0.00000e+00
1.84900e+03 5.98769e-12 0.00000e+00
1.85000e+03 5.68438e-12 0.00000e+00
1.85100e+03 5.26682e-12 0.00000e+00
1.85200e+03 5.26238e-12 0.00000e+00
1.85300e+03 5.49658e-12 0.00000e+00
1.85400e+03 5.28429e-12 0.00000e+00
1.85500e+03 6.14076e-12 0.00000e+00
1.85600e+03 5.40364e-12 0.00000e+00
1.85700e+03 5.16675e-12 0.00000e+00
1.85800e+03 5.17074e-12 0.00000e+00
1.85900e+03 5.82582e-12 0.00000e+00
1.86000e+03 5.11615e-12 0.00000e+00
1.86100e+03 5.34233e-12 0.00000e+00
1.86200e+03 5.53795e-12 0.00000e+00
1.86300e+03 5.27021e-12 0.00000e+00
1.86400e+03 6.16134e-12 0.00000e+00
1.86500e+03 5.54714e-12 0.00000e+00
1.86600e+03 5.67506e-12 0.00000e+00
1.86700e+03 5.72294e-12 0.00000e+00
1.86800e+03 5.33351e-12 0.00000e+00
1.86900e+03 5.13480e-12 0.00000e+00
1.87000e+03 5.12207e-12 0.00000e+00
1.87100e+03 5.04061e-12 0.00000e+00
1.87200e+03 4.92070e-12 0.00000e+00
1.87300e+03 5.86913e-12 0.00000e+00
1.87400e+03 5.51282e-12 0.00000e+00
1.87500e+03 5.25434e-12 0.00000e+00
1.87600e+03 5.20957e-12 0.00000e+00
1.87700e+03 5.48400e-12 0.00000e+00
1.87800e+03 5.53037e-12 0.00000e+00
1.87900e+03 4.93396e-12 0.00000e+00
1.88000e+03 5.39600e-12 0.00000e+00
1.88100e+03 5.42024e-12 0.00000e+00
1.88200e+03 5.18444e-12 0.00000e+00
1.88300e+03 5.93536e-12 0.00000e+00
1.88400e+03 5.38760e-12 0.00000e+00
1.88500e+03 5.23795e-12 0.00000e+00
1.88600e+03 5.21035e-12 0.00000e+00
1.88700e+03 5.70641e-12 0.00000e+00
1.88800e+03 5.06806e-12 0.00000e+00
1.88900e+03 5.67177e-12 0.00000e+00
1.89000e+03 5.08208e-12 0.00000e+00
1.89100e+03 5.13344e-12 0.00000e+00
1.89200e+03 4.80986e-12 0.00000e+00
1.89300e+03 5.03559e-12 0.00000e+00
1.89400e+03 5.27436e-12 0.00000e+00
1.89500e+03 4.93623e-12 0.00000e+00
1.89600e+03 5.12338e-12 0.00000e+00
1.89700e+03 5.24511e-12 0.00000e+00
1.89800e+03 5.21759e-12 0.00000e+00
1.89900e+03 4.75566e-12 0.00000e+00
1.90000e+03 4.64657e-12 0.00000e+00
1.90100e+03 4.40712e-12 0.00000e+00
1.90200e+03 5.69422e-12 0.00000e+00
1.90300e+03 5.51206e-12 0.00000e+00
1.90400e+03 5.22905e-12 0.00000e+00
1.90500e+03 4.88952e-12 0.00000e+00
1.90600e+03 4.82928e-12 0.00000e+00
1.90700e+03 4.85729e-12 0.00000e+00
1.90800e+03 5.11190e-12 0.00000e+00
1.90900e+03 5.05849e-12 0.00000e+00
1.91000e+03 4.89437e-12 0.00000e+00
1.91100e+03 4.56656e-12 0.00000e+00
1.91200e+03 5.12326e-12 0.00000e+00
1.91300e+03 5.02222e-12 0.00000e+00
1.91400e+03 5.07732e-12 0.00000e+00
1.91500e+03 4.66892e-12 0.00000e+00
1.91600e+03 5.23968e-12 0.00000e+00
1.91700e+03 5.01586e-12 0.00000e+00
1.91800e+03 4.66506e-12 0.00000e+00
1.91900e+03 4.95686e-12 0.00000e+00
1.92000e+03 5.14371e-12 0.00000e+00
1.92100e+03 5.01555e-12 0.00000e+00
1.92200e+03 5.14713e-12 0.00000e+00
1.92300e+03 4.65668e-12 0.00000e+00
1.92400e+03 4.85129e-12 0.00000e+00
1.92500e+03 4.82040e-12 0.00000e+00
1.92600e+03 4.60851e-12 0.00000e+00
1.92700e+03 5.12909e-12 0.00000e+00
1.92800e+03 4.72281e-12 0.00000e+00
1.92900e+03 5.06037e-12 0.00000e+00
1.93000e+03 4.91321e-12 0.00000e+00
1.93100e+03 4.60959e-12 0.00000e+00
1.93200e+03 4.69162e-12 0.00000e+00
1.93300e+03 4.67573e-12 0.00000e+00
1.93400e+03 4.56254e-12 0.00000e+00
1.93500e+03 4.62458e-12 0.00000e+00
1.93600e+03 5.29035e-12 0.00000e+00
1.93700e+03 5.31022e-12 0.00000e+00
1.93800e+03 4.64204e-12 0.00000e+00
1.93900e+03 4.80071e-12 0.00000e+00
1.94000e+03 4.53646e-12 0.00000e+00
1.94100e+03 5.23142e-12 0.00000e+00
1.94200e+03 4.76823e-12 0.00000e+00
1.94300e+03 4.77418e-12 0.00000e+00
1.94400e+03 4.73105e-12 0.00000e+00
1.94500e+03 4.89159e-12 0.00000e+00
1.94600e+03 4.56735e-12 0.00000e+00
1.94700e+03 4.70406e-12 0.00000e+00
1.94800e+03 4.87199e-12 0.00000e+00
1.94900e+03 5.07312e-12 0.00000e+00
1.95000e+03 4.58099e-12 0.00000e+00
1.95100e+03 5.05511e-12 0.00000e+00
1.95200e+03 5.16282e-12 0.00000e+00
1.95300e+03 4.91082e-12 0.00000e+00
1.95400e+03 4.38319e-12 0.00000e+00
1.95500e+03 4.90574e-12 0.00000e+00
1.95600e+03 4.55153e-12 0.00000e+00
1.95700e+03 4.61475e-12 0.00000e+00
1.95800e+03 4.55063e-12 0.00000e+00
1.95900e+03 4.26164e-12 0.00000e+00
1.96000e+03 4.74985e-12 0.00000e+00
1.96100e+03 4.55386e-12 0.00000e+00
1.96200e+03 4.21111e-12 0.00000e+00
1.96300e+03 5.12767e-12 0.00000e+00
1.96400e+03 4.37061e-12 0.00000e+00
1.96500e+03 4.92805e-12 0.00000e+00
1.96600e+03 4.66466e-12 0.00000e+00
1.96700e+03 4.56607e-12 0.00000e+00
1.96800e+03 4.54780e-12 0.00000e+00
1.96900e+03 4.52414e-12 0.00000e+00
1.97000e+03 4.38102e-12 0.00000e+00
1.97100e+03 4.53446e-12 0.00000e+00
1.97200e+03 4.51134e-12 0.00000e+00
1.97300e+03 4.35971e-12 0.00000e+00
1.97400e+03 4.41559e-12 0.00000e+00
1.97500e+03 4.43906e-12 0.00000e+00
1.97600e+03 4.40485e-12 0.00000e+00
1.97700e+03 4.79850e-12 0.00000e+00
1.97800e+03 4.34251e-12 0.00000e+00
1.97900e+03 4.69902e-12 0.00000e+00
1.98000e+03 4.49779e-12 0.00000e+00
1.98100e+03 4.39379e-12 0.00000e+00
1.98200e+03 4.39622e-12 0.00000e+00
1.98300e+03 4.36356e-12 0.00000e+00
1.98400e+03 4.12945e-12 0.00000e+00
1.98500e+03 4.53252e-12 0.00000e+00
1.98600e+03 4.46630e-12 0.00000e+00
1.98700e+03 4.60271e-12 0.00000e+00
1.98800e+03 4.61714e-12 0.00000e+00
1.98900e+03 4.29267e-12 0.00000e+00
1.99000e+03 4.45301e-12 0.00000e+00
1.99100e+03 4.64574e-12 0.00000e+00
1.99200e+03 4.44934e-12 0.00000e+00
1.99300e+03 4.43502e-12 0.00000e+00
1.99400e+03 4.56911e-12 0.00000e+00
1.99500e+03 4.10437e-12 0.00000e+00
1.99600e+03 4.30253e-12 0.00000e+00
1.99700e+03 4.17491e-12 0.00000e+00
1.99800e+03 4.27183e-12 0.00000e+00
1.99900e+03 4.35100e-12 0.00000e+00
2.00000e+03 4.36387e-12 0.00000e+00
