0.00000e+00 0.00000e+00 0.00000e+00
1.00000e+00 0.00000e+00 0.00000e+00
2.00000e+00 0.00000e+00 0.00000e+00
3.00000e+00 0.00000e+00 0.00000e+00
4.00000e+00 0.00000e+00 0.00000e+00
5.00000e+00 0.00000e+00 0.00000e+00
6.00000e+00 0.00000e+00 0.00000e+00
7.00000e+00 0.00000e+00 0.00000e+00
8.00000e+00 0.00000e+00 0.00000e+00
9.00000e+00 0.00000e+00 0.00000e+00
1.00000e+01 0.00000e+00 0.00000e+00
1.10000e+01 0.00000e+00 0.00000e+00
1.20000e+01 0.00000e+00 0.00000e+00
1.30000e+01 0.00000e+00 0.00000e+00
1.40000e+01 0.00000e+00 0.00000e+00
1.50000e+01 0.00000e+00 0.00000e+00
1.60000e+01 0.00000e+00 0.00000e+00
1.70000e+01 0.00000e+00 0.00000e+00
1.80000e+01 0.00000e+00 0.00000e+00
1.90000e+01 0.00000e+00 0.00000e+00
2.00000e+01 0.00000e+00 0.00000e+00
2.10000e+01 0.00000e+00 0.00000e+00
2.20000e+01 0.00000e+00 0.00000e+00
2.30000e+01 0.00000e+00 0.00000e+00
2.40000e+01 0.00000e+00 0.00000e+00
2.50000e+01 0.00000e+00 0.00000e+00
2.60000e+01 0.00000e+00 0.00000e+00
2.70000e+01 0.00000e+00 0.00000e+00
2.80000e+01 0.00000e+00 0.00000e+00
2.90000e+01 0.00000e+00 0.00000e+00
3.00000e+01 0.00000e+00 0.00000e+00
3.10000e+01 0.00000e+00 0.00000e+00
3.20000e+01 0.00000e+00 0.00000e+00
3.30000e+01 0.00000e+00 0.00000e+00
3.40000e+01 0.00000e+00 0.00000e+00
3.50000e+01 0.00000e+00 0.00000e+00
3.60000e+01 0.00000e+00 0.00000e+00
3.70000e+01 0.00000e+00 0.00000e+00
3.80000e+01 0.00000e+00 0.00000e+00
3.90000e+01 0.00000e+00 0.00000e+00
4.00000e+01 0.00000e+00 0.00000e+00
4.10000e+01 0.00000e+00 0.00000e+00
4.20000e+01 0.00000e+00 0.00000e+00
4.30000e+01 0.00000e+00 0.00000e+00
4.40000e+01 0.00000e+00 0.00000e+00
4.50000e+01 0.00000e+00 0.00000e+00
4.60000e+01 0.00000e+00 0.00000e+00
4.70000e+01 0.00000e+00 0.00000e+00
4.80000e+01 0.00000e+00 0.00000e+00
4.90000e+01 0.00000e+00 0.00000e+00
5.00000e+01 0.00000e+00 0.00000e+00
5.10000e+01 0.00000e+00 0.00000e+00
5.20000e+01 0.00000e+00 0.00000e+00
5.30000e+01 0.00000e+00 0.00000e+00
5.40000e+01 0.00000e+00 0.00000e+00
5.50000e+01 0.00000e+00 0.00000e+00
5.60000e+01 0.00000e+00 0.00000e+00
5.70000e+01 0.00000e+00 0.00000e+00
5.80000e+01 0.00000e+00 0.00000e+00
5.90000e+01 0.00000e+00 0.00000e+00
6.00000e+01 0.00000e+00 0.00000e+00
6.10000e+01 0.00000e+00 0.00000e+00
6.20000e+01 0.00000e+00 0.00000e+00
6.30000e+01 0.00000e+00 0.00000e+00
6.40000e+01 0.00000e+00 0.00000e+00
6.50000e+01 0.00000e+00 0.00000e+00
6.60000e+01 0.00000e+00 0.00000e+00
6.70000e+01 0.00000e+00 0.00000e+00
6.80000e+01 0.00000e+00 0.00000e+00
6.90000e+01 0.00000e+00 0.00000e+00
7.00000e+01 0.00000e+00 0.00000e+00
7.10000e+01 0.00000e+00 0.00000e+00
7.20000e+01 0.00000e+00 0.00000e+00
7.30000e+01 0.00000e+00 0.00000e+00
7.40000e+01 0.00000e+00 0.00000e+00
7.50000e+01 0.00000e+00 0.00000e+00
7.60000e+01 0.00000e+00 0.00000e+00
7.70000e+01 0.00000e+00 0.00000e+00
7.80000e+01 0.00000e+00 0.00000e+00
7.90000e+01 0.00000e+00 0.00000e+00
8.00000e+01 0.00000e+00 0.00000e+00
8.10000e+01 0.00000e+00 0.00000e+00
8.20000e+01 0.00000e+00 0.00000e+00
8.30000e+01 0.00000e+00 0.00000e+00
8.40000e+01 0.00000e+00 0.00000e+00
8.50000e+01 0.00000e+00 0.00000e+00
8.60000e+01 0.00000e+00 0.00000e+00
8.70000e+01 0.00000e+00 0.00000e+00
8.80000e+01 0.00000e+00 0.00000e+00
8.90000e+01 0.00000e+00 0.00000e+00
9.00000e+01 0.00000e+00 0.00000e+00
9.10000e+01 0.00000e+00 0.00000e+00
9.20000e+01 0.00000e+00 0.00000e+00
9.30000e+01 0.00000e+00 0.00000e+00
9.40000e+01 0.00000e+00 0.00000e+00
9.50000e+01 0.00000e+00 0.00000e+00
9.60000e+01 0.00000e+00 0.00000e+00
9.70000e+01 0.00000e+00 0.00000e+00
9.80000e+01 0.00000e+00 0.00000e+00
9.90000e+01 0.00000e+00 0.00000e+00
1.00000e+02 2.30362e-11 0.00000e+00
1.01000e+02 2.06743e-11 0.00000e+00
1.02000e+02 1.91977e-11 0.00000e+00
1.03000e+02 1.93177e-11 0.00000e+00
1.04000e+02 1.87071e-11 0.00000e+00
1.05000e+02 2.38396e-11 0.00000e+00
1.06000e+02 1.87899e-11 0.00000e+00
1.07000e+02 1.73248e-11 0.00000e+00
1.08000e+02 1.80799e-11 0.00000e+00
1.09000e+02 2.04068e-11 0.00000e+00
1.10000e+02 2.17777e-11 0.00000e+00
1.11000e+02 2.20575e-11 0.00000e+00
1.12000e+02 2.11730e-11 0.00000e+00
1.13000e+02 2.71897e-11 0.00000e+00
1.14000e+02 2.17107e-11 0.00000e+00
1.15000e+02 2.37149e-11 0.00000e+00
1.16000e+02 1.84501e-11 0.00000e+00
1.17000e+02 1.81230e-11 0.00000e+00
1.18000e+02 1.35925e-11 0.00000e+00
1.19000e+02 1.87323e-11 0.00000e+00
1.20000e+02 1.98644e-11 0.00000e+00
1.21000e+02 2.23402e-11 0.00000e+00
1.22000e+02 1.86486e-11 0.00000e+00
1.23000e+02 1.91692e-11 0.00000e+00
1.24000e+02 2.11148e-11 0.00000e+00
1.25000e+02 1.60985e-11 0.00000e+00
1.26000e+02 1.56660e-11 0.00000e+00
1.27000e+02 1.88352e-11 0.00000e+00
1.28000e+02 1.73671e-11 0.00000e+00
1.29000e+02 1.60279e-11 0.00000e+00
1.30000e+02 1.67385e-11 0.00000e+00
1.31000e+02 1.93111e-11 0.00000e+00
1.32000e+02 1.37252e-11 0.00000e+00
1.33000e+02 1.76123e-11 0.00000e+00
1.34000e+02 1.74577e-11 0.00000e+00
1.35000e+02 1.38605e-11 0.00000e+00
1.36000e+02 1.54942e-11 0.00000e+00
1.37000e+02 1.57537e-11 0.00000e+00
1.38000e+02 1.98904e-11 0.00000e+00
1.39000e+02 1.73816e-11 0.00000e+00
1.40000e+02 1.66932e-11 0.00000e+00
1.41000e+02 1.67437e-11 0.00000e+00
1.42000e+02 1.54800e-11 0.00000e+00
1.43000e+02 1.64263e-11 0.00000e+00
1.44000e+02 1.44588e-11 0.00000e+00
1.45000e+02 1.57180e-11 0.00000e+00
1.46000e+02 1.50724e-11 0.00000e+00
1.47000e+02 1.36674e-11 0.00000e+00
1.48000e+02 1.75295e-11 0.00000e+00
1.49000e+02 1.32184e-11 0.00000e+00
1.50000e+02 1.42812e-11 0.00000e+00
1.51000e+02 1.34548e-11 0.00000e+00
1.52000e+02 1.45226e-11 0.00000e+00
1.53000e+02 1.37558e-11 0.00000e+00
1.54000e+02 1.66058e-11 0.00000e+00
1.55000e+02 1.55887e-11 0.00000e+00
1.56000e+02 1.32885e-11 0.00000e+00
1.57000e+02 1.66393e-11 0.00000e+00
1.58000e+02 1.19567e-11 0.00000e+00
1.59000e+02 1.33422e-11 0.00000e+00
1.60000e+02 1.37480e-11 0.00000e+00
1.61000e+02 1.31250e-11 0.00000e+00
1.62000e+02 1.43812e-11 0.00000e+00
1.63000e+02 1.38108e-11 0.00000e+00
1.64000e+02 1.40087e-11 0.00000e+00
1.65000e+02 1.18269e-11 0.00000e+00
1.66000e+02 1.24568e-11 0.00000e+00
1.67000e+02 1.47009e-11 0.00000e+00
1.68000e+02 1.23097e-11 0.00000e+00
1.69000e+02 1.46888e-11 0.00000e+00
1.70000e+02 1.46249e-11 0.00000e+00
1.71000e+02 1.31913e-11 0.00000e+00
1.72000e+02 1.40711e-11 0.00000e+00
1.73000e+02 1.35480e-11 0.00000e+00
1.74000e+02 1.11879e-11 0.00000e+00
1.75000e+02 1.37467e-11 0.00000e+00
1.76000e+02 1.43460e-11 0.00000e+00
1.77000e+02 1.12834e-11 0.00000e+00
1.78000e+02 1.30605e-11 0.00000e+00
1.79000e+02 1.39989e-11 0.00000e+00
1.80000e+02 1.45570e-11 0.00000e+00
1.81000e+02 1.28571e-11 0.00000e+00
1.82000e+02 1.50275e-11 0.00000e+00
1.83000e+02 1.15811e-11 0.00000e+00
1.84000e+02 1.28302e-11 0.00000e+00
1.85000e+02 1.37834e-11 0.00000e+00
1.86000e+02 1.17114e-11 0.00000e+00
1.87000e+02 1.38387e-11 0.00000e+00
1.88000e+02 1.50911e-11 0.00000e+00
1.89000e+02 1.35956e-11 0.00000e+00
1.90000e+02 1.18994e-11 0.00000e+00
1.91000e+02 1.00190e-11 0.00000e+00
1.92000e+02 1.04258e-11 0.00000e+00
1.93000e+02 1.20850e-11 0.00000e+00
1.94000e+02 1.21443e-11 0.00000e+00
1.95000e+02 1.22724e-11 0.00000e+00
1.96000e+02 1.12410e-11 0.00000e+00
1.97000e+02 8.63275e-12 0.00000e+00
1.98000e+02 1.24423e-11 0.00000e+00
1.99000e+02 1.23693e-11 0.00000e+00
2.00000e+02 1.29455e-11 0.00000e+00
2.01000e+02 1.11832e-11 0.00000e+00
2.02000e+02 1.18600e-11 0.00000e+00
2.03000e+02 1.29203e-11 0.00000e+00
2.04000e+02 1.19534e-11 0.00000e+00
2.05000e+02 1.04936e-11 0.00000e+00
2.06000e+02 1.26220e-11 0.00000e+00
2.07000e+02 1.17487e-11 0.00000e+00
2.08000e+02 1.00018e-11 0.00000e+00
2.09000e+02 1.02135e-11 0.00000e+00
2.10000e+02 1.18560e-11 0.00000e+00
2.11000e+02 9.68839e-12 0.00000e+00
2.12000e+02 1.36173e-11 0.00000e+00
2.13000e+02 1.15899e-11 0.00000e+00
2.14000e+02 1.26630e-11 0.00000e+00
2.15000e+02 1.04372e-11 0.00000e+00
2.16000e+02 1.30673e-11 0.00000e+00
2.17000e+02 9.83666e-12 0.00000e+00
2.18000e+02 1.18399e-11 0.00000e+00
2.19000e+02 1.17556e-11 0.00000e+00
2.20000e+02 9.96886e-12 0.00000e+00
2.21000e+02 1.11694e-11 0.00000e+00
2.22000e+02 1.04459e-11 0.00000e+00
2.23000e+02 1.04414e-11 0.00000e+00
2.24000e+02 1.11885e-11 0.00000e+00
2.25000e+02 1.14556e-11 0.00000e+00
2.26000e+02 1.21927e-11 0.00000e+00
2.27000e+02 1.02017e-11 0.00000e+00
2.28000e+02 9.42839e-12 0.00000e+00
2.29000e+02 1.12643e-11 0.00000e+00
2.30000e+02 1.12280e-11 0.00000e+00
2.31000e+02 1.18386e-11 0.00000e+00
2.32000e+02 1.09631e-11 0.00000e+00
2.33000e+02 9.97010e-12 0.00000e+00
2.34000e+02 1.12602e-11 0.00000e+00
2.35000e+02 9.70253e-12 0.00000e+00
2.36000e+02 1.15243e-11 0.00000e+00
2.37000e+02 9.95334e-12 0.00000e+00
2.38000e+02 9.88694e-12 0.00000e+00
2.39000e+02 1.07591e-11 0.00000e+00
2.40000e+02 1.03983e-11 0.00000e+00
2.41000e+02 1.24001e-11 0.00000e+00
2.42000e+02 1.15007e-11 0.00000e+00
2.43000e+02 1.04332e-11 0.00000e+00
2.44000e+02 9.68089e-12 0.00000e+00
2.45000e+02 1.12609e-11 0.00000e+00
2.46000e+02 9.25757e-12 0.00000e+00
2.47000e+02 9.98592e-12 0.00000e+00
2.48000e+02 9.81059e-12 0.00000e+00
2.49000e+02 9.91700e-12 0.00000e+00
2.50000e+02 8.53377e-12 0.00000e+00
2.51000e+02 1.14242e-11 0.00000e+00
2.52000e+02 9.74543e-12 0.00000e+00
2.53000e+02 9.27321e-12 0.00000e+00
2.54000e+02 9.93814e-12 0.00000e+00
2.55000e+02 9.96797e-12 0.00000e+00
2.56000e+02 8.86897e-12 0.00000e+00
2.57000e+02 9.93287e-12 0.00000e+00
2.58000e+02 9.23614e-12 0.00000e+00
2.59000e+02 1.02448e-11 0.00000e+00
2.60000e+02 1.00881e-11 0.00000e+00
2.61000e+02 9.90162e-12 0.00000e+00
2.62000e+02 9.33478e-12 0.00000e+00
2.63000e+02 9.77460e-12 0.00000e+00
2.64000e+02 9.92736e-12 0.00000e+00
2.65000e+02 1.09330e-11 0.00000e+00
2.66000e+02 1.04843e-11 0.00000e+00
2.67000e+02 1.02089e-11 0.00000e+00
2.68000e+02 8.65133e-12 0.00000e+00
2.69000e+02 1.00817e-11 0.00000e+00
2.70000e+02 1.01369e-11 0.00000e+00
2.71000e+02 9.27079e-12 0.00000e+00
2.72000e+02 9.22171e-12 0.00000e+00
2.73000e+02 1.04709e-11 0.00000e+00
2.74000e+02 1.10286e-11 0.00000e+00
2.75000e+02 9.67360e-12 0.00000e+00
2.76000e+02 7.77892e-12 0.00000e+00
2.77000e+02 9.07426e-12 0.00000e+00
2.78000e+02 1.00479e-11 0.00000e+00
2.79000e+02 9.26428e-12 0.00000e+00
2.80000e+02 8.70130e-12 0.00000e+00
2.81000e+02 9.72460e-12 0.00000e+00
2.82000e+02 9.03622e-12 0.00000e+00
2.83000e+02 7.74230e-12 0.00000e+00
2.84000e+02 8.71119e-12 0.00000e+00
2.85000e+02 9.69518e-12 0.00000e+00
2.86000e+02 9.96346e-12 0.00000e+00
2.87000e+02 8.13449e-12 0.00000e+00
2.88000e+02 8.94136e-12 0.00000e+00
2.89000e+02 8.11514e-12 0.00000e+00
2.90000e+02 9.78913e-12 0.00000e+00
2.91000e+02 8.65912e-12 0.00000e+00
2.92000e+02 8.96816e-12 0.00000e+00
2.93000e+02 7.89577e-12 0.00000e+00
2.94000e+02 8.93415e-12 0.00000e+00
2.95000e+02 8.98456e-12 0.00000e+00
2.96000e+02 9.81870e-12 0.00000e+00
2.97000e+02 8.30361e-12 0.00000e+00
2.98000e+02 9.88291e-12 0.00000e+00
2.99000e+02 9.01487e-12 0.00000e+00
3.00000e+02 8.17241e-12 0.00000e+00
3.01000e+02 8.45711e-12 0.00000e+00
3.02000e+02 8.71927e-12 0.00000e+00
3.03000e+02 8.08347e-12 0.00000e+00
3.04000e+02 9.47535e-12 0.00000e+00
3.05000e+02 8.17343e-12 0.00000e+00
3.06000e+02 9.67993e-12 0.00000e+00
3.07000e+02 9.57844e-12 0.00000e+00
3.08000e+02 8.80285e-12 0.00000e+00
3.09000e+02 8.55783e-12 0.00000e+00
3.10000e+02 1.01110e-11 0.00000e+00
3.11000e+02 7.87897e-12 0.00000e+00
3.12000e+02 8.77945e-12 0.00000e+00
3.13000e+02 9.60063e-12 0.00000e+00
3.14000e+02 7.67674e-12 0.00000e+00
3.15000e+02 8.48452e-12 0.00000e+00
3.16000e+02 8.76566e-12 0.00000e+00
3.17000e+02 7.34983e-12 0.00000e+00
3.18000e+02 8.87277e-12 0.00000e+00
3.19000e+02 7.15168e-12 0.00000e+00
3.20000e+02 8.19382e-12 0.00000e+00
3.21000e+02 8.98018e-12 0.00000e+00
3.22000e+02 9.28928e-12 0.00000e+00
3.23000e+02 8.80288e-12 0.00000e+00
3.24000e+02 7.15372e-12 0.00000e+00
3.25000e+02 7.25869e-12 0.00000e+00
3.26000e+02 7.45804e-12 0.00000e+00
3.27000e+02 8.68895e-12 0.00000e+00
3.28000e+02 7.72786e-12 0.00000e+00
3.29000e+02 8.57145e-12 0.00000e+00
3.30000e+02 7.13541e-12 0.00000e+00
3.31000e+02 8.79725e-12 0.00000e+00
3.32000e+02 6.83502e-12 0.00000e+00
3.33000e+02 7.98166e-12 0.00000e+00
3.34000e+02 8.20478e-12 0.00000e+00
3.35000e+02 7.85177e-12 0.00000e+00
3.36000e+02 8.10740e-12 0.00000e+00
3.37000e+02 9.27599e-12 0.00000e+00
3.38000e+02 7.11076e-12 0.00000e+00
3.39000e+02 7.95834e-12 0.00000e+00
3.40000e+02 8.48422e-12 0.00000e+00
3.41000e+02 8.72694e-12 0.00000e+00
3.42000e+02 7.35066e-12 0.00000e+00
3.43000e+02 7.42254e-12 0.00000e+00
3.44000e+02 7.98430e-12 0.00000e+00
3.45000e+02 8.48057e-12 0.00000e+00
3.46000e+02 8.15402e-12 0.00000e+00
3.47000e+02 6.75147e-12 0.00000e+00
3.48000e+02 8.37389e-12 0.00000e+00
3.49000e+02 7.81507e-12 0.00000e+00
3.50000e+02 7.45301e-12 0.00000e+00
3.51000e+02 7.77257e-12 0.00000e+00
3.52000e+02 8.20375e-12 0.00000e+00
3.53000e+02 7.51023e-12 0.00000e+00
3.54000e+02 7.09781e-12 0.00000e+00
3.55000e+02 8.02534e-12 0.00000e+00
3.56000e+02 8.13848e-12 0.00000e+00
3.57000e+02 7.12950e-12 0.00000e+00
3.58000e+02 8.71020e-12 0.00000e+00
3.59000e+02 7.21923e-12 0.00000e+00
3.60000e+02 7.59546e-12 0.00000e+00
3.61000e+02 6.59705e-12 0.00000e+00
3.62000e+02 7.89434e-12 0.00000e+00
3.63000e+02 7.73221e-12 0.00000e+00
3.64000e+02 7.81656e-12 0.00000e+00
3.65000e+02 6.48837e-12 0.00000e+00
3.66000e+02 7.72062e-12 0.00000e+00
3.67000e+02 8.12968e-12 0.00000e+00
3.68000e+02 8.89784e-12 0.00000e+00
3.69000e+02 7.86906e-12 0.00000e+00
3.70000e+02 6.89376e-12 0.00000e+00
3.71000e+02 7.26083e-12 0.00000e+00
3.72000e+02 7.47870e-12 0.00000e+00
3.73000e+02 6.97802e-12 0.00000e+00
3.74000e+02 7.79776e-12 0.00000e+00
3.75000e+02 7.60266e-12 0.00000e+00
3.76000e+02 7.87133e-12 0.00000e+00
3.77000e+02 7.59424e-12 0.00000e+00
3.78000e+02 7.37920e-12 0.00000e+00
3.79000e+02 6.80702e-12 0.00000e+00
3.80000e+02 8.14668e-12 0.00000e+00
3.81000e+02 6.69044e-12 0.00000e+00
3.82000e+02 7.61944e-12 0.00000e+00
3.83000e+02 7.56854e-12 0.00000e+00
3.84000e+02 7.20344e-12 0.00000e+00
3.85000e+02 7.23967e-12 0.00000e+00
3.86000e+02 6.57362e-12 0.00000e+00
3.87000e+02 7.02235e-12 0.00000e+00
3.88000e+02 7.18694e-12 0.00000e+00
3.89000e+02 7.10083e-12 0.00000e+00
3.90000e+02 6.80639e-12 0.00000e+00
3.91000e+02 6.54672e-12 0.00000e+00
3.92000e+02 8.74030e-12 0.00000e+00
3.93000e+02 6.70914e-12 0.00000e+00
3.94000e+02 6.17949e-12 0.00000e+00
3.95000e+02 7.02154e-12 0.00000e+00
3.96000e+02 7.45187e-12 0.00000e+00
3.97000e+02 7.08555e-12 0.00000e+00
3.98000e+02 7.18403e-12 0.00000e+00
3.99000e+02 7.06830e-12 0.00000e+00
4.00000e+02 7.18801e-12 0.00000e+00
4.01000e+02 6.85098e-12 0.00000e+00
4.02000e+02 7.32066e-12 0.00000e+00
4.03000e+02 7.52166e-12 0.00000e+00
4.04000e+02 7.38199e-12 0.00000e+00
4.05000e+02 7.07536e-12 0.00000e+00
4.06000e+02 6.03839e-12 0.00000e+00
4.07000e+02 6.59852e-12 0.00000e+00
4.08000e+02 7.50851e-12 0.00000e+00
4.09000e+02 5.96268e-12 0.00000e+00
4.10000e+02 6.68595e-12 0.00000e+00
4.11000e+02 7.11743e-12 0.00000e+00
4.12000e+02 5.96585e-12 0.00000e+00
4.13000e+02 7.27002e-12 0.00000e+00
4.14000e+02 6.95669e-12 0.00000e+00
4.15000e+02 7.13147e-12 0.00000e+00
4.16000e+02 6.77950e-12 0.00000e+00
4.17000e+02 5.56076e-12 0.00000e+00
4.18000e+02 6.30745e-12 0.00000e+00
4.19000e+02 6.66109e-12 0.00000e+00
4.20000e+02 6.78776e-12 0.00000e+00
4.21000e+02 6.59410e-12 0.00000e+00
4.22000e+02 5.64462e-12 0.00000e+00
4.23000e+02 6.52083e-12 0.00000e+00
4.24000e+02 6.69790e-12 0.00000e+00
4.25000e+02 6.40693e-12 0.00000e+00
4.26000e+02 6.43678e-12 0.00000e+00
4.27000e+02 6.85197e-12 0.00000e+00
4.28000e+02 5.70860e-12 0.00000e+00
4.29000e+02 5.43776e-12 0.00000e+00
4.30000e+02 6.64606e-12 0.00000e+00
4.31000e+02 6.14489e-12 0.00000e+00
4.32000e+02 6.14293e-12 0.00000e+00
4.33000e+02 5.70473e-12 0.00000e+00
4.34000e+02 7.35614e-12 0.00000e+00
4.35000e+02 6.25266e-12 0.00000e+00
4.36000e+02 6.56330e-12 0.00000e+00
4.37000e+02 6.05422e-12 0.00000e+00
4.38000e+02 6.54179e-12 0.00000e+00
4.39000e+02 6.77294e-12 0.00000e+00
4.40000e+02 6.81080e-12 0.00000e+00
4.41000e+02 5.90646e-12 0.00000e+00
4.42000e+02 6.40207e-12 0.00000e+00
4.43000e+02 5.99103e-12 0.00000e+00
4.44000e+02 6.61644e-12 0.00000e+00
4.45000e+02 6.24091e-12 0.00000e+00
4.46000e+02 6.59251e-12 0.00000e+00
4.47000e+02 6.11426e-12 0.00000e+00
4.48000e+02 6.05230e-12 0.00000e+00
4.49000e+02 6.90327e-12 0.00000e+00
4.50000e+02 6.29840e-12 0.00000e+00
4.51000e+02 6.65828e-12 0.00000e+00
4.52000e+02 6.51220e-12 0.00000e+00
4.53000e+02 6.27637e-12 0.00000e+00
4.54000e+02 6.19918e-12 0.00000e+00
4.55000e+02 5.91861e-12 0.00000e+00
4.56000e+02 6.18838e-12 0.00000e+00
4.57000e+02 6.44898e-12 0.00000e+00
4.58000e+02 6.62092e-12 0.00000e+00
4.59000e+02 6.17766e-12 0.00000e+00
4.60000e+02 6.13143e-12 0.00000e+00
4.61000e+02 6.89075e-12 0.00000e+00
4.62000e+02 6.87847e-12 0.00000e+00
4.63000e+02 6.13053e-12 0.00000e+00
4.64000e+02 5.63853e-12 0.00000e+00
4.65000e+02 5.85978e-12 0.00000e+00
4.66000e+02 5.56851e-12 0.00000e+00
4.67000e+02 5.95296e-12 0.00000e+00
4.68000e+02 6.60587e-12 0.00000e+00
4.69000e+02 5.64162e-12 0.00000e+00
4.70000e+02 5.92142e-12 0.00000e+00
4.71000e+02 5.27751e-12 0.00000e+00
4.72000e+02 6.62335e-12 0.00000e+00
4.73000e+02 5.90059e-12 0.00000e+00
4.74000e+02 6.46826e-12 0.00000e+00
4.75000e+02 5.69328e-12 0.00000e+00
4.76000e+02 6.05028e-12 0.00000e+00
4.77000e+02 5.87071e-12 0.00000e+00
4.78000e+02 6.27685e-12 0.00000e+00
4.79000e+02 6.06386e-12 0.00000e+00
4.80000e+02 6.05191e-12 0.00000e+00
4.81000e+02 5.63484e-12 0.00000e+00
4.82000e+02 5.67715e-12 0.00000e+00
4.83000e+02 5.99477e-12 0.00000e+00
4.84000e+02 6.32714e-12 0.00000e+00
4.85000e+02 5.90514e-12 0.00000e+00
4.86000e+02 5.55480e-12 0.00000e+00
4.87000e+02 6.00538e-12 0.00000e+00
4.88000e+02 5.24467e-12 0.00000e+00
4.89000e+02 6.06411e-12 0.00000e+00
4.90000e+02 6.12402e-12 0.00000e+00
4.91000e+02 5.41548e-12 0.00000e+00
4.92000e+02 6.30288e-12 0.00000e+00
4.93000e+02 6.46895e-12 0.00000e+00
4.94000e+02 6.43705e-12 0.00000e+00
4.95000e+02 5.64208e-12 0.00000e+00
4.96000e+02 6.16187e-12 0.00000e+00
4.97000e+02 6.07387e-12 0.00000e+00
4.98000e+02 6.05853e-12 0.00000e+00
4.99000e+02 5.73946e-12 0.00000e+00
5.00000e+02 5.07426e-12 0.00000e+00
5.01000e+02 5.77216e-12 0.00000e+00
5.02000e+02 5.82089e-12 0.00000e+00
5.03000e+02 5.41278e-12 0.00000e+00
5.04000e+02 6.39922e-12 0.00000e+00
5.05000e+02 5.52229e-12 0.00000e+00
5.06000e+02 5.56382e-12 0.00000e+00
5.07000e+02 5.52373e-12 0.00000e+00
5.08000e+02 5.56462e-12 0.00000e+00
5.09000e+02 5.59576e-12 0.00000e+00
5.10000e+02 5.81144e-12 0.00000e+00
5.11000e+02 5.82573e-12 0.00000e+00
5.12000e+02 5.55702e-12 0.00000e+00
5.13000e+02 5.52855e-12 0.00000e+00
5.14000e+02 5.47886e-12 0.00000e+00
5.15000e+02 5.19346e-12 0.00000e+00
5.16000e+02 5.53372e-12 0.00000e+00
5.17000e+02 5.47928e-12 0.00000e+00
5.18000e+02 5.48068e-12 0.00000e+00
5.19000e+02 5.94411e-12 0.00000e+00
5.20000e+02 5.02857e-12 0.00000e+00
5.21000e+02 5.22388e-12 0.00000e+00
5.22000e+02 5.35245e-12 0.00000e+00
5.23000e+02 5.80698e-12 0.00000e+00
5.24000e+02 5.11894e-12 0.00000e+00
5.25000e+02 5.44283e-12 0.00000e+00
5.26000e+02 4.94151e-12 0.00000e+00
5.27000e+02 4.93246e-12 0.00000e+00
5.28000e+02 5.66086e-12 0.00000e+00
5.29000e+02 5.18933e-12 0.00000e+00
5.30000e+02 5.12242e-12 0.00000e+00
5.31000e+02 5.46446e-12 0.00000e+00
5.32000e+02 5.16575e-12 0.00000e+00
5.33000e+02 5.21842e-12 0.00000e+00
5.34000e+02 5.53724e-12 0.00000e+00
5.35000e+02 4.91242e-12 0.00000e+00
5.36000e+02 5.53386e-12 0.00000e+00
5.37000e+02 5.31429e-12 0.00000e+00
5.38000e+02 4.53904e-12 0.00000e+00
5.39000e+02 5.24620e-12 0.00000e+00
5.40000e+02 5.74257e-12 0.00000e+00
5.41000e+02 5.56414e-12 0.00000e+00
5.42000e+02 5.03529e-12 0.00000e+00
5.43000e+02 4.79520e-12 0.00000e+00
5.44000e+02 5.17600e-12 0.00000e+00
5.45000e+02 5.84023e-12 0.00000e+00
5.46000e+02 4.69788e-12 0.00000e+00
5.47000e+02 5.25918e-12 0.00000e+00
5.48000e+02 5.22214e-12 0.00000e+00
5.49000e+02 5.38358e-12 0.00000e+00
5.50000e+02 4.74571e-12 0.00000e+00
5.51000e+02 4.81399e-12 0.00000e+00
5.52000e+02 5.17518e-12 0.00000e+00
5.53000e+02 5.21200e-12 0.00000e+00
5.54000e+02 4.81753e-12 0.00000e+00
5.55000e+02 4.72976e-12 0.00000e+00
5.56000e+02 5.35165e-12 0.00000e+00
5.57000e+02 5.88878e-12 0.00000e+00
5.58000e+02 5.10349e-12 0.00000e+00
5.59000e+02 5.36750e-12 0.00000e+00
5.60000e+02 4.95249e-12 0.00000e+00
5.61000e+02 5.14633e-12 0.00000e+00
5.62000e+02 4.56582e-12 0.00000e+00
5.63000e+02 5.07906e-12 0.00000e+00
5.64000e+02 4.95264e-12 0.00000e+00
5.65000e+02 4.67451e-12 0.00000e+00
5.66000e+02 4.71976e-12 0.00000e+00
5.67000e+02 4.78829e-12 0.00000e+00
5.68000e+02 4.65507e-12 0.00000e+00
5.69000e+02 5.02080e-12 0.00000e+00
5.70000e+02 4.78511e-12 0.00000e+00
5.71000e+02 5.13955e-12 0.00000e+00
5.72000e+02 5.50493e-12 0.00000e+00
5.73000e+02 5.29847e-12 0.00000e+00
5.74000e+02 4.77325e-12 0.00000e+00
5.75000e+02 4.74383e-12 0.00000e+00
5.76000e+02 5.34687e-12 0.00000e+00
5.77000e+02 5.05799e-12 0.00000e+00
5.78000e+02 4.66520e-12 0.00000e+00
5.79000e+02 4.99605e-12 0.00000e+00
5.80000e+02 4.53579e-12 0.00000e+00
5.81000e+02 4.84351e-12 0.00000e+00
5.82000e+02 4.26349e-12 0.00000e+00
5.83000e+02 4.55937e-12 0.00000e+00
5.84000e+02 5.31294e-12 0.00000e+00
5.85000e+02 4.96113e-12 0.00000e+00
5.86000e+02 4.71621e-12 0.00000e+00
5.87000e+02 4.93797e-12 0.00000e+00
5.88000e+02 4.44300e-12 0.00000e+00
5.89000e+02 4.52357e-12 0.00000e+00
5.90000e+02 4.58170e-12 0.00000e+00
5.91000e+02 4.97997e-12 0.00000e+00
5.92000e+02 5.25889e-12 0.00000e+00
5.93000e+02 5.03947e-12 0.00000e+00
5.94000e+02 4.71871e-12 0.00000e+00
5.95000e+02 4.68694e-12 0.00000e+00
5.96000e+02 4.64506e-12 0.00000e+00
5.97000e+02 4.28374e-12 0.00000e+00
5.98000e+02 4.74608e-12 0.00000e+00
5.99000e+02 4.70224e-12 0.00000e+00
6.00000e+02 4.82414e-12 0.00000e+00
6.01000e+02 5.02796e-12 0.00000e+00
6.02000e+02 4.77560e-12 0.00000e+00
6.03000e+02 4.86717e-12 0.00000e+00
6.04000e+02 4.72843e-12 0.00000e+00
6.05000e+02 4.34797e-12 0.00000e+00
6.06000e+02 4.68922e-12 0.00000e+00
6.07000e+02 4.21950e-12 0.00000e+00
6.08000e+02 4.69817e-12 0.00000e+00
6.09000e+02 4.32523e-12 0.00000e+00
6.10000e+02 4.63985e-12 0.00000e+00
6.11000e+02 4.10656e-12 0.00000e+00
6.12000e+02 4.75490e-12 0.00000e+00
6.13000e+02 4.45390e-12 0.00000e+00
6.14000e+02 4.48084e-12 0.00000e+00
6.15000e+02 4.45404e-12 0.00000e+00
6.16000e+02 4.51356e-12 0.00000e+00
6.17000e+02 4.63793e-12 0.00000e+00
6.18000e+02 4.33657e-12 0.00000e+00
6.19000e+02 4.53253e-12 0.00000e+00
6.20000e+02 4.77498e-12 0.00000e+00
6.21000e+02 4.41297e-12 0.00000e+00
6.22000e+02 4.44552e-12 0.00000e+00
6.23000e+02 4.60479e-12 0.00000e+00
6.24000e+02 4.66783e-12 0.00000e+00
6.25000e+02 4.51683e-12 0.00000e+00
6.26000e+02 4.22474e-12 0.00000e+00
6.27000e+02 4.34617e-12 0.00000e+00
6.28000e+02 4.44617e-12 0.00000e+00
6.29000e+02 4.44937e-12 0.00000e+00
6.30000e+02 4.36306e-12 0.00000e+00
6.31000e+02 4.22834e-12 0.00000e+00
6.32000e+02 4.51137e-12 0.00000e+00
6.33000e+02 4.00154e-12 0.00000e+00
6.34000e+02 4.64000e-12 0.00000e+00
6.35000e+02 4.41327e-12 0.00000e+00
6.36000e+02 4.58147e-12 0.00000e+00
6.37000e+02 4.73886e-12 0.00000e+00
6.38000e+02 4.24489e-12 0.00000e+00
6.39000e+02 4.44579e-12 0.00000e+00
6.40000e+02 4.46408e-12 0.00000e+00
6.41000e+02 4.34594e-12 0.00000e+00
6.42000e+02 3.97771e-12 0.00000e+00
6.43000e+02 4.57650e-12 0.00000e+00
6.44000e+02 4.89662e-12 0.00000e+00
6.45000e+02 4.30806e-12 0.00000e+00
6.46000e+02 4.75650e-12 0.00000e+00
6.47000e+02 4.12007e-12 0.00000e+00
6.48000e+02 4.01613e-12 0.00000e+00
6.49000e+02 3.89593e-12 0.00000e+00
6.50000e+02 4.60891e-12 0.00000e+00
6.51000e+02 4.33791e-12 0.00000e+00
6.52000e+02 4.37325e-12 0.00000e+00
6.53000e+02 4.25601e-12 0.00000e+00
6.54000e+02 4.08236e-12 0.00000e+00
6.55000e+02 4.01034e-12 0.00000e+00
6.56000e+02 4.66049e-12 0.00000e+00
6.57000e+02 4.09856e-12 0.00000e+00
6.58000e+02 4.31434e-12 0.00000e+00
6.59000e+02 4.44637e-12 0.00000e+00
6.60000e+02 3.82862e-12 0.00000e+00
6.61000e+02 4.06908e-12 0.00000e+00
6.62000e+02 4.08161e-12 0.00000e+00
6.63000e+02 3.97159e-12 0.00000e+00
6.64000e+02 4.09773e-12 0.00000e+00
6.65000e+02 4.21626e-12 0.00000e+00
6.66000e+02 4.18749e-12 0.00000e+00
6.67000e+02 4.36326e-12 0.00000e+00
6.68000e+02 3.67873e-12 0.00000e+00
6.69000e+02 4.14623e-12 0.00000e+00
6.70000e+02 3.90575e-12 0.00000e+00
6.71000e+02 4.53503e-12 0.00000e+00
6.72000e+02 3.96141e-12 0.00000e+00
6.73000e+02 4.07054e-12 0.00000e+00
6.74000e+02 3.98977e-12 0.00000e+00
6.75000e+02 3.63429e-12 0.00000e+00
6.76000e+02 4.23099e-12 0.00000e+00
6.77000e+02 3.74917e-12 0.00000e+00
6.78000e+02 4.47556e-12 0.00000e+00
6.79000e+02 3.90026e-12 0.00000e+00
6.80000e+02 4.23572e-12 0.00000e+00
6.81000e+02 4.18934e-12 0.00000e+00
6.82000e+02 4.05661e-12 0.00000e+00
6.83000e+02 4.07431e-12 0.00000e+00
6.84000e+02 3.87205e-12 0.00000e+00
6.85000e+02 4.20406e-12 0.00000e+00
6.86000e+02 3.62193e-12 0.00000e+00
6.87000e+02 3.80105e-12 0.00000e+00
6.88000e+02 3.76938e-12 0.00000e+00
6.89000e+02 3.75823e-12 0.00000e+00
6.90000e+02 4.03843e-12 0.00000e+00
6.91000e+02 4.21651e-12 0.00000e+00
6.92000e+02 3.85403e-12 0.00000e+00
6.93000e+02 4.13526e-12 0.00000e+00
6.94000e+02 4.22545e-12 0.00000e+00
6.95000e+02 4.22254e-12 0.00000e+00
6.96000e+02 4.12275e-12 0.00000e+00
6.97000e+02 3.90782e-12 0.00000e+00
6.98000e+02 3.86662e-12 0.00000e+00
6.99000e+02 3.85617e-12 0.00000e+00
7.00000e+02 4.13067e-12 0.00000e+00
7.01000e+02 4.10714e-12 0.00000e+00
7.02000e+02 3.88833e-12 0.00000e+00
7.03000e+02 3.34771e-12 0.00000e+00
7.04000e+02 3.36707e-12 0.00000e+00
7.05000e+02 3.85083e-12 0.00000e+00
7.06000e+02 3.96214e-12 0.00000e+00
7.07000e+02 4.10249e-12 0.00000e+00
7.08000e+02 3.62047e-12 0.00000e+00
7.09000e+02 3.95490e-12 0.00000e+00
7.10000e+02 3.97260e-12 0.00000e+00
7.11000e+02 3.86797e-12 0.00000e+00
7.12000e+02 3.67133e-12 0.00000e+00
7.13000e+02 3.80743e-12 0.00000e+00
7.14000e+02 3.54886e-12 0.00000e+00
7.15000e+02 3.50824e-12 0.00000e+00
7.16000e+02 3.42257e-12 0.00000e+00
7.17000e+02 3.57078e-12 0.00000e+00
7.18000e+02 3.86479e-12 0.00000e+00
7.19000e+02 3.50958e-12 0.00000e+00
7.20000e+02 3.74772e-12 0.00000e+00
7.21000e+02 3.78417e-12 0.00000e+00
7.22000e+02 4.05369e-12 0.00000e+00
7.23000e+02 3.46617e-12 0.00000e+00
7.24000e+02 3.44761e-12 0.00000e+00
7.25000e+02 3.96545e-12 0.00000e+00
7.26000e+02 3.29278e-12 0.00000e+00
7.27000e+02 4.00459e-12 0.00000e+00
7.28000e+02 3.67127e-12 0.00000e+00
7.29000e+02 3.79353e-12 0.00000e+00
7.30000e+02 3.98525e-12 0.00000e+00
7.31000e+02 3.74152e-12 0.00000e+00
7.32000e+02 3.88846e-12 0.00000e+00
7.33000e+02 3.57293e-12 0.00000e+00
7.34000e+02 4.05435e-12 0.00000e+00
7.35000e+02 4.08171e-12 0.00000e+00
7.36000e+02 3.53411e-12 0.00000e+00
7.37000e+02 3.74551e-12 0.00000e+00
7.38000e+02 3.37350e-12 0.00000e+00
7.39000e+02 3.59896e-12 0.00000e+00
7.40000e+02 3.61922e-12 0.00000e+00
7.41000e+02 3.80959e-12 0.00000e+00
7.42000e+02 3.46722e-12 0.00000e+00
7.43000e+02 3.67027e-12 0.00000e+00
7.44000e+02 3.38270e-12 0.00000e+00
7.45000e+02 3.63157e-12 0.00000e+00
7.46000e+02 3.16418e-12 0.00000e+00
7.47000e+02 3.33891e-12 0.00000e+00
7.48000e+02 3.35133e-12 0.00000e+00
7.49000e+02 3.66308e-12 0.00000e+00
7.50000e+02 3.71656e-12 0.00000e+00
7.51000e+02 3.77622e-12 0.00000e+00
7.52000e+02 3.42531e-12 0.00000e+00
7.53000e+02 3.45715e-12 0.00000e+00
7.54000e+02 3.50473e-12 0.00000e+00
7.55000e+02 3.34853e-12 0.00000e+00
7.56000e+02 3.39237e-12 0.00000e+00
7.57000e+02 3.95646e-12 0.00000e+00
7.58000e+02 3.67161e-12 0.00000e+00
7.59000e+02 3.71039e-12 0.00000e+00
7.60000e+02 3.65196e-12 0.00000e+00
7.61000e+02 3.68609e-12 0.00000e+00
7.62000e+02 3.46122e-12 0.00000e+00
7.63000e+02 3.25476e-12 0.00000e+00
7.64000e+02 3.34966e-12 0.00000e+00
7.65000e+02 3.50334e-12 0.00000e+00
7.66000e+02 3.32615e-12 0.00000e+00
7.67000e+02 3.61761e-12 0.00000e+00
7.68000e+02 3.46115e-12 0.00000e+00
7.69000e+02 3.12605e-12 0.00000e+00
7.70000e+02 3.53893e-12 0.00000e+00
7.71000e+02 3.53835e-12 0.00000e+00
7.72000e+02 3.41271e-12 0.00000e+00
7.73000e+02 3.44899e-12 0.00000e+00
7.74000e+02 3.44459e-12 0.00000e+00
7.75000e+02 3.36496e-12 0.00000e+00
7.76000e+02 3.16817e-12 0.00000e+00
7.77000e+02 3.34731e-12 0.00000e+00
7.78000e+02 3.41581e-12 0.00000e+00
7.79000e+02 3.40683e-12 0.00000e+00
7.80000e+02 3.43149e-12 0.00000e+00
7.81000e+02 3.35866e-12 0.00000e+00
7.82000e+02 3.54414e-12 0.00000e+00
7.83000e+02 3.20490e-12 0.00000e+00
7.84000e+02 3.29166e-12 0.00000e+00
7.85000e+02 3.24078e-12 0.00000e+00
7.86000e+02 2.99012e-12 0.00000e+00
7.87000e+02 3.72069e-12 0.00000e+00
7.88000e+02 3.42603e-12 0.00000e+00
7.89000e+02 3.20583e-12 0.00000e+00
7.90000e+02 3.30307e-12 0.00000e+00
7.91000e+02 3.00120e-12 0.00000e+00
7.92000e+02 3.26824e-12 0.00000e+00
7.93000e+02 2.97621e-12 0.00000e+00
7.94000e+02 3.20658e-12 0.00000e+00
7.95000e+02 3.04488e-12 0.00000e+00
7.96000e+02 3.41000e-12 0.00000e+00
7.97000e+02 3.31778e-12 0.00000e+00
7.98000e+02 3.29157e-12 0.00000e+00
7.99000e+02 3.01410e-12 0.00000e+00
8.00000e+02 3.50118e-12 0.00000e+00
8.01000e+02 3.51331e-12 0.00000e+00
8.02000e+02 3.20868e-12 0.00000e+00
8.03000e+02 3.01142e-12 0.00000e+00
8.04000e+02 3.18060e-12 0.00000e+00
8.05000e+02 2.91928e-12 0.00000e+00
8.06000e+02 3.33092e-12 0.00000e+00
8.07000e+02 3.07934e-12 0.00000e+00
8.08000e+02 3.35569e-12 0.00000e+00
8.09000e+02 3.26594e-12 0.00000e+00
8.10000e+02 3.38809e-12 0.00000e+00
8.11000e+02 3.11730e-12 0.00000e+00
8.12000e+02 3.14543e-12 0.00000e+00
8.13000e+02 3.03923e-12 0.00000e+00
8.14000e+02 3.30443e-12 0.00000e+00
8.15000e+02 3.03700e-12 0.00000e+00
8.16000e+02 3.10450e-12 0.00000e+00
8.17000e+02 2.76067e-12 0.00000e+00
8.18000e+02 3.02114e-12 0.00000e+00
8.19000e+02 2.94817e-12 0.00000e+00
8.20000e+02 3.32211e-12 0.00000e+00
8.21000e+02 3.10311e-12 0.00000e+00
8.22000e+02 3.08652e-12 0.00000e+00
8.23000e+02 3.02360e-12 0.00000e+00
8.24000e+02 3.02155e-12 0.00000e+00
8.25000e+02 3.11925e-12 0.00000e+00
8.26000e+02 3.09792e-12 0.00000e+00
8.27000e+02 3.34809e-12 0.00000e+00
8.28000e+02 3.20149e-12 0.00000e+00
8.29000e+02 3.09772e-12 0.00000e+00
8.30000e+02 3.15274e-12 0.00000e+00
8.31000e+02 3.23907e-12 0.00000e+00
8.32000e+02 2.94863e-12 0.00000e+00
8.33000e+02 2.71569e-12 0.00000e+00
8.34000e+02 3.07588e-12 0.00000e+00
8.35000e+02 3.20854e-12 0.00000e+00
8.36000e+02 2.85629e-12 0.00000e+00
8.37000e+02 2.97178e-12 0.00000e+00
8.38000e+02 2.77913e-12 0.00000e+00
8.39000e+02 2.87792e-12 0.00000e+00
8.40000e+02 2.96599e-12 0.00000e+00
8.41000e+02 3.08599e-12 0.00000e+00
8.42000e+02 2.90838e-12 0.00000e+00
8.43000e+02 3.13841e-12 0.00000e+00
8.44000e+02 3.10240e-12 0.00000e+00
8.45000e+02 3.03511e-12 0.00000e+00
8.46000e+02 3.26030e-12 0.00000e+00
8.47000e+02 2.93867e-12 0.00000e+00
8.48000e+02 3.10802e-12 0.00000e+00
8.49000e+02 2.81944e-12 0.00000e+00
8.50000e+02 2.92445e-12 0.00000e+00
8.51000e+02 3.02037e-12 0.00000e+00
8.52000e+02 2.89140e-12 0.00000e+00
8.53000e+02 2.92887e-12 0.00000e+00
8.54000e+02 2.91990e-12 0.00000e+00
8.55000e+02 2.86082e-12 0.00000e+00
8.56000e+02 2.97680e-12 0.00000e+00
8.57000e+02 2.95463e-12 0.00000e+00
8.58000e+02 3.13420e-12 0.00000e+00
8.59000e+02 2.97459e-12 0.00000e+00
8.60000e+02 2.95871e-12 0.00000e+00
8.61000e+02 2.88761e-12 0.00000e+00
8.62000e+02 2.68071e-12 0.00000e+00
8.63000e+02 2.70271e-12 0.00000e+00
8.64000e+02 2.71392e-12 0.00000e+00
8.65000e+02 2.70839e-12 0.00000e+00
8.66000e+02 2.91212e-12 0.00000e+00
8.67000e+02 2.67573e-12 0.00000e+00
8.68000e+02 2.66534e-12 0.00000e+00
8.69000e+02 3.05053e-12 0.00000e+00
8.70000e+02 2.96989e-12 0.00000e+00
8.71000e+02 2.64993e-12 0.00000e+00
8.72000e+02 2.76755e-12 0.00000e+00
8.73000e+02 2.91706e-12 0.00000e+00
8.74000e+02 2.62026e-12 0.00000e+00
8.75000e+02 2.76512e-12 0.00000e+00
8.76000e+02 2.62139e-12 0.00000e+00
8.77000e+02 2.72844e-12 0.00000e+00
8.78000e+02 3.00050e-12 0.00000e+00
8.79000e+02 2.69132e-12 0.00000e+00
8.80000e+02 2.81649e-12 0.00000e+00
8.81000e+02 2.62979e-12 0.00000e+00
8.82000e+02 2.83014e-12 0.00000e+00
8.83000e+02 2.53977e-12 0.00000e+00
8.84000e+02 2.83712e-12 0.00000e+00
8.85000e+02 2.73147e-12 0.00000e+00
8.86000e+02 2.78512e-12 0.00000e+00
8.87000e+02 2.79479e-12 0.00000e+00
8.88000e+02 2.75918e-12 0.00000e+00
8.89000e+02 2.58930e-12 0.00000e+00
8.90000e+02 2.62110e-12 0.00000e+00
8.91000e+02 2.75819e-12 0.00000e+00
8.92000e+02 2.89700e-12 0.00000e+00
8.93000e+02 2.78679e-12 0.00000e+00
8.94000e+02 2.63844e-12 0.00000e+00
8.95000e+02 2.77045e-12 0.00000e+00
8.96000e+02 2.64951e-12 0.00000e+00
8.97000e+02 2.81842e-12 0.00000e+00
8.98000e+02 2.80842e-12 0.00000e+00
8.99000e+02 2.71308e-12 0.00000e+00
9.00000e+02 2.70495e-12 0.00000e+00
9.01000e+02 2.70425e-12 0.00000e+00
9.02000e+02 2.61815e-12 0.00000e+00
9.03000e+02 2.76124e-12 0.00000e+00
9.04000e+02 2.61864e-12 0.00000e+00
9.05000e+02 2.79297e-12 0.00000e+00
9.06000e+02 2.56042e-12 0.00000e+00
9.07000e+02 2.86939e-12 0.00000e+00
9.08000e+02 2.62900e-12 0.00000e+00
9.09000e+02 2.63666e-12 0.00000e+00
9.10000e+02 2.57674e-12 0.00000e+00
9.11000e+02 2.60437e-12 0.00000e+00
9.12000e+02 2.74241e-12 0.00000e+00
9.13000e+02 2.55507e-12 0.00000e+00
9.14000e+02 2.59183e-12 0.00000e+00
9.15000e+02 2.66549e-12 0.00000e+00
9.16000e+02 2.68424e-12 0.00000e+00
9.17000e+02 2.55930e-12 0.00000e+00
9.18000e+02 2.82760e-12 0.00000e+00
9.19000e+02 2.63120e-12 0.00000e+00
9.20000e+02 2.65362e-12 0.00000e+00
9.21000e+02 2.59288e-12 0.00000e+00
9.22000e+02 2.53622e-12 0.00000e+00
9.23000e+02 2.45523e-12 0.00000e+00
9.24000e+02 2.60418e-12 0.00000e+00
9.25000e+02 2.58003e-12 0.00000e+00
9.26000e+02 2.42111e-12 0.00000e+00
9.27000e+02 2.75537e-12 0.00000e+00
9.28000e+02 2.36019e-12 0.00000e+00
9.29000e+02 2.42426e-12 0.00000e+00
9.30000e+02 2.46305e-12 0.00000e+00
9.31000e+02 2.60190e-12 0.00000e+00
9.32000e+02 2.36078e-12 0.00000e+00
9.33000e+02 2.55682e-12 0.00000e+00
9.34000e+02 2.31459e-12 0.00000e+00
9.35000e+02 2.24911e-12 0.00000e+00
9.36000e+02 2.59761e-12 0.00000e+00
9.37000e+02 2.37693e-12 0.00000e+00
9.38000e+02 2.46095e-12 0.00000e+00
9.39000e+02 2.54568e-12 0.00000e+00
9.40000e+02 2.52167e-12 0.00000e+00
9.41000e+02 2.42723e-12 0.00000e+00
9.42000e+02 2.57468e-12 0.00000e+00
9.43000e+02 2.50532e-12 0.00000e+00
9.44000e+02 2.49825e-12 0.00000e+00
9.45000e+02 2.39467e-12 0.00000e+00
9.46000e+02 2.37060e-12 0.00000e+00
9.47000e+02 2.37979e-12 0.00000e+00
9.48000e+02 2.42257e-12 0.00000e+00
9.49000e+02 2.50783e-12 0.00000e+00
9.50000e+02 2.46730e-12 0.00000e+00
9.51000e+02 2.36978e-12 0.00000e+00
9.52000e+02 2.33319e-12 0.00000e+00
9.53000e+02 2.27063e-12 0.00000e+00
9.54000e+02 2.34421e-12 0.00000e+00
9.55000e+02 2.66852e-12 0.00000e+00
9.56000e+02 2.42937e-12 0.00000e+00
9.57000e+02 2.23204e-12 0.00000e+00
9.58000e+02 2.29696e-12 0.00000e+00
9.59000e+02 2.31430e-12 0.00000e+00
9.60000e+02 2.44536e-12 0.00000e+00
9.61000e+02 2.40786e-12 0.00000e+00
9.62000e+02 2.23434e-12 0.00000e+00
9.63000e+02 2.37957e-12 0.00000e+00
9.64000e+02 2.47174e-12 0.00000e+00
9.65000e+02 2.48401e-12 0.00000e+00
9.66000e+02 2.32059e-12 0.00000e+00
9.67000e+02 2.31674e-12 0.00000e+00
9.68000e+02 2.23889e-12 0.00000e+00
9.69000e+02 2.28103e-12 0.00000e+00
9.70000e+02 2.33413e-12 0.00000e+00
9.71000e+02 2.60382e-12 0.00000e+00
9.72000e+02 2.34225e-12 0.00000e+00
9.73000e+02 2.14127e-12 0.00000e+00
9.74000e+02 2.53023e-12 0.00000e+00
9.75000e+02 2.45563e-12 0.00000e+00
9.76000e+02 2.16844e-12 0.00000e+00
9.77000e+02 2.45665e-12 0.00000e+00
9.78000e+02 2.22614e-12 0.00000e+00
9.79000e+02 2.17232e-12 0.00000e+00
9.80000e+02 2.22131e-12 0.00000e+00
9.81000e+02 2.26237e-12 0.00000e+00
9.82000e+02 2.28422e-12 0.00000e+00
9.83000e+02 2.45826e-12 0.00000e+00
9.84000e+02 2.34321e-12 0.00000e+00
9.85000e+02 2.47779e-12 0.00000e+00
9.86000e+02 2.23237e-12 0.00000e+00
9.87000e+02 2.37613e-12 0.00000e+00
9.88000e+02 2.48543e-12 0.00000e+00
9.89000e+02 2.13509e-12 0.00000e+00
9.90000e+02 2.09006e-12 0.00000e+00
9.91000e+02 2.25238e-12 0.00000e+00
9.92000e+02 2.31840e-12 0.00000e+00
9.93000e+02 2.21732e-12 0.00000e+00
9.94000e+02 2.10091e-12 0.00000e+00
9.95000e+02 2.06802e-12 0.00000e+00
9.96000e+02 2.26608e-12 0.00000e+00
9.97000e+02 2.08079e-12 0.00000e+00
9.98000e+02 2.08689e-12 0.00000e+00
9.99000e+02 2.18319e-12 0.00000e+00
1.00000e+03 2.25458e-12 0.00000e+00
1.00100e+03 2.08064e-12 0.00000e+00
1.00200e+03 2.31173e-12 0.00000e+00
1.00300e+03 2.19832e-12 0.00000e+00
1.00400e+03 2.23258e-12 0.00000e+00
1.00500e+03 2.26642e-12 0.00000e+00
1.00600e+03 2.12479e-12 0.00000e+00
1.00700e+03 2.24664e-12 0.00000e+00
1.00800e+03 2.27463e-12 0.00000e+00
1.00900e+03 2.24168e-12 0.00000e+00
1.01000e+03 2.14441e-12 0.00000e+00
1.01100e+03 2.21603e-12 0.00000e+00
1.01200e+03 2.00857e-12 0.00000e+00
1.01300e+03 2.09855e-12 0.00000e+00
1.01400e+03 2.18725e-12 0.00000e+00
1.01500e+03 2.13173e-12 0.00000e+00
1.01600e+03 2.11829e-12 0.00000e+00
1.01700e+03 2.13458e-12 0.00000e+00
1.01800e+03 2.10439e-12 0.00000e+00
1.01900e+03 2.17833e-12 0.00000e+00
1.02000e+03 2.14849e-12 0.00000e+00
1.02100e+03 2.22226e-12 0.00000e+00
1.02200e+03 2.08520e-12 0.00000e+00
1.02300e+03 2.13698e-12 0.00000e+00
1.02400e+03 2.07457e-12 0.00000e+00
1.02500e+03 2.08550e-12 0.00000e+00
1.02600e+03 2.07457e-12 0.00000e+00
1.02700e+03 1.95196e-12 0.00000e+00
1.02800e+03 2.05312e-12 0.00000e+00
1.02900e+03 2.10115e-12 0.00000e+00
1.03000e+03 2.00650e-12 0.00000e+00
1.03100e+03 2.16828e-12 0.00000e+00
1.03200e+03 2.00317e-12 0.00000e+00
1.03300e+03 2.11232e-12 0.00000e+00
1.03400e+03 1.94408e-12 0.00000e+00
1.03500e+03 2.01141e-12 0.00000e+00
1.03600e+03 2.04130e-12 0.00000e+00
1.03700e+03 2.00157e-12 0.00000e+00
1.03800e+03 2.00932e-12 0.00000e+00
1.03900e+03 1.90111e-12 0.00000e+00
1.04000e+03 2.10184e-12 0.00000e+00
1.04100e+03 2.01912e-12 0.00000e+00
1.04200e+03 2.10061e-12 0.00000e+00
1.04300e+03 2.14228e-12 0.00000e+00
1.04400e+03 2.15044e-12 0.00000e+00
1.04500e+03 2.00401e-12 0.00000e+00
1.04600e+03 2.14689e-12 0.00000e+00
1.04700e+03 1.99627e-12 0.00000e+00
1.04800e+03 2.01920e-12 0.00000e+00
1.04900e+03 1.96644e-12 0.00000e+00
1.05000e+03 2.07400e-12 0.00000e+00
1.05100e+03 1.97008e-12 0.00000e+00
1.05200e+03 2.11187e-12 0.00000e+00
1.05300e+03 2.11112e-12 0.00000e+00
1.05400e+03 1.96652e-12 0.00000e+00
1.05500e+03 2.21327e-12 0.00000e+00
1.05600e+03 1.97329e-12 0.00000e+00
1.05700e+03 2.00287e-12 0.00000e+00
1.05800e+03 1.82261e-12 0.00000e+00
1.05900e+03 1.83948e-12 0.00000e+00
1.06000e+03 1.95274e-12 0.00000e+00
1.06100e+03 1.96439e-12 0.00000e+00
1.06200e+03 2.08513e-12 0.00000e+00
1.06300e+03 2.09575e-12 0.00000e+00
1.06400e+03 2.02478e-12 0.00000e+00
1.06500e+03 2.03740e-12 0.00000e+00
1.06600e+03 1.90705e-12 0.00000e+00
1.06700e+03 1.80174e-12 0.00000e+00
1.06800e+03 1.90094e-12 0.00000e+00
1.06900e+03 1.86697e-12 0.00000e+00
1.07000e+03 1.84066e-12 0.00000e+00
1.07100e+03 1.95149e-12 0.00000e+00
1.07200e+03 1.94236e-12 0.00000e+00
1.07300e+03 1.79058e-12 0.00000e+00
1.07400e+03 1.99357e-12 0.00000e+00
1.07500e+03 1.89371e-12 0.00000e+00
1.07600e+03 1.74767e-12 0.00000e+00
1.07700e+03 1.94588e-12 0.00000e+00
1.07800e+03 1.97971e-12 0.00000e+00
1.07900e+03 2.12293e-12 0.00000e+00
1.08000e+03 1.97544e-12 0.00000e+00
1.08100e+03 1.78968e-12 0.00000e+00
1.08200e+03 1.88791e-12 0.00000e+00
1.08300e+03 1.77297e-12 0.00000e+00
1.08400e+03 1.83010e-12 0.00000e+00
1.08500e+03 2.03890e-12 0.00000e+00
1.08600e+03 1.88665e-12 0.00000e+00
1.08700e+03 1.88842e-12 0.00000e+00
1.08800e+03 1.97792e-12 0.00000e+00
1.08900e+03 1.88179e-12 0.00000e+00
1.09000e+03 1.95009e-12 0.00000e+00
1.09100e+03 1.71785e-12 0.00000e+00
1.09200e+03 1.84012e-12 0.00000e+00
1.09300e+03 1.91207e-12 0.00000e+00
1.09400e+03 1.90486e-12 0.00000e+00
1.09500e+03 1.85493e-12 0.00000e+00
1.09600e+03 1.85767e-12 0.00000e+00
1.09700e+03 1.70294e-12 0.00000e+00
1.09800e+03 1.83763e-12 0.00000e+00
1.09900e+03 1.79288e-12 0.00000e+00
1.10000e+03 1.83294e-12 0.00000e+00
1.10100e+03 1.81492e-12 0.00000e+00
1.10200e+03 1.69844e-12 0.00000e+00
1.10300e+03 1.90361e-12 0.00000e+00
1.10400e+03 1.83807e-12 0.00000e+00
1.10500e+03 1.65271e-12 0.00000e+00
1.10600e+03 1.85453e-12 0.00000e+00
1.10700e+03 1.78286e-12 0.00000e+00
1.10800e+03 1.86227e-12 0.00000e+00
1.10900e+03 1.82049e-12 0.00000e+00
1.11000e+03 1.82972e-12 0.00000e+00
1.11100e+03 1.90224e-12 0.00000e+00
1.11200e+03 1.82974e-12 0.00000e+00
1.11300e+03 1.80923e-12 0.00000e+00
1.11400e+03 1.65590e-12 0.00000e+00
1.11500e+03 1.71185e-12 0.00000e+00
1.11600e+03 1.77029e-12 0.00000e+00
1.11700e+03 1.80676e-12 0.00000e+00
1.11800e+03 1.78188e-12 0.00000e+00
1.11900e+03 1.83598e-12 0.00000e+00
1.12000e+03 1.75697e-12 0.00000e+00
1.12100e+03 1.84873e-12 0.00000e+00
1.12200e+03 1.78452e-12 0.00000e+00
1.12300e+03 1.73447e-12 0.00000e+00
1.12400e+03 1.65338e-12 0.00000e+00
1.12500e+03 1.69978e-12 0.00000e+00
1.12600e+03 1.72927e-12 0.00000e+00
1.12700e+03 1.69131e-12 0.00000e+00
1.12800e+03 1.73788e-12 0.00000e+00
1.12900e+03 1.75515e-12 0.00000e+00
1.13000e+03 1.69249e-12 0.00000e+00
1.13100e+03 1.79914e-12 0.00000e+00
1.13200e+03 1.63168e-12 0.00000e+00
1.13300e+03 1.79710e-12 0.00000e+00
1.13400e+03 1.60539e-12 0.00000e+00
1.13500e+03 1.70036e-12 0.00000e+00
1.13600e+03 1.55245e-12 0.00000e+00
1.13700e+03 1.67851e-12 0.00000e+00
1.13800e+03 1.83761e-12 0.00000e+00
1.13900e+03 1.80037e-12 0.00000e+00
1.14000e+03 1.79882e-12 0.00000e+00
1.14100e+03 1.70254e-12 0.00000e+00
1.14200e+03 1.64358e-12 0.00000e+00
1.14300e+03 1.62575e-12 0.00000e+00
1.14400e+03 1.67437e-12 0.00000e+00
1.14500e+03 1.70071e-12 0.00000e+00
1.14600e+03 1.60095e-12 0.00000e+00
1.14700e+03 1.71041e-12 0.00000e+00
1.14800e+03 1.65597e-12 0.00000e+00
1.14900e+03 1.63168e-12 0.00000e+00
1.15000e+03 1.69258e-12 0.00000e+00
1.15100e+03 1.62748e-12 0.00000e+00
1.15200e+03 1.65446e-12 0.00000e+00
1.15300e+03 1.68312e-12 0.00000e+00
1.15400e+03 1.69490e-12 0.00000e+00
1.15500e+03 1.62791e-12 0.00000e+00
1.15600e+03 1.63934e-12 0.00000e+00
1.15700e+03 1.78449e-12 0.00000e+00
1.15800e+03 1.58514e-12 0.00000e+00
1.15900e+03 1.69006e-12 0.00000e+00
1.16000e+03 1.61602e-12 0.00000e+00
1.16100e+03 1.60524e-12 0.00000e+00
1.16200e+03 1.57209e-12 0.00000e+00
1.16300e+03 1.64798e-12 0.00000e+00
1.16400e+03 1.58065e-12 0.00000e+00
1.16500e+03 1.62752e-12 0.00000e+00
1.16600e+03 1.72728e-12 0.00000e+00
1.16700e+03 1.64186e-12 0.00000e+00
1.16800e+03 1.63585e-12 0.00000e+00
1.16900e+03 1.66226e-12 0.00000e+00
1.17000e+03 1.58044e-12 0.00000e+00
1.17100e+03 1.53687e-12 0.00000e+00
1.17200e+03 1.60122e-12 0.00000e+00
1.17300e+03 1.63093e-12 0.00000e+00
1.17400e+03 1.72623e-12 0.00000e+00
1.17500e+03 1.72718e-12 0.00000e+00
1.17600e+03 1.61022e-12 0.00000e+00
1.17700e+03 1.59238e-12 0.00000e+00
1.17800e+03 1.61294e-12 0.00000e+00
1.17900e+03 1.47924e-12 0.00000e+00
1.18000e+03 1.55831e-12 0.00000e+00
1.18100e+03 1.54849e-12 0.00000e+00
1.18200e+03 1.68270e-12 0.00000e+00
1.18300e+03 1.49276e-12 0.00000e+00
1.18400e+03 1.57026e-12 0.00000e+00
1.18500e+03 1.55951e-12 0.00000e+00
1.18600e+03 1.56344e-12 0.00000e+00
1.18700e+03 1.64847e-12 0.00000e+00
1.18800e+03 1.44609e-12 0.00000e+00
1.18900e+03 1.46511e-12 0.00000e+00
1.19000e+03 1.50897e-12 0.00000e+00
1.19100e+03 1.75148e-12 0.00000e+00
1.19200e+03 1.54291e-12 0.00000e+00
1.19300e+03 1.53699e-12 0.00000e+00
1.19400e+03 1.50772e-12 0.00000e+00
1.19500e+03 1.50102e-12 0.00000e+00
1.19600e+03 1.54398e-12 0.00000e+00
1.19700e+03 1.64488e-12 0.00000e+00
1.19800e+03 1.49895e-12 0.00000e+00
1.19900e+03 1.49218e-12 0.00000e+00
1.20000e+03 1.49738e-12 0.00000e+00
1.20100e+03 1.52435e-12 0.00000e+00
1.20200e+03 1.40644e-12 0.00000e+00
1.20300e+03 1.53282e-12 0.00000e+00
1.20400e+03 1.51307e-12 0.00000e+00
1.20500e+03 1.49791e-12 0.00000e+00
1.20600e+03 1.57219e-12 0.00000e+00
1.20700e+03 1.61859e-12 0.00000e+00
1.20800e+03 1.46247e-12 0.00000e+00
1.20900e+03 1.40498e-12 0.00000e+00
1.21000e+03 1.54072e-12 0.00000e+00
1.21100e+03 1.42793e-12 0.00000e+00
1.21200e+03 1.49875e-12 0.00000e+00
1.21300e+03 1.51843e-12 0.00000e+00
1.21400e+03 1.40669e-12 0.00000e+00
1.21500e+03 1.54310e-12 0.00000e+00
1.21600e+03 1.41737e-12 0.00000e+00
1.21700e+03 1.48890e-12 0.00000e+00
1.21800e+03 1.47942e-12 0.00000e+00
1.21900e+03 1.50006e-12 0.00000e+00
1.22000e+03 1.52287e-12 0.00000e+00
1.22100e+03 1.50003e-12 0.00000e+00
1.22200e+03 1.43280e-12 0.00000e+00
1.22300e+03 1.49659e-12 0.00000e+00
1.22400e+03 1.50906e-12 0.00000e+00
1.22500e+03 1.37460e-12 0.00000e+00
1.22600e+03 1.51847e-12 0.00000e+00
1.22700e+03 1.40753e-12 0.00000e+00
1.22800e+03 1.55297e-12 0.00000e+00
1.22900e+03 1.41678e-12 0.00000e+00
1.23000e+03 1.41127e-12 0.00000e+00
1.23100e+03 1.44591e-12 0.00000e+00
1.23200e+03 1.50751e-12 0.00000e+00
1.23300e+03 1.37401e-12 0.00000e+00
1.23400e+03 1.43375e-12 0.00000e+00
1.23500e+03 1.26553e-12 0.00000e+00
1.23600e+03 1.42853e-12 0.00000e+00
1.23700e+03 1.52359e-12 0.00000e+00
1.23800e+03 1.30937e-12 0.00000e+00
1.23900e+03 1.38973e-12 0.00000e+00
1.24000e+03 1.32179e-12 0.00000e+00
1.24100e+03 1.30717e-12 0.00000e+00
1.24200e+03 1.32413e-12 0.00000e+00
1.24300e+03 1.31183e-12 0.00000e+00
1.24400e+03 1.34704e-12 0.00000e+00
1.24500e+03 1.38439e-12 0.00000e+00
1.24600e+03 1.24632e-12 0.00000e+00
1.24700e+03 1.40253e-12 0.00000e+00
1.24800e+03 1.31910e-12 0.00000e+00
1.24900e+03 1.32582e-12 0.00000e+00
1.25000e+03 1.37184e-12 0.00000e+00
1.25100e+03 1.33808e-12 0.00000e+00
1.25200e+03 1.32584e-12 0.00000e+00
1.25300e+03 1.42030e-12 0.00000e+00
1.25400e+03 1.35349e-12 0.00000e+00
1.25500e+03 1.21937e-12 0.00000e+00
1.25600e+03 1.31641e-12 0.00000e+00
1.25700e+03 1.30204e-12 0.00000e+00
1.25800e+03 1.39262e-12 0.00000e+00
1.25900e+03 1.34140e-12 0.00000e+00
1.26000e+03 1.30951e-12 0.00000e+00
1.26100e+03 1.42266e-12 0.00000e+00
1.26200e+03 1.28958e-12 0.00000e+00
1.26300e+03 1.34310e-12 0.00000e+00
1.26400e+03 1.37368e-12 0.00000e+00
1.26500e+03 1.32246e-12 0.00000e+00
1.26600e+03 1.36731e-12 0.00000e+00
1.26700e+03 1.37140e-12 0.00000e+00
1.26800e+03 1.30850e-12 0.00000e+00
1.26900e+03 1.32608e-12 0.00000e+00
1.27000e+03 1.30906e-12 0.00000e+00
1.27100e+03 1.30256e-12 0.00000e+00
1.27200e+03 1.48175e-12 0.00000e+00
1.27300e+03 1.34056e-12 0.00000e+00
1.27400e+03 1.30622e-12 0.00000e+00
1.27500e+03 1.26652e-12 0.00000e+00
1.27600e+03 1.39920e-12 0.00000e+00
1.27700e+03 1.29043e-12 0.00000e+00
1.27800e+03 1.19822e-12 0.00000e+00
1.27900e+03 1.28198e-12 0.00000e+00
1.28000e+03 1.30074e-12 0.00000e+00
1.28100e+03 1.33594e-12 0.00000e+00
1.28200e+03 1.38750e-12 0.00000e+00
1.28300e+03 1.29566e-12 0.00000e+00
1.28400e+03 1.27218e-12 0.00000e+00
1.28500e+03 1.28620e-12 0.00000e+00
1.28600e+03 1.22761e-12 0.00000e+00
1.28700e+03 1.19196e-12 0.00000e+00
1.28800e+03 1.30574e-12 0.00000e+00
1.28900e+03 1.26930e-12 0.00000e+00
1.29000e+03 1.25998e-12 0.00000e+00
1.29100e+03 1.22048e-12 0.00000e+00
1.29200e+03 1.25807e-12 0.00000e+00
1.29300e+03 1.30852e-12 0.00000e+00
1.29400e+03 1.33878e-12 0.00000e+00
1.29500e+03 1.28571e-12 0.00000e+00
1.29600e+03 1.27920e-12 0.00000e+00
1.29700e+03 1.22605e-12 0.00000e+00
1.29800e+03 1.21060e-12 0.00000e+00
1.29900e+03 1.24608e-12 0.00000e+00
1.30000e+03 1.24997e-12 0.00000e+00
1.30100e+03 1.22720e-12 0.00000e+00
1.30200e+03 1.23401e-12 0.00000e+00
1.30300e+03 1.15338e-12 0.00000e+00
1.30400e+03 1.20770e-12 0.00000e+00
1.30500e+03 1.23130e-12 0.00000e+00
1.30600e+03 1.27312e-12 0.00000e+00
1.30700e+03 1.19001e-12 0.00000e+00
1.30800e+03 1.15511e-12 0.00000e+00
1.30900e+03 1.19753e-12 0.00000e+00
1.31000e+03 1.17280e-12 0.00000e+00
1.31100e+03 1.23716e-12 0.00000e+00
1.31200e+03 1.17824e-12 0.00000e+00
1.31300e+03 1.18247e-12 0.00000e+00
1.31400e+03 1.23697e-12 0.00000e+00
1.31500e+03 1.17034e-12 0.00000e+00
1.31600e+03 1.18532e-12 0.00000e+00
1.31700e+03 1.17120e-12 0.00000e+00
1.31800e+03 1.25467e-12 0.00000e+00
1.31900e+03 1.14065e-12 0.00000e+00
1.32000e+03 1.16414e-12 0.00000e+00
1.32100e+03 1.22041e-12 0.00000e+00
1.32200e+03 1.16175e-12 0.00000e+00
1.32300e+03 1.16687e-12 0.00000e+00
1.32400e+03 1.18344e-12 0.00000e+00
1.32500e+03 1.12680e-12 0.00000e+00
1.32600e+03 1.14481e-12 0.00000e+00
1.32700e+03 1.19540e-12 0.00000e+00
1.32800e+03 1.15707e-12 0.00000e+00
1.32900e+03 1.21011e-12 0.00000e+00
1.33000e+03 1.13838e-12 0.00000e+00
1.33100e+03 1.12572e-12 0.00000e+00
1.33200e+03 1.27542e-12 0.00000e+00
1.33300e+03 1.20944e-12 0.00000e+00
1.33400e+03 1.16750e-12 0.00000e+00
1.33500e+03 1.03385e-12 0.00000e+00
1.33600e+03 1.14753e-12 0.00000e+00
1.33700e+03 1.13162e-12 0.00000e+00
1.33800e+03 1.07993e-12 0.00000e+00
1.33900e+03 1.02906e-12 0.00000e+00
1.34000e+03 1.15577e-12 0.00000e+00
1.34100e+03 1.09321e-12 0.00000e+00
1.34200e+03 1.10821e-12 0.00000e+00
1.34300e+03 1.09250e-12 0.00000e+00
1.34400e+03 1.17732e-12 0.00000e+00
1.34500e+03 1.13671e-12 0.00000e+00
1.34600e+03 1.16271e-12 0.00000e+00
1.34700e+03 1.13419e-12 0.00000e+00
1.34800e+03 1.09079e-12 0.00000e+00
1.34900e+03 1.09850e-12 0.00000e+00
1.35000e+03 1.10657e-12 0.00000e+00
1.35100e+03 1.09290e-12 0.00000e+00
1.35200e+03 1.07422e-12 0.00000e+00
1.35300e+03 1.03186e-12 0.00000e+00
1.35400e+03 1.01878e-12 0.00000e+00
1.35500e+03 1.11968e-12 0.00000e+00
1.35600e+03 1.13258e-12 0.00000e+00
1.35700e+03 1.08463e-12 0.00000e+00
1.35800e+03 1.05512e-12 0.00000e+00
1.35900e+03 1.16619e-12 0.00000e+00
1.36000e+03 1.07589e-12 0.00000e+00
1.36100e+03 1.16696e-12 0.00000e+00
1.36200e+03 1.03606e-12 0.00000e+00
1.36300e+03 1.05545e-12 0.00000e+00
1.36400e+03 1.07430e-12 0.00000e+00
1.36500e+03 1.02024e-12 0.00000e+00
1.36600e+03 1.06669e-12 0.00000e+00
1.36700e+03 1.05432e-12 0.00000e+00
1.36800e+03 1.12266e-12 0.00000e+00
1.36900e+03 1.08958e-12 0.00000e+00
1.37000e+03 1.04514e-12 0.00000e+00
1.37100e+03 1.04519e-12 0.00000e+00
1.37200e+03 1.10207e-12 0.00000e+00
1.37300e+03 1.02541e-12 0.00000e+00
1.37400e+03 1.05933e-12 0.00000e+00
1.37500e+03 1.03010e-12 0.00000e+00
1.37600e+03 1.07078e-12 0.00000e+00
1.37700e+03 9.78122e-13 0.00000e+00
1.37800e+03 1.07672e-12 0.00000e+00
1.37900e+03 1.00528e-12 0.00000e+00
1.38000e+03 1.01130e-12 0.00000e+00
1.38100e+03 1.03769e-12 0.00000e+00
1.38200e+03 1.10287e-12 0.00000e+00
1.38300e+03 1.01128e-12 0.00000e+00
1.38400e+03 9.82093e-13 0.00000e+00
1.38500e+03 1.05443e-12 0.00000e+00
1.38600e+03 1.09462e-12 0.00000e+00
1.38700e+03 9.73813e-13 0.00000e+00
1.38800e+03 1.04459e-12 0.00000e+00
1.38900e+03 1.03887e-12 0.00000e+00
1.39000e+03 9.76605e-13 0.00000e+00
1.39100e+03 1.00838e-12 0.00000e+00
1.39200e+03 1.03874e-12 0.00000e+00
1.39300e+03 1.02717e-12 0.00000e+00
1.39400e+03 1.09037e-12 0.00000e+00
1.39500e+03 1.01507e-12 0.00000e+00
1.39600e+03 1.03383e-12 0.00000e+00
1.39700e+03 9.53711e-13 0.00000e+00
1.39800e+03 1.03151e-12 0.00000e+00
1.39900e+03 9.94418e-13 0.00000e+00
1.40000e+03 1.01890e-12 0.00000e+00
1.40100e+03 9.85370e-13 0.00000e+00
1.40200e+03 9.67784e-13 0.00000e+00
1.40300e+03 1.05293e-12 0.00000e+00
1.40400e+03 9.83372e-13 0.00000e+00
1.40500e+03 9.96628e-13 0.00000e+00
1.40600e+03 1.04901e-12 0.00000e+00
1.40700e+03 1.03089e-12 0.00000e+00
1.40800e+03 9.40706e-13 0.00000e+00
1.40900e+03 9.21761e-13 0.00000e+00
1.41000e+03 1.01245e-12 0.00000e+00
1.41100e+03 9.84582e-13 0.00000e+00
1.41200e+03 9.99231e-13 0.00000e+00
1.41300e+03 9.64121e-13 0.00000e+00
1.41400e+03 1.00343e-12 0.00000e+00
1.41500e+03 9.51133e-13 0.00000e+00
1.41600e+03 9.32951e-13 0.00000e+00
1.41700e+03 9.37615e-13 0.00000e+00
1.41800e+03 9.63288e-13 0.00000e+00
1.41900e+03 1.00597e-12 0.00000e+00
1.42000e+03 9.31482e-13 0.00000e+00
1.42100e+03 9.35749e-13 0.00000e+00
1.42200e+03 9.33759e-13 0.00000e+00
1.42300e+03 9.56873e-13 0.00000e+00
1.42400e+03 8.62116e-13 0.00000e+00
1.42500e+03 9.18320e-13 0.00000e+00
1.42600e+03 9.21995e-13 0.00000e+00
1.42700e+03 9.16945e-13 0.00000e+00
1.42800e+03 9.14171e-13 0.00000e+00
1.42900e+03 9.40009e-13 0.00000e+00
1.43000e+03 9.17223e-13 0.00000e+00
1.43100e+03 9.07283e-13 0.00000e+00
1.43200e+03 8.97409e-13 0.00000e+00
1.43300e+03 9.84779e-13 0.00000e+00
1.43400e+03 9.27325e-13 0.00000e+00
1.43500e+03 9.15828e-13 0.00000e+00
1.43600e+03 1.00076e-12 0.00000e+00
1.43700e+03 8.96619e-13 0.00000e+00
1.43800e+03 9.61799e-13 0.00000e+00
1.43900e+03 8.88969e-13 0.00000e+00
1.44000e+03 8.93706e-13 0.00000e+00
1.44100e+03 9.50518e-13 0.00000e+00
1.44200e+03 8.80245e-13 0.00000e+00
1.44300e+03 8.88275e-13 0.00000e+00
1.44400e+03 9.71724e-13 0.00000e+00
1.44500e+03 9.16328e-13 0.00000e+00
1.44600e+03 9.32603e-13 0.00000e+00
1.44700e+03 9.26375e-13 0.00000e+00
1.44800e+03 9.30431e-13 0.00000e+00
1.44900e+03 8.90361e-13 0.00000e+00
1.45000e+03 9.39243e-13 0.00000e+00
1.45100e+03 8.55087e-13 0.00000e+00
1.45200e+03 9.32952e-13 0.00000e+00
1.45300e+03 8.30982e-13 0.00000e+00
1.45400e+03 9.04678e-13 0.00000e+00
1.45500e+03 9.13920e-13 0.00000e+00
1.45600e+03 9.04697e-13 0.00000e+00
1.45700e+03 8.77690e-13 0.00000e+00
1.45800e+03 8.73204e-13 0.00000e+00
1.45900e+03 8.89357e-13 0.00000e+00
1.46000e+03 8.58927e-13 0.00000e+00
1.46100e+03 8.94308e-13 0.00000e+00
1.46200e+03 8.63791e-13 0.00000e+00
1.46300e+03 8.39628e-13 0.00000e+00
1.46400e+03 8.47994e-13 0.00000e+00
1.46500e+03 8.94208e-13 0.00000e+00
1.46600e+03 8.59564e-13 0.00000e+00
1.46700e+03 8.82015e-13 0.00000e+00
1.46800e+03 9.17842e-13 0.00000e+00
1.46900e+03 8.32883e-13 0.00000e+00
1.47000e+03 8.25888e-13 0.00000e+00
1.47100e+03 8.47132e-13 0.00000e+00
1.47200e+03 8.67027e-13 0.00000e+00
1.47300e+03 8.70962e-13 0.00000e+00
1.47400e+03 8.78736e-13 0.00000e+00
1.47500e+03 8.03537e-13 0.00000e+00
1.47600e+03 8.53108e-13 0.00000e+00
1.47700e+03 8.63550e-13 0.00000e+00
1.47800e+03 9.09947e-13 0.00000e+00
1.47900e+03 8.99920e-13 0.00000e+00
1.48000e+03 8.84356e-13 0.00000e+00
1.48100e+03 8.53178e-13 0.00000e+00
1.48200e+03 8.82980e-13 0.00000e+00
1.48300e+03 8.33001e-13 0.00000e+00
1.48400e+03 8.14519e-13 0.00000e+00
1.48500e+03 8.21074e-13 0.00000e+00
1.48600e+03 8.18809e-13 0.00000e+00
1.48700e+03 8.35696e-13 0.00000e+00
1.48800e+03 8.23248e-13 0.00000e+00
1.48900e+03 7.91247e-13 0.00000e+00
1.49000e+03 7.88457e-13 0.00000e+00
1.49100e+03 7.94638e-13 0.00000e+00
1.49200e+03 7.90834e-13 0.00000e+00
1.49300e+03 8.06850e-13 0.00000e+00
1.49400e+03 8.41417e-13 0.00000e+00
1.49500e+03 7.88349e-13 0.00000e+00
1.49600e+03 8.18504e-13 0.00000e+00
1.49700e+03 8.46417e-13 0.00000e+00
1.49800e+03 7.95834e-13 0.00000e+00
1.49900e+03 7.09950e-13 0.00000e+00
1.50000e+03 8.05020e-13 0.00000e+00
1.50100e+03 8.18605e-13 0.00000e+00
1.50200e+03 7.80998e-13 0.00000e+00
1.50300e+03 8.07714e-13 0.00000e+00
1.50400e+03 7.90493e-13 0.00000e+00
1.50500e+03 7.98914e-13 0.00000e+00
1.50600e+03 7.53910e-13 0.00000e+00
1.50700e+03 7.79137e-13 0.00000e+00
1.50800e+03 7.77566e-13 0.00000e+00
1.50900e+03 7.50174e-13 0.00000e+00
1.51000e+03 7.75758e-13 0.00000e+00
1.51100e+03 7.52344e-13 0.00000e+00
1.51200e+03 8.02321e-13 0.00000e+00
1.51300e+03 7.18497e-13 0.00000e+00
1.51400e+03 8.10911e-13 0.00000e+00
1.51500e+03 8.00590e-13 0.00000e+00
1.51600e+03 7.52319e-13 0.00000e+00
1.51700e+03 7.62056e-13 0.00000e+00
1.51800e+03 8.04883e-13 0.00000e+00
1.51900e+03 7.24518e-13 0.00000e+00
1.52000e+03 7.76364e-13 0.00000e+00
1.52100e+03 7.57843e-13 0.00000e+00
1.52200e+03 7.77803e-13 0.00000e+00
1.52300e+03 7.67296e-13 0.00000e+00
1.52400e+03 7.59488e-13 0.00000e+00
1.52500e+03 7.53981e-13 0.00000e+00
1.52600e+03 7.55546e-13 0.00000e+00
1.52700e+03 7.48397e-13 0.00000e+00
1.52800e+03 7.55774e-13 0.00000e+00
1.52900e+03 7.54147e-13 0.00000e+00
1.53000e+03 7.27689e-13 0.00000e+00
1.53100e+03 7.48328e-13 0.00000e+00
1.53200e+03 7.18173e-13 0.00000e+00
1.53300e+03 7.84899e-13 0.00000e+00
1.53400e+03 6.99576e-13 0.00000e+00
1.53500e+03 7.84762e-13 0.00000e+00
1.53600e+03 7.50549e-13 0.00000e+00
1.53700e+03 7.03130e-13 0.00000e+00
1.53800e+03 7.20293e-13 0.00000e+00
1.53900e+03 7.60310e-13 0.00000e+00
1.54000e+03 7.38613e-13 0.00000e+00
1.54100e+03 7.45566e-13 0.00000e+00
1.54200e+03 7.92136e-13 0.00000e+00
1.54300e+03 7.36100e-13 0.00000e+00
1.54400e+03 7.63999e-13 0.00000e+00
1.54500e+03 7.40489e-13 0.00000e+00
1.54600e+03 7.24152e-13 0.00000e+00
1.54700e+03 6.99828e-13 0.00000e+00
1.54800e+03 7.01116e-13 0.00000e+00
1.54900e+03 7.15236e-13 0.00000e+00
1.55000e+03 7.52544e-13 0.00000e+00
1.55100e+03 7.16039e-13 0.00000e+00
1.55200e+03 7.49536e-13 0.00000e+00
1.55300e+03 7.20975e-13 0.00000e+00
1.55400e+03 6.78881e-13 0.00000e+00
1.55500e+03 7.27937e-13 0.00000e+00
1.55600e+03 6.77705e-13 0.00000e+00
1.55700e+03 6.64890e-13 0.00000e+00
1.55800e+03 7.03015e-13 0.00000e+00
1.55900e+03 7.26532e-13 0.00000e+00
1.56000e+03 7.66240e-13 0.00000e+00
1.56100e+03 7.00031e-13 0.00000e+00
1.56200e+03 7.18150e-13 0.00000e+00
1.56300e+03 6.92437e-13 0.00000e+00
1.56400e+03 6.96983e-13 0.00000e+00
1.56500e+03 6.90688e-13 0.00000e+00
1.56600e+03 6.94376e-13 0.00000e+00
1.56700e+03 6.78324e-13 0.00000e+00
1.56800e+03 6.91198e-13 0.00000e+00
1.56900e+03 6.87457e-13 0.00000e+00
1.57000e+03 7.17437e-13 0.00000e+00
1.57100e+03 7.19637e-13 0.00000e+00
1.57200e+03 6.57757e-13 0.00000e+00
1.57300e+03 6.76910e-13 0.00000e+00
1.57400e+03 6.96612e-13 0.00000e+00
1.57500e+03 6.77444e-13 0.00000e+00
1.57600e+03 6.91265e-13 0.00000e+00
1.57700e+03 6.60571e-13 0.00000e+00
1.57800e+03 6.47922e-13 0.00000e+00
1.57900e+03 6.74277e-13 0.00000e+00
1.58000e+03 7.39832e-13 0.00000e+00
1.58100e+03 6.92168e-13 0.00000e+00
1.58200e+03 6.68682e-13 0.00000e+00
1.58300e+03 6.91542e-13 0.00000e+00
1.58400e+03 6.39923e-13 0.00000e+00
1.58500e+03 6.70223e-13 0.00000e+00
1.58600e+03 6.83250e-13 0.00000e+00
1.58700e+03 6.81516e-13 0.00000e+00
1.58800e+03 6.49277e-13 0.00000e+00
1.58900e+03 6.70951e-13 0.00000e+00
1.59000e+03 6.52590e-13 0.00000e+00
1.59100e+03 6.36096e-13 0.00000e+00
1.59200e+03 6.97017e-13 0.00000e+00
1.59300e+03 6.84047e-13 0.00000e+00
1.59400e+03 6.09760e-13 0.00000e+00
1.59500e+03 6.07430e-13 0.00000e+00
1.59600e+03 6.65799e-13 0.00000e+00
1.59700e+03 6.39691e-13 0.00000e+00
1.59800e+03 6.66984e-13 0.00000e+00
1.59900e+03 6.51019e-13 0.00000e+00
1.60000e+03 6.46577e-13 0.00000e+00
1.60100e+03 6.35016e-13 0.00000e+00
1.60200e+03 6.76100e-13 0.00000e+00
1.60300e+03 6.53462e-13 0.00000e+00
1.60400e+03 6.56635e-13 0.00000e+00
1.60500e+03 7.05864e-13 0.00000e+00
1.60600e+03 6.64302e-13 0.00000e+00
1.60700e+03 6.45182e-13 0.00000e+00
1.60800e+03 6.19291e-13 0.00000e+00
1.60900e+03 6.29662e-13 0.00000e+00
1.61000e+03 6.33318e-13 0.00000e+00
1.61100e+03 6.14492e-13 0.00000e+00
1.61200e+03 6.35538e-13 0.00000e+00
1.61300e+03 6.35115e-13 0.00000e+00
1.61400e+03 6.12176e-13 0.00000e+00
1.61500e+03 6.27173e-13 0.00000e+00
1.61600e+03 6.23438e-13 0.00000e+00
1.61700e+03 6.34584e-13 0.00000e+00
1.61800e+03 6.39856e-13 0.00000e+00
1.61900e+03 5.88594e-13 0.00000e+00
1.62000e+03 6.02040e-13 0.00000e+00
1.62100e+03 5.78793e-13 0.00000e+00
1.62200e+03 6.08272e-13 0.00000e+00
1.62300e+03 6.48383e-13 0.00000e+00
1.62400e+03 6.00389e-13 0.00000e+00
1.62500e+03 6.24079e-13 0.00000e+00
1.62600e+03 6.10158e-13 0.00000e+00
1.62700e+03 6.00949e-13 0.00000e+00
1.62800e+03 6.16177e-13 0.00000e+00
1.62900e+03 5.92157e-13 0.00000e+00
1.63000e+03 6.09305e-13 0.00000e+00
1.63100e+03 6.06746e-13 0.00000e+00
1.63200e+03 6.23889e-13 0.00000e+00
1.63300e+03 5.87758e-13 0.00000e+00
1.63400e+03 5.97439e-13 0.00000e+00
1.63500e+03 6.13471e-13 0.00000e+00
1.63600e+03 5.80166e-13 0.00000e+00
1.63700e+03 6.45452e-13 0.00000e+00
1.63800e+03 5.88553e-13 0.00000e+00
1.63900e+03 5.99083e-13 0.00000e+00
1.64000e+03 5.46705e-13 0.00000e+00
1.64100e+03 5.74613e-13 0.00000e+00
1.64200e+03 6.51400e-13 0.00000e+00
1.64300e+03 6.16464e-13 0.00000e+00
1.64400e+03 6.08632e-13 0.00000e+00
1.64500e+03 5.70502e-13 0.00000e+00
1.64600e+03 5.71242e-13 0.00000e+00
1.64700e+03 5.60386e-13 0.00000e+00
1.64800e+03 5.83738e-13 0.00000e+00
1.64900e+03 5.65618e-13 0.00000e+00
1.65000e+03 5.80665e-13 0.00000e+00
1.65100e+03 5.92127e-13 0.00000e+00
1.65200e+03 5.61311e-13 0.00000e+00
1.65300e+03 5.73273e-13 0.00000e+00
1.65400e+03 5.52887e-13 0.00000e+00
1.65500e+03 5.72743e-13 0.00000e+00
1.65600e+03 5.75602e-13 0.00000e+00
1.65700e+03 5.91564e-13 0.00000e+00
1.65800e+03 5.54693e-13 0.00000e+00
1.65900e+03 5.45428e-13 0.00000e+00
1.66000e+03 5.65116e-13 0.00000e+00
1.66100e+03 5.49037e-13 0.00000e+00
1.66200e+03 5.45926e-13 0.00000e+00
1.66300e+03 5.38147e-13 0.00000e+00
1.66400e+03 5.37788e-13 0.00000e+00
1.66500e+03 5.18487e-13 0.00000e+00
1.66600e+03 5.33429e-13 0.00000e+00
1.66700e+03 4.99934e-13 0.00000e+00
1.66800e+03 5.72534e-13 0.00000e+00
1.66900e+03 5.37550e-13 0.00000e+00
1.67000e+03 5.76926e-13 0.00000e+00
1.67100e+03 5.23060e-13 0.00000e+00
1.67200e+03 5.06754e-13 0.00000e+00
1.67300e+03 5.54382e-13 0.00000e+00
1.67400e+03 5.49155e-13 0.00000e+00
1.67500e+03 5.60445e-13 0.00000e+00
1.67600e+03 5.12132e-13 0.00000e+00
1.67700e+03 5.26324e-13 0.00000e+00
1.67800e+03 5.60508e-13 0.00000e+00
1.67900e+03 5.27800e-13 0.00000e+00
1.68000e+03 5.13229e-13 0.00000e+00
1.68100e+03 5.14354e-13 0.00000e+00
1.68200e+03 5.38701e-13 0.00000e+00
1.68300e+03 5.26045e-13 0.00000e+00
1.68400e+03 5.13889e-13 0.00000e+00
1.68500e+03 5.42757e-13 0.00000e+00
1.68600e+03 5.33040e-13 0.00000e+00
1.68700e+03 5.43298e-13 0.00000e+00
1.68800e+03 5.26841e-13 0.00000e+00
1.68900e+03 5.44556e-13 0.00000e+00
1.69000e+03 4.87800e-13 0.00000e+00
1.69100e+03 5.14661e-13 0.00000e+00
1.69200e+03 5.30120e-13 0.00000e+00
1.69300e+03 5.13484e-13 0.00000e+00
1.69400e+03 5.04451e-13 0.00000e+00
1.69500e+03 5.24254e-13 0.00000e+00
1.69600e+03 5.14438e-13 0.00000e+00
1.69700e+03 5.17941e-13 0.00000e+00
1.69800e+03 4.97339e-13 0.00000e+00
1.69900e+03 4.95032e-13 0.00000e+00
1.70000e+03 4.91084e-13 0.00000e+00
1.70100e+03 5.19909e-13 0.00000e+00
1.70200e+03 4.98794e-13 0.00000e+00
1.70300e+03 5.26378e-13 0.00000e+00
1.70400e+03 5.18324e-13 0.00000e+00
1.70500e+03 5.08338e-13 0.00000e+00
1.70600e+03 5.00122e-13 0.00000e+00
1.70700e+03 5.12283e-13 0.00000e+00
1.70800e+03 4.68796e-13 0.00000e+00
1.70900e+03 4.96416e-13 0.00000e+00
1.71000e+03 5.00689e-13 0.00000e+00
1.71100e+03 5.09750e-13 0.00000e+00
1.71200e+03 4.91960e-13 0.00000e+00
1.71300e+03 5.14806e-13 0.00000e+00
1.71400e+03 4.56326e-13 0.00000e+00
1.71500e+03 4.83898e-13 0.00000e+00
1.71600e+03 5.20976e-13 0.00000e+00
1.71700e+03 4.75567e-13 0.00000e+00
1.71800e+03 4.88453e-13 0.00000e+00
1.71900e+03 4.96099e-13 0.00000e+00
1.72000e+03 4.91445e-13 0.00000e+00
1.72100e+03 4.74145e-13 0.00000e+00
1.72200e+03 4.86090e-13 0.00000e+00
1.72300e+03 4.95176e-13 0.00000e+00
1.72400e+03 4.93315e-13 0.00000e+00
1.72500e+03 4.96797e-13 0.00000e+00
1.72600e+03 4.82750e-13 0.00000e+00
1.72700e+03 4.92744e-13 0.00000e+00
1.72800e+03 4.66526e-13 0.00000e+00
1.72900e+03 4.74989e-13 0.00000e+00
1.73000e+03 4.93171e-13 0.00000e+00
1.73100e+03 4.35345e-13 0.00000e+00
1.73200e+03 4.63468e-13 0.00000e+00
1.73300e+03 4.76066e-13 0.00000e+00
1.73400e+03 4.67871e-13 0.00000e+00
1.73500e+03 4.64378e-13 0.00000e+00
1.73600e+03 4.87087e-13 0.00000e+00
1.73700e+03 4.89673e-13 0.00000e+00
1.73800e+03 4.64440e-13 0.00000e+00
1.73900e+03 4.67459e-13 0.00000e+00
1.74000e+03 4.53709e-13 0.00000e+00
1.74100e+03 4.40125e-13 0.00000e+00
1.74200e+03 4.43692e-13 0.00000e+00
1.74300e+03 4.60548e-13 0.00000e+00
1.74400e+03 4.68276e-13 0.00000e+00
1.74500e+03 4.46184e-13 0.00000e+00
1.74600e+03 4.47806e-13 0.00000e+00
1.74700e+03 4.46576e-13 0.00000e+00
1.74800e+03 4.72874e-13 0.00000e+00
1.74900e+03 4.42890e-13 0.00000e+00
1.75000e+03 4.38626e-13 0.00000e+00
1.75100e+03 4.37250e-13 0.00000e+00
1.75200e+03 4.65925e-13 0.00000e+00
1.75300e+03 4.54263e-13 0.00000e+00
1.75400e+03 4.40524e-13 0.00000e+00
1.75500e+03 4.42047e-13 0.00000e+00
1.75600e+03 4.51220e-13 0.00000e+00
1.75700e+03 4.51017e-13 0.00000e+00
1.75800e+03 4.69925e-13 0.00000e+00
1.75900e+03 4.60311e-13 0.00000e+00
1.76000e+03 4.43283e-13 0.00000e+00
1.76100e+03 4.58840e-13 0.00000e+00
1.76200e+03 4.33734e-13 0.00000e+00
1.76300e+03 4.16070e-13 0.00000e+00
1.76400e+03 4.39145e-13 0.00000e+00
1.76500e+03 4.87507e-13 0.00000e+00
1.76600e+03 4.56935e-13 0.00000e+00
1.76700e+03 4.24240e-13 0.00000e+00
1.76800e+03 4.21018e-13 0.00000e+00
1.76900e+03 4.09872e-13 0.00000e+00
1.77000e+03 4.04353e-13 0.00000e+00
1.77100e+03 4.26796e-13 0.00000e+00
1.77200e+03 4.06540e-13 0.00000e+00
1.77300e+03 4.69882e-13 0.00000e+00
1.77400e+03 4.01391e-13 0.00000e+00
1.77500e+03 4.04020e-13 0.00000e+00
1.77600e+03 4.59035e-13 0.00000e+00
1.77700e+03 4.37204e-13 0.00000e+00
1.77800e+03 4.32366e-13 0.00000e+00
1.77900e+03 4.22756e-13 0.00000e+00
1.78000e+03 4.03493e-13 0.00000e+00
1.78100e+03 4.20340e-13 0.00000e+00
1.78200e+03 4.12283e-13 0.00000e+00
1.78300e+03 4.24371e-13 0.00000e+00
1.78400e+03 3.92230e-13 0.00000e+00
1.78500e+03 4.34089e-13 0.00000e+00
1.78600e+03 4.12812e-13 0.00000e+00
1.78700e+03 3.99547e-13 0.00000e+00
1.78800e+03 4.13074e-13 0.00000e+00
1.78900e+03 4.21654e-13 0.00000e+00
1.79000e+03 4.09613e-13 0.00000e+00
1.79100e+03 3.91870e-13 0.00000e+00
1.79200e+03 3.90552e-13 0.00000e+00
1.79300e+03 3.92274e-13 0.00000e+00
1.79400e+03 4.08595e-13 0.00000e+00
1.79500e+03 3.86312e-13 0.00000e+00
1.79600e+03 3.94330e-13 0.00000e+00
1.79700e+03 3.94711e-13 0.00000e+00
1.79800e+03 4.06766e-13 0.00000e+00
1.79900e+03 3.85254e-13 0.00000e+00
1.80000e+03 3.91865e-13 0.00000e+00
1.80100e+03 3.86684e-13 0.00000e+00
1.80200e+03 3.98801e-13 0.00000e+00
1.80300e+03 4.15632e-13 0.00000e+00
1.80400e+03 4.07707e-13 0.00000e+00
1.80500e+03 4.08862e-13 0.00000e+00
1.80600e+03 3.76723e-13 0.00000e+00
1.80700e+03 3.99625e-13 0.00000e+00
1.80800e+03 3.82021e-13 0.00000e+00
1.80900e+03 3.84753e-13 0.00000e+00
1.81000e+03 3.88255e-13 0.00000e+00
1.81100e+03 3.72597e-13 0.00000e+00
1.81200e+03 4.10316e-13 0.00000e+00
1.81300e+03 3.70324e-13 0.00000e+00
1.81400e+03 4.20463e-13 0.00000e+00
1.81500e+03 3.96108e-13 0.00000e+00
1.81600e+03 3.80735e-13 0.00000e+00
1.81700e+03 3.88342e-13 0.00000e+00
1.81800e+03 3.70232e-13 0.00000e+00
1.81900e+03 3.78418e-13 0.00000e+00
1.82000e+03 4.23249e-13 0.00000e+00
1.82100e+03 3.69536e-13 0.00000e+00
1.82200e+03 3.77689e-13 0.00000e+00
1.82300e+03 3.51308e-13 0.00000e+00
1.82400e+03 3.79712e-13 0.00000e+00
1.82500e+03 3.62677e-13 0.00000e+00
1.82600e+03 3.59493e-13 0.00000e+00
1.82700e+03 3.40715e-13 0.00000e+00
1.82800e+03 3.88780e-13 0.00000e+00
1.82900e+03 3.66765e-13 0.00000e+00
1.83000e+03 3.60919e-13 0.00000e+00
1.83100e+03 3.51360e-13 0.00000e+00
1.83200e+03 3.61656e-13 0.00000e+00
1.83300e+03 3.66261e-13 0.00000e+00
1.83400e+03 3.80539e-13 0.00000e+00
1.83500e+03 3.89740e-13 0.00000e+00
1.83600e+03 3.70712e-13 0.00000e+00
1.83700e+03 3.78790e-13 0.00000e+00
1.83800e+03 3.87048e-13 0.00000e+00
1.83900e+03 3.71383e-13 0.00000e+00
1.84000e+03 3.73672e-13 0.00000e+00
1.84100e+03 3.65003e-13 0.00000e+00
1.84200e+03 3.56102e-13 0.00000e+00
1.84300e+03 3.38331e-13 0.00000e+00
1.84400e+03 3.70159e-13 0.00000e+00
1.84500e+03 3.48394e-13 0.00000e+00
1.84600e+03 3.39834e-13 0.00000e+00
1.84700e+03 3.50577e-13 0.00000e+00
1.84800e+03 3.54592e-13 0.00000e+00
1.84900e+03 3.60715e-13 0.00000e+00
1.85000e+03 3.48703e-13 0.00000e+00
1.85100e+03 3.40121e-13 0.00000e+00
1.85200e+03 3.29838e-13 0.00000e+00
1.85300e+03 3.55708e-13 0.00000e+00
1.85400e+03 3.38309e-13 0.00000e+00
1.85500e+03 3.52218e-13 0.00000e+00
1.85600e+03 3.54051e-13 0.00000e+00
1.85700e+03 3.27984e-13 0.00000e+00
1.85800e+03 3.27740e-13 0.00000e+00
1.85900e+03 3.46136e-13 0.00000e+00
1.86000e+03 3.48147e-13 0.00000e+00
1.86100e+03 3.28385e-13 0.00000e+00
1.86200e+03 3.50063e-13 0.00000e+00
1.86300e+03 3.31733e-13 0.00000e+00
1.86400e+03 3.55545e-13 0.00000e+00
1.86500e+03 3.42174e-13 0.00000e+00
1.86600e+03 3.27325e-13 0.00000e+00
1.86700e+03 3.35193e-13 0.00000e+00
1.86800e+03 3.28252e-13 0.00000e+00
1.86900e+03 3.21595e-13 0.00000e+00
1.87000e+03 3.32201e-13 0.00000e+00
1.87100e+03 3.37975e-13 0.00000e+00
1.87200e+03 3.20397e-13 0.00000e+00
1.87300e+03 3.25024e-13 0.00000e+00
1.87400e+03 3.30004e-13 0.00000e+00
1.87500e+03 3.19691e-13 0.00000e+00
1.87600e+03 3.20841e-13 0.00000e+00
1.87700e+03 3.18986e-13 0.00000e+00
1.87800e+03 3.24475e-13 0.00000e+00
1.87900e+03 3.08777e-13 0.00000e+00
1.88000e+03 3.06305e-13 0.00000e+00
1.88100e+03 3.26474e-13 0.00000e+00
1.88200e+03 3.11688e-13 0.00000e+00
1.88300e+03 3.48223e-13 0.00000e+00
1.88400e+03 3.19335e-13 0.00000e+00
1.88500e+03 3.19752e-13 0.00000e+00
1.88600e+03 2.91091e-13 0.00000e+00
1.88700e+03 3.31031e-13 0.00000e+00
1.88800e+03 3.03475e-13 0.00000e+00
1.88900e+03 3.29600e-13 0.00000e+00
1.89000e+03 3.32200e-13 0.00000e+00
1.89100e+03 3.17625e-13 0.00000e+00
1.89200e+03 3.07777e-13 0.00000e+00
1.89300e+03 2.93140e-13 0.00000e+00
1.89400e+03 3.19847e-13 0.00000e+00
1.89500e+03 2.99761e-13 0.00000e+00
1.89600e+03 2.95462e-13 0.00000e+00
1.89700e+03 3.03192e-13 0.00000e+00
1.89800e+03 3.13763e-13 0.00000e+00
1.89900e+03 2.98011e-13 0.00000e+00
1.90000e+03 3.00784e-13 0.00000e+00
1.90100e+03 2.74359e-13 0.00000e+00
1.90200e+03 3.09960e-13 0.00000e+00
1.90300e+03 2.98156e-13 0.00000e+00
1.90400e+03 3.05480e-13 0.00000e+00
1.90500e+03 2.88482e-13 0.00000e+00
1.90600e+03 2.87953e-13 0.00000e+00
1.90700e+03 2.71888e-13 0.00000e+00
1.90800e+03 3.34732e-13 0.00000e+00
1.90900e+03 3.07586e-13 0.00000e+00
1.91000e+03 2.81859e-13 0.00000e+00
1.91100e+03 2.68051e-13 0.00000e+00
1.91200e+03 2.97433e-13 0.00000e+00
1.91300e+03 2.96764e-13 0.00000e+00
1.91400e+03 2.90734e-13 0.00000e+00
1.91500e+03 2.90055e-13 0.00000e+00
1.91600e+03 3.06506e-13 0.00000e+00
1.91700e+03 2.98429e-13 0.00000e+00
1.91800e+03 2.85220e-13 0.00000e+00
1.91900e+03 2.91866e-13 0.00000e+00
1.92000e+03 2.98892e-13 0.00000e+00
1.92100e+03 2.85225e-13 0.00000e+00
1.92200e+03 2.99470e-13 0.00000e+00
1.92300e+03 2.90632e-13 0.00000e+00
1.92400e+03 2.92697e-13 0.00000e+00
1.92500e+03 2.73993e-13 0.00000e+00
1.92600e+03 2.87004e-13 0.00000e+00
1.92700e+03 3.07204e-13 0.00000e+00
1.92800e+03 2.86985e-13 0.00000e+00
1.92900e+03 2.84236e-13 0.00000e+00
1.93000e+03 2.76641e-13 0.00000e+00
1.93100e+03 2.85673e-13 0.00000e+00
1.93200e+03 2.65468e-13 0.00000e+00
1.93300e+03 2.82516e-13 0.00000e+00
1.93400e+03 2.77434e-13 0.00000e+00
1.93500e+03 2.68106e-13 0.00000e+00
1.93600e+03 2.90289e-13 0.00000e+00
1.93700e+03 2.79447e-13 0.00000e+00
1.93800e+03 2.82314e-13 0.00000e+00
1.93900e+03 2.73192e-13 0.00000e+00
1.94000e+03 2.55670e-13 0.00000e+00
1.94100e+03 2.78757e-13 0.00000e+00
1.94200e+03 2.68316e-13 0.00000e+00
1.94300e+03 2.72831e-13 0.00000e+00
1.94400e+03 2.84581e-13 0.00000e+00
1.94500e+03 2.63227e-13 0.00000e+00
1.94600e+03 2.73948e-13 0.00000e+00
1.94700e+03 2.64706e-13 0.00000e+00
1.94800e+03 2.67850e-13 0.00000e+00
1.94900e+03 2.87182e-13 0.00000e+00
1.95000e+03 2.60050e-13 0.00000e+00
1.95100e+03 2.73942e-13 0.00000e+00
1.95200e+03 2.78807e-13 0.00000e+00
1.95300e+03 2.55522e-13 0.00000e+00
1.95400e+03 2.76352e-13 0.00000e+00
1.95500e+03 2.59092e-13 0.00000e+00
1.95600e+03 2.63803e-13 0.00000e+00
1.95700e+03 2.56875e-13 0.00000e+00
1.95800e+03 2.72669e-13 0.00000e+00
1.95900e+03 2.66597e-13 0.00000e+00
1.96000e+03 2.64053e-13 0.00000e+00
1.96100e+03 2.59945e-13 0.00000e+00
1.96200e+03 2.47299e-13 0.00000e+00
1.96300e+03 2.65907e-13 0.00000e+00
1.96400e+03 2.57544e-13 0.00000e+00
1.96500e+03 2.65952e-13 0.00000e+00
1.96600e+03 2.64038e-13 0.00000e+00
1.96700e+03 2.68553e-13 0.00000e+00
1.96800e+03 2.60105e-13 0.00000e+00
1.96900e+03 2.37716e-13 0.00000e+00
1.97000e+03 2.62114e-13 0.00000e+00
1.97100e+03 2.53468e-13 0.00000e+00
1.97200e+03 2.56374e-13 0.00000e+00
1.97300e+03 2.46333e-13 0.00000e+00
1.97400e+03 2.49799e-13 0.00000e+00
1.97500e+03 2.42427e-13 0.00000e+00
1.97600e+03 2.45250e-13 0.00000e+00
1.97700e+03 2.58202e-13 0.00000e+00
1.97800e+03 2.41733e-13 0.00000e+00
1.97900e+03 2.44563e-13 0.00000e+00
1.98000e+03 2.38950e-13 0.00000e+00
1.98100e+03 2.43275e-13 0.00000e+00
1.98200e+03 2.43210e-13 0.00000e+00
1.98300e+03 2.36824e-13 0.00000e+00
1.98400e+03 2.35099e-13 0.00000e+00
1.98500e+03 2.40965e-13 0.00000e+00
1.98600e+03 2.54207e-13 0.00000e+00
1.98700e+03 2.48430e-13 0.00000e+00
1.98800e+03 2.51871e-13 0.00000e+00
1.98900e+03 2.35108e-13 0.00000e+00
1.99000e+03 2.36934e-13 0.00000e+00
1.99100e+03 2.35202e-13 0.00000e+00
1.99200e+03 2.40231e-13 0.00000e+00
1.99300e+03 2.33614e-13 0.00000e+00
1.99400e+03 2.41053e-13 0.00000e+00
1.99500e+03 2.36121e-13 0.00000e+00
1.99600e+03 2.25462e-13 0.00000e+00
1.99700e+03 2.33630e-13 0.00000e+00
1.99800e+03 2.19643e-13 0.00000e+00
1.99900e+03 2.36874e-13 0.00000e+00
2.00000e+03 2.35545e-13 0.00000e+00
