0.00000e+00 0.00000e+00 0.00000e+00
1.00000e+00 0.00000e+00 0.00000e+00
2.00000e+00 0.00000e+00 0.00000e+00
3.00000e+00 0.00000e+00 0.00000e+00
4.00000e+00 0.00000e+00 0.00000e+00
5.00000e+00 0.00000e+00 0.00000e+00
6.00000e+00 0.00000e+00 0.00000e+00
7.00000e+00 0.00000e+00 0.00000e+00
8.00000e+00 0.00000e+00 0.00000e+00
9.00000e+00 0.00000e+00 0.00000e+00
1.00000e+01 0.00000e+00 0.00000e+00
1.10000e+01 0.00000e+00 0.00000e+00
1.20000e+01 0.00000e+00 0.00000e+00
1.30000e+01 0.00000e+00 0.00000e+00
1.40000e+01 0.00000e+00 0.00000e+00
1.50000e+01 0.00000e+00 0.00000e+00
1.60000e+01 0.00000e+00 0.00000e+00
1.70000e+01 0.00000e+00 0.00000e+00
1.80000e+01 0.00000e+00 0.00000e+00
1.90000e+01 0.00000e+00 0.00000e+00
2.00000e+01 0.00000e+00 0.00000e+00
2.10000e+01 0.00000e+00 0.00000e+00
2.20000e+01 0.00000e+00 0.00000e+00
2.30000e+01 0.00000e+00 0.00000e+00
2.40000e+01 0.00000e+00 0.00000e+00
2.50000e+01 0.00000e+00 0.00000e+00
2.60000e+01 0.00000e+00 0.00000e+00
2.70000e+01 0.00000e+00 0.00000e+00
2.80000e+01 0.00000e+00 0.00000e+00
2.90000e+01 0.00000e+00 0.00000e+00
3.00000e+01 0.00000e+00 0.00000e+00
3.10000e+01 0.00000e+00 0.00000e+00
3.20000e+01 0.00000e+00 0.00000e+00
3.30000e+01 0.00000e+00 0.00000e+00
3.40000e+01 0.00000e+00 0.00000e+00
3.50000e+01 0.00000e+00 0.00000e+00
3.60000e+01 0.00000e+00 0.00000e+00
3.70000e+01 0.00000e+00 0.00000e+00
3.80000e+01 0.00000e+00 0.00000e+00
3.90000e+01 0.00000e+00 0.00000e+00
4.00000e+01 0.00000e+00 0.00000e+00
4.10000e+01 0.00000e+00 0.00000e+00
4.20000e+01 0.00000e+00 0.00000e+00
4.30000e+01 0.00000e+00 0.00000e+00
4.40000e+01 0.00000e+00 0.00000e+00
4.50000e+01 0.00000e+00 0.00000e+00
4.60000e+01 0.00000e+00 0.00000e+00
4.70000e+01 0.00000e+00 0.00000e+00
4.80000e+01 0.00000e+00 0.00000e+00
4.90000e+01 0.00000e+00 0.00000e+00
5.00000e+01 0.00000e+00 0.00000e+00
5.10000e+01 0.00000e+00 0.00000e+00
5.20000e+01 0.00000e+00 0.00000e+00
5.30000e+01 0.00000e+00 0.00000e+00
5.40000e+01 0.00000e+00 0.00000e+00
5.50000e+01 0.00000e+00 0.00000e+00
5.60000e+01 0.00000e+00 0.00000e+00
5.70000e+01 0.00000e+00 0.00000e+00
5.80000e+01 0.00000e+00 0.00000e+00
5.90000e+01 0.00000e+00 0.00000e+00
6.00000e+01 0.00000e+00 0.00000e+00
6.10000e+01 0.00000e+00 0.00000e+00
6.20000e+01 0.00000e+00 0.00000e+00
6.30000e+01 0.00000e+00 0.00000e+00
6.40000e+01 0.00000e+00 0.00000e+00
6.50000e+01 0.00000e+00 0.00000e+00
6.60000e+01 0.00000e+00 0.00000e+00
6.70000e+01 0.00000e+00 0.00000e+00
6.80000e+01 0.00000e+00 0.00000e+00
6.90000e+01 0.00000e+00 0.00000e+00
7.00000e+01 0.00000e+00 0.00000e+00
7.10000e+01 0.00000e+00 0.00000e+00
7.20000e+01 0.00000e+00 0.00000e+00
7.30000e+01 0.00000e+00 0.00000e+00
7.40000e+01 0.00000e+00 0.00000e+00
7.50000e+01 0.00000e+00 0.00000e+00
7.60000e+01 0.00000e+00 0.00000e+00
7.70000e+01 0.00000e+00 0.00000e+00
7.80000e+01 0.00000e+00 0.00000e+00
7.90000e+01 0.00000e+00 0.00000e+00
8.00000e+01 0.00000e+00 0.00000e+00
8.10000e+01 0.00000e+00 0.00000e+00
8.20000e+01 0.00000e+00 0.00000e+00
8.30000e+01 0.00000e+00 0.00000e+00
8.40000e+01 0.00000e+00 0.00000e+00
8.50000e+01 0.00000e+00 0.00000e+00
8.60000e+01 0.00000e+00 0.00000e+00
8.70000e+01 0.00000e+00 0.00000e+00
8.80000e+01 0.00000e+00 0.00000e+00
8.90000e+01 0.00000e+00 0.00000e+00
9.00000e+01 0.00000e+00 0.00000e+00
9.10000e+01 0.00000e+00 0.00000e+00
9.20000e+01 0.00000e+00 0.00000e+00
9.30000e+01 0.00000e+00 0.00000e+00
9.40000e+01 0.00000e+00 0.00000e+00
9.50000e+01 0.00000e+00 0.00000e+00
9.60000e+01 0.00000e+00 0.00000e+00
9.70000e+01 0.00000e+00 0.00000e+00
9.80000e+01 0.00000e+00 0.00000e+00
9.90000e+01 0.00000e+00 0.00000e+00
1.00000e+02 7.23737e-12 0.00000e+00
1.01000e+02 1.04306e-11 0.00000e+00
1.02000e+02 8.72460e-12 0.00000e+00
1.03000e+02 5.60246e-12 0.00000e+00
1.04000e+02 6.14290e-12 0.00000e+00
1.05000e+02 8.54962e-12 0.00000e+00
1.06000e+02 8.26141e-12 0.00000e+00
1.07000e+02 6.83544e-12 0.00000e+00
1.08000e+02 8.71255e-12 0.00000e+00
1.09000e+02 8.84701e-12 0.00000e+00
1.10000e+02 1.03557e-11 0.00000e+00
1.11000e+02 1.12843e-11 0.00000e+00
1.12000e+02 8.18648e-12 0.00000e+00
1.13000e+02 1.35949e-11 0.00000e+00
1.14000e+02 9.05855e-12 0.00000e+00
1.15000e+02 1.20734e-11 0.00000e+00
1.16000e+02 6.50508e-12 0.00000e+00
1.17000e+02 8.99518e-12 0.00000e+00
1.18000e+02 2.76997e-12 0.00000e+00
1.19000e+02 8.53628e-12 0.00000e+00
1.20000e+02 9.18618e-12 0.00000e+00
1.21000e+02 9.49423e-12 0.00000e+00
1.22000e+02 8.35418e-12 0.00000e+00
1.23000e+02 8.78973e-12 0.00000e+00
1.24000e+02 9.17052e-12 0.00000e+00
1.25000e+02 7.20394e-12 0.00000e+00
1.26000e+02 6.97764e-12 0.00000e+00
1.27000e+02 8.95684e-12 0.00000e+00
1.28000e+02 7.99425e-12 0.00000e+00
1.29000e+02 5.71197e-12 0.00000e+00
1.30000e+02 6.76829e-12 0.00000e+00
1.31000e+02 8.91850e-12 0.00000e+00
1.32000e+02 7.11220e-12 0.00000e+00
1.33000e+02 7.53412e-12 0.00000e+00
1.34000e+02 8.89744e-12 0.00000e+00
1.35000e+02 5.25715e-12 0.00000e+00
1.36000e+02 8.07516e-12 0.00000e+00
1.37000e+02 5.11847e-12 0.00000e+00
1.38000e+02 6.92583e-12 0.00000e+00
1.39000e+02 6.38578e-12 0.00000e+00
1.40000e+02 5.34221e-12 0.00000e+00
1.41000e+02 7.62715e-12 0.00000e+00
1.42000e+02 5.80517e-12 0.00000e+00
1.43000e+02 6.85468e-12 0.00000e+00
1.44000e+02 6.66829e-12 0.00000e+00
1.45000e+02 6.99328e-12 0.00000e+00
1.46000e+02 7.73322e-12 0.00000e+00
1.47000e+02 5.41331e-12 0.00000e+00
1.48000e+02 8.29345e-12 0.00000e+00
1.49000e+02 6.57631e-12 0.00000e+00
1.50000e+02 7.87868e-12 0.00000e+00
1.51000e+02 4.78485e-12 0.00000e+00
1.52000e+02 6.03376e-12 0.00000e+00
1.53000e+02 3.39131e-12 0.00000e+00
1.54000e+02 8.02385e-12 0.00000e+00
1.55000e+02 8.10100e-12 0.00000e+00
1.56000e+02 4.05935e-12 0.00000e+00
1.57000e+02 7.08033e-12 0.00000e+00
1.58000e+02 6.17536e-12 0.00000e+00
1.59000e+02 5.73719e-12 0.00000e+00
1.60000e+02 6.44343e-12 0.00000e+00
1.61000e+02 4.86509e-12 0.00000e+00
1.62000e+02 6.71387e-12 0.00000e+00
1.63000e+02 6.42515e-12 0.00000e+00
1.64000e+02 6.62884e-12 0.00000e+00
1.65000e+02 5.80849e-12 0.00000e+00
1.66000e+02 4.95743e-12 0.00000e+00
1.67000e+02 7.23879e-12 0.00000e+00
1.68000e+02 4.70839e-12 0.00000e+00
1.69000e+02 6.63559e-12 0.00000e+00
1.70000e+02 7.70532e-12 0.00000e+00
1.71000e+02 5.50866e-12 0.00000e+00
1.72000e+02 6.12181e-12 0.00000e+00
1.73000e+02 6.02501e-12 0.00000e+00
1.74000e+02 4.24564e-12 0.00000e+00
1.75000e+02 6.23317e-12 0.00000e+00
1.76000e+02 6.23818e-12 0.00000e+00
1.77000e+02 4.56659e-12 0.00000e+00
1.78000e+02 5.50237e-12 0.00000e+00
1.79000e+02 6.98255e-12 0.00000e+00
1.80000e+02 6.58272e-12 0.00000e+00
1.81000e+02 5.41725e-12 0.00000e+00
1.82000e+02 7.80956e-12 0.00000e+00
1.83000e+02 5.38273e-12 0.00000e+00
1.84000e+02 7.09531e-12 0.00000e+00
1.85000e+02 5.67432e-12 0.00000e+00
1.86000e+02 4.87464e-12 0.00000e+00
1.87000e+02 5.21566e-12 0.00000e+00
1.88000e+02 5.93299e-12 0.00000e+00
1.89000e+02 5.87336e-12 0.00000e+00
1.90000e+02 6.01166e-12 0.00000e+00
1.91000e+02 4.21288e-12 0.00000e+00
1.92000e+02 5.19829e-12 0.00000e+00
1.93000e+02 6.12725e-12 0.00000e+00
1.94000e+02 4.62005e-12 0.00000e+00
1.95000e+02 6.05876e-12 0.00000e+00
1.96000e+02 5.16084e-12 0.00000e+00
1.97000e+02 3.35294e-12 0.00000e+00
1.98000e+02 5.36175e-12 0.00000e+00
1.99000e+02 4.13406e-12 0.00000e+00
2.00000e+02 5.98099e-12 0.00000e+00
2.01000e+02 5.43553e-12 0.00000e+00
2.02000e+02 4.68752e-12 0.00000e+00
2.03000e+02 5.35479e-12 0.00000e+00
2.04000e+02 5.57091e-12 0.00000e+00
2.05000e+02 3.80873e-12 0.00000e+00
2.06000e+02 7.12524e-12 0.00000e+00
2.07000e+02 4.89458e-12 0.00000e+00
2.08000e+02 4.69187e-12 0.00000e+00
2.09000e+02 3.87976e-12 0.00000e+00
2.10000e+02 6.98146e-12 0.00000e+00
2.11000e+02 5.19571e-12 0.00000e+00
2.12000e+02 5.17663e-12 0.00000e+00
2.13000e+02 4.60557e-12 0.00000e+00
2.14000e+02 5.58700e-12 0.00000e+00
2.15000e+02 3.68883e-12 0.00000e+00
2.16000e+02 4.51360e-12 0.00000e+00
2.17000e+02 4.15790e-12 0.00000e+00
2.18000e+02 5.25941e-12 0.00000e+00
2.19000e+02 5.29086e-12 0.00000e+00
2.20000e+02 4.70683e-12 0.00000e+00
2.21000e+02 5.87306e-12 0.00000e+00
2.22000e+02 5.12946e-12 0.00000e+00
2.23000e+02 4.48773e-12 0.00000e+00
2.24000e+02 5.03606e-12 0.00000e+00
2.25000e+02 5.92956e-12 0.00000e+00
2.26000e+02 5.25268e-12 0.00000e+00
2.27000e+02 5.18386e-12 0.00000e+00
2.28000e+02 4.39393e-12 0.00000e+00
2.29000e+02 5.94694e-12 0.00000e+00
2.30000e+02 4.87746e-12 0.00000e+00
2.31000e+02 4.93568e-12 0.00000e+00
2.32000e+02 4.91440e-12 0.00000e+00
2.33000e+02 4.06928e-12 0.00000e+00
2.34000e+02 6.25091e-12 0.00000e+00
2.35000e+02 4.15027e-12 0.00000e+00
2.36000e+02 5.19699e-12 0.00000e+00
2.37000e+02 2.92735e-12 0.00000e+00
2.38000e+02 4.44606e-12 0.00000e+00
2.39000e+02 4.94885e-12 0.00000e+00
2.40000e+02 4.75135e-12 0.00000e+00
2.41000e+02 5.29214e-12 0.00000e+00
2.42000e+02 5.31661e-12 0.00000e+00
2.43000e+02 3.91765e-12 0.00000e+00
2.44000e+02 4.07097e-12 0.00000e+00
2.45000e+02 5.64371e-12 0.00000e+00
2.46000e+02 4.87474e-12 0.00000e+00
2.47000e+02 4.02104e-12 0.00000e+00
2.48000e+02 4.60793e-12 0.00000e+00
2.49000e+02 5.28926e-12 0.00000e+00
2.50000e+02 4.11907e-12 0.00000e+00
2.51000e+02 5.16160e-12 0.00000e+00
2.52000e+02 3.73481e-12 0.00000e+00
2.53000e+02 3.05311e-12 0.00000e+00
2.54000e+02 4.55281e-12 0.00000e+00
2.55000e+02 3.89906e-12 0.00000e+00
2.56000e+02 4.13988e-12 0.00000e+00
2.57000e+02 4.04143e-12 0.00000e+00
2.58000e+02 3.45951e-12 0.00000e+00
2.59000e+02 4.66373e-12 0.00000e+00
2.60000e+02 5.41643e-12 0.00000e+00
2.61000e+02 4.77171e-12 0.00000e+00
2.62000e+02 3.37264e-12 0.00000e+00
2.63000e+02 4.98968e-12 0.00000e+00
2.64000e+02 4.67205e-12 0.00000e+00
2.65000e+02 4.96618e-12 0.00000e+00
2.66000e+02 4.46473e-12 0.00000e+00
2.67000e+02 4.17833e-12 0.00000e+00
2.68000e+02 3.94646e-12 0.00000e+00
2.69000e+02 3.40236e-12 0.00000e+00
2.70000e+02 4.35912e-12 0.00000e+00
2.71000e+02 3.78022e-12 0.00000e+00
2.72000e+02 4.36259e-12 0.00000e+00
2.73000e+02 4.87123e-12 0.00000e+00
2.74000e+02 4.87815e-12 0.00000e+00
2.75000e+02 4.01182e-12 0.00000e+00
2.76000e+02 3.18562e-12 0.00000e+00
2.77000e+02 3.94619e-12 0.00000e+00
2.78000e+02 4.72063e-12 0.00000e+00
2.79000e+02 4.36199e-12 0.00000e+00
2.80000e+02 3.93962e-12 0.00000e+00
2.81000e+02 4.59033e-12 0.00000e+00
2.82000e+02 4.16529e-12 0.00000e+00
2.83000e+02 2.76312e-12 0.00000e+00
2.84000e+02 4.03040e-12 0.00000e+00
2.85000e+02 4.84071e-12 0.00000e+00
2.86000e+02 5.15646e-12 0.00000e+00
2.87000e+02 4.61947e-12 0.00000e+00
2.88000e+02 3.89438e-12 0.00000e+00
2.89000e+02 3.47584e-12 0.00000e+00
2.90000e+02 4.74958e-12 0.00000e+00
2.91000e+02 3.55215e-12 0.00000e+00
2.92000e+02 4.07064e-12 0.00000e+00
2.93000e+02 3.12593e-12 0.00000e+00
2.94000e+02 4.21227e-12 0.00000e+00
2.95000e+02 4.50009e-12 0.00000e+00
2.96000e+02 4.32042e-12 0.00000e+00
2.97000e+02 3.86661e-12 0.00000e+00
2.98000e+02 4.12645e-12 0.00000e+00
2.99000e+02 4.30994e-12 0.00000e+00
3.00000e+02 3.38471e-12 0.00000e+00
3.01000e+02 3.19879e-12 0.00000e+00
3.02000e+02 3.79051e-12 0.00000e+00
3.03000e+02 3.63382e-12 0.00000e+00
3.04000e+02 3.61590e-12 0.00000e+00
3.05000e+02 3.29929e-12 0.00000e+00
3.06000e+02 4.38696e-12 0.00000e+00
3.07000e+02 3.79375e-12 0.00000e+00
3.08000e+02 4.14779e-12 0.00000e+00
3.09000e+02 4.25559e-12 0.00000e+00
3.10000e+02 4.50529e-12 0.00000e+00
3.11000e+02 3.08111e-12 0.00000e+00
3.12000e+02 3.75791e-12 0.00000e+00
3.13000e+02 4.49040e-12 0.00000e+00
3.14000e+02 3.08338e-12 0.00000e+00
3.15000e+02 3.90856e-12 0.00000e+00
3.16000e+02 4.19931e-12 0.00000e+00
3.17000e+02 2.77202e-12 0.00000e+00
3.18000e+02 3.82048e-12 0.00000e+00
3.19000e+02 3.00447e-12 0.00000e+00
3.20000e+02 3.18620e-12 0.00000e+00
3.21000e+02 3.70131e-12 0.00000e+00
3.22000e+02 3.82745e-12 0.00000e+00
3.23000e+02 4.62391e-12 0.00000e+00
3.24000e+02 3.22687e-12 0.00000e+00
3.25000e+02 3.27332e-12 0.00000e+00
3.26000e+02 3.35171e-12 0.00000e+00
3.27000e+02 3.38336e-12 0.00000e+00
3.28000e+02 3.46764e-12 0.00000e+00
3.29000e+02 3.41454e-12 0.00000e+00
3.30000e+02 2.96465e-12 0.00000e+00
3.31000e+02 4.09910e-12 0.00000e+00
3.32000e+02 3.00128e-12 0.00000e+00
3.33000e+02 3.00798e-12 0.00000e+00
3.34000e+02 3.92685e-12 0.00000e+00
3.35000e+02 3.54619e-12 0.00000e+00
3.36000e+02 4.06728e-12 0.00000e+00
3.37000e+02 4.42970e-12 0.00000e+00
3.38000e+02 2.81248e-12 0.00000e+00
3.39000e+02 3.37177e-12 0.00000e+00
3.40000e+02 3.00600e-12 0.00000e+00
3.41000e+02 3.70406e-12 0.00000e+00
3.42000e+02 2.98035e-12 0.00000e+00
3.43000e+02 3.28844e-12 0.00000e+00
3.44000e+02 3.30650e-12 0.00000e+00
3.45000e+02 3.37280e-12 0.00000e+00
3.46000e+02 3.82911e-12 0.00000e+00
3.47000e+02 2.74932e-12 0.00000e+00
3.48000e+02 3.44127e-12 0.00000e+00
3.49000e+02 3.34655e-12 0.00000e+00
3.50000e+02 3.25957e-12 0.00000e+00
3.51000e+02 3.14887e-12 0.00000e+00
3.52000e+02 3.58109e-12 0.00000e+00
3.53000e+02 3.70431e-12 0.00000e+00
3.54000e+02 3.33251e-12 0.00000e+00
3.55000e+02 3.03639e-12 0.00000e+00
3.56000e+02 3.41976e-12 0.00000e+00
3.57000e+02 2.95954e-12 0.00000e+00
3.58000e+02 3.65242e-12 0.00000e+00
3.59000e+02 3.09798e-12 0.00000e+00
3.60000e+02 2.99219e-12 0.00000e+00
3.61000e+02 3.02044e-12 0.00000e+00
3.62000e+02 3.64786e-12 0.00000e+00
3.63000e+02 2.96901e-12 0.00000e+00
3.64000e+02 2.67527e-12 0.00000e+00
3.65000e+02 2.61395e-12 0.00000e+00
3.66000e+02 3.17720e-12 0.00000e+00
3.67000e+02 3.39522e-12 0.00000e+00
3.68000e+02 3.74049e-12 0.00000e+00
3.69000e+02 3.04834e-12 0.00000e+00
3.70000e+02 2.94706e-12 0.00000e+00
3.71000e+02 3.08551e-12 0.00000e+00
3.72000e+02 3.25284e-12 0.00000e+00
3.73000e+02 2.87253e-12 0.00000e+00
3.74000e+02 3.60482e-12 0.00000e+00
3.75000e+02 3.14866e-12 0.00000e+00
3.76000e+02 3.24387e-12 0.00000e+00
3.77000e+02 3.17919e-12 0.00000e+00
3.78000e+02 3.43632e-12 0.00000e+00
3.79000e+02 2.16735e-12 0.00000e+00
3.80000e+02 2.93821e-12 0.00000e+00
3.81000e+02 2.76334e-12 0.00000e+00
3.82000e+02 3.48377e-12 0.00000e+00
3.83000e+02 3.23165e-12 0.00000e+00
3.84000e+02 2.70834e-12 0.00000e+00
3.85000e+02 2.75029e-12 0.00000e+00
3.86000e+02 2.58268e-12 0.00000e+00
3.87000e+02 2.77972e-12 0.00000e+00
3.88000e+02 2.95374e-12 0.00000e+00
3.89000e+02 2.54322e-12 0.00000e+00
3.90000e+02 2.77748e-12 0.00000e+00
3.91000e+02 2.57941e-12 0.00000e+00
3.92000e+02 3.49753e-12 0.00000e+00
3.93000e+02 2.95977e-12 0.00000e+00
3.94000e+02 2.37095e-12 0.00000e+00
3.95000e+02 2.91711e-12 0.00000e+00
3.96000e+02 2.87127e-12 0.00000e+00
3.97000e+02 2.91948e-12 0.00000e+00
3.98000e+02 3.29023e-12 0.00000e+00
3.99000e+02 2.95651e-12 0.00000e+00
4.00000e+02 2.78237e-12 0.00000e+00
4.01000e+02 2.83958e-12 0.00000e+00
4.02000e+02 2.73976e-12 0.00000e+00
4.03000e+02 3.24636e-12 0.00000e+00
4.04000e+02 2.98276e-12 0.00000e+00
4.05000e+02 2.73694e-12 0.00000e+00
4.06000e+02 2.51403e-12 0.00000e+00
4.07000e+02 3.04911e-12 0.00000e+00
4.08000e+02 2.91271e-12 0.00000e+00
4.09000e+02 2.48520e-12 0.00000e+00
4.10000e+02 2.91620e-12 0.00000e+00
4.11000e+02 2.79337e-12 0.00000e+00
4.12000e+02 2.23652e-12 0.00000e+00
4.13000e+02 2.87779e-12 0.00000e+00
4.14000e+02 3.26497e-12 0.00000e+00
4.15000e+02 3.08615e-12 0.00000e+00
4.16000e+02 2.30559e-12 0.00000e+00
4.17000e+02 2.55182e-12 0.00000e+00
4.18000e+02 2.39477e-12 0.00000e+00
4.19000e+02 2.65551e-12 0.00000e+00
4.20000e+02 2.72195e-12 0.00000e+00
4.21000e+02 2.75028e-12 0.00000e+00
4.22000e+02 2.54390e-12 0.00000e+00
4.23000e+02 2.29314e-12 0.00000e+00
4.24000e+02 2.57809e-12 0.00000e+00
4.25000e+02 2.18267e-12 0.00000e+00
4.26000e+02 2.17106e-12 0.00000e+00
4.27000e+02 3.00004e-12 0.00000e+00
4.28000e+02 2.24178e-12 0.00000e+00
4.29000e+02 1.93664e-12 0.00000e+00
4.30000e+02 2.64108e-12 0.00000e+00
4.31000e+02 2.41931e-12 0.00000e+00
4.32000e+02 2.53731e-12 0.00000e+00
4.33000e+02 2.18218e-12 0.00000e+00
4.34000e+02 3.02821e-12 0.00000e+00
4.35000e+02 2.57257e-12 0.00000e+00
4.36000e+02 2.66297e-12 0.00000e+00
4.37000e+02 2.74050e-12 0.00000e+00
4.38000e+02 2.41943e-12 0.00000e+00
4.39000e+02 2.11312e-12 0.00000e+00
4.40000e+02 2.33940e-12 0.00000e+00
4.41000e+02 1.95089e-12 0.00000e+00
4.42000e+02 2.25991e-12 0.00000e+00
4.43000e+02 2.41224e-12 0.00000e+00
4.44000e+02 2.48903e-12 0.00000e+00
4.45000e+02 2.61819e-12 0.00000e+00
4.46000e+02 2.28100e-12 0.00000e+00
4.47000e+02 2.31470e-12 0.00000e+00
4.48000e+02 2.40122e-12 0.00000e+00
4.49000e+02 2.33000e-12 0.00000e+00
4.50000e+02 2.78850e-12 0.00000e+00
4.51000e+02 2.46424e-12 0.00000e+00
4.52000e+02 2.63071e-12 0.00000e+00
4.53000e+02 2.71459e-12 0.00000e+00
4.54000e+02 2.44114e-12 0.00000e+00
4.55000e+02 2.48703e-12 0.00000e+00
4.56000e+02 2.15057e-12 0.00000e+00
4.57000e+02 2.48219e-12 0.00000e+00
4.58000e+02 2.40842e-12 0.00000e+00
4.59000e+02 2.49807e-12 0.00000e+00
4.60000e+02 2.07896e-12 0.00000e+00
4.61000e+02 2.47741e-12 0.00000e+00
4.62000e+02 2.84432e-12 0.00000e+00
4.63000e+02 2.03020e-12 0.00000e+00
4.64000e+02 2.01977e-12 0.00000e+00
4.65000e+02 2.46250e-12 0.00000e+00
4.66000e+02 1.81855e-12 0.00000e+00
4.67000e+02 2.19865e-12 0.00000e+00
4.68000e+02 2.97165e-12 0.00000e+00
4.69000e+02 2.44434e-12 0.00000e+00
4.70000e+02 2.02516e-12 0.00000e+00
4.71000e+02 2.31131e-12 0.00000e+00
4.72000e+02 2.52024e-12 0.00000e+00
4.73000e+02 2.31612e-12 0.00000e+00
4.74000e+02 2.42236e-12 0.00000e+00
4.75000e+02 2.02213e-12 0.00000e+00
4.76000e+02 2.38099e-12 0.00000e+00
4.77000e+02 2.36296e-12 0.00000e+00
4.78000e+02 2.24566e-12 0.00000e+00
4.79000e+02 2.55572e-12 0.00000e+00
4.80000e+02 2.08181e-12 0.00000e+00
4.81000e+02 2.01500e-12 0.00000e+00
4.82000e+02 2.29103e-12 0.00000e+00
4.83000e+02 2.22147e-12 0.00000e+00
4.84000e+02 2.18908e-12 0.00000e+00
4.85000e+02 2.10435e-12 0.00000e+00
4.86000e+02 1.99511e-12 0.00000e+00
4.87000e+02 2.26049e-12 0.00000e+00
4.88000e+02 1.90669e-12 0.00000e+00
4.89000e+02 2.39422e-12 0.00000e+00
4.90000e+02 2.19737e-12 0.00000e+00
4.91000e+02 2.32605e-12 0.00000e+00
4.92000e+02 2.21315e-12 0.00000e+00
4.93000e+02 2.63810e-12 0.00000e+00
4.94000e+02 2.42955e-12 0.00000e+00
4.95000e+02 2.23324e-12 0.00000e+00
4.96000e+02 2.29095e-12 0.00000e+00
4.97000e+02 2.21340e-12 0.00000e+00
4.98000e+02 2.42154e-12 0.00000e+00
4.99000e+02 2.11835e-12 0.00000e+00
5.00000e+02 1.95287e-12 0.00000e+00
5.01000e+02 2.15745e-12 0.00000e+00
5.02000e+02 2.30658e-12 0.00000e+00
5.03000e+02 1.99482e-12 0.00000e+00
5.04000e+02 2.34022e-12 0.00000e+00
5.05000e+02 2.18132e-12 0.00000e+00
5.06000e+02 1.93238e-12 0.00000e+00
5.07000e+02 2.11805e-12 0.00000e+00
5.08000e+02 2.34519e-12 0.00000e+00
5.09000e+02 2.03184e-12 0.00000e+00
5.10000e+02 2.00190e-12 0.00000e+00
5.11000e+02 2.29829e-12 0.00000e+00
5.12000e+02 2.15880e-12 0.00000e+00
5.13000e+02 1.78466e-12 0.00000e+00
5.14000e+02 1.98468e-12 0.00000e+00
5.15000e+02 2.00802e-12 0.00000e+00
5.16000e+02 1.95248e-12 0.00000e+00
5.17000e+02 2.11509e-12 0.00000e+00
5.18000e+02 1.85629e-12 0.00000e+00
5.19000e+02 2.33084e-12 0.00000e+00
5.20000e+02 1.78568e-12 0.00000e+00
5.21000e+02 1.85067e-12 0.00000e+00
5.22000e+02 2.06231e-12 0.00000e+00
5.23000e+02 2.04960e-12 0.00000e+00
5.24000e+02 1.80101e-12 0.00000e+00
5.25000e+02 2.04644e-12 0.00000e+00
5.26000e+02 1.82992e-12 0.00000e+00
5.27000e+02 1.70137e-12 0.00000e+00
5.28000e+02 2.06315e-12 0.00000e+00
5.29000e+02 1.87390e-12 0.00000e+00
5.30000e+02 1.90596e-12 0.00000e+00
5.31000e+02 2.03524e-12 0.00000e+00
5.32000e+02 1.91007e-12 0.00000e+00
5.33000e+02 1.91935e-12 0.00000e+00
5.34000e+02 1.86986e-12 0.00000e+00
5.35000e+02 1.79450e-12 0.00000e+00
5.36000e+02 2.00178e-12 0.00000e+00
5.37000e+02 2.04284e-12 0.00000e+00
5.38000e+02 1.36914e-12 0.00000e+00
5.39000e+02 2.01681e-12 0.00000e+00
5.40000e+02 2.14522e-12 0.00000e+00
5.41000e+02 2.19243e-12 0.00000e+00
5.42000e+02 2.02441e-12 0.00000e+00
5.43000e+02 1.68538e-12 0.00000e+00
5.44000e+02 1.65381e-12 0.00000e+00
5.45000e+02 2.28231e-12 0.00000e+00
5.46000e+02 1.61628e-12 0.00000e+00
5.47000e+02 1.96520e-12 0.00000e+00
5.48000e+02 1.99621e-12 0.00000e+00
5.49000e+02 1.94996e-12 0.00000e+00
5.50000e+02 1.82283e-12 0.00000e+00
5.51000e+02 1.68815e-12 0.00000e+00
5.52000e+02 1.86071e-12 0.00000e+00
5.53000e+02 2.07675e-12 0.00000e+00
5.54000e+02 1.61849e-12 0.00000e+00
5.55000e+02 1.67219e-12 0.00000e+00
5.56000e+02 1.99667e-12 0.00000e+00
5.57000e+02 1.79490e-12 0.00000e+00
5.58000e+02 1.63926e-12 0.00000e+00
5.59000e+02 2.08254e-12 0.00000e+00
5.60000e+02 1.68845e-12 0.00000e+00
5.61000e+02 1.47761e-12 0.00000e+00
5.62000e+02 1.69520e-12 0.00000e+00
5.63000e+02 1.69423e-12 0.00000e+00
5.64000e+02 1.66433e-12 0.00000e+00
5.65000e+02 1.58612e-12 0.00000e+00
5.66000e+02 1.31045e-12 0.00000e+00
5.67000e+02 1.69886e-12 0.00000e+00
5.68000e+02 1.54608e-12 0.00000e+00
5.69000e+02 1.60775e-12 0.00000e+00
5.70000e+02 1.62705e-12 0.00000e+00
5.71000e+02 1.89701e-12 0.00000e+00
5.72000e+02 2.01842e-12 0.00000e+00
5.73000e+02 1.91685e-12 0.00000e+00
5.74000e+02 1.61510e-12 0.00000e+00
5.75000e+02 1.49147e-12 0.00000e+00
5.76000e+02 1.66458e-12 0.00000e+00
5.77000e+02 1.63176e-12 0.00000e+00
5.78000e+02 1.54480e-12 0.00000e+00
5.79000e+02 1.78187e-12 0.00000e+00
5.80000e+02 1.52110e-12 0.00000e+00
5.81000e+02 1.51485e-12 0.00000e+00
5.82000e+02 1.37660e-12 0.00000e+00
5.83000e+02 1.61896e-12 0.00000e+00
5.84000e+02 1.81065e-12 0.00000e+00
5.85000e+02 1.81470e-12 0.00000e+00
5.86000e+02 1.56282e-12 0.00000e+00
5.87000e+02 1.68654e-12 0.00000e+00
5.88000e+02 1.23684e-12 0.00000e+00
5.89000e+02 1.46301e-12 0.00000e+00
5.90000e+02 1.60619e-12 0.00000e+00
5.91000e+02 1.71958e-12 0.00000e+00
5.92000e+02 1.68894e-12 0.00000e+00
5.93000e+02 1.70824e-12 0.00000e+00
5.94000e+02 1.62688e-12 0.00000e+00
5.95000e+02 1.53816e-12 0.00000e+00
5.96000e+02 1.65247e-12 0.00000e+00
5.97000e+02 1.45985e-12 0.00000e+00
5.98000e+02 1.51656e-12 0.00000e+00
5.99000e+02 1.42862e-12 0.00000e+00
6.00000e+02 1.79191e-12 0.00000e+00
6.01000e+02 1.79500e-12 0.00000e+00
6.02000e+02 1.73145e-12 0.00000e+00
6.03000e+02 1.61302e-12 0.00000e+00
6.04000e+02 1.60383e-12 0.00000e+00
6.05000e+02 1.37796e-12 0.00000e+00
6.06000e+02 1.35926e-12 0.00000e+00
6.07000e+02 1.38236e-12 0.00000e+00
6.08000e+02 1.66314e-12 0.00000e+00
6.09000e+02 1.25736e-12 0.00000e+00
6.10000e+02 1.58305e-12 0.00000e+00
6.11000e+02 1.62250e-12 0.00000e+00
6.12000e+02 1.50581e-12 0.00000e+00
6.13000e+02 1.40021e-12 0.00000e+00
6.14000e+02 1.55090e-12 0.00000e+00
6.15000e+02 1.47161e-12 0.00000e+00
6.16000e+02 1.39319e-12 0.00000e+00
6.17000e+02 1.47306e-12 0.00000e+00
6.18000e+02 1.28304e-12 0.00000e+00
6.19000e+02 1.51858e-12 0.00000e+00
6.20000e+02 1.71063e-12 0.00000e+00
6.21000e+02 1.53016e-12 0.00000e+00
6.22000e+02 1.13612e-12 0.00000e+00
6.23000e+02 1.28777e-12 0.00000e+00
6.24000e+02 1.73965e-12 0.00000e+00
6.25000e+02 1.43080e-12 0.00000e+00
6.26000e+02 1.31075e-12 0.00000e+00
6.27000e+02 1.36120e-12 0.00000e+00
6.28000e+02 1.63887e-12 0.00000e+00
6.29000e+02 1.44287e-12 0.00000e+00
6.30000e+02 1.28118e-12 0.00000e+00
6.31000e+02 1.37956e-12 0.00000e+00
6.32000e+02 1.48861e-12 0.00000e+00
6.33000e+02 1.49644e-12 0.00000e+00
6.34000e+02 1.29747e-12 0.00000e+00
6.35000e+02 1.38927e-12 0.00000e+00
6.36000e+02 1.38626e-12 0.00000e+00
6.37000e+02 1.46467e-12 0.00000e+00
6.38000e+02 1.34361e-12 0.00000e+00
6.39000e+02 1.42223e-12 0.00000e+00
6.40000e+02 1.44093e-12 0.00000e+00
6.41000e+02 1.41315e-12 0.00000e+00
6.42000e+02 1.29062e-12 0.00000e+00
6.43000e+02 1.47936e-12 0.00000e+00
6.44000e+02 1.65070e-12 0.00000e+00
6.45000e+02 1.34614e-12 0.00000e+00
6.46000e+02 1.58515e-12 0.00000e+00
6.47000e+02 1.33143e-12 0.00000e+00
6.48000e+02 1.18289e-12 0.00000e+00
6.49000e+02 1.28365e-12 0.00000e+00
6.50000e+02 1.45062e-12 0.00000e+00
6.51000e+02 1.24069e-12 0.00000e+00
6.52000e+02 1.52937e-12 0.00000e+00
6.53000e+02 1.31551e-12 0.00000e+00
6.54000e+02 1.29500e-12 0.00000e+00
6.55000e+02 1.26600e-12 0.00000e+00
6.56000e+02 1.54769e-12 0.00000e+00
6.57000e+02 1.47156e-12 0.00000e+00
6.58000e+02 1.36790e-12 0.00000e+00
6.59000e+02 1.39596e-12 0.00000e+00
6.60000e+02 9.97962e-13 0.00000e+00
6.61000e+02 1.15364e-12 0.00000e+00
6.62000e+02 1.32052e-12 0.00000e+00
6.63000e+02 1.30432e-12 0.00000e+00
6.64000e+02 1.37047e-12 0.00000e+00
6.65000e+02 1.48855e-12 0.00000e+00
6.66000e+02 1.31144e-12 0.00000e+00
6.67000e+02 1.32413e-12 0.00000e+00
6.68000e+02 1.16153e-12 0.00000e+00
6.69000e+02 1.29542e-12 0.00000e+00
6.70000e+02 1.20594e-12 0.00000e+00
6.71000e+02 1.46849e-12 0.00000e+00
6.72000e+02 1.15448e-12 0.00000e+00
6.73000e+02 1.16023e-12 0.00000e+00
6.74000e+02 1.18520e-12 0.00000e+00
6.75000e+02 1.05282e-12 0.00000e+00
6.76000e+02 1.21858e-12 0.00000e+00
6.77000e+02 1.07027e-12 0.00000e+00
6.78000e+02 1.35556e-12 0.00000e+00
6.79000e+02 1.19582e-12 0.00000e+00
6.80000e+02 1.16910e-12 0.00000e+00
6.81000e+02 1.36915e-12 0.00000e+00
6.82000e+02 1.26634e-12 0.00000e+00
6.83000e+02 1.31864e-12 0.00000e+00
6.84000e+02 1.08311e-12 0.00000e+00
6.85000e+02 1.48295e-12 0.00000e+00
6.86000e+02 1.02046e-12 0.00000e+00
6.87000e+02 1.10118e-12 0.00000e+00
6.88000e+02 1.26156e-12 0.00000e+00
6.89000e+02 1.03442e-12 0.00000e+00
6.90000e+02 1.16282e-12 0.00000e+00
6.91000e+02 1.22287e-12 0.00000e+00
6.92000e+02 1.15456e-12 0.00000e+00
6.93000e+02 1.29844e-12 0.00000e+00
6.94000e+02 1.35388e-12 0.00000e+00
6.95000e+02 1.25258e-12 0.00000e+00
6.96000e+02 1.25964e-12 0.00000e+00
6.97000e+02 1.13832e-12 0.00000e+00
6.98000e+02 1.05302e-12 0.00000e+00
6.99000e+02 1.03902e-12 0.00000e+00
7.00000e+02 1.31818e-12 0.00000e+00
7.01000e+02 1.27267e-12 0.00000e+00
7.02000e+02 9.82699e-13 0.00000e+00
7.03000e+02 8.33485e-13 0.00000e+00
7.04000e+02 1.01530e-12 0.00000e+00
7.05000e+02 1.10129e-12 0.00000e+00
7.06000e+02 1.11753e-12 0.00000e+00
7.07000e+02 1.23134e-12 0.00000e+00
7.08000e+02 1.02122e-12 0.00000e+00
7.09000e+02 1.14566e-12 0.00000e+00
7.10000e+02 1.13842e-12 0.00000e+00
7.11000e+02 1.09955e-12 0.00000e+00
7.12000e+02 1.07900e-12 0.00000e+00
7.13000e+02 1.15604e-12 0.00000e+00
7.14000e+02 1.13717e-12 0.00000e+00
7.15000e+02 9.24791e-13 0.00000e+00
7.16000e+02 9.86315e-13 0.00000e+00
7.17000e+02 1.04416e-12 0.00000e+00
7.18000e+02 1.12315e-12 0.00000e+00
7.19000e+02 9.14152e-13 0.00000e+00
7.20000e+02 1.02911e-12 0.00000e+00
7.21000e+02 1.03247e-12 0.00000e+00
7.22000e+02 1.08050e-12 0.00000e+00
7.23000e+02 9.91002e-13 0.00000e+00
7.24000e+02 9.83612e-13 0.00000e+00
7.25000e+02 1.03819e-12 0.00000e+00
7.26000e+02 9.65671e-13 0.00000e+00
7.27000e+02 1.16076e-12 0.00000e+00
7.28000e+02 1.03857e-12 0.00000e+00
7.29000e+02 1.07966e-12 0.00000e+00
7.30000e+02 1.10942e-12 0.00000e+00
7.31000e+02 1.11164e-12 0.00000e+00
7.32000e+02 1.20045e-12 0.00000e+00
7.33000e+02 1.01966e-12 0.00000e+00
7.34000e+02 1.16304e-12 0.00000e+00
7.35000e+02 1.13183e-12 0.00000e+00
7.36000e+02 1.04928e-12 0.00000e+00
7.37000e+02 1.05700e-12 0.00000e+00
7.38000e+02 1.00350e-12 0.00000e+00
7.39000e+02 1.05796e-12 0.00000e+00
7.40000e+02 1.01097e-12 0.00000e+00
7.41000e+02 1.06335e-12 0.00000e+00
7.42000e+02 9.21231e-13 0.00000e+00
7.43000e+02 1.04812e-12 0.00000e+00
7.44000e+02 9.91803e-13 0.00000e+00
7.45000e+02 1.00313e-12 0.00000e+00
7.46000e+02 8.30901e-13 0.00000e+00
7.47000e+02 9.13218e-13 0.00000e+00
7.48000e+02 8.88283e-13 0.00000e+00
7.49000e+02 9.86132e-13 0.00000e+00
7.50000e+02 9.86030e-13 0.00000e+00
7.51000e+02 1.01684e-12 0.00000e+00
7.52000e+02 1.06239e-12 0.00000e+00
7.53000e+02 9.41267e-13 0.00000e+00
7.54000e+02 9.56787e-13 0.00000e+00
7.55000e+02 8.54901e-13 0.00000e+00
7.56000e+02 9.25144e-13 0.00000e+00
7.57000e+02 9.80205e-13 0.00000e+00
7.58000e+02 9.37818e-13 0.00000e+00
7.59000e+02 9.32379e-13 0.00000e+00
7.60000e+02 9.56084e-13 0.00000e+00
7.61000e+02 1.02758e-12 0.00000e+00
7.62000e+02 9.09590e-13 0.00000e+00
7.63000e+02 9.18534e-13 0.00000e+00
7.64000e+02 8.13028e-13 0.00000e+00
7.65000e+02 1.00743e-12 0.00000e+00
7.66000e+02 8.94975e-13 0.00000e+00
7.67000e+02 9.77513e-13 0.00000e+00
7.68000e+02 1.03175e-12 0.00000e+00
7.69000e+02 7.57803e-13 0.00000e+00
7.70000e+02 8.69056e-13 0.00000e+00
7.71000e+02 9.49079e-13 0.00000e+00
7.72000e+02 1.02735e-12 0.00000e+00
7.73000e+02 8.04700e-13 0.00000e+00
7.74000e+02 8.94539e-13 0.00000e+00
7.75000e+02 9.27460e-13 0.00000e+00
7.76000e+02 7.73195e-13 0.00000e+00
7.77000e+02 9.14528e-13 0.00000e+00
7.78000e+02 9.14143e-13 0.00000e+00
7.79000e+02 8.35088e-13 0.00000e+00
7.80000e+02 9.35575e-13 0.00000e+00
7.81000e+02 9.07303e-13 0.00000e+00
7.82000e+02 9.49243e-13 0.00000e+00
7.83000e+02 8.27959e-13 0.00000e+00
7.84000e+02 7.76991e-13 0.00000e+00
7.85000e+02 9.68662e-13 0.00000e+00
7.86000e+02 7.70919e-13 0.00000e+00
7.87000e+02 1.07534e-12 0.00000e+00
7.88000e+02 9.98848e-13 0.00000e+00
7.89000e+02 7.76086e-13 0.00000e+00
7.90000e+02 8.64028e-13 0.00000e+00
7.91000e+02 7.62852e-13 0.00000e+00
7.92000e+02 8.22941e-13 0.00000e+00
7.93000e+02 8.44886e-13 0.00000e+00
7.94000e+02 9.16106e-13 0.00000e+00
7.95000e+02 8.55058e-13 0.00000e+00
7.96000e+02 8.77859e-13 0.00000e+00
7.97000e+02 8.32971e-13 0.00000e+00
7.98000e+02 8.00708e-13 0.00000e+00
7.99000e+02 7.25368e-13 0.00000e+00
8.00000e+02 8.44263e-13 0.00000e+00
8.01000e+02 9.33227e-13 0.00000e+00
8.02000e+02 9.08291e-13 0.00000e+00
8.03000e+02 6.59092e-13 0.00000e+00
8.04000e+02 7.70787e-13 0.00000e+00
8.05000e+02 6.05533e-13 0.00000e+00
8.06000e+02 8.91872e-13 0.00000e+00
8.07000e+02 7.07175e-13 0.00000e+00
8.08000e+02 7.17359e-13 0.00000e+00
8.09000e+02 7.73834e-13 0.00000e+00
8.10000e+02 8.69375e-13 0.00000e+00
8.11000e+02 7.68348e-13 0.00000e+00
8.12000e+02 6.41410e-13 0.00000e+00
8.13000e+02 7.92193e-13 0.00000e+00
8.14000e+02 8.54081e-13 0.00000e+00
8.15000e+02 7.88991e-13 0.00000e+00
8.16000e+02 7.04180e-13 0.00000e+00
8.17000e+02 6.62920e-13 0.00000e+00
8.18000e+02 7.40921e-13 0.00000e+00
8.19000e+02 7.71911e-13 0.00000e+00
8.20000e+02 8.01524e-13 0.00000e+00
8.21000e+02 7.28490e-13 0.00000e+00
8.22000e+02 7.11128e-13 0.00000e+00
8.23000e+02 6.71818e-13 0.00000e+00
8.24000e+02 7.35829e-13 0.00000e+00
8.25000e+02 7.21347e-13 0.00000e+00
8.26000e+02 7.53910e-13 0.00000e+00
8.27000e+02 8.28534e-13 0.00000e+00
8.28000e+02 7.98933e-13 0.00000e+00
8.29000e+02 8.21417e-13 0.00000e+00
8.30000e+02 8.13115e-13 0.00000e+00
8.31000e+02 7.41744e-13 0.00000e+00
8.32000e+02 6.86536e-13 0.00000e+00
8.33000e+02 6.64976e-13 0.00000e+00
8.34000e+02 7.92318e-13 0.00000e+00
8.35000e+02 7.81234e-13 0.00000e+00
8.36000e+02 7.83933e-13 0.00000e+00
8.37000e+02 7.04359e-13 0.00000e+00
8.38000e+02 6.72550e-13 0.00000e+00
8.39000e+02 6.98938e-13 0.00000e+00
8.40000e+02 7.11174e-13 0.00000e+00
8.41000e+02 7.59351e-13 0.00000e+00
8.42000e+02 6.46309e-13 0.00000e+00
8.43000e+02 7.45121e-13 0.00000e+00
8.44000e+02 6.31559e-13 0.00000e+00
8.45000e+02 7.39398e-13 0.00000e+00
8.46000e+02 8.01222e-13 0.00000e+00
8.47000e+02 5.79886e-13 0.00000e+00
8.48000e+02 7.23646e-13 0.00000e+00
8.49000e+02 5.83469e-13 0.00000e+00
8.50000e+02 6.20342e-13 0.00000e+00
8.51000e+02 7.12146e-13 0.00000e+00
8.52000e+02 7.27006e-13 0.00000e+00
8.53000e+02 6.81974e-13 0.00000e+00
8.54000e+02 6.65221e-13 0.00000e+00
8.55000e+02 6.98615e-13 0.00000e+00
8.56000e+02 7.08229e-13 0.00000e+00
8.57000e+02 6.57272e-13 0.00000e+00
8.58000e+02 7.27754e-13 0.00000e+00
8.59000e+02 6.69724e-13 0.00000e+00
8.60000e+02 6.35020e-13 0.00000e+00
8.61000e+02 6.12132e-13 0.00000e+00
8.62000e+02 6.20122e-13 0.00000e+00
8.63000e+02 6.14514e-13 0.00000e+00
8.64000e+02 5.78902e-13 0.00000e+00
8.65000e+02 5.58847e-13 0.00000e+00
8.66000e+02 6.85513e-13 0.00000e+00
8.67000e+02 5.90758e-13 0.00000e+00
8.68000e+02 5.78937e-13 0.00000e+00
8.69000e+02 7.31470e-13 0.00000e+00
8.70000e+02 7.66686e-13 0.00000e+00
8.71000e+02 6.48825e-13 0.00000e+00
8.72000e+02 6.66619e-13 0.00000e+00
8.73000e+02 6.07090e-13 0.00000e+00
8.74000e+02 5.56464e-13 0.00000e+00
8.75000e+02 6.21474e-13 0.00000e+00
8.76000e+02 5.97719e-13 0.00000e+00
8.77000e+02 6.36095e-13 0.00000e+00
8.78000e+02 6.45988e-13 0.00000e+00
8.79000e+02 5.71211e-13 0.00000e+00
8.80000e+02 6.25200e-13 0.00000e+00
8.81000e+02 5.22010e-13 0.00000e+00
8.82000e+02 5.88455e-13 0.00000e+00
8.83000e+02 5.71982e-13 0.00000e+00
8.84000e+02 6.45785e-13 0.00000e+00
8.85000e+02 5.58968e-13 0.00000e+00
8.86000e+02 6.27204e-13 0.00000e+00
8.87000e+02 6.18211e-13 0.00000e+00
8.88000e+02 6.20996e-13 0.00000e+00
8.89000e+02 6.06140e-13 0.00000e+00
8.90000e+02 6.10825e-13 0.00000e+00
8.91000e+02 5.93260e-13 0.00000e+00
8.92000e+02 6.28858e-13 0.00000e+00
8.93000e+02 5.96386e-13 0.00000e+00
8.94000e+02 5.93065e-13 0.00000e+00
8.95000e+02 6.16924e-13 0.00000e+00
8.96000e+02 6.18676e-13 0.00000e+00
8.97000e+02 6.25976e-13 0.00000e+00
8.98000e+02 6.18853e-13 0.00000e+00
8.99000e+02 5.68837e-13 0.00000e+00
9.00000e+02 5.78430e-13 0.00000e+00
9.01000e+02 5.54350e-13 0.00000e+00
9.02000e+02 5.87154e-13 0.00000e+00
9.03000e+02 5.54736e-13 0.00000e+00
9.04000e+02 5.01910e-13 0.00000e+00
9.05000e+02 5.94613e-13 0.00000e+00
9.06000e+02 5.38138e-13 0.00000e+00
9.07000e+02 6.05272e-13 0.00000e+00
9.08000e+02 4.94548e-13 0.00000e+00
9.09000e+02 5.49685e-13 0.00000e+00
9.10000e+02 4.86894e-13 0.00000e+00
9.11000e+02 5.02017e-13 0.00000e+00
9.12000e+02 5.75524e-13 0.00000e+00
9.13000e+02 5.39880e-13 0.00000e+00
9.14000e+02 5.15313e-13 0.00000e+00
9.15000e+02 5.60009e-13 0.00000e+00
9.16000e+02 5.37406e-13 0.00000e+00
9.17000e+02 5.18373e-13 0.00000e+00
9.18000e+02 5.61390e-13 0.00000e+00
9.19000e+02 5.16614e-13 0.00000e+00
9.20000e+02 4.80534e-13 0.00000e+00
9.21000e+02 5.46678e-13 0.00000e+00
9.22000e+02 5.73717e-13 0.00000e+00
9.23000e+02 5.14950e-13 0.00000e+00
9.24000e+02 5.63560e-13 0.00000e+00
9.25000e+02 5.58791e-13 0.00000e+00
9.26000e+02 5.17176e-13 0.00000e+00
9.27000e+02 5.94473e-13 0.00000e+00
9.28000e+02 5.36855e-13 0.00000e+00
9.29000e+02 4.67592e-13 0.00000e+00
9.30000e+02 5.06011e-13 0.00000e+00
9.31000e+02 5.22998e-13 0.00000e+00
9.32000e+02 4.83405e-13 0.00000e+00
9.33000e+02 5.36068e-13 0.00000e+00
9.34000e+02 4.97118e-13 0.00000e+00
9.35000e+02 4.53226e-13 0.00000e+00
9.36000e+02 5.68032e-13 0.00000e+00
9.37000e+02 4.82786e-13 0.00000e+00
9.38000e+02 5.13574e-13 0.00000e+00
9.39000e+02 5.46928e-13 0.00000e+00
9.40000e+02 5.18286e-13 0.00000e+00
9.41000e+02 4.58393e-13 0.00000e+00
9.42000e+02 5.34973e-13 0.00000e+00
9.43000e+02 4.68523e-13 0.00000e+00
9.44000e+02 4.91772e-13 0.00000e+00
9.45000e+02 4.88208e-13 0.00000e+00
9.46000e+02 5.25798e-13 0.00000e+00
9.47000e+02 4.76963e-13 0.00000e+00
9.48000e+02 4.57898e-13 0.00000e+00
9.49000e+02 4.30920e-13 0.00000e+00
9.50000e+02 4.83078e-13 0.00000e+00
9.51000e+02 4.64296e-13 0.00000e+00
9.52000e+02 4.51241e-13 0.00000e+00
9.53000e+02 4.42071e-13 0.00000e+00
9.54000e+02 4.71518e-13 0.00000e+00
9.55000e+02 5.19255e-13 0.00000e+00
9.56000e+02 4.92419e-13 0.00000e+00
9.57000e+02 4.15431e-13 0.00000e+00
9.58000e+02 4.35340e-13 0.00000e+00
9.59000e+02 4.55041e-13 0.00000e+00
9.60000e+02 5.05471e-13 0.00000e+00
9.61000e+02 4.79387e-13 0.00000e+00
9.62000e+02 4.17045e-13 0.00000e+00
9.63000e+02 4.23369e-13 0.00000e+00
9.64000e+02 4.94778e-13 0.00000e+00
9.65000e+02 4.96125e-13 0.00000e+00
9.66000e+02 4.51598e-13 0.00000e+00
9.67000e+02 4.60091e-13 0.00000e+00
9.68000e+02 3.87537e-13 0.00000e+00
9.69000e+02 4.36444e-13 0.00000e+00
9.70000e+02 4.45887e-13 0.00000e+00
9.71000e+02 4.87841e-13 0.00000e+00
9.72000e+02 4.48580e-13 0.00000e+00
9.73000e+02 3.73431e-13 0.00000e+00
9.74000e+02 4.60097e-13 0.00000e+00
9.75000e+02 4.62963e-13 0.00000e+00
9.76000e+02 3.81255e-13 0.00000e+00
9.77000e+02 5.03083e-13 0.00000e+00
9.78000e+02 4.42560e-13 0.00000e+00
9.79000e+02 4.11847e-13 0.00000e+00
9.80000e+02 4.27536e-13 0.00000e+00
9.81000e+02 4.17617e-13 0.00000e+00
9.82000e+02 4.14042e-13 0.00000e+00
9.83000e+02 4.79190e-13 0.00000e+00
9.84000e+02 4.32845e-13 0.00000e+00
9.85000e+02 4.89707e-13 0.00000e+00
9.86000e+02 4.10441e-13 0.00000e+00
9.87000e+02 4.57641e-13 0.00000e+00
9.88000e+02 4.38899e-13 0.00000e+00
9.89000e+02 3.90605e-13 0.00000e+00
9.90000e+02 3.78158e-13 0.00000e+00
9.91000e+02 3.99185e-13 0.00000e+00
9.92000e+02 3.81202e-13 0.00000e+00
9.93000e+02 3.97108e-13 0.00000e+00
9.94000e+02 4.06823e-13 0.00000e+00
9.95000e+02 4.10131e-13 0.00000e+00
9.96000e+02 4.11543e-13 0.00000e+00
9.97000e+02 3.74083e-13 0.00000e+00
9.98000e+02 3.77022e-13 0.00000e+00
9.99000e+02 3.98628e-13 0.00000e+00
1.00000e+03 4.12218e-13 0.00000e+00
1.00100e+03 3.73650e-13 0.00000e+00
1.00200e+03 4.07846e-13 0.00000e+00
1.00300e+03 3.87657e-13 0.00000e+00
1.00400e+03 4.02425e-13 0.00000e+00
1.00500e+03 3.80065e-13 0.00000e+00
1.00600e+03 3.77982e-13 0.00000e+00
1.00700e+03 3.60927e-13 0.00000e+00
1.00800e+03 4.20931e-13 0.00000e+00
1.00900e+03 3.89787e-13 0.00000e+00
1.01000e+03 4.19767e-13 0.00000e+00
1.01100e+03 3.93646e-13 0.00000e+00
1.01200e+03 3.56968e-13 0.00000e+00
1.01300e+03 3.83344e-13 0.00000e+00
1.01400e+03 4.23572e-13 0.00000e+00
1.01500e+03 3.77449e-13 0.00000e+00
1.01600e+03 3.62993e-13 0.00000e+00
1.01700e+03 3.65297e-13 0.00000e+00
1.01800e+03 3.67912e-13 0.00000e+00
1.01900e+03 3.71674e-13 0.00000e+00
1.02000e+03 3.92978e-13 0.00000e+00
1.02100e+03 3.66085e-13 0.00000e+00
1.02200e+03 3.57176e-13 0.00000e+00
1.02300e+03 3.74846e-13 0.00000e+00
1.02400e+03 3.67953e-13 0.00000e+00
1.02500e+03 3.44502e-13 0.00000e+00
1.02600e+03 3.25623e-13 0.00000e+00
1.02700e+03 3.15932e-13 0.00000e+00
1.02800e+03 3.35594e-13 0.00000e+00
1.02900e+03 3.53797e-13 0.00000e+00
1.03000e+03 3.08169e-13 0.00000e+00
1.03100e+03 3.76122e-13 0.00000e+00
1.03200e+03 3.29027e-13 0.00000e+00
1.03300e+03 3.70752e-13 0.00000e+00
1.03400e+03 2.98886e-13 0.00000e+00
1.03500e+03 3.17833e-13 0.00000e+00
1.03600e+03 3.48401e-13 0.00000e+00
1.03700e+03 3.38643e-13 0.00000e+00
1.03800e+03 3.04375e-13 0.00000e+00
1.03900e+03 3.61758e-13 0.00000e+00
1.04000e+03 3.44842e-13 0.00000e+00
1.04100e+03 3.57044e-13 0.00000e+00
1.04200e+03 3.71049e-13 0.00000e+00
1.04300e+03 3.36561e-13 0.00000e+00
1.04400e+03 3.51252e-13 0.00000e+00
1.04500e+03 3.22323e-13 0.00000e+00
1.04600e+03 3.61386e-13 0.00000e+00
1.04700e+03 3.05500e-13 0.00000e+00
1.04800e+03 3.13886e-13 0.00000e+00
1.04900e+03 3.06700e-13 0.00000e+00
1.05000e+03 3.71095e-13 0.00000e+00
1.05100e+03 3.12952e-13 0.00000e+00
1.05200e+03 3.49459e-13 0.00000e+00
1.05300e+03 3.62527e-13 0.00000e+00
1.05400e+03 3.17565e-13 0.00000e+00
1.05500e+03 3.29696e-13 0.00000e+00
1.05600e+03 3.21717e-13 0.00000e+00
1.05700e+03 3.29316e-13 0.00000e+00
1.05800e+03 2.80517e-13 0.00000e+00
1.05900e+03 3.11044e-13 0.00000e+00
1.06000e+03 2.96758e-13 0.00000e+00
1.06100e+03 3.15732e-13 0.00000e+00
1.06200e+03 3.82615e-13 0.00000e+00
1.06300e+03 3.51441e-13 0.00000e+00
1.06400e+03 3.43953e-13 0.00000e+00
1.06500e+03 2.68084e-13 0.00000e+00
1.06600e+03 3.22604e-13 0.00000e+00
1.06700e+03 2.84902e-13 0.00000e+00
1.06800e+03 2.60763e-13 0.00000e+00
1.06900e+03 2.98961e-13 0.00000e+00
1.07000e+03 2.78468e-13 0.00000e+00
1.07100e+03 2.98334e-13 0.00000e+00
1.07200e+03 2.85593e-13 0.00000e+00
1.07300e+03 2.90143e-13 0.00000e+00
1.07400e+03 2.96291e-13 0.00000e+00
1.07500e+03 2.75820e-13 0.00000e+00
1.07600e+03 2.89470e-13 0.00000e+00
1.07700e+03 2.98364e-13 0.00000e+00
1.07800e+03 3.15500e-13 0.00000e+00
1.07900e+03 3.37894e-13 0.00000e+00
1.08000e+03 2.96415e-13 0.00000e+00
1.08100e+03 2.68323e-13 0.00000e+00
1.08200e+03 2.89230e-13 0.00000e+00
1.08300e+03 2.81544e-13 0.00000e+00
1.08400e+03 2.69101e-13 0.00000e+00
1.08500e+03 3.20308e-13 0.00000e+00
1.08600e+03 2.78852e-13 0.00000e+00
1.08700e+03 2.99538e-13 0.00000e+00
1.08800e+03 2.85114e-13 0.00000e+00
1.08900e+03 2.58793e-13 0.00000e+00
1.09000e+03 2.79100e-13 0.00000e+00
1.09100e+03 2.46977e-13 0.00000e+00
1.09200e+03 2.87594e-13 0.00000e+00
1.09300e+03 3.06583e-13 0.00000e+00
1.09400e+03 2.93839e-13 0.00000e+00
1.09500e+03 2.92302e-13 0.00000e+00
1.09600e+03 2.85268e-13 0.00000e+00
1.09700e+03 2.65617e-13 0.00000e+00
1.09800e+03 2.57711e-13 0.00000e+00
1.09900e+03 2.85798e-13 0.00000e+00
1.10000e+03 2.45537e-13 0.00000e+00
1.10100e+03 2.62732e-13 0.00000e+00
1.10200e+03 2.44407e-13 0.00000e+00
1.10300e+03 2.75440e-13 0.00000e+00
1.10400e+03 2.79510e-13 0.00000e+00
1.10500e+03 2.56800e-13 0.00000e+00
1.10600e+03 2.99578e-13 0.00000e+00
1.10700e+03 2.60869e-13 0.00000e+00
1.10800e+03 2.63578e-13 0.00000e+00
1.10900e+03 2.58371e-13 0.00000e+00
1.11000e+03 2.41467e-13 0.00000e+00
1.11100e+03 2.41674e-13 0.00000e+00
1.11200e+03 2.67091e-13 0.00000e+00
1.11300e+03 2.32636e-13 0.00000e+00
1.11400e+03 2.17633e-13 0.00000e+00
1.11500e+03 2.51430e-13 0.00000e+00
1.11600e+03 2.68251e-13 0.00000e+00
1.11700e+03 2.66502e-13 0.00000e+00
1.11800e+03 2.40843e-13 0.00000e+00
1.11900e+03 2.60199e-13 0.00000e+00
1.12000e+03 2.25317e-13 0.00000e+00
1.12100e+03 2.78595e-13 0.00000e+00
1.12200e+03 2.33557e-13 0.00000e+00
1.12300e+03 2.47938e-13 0.00000e+00
1.12400e+03 2.46003e-13 0.00000e+00
1.12500e+03 2.27986e-13 0.00000e+00
1.12600e+03 2.23638e-13 0.00000e+00
1.12700e+03 2.35580e-13 0.00000e+00
1.12800e+03 2.51467e-13 0.00000e+00
1.12900e+03 2.64865e-13 0.00000e+00
1.13000e+03 2.47710e-13 0.00000e+00
1.13100e+03 2.28504e-13 0.00000e+00
1.13200e+03 2.29456e-13 0.00000e+00
1.13300e+03 2.58420e-13 0.00000e+00
1.13400e+03 2.30778e-13 0.00000e+00
1.13500e+03 2.34242e-13 0.00000e+00
1.13600e+03 1.99518e-13 0.00000e+00
1.13700e+03 2.35202e-13 0.00000e+00
1.13800e+03 2.48757e-13 0.00000e+00
1.13900e+03 2.49080e-13 0.00000e+00
1.14000e+03 2.51208e-13 0.00000e+00
1.14100e+03 2.17904e-13 0.00000e+00
1.14200e+03 2.29308e-13 0.00000e+00
1.14300e+03 2.27421e-13 0.00000e+00
1.14400e+03 2.28390e-13 0.00000e+00
1.14500e+03 2.20464e-13 0.00000e+00
1.14600e+03 2.12003e-13 0.00000e+00
1.14700e+03 2.20745e-13 0.00000e+00
1.14800e+03 2.07305e-13 0.00000e+00
1.14900e+03 2.08741e-13 0.00000e+00
1.15000e+03 2.45865e-13 0.00000e+00
1.15100e+03 2.05522e-13 0.00000e+00
1.15200e+03 2.20593e-13 0.00000e+00
1.15300e+03 2.31554e-13 0.00000e+00
1.15400e+03 2.22828e-13 0.00000e+00
1.15500e+03 2.16132e-13 0.00000e+00
1.15600e+03 2.19225e-13 0.00000e+00
1.15700e+03 2.38747e-13 0.00000e+00
1.15800e+03 2.06514e-13 0.00000e+00
1.15900e+03 2.28928e-13 0.00000e+00
1.16000e+03 1.93973e-13 0.00000e+00
1.16100e+03 2.00743e-13 0.00000e+00
1.16200e+03 2.15873e-13 0.00000e+00
1.16300e+03 2.17321e-13 0.00000e+00
1.16400e+03 2.15169e-13 0.00000e+00
1.16500e+03 2.02361e-13 0.00000e+00
1.16600e+03 2.21229e-13 0.00000e+00
1.16700e+03 2.05788e-13 0.00000e+00
1.16800e+03 2.04141e-13 0.00000e+00
1.16900e+03 2.03956e-13 0.00000e+00
1.17000e+03 1.99569e-13 0.00000e+00
1.17100e+03 2.09818e-13 0.00000e+00
1.17200e+03 2.23567e-13 0.00000e+00
1.17300e+03 1.89561e-13 0.00000e+00
1.17400e+03 2.37733e-13 0.00000e+00
1.17500e+03 1.93878e-13 0.00000e+00
1.17600e+03 1.96977e-13 0.00000e+00
1.17700e+03 2.22039e-13 0.00000e+00
1.17800e+03 1.95530e-13 0.00000e+00
1.17900e+03 1.84110e-13 0.00000e+00
1.18000e+03 2.08446e-13 0.00000e+00
1.18100e+03 1.83261e-13 0.00000e+00
1.18200e+03 1.91563e-13 0.00000e+00
1.18300e+03 1.83788e-13 0.00000e+00
1.18400e+03 1.75303e-13 0.00000e+00
1.18500e+03 2.01473e-13 0.00000e+00
1.18600e+03 1.98998e-13 0.00000e+00
1.18700e+03 2.03351e-13 0.00000e+00
1.18800e+03 1.82637e-13 0.00000e+00
1.18900e+03 1.84837e-13 0.00000e+00
1.19000e+03 1.77457e-13 0.00000e+00
1.19100e+03 2.14103e-13 0.00000e+00
1.19200e+03 1.91811e-13 0.00000e+00
1.19300e+03 1.69396e-13 0.00000e+00
1.19400e+03 1.90017e-13 0.00000e+00
1.19500e+03 1.99291e-13 0.00000e+00
1.19600e+03 1.94435e-13 0.00000e+00
1.19700e+03 1.89819e-13 0.00000e+00
1.19800e+03 1.74334e-13 0.00000e+00
1.19900e+03 1.78271e-13 0.00000e+00
1.20000e+03 1.82025e-13 0.00000e+00
1.20100e+03 1.70313e-13 0.00000e+00
1.20200e+03 1.54920e-13 0.00000e+00
1.20300e+03 1.79054e-13 0.00000e+00
1.20400e+03 1.75977e-13 0.00000e+00
1.20500e+03 1.84862e-13 0.00000e+00
1.20600e+03 1.88045e-13 0.00000e+00
1.20700e+03 1.77654e-13 0.00000e+00
1.20800e+03 1.81582e-13 0.00000e+00
1.20900e+03 1.62313e-13 0.00000e+00
1.21000e+03 1.88142e-13 0.00000e+00
1.21100e+03 1.72759e-13 0.00000e+00
1.21200e+03 1.79243e-13 0.00000e+00
1.21300e+03 1.65424e-13 0.00000e+00
1.21400e+03 1.69522e-13 0.00000e+00
1.21500e+03 1.80192e-13 0.00000e+00
1.21600e+03 1.66668e-13 0.00000e+00
1.21700e+03 1.77640e-13 0.00000e+00
1.21800e+03 1.54772e-13 0.00000e+00
1.21900e+03 1.64630e-13 0.00000e+00
1.22000e+03 1.80808e-13 0.00000e+00
1.22100e+03 1.67257e-13 0.00000e+00
1.22200e+03 1.62356e-13 0.00000e+00
1.22300e+03 1.63778e-13 0.00000e+00
1.22400e+03 1.65911e-13 0.00000e+00
1.22500e+03 1.60987e-13 0.00000e+00
1.22600e+03 1.55497e-13 0.00000e+00
1.22700e+03 1.63407e-13 0.00000e+00
1.22800e+03 1.65865e-13 0.00000e+00
1.22900e+03 1.59552e-13 0.00000e+00
1.23000e+03 1.66624e-13 0.00000e+00
1.23100e+03 1.63875e-13 0.00000e+00
1.23200e+03 1.72970e-13 0.00000e+00
1.23300e+03 1.49146e-13 0.00000e+00
1.23400e+03 1.57579e-13 0.00000e+00
1.23500e+03 1.39873e-13 0.00000e+00
1.23600e+03 1.64915e-13 0.00000e+00
1.23700e+03 1.61547e-13 0.00000e+00
1.23800e+03 1.31107e-13 0.00000e+00
1.23900e+03 1.53863e-13 0.00000e+00
1.24000e+03 1.58886e-13 0.00000e+00
1.24100e+03 1.36892e-13 0.00000e+00
1.24200e+03 1.52309e-13 0.00000e+00
1.24300e+03 1.32022e-13 0.00000e+00
1.24400e+03 1.35919e-13 0.00000e+00
1.24500e+03 1.40072e-13 0.00000e+00
1.24600e+03 1.24227e-13 0.00000e+00
1.24700e+03 1.50792e-13 0.00000e+00
1.24800e+03 1.37089e-13 0.00000e+00
1.24900e+03 1.47514e-13 0.00000e+00
1.25000e+03 1.40340e-13 0.00000e+00
1.25100e+03 1.32351e-13 0.00000e+00
1.25200e+03 1.32538e-13 0.00000e+00
1.25300e+03 1.61985e-13 0.00000e+00
1.25400e+03 1.39765e-13 0.00000e+00
1.25500e+03 1.33404e-13 0.00000e+00
1.25600e+03 1.33611e-13 0.00000e+00
1.25700e+03 1.32018e-13 0.00000e+00
1.25800e+03 1.43696e-13 0.00000e+00
1.25900e+03 1.42833e-13 0.00000e+00
1.26000e+03 1.27005e-13 0.00000e+00
1.26100e+03 1.48422e-13 0.00000e+00
1.26200e+03 1.41821e-13 0.00000e+00
1.26300e+03 1.34317e-13 0.00000e+00
1.26400e+03 1.36355e-13 0.00000e+00
1.26500e+03 1.42037e-13 0.00000e+00
1.26600e+03 1.46787e-13 0.00000e+00
1.26700e+03 1.36169e-13 0.00000e+00
1.26800e+03 1.31901e-13 0.00000e+00
1.26900e+03 1.32266e-13 0.00000e+00
1.27000e+03 1.34536e-13 0.00000e+00
1.27100e+03 1.35601e-13 0.00000e+00
1.27200e+03 1.53291e-13 0.00000e+00
1.27300e+03 1.39678e-13 0.00000e+00
1.27400e+03 1.24517e-13 0.00000e+00
1.27500e+03 1.30299e-13 0.00000e+00
1.27600e+03 1.43594e-13 0.00000e+00
1.27700e+03 1.25054e-13 0.00000e+00
1.27800e+03 1.14316e-13 0.00000e+00
1.27900e+03 1.19737e-13 0.00000e+00
1.28000e+03 1.32599e-13 0.00000e+00
1.28100e+03 1.30139e-13 0.00000e+00
1.28200e+03 1.33367e-13 0.00000e+00
1.28300e+03 1.30363e-13 0.00000e+00
1.28400e+03 1.29175e-13 0.00000e+00
1.28500e+03 1.24733e-13 0.00000e+00
1.28600e+03 1.19435e-13 0.00000e+00
1.28700e+03 1.13994e-13 0.00000e+00
1.28800e+03 1.35205e-13 0.00000e+00
1.28900e+03 1.27454e-13 0.00000e+00
1.29000e+03 1.20416e-13 0.00000e+00
1.29100e+03 1.23339e-13 0.00000e+00
1.29200e+03 1.18978e-13 0.00000e+00
1.29300e+03 1.30525e-13 0.00000e+00
1.29400e+03 1.30394e-13 0.00000e+00
1.29500e+03 1.29336e-13 0.00000e+00
1.29600e+03 1.17262e-13 0.00000e+00
1.29700e+03 1.08143e-13 0.00000e+00
1.29800e+03 1.11317e-13 0.00000e+00
1.29900e+03 1.14058e-13 0.00000e+00
1.30000e+03 1.12696e-13 0.00000e+00
1.30100e+03 1.05636e-13 0.00000e+00
1.30200e+03 1.24895e-13 0.00000e+00
1.30300e+03 1.02418e-13 0.00000e+00
1.30400e+03 1.18750e-13 0.00000e+00
1.30500e+03 1.15102e-13 0.00000e+00
1.30600e+03 1.22475e-13 0.00000e+00
1.30700e+03 1.08198e-13 0.00000e+00
1.30800e+03 1.07896e-13 0.00000e+00
1.30900e+03 1.07163e-13 0.00000e+00
1.31000e+03 1.09067e-13 0.00000e+00
1.31100e+03 1.11665e-13 0.00000e+00
1.31200e+03 1.11136e-13 0.00000e+00
1.31300e+03 1.08953e-13 0.00000e+00
1.31400e+03 1.08904e-13 0.00000e+00
1.31500e+03 1.08849e-13 0.00000e+00
1.31600e+03 1.14448e-13 0.00000e+00
1.31700e+03 1.07969e-13 0.00000e+00
1.31800e+03 1.07614e-13 0.00000e+00
1.31900e+03 1.06694e-13 0.00000e+00
1.32000e+03 1.06140e-13 0.00000e+00
1.32100e+03 1.11773e-13 0.00000e+00
1.32200e+03 1.03819e-13 0.00000e+00
1.32300e+03 1.08807e-13 0.00000e+00
1.32400e+03 1.09682e-13 0.00000e+00
1.32500e+03 1.10383e-13 0.00000e+00
1.32600e+03 1.00276e-13 0.00000e+00
1.32700e+03 1.07672e-13 0.00000e+00
1.32800e+03 1.03867e-13 0.00000e+00
1.32900e+03 1.05895e-13 0.00000e+00
1.33000e+03 9.99857e-14 0.00000e+00
1.33100e+03 8.97700e-14 0.00000e+00
1.33200e+03 1.12702e-13 0.00000e+00
1.33300e+03 1.08745e-13 0.00000e+00
1.33400e+03 1.06870e-13 0.00000e+00
1.33500e+03 9.98580e-14 0.00000e+00
1.33600e+03 1.02498e-13 0.00000e+00
1.33700e+03 9.55495e-14 0.00000e+00
1.33800e+03 9.62432e-14 0.00000e+00
1.33900e+03 8.89214e-14 0.00000e+00
1.34000e+03 9.81997e-14 0.00000e+00
1.34100e+03 1.02031e-13 0.00000e+00
1.34200e+03 9.60860e-14 0.00000e+00
1.34300e+03 9.90642e-14 0.00000e+00
1.34400e+03 1.06441e-13 0.00000e+00
1.34500e+03 9.96519e-14 0.00000e+00
1.34600e+03 9.58236e-14 0.00000e+00
1.34700e+03 8.95990e-14 0.00000e+00
1.34800e+03 1.00344e-13 0.00000e+00
1.34900e+03 9.19730e-14 0.00000e+00
1.35000e+03 8.68205e-14 0.00000e+00
1.35100e+03 8.94901e-14 0.00000e+00
1.35200e+03 9.39012e-14 0.00000e+00
1.35300e+03 8.48006e-14 0.00000e+00
1.35400e+03 8.88289e-14 0.00000e+00
1.35500e+03 9.18919e-14 0.00000e+00
1.35600e+03 9.68156e-14 0.00000e+00
1.35700e+03 8.74742e-14 0.00000e+00
1.35800e+03 9.33537e-14 0.00000e+00
1.35900e+03 8.99212e-14 0.00000e+00
1.36000e+03 8.57079e-14 0.00000e+00
1.36100e+03 1.01662e-13 0.00000e+00
1.36200e+03 8.80317e-14 0.00000e+00
1.36300e+03 8.70051e-14 0.00000e+00
1.36400e+03 8.43104e-14 0.00000e+00
1.36500e+03 8.04478e-14 0.00000e+00
1.36600e+03 7.84061e-14 0.00000e+00
1.36700e+03 8.69497e-14 0.00000e+00
1.36800e+03 9.86471e-14 0.00000e+00
1.36900e+03 8.45175e-14 0.00000e+00
1.37000e+03 8.42203e-14 0.00000e+00
1.37100e+03 8.56168e-14 0.00000e+00
1.37200e+03 8.47736e-14 0.00000e+00
1.37300e+03 8.65852e-14 0.00000e+00
1.37400e+03 7.97566e-14 0.00000e+00
1.37500e+03 8.71503e-14 0.00000e+00
1.37600e+03 8.03182e-14 0.00000e+00
1.37700e+03 7.62624e-14 0.00000e+00
1.37800e+03 7.99192e-14 0.00000e+00
1.37900e+03 8.05883e-14 0.00000e+00
1.38000e+03 7.87275e-14 0.00000e+00
1.38100e+03 8.15590e-14 0.00000e+00
1.38200e+03 9.14456e-14 0.00000e+00
1.38300e+03 8.14681e-14 0.00000e+00
1.38400e+03 7.37120e-14 0.00000e+00
1.38500e+03 7.88774e-14 0.00000e+00
1.38600e+03 9.56902e-14 0.00000e+00
1.38700e+03 7.34042e-14 0.00000e+00
1.38800e+03 8.01764e-14 0.00000e+00
1.38900e+03 8.27646e-14 0.00000e+00
1.39000e+03 7.06615e-14 0.00000e+00
1.39100e+03 7.96991e-14 0.00000e+00
1.39200e+03 7.55730e-14 0.00000e+00
1.39300e+03 7.57579e-14 0.00000e+00
1.39400e+03 8.16885e-14 0.00000e+00
1.39500e+03 7.90733e-14 0.00000e+00
1.39600e+03 7.71265e-14 0.00000e+00
1.39700e+03 7.53553e-14 0.00000e+00
1.39800e+03 7.53887e-14 0.00000e+00
1.39900e+03 7.36701e-14 0.00000e+00
1.40000e+03 8.32585e-14 0.00000e+00
1.40100e+03 7.79424e-14 0.00000e+00
1.40200e+03 7.30753e-14 0.00000e+00
1.40300e+03 7.28147e-14 0.00000e+00
1.40400e+03 6.87165e-14 0.00000e+00
1.40500e+03 6.67118e-14 0.00000e+00
1.40600e+03 7.48659e-14 0.00000e+00
1.40700e+03 7.79847e-14 0.00000e+00
1.40800e+03 7.37392e-14 0.00000e+00
1.40900e+03 7.01106e-14 0.00000e+00
1.41000e+03 7.68144e-14 0.00000e+00
1.41100e+03 6.62726e-14 0.00000e+00
1.41200e+03 7.36284e-14 0.00000e+00
1.41300e+03 7.31462e-14 0.00000e+00
1.41400e+03 6.71260e-14 0.00000e+00
1.41500e+03 7.22276e-14 0.00000e+00
1.41600e+03 6.33009e-14 0.00000e+00
1.41700e+03 6.78616e-14 0.00000e+00
1.41800e+03 6.27889e-14 0.00000e+00
1.41900e+03 7.16845e-14 0.00000e+00
1.42000e+03 6.82100e-14 0.00000e+00
1.42100e+03 6.65474e-14 0.00000e+00
1.42200e+03 6.60940e-14 0.00000e+00
1.42300e+03 6.55495e-14 0.00000e+00
1.42400e+03 6.46299e-14 0.00000e+00
1.42500e+03 5.89428e-14 0.00000e+00
1.42600e+03 6.89401e-14 0.00000e+00
1.42700e+03 6.62208e-14 0.00000e+00
1.42800e+03 6.25840e-14 0.00000e+00
1.42900e+03 6.68232e-14 0.00000e+00
1.43000e+03 6.61639e-14 0.00000e+00
1.43100e+03 6.19289e-14 0.00000e+00
1.43200e+03 6.12428e-14 0.00000e+00
1.43300e+03 6.97915e-14 0.00000e+00
1.43400e+03 6.53125e-14 0.00000e+00
1.43500e+03 6.32032e-14 0.00000e+00
1.43600e+03 6.89356e-14 0.00000e+00
1.43700e+03 5.84335e-14 0.00000e+00
1.43800e+03 6.27759e-14 0.00000e+00
1.43900e+03 6.19928e-14 0.00000e+00
1.44000e+03 6.13721e-14 0.00000e+00
1.44100e+03 7.02206e-14 0.00000e+00
1.44200e+03 5.83424e-14 0.00000e+00
1.44300e+03 6.09518e-14 0.00000e+00
1.44400e+03 6.61126e-14 0.00000e+00
1.44500e+03 6.21532e-14 0.00000e+00
1.44600e+03 6.16728e-14 0.00000e+00
1.44700e+03 6.18485e-14 0.00000e+00
1.44800e+03 6.03020e-14 0.00000e+00
1.44900e+03 5.56977e-14 0.00000e+00
1.45000e+03 6.13678e-14 0.00000e+00
1.45100e+03 5.85984e-14 0.00000e+00
1.45200e+03 6.10904e-14 0.00000e+00
1.45300e+03 5.59046e-14 0.00000e+00
1.45400e+03 5.74039e-14 0.00000e+00
1.45500e+03 5.60468e-14 0.00000e+00
1.45600e+03 5.75968e-14 0.00000e+00
1.45700e+03 5.34368e-14 0.00000e+00
1.45800e+03 5.76569e-14 0.00000e+00
1.45900e+03 5.61303e-14 0.00000e+00
1.46000e+03 5.57879e-14 0.00000e+00
1.46100e+03 5.57733e-14 0.00000e+00
1.46200e+03 5.80516e-14 0.00000e+00
1.46300e+03 5.72249e-14 0.00000e+00
1.46400e+03 4.91573e-14 0.00000e+00
1.46500e+03 5.58389e-14 0.00000e+00
1.46600e+03 5.72091e-14 0.00000e+00
1.46700e+03 5.39601e-14 0.00000e+00
1.46800e+03 5.70275e-14 0.00000e+00
1.46900e+03 5.13872e-14 0.00000e+00
1.47000e+03 4.75175e-14 0.00000e+00
1.47100e+03 4.93553e-14 0.00000e+00
1.47200e+03 5.90641e-14 0.00000e+00
1.47300e+03 5.02419e-14 0.00000e+00
1.47400e+03 5.64929e-14 0.00000e+00
1.47500e+03 4.89344e-14 0.00000e+00
1.47600e+03 5.45166e-14 0.00000e+00
1.47700e+03 5.42077e-14 0.00000e+00
1.47800e+03 5.36971e-14 0.00000e+00
1.47900e+03 5.49952e-14 0.00000e+00
1.48000e+03 5.24016e-14 0.00000e+00
1.48100e+03 5.14853e-14 0.00000e+00
1.48200e+03 5.10146e-14 0.00000e+00
1.48300e+03 5.08148e-14 0.00000e+00
1.48400e+03 5.08481e-14 0.00000e+00
1.48500e+03 4.77064e-14 0.00000e+00
1.48600e+03 4.88241e-14 0.00000e+00
1.48700e+03 4.72388e-14 0.00000e+00
1.48800e+03 5.11491e-14 0.00000e+00
1.48900e+03 4.79083e-14 0.00000e+00
1.49000e+03 4.55528e-14 0.00000e+00
1.49100e+03 4.45026e-14 0.00000e+00
1.49200e+03 4.79833e-14 0.00000e+00
1.49300e+03 4.64616e-14 0.00000e+00
1.49400e+03 4.75581e-14 0.00000e+00
1.49500e+03 4.95952e-14 0.00000e+00
1.49600e+03 4.73366e-14 0.00000e+00
1.49700e+03 4.52684e-14 0.00000e+00
1.49800e+03 4.85762e-14 0.00000e+00
1.49900e+03 4.28733e-14 0.00000e+00
1.50000e+03 4.55555e-14 0.00000e+00
1.50100e+03 4.90421e-14 0.00000e+00
1.50200e+03 4.58625e-14 0.00000e+00
1.50300e+03 4.82004e-14 0.00000e+00
1.50400e+03 4.78348e-14 0.00000e+00
1.50500e+03 4.41311e-14 0.00000e+00
1.50600e+03 4.48854e-14 0.00000e+00
1.50700e+03 4.68935e-14 0.00000e+00
1.50800e+03 4.36282e-14 0.00000e+00
1.50900e+03 4.50552e-14 0.00000e+00
1.51000e+03 3.91281e-14 0.00000e+00
1.51100e+03 4.40235e-14 0.00000e+00
1.51200e+03 4.31030e-14 0.00000e+00
1.51300e+03 4.18593e-14 0.00000e+00
1.51400e+03 4.71708e-14 0.00000e+00
1.51500e+03 4.27620e-14 0.00000e+00
1.51600e+03 4.27078e-14 0.00000e+00
1.51700e+03 4.33266e-14 0.00000e+00
1.51800e+03 4.70260e-14 0.00000e+00
1.51900e+03 4.29592e-14 0.00000e+00
1.52000e+03 4.48611e-14 0.00000e+00
1.52100e+03 3.83808e-14 0.00000e+00
1.52200e+03 4.22052e-14 0.00000e+00
1.52300e+03 4.39138e-14 0.00000e+00
1.52400e+03 4.63739e-14 0.00000e+00
1.52500e+03 3.95247e-14 0.00000e+00
1.52600e+03 4.19381e-14 0.00000e+00
1.52700e+03 4.19877e-14 0.00000e+00
1.52800e+03 4.17754e-14 0.00000e+00
1.52900e+03 4.33820e-14 0.00000e+00
1.53000e+03 4.34594e-14 0.00000e+00
1.53100e+03 3.80503e-14 0.00000e+00
1.53200e+03 3.78212e-14 0.00000e+00
1.53300e+03 4.03301e-14 0.00000e+00
1.53400e+03 3.62100e-14 0.00000e+00
1.53500e+03 4.19174e-14 0.00000e+00
1.53600e+03 3.78557e-14 0.00000e+00
1.53700e+03 4.14814e-14 0.00000e+00
1.53800e+03 3.58664e-14 0.00000e+00
1.53900e+03 4.21230e-14 0.00000e+00
1.54000e+03 4.14928e-14 0.00000e+00
1.54100e+03 3.89818e-14 0.00000e+00
1.54200e+03 4.34597e-14 0.00000e+00
1.54300e+03 3.60034e-14 0.00000e+00
1.54400e+03 4.09113e-14 0.00000e+00
1.54500e+03 4.11115e-14 0.00000e+00
1.54600e+03 3.48721e-14 0.00000e+00
1.54700e+03 3.35711e-14 0.00000e+00
1.54800e+03 3.63885e-14 0.00000e+00
1.54900e+03 3.44329e-14 0.00000e+00
1.55000e+03 3.98478e-14 0.00000e+00
1.55100e+03 3.94787e-14 0.00000e+00
1.55200e+03 3.91990e-14 0.00000e+00
1.55300e+03 3.60773e-14 0.00000e+00
1.55400e+03 3.64537e-14 0.00000e+00
1.55500e+03 3.42706e-14 0.00000e+00
1.55600e+03 3.35517e-14 0.00000e+00
1.55700e+03 3.12493e-14 0.00000e+00
1.55800e+03 3.48377e-14 0.00000e+00
1.55900e+03 3.70105e-14 0.00000e+00
1.56000e+03 3.85387e-14 0.00000e+00
1.56100e+03 3.79291e-14 0.00000e+00
1.56200e+03 3.40452e-14 0.00000e+00
1.56300e+03 3.39683e-14 0.00000e+00
1.56400e+03 3.15456e-14 0.00000e+00
1.56500e+03 3.68808e-14 0.00000e+00
1.56600e+03 3.18652e-14 0.00000e+00
1.56700e+03 3.33509e-14 0.00000e+00
1.56800e+03 3.42987e-14 0.00000e+00
1.56900e+03 3.04172e-14 0.00000e+00
1.57000e+03 3.40256e-14 0.00000e+00
1.57100e+03 3.50400e-14 0.00000e+00
1.57200e+03 3.00129e-14 0.00000e+00
1.57300e+03 3.16939e-14 0.00000e+00
1.57400e+03 3.19558e-14 0.00000e+00
1.57500e+03 3.32835e-14 0.00000e+00
1.57600e+03 3.13914e-14 0.00000e+00
1.57700e+03 3.06407e-14 0.00000e+00
1.57800e+03 3.04268e-14 0.00000e+00
1.57900e+03 2.97625e-14 0.00000e+00
1.58000e+03 3.44630e-14 0.00000e+00
1.58100e+03 3.14074e-14 0.00000e+00
1.58200e+03 3.11229e-14 0.00000e+00
1.58300e+03 3.19448e-14 0.00000e+00
1.58400e+03 3.16158e-14 0.00000e+00
1.58500e+03 3.20167e-14 0.00000e+00
1.58600e+03 3.32736e-14 0.00000e+00
1.58700e+03 3.28541e-14 0.00000e+00
1.58800e+03 2.97563e-14 0.00000e+00
1.58900e+03 3.09312e-14 0.00000e+00
1.59000e+03 2.75575e-14 0.00000e+00
1.59100e+03 2.81545e-14 0.00000e+00
1.59200e+03 3.27204e-14 0.00000e+00
1.59300e+03 2.83545e-14 0.00000e+00
1.59400e+03 2.69985e-14 0.00000e+00
1.59500e+03 2.76297e-14 0.00000e+00
1.59600e+03 3.01026e-14 0.00000e+00
1.59700e+03 2.75665e-14 0.00000e+00
1.59800e+03 2.64778e-14 0.00000e+00
1.59900e+03 3.09800e-14 0.00000e+00
1.60000e+03 2.78547e-14 0.00000e+00
1.60100e+03 2.92932e-14 0.00000e+00
1.60200e+03 2.82758e-14 0.00000e+00
1.60300e+03 3.11342e-14 0.00000e+00
1.60400e+03 3.08069e-14 0.00000e+00
1.60500e+03 3.29151e-14 0.00000e+00
1.60600e+03 3.01929e-14 0.00000e+00
1.60700e+03 2.71633e-14 0.00000e+00
1.60800e+03 2.77470e-14 0.00000e+00
1.60900e+03 2.54023e-14 0.00000e+00
1.61000e+03 2.89548e-14 0.00000e+00
1.61100e+03 2.53974e-14 0.00000e+00
1.61200e+03 2.55456e-14 0.00000e+00
1.61300e+03 2.76064e-14 0.00000e+00
1.61400e+03 2.47750e-14 0.00000e+00
1.61500e+03 2.69946e-14 0.00000e+00
1.61600e+03 2.40011e-14 0.00000e+00
1.61700e+03 2.61041e-14 0.00000e+00
1.61800e+03 2.91359e-14 0.00000e+00
1.61900e+03 2.41439e-14 0.00000e+00
1.62000e+03 2.43938e-14 0.00000e+00
1.62100e+03 2.51543e-14 0.00000e+00
1.62200e+03 2.64074e-14 0.00000e+00
1.62300e+03 2.40277e-14 0.00000e+00
1.62400e+03 2.18648e-14 0.00000e+00
1.62500e+03 2.62435e-14 0.00000e+00
1.62600e+03 2.55058e-14 0.00000e+00
1.62700e+03 2.54851e-14 0.00000e+00
1.62800e+03 2.74924e-14 0.00000e+00
1.62900e+03 2.35650e-14 0.00000e+00
1.63000e+03 2.42717e-14 0.00000e+00
1.63100e+03 2.51897e-14 0.00000e+00
1.63200e+03 2.38238e-14 0.00000e+00
1.63300e+03 2.34181e-14 0.00000e+00
1.63400e+03 2.43138e-14 0.00000e+00
1.63500e+03 2.39842e-14 0.00000e+00
1.63600e+03 2.32279e-14 0.00000e+00
1.63700e+03 2.70456e-14 0.00000e+00
1.63800e+03 2.32300e-14 0.00000e+00
1.63900e+03 2.27448e-14 0.00000e+00
1.64000e+03 2.20206e-14 0.00000e+00
1.64100e+03 2.29208e-14 0.00000e+00
1.64200e+03 2.69432e-14 0.00000e+00
1.64300e+03 2.24424e-14 0.00000e+00
1.64400e+03 2.25584e-14 0.00000e+00
1.64500e+03 2.38239e-14 0.00000e+00
1.64600e+03 2.06304e-14 0.00000e+00
1.64700e+03 2.16850e-14 0.00000e+00
1.64800e+03 2.18997e-14 0.00000e+00
1.64900e+03 2.01926e-14 0.00000e+00
1.65000e+03 2.38567e-14 0.00000e+00
1.65100e+03 2.12638e-14 0.00000e+00
1.65200e+03 2.15984e-14 0.00000e+00
1.65300e+03 2.30888e-14 0.00000e+00
1.65400e+03 2.16416e-14 0.00000e+00
1.65500e+03 2.15189e-14 0.00000e+00
1.65600e+03 2.30170e-14 0.00000e+00
1.65700e+03 2.34838e-14 0.00000e+00
1.65800e+03 2.20697e-14 0.00000e+00
1.65900e+03 2.06165e-14 0.00000e+00
1.66000e+03 2.35117e-14 0.00000e+00
1.66100e+03 2.01339e-14 0.00000e+00
1.66200e+03 2.04166e-14 0.00000e+00
1.66300e+03 2.05594e-14 0.00000e+00
1.66400e+03 1.95497e-14 0.00000e+00
1.66500e+03 1.94573e-14 0.00000e+00
1.66600e+03 2.00466e-14 0.00000e+00
1.66700e+03 1.71225e-14 0.00000e+00
1.66800e+03 2.08061e-14 0.00000e+00
1.66900e+03 1.91648e-14 0.00000e+00
1.67000e+03 2.25375e-14 0.00000e+00
1.67100e+03 1.99924e-14 0.00000e+00
1.67200e+03 1.67683e-14 0.00000e+00
1.67300e+03 2.01505e-14 0.00000e+00
1.67400e+03 1.93522e-14 0.00000e+00
1.67500e+03 2.19260e-14 0.00000e+00
1.67600e+03 1.70754e-14 0.00000e+00
1.67700e+03 1.93853e-14 0.00000e+00
1.67800e+03 2.18763e-14 0.00000e+00
1.67900e+03 1.79930e-14 0.00000e+00
1.68000e+03 1.82042e-14 0.00000e+00
1.68100e+03 1.78164e-14 0.00000e+00
1.68200e+03 1.98438e-14 0.00000e+00
1.68300e+03 1.85352e-14 0.00000e+00
1.68400e+03 1.77959e-14 0.00000e+00
1.68500e+03 1.80857e-14 0.00000e+00
1.68600e+03 1.92393e-14 0.00000e+00
1.68700e+03 2.03493e-14 0.00000e+00
1.68800e+03 1.73921e-14 0.00000e+00
1.68900e+03 1.94792e-14 0.00000e+00
1.69000e+03 1.57098e-14 0.00000e+00
1.69100e+03 1.80117e-14 0.00000e+00
1.69200e+03 1.84886e-14 0.00000e+00
1.69300e+03 1.66302e-14 0.00000e+00
1.69400e+03 1.69538e-14 0.00000e+00
1.69500e+03 1.89234e-14 0.00000e+00
1.69600e+03 1.72764e-14 0.00000e+00
1.69700e+03 1.58995e-14 0.00000e+00
1.69800e+03 1.74940e-14 0.00000e+00
1.69900e+03 1.66244e-14 0.00000e+00
1.70000e+03 1.57707e-14 0.00000e+00
1.70100e+03 1.76675e-14 0.00000e+00
1.70200e+03 1.73028e-14 0.00000e+00
1.70300e+03 1.78381e-14 0.00000e+00
1.70400e+03 1.84681e-14 0.00000e+00
1.70500e+03 1.63890e-14 0.00000e+00
1.70600e+03 1.68823e-14 0.00000e+00
1.70700e+03 1.69198e-14 0.00000e+00
1.70800e+03 1.45813e-14 0.00000e+00
1.70900e+03 1.51664e-14 0.00000e+00
1.71000e+03 1.56086e-14 0.00000e+00
1.71100e+03 1.52935e-14 0.00000e+00
1.71200e+03 1.55885e-14 0.00000e+00
1.71300e+03 1.68000e-14 0.00000e+00
1.71400e+03 1.29504e-14 0.00000e+00
1.71500e+03 1.61527e-14 0.00000e+00
1.71600e+03 1.65809e-14 0.00000e+00
1.71700e+03 1.51177e-14 0.00000e+00
1.71800e+03 1.55404e-14 0.00000e+00
1.71900e+03 1.54683e-14 0.00000e+00
1.72000e+03 1.48159e-14 0.00000e+00
1.72100e+03 1.40067e-14 0.00000e+00
1.72200e+03 1.57241e-14 0.00000e+00
1.72300e+03 1.59111e-14 0.00000e+00
1.72400e+03 1.61835e-14 0.00000e+00
1.72500e+03 1.47573e-14 0.00000e+00
1.72600e+03 1.49935e-14 0.00000e+00
1.72700e+03 1.47307e-14 0.00000e+00
1.72800e+03 1.42774e-14 0.00000e+00
1.72900e+03 1.54720e-14 0.00000e+00
1.73000e+03 1.58896e-14 0.00000e+00
1.73100e+03 1.31987e-14 0.00000e+00
1.73200e+03 1.44632e-14 0.00000e+00
1.73300e+03 1.34099e-14 0.00000e+00
1.73400e+03 1.35518e-14 0.00000e+00
1.73500e+03 1.38956e-14 0.00000e+00
1.73600e+03 1.37695e-14 0.00000e+00
1.73700e+03 1.60966e-14 0.00000e+00
1.73800e+03 1.35193e-14 0.00000e+00
1.73900e+03 1.39240e-14 0.00000e+00
1.74000e+03 1.37198e-14 0.00000e+00
1.74100e+03 1.22415e-14 0.00000e+00
1.74200e+03 1.28990e-14 0.00000e+00
1.74300e+03 1.38800e-14 0.00000e+00
1.74400e+03 1.45730e-14 0.00000e+00
1.74500e+03 1.47575e-14 0.00000e+00
1.74600e+03 1.34996e-14 0.00000e+00
1.74700e+03 1.16063e-14 0.00000e+00
1.74800e+03 1.30922e-14 0.00000e+00
1.74900e+03 1.27801e-14 0.00000e+00
1.75000e+03 1.25075e-14 0.00000e+00
1.75100e+03 1.26343e-14 0.00000e+00
1.75200e+03 1.38330e-14 0.00000e+00
1.75300e+03 1.35635e-14 0.00000e+00
1.75400e+03 1.32474e-14 0.00000e+00
1.75500e+03 1.21413e-14 0.00000e+00
1.75600e+03 1.26941e-14 0.00000e+00
1.75700e+03 1.25834e-14 0.00000e+00
1.75800e+03 1.38852e-14 0.00000e+00
1.75900e+03 1.26011e-14 0.00000e+00
1.76000e+03 1.24128e-14 0.00000e+00
1.76100e+03 1.30668e-14 0.00000e+00
1.76200e+03 1.20350e-14 0.00000e+00
1.76300e+03 1.17974e-14 0.00000e+00
1.76400e+03 1.23869e-14 0.00000e+00
1.76500e+03 1.31130e-14 0.00000e+00
1.76600e+03 1.23633e-14 0.00000e+00
1.76700e+03 1.16632e-14 0.00000e+00
1.76800e+03 1.23708e-14 0.00000e+00
1.76900e+03 1.16385e-14 0.00000e+00
1.77000e+03 1.00968e-14 0.00000e+00
1.77100e+03 1.15242e-14 0.00000e+00
1.77200e+03 1.02612e-14 0.00000e+00
1.77300e+03 1.38465e-14 0.00000e+00
1.77400e+03 1.06161e-14 0.00000e+00
1.77500e+03 1.18901e-14 0.00000e+00
1.77600e+03 1.17944e-14 0.00000e+00
1.77700e+03 1.20977e-14 0.00000e+00
1.77800e+03 1.10672e-14 0.00000e+00
1.77900e+03 1.16597e-14 0.00000e+00
1.78000e+03 1.05958e-14 0.00000e+00
1.78100e+03 1.11814e-14 0.00000e+00
1.78200e+03 1.10318e-14 0.00000e+00
1.78300e+03 1.04570e-14 0.00000e+00
1.78400e+03 1.05076e-14 0.00000e+00
1.78500e+03 1.14483e-14 0.00000e+00
1.78600e+03 1.15402e-14 0.00000e+00
1.78700e+03 1.01355e-14 0.00000e+00
1.78800e+03 1.05119e-14 0.00000e+00
1.78900e+03 1.06264e-14 0.00000e+00
1.79000e+03 1.03353e-14 0.00000e+00
1.79100e+03 1.00841e-14 0.00000e+00
1.79200e+03 1.03040e-14 0.00000e+00
1.79300e+03 9.34809e-15 0.00000e+00
1.79400e+03 1.01332e-14 0.00000e+00
1.79500e+03 8.96262e-15 0.00000e+00
1.79600e+03 9.16845e-15 0.00000e+00
1.79700e+03 9.59152e-15 0.00000e+00
1.79800e+03 1.07343e-14 0.00000e+00
1.79900e+03 9.81602e-15 0.00000e+00
1.80000e+03 1.00053e-14 0.00000e+00
1.80100e+03 9.99485e-15 0.00000e+00
1.80200e+03 1.00772e-14 0.00000e+00
1.80300e+03 1.06058e-14 0.00000e+00
1.80400e+03 9.72375e-15 0.00000e+00
1.80500e+03 1.05995e-14 0.00000e+00
1.80600e+03 8.78256e-15 0.00000e+00
1.80700e+03 9.90773e-15 0.00000e+00
1.80800e+03 9.47134e-15 0.00000e+00
1.80900e+03 8.77036e-15 0.00000e+00
1.81000e+03 9.38907e-15 0.00000e+00
1.81100e+03 9.34967e-15 0.00000e+00
1.81200e+03 1.07689e-14 0.00000e+00
1.81300e+03 8.37276e-15 0.00000e+00
1.81400e+03 1.04354e-14 0.00000e+00
1.81500e+03 9.45049e-15 0.00000e+00
1.81600e+03 8.53357e-15 0.00000e+00
1.81700e+03 9.57756e-15 0.00000e+00
1.81800e+03 9.22769e-15 0.00000e+00
1.81900e+03 9.57320e-15 0.00000e+00
1.82000e+03 1.01486e-14 0.00000e+00
1.82100e+03 8.32166e-15 0.00000e+00
1.82200e+03 9.59548e-15 0.00000e+00
1.82300e+03 7.77675e-15 0.00000e+00
1.82400e+03 8.67653e-15 0.00000e+00
1.82500e+03 8.48492e-15 0.00000e+00
1.82600e+03 7.95411e-15 0.00000e+00
1.82700e+03 7.19511e-15 0.00000e+00
1.82800e+03 9.19877e-15 0.00000e+00
1.82900e+03 8.16093e-15 0.00000e+00
1.83000e+03 7.79101e-15 0.00000e+00
1.83100e+03 7.41481e-15 0.00000e+00
1.83200e+03 7.73919e-15 0.00000e+00
1.83300e+03 8.00103e-15 0.00000e+00
1.83400e+03 9.01527e-15 0.00000e+00
1.83500e+03 8.86415e-15 0.00000e+00
1.83600e+03 8.49513e-15 0.00000e+00
1.83700e+03 8.90509e-15 0.00000e+00
1.83800e+03 8.02234e-15 0.00000e+00
1.83900e+03 7.67266e-15 0.00000e+00
1.84000e+03 8.87775e-15 0.00000e+00
1.84100e+03 7.96337e-15 0.00000e+00
1.84200e+03 6.96725e-15 0.00000e+00
1.84300e+03 7.38118e-15 0.00000e+00
1.84400e+03 8.02080e-15 0.00000e+00
1.84500e+03 7.35719e-15 0.00000e+00
1.84600e+03 7.11584e-15 0.00000e+00
1.84700e+03 7.12503e-15 0.00000e+00
1.84800e+03 7.58540e-15 0.00000e+00
1.84900e+03 7.93504e-15 0.00000e+00
1.85000e+03 8.28466e-15 0.00000e+00
1.85100e+03 7.10573e-15 0.00000e+00
1.85200e+03 6.90746e-15 0.00000e+00
1.85300e+03 7.25109e-15 0.00000e+00
1.85400e+03 7.45865e-15 0.00000e+00
1.85500e+03 7.89366e-15 0.00000e+00
1.85600e+03 7.60164e-15 0.00000e+00
1.85700e+03 6.70124e-15 0.00000e+00
1.85800e+03 6.65141e-15 0.00000e+00
1.85900e+03 7.51903e-15 0.00000e+00
1.86000e+03 7.03505e-15 0.00000e+00
1.86100e+03 7.32515e-15 0.00000e+00
1.86200e+03 7.90667e-15 0.00000e+00
1.86300e+03 6.75902e-15 0.00000e+00
1.86400e+03 7.82297e-15 0.00000e+00
1.86500e+03 6.91646e-15 0.00000e+00
1.86600e+03 6.84629e-15 0.00000e+00
1.86700e+03 6.95527e-15 0.00000e+00
1.86800e+03 6.30078e-15 0.00000e+00
1.86900e+03 6.10872e-15 0.00000e+00
1.87000e+03 6.64319e-15 0.00000e+00
1.87100e+03 6.96237e-15 0.00000e+00
1.87200e+03 6.23552e-15 0.00000e+00
1.87300e+03 7.14113e-15 0.00000e+00
1.87400e+03 6.59690e-15 0.00000e+00
1.87500e+03 6.05218e-15 0.00000e+00
1.87600e+03 6.48634e-15 0.00000e+00
1.87700e+03 6.49928e-15 0.00000e+00
1.87800e+03 7.11202e-15 0.00000e+00
1.87900e+03 6.05307e-15 0.00000e+00
1.88000e+03 6.19526e-15 0.00000e+00
1.88100e+03 6.52331e-15 0.00000e+00
1.88200e+03 6.23583e-15 0.00000e+00
1.88300e+03 6.99982e-15 0.00000e+00
1.88400e+03 6.66353e-15 0.00000e+00
1.88500e+03 6.29742e-15 0.00000e+00
1.88600e+03 5.84928e-15 0.00000e+00
1.88700e+03 6.94010e-15 0.00000e+00
1.88800e+03 5.75910e-15 0.00000e+00
1.88900e+03 6.73704e-15 0.00000e+00
1.89000e+03 6.48410e-15 0.00000e+00
1.89100e+03 6.56834e-15 0.00000e+00
1.89200e+03 5.61935e-15 0.00000e+00
1.89300e+03 5.27051e-15 0.00000e+00
1.89400e+03 5.87157e-15 0.00000e+00
1.89500e+03 5.69763e-15 0.00000e+00
1.89600e+03 5.41130e-15 0.00000e+00
1.89700e+03 5.31261e-15 0.00000e+00
1.89800e+03 5.60157e-15 0.00000e+00
1.89900e+03 5.43517e-15 0.00000e+00
1.90000e+03 4.77833e-15 0.00000e+00
1.90100e+03 5.08030e-15 0.00000e+00
1.90200e+03 5.89635e-15 0.00000e+00
1.90300e+03 5.44814e-15 0.00000e+00
1.90400e+03 5.89627e-15 0.00000e+00
1.90500e+03 5.30196e-15 0.00000e+00
1.90600e+03 5.54068e-15 0.00000e+00
1.90700e+03 4.84525e-15 0.00000e+00
1.90800e+03 6.00856e-15 0.00000e+00
1.90900e+03 5.59836e-15 0.00000e+00
1.91000e+03 5.37151e-15 0.00000e+00
1.91100e+03 4.75197e-15 0.00000e+00
1.91200e+03 5.79253e-15 0.00000e+00
1.91300e+03 5.04727e-15 0.00000e+00
1.91400e+03 5.43671e-15 0.00000e+00
1.91500e+03 5.20124e-15 0.00000e+00
1.91600e+03 5.22212e-15 0.00000e+00
1.91700e+03 5.23136e-15 0.00000e+00
1.91800e+03 4.97736e-15 0.00000e+00
1.91900e+03 4.75954e-15 0.00000e+00
1.92000e+03 5.09586e-15 0.00000e+00
1.92100e+03 4.72338e-15 0.00000e+00
1.92200e+03 5.12122e-15 0.00000e+00
1.92300e+03 4.96375e-15 0.00000e+00
1.92400e+03 4.55960e-15 0.00000e+00
1.92500e+03 4.64190e-15 0.00000e+00
1.92600e+03 4.64493e-15 0.00000e+00
1.92700e+03 5.28247e-15 0.00000e+00
1.92800e+03 4.65831e-15 0.00000e+00
1.92900e+03 4.96455e-15 0.00000e+00
1.93000e+03 4.47279e-15 0.00000e+00
1.93100e+03 4.87773e-15 0.00000e+00
1.93200e+03 4.26140e-15 0.00000e+00
1.93300e+03 4.82575e-15 0.00000e+00
1.93400e+03 4.77907e-15 0.00000e+00
1.93500e+03 4.20771e-15 0.00000e+00
1.93600e+03 4.91973e-15 0.00000e+00
1.93700e+03 4.56121e-15 0.00000e+00
1.93800e+03 4.42347e-15 0.00000e+00
1.93900e+03 4.55663e-15 0.00000e+00
1.94000e+03 4.31379e-15 0.00000e+00
1.94100e+03 4.56858e-15 0.00000e+00
1.94200e+03 4.56479e-15 0.00000e+00
1.94300e+03 4.41225e-15 0.00000e+00
1.94400e+03 4.74421e-15 0.00000e+00
1.94500e+03 4.34505e-15 0.00000e+00
1.94600e+03 4.29068e-15 0.00000e+00
1.94700e+03 3.95195e-15 0.00000e+00
1.94800e+03 4.25070e-15 0.00000e+00
1.94900e+03 4.63329e-15 0.00000e+00
1.95000e+03 3.93750e-15 0.00000e+00
1.95100e+03 4.54303e-15 0.00000e+00
1.95200e+03 4.64124e-15 0.00000e+00
1.95300e+03 4.03867e-15 0.00000e+00
1.95400e+03 4.24554e-15 0.00000e+00
1.95500e+03 4.09277e-15 0.00000e+00
1.95600e+03 3.80039e-15 0.00000e+00
1.95700e+03 3.82746e-15 0.00000e+00
1.95800e+03 4.12074e-15 0.00000e+00
1.95900e+03 4.08989e-15 0.00000e+00
1.96000e+03 4.09907e-15 0.00000e+00
1.96100e+03 3.80826e-15 0.00000e+00
1.96200e+03 3.38636e-15 0.00000e+00
1.96300e+03 4.07843e-15 0.00000e+00
1.96400e+03 3.85893e-15 0.00000e+00
1.96500e+03 4.50789e-15 0.00000e+00
1.96600e+03 4.13479e-15 0.00000e+00
1.96700e+03 3.96128e-15 0.00000e+00
1.96800e+03 3.63910e-15 0.00000e+00
1.96900e+03 3.52618e-15 0.00000e+00
1.97000e+03 3.76884e-15 0.00000e+00
1.97100e+03 3.45570e-15 0.00000e+00
1.97200e+03 3.77882e-15 0.00000e+00
1.97300e+03 3.55749e-15 0.00000e+00
1.97400e+03 3.48177e-15 0.00000e+00
1.97500e+03 3.56246e-15 0.00000e+00
1.97600e+03 3.44321e-15 0.00000e+00
1.97700e+03 3.63503e-15 0.00000e+00
1.97800e+03 3.77024e-15 0.00000e+00
1.97900e+03 3.81788e-15 0.00000e+00
1.98000e+03 3.20879e-15 0.00000e+00
1.98100e+03 3.33536e-15 0.00000e+00
1.98200e+03 3.71156e-15 0.00000e+00
1.98300e+03 3.29357e-15 0.00000e+00
1.98400e+03 3.41233e-15 0.00000e+00
1.98500e+03 3.41595e-15 0.00000e+00
1.98600e+03 3.47173e-15 0.00000e+00
1.98700e+03 3.48495e-15 0.00000e+00
1.98800e+03 3.46216e-15 0.00000e+00
1.98900e+03 3.29378e-15 0.00000e+00
1.99000e+03 3.12002e-15 0.00000e+00
1.99100e+03 3.33326e-15 0.00000e+00
1.99200e+03 3.27556e-15 0.00000e+00
1.99300e+03 2.91000e-15 0.00000e+00
1.99400e+03 3.38488e-15 0.00000e+00
1.99500e+03 3.28445e-15 0.00000e+00
1.99600e+03 3.05562e-15 0.00000e+00
1.99700e+03 3.13668e-15 0.00000e+00
1.99800e+03 2.90982e-15 0.00000e+00
1.99900e+03 3.20729e-15 0.00000e+00
2.00000e+03 2.99564e-15 0.00000e+00
