0.00000e+00 0.00000e+00 0.00000e+00
1.00000e+00 0.00000e+00 0.00000e+00
2.00000e+00 0.00000e+00 0.00000e+00
3.00000e+00 0.00000e+00 0.00000e+00
4.00000e+00 0.00000e+00 0.00000e+00
5.00000e+00 0.00000e+00 0.00000e+00
6.00000e+00 0.00000e+00 0.00000e+00
7.00000e+00 0.00000e+00 0.00000e+00
8.00000e+00 0.00000e+00 0.00000e+00
9.00000e+00 0.00000e+00 0.00000e+00
1.00000e+01 0.00000e+00 0.00000e+00
1.10000e+01 0.00000e+00 0.00000e+00
1.20000e+01 0.00000e+00 0.00000e+00
1.30000e+01 0.00000e+00 0.00000e+00
1.40000e+01 0.00000e+00 0.00000e+00
1.50000e+01 0.00000e+00 0.00000e+00
1.60000e+01 0.00000e+00 0.00000e+00
1.70000e+01 0.00000e+00 0.00000e+00
1.80000e+01 0.00000e+00 0.00000e+00
1.90000e+01 0.00000e+00 0.00000e+00
2.00000e+01 0.00000e+00 0.00000e+00
2.10000e+01 0.00000e+00 0.00000e+00
2.20000e+01 0.00000e+00 0.00000e+00
2.30000e+01 0.00000e+00 0.00000e+00
2.40000e+01 0.00000e+00 0.00000e+00
2.50000e+01 0.00000e+00 0.00000e+00
2.60000e+01 0.00000e+00 0.00000e+00
2.70000e+01 0.00000e+00 0.00000e+00
2.80000e+01 0.00000e+00 0.00000e+00
2.90000e+01 0.00000e+00 0.00000e+00
3.00000e+01 0.00000e+00 0.00000e+00
3.10000e+01 0.00000e+00 0.00000e+00
3.20000e+01 0.00000e+00 0.00000e+00
3.30000e+01 0.00000e+00 0.00000e+00
3.40000e+01 0.00000e+00 0.00000e+00
3.50000e+01 0.00000e+00 0.00000e+00
3.60000e+01 0.00000e+00 0.00000e+00
3.70000e+01 0.00000e+00 0.00000e+00
3.80000e+01 0.00000e+00 0.00000e+00
3.90000e+01 0.00000e+00 0.00000e+00
4.00000e+01 0.00000e+00 0.00000e+00
4.10000e+01 0.00000e+00 0.00000e+00
4.20000e+01 0.00000e+00 0.00000e+00
4.30000e+01 0.00000e+00 0.00000e+00
4.40000e+01 0.00000e+00 0.00000e+00
4.50000e+01 0.00000e+00 0.00000e+00
4.60000e+01 0.00000e+00 0.00000e+00
4.70000e+01 0.00000e+00 0.00000e+00
4.80000e+01 0.00000e+00 0.00000e+00
4.90000e+01 0.00000e+00 0.00000e+00
5.00000e+01 0.00000e+00 0.00000e+00
5.10000e+01 0.00000e+00 0.00000e+00
5.20000e+01 0.00000e+00 0.00000e+00
5.30000e+01 0.00000e+00 0.00000e+00
5.40000e+01 0.00000e+00 0.00000e+00
5.50000e+01 0.00000e+00 0.00000e+00
5.60000e+01 0.00000e+00 0.00000e+00
5.70000e+01 0.00000e+00 0.00000e+00
5.80000e+01 0.00000e+00 0.00000e+00
5.90000e+01 0.00000e+00 0.00000e+00
6.00000e+01 0.00000e+00 0.00000e+00
6.10000e+01 0.00000e+00 0.00000e+00
6.20000e+01 0.00000e+00 0.00000e+00
6.30000e+01 0.00000e+00 0.00000e+00
6.40000e+01 0.00000e+00 0.00000e+00
6.50000e+01 0.00000e+00 0.00000e+00
6.60000e+01 0.00000e+00 0.00000e+00
6.70000e+01 0.00000e+00 0.00000e+00
6.80000e+01 0.00000e+00 0.00000e+00
6.90000e+01 0.00000e+00 0.00000e+00
7.00000e+01 0.00000e+00 0.00000e+00
7.10000e+01 0.00000e+00 0.00000e+00
7.20000e+01 0.00000e+00 0.00000e+00
7.30000e+01 0.00000e+00 0.00000e+00
7.40000e+01 0.00000e+00 0.00000e+00
7.50000e+01 0.00000e+00 0.00000e+00
7.60000e+01 0.00000e+00 0.00000e+00
7.70000e+01 0.00000e+00 0.00000e+00
7.80000e+01 0.00000e+00 0.00000e+00
7.90000e+01 0.00000e+00 0.00000e+00
8.00000e+01 0.00000e+00 0.00000e+00
8.10000e+01 0.00000e+00 0.00000e+00
8.20000e+01 0.00000e+00 0.00000e+00
8.30000e+01 0.00000e+00 0.00000e+00
8.40000e+01 0.00000e+00 0.00000e+00
8.50000e+01 0.00000e+00 0.00000e+00
8.60000e+01 0.00000e+00 0.00000e+00
8.70000e+01 0.00000e+00 0.00000e+00
8.80000e+01 0.00000e+00 0.00000e+00
8.90000e+01 0.00000e+00 0.00000e+00
9.00000e+01 0.00000e+00 0.00000e+00
9.10000e+01 0.00000e+00 0.00000e+00
9.20000e+01 0.00000e+00 0.00000e+00
9.30000e+01 0.00000e+00 0.00000e+00
9.40000e+01 0.00000e+00 0.00000e+00
9.50000e+01 0.00000e+00 0.00000e+00
9.60000e+01 0.00000e+00 0.00000e+00
9.70000e+01 0.00000e+00 0.00000e+00
9.80000e+01 0.00000e+00 0.00000e+00
9.90000e+01 0.00000e+00 0.00000e+00
1.00000e+02 5.27182e-11 0.00000e+00
1.01000e+02 5.81604e-11 0.00000e+00
1.02000e+02 5.44472e-11 0.00000e+00
1.03000e+02 4.75140e-11 0.00000e+00
1.04000e+02 4.87762e-11 0.00000e+00
1.05000e+02 5.73151e-11 0.00000e+00
1.06000e+02 5.33207e-11 0.00000e+00
1.07000e+02 5.23820e-11 0.00000e+00
1.08000e+02 5.12546e-11 0.00000e+00
1.09000e+02 6.17612e-11 0.00000e+00
1.10000e+02 5.71076e-11 0.00000e+00
1.11000e+02 6.07281e-11 0.00000e+00
1.12000e+02 4.80727e-11 0.00000e+00
1.13000e+02 7.14488e-11 0.00000e+00
1.14000e+02 5.66471e-11 0.00000e+00
1.15000e+02 6.28400e-11 0.00000e+00
1.16000e+02 5.23814e-11 0.00000e+00
1.17000e+02 5.00337e-11 0.00000e+00
1.18000e+02 3.78381e-11 0.00000e+00
1.19000e+02 5.23077e-11 0.00000e+00
1.20000e+02 5.67443e-11 0.00000e+00
1.21000e+02 5.32763e-11 0.00000e+00
1.22000e+02 5.26545e-11 0.00000e+00
1.23000e+02 4.99456e-11 0.00000e+00
1.24000e+02 5.48037e-11 0.00000e+00
1.25000e+02 4.01581e-11 0.00000e+00
1.26000e+02 4.27033e-11 0.00000e+00
1.27000e+02 5.12374e-11 0.00000e+00
1.28000e+02 4.73604e-11 0.00000e+00
1.29000e+02 3.57152e-11 0.00000e+00
1.30000e+02 4.20707e-11 0.00000e+00
1.31000e+02 5.24659e-11 0.00000e+00
1.32000e+02 3.81498e-11 0.00000e+00
1.33000e+02 4.49141e-11 0.00000e+00
1.34000e+02 4.71670e-11 0.00000e+00
1.35000e+02 3.67259e-11 0.00000e+00
1.36000e+02 4.36503e-11 0.00000e+00
1.37000e+02 3.97161e-11 0.00000e+00
1.38000e+02 4.58195e-11 0.00000e+00
1.39000e+02 4.25929e-11 0.00000e+00
1.40000e+02 4.44166e-11 0.00000e+00
1.41000e+02 4.82449e-11 0.00000e+00
1.42000e+02 4.03857e-11 0.00000e+00
1.43000e+02 4.28679e-11 0.00000e+00
1.44000e+02 4.09652e-11 0.00000e+00
1.45000e+02 4.64023e-11 0.00000e+00
1.46000e+02 4.49359e-11 0.00000e+00
1.47000e+02 3.43203e-11 0.00000e+00
1.48000e+02 4.08555e-11 0.00000e+00
1.49000e+02 3.72208e-11 0.00000e+00
1.50000e+02 4.29463e-11 0.00000e+00
1.51000e+02 3.80072e-11 0.00000e+00
1.52000e+02 3.53507e-11 0.00000e+00
1.53000e+02 3.12960e-11 0.00000e+00
1.54000e+02 4.39846e-11 0.00000e+00
1.55000e+02 4.10114e-11 0.00000e+00
1.56000e+02 3.08728e-11 0.00000e+00
1.57000e+02 4.20681e-11 0.00000e+00
1.58000e+02 3.38356e-11 0.00000e+00
1.59000e+02 3.25795e-11 0.00000e+00
1.60000e+02 3.66865e-11 0.00000e+00
1.61000e+02 3.31380e-11 0.00000e+00
1.62000e+02 3.55233e-11 0.00000e+00
1.63000e+02 3.42489e-11 0.00000e+00
1.64000e+02 3.91995e-11 0.00000e+00
1.65000e+02 3.10435e-11 0.00000e+00
1.66000e+02 3.42386e-11 0.00000e+00
1.67000e+02 3.86541e-11 0.00000e+00
1.68000e+02 3.15073e-11 0.00000e+00
1.69000e+02 3.74881e-11 0.00000e+00
1.70000e+02 3.95987e-11 0.00000e+00
1.71000e+02 3.58307e-11 0.00000e+00
1.72000e+02 3.45782e-11 0.00000e+00
1.73000e+02 3.59373e-11 0.00000e+00
1.74000e+02 3.08025e-11 0.00000e+00
1.75000e+02 3.52150e-11 0.00000e+00
1.76000e+02 3.71919e-11 0.00000e+00
1.77000e+02 2.73979e-11 0.00000e+00
1.78000e+02 3.19172e-11 0.00000e+00
1.79000e+02 3.55193e-11 0.00000e+00
1.80000e+02 3.76535e-11 0.00000e+00
1.81000e+02 3.23531e-11 0.00000e+00
1.82000e+02 4.02118e-11 0.00000e+00
1.83000e+02 3.12227e-11 0.00000e+00
1.84000e+02 3.64574e-11 0.00000e+00
1.85000e+02 3.48480e-11 0.00000e+00
1.86000e+02 3.20544e-11 0.00000e+00
1.87000e+02 3.30395e-11 0.00000e+00
1.88000e+02 3.61755e-11 0.00000e+00
1.89000e+02 3.29044e-11 0.00000e+00
1.90000e+02 2.74564e-11 0.00000e+00
1.91000e+02 2.55132e-11 0.00000e+00
1.92000e+02 2.80046e-11 0.00000e+00
1.93000e+02 3.19331e-11 0.00000e+00
1.94000e+02 3.00048e-11 0.00000e+00
1.95000e+02 2.79439e-11 0.00000e+00
1.96000e+02 2.85869e-11 0.00000e+00
1.97000e+02 2.63330e-11 0.00000e+00
1.98000e+02 3.20656e-11 0.00000e+00
1.99000e+02 2.99152e-11 0.00000e+00
2.00000e+02 2.87290e-11 0.00000e+00
2.01000e+02 2.92950e-11 0.00000e+00
2.02000e+02 2.69391e-11 0.00000e+00
2.03000e+02 3.22527e-11 0.00000e+00
2.04000e+02 2.90294e-11 0.00000e+00
2.05000e+02 2.53995e-11 0.00000e+00
2.06000e+02 3.54656e-11 0.00000e+00
2.07000e+02 2.70645e-11 0.00000e+00
2.08000e+02 2.79840e-11 0.00000e+00
2.09000e+02 2.35159e-11 0.00000e+00
2.10000e+02 3.30997e-11 0.00000e+00
2.11000e+02 2.42463e-11 0.00000e+00
2.12000e+02 3.17472e-11 0.00000e+00
2.13000e+02 2.72489e-11 0.00000e+00
2.14000e+02 2.87927e-11 0.00000e+00
2.15000e+02 2.60075e-11 0.00000e+00
2.16000e+02 3.13389e-11 0.00000e+00
2.17000e+02 2.82761e-11 0.00000e+00
2.18000e+02 3.11529e-11 0.00000e+00
2.19000e+02 2.94419e-11 0.00000e+00
2.20000e+02 2.54075e-11 0.00000e+00
2.21000e+02 2.80618e-11 0.00000e+00
2.22000e+02 2.67534e-11 0.00000e+00
2.23000e+02 2.51248e-11 0.00000e+00
2.24000e+02 2.82638e-11 0.00000e+00
2.25000e+02 2.68213e-11 0.00000e+00
2.26000e+02 2.82899e-11 0.00000e+00
2.27000e+02 2.60471e-11 0.00000e+00
2.28000e+02 2.46052e-11 0.00000e+00
2.29000e+02 2.86704e-11 0.00000e+00
2.30000e+02 2.74421e-11 0.00000e+00
2.31000e+02 2.94737e-11 0.00000e+00
2.32000e+02 2.62704e-11 0.00000e+00
2.33000e+02 2.48310e-11 0.00000e+00
2.34000e+02 2.68957e-11 0.00000e+00
2.35000e+02 2.42955e-11 0.00000e+00
2.36000e+02 2.68587e-11 0.00000e+00
2.37000e+02 2.24844e-11 0.00000e+00
2.38000e+02 2.43817e-11 0.00000e+00
2.39000e+02 2.72274e-11 0.00000e+00
2.40000e+02 2.41902e-11 0.00000e+00
2.41000e+02 2.95795e-11 0.00000e+00
2.42000e+02 2.79857e-11 0.00000e+00
2.43000e+02 2.36091e-11 0.00000e+00
2.44000e+02 2.34750e-11 0.00000e+00
2.45000e+02 2.81851e-11 0.00000e+00
2.46000e+02 2.60611e-11 0.00000e+00
2.47000e+02 2.34391e-11 0.00000e+00
2.48000e+02 2.44537e-11 0.00000e+00
2.49000e+02 2.50323e-11 0.00000e+00
2.50000e+02 2.32541e-11 0.00000e+00
2.51000e+02 2.71589e-11 0.00000e+00
2.52000e+02 2.37712e-11 0.00000e+00
2.53000e+02 2.24571e-11 0.00000e+00
2.54000e+02 2.55717e-11 0.00000e+00
2.55000e+02 2.44751e-11 0.00000e+00
2.56000e+02 2.28593e-11 0.00000e+00
2.57000e+02 2.35152e-11 0.00000e+00
2.58000e+02 2.28789e-11 0.00000e+00
2.59000e+02 2.42013e-11 0.00000e+00
2.60000e+02 2.62092e-11 0.00000e+00
2.61000e+02 2.43132e-11 0.00000e+00
2.62000e+02 2.18747e-11 0.00000e+00
2.63000e+02 2.58410e-11 0.00000e+00
2.64000e+02 2.31737e-11 0.00000e+00
2.65000e+02 2.40321e-11 0.00000e+00
2.66000e+02 2.28425e-11 0.00000e+00
2.67000e+02 2.53353e-11 0.00000e+00
2.68000e+02 2.13439e-11 0.00000e+00
2.69000e+02 2.43386e-11 0.00000e+00
2.70000e+02 2.44611e-11 0.00000e+00
2.71000e+02 2.35285e-11 0.00000e+00
2.72000e+02 2.10296e-11 0.00000e+00
2.73000e+02 2.43917e-11 0.00000e+00
2.74000e+02 2.51476e-11 0.00000e+00
2.75000e+02 2.28591e-11 0.00000e+00
2.76000e+02 1.94341e-11 0.00000e+00
2.77000e+02 2.04564e-11 0.00000e+00
2.78000e+02 2.34077e-11 0.00000e+00
2.79000e+02 2.23202e-11 0.00000e+00
2.80000e+02 2.06173e-11 0.00000e+00
2.81000e+02 2.37635e-11 0.00000e+00
2.82000e+02 2.11193e-11 0.00000e+00
2.83000e+02 1.83807e-11 0.00000e+00
2.84000e+02 2.18575e-11 0.00000e+00
2.85000e+02 2.41072e-11 0.00000e+00
2.86000e+02 2.59556e-11 0.00000e+00
2.87000e+02 2.14881e-11 0.00000e+00
2.88000e+02 2.32325e-11 0.00000e+00
2.89000e+02 1.92723e-11 0.00000e+00
2.90000e+02 2.46864e-11 0.00000e+00
2.91000e+02 2.07899e-11 0.00000e+00
2.92000e+02 2.16140e-11 0.00000e+00
2.93000e+02 1.88294e-11 0.00000e+00
2.94000e+02 2.18758e-11 0.00000e+00
2.95000e+02 2.21071e-11 0.00000e+00
2.96000e+02 2.39297e-11 0.00000e+00
2.97000e+02 1.94712e-11 0.00000e+00
2.98000e+02 2.37761e-11 0.00000e+00
2.99000e+02 2.20862e-11 0.00000e+00
3.00000e+02 1.98712e-11 0.00000e+00
3.01000e+02 2.10238e-11 0.00000e+00
3.02000e+02 2.28423e-11 0.00000e+00
3.03000e+02 1.96645e-11 0.00000e+00
3.04000e+02 2.24594e-11 0.00000e+00
3.05000e+02 2.04205e-11 0.00000e+00
3.06000e+02 2.38274e-11 0.00000e+00
3.07000e+02 2.22045e-11 0.00000e+00
3.08000e+02 2.19864e-11 0.00000e+00
3.09000e+02 2.28776e-11 0.00000e+00
3.10000e+02 2.50122e-11 0.00000e+00
3.11000e+02 1.87532e-11 0.00000e+00
3.12000e+02 2.08712e-11 0.00000e+00
3.13000e+02 2.21198e-11 0.00000e+00
3.14000e+02 1.87141e-11 0.00000e+00
3.15000e+02 1.99543e-11 0.00000e+00
3.16000e+02 2.08235e-11 0.00000e+00
3.17000e+02 1.87653e-11 0.00000e+00
3.18000e+02 2.10862e-11 0.00000e+00
3.19000e+02 1.84692e-11 0.00000e+00
3.20000e+02 1.93336e-11 0.00000e+00
3.21000e+02 2.15828e-11 0.00000e+00
3.22000e+02 2.21237e-11 0.00000e+00
3.23000e+02 2.20746e-11 0.00000e+00
3.24000e+02 1.84235e-11 0.00000e+00
3.25000e+02 1.84842e-11 0.00000e+00
3.26000e+02 1.82280e-11 0.00000e+00
3.27000e+02 2.16191e-11 0.00000e+00
3.28000e+02 1.94829e-11 0.00000e+00
3.29000e+02 1.94704e-11 0.00000e+00
3.30000e+02 1.81471e-11 0.00000e+00
3.31000e+02 2.22453e-11 0.00000e+00
3.32000e+02 1.67097e-11 0.00000e+00
3.33000e+02 1.85506e-11 0.00000e+00
3.34000e+02 2.12162e-11 0.00000e+00
3.35000e+02 1.97062e-11 0.00000e+00
3.36000e+02 2.17474e-11 0.00000e+00
3.37000e+02 2.38174e-11 0.00000e+00
3.38000e+02 1.73201e-11 0.00000e+00
3.39000e+02 1.96814e-11 0.00000e+00
3.40000e+02 1.95506e-11 0.00000e+00
3.41000e+02 2.03523e-11 0.00000e+00
3.42000e+02 1.74883e-11 0.00000e+00
3.43000e+02 1.85916e-11 0.00000e+00
3.44000e+02 2.00587e-11 0.00000e+00
3.45000e+02 1.99004e-11 0.00000e+00
3.46000e+02 2.06533e-11 0.00000e+00
3.47000e+02 1.49314e-11 0.00000e+00
3.48000e+02 1.89240e-11 0.00000e+00
3.49000e+02 1.88568e-11 0.00000e+00
3.50000e+02 1.84832e-11 0.00000e+00
3.51000e+02 1.85860e-11 0.00000e+00
3.52000e+02 2.07634e-11 0.00000e+00
3.53000e+02 1.83732e-11 0.00000e+00
3.54000e+02 1.85807e-11 0.00000e+00
3.55000e+02 1.83760e-11 0.00000e+00
3.56000e+02 1.93992e-11 0.00000e+00
3.57000e+02 1.64226e-11 0.00000e+00
3.58000e+02 2.12772e-11 0.00000e+00
3.59000e+02 1.65205e-11 0.00000e+00
3.60000e+02 1.80550e-11 0.00000e+00
3.61000e+02 1.71982e-11 0.00000e+00
3.62000e+02 1.93828e-11 0.00000e+00
3.63000e+02 1.79254e-11 0.00000e+00
3.64000e+02 1.72857e-11 0.00000e+00
3.65000e+02 1.67534e-11 0.00000e+00
3.66000e+02 1.81907e-11 0.00000e+00
3.67000e+02 1.90089e-11 0.00000e+00
3.68000e+02 2.11006e-11 0.00000e+00
3.69000e+02 1.82725e-11 0.00000e+00
3.70000e+02 1.77014e-11 0.00000e+00
3.71000e+02 1.65481e-11 0.00000e+00
3.72000e+02 1.91359e-11 0.00000e+00
3.73000e+02 1.71500e-11 0.00000e+00
3.74000e+02 1.85497e-11 0.00000e+00
3.75000e+02 1.85071e-11 0.00000e+00
3.76000e+02 1.85178e-11 0.00000e+00
3.77000e+02 1.73521e-11 0.00000e+00
3.78000e+02 1.85778e-11 0.00000e+00
3.79000e+02 1.51520e-11 0.00000e+00
3.80000e+02 1.94441e-11 0.00000e+00
3.81000e+02 1.63157e-11 0.00000e+00
3.82000e+02 1.88767e-11 0.00000e+00
3.83000e+02 1.98779e-11 0.00000e+00
3.84000e+02 1.69220e-11 0.00000e+00
3.85000e+02 1.65387e-11 0.00000e+00
3.86000e+02 1.63895e-11 0.00000e+00
3.87000e+02 1.75746e-11 0.00000e+00
3.88000e+02 1.70446e-11 0.00000e+00
3.89000e+02 1.71906e-11 0.00000e+00
3.90000e+02 1.67077e-11 0.00000e+00
3.91000e+02 1.54268e-11 0.00000e+00
3.92000e+02 2.05671e-11 0.00000e+00
3.93000e+02 1.73340e-11 0.00000e+00
3.94000e+02 1.48764e-11 0.00000e+00
3.95000e+02 1.62584e-11 0.00000e+00
3.96000e+02 1.74833e-11 0.00000e+00
3.97000e+02 1.79251e-11 0.00000e+00
3.98000e+02 1.82191e-11 0.00000e+00
3.99000e+02 1.70764e-11 0.00000e+00
4.00000e+02 1.63966e-11 0.00000e+00
4.01000e+02 1.69394e-11 0.00000e+00
4.02000e+02 1.64301e-11 0.00000e+00
4.03000e+02 1.77335e-11 0.00000e+00
4.04000e+02 1.74161e-11 0.00000e+00
4.05000e+02 1.75172e-11 0.00000e+00
4.06000e+02 1.53374e-11 0.00000e+00
4.07000e+02 1.78045e-11 0.00000e+00
4.08000e+02 1.74638e-11 0.00000e+00
4.09000e+02 1.53375e-11 0.00000e+00
4.10000e+02 1.59349e-11 0.00000e+00
4.11000e+02 1.70152e-11 0.00000e+00
4.12000e+02 1.41387e-11 0.00000e+00
4.13000e+02 1.79445e-11 0.00000e+00
4.14000e+02 1.74589e-11 0.00000e+00
4.15000e+02 1.62269e-11 0.00000e+00
4.16000e+02 1.57965e-11 0.00000e+00
4.17000e+02 1.45262e-11 0.00000e+00
4.18000e+02 1.53640e-11 0.00000e+00
4.19000e+02 1.63567e-11 0.00000e+00
4.20000e+02 1.55462e-11 0.00000e+00
4.21000e+02 1.62535e-11 0.00000e+00
4.22000e+02 1.40105e-11 0.00000e+00
4.23000e+02 1.52174e-11 0.00000e+00
4.24000e+02 1.71366e-11 0.00000e+00
4.25000e+02 1.52963e-11 0.00000e+00
4.26000e+02 1.47509e-11 0.00000e+00
4.27000e+02 1.72164e-11 0.00000e+00
4.28000e+02 1.45302e-11 0.00000e+00
4.29000e+02 1.31629e-11 0.00000e+00
4.30000e+02 1.58550e-11 0.00000e+00
4.31000e+02 1.50547e-11 0.00000e+00
4.32000e+02 1.56982e-11 0.00000e+00
4.33000e+02 1.44286e-11 0.00000e+00
4.34000e+02 1.84339e-11 0.00000e+00
4.35000e+02 1.54779e-11 0.00000e+00
4.36000e+02 1.56543e-11 0.00000e+00
4.37000e+02 1.56750e-11 0.00000e+00
4.38000e+02 1.49514e-11 0.00000e+00
4.39000e+02 1.55229e-11 0.00000e+00
4.40000e+02 1.61432e-11 0.00000e+00
4.41000e+02 1.32981e-11 0.00000e+00
4.42000e+02 1.61724e-11 0.00000e+00
4.43000e+02 1.54401e-11 0.00000e+00
4.44000e+02 1.60358e-11 0.00000e+00
4.45000e+02 1.60547e-11 0.00000e+00
4.46000e+02 1.46394e-11 0.00000e+00
4.47000e+02 1.47094e-11 0.00000e+00
4.48000e+02 1.59275e-11 0.00000e+00
4.49000e+02 1.64689e-11 0.00000e+00
4.50000e+02 1.62688e-11 0.00000e+00
4.51000e+02 1.62207e-11 0.00000e+00
4.52000e+02 1.73272e-11 0.00000e+00
4.53000e+02 1.65897e-11 0.00000e+00
4.54000e+02 1.47862e-11 0.00000e+00
4.55000e+02 1.46981e-11 0.00000e+00
4.56000e+02 1.42465e-11 0.00000e+00
4.57000e+02 1.56605e-11 0.00000e+00
4.58000e+02 1.51321e-11 0.00000e+00
4.59000e+02 1.49174e-11 0.00000e+00
4.60000e+02 1.45221e-11 0.00000e+00
4.61000e+02 1.57473e-11 0.00000e+00
4.62000e+02 1.71598e-11 0.00000e+00
4.63000e+02 1.49687e-11 0.00000e+00
4.64000e+02 1.38869e-11 0.00000e+00
4.65000e+02 1.40956e-11 0.00000e+00
4.66000e+02 1.29013e-11 0.00000e+00
4.67000e+02 1.43704e-11 0.00000e+00
4.68000e+02 1.62141e-11 0.00000e+00
4.69000e+02 1.43423e-11 0.00000e+00
4.70000e+02 1.43525e-11 0.00000e+00
4.71000e+02 1.32269e-11 0.00000e+00
4.72000e+02 1.57908e-11 0.00000e+00
4.73000e+02 1.42637e-11 0.00000e+00
4.74000e+02 1.52808e-11 0.00000e+00
4.75000e+02 1.48238e-11 0.00000e+00
4.76000e+02 1.44453e-11 0.00000e+00
4.77000e+02 1.38122e-11 0.00000e+00
4.78000e+02 1.50314e-11 0.00000e+00
4.79000e+02 1.55185e-11 0.00000e+00
4.80000e+02 1.39448e-11 0.00000e+00
4.81000e+02 1.43412e-11 0.00000e+00
4.82000e+02 1.41634e-11 0.00000e+00
4.83000e+02 1.47610e-11 0.00000e+00
4.84000e+02 1.56171e-11 0.00000e+00
4.85000e+02 1.42492e-11 0.00000e+00
4.86000e+02 1.33111e-11 0.00000e+00
4.87000e+02 1.48057e-11 0.00000e+00
4.88000e+02 1.27739e-11 0.00000e+00
4.89000e+02 1.50086e-11 0.00000e+00
4.90000e+02 1.51893e-11 0.00000e+00
4.91000e+02 1.38484e-11 0.00000e+00
4.92000e+02 1.54969e-11 0.00000e+00
4.93000e+02 1.61364e-11 0.00000e+00
4.94000e+02 1.58405e-11 0.00000e+00
4.95000e+02 1.42090e-11 0.00000e+00
4.96000e+02 1.53057e-11 0.00000e+00
4.97000e+02 1.45984e-11 0.00000e+00
4.98000e+02 1.45676e-11 0.00000e+00
4.99000e+02 1.40217e-11 0.00000e+00
5.00000e+02 1.28095e-11 0.00000e+00
5.01000e+02 1.44844e-11 0.00000e+00
5.02000e+02 1.50070e-11 0.00000e+00
5.03000e+02 1.37158e-11 0.00000e+00
5.04000e+02 1.46768e-11 0.00000e+00
5.05000e+02 1.43023e-11 0.00000e+00
5.06000e+02 1.32725e-11 0.00000e+00
5.07000e+02 1.37430e-11 0.00000e+00
5.08000e+02 1.51419e-11 0.00000e+00
5.09000e+02 1.41064e-11 0.00000e+00
5.10000e+02 1.44190e-11 0.00000e+00
5.11000e+02 1.42900e-11 0.00000e+00
5.12000e+02 1.48650e-11 0.00000e+00
5.13000e+02 1.32481e-11 0.00000e+00
5.14000e+02 1.36906e-11 0.00000e+00
5.15000e+02 1.29461e-11 0.00000e+00
5.16000e+02 1.32269e-11 0.00000e+00
5.17000e+02 1.40192e-11 0.00000e+00
5.18000e+02 1.25701e-11 0.00000e+00
5.19000e+02 1.50492e-11 0.00000e+00
5.20000e+02 1.29584e-11 0.00000e+00
5.21000e+02 1.28619e-11 0.00000e+00
5.22000e+02 1.37687e-11 0.00000e+00
5.23000e+02 1.37311e-11 0.00000e+00
5.24000e+02 1.20822e-11 0.00000e+00
5.25000e+02 1.37864e-11 0.00000e+00
5.26000e+02 1.17540e-11 0.00000e+00
5.27000e+02 1.26401e-11 0.00000e+00
5.28000e+02 1.40229e-11 0.00000e+00
5.29000e+02 1.33779e-11 0.00000e+00
5.30000e+02 1.25976e-11 0.00000e+00
5.31000e+02 1.30955e-11 0.00000e+00
5.32000e+02 1.26248e-11 0.00000e+00
5.33000e+02 1.30346e-11 0.00000e+00
5.34000e+02 1.34213e-11 0.00000e+00
5.35000e+02 1.22071e-11 0.00000e+00
5.36000e+02 1.43783e-11 0.00000e+00
5.37000e+02 1.37581e-11 0.00000e+00
5.38000e+02 1.14702e-11 0.00000e+00
5.39000e+02 1.40214e-11 0.00000e+00
5.40000e+02 1.43571e-11 0.00000e+00
5.41000e+02 1.36525e-11 0.00000e+00
5.42000e+02 1.29592e-11 0.00000e+00
5.43000e+02 1.19503e-11 0.00000e+00
5.44000e+02 1.26250e-11 0.00000e+00
5.45000e+02 1.52442e-11 0.00000e+00
5.46000e+02 1.23639e-11 0.00000e+00
5.47000e+02 1.31525e-11 0.00000e+00
5.48000e+02 1.27735e-11 0.00000e+00
5.49000e+02 1.33266e-11 0.00000e+00
5.50000e+02 1.27116e-11 0.00000e+00
5.51000e+02 1.19678e-11 0.00000e+00
5.52000e+02 1.33303e-11 0.00000e+00
5.53000e+02 1.31618e-11 0.00000e+00
5.54000e+02 1.19094e-11 0.00000e+00
5.55000e+02 1.14666e-11 0.00000e+00
5.56000e+02 1.40361e-11 0.00000e+00
5.57000e+02 1.34739e-11 0.00000e+00
5.58000e+02 1.20851e-11 0.00000e+00
5.59000e+02 1.36582e-11 0.00000e+00
5.60000e+02 1.31809e-11 0.00000e+00
5.61000e+02 1.29134e-11 0.00000e+00
5.62000e+02 1.14653e-11 0.00000e+00
5.63000e+02 1.31104e-11 0.00000e+00
5.64000e+02 1.24705e-11 0.00000e+00
5.65000e+02 1.23119e-11 0.00000e+00
5.66000e+02 1.12900e-11 0.00000e+00
5.67000e+02 1.18946e-11 0.00000e+00
5.68000e+02 1.18900e-11 0.00000e+00
5.69000e+02 1.20372e-11 0.00000e+00
5.70000e+02 1.19090e-11 0.00000e+00
5.71000e+02 1.31353e-11 0.00000e+00
5.72000e+02 1.36808e-11 0.00000e+00
5.73000e+02 1.34259e-11 0.00000e+00
5.74000e+02 1.18892e-11 0.00000e+00
5.75000e+02 1.14186e-11 0.00000e+00
5.76000e+02 1.28293e-11 0.00000e+00
5.77000e+02 1.20543e-11 0.00000e+00
5.78000e+02 1.22455e-11 0.00000e+00
5.79000e+02 1.24837e-11 0.00000e+00
5.80000e+02 1.15339e-11 0.00000e+00
5.81000e+02 1.22094e-11 0.00000e+00
5.82000e+02 1.05764e-11 0.00000e+00
5.83000e+02 1.19397e-11 0.00000e+00
5.84000e+02 1.30938e-11 0.00000e+00
5.85000e+02 1.23268e-11 0.00000e+00
5.86000e+02 1.13938e-11 0.00000e+00
5.87000e+02 1.27091e-11 0.00000e+00
5.88000e+02 1.04482e-11 0.00000e+00
5.89000e+02 1.16756e-11 0.00000e+00
5.90000e+02 1.22161e-11 0.00000e+00
5.91000e+02 1.30235e-11 0.00000e+00
5.92000e+02 1.33955e-11 0.00000e+00
5.93000e+02 1.32267e-11 0.00000e+00
5.94000e+02 1.21008e-11 0.00000e+00
5.95000e+02 1.17898e-11 0.00000e+00
5.96000e+02 1.23971e-11 0.00000e+00
5.97000e+02 1.10807e-11 0.00000e+00
5.98000e+02 1.15914e-11 0.00000e+00
5.99000e+02 1.17546e-11 0.00000e+00
6.00000e+02 1.23914e-11 0.00000e+00
6.01000e+02 1.23538e-11 0.00000e+00
6.02000e+02 1.19893e-11 0.00000e+00
6.03000e+02 1.20810e-11 0.00000e+00
6.04000e+02 1.22615e-11 0.00000e+00
6.05000e+02 1.11826e-11 0.00000e+00
6.06000e+02 1.17386e-11 0.00000e+00
6.07000e+02 1.12215e-11 0.00000e+00
6.08000e+02 1.20059e-11 0.00000e+00
6.09000e+02 1.08934e-11 0.00000e+00
6.10000e+02 1.18127e-11 0.00000e+00
6.11000e+02 1.10380e-11 0.00000e+00
6.12000e+02 1.22164e-11 0.00000e+00
6.13000e+02 1.15710e-11 0.00000e+00
6.14000e+02 1.19662e-11 0.00000e+00
6.15000e+02 1.14709e-11 0.00000e+00
6.16000e+02 1.11105e-11 0.00000e+00
6.17000e+02 1.18393e-11 0.00000e+00
6.18000e+02 1.09560e-11 0.00000e+00
6.19000e+02 1.17170e-11 0.00000e+00
6.20000e+02 1.24040e-11 0.00000e+00
6.21000e+02 1.14956e-11 0.00000e+00
6.22000e+02 1.11166e-11 0.00000e+00
6.23000e+02 1.17424e-11 0.00000e+00
6.24000e+02 1.25521e-11 0.00000e+00
6.25000e+02 1.10086e-11 0.00000e+00
6.26000e+02 1.05863e-11 0.00000e+00
6.27000e+02 1.15904e-11 0.00000e+00
6.28000e+02 1.19092e-11 0.00000e+00
6.29000e+02 1.15734e-11 0.00000e+00
6.30000e+02 1.09565e-11 0.00000e+00
6.31000e+02 1.13309e-11 0.00000e+00
6.32000e+02 1.14833e-11 0.00000e+00
6.33000e+02 1.04312e-11 0.00000e+00
6.34000e+02 1.13486e-11 0.00000e+00
6.35000e+02 1.13055e-11 0.00000e+00
6.36000e+02 1.22036e-11 0.00000e+00
6.37000e+02 1.22352e-11 0.00000e+00
6.38000e+02 1.11290e-11 0.00000e+00
6.39000e+02 1.10312e-11 0.00000e+00
6.40000e+02 1.18793e-11 0.00000e+00
6.41000e+02 1.15575e-11 0.00000e+00
6.42000e+02 1.04487e-11 0.00000e+00
6.43000e+02 1.17871e-11 0.00000e+00
6.44000e+02 1.30347e-11 0.00000e+00
6.45000e+02 1.11391e-11 0.00000e+00
6.46000e+02 1.19797e-11 0.00000e+00
6.47000e+02 1.09677e-11 0.00000e+00
6.48000e+02 1.02519e-11 0.00000e+00
6.49000e+02 1.04693e-11 0.00000e+00
6.50000e+02 1.15951e-11 0.00000e+00
6.51000e+02 1.11567e-11 0.00000e+00
6.52000e+02 1.16681e-11 0.00000e+00
6.53000e+02 1.11164e-11 0.00000e+00
6.54000e+02 1.09267e-11 0.00000e+00
6.55000e+02 1.07274e-11 0.00000e+00
6.56000e+02 1.23385e-11 0.00000e+00
6.57000e+02 1.17911e-11 0.00000e+00
6.58000e+02 1.13056e-11 0.00000e+00
6.59000e+02 1.16126e-11 0.00000e+00
6.60000e+02 1.00265e-11 0.00000e+00
6.61000e+02 1.04276e-11 0.00000e+00
6.62000e+02 1.07506e-11 0.00000e+00
6.63000e+02 1.05065e-11 0.00000e+00
6.64000e+02 1.06798e-11 0.00000e+00
6.65000e+02 1.13662e-11 0.00000e+00
6.66000e+02 1.10952e-11 0.00000e+00
6.67000e+02 1.13368e-11 0.00000e+00
6.68000e+02 9.61586e-12 0.00000e+00
6.69000e+02 1.08636e-11 0.00000e+00
6.70000e+02 9.99579e-12 0.00000e+00
6.71000e+02 1.21502e-11 0.00000e+00
6.72000e+02 1.01266e-11 0.00000e+00
6.73000e+02 1.03003e-11 0.00000e+00
6.74000e+02 1.05403e-11 0.00000e+00
6.75000e+02 9.90267e-12 0.00000e+00
6.76000e+02 1.12653e-11 0.00000e+00
6.77000e+02 9.78098e-12 0.00000e+00
6.78000e+02 1.18995e-11 0.00000e+00
6.79000e+02 1.01329e-11 0.00000e+00
6.80000e+02 1.09704e-11 0.00000e+00
6.81000e+02 1.11482e-11 0.00000e+00
6.82000e+02 1.07097e-11 0.00000e+00
6.83000e+02 1.11302e-11 0.00000e+00
6.84000e+02 9.97402e-12 0.00000e+00
6.85000e+02 1.13055e-11 0.00000e+00
6.86000e+02 9.34317e-12 0.00000e+00
6.87000e+02 9.71899e-12 0.00000e+00
6.88000e+02 1.05861e-11 0.00000e+00
6.89000e+02 9.78800e-12 0.00000e+00
6.90000e+02 1.04457e-11 0.00000e+00
6.91000e+02 1.09481e-11 0.00000e+00
6.92000e+02 1.03512e-11 0.00000e+00
6.93000e+02 1.04828e-11 0.00000e+00
6.94000e+02 1.14317e-11 0.00000e+00
6.95000e+02 1.06225e-11 0.00000e+00
6.96000e+02 1.10622e-11 0.00000e+00
6.97000e+02 1.07397e-11 0.00000e+00
6.98000e+02 1.00025e-11 0.00000e+00
6.99000e+02 1.00930e-11 0.00000e+00
7.00000e+02 1.11289e-11 0.00000e+00
7.01000e+02 1.10802e-11 0.00000e+00
7.02000e+02 9.74387e-12 0.00000e+00
7.03000e+02 8.73266e-12 0.00000e+00
7.04000e+02 9.25527e-12 0.00000e+00
7.05000e+02 1.01652e-11 0.00000e+00
7.06000e+02 1.03453e-11 0.00000e+00
7.07000e+02 1.11605e-11 0.00000e+00
7.08000e+02 9.76934e-12 0.00000e+00
7.09000e+02 1.06527e-11 0.00000e+00
7.10000e+02 1.06136e-11 0.00000e+00
7.11000e+02 1.03475e-11 0.00000e+00
7.12000e+02 9.67397e-12 0.00000e+00
7.13000e+02 1.05980e-11 0.00000e+00
7.14000e+02 9.82924e-12 0.00000e+00
7.15000e+02 9.38515e-12 0.00000e+00
7.16000e+02 9.42952e-12 0.00000e+00
7.17000e+02 9.57546e-12 0.00000e+00
7.18000e+02 1.08201e-11 0.00000e+00
7.19000e+02 9.57210e-12 0.00000e+00
7.20000e+02 9.70867e-12 0.00000e+00
7.21000e+02 9.81975e-12 0.00000e+00
7.22000e+02 1.02942e-11 0.00000e+00
7.23000e+02 9.11789e-12 0.00000e+00
7.24000e+02 9.24758e-12 0.00000e+00
7.25000e+02 1.03612e-11 0.00000e+00
7.26000e+02 8.94375e-12 0.00000e+00
7.27000e+02 1.05735e-11 0.00000e+00
7.28000e+02 1.05631e-11 0.00000e+00
7.29000e+02 1.00389e-11 0.00000e+00
7.30000e+02 1.03457e-11 0.00000e+00
7.31000e+02 1.03863e-11 0.00000e+00
7.32000e+02 1.08142e-11 0.00000e+00
7.33000e+02 9.67439e-12 0.00000e+00
7.34000e+02 1.09083e-11 0.00000e+00
7.35000e+02 1.11122e-11 0.00000e+00
7.36000e+02 9.60567e-12 0.00000e+00
7.37000e+02 1.00540e-11 0.00000e+00
7.38000e+02 9.37229e-12 0.00000e+00
7.39000e+02 9.96523e-12 0.00000e+00
7.40000e+02 9.77117e-12 0.00000e+00
7.41000e+02 1.11044e-11 0.00000e+00
7.42000e+02 9.62902e-12 0.00000e+00
7.43000e+02 9.88873e-12 0.00000e+00
7.44000e+02 9.31219e-12 0.00000e+00
7.45000e+02 1.02096e-11 0.00000e+00
7.46000e+02 8.62834e-12 0.00000e+00
7.47000e+02 9.39954e-12 0.00000e+00
7.48000e+02 9.20318e-12 0.00000e+00
7.49000e+02 1.00333e-11 0.00000e+00
7.50000e+02 1.00102e-11 0.00000e+00
7.51000e+02 1.01882e-11 0.00000e+00
7.52000e+02 9.72346e-12 0.00000e+00
7.53000e+02 9.67761e-12 0.00000e+00
7.54000e+02 1.00481e-11 0.00000e+00
7.55000e+02 8.85141e-12 0.00000e+00
7.56000e+02 9.52623e-12 0.00000e+00
7.57000e+02 1.02730e-11 0.00000e+00
7.58000e+02 9.71034e-12 0.00000e+00
7.59000e+02 9.78827e-12 0.00000e+00
7.60000e+02 9.75544e-12 0.00000e+00
7.61000e+02 9.65481e-12 0.00000e+00
7.62000e+02 9.42701e-12 0.00000e+00
7.63000e+02 9.02169e-12 0.00000e+00
7.64000e+02 9.27474e-12 0.00000e+00
7.65000e+02 9.80786e-12 0.00000e+00
7.66000e+02 9.08704e-12 0.00000e+00
7.67000e+02 1.02774e-11 0.00000e+00
7.68000e+02 9.62042e-12 0.00000e+00
7.69000e+02 8.50924e-12 0.00000e+00
7.70000e+02 9.51123e-12 0.00000e+00
7.71000e+02 9.54415e-12 0.00000e+00
7.72000e+02 9.35782e-12 0.00000e+00
7.73000e+02 9.45592e-12 0.00000e+00
7.74000e+02 9.06501e-12 0.00000e+00
7.75000e+02 9.16372e-12 0.00000e+00
7.76000e+02 8.37015e-12 0.00000e+00
7.77000e+02 9.36292e-12 0.00000e+00
7.78000e+02 9.50213e-12 0.00000e+00
7.79000e+02 9.28361e-12 0.00000e+00
7.80000e+02 8.97287e-12 0.00000e+00
7.81000e+02 9.17826e-12 0.00000e+00
7.82000e+02 1.01235e-11 0.00000e+00
7.83000e+02 8.76799e-12 0.00000e+00
7.84000e+02 8.72845e-12 0.00000e+00
7.85000e+02 9.05297e-12 0.00000e+00
7.86000e+02 8.54640e-12 0.00000e+00
7.87000e+02 1.03396e-11 0.00000e+00
7.88000e+02 9.68696e-12 0.00000e+00
7.89000e+02 8.83547e-12 0.00000e+00
7.90000e+02 9.52529e-12 0.00000e+00
7.91000e+02 8.59439e-12 0.00000e+00
7.92000e+02 8.66722e-12 0.00000e+00
7.93000e+02 8.44248e-12 0.00000e+00
7.94000e+02 9.27702e-12 0.00000e+00
7.95000e+02 8.54704e-12 0.00000e+00
7.96000e+02 9.40710e-12 0.00000e+00
7.97000e+02 8.99942e-12 0.00000e+00
7.98000e+02 8.96040e-12 0.00000e+00
7.99000e+02 8.39048e-12 0.00000e+00
8.00000e+02 9.48328e-12 0.00000e+00
8.01000e+02 9.88837e-12 0.00000e+00
8.02000e+02 9.30884e-12 0.00000e+00
8.03000e+02 7.93404e-12 0.00000e+00
8.04000e+02 8.97122e-12 0.00000e+00
8.05000e+02 7.93605e-12 0.00000e+00
8.06000e+02 9.55755e-12 0.00000e+00
8.07000e+02 8.58919e-12 0.00000e+00
8.08000e+02 8.77852e-12 0.00000e+00
8.09000e+02 9.11689e-12 0.00000e+00
8.10000e+02 9.77765e-12 0.00000e+00
8.11000e+02 9.07489e-12 0.00000e+00
8.12000e+02 8.36326e-12 0.00000e+00
8.13000e+02 8.60194e-12 0.00000e+00
8.14000e+02 9.09461e-12 0.00000e+00
8.15000e+02 8.55557e-12 0.00000e+00
8.16000e+02 8.64090e-12 0.00000e+00
8.17000e+02 8.28303e-12 0.00000e+00
8.18000e+02 8.51518e-12 0.00000e+00
8.19000e+02 8.69105e-12 0.00000e+00
8.20000e+02 9.25756e-12 0.00000e+00
8.21000e+02 8.89248e-12 0.00000e+00
8.22000e+02 8.56391e-12 0.00000e+00
8.23000e+02 8.55231e-12 0.00000e+00
8.24000e+02 8.58721e-12 0.00000e+00
8.25000e+02 8.66747e-12 0.00000e+00
8.26000e+02 8.73341e-12 0.00000e+00
8.27000e+02 9.67349e-12 0.00000e+00
8.28000e+02 8.85872e-12 0.00000e+00
8.29000e+02 8.92764e-12 0.00000e+00
8.30000e+02 9.27295e-12 0.00000e+00
8.31000e+02 8.92290e-12 0.00000e+00
8.32000e+02 8.35397e-12 0.00000e+00
8.33000e+02 7.74083e-12 0.00000e+00
8.34000e+02 8.76902e-12 0.00000e+00
8.35000e+02 9.29329e-12 0.00000e+00
8.36000e+02 8.49906e-12 0.00000e+00
8.37000e+02 8.58054e-12 0.00000e+00
8.38000e+02 8.03889e-12 0.00000e+00
8.39000e+02 8.72598e-12 0.00000e+00
8.40000e+02 8.25020e-12 0.00000e+00
8.41000e+02 8.64152e-12 0.00000e+00
8.42000e+02 8.26273e-12 0.00000e+00
8.43000e+02 8.88522e-12 0.00000e+00
8.44000e+02 8.11454e-12 0.00000e+00
8.45000e+02 8.69138e-12 0.00000e+00
8.46000e+02 9.47167e-12 0.00000e+00
8.47000e+02 8.11601e-12 0.00000e+00
8.48000e+02 8.56528e-12 0.00000e+00
8.49000e+02 8.06961e-12 0.00000e+00
8.50000e+02 8.23346e-12 0.00000e+00
8.51000e+02 8.39077e-12 0.00000e+00
8.52000e+02 8.66078e-12 0.00000e+00
8.53000e+02 8.36753e-12 0.00000e+00
8.54000e+02 8.43264e-12 0.00000e+00
8.55000e+02 8.44184e-12 0.00000e+00
8.56000e+02 8.79920e-12 0.00000e+00
8.57000e+02 8.22191e-12 0.00000e+00
8.58000e+02 8.65443e-12 0.00000e+00
8.59000e+02 8.42255e-12 0.00000e+00
8.60000e+02 8.20383e-12 0.00000e+00
8.61000e+02 8.12937e-12 0.00000e+00
8.62000e+02 7.85808e-12 0.00000e+00
8.63000e+02 8.04389e-12 0.00000e+00
8.64000e+02 7.83800e-12 0.00000e+00
8.65000e+02 7.67733e-12 0.00000e+00
8.66000e+02 8.61933e-12 0.00000e+00
8.67000e+02 7.88563e-12 0.00000e+00
8.68000e+02 7.58348e-12 0.00000e+00
8.69000e+02 8.53995e-12 0.00000e+00
8.70000e+02 8.84619e-12 0.00000e+00
8.71000e+02 8.01961e-12 0.00000e+00
8.72000e+02 8.26337e-12 0.00000e+00
8.73000e+02 8.23260e-12 0.00000e+00
8.74000e+02 7.55025e-12 0.00000e+00
8.75000e+02 7.96476e-12 0.00000e+00
8.76000e+02 7.58607e-12 0.00000e+00
8.77000e+02 8.29411e-12 0.00000e+00
8.78000e+02 8.38496e-12 0.00000e+00
8.79000e+02 7.72303e-12 0.00000e+00
8.80000e+02 8.35962e-12 0.00000e+00
8.81000e+02 7.38482e-12 0.00000e+00
8.82000e+02 8.23493e-12 0.00000e+00
8.83000e+02 7.32219e-12 0.00000e+00
8.84000e+02 8.29840e-12 0.00000e+00
8.85000e+02 7.81926e-12 0.00000e+00
8.86000e+02 7.99261e-12 0.00000e+00
8.87000e+02 8.07484e-12 0.00000e+00
8.88000e+02 7.99483e-12 0.00000e+00
8.89000e+02 7.73461e-12 0.00000e+00
8.90000e+02 7.72533e-12 0.00000e+00
8.91000e+02 8.06215e-12 0.00000e+00
8.92000e+02 8.37320e-12 0.00000e+00
8.93000e+02 8.32527e-12 0.00000e+00
8.94000e+02 7.92726e-12 0.00000e+00
8.95000e+02 7.98616e-12 0.00000e+00
8.96000e+02 8.04237e-12 0.00000e+00
8.97000e+02 8.10239e-12 0.00000e+00
8.98000e+02 8.13304e-12 0.00000e+00
8.99000e+02 8.02682e-12 0.00000e+00
9.00000e+02 8.15544e-12 0.00000e+00
9.01000e+02 7.91319e-12 0.00000e+00
9.02000e+02 7.80320e-12 0.00000e+00
9.03000e+02 8.23314e-12 0.00000e+00
9.04000e+02 7.46611e-12 0.00000e+00
9.05000e+02 8.43928e-12 0.00000e+00
9.06000e+02 7.61068e-12 0.00000e+00
9.07000e+02 8.70589e-12 0.00000e+00
9.08000e+02 7.33347e-12 0.00000e+00
9.09000e+02 7.87251e-12 0.00000e+00
9.10000e+02 7.72448e-12 0.00000e+00
9.11000e+02 7.36491e-12 0.00000e+00
9.12000e+02 7.81363e-12 0.00000e+00
9.13000e+02 7.56985e-12 0.00000e+00
9.14000e+02 7.77927e-12 0.00000e+00
9.15000e+02 7.96299e-12 0.00000e+00
9.16000e+02 7.72898e-12 0.00000e+00
9.17000e+02 7.44816e-12 0.00000e+00
9.18000e+02 8.12837e-12 0.00000e+00
9.19000e+02 7.75556e-12 0.00000e+00
9.20000e+02 7.64329e-12 0.00000e+00
9.21000e+02 7.93543e-12 0.00000e+00
9.22000e+02 7.73435e-12 0.00000e+00
9.23000e+02 7.39453e-12 0.00000e+00
9.24000e+02 7.86445e-12 0.00000e+00
9.25000e+02 8.07496e-12 0.00000e+00
9.26000e+02 7.45294e-12 0.00000e+00
9.27000e+02 8.15200e-12 0.00000e+00
9.28000e+02 7.12031e-12 0.00000e+00
9.29000e+02 7.25438e-12 0.00000e+00
9.30000e+02 7.46730e-12 0.00000e+00
9.31000e+02 7.69412e-12 0.00000e+00
9.32000e+02 7.20860e-12 0.00000e+00
9.33000e+02 7.75064e-12 0.00000e+00
9.34000e+02 7.11302e-12 0.00000e+00
9.35000e+02 6.63439e-12 0.00000e+00
9.36000e+02 8.11858e-12 0.00000e+00
9.37000e+02 7.24021e-12 0.00000e+00
9.38000e+02 7.50802e-12 0.00000e+00
9.39000e+02 7.92832e-12 0.00000e+00
9.40000e+02 7.81083e-12 0.00000e+00
9.41000e+02 7.23512e-12 0.00000e+00
9.42000e+02 7.60453e-12 0.00000e+00
9.43000e+02 7.25263e-12 0.00000e+00
9.44000e+02 7.49670e-12 0.00000e+00
9.45000e+02 7.14810e-12 0.00000e+00
9.46000e+02 7.48641e-12 0.00000e+00
9.47000e+02 7.08440e-12 0.00000e+00
9.48000e+02 7.31222e-12 0.00000e+00
9.49000e+02 7.59081e-12 0.00000e+00
9.50000e+02 7.33708e-12 0.00000e+00
9.51000e+02 7.22985e-12 0.00000e+00
9.52000e+02 6.73660e-12 0.00000e+00
9.53000e+02 6.92644e-12 0.00000e+00
9.54000e+02 7.01808e-12 0.00000e+00
9.55000e+02 8.07819e-12 0.00000e+00
9.56000e+02 7.49150e-12 0.00000e+00
9.57000e+02 6.73464e-12 0.00000e+00
9.58000e+02 6.74514e-12 0.00000e+00
9.59000e+02 7.03999e-12 0.00000e+00
9.60000e+02 7.37105e-12 0.00000e+00
9.61000e+02 7.53311e-12 0.00000e+00
9.62000e+02 6.93881e-12 0.00000e+00
9.63000e+02 7.03414e-12 0.00000e+00
9.64000e+02 7.44597e-12 0.00000e+00
9.65000e+02 7.44186e-12 0.00000e+00
9.66000e+02 6.94154e-12 0.00000e+00
9.67000e+02 7.12877e-12 0.00000e+00
9.68000e+02 6.70402e-12 0.00000e+00
9.69000e+02 7.28186e-12 0.00000e+00
9.70000e+02 7.12222e-12 0.00000e+00
9.71000e+02 8.05648e-12 0.00000e+00
9.72000e+02 7.08142e-12 0.00000e+00
9.73000e+02 6.69684e-12 0.00000e+00
9.74000e+02 7.73557e-12 0.00000e+00
9.75000e+02 7.44463e-12 0.00000e+00
9.76000e+02 6.95545e-12 0.00000e+00
9.77000e+02 7.58962e-12 0.00000e+00
9.78000e+02 7.12375e-12 0.00000e+00
9.79000e+02 6.54022e-12 0.00000e+00
9.80000e+02 7.12326e-12 0.00000e+00
9.81000e+02 7.12363e-12 0.00000e+00
9.82000e+02 7.07012e-12 0.00000e+00
9.83000e+02 7.41640e-12 0.00000e+00
9.84000e+02 7.40142e-12 0.00000e+00
9.85000e+02 7.55376e-12 0.00000e+00
9.86000e+02 6.95508e-12 0.00000e+00
9.87000e+02 7.41462e-12 0.00000e+00
9.88000e+02 7.79106e-12 0.00000e+00
9.89000e+02 6.49186e-12 0.00000e+00
9.90000e+02 6.54772e-12 0.00000e+00
9.91000e+02 6.84335e-12 0.00000e+00
9.92000e+02 7.02515e-12 0.00000e+00
9.93000e+02 6.84098e-12 0.00000e+00
9.94000e+02 6.67190e-12 0.00000e+00
9.95000e+02 6.68039e-12 0.00000e+00
9.96000e+02 7.31540e-12 0.00000e+00
9.97000e+02 6.65274e-12 0.00000e+00
9.98000e+02 6.64675e-12 0.00000e+00
9.99000e+02 7.04499e-12 0.00000e+00
1.00000e+03 7.03940e-12 0.00000e+00
1.00100e+03 6.62913e-12 0.00000e+00
1.00200e+03 7.23969e-12 0.00000e+00
1.00300e+03 6.83998e-12 0.00000e+00
1.00400e+03 7.06384e-12 0.00000e+00
1.00500e+03 7.14998e-12 0.00000e+00
1.00600e+03 6.45289e-12 0.00000e+00
1.00700e+03 6.95516e-12 0.00000e+00
1.00800e+03 7.27092e-12 0.00000e+00
1.00900e+03 7.18197e-12 0.00000e+00
1.01000e+03 7.05413e-12 0.00000e+00
1.01100e+03 6.87822e-12 0.00000e+00
1.01200e+03 6.32922e-12 0.00000e+00
1.01300e+03 6.70759e-12 0.00000e+00
1.01400e+03 7.14870e-12 0.00000e+00
1.01500e+03 6.78780e-12 0.00000e+00
1.01600e+03 6.60964e-12 0.00000e+00
1.01700e+03 6.63049e-12 0.00000e+00
1.01800e+03 6.66413e-12 0.00000e+00
1.01900e+03 6.86179e-12 0.00000e+00
1.02000e+03 6.76216e-12 0.00000e+00
1.02100e+03 7.12708e-12 0.00000e+00
1.02200e+03 6.61424e-12 0.00000e+00
1.02300e+03 6.93138e-12 0.00000e+00
1.02400e+03 6.36197e-12 0.00000e+00
1.02500e+03 6.27198e-12 0.00000e+00
1.02600e+03 6.52821e-12 0.00000e+00
1.02700e+03 6.32230e-12 0.00000e+00
1.02800e+03 6.46267e-12 0.00000e+00
1.02900e+03 6.66830e-12 0.00000e+00
1.03000e+03 6.42227e-12 0.00000e+00
1.03100e+03 6.89379e-12 0.00000e+00
1.03200e+03 6.36216e-12 0.00000e+00
1.03300e+03 6.91210e-12 0.00000e+00
1.03400e+03 6.26854e-12 0.00000e+00
1.03500e+03 6.36788e-12 0.00000e+00
1.03600e+03 6.66207e-12 0.00000e+00
1.03700e+03 6.67791e-12 0.00000e+00
1.03800e+03 6.27141e-12 0.00000e+00
1.03900e+03 6.57815e-12 0.00000e+00
1.04000e+03 6.64229e-12 0.00000e+00
1.04100e+03 6.65693e-12 0.00000e+00
1.04200e+03 7.06488e-12 0.00000e+00
1.04300e+03 6.75692e-12 0.00000e+00
1.04400e+03 6.81635e-12 0.00000e+00
1.04500e+03 6.32613e-12 0.00000e+00
1.04600e+03 6.83385e-12 0.00000e+00
1.04700e+03 6.42700e-12 0.00000e+00
1.04800e+03 6.54088e-12 0.00000e+00
1.04900e+03 6.29753e-12 0.00000e+00
1.05000e+03 7.02230e-12 0.00000e+00
1.05100e+03 6.31633e-12 0.00000e+00
1.05200e+03 6.52004e-12 0.00000e+00
1.05300e+03 6.83556e-12 0.00000e+00
1.05400e+03 6.58919e-12 0.00000e+00
1.05500e+03 7.02979e-12 0.00000e+00
1.05600e+03 6.29060e-12 0.00000e+00
1.05700e+03 6.47238e-12 0.00000e+00
1.05800e+03 5.90688e-12 0.00000e+00
1.05900e+03 6.24501e-12 0.00000e+00
1.06000e+03 6.36876e-12 0.00000e+00
1.06100e+03 6.46140e-12 0.00000e+00
1.06200e+03 7.14585e-12 0.00000e+00
1.06300e+03 6.77092e-12 0.00000e+00
1.06400e+03 6.68706e-12 0.00000e+00
1.06500e+03 6.36680e-12 0.00000e+00
1.06600e+03 6.50561e-12 0.00000e+00
1.06700e+03 5.98939e-12 0.00000e+00
1.06800e+03 5.96626e-12 0.00000e+00
1.06900e+03 6.00299e-12 0.00000e+00
1.07000e+03 5.76451e-12 0.00000e+00
1.07100e+03 6.25310e-12 0.00000e+00
1.07200e+03 6.33575e-12 0.00000e+00
1.07300e+03 5.98748e-12 0.00000e+00
1.07400e+03 6.47159e-12 0.00000e+00
1.07500e+03 6.24092e-12 0.00000e+00
1.07600e+03 5.83827e-12 0.00000e+00
1.07700e+03 6.45384e-12 0.00000e+00
1.07800e+03 6.48103e-12 0.00000e+00
1.07900e+03 6.93521e-12 0.00000e+00
1.08000e+03 6.34817e-12 0.00000e+00
1.08100e+03 6.14290e-12 0.00000e+00
1.08200e+03 6.16617e-12 0.00000e+00
1.08300e+03 5.69737e-12 0.00000e+00
1.08400e+03 6.11488e-12 0.00000e+00
1.08500e+03 6.62293e-12 0.00000e+00
1.08600e+03 6.40920e-12 0.00000e+00
1.08700e+03 6.35831e-12 0.00000e+00
1.08800e+03 6.44378e-12 0.00000e+00
1.08900e+03 6.14921e-12 0.00000e+00
1.09000e+03 6.58205e-12 0.00000e+00
1.09100e+03 5.62052e-12 0.00000e+00
1.09200e+03 6.27052e-12 0.00000e+00
1.09300e+03 6.33101e-12 0.00000e+00
1.09400e+03 6.40969e-12 0.00000e+00
1.09500e+03 6.14680e-12 0.00000e+00
1.09600e+03 6.38697e-12 0.00000e+00
1.09700e+03 5.76514e-12 0.00000e+00
1.09800e+03 6.16478e-12 0.00000e+00
1.09900e+03 6.25608e-12 0.00000e+00
1.10000e+03 5.91931e-12 0.00000e+00
1.10100e+03 6.22971e-12 0.00000e+00
1.10200e+03 5.89991e-12 0.00000e+00
1.10300e+03 6.16448e-12 0.00000e+00
1.10400e+03 6.23501e-12 0.00000e+00
1.10500e+03 5.64656e-12 0.00000e+00
1.10600e+03 6.28339e-12 0.00000e+00
1.10700e+03 5.93430e-12 0.00000e+00
1.10800e+03 6.22706e-12 0.00000e+00
1.10900e+03 6.05388e-12 0.00000e+00
1.11000e+03 5.94218e-12 0.00000e+00
1.11100e+03 6.18594e-12 0.00000e+00
1.11200e+03 6.06738e-12 0.00000e+00
1.11300e+03 5.98716e-12 0.00000e+00
1.11400e+03 5.61332e-12 0.00000e+00
1.11500e+03 5.92975e-12 0.00000e+00
1.11600e+03 5.79332e-12 0.00000e+00
1.11700e+03 6.16782e-12 0.00000e+00
1.11800e+03 6.05164e-12 0.00000e+00
1.11900e+03 5.95631e-12 0.00000e+00
1.12000e+03 5.72870e-12 0.00000e+00
1.12100e+03 6.30858e-12 0.00000e+00
1.12200e+03 6.02012e-12 0.00000e+00
1.12300e+03 6.01088e-12 0.00000e+00
1.12400e+03 5.79852e-12 0.00000e+00
1.12500e+03 5.76559e-12 0.00000e+00
1.12600e+03 5.87295e-12 0.00000e+00
1.12700e+03 5.86846e-12 0.00000e+00
1.12800e+03 5.95870e-12 0.00000e+00
1.12900e+03 6.13528e-12 0.00000e+00
1.13000e+03 5.82459e-12 0.00000e+00
1.13100e+03 5.94685e-12 0.00000e+00
1.13200e+03 5.70875e-12 0.00000e+00
1.13300e+03 6.31285e-12 0.00000e+00
1.13400e+03 5.69176e-12 0.00000e+00
1.13500e+03 5.60820e-12 0.00000e+00
1.13600e+03 5.43195e-12 0.00000e+00
1.13700e+03 5.77156e-12 0.00000e+00
1.13800e+03 6.26939e-12 0.00000e+00
1.13900e+03 6.04218e-12 0.00000e+00
1.14000e+03 6.14888e-12 0.00000e+00
1.14100e+03 5.72337e-12 0.00000e+00
1.14200e+03 5.68776e-12 0.00000e+00
1.14300e+03 5.93047e-12 0.00000e+00
1.14400e+03 5.67031e-12 0.00000e+00
1.14500e+03 5.97002e-12 0.00000e+00
1.14600e+03 5.75494e-12 0.00000e+00
1.14700e+03 5.89915e-12 0.00000e+00
1.14800e+03 5.55804e-12 0.00000e+00
1.14900e+03 5.44718e-12 0.00000e+00
1.15000e+03 6.09863e-12 0.00000e+00
1.15100e+03 5.76190e-12 0.00000e+00
1.15200e+03 5.68142e-12 0.00000e+00
1.15300e+03 5.89203e-12 0.00000e+00
1.15400e+03 5.84700e-12 0.00000e+00
1.15500e+03 5.51029e-12 0.00000e+00
1.15600e+03 5.80545e-12 0.00000e+00
1.15700e+03 6.07185e-12 0.00000e+00
1.15800e+03 5.48953e-12 0.00000e+00
1.15900e+03 5.84840e-12 0.00000e+00
1.16000e+03 5.46278e-12 0.00000e+00
1.16100e+03 5.50152e-12 0.00000e+00
1.16200e+03 5.70537e-12 0.00000e+00
1.16300e+03 5.77441e-12 0.00000e+00
1.16400e+03 5.59088e-12 0.00000e+00
1.16500e+03 5.60587e-12 0.00000e+00
1.16600e+03 6.01734e-12 0.00000e+00
1.16700e+03 5.61602e-12 0.00000e+00
1.16800e+03 5.51620e-12 0.00000e+00
1.16900e+03 5.82956e-12 0.00000e+00
1.17000e+03 5.40583e-12 0.00000e+00
1.17100e+03 5.64774e-12 0.00000e+00
1.17200e+03 5.82158e-12 0.00000e+00
1.17300e+03 5.64497e-12 0.00000e+00
1.17400e+03 6.10729e-12 0.00000e+00
1.17500e+03 5.67983e-12 0.00000e+00
1.17600e+03 5.54905e-12 0.00000e+00
1.17700e+03 5.73233e-12 0.00000e+00
1.17800e+03 5.46560e-12 0.00000e+00
1.17900e+03 5.20747e-12 0.00000e+00
1.18000e+03 5.65593e-12 0.00000e+00
1.18100e+03 5.57508e-12 0.00000e+00
1.18200e+03 5.61748e-12 0.00000e+00
1.18300e+03 5.44315e-12 0.00000e+00
1.18400e+03 5.35201e-12 0.00000e+00
1.18500e+03 5.59962e-12 0.00000e+00
1.18600e+03 5.32249e-12 0.00000e+00
1.18700e+03 5.65877e-12 0.00000e+00
1.18800e+03 5.27877e-12 0.00000e+00
1.18900e+03 5.43922e-12 0.00000e+00
1.19000e+03 5.36897e-12 0.00000e+00
1.19100e+03 6.07228e-12 0.00000e+00
1.19200e+03 5.45413e-12 0.00000e+00
1.19300e+03 5.28811e-12 0.00000e+00
1.19400e+03 5.29922e-12 0.00000e+00
1.19500e+03 5.52505e-12 0.00000e+00
1.19600e+03 5.70457e-12 0.00000e+00
1.19700e+03 5.85790e-12 0.00000e+00
1.19800e+03 5.30941e-12 0.00000e+00
1.19900e+03 5.50755e-12 0.00000e+00
1.20000e+03 5.33712e-12 0.00000e+00
1.20100e+03 5.45936e-12 0.00000e+00
1.20200e+03 4.94636e-12 0.00000e+00
1.20300e+03 5.63131e-12 0.00000e+00
1.20400e+03 5.55939e-12 0.00000e+00
1.20500e+03 5.38849e-12 0.00000e+00
1.20600e+03 5.69682e-12 0.00000e+00
1.20700e+03 5.53501e-12 0.00000e+00
1.20800e+03 5.53319e-12 0.00000e+00
1.20900e+03 4.95234e-12 0.00000e+00
1.21000e+03 5.64878e-12 0.00000e+00
1.21100e+03 5.07555e-12 0.00000e+00
1.21200e+03 5.57184e-12 0.00000e+00
1.21300e+03 5.54804e-12 0.00000e+00
1.21400e+03 5.12685e-12 0.00000e+00
1.21500e+03 5.48123e-12 0.00000e+00
1.21600e+03 5.33109e-12 0.00000e+00
1.21700e+03 5.28087e-12 0.00000e+00
1.21800e+03 5.09104e-12 0.00000e+00
1.21900e+03 5.41649e-12 0.00000e+00
1.22000e+03 5.58867e-12 0.00000e+00
1.22100e+03 5.26787e-12 0.00000e+00
1.22200e+03 5.27889e-12 0.00000e+00
1.22300e+03 5.18673e-12 0.00000e+00
1.22400e+03 5.52950e-12 0.00000e+00
1.22500e+03 4.98409e-12 0.00000e+00
1.22600e+03 5.35381e-12 0.00000e+00
1.22700e+03 5.09185e-12 0.00000e+00
1.22800e+03 5.62528e-12 0.00000e+00
1.22900e+03 5.35762e-12 0.00000e+00
1.23000e+03 5.25787e-12 0.00000e+00
1.23100e+03 5.36572e-12 0.00000e+00
1.23200e+03 5.61131e-12 0.00000e+00
1.23300e+03 4.87734e-12 0.00000e+00
1.23400e+03 5.31253e-12 0.00000e+00
1.23500e+03 4.71616e-12 0.00000e+00
1.23600e+03 5.43246e-12 0.00000e+00
1.23700e+03 5.36772e-12 0.00000e+00
1.23800e+03 4.83547e-12 0.00000e+00
1.23900e+03 5.06033e-12 0.00000e+00
1.24000e+03 5.19216e-12 0.00000e+00
1.24100e+03 4.75941e-12 0.00000e+00
1.24200e+03 4.83977e-12 0.00000e+00
1.24300e+03 4.80305e-12 0.00000e+00
1.24400e+03 5.20351e-12 0.00000e+00
1.24500e+03 4.96789e-12 0.00000e+00
1.24600e+03 4.49072e-12 0.00000e+00
1.24700e+03 5.37380e-12 0.00000e+00
1.24800e+03 4.86040e-12 0.00000e+00
1.24900e+03 4.97323e-12 0.00000e+00
1.25000e+03 5.02162e-12 0.00000e+00
1.25100e+03 4.86073e-12 0.00000e+00
1.25200e+03 4.88958e-12 0.00000e+00
1.25300e+03 5.37688e-12 0.00000e+00
1.25400e+03 5.07947e-12 0.00000e+00
1.25500e+03 4.63938e-12 0.00000e+00
1.25600e+03 4.87972e-12 0.00000e+00
1.25700e+03 4.78373e-12 0.00000e+00
1.25800e+03 5.23686e-12 0.00000e+00
1.25900e+03 4.87004e-12 0.00000e+00
1.26000e+03 4.99420e-12 0.00000e+00
1.26100e+03 5.26131e-12 0.00000e+00
1.26200e+03 5.05182e-12 0.00000e+00
1.26300e+03 4.98535e-12 0.00000e+00
1.26400e+03 5.14151e-12 0.00000e+00
1.26500e+03 4.98014e-12 0.00000e+00
1.26600e+03 5.42519e-12 0.00000e+00
1.26700e+03 5.01757e-12 0.00000e+00
1.26800e+03 5.15918e-12 0.00000e+00
1.26900e+03 4.96424e-12 0.00000e+00
1.27000e+03 4.90461e-12 0.00000e+00
1.27100e+03 5.02251e-12 0.00000e+00
1.27200e+03 5.56110e-12 0.00000e+00
1.27300e+03 5.04561e-12 0.00000e+00
1.27400e+03 4.84977e-12 0.00000e+00
1.27500e+03 4.67963e-12 0.00000e+00
1.27600e+03 5.24147e-12 0.00000e+00
1.27700e+03 4.82640e-12 0.00000e+00
1.27800e+03 4.55623e-12 0.00000e+00
1.27900e+03 4.82792e-12 0.00000e+00
1.28000e+03 5.00467e-12 0.00000e+00
1.28100e+03 4.89879e-12 0.00000e+00
1.28200e+03 5.32134e-12 0.00000e+00
1.28300e+03 4.83536e-12 0.00000e+00
1.28400e+03 4.87643e-12 0.00000e+00
1.28500e+03 4.95795e-12 0.00000e+00
1.28600e+03 4.59479e-12 0.00000e+00
1.28700e+03 4.51724e-12 0.00000e+00
1.28800e+03 5.03910e-12 0.00000e+00
1.28900e+03 4.98331e-12 0.00000e+00
1.29000e+03 4.86240e-12 0.00000e+00
1.29100e+03 4.64179e-12 0.00000e+00
1.29200e+03 4.86615e-12 0.00000e+00
1.29300e+03 4.96364e-12 0.00000e+00
1.29400e+03 5.13165e-12 0.00000e+00
1.29500e+03 4.94912e-12 0.00000e+00
1.29600e+03 4.69499e-12 0.00000e+00
1.29700e+03 4.57107e-12 0.00000e+00
1.29800e+03 4.60109e-12 0.00000e+00
1.29900e+03 4.75715e-12 0.00000e+00
1.30000e+03 4.63848e-12 0.00000e+00
1.30100e+03 4.78655e-12 0.00000e+00
1.30200e+03 4.94588e-12 0.00000e+00
1.30300e+03 4.59591e-12 0.00000e+00
1.30400e+03 4.74563e-12 0.00000e+00
1.30500e+03 4.75105e-12 0.00000e+00
1.30600e+03 4.86793e-12 0.00000e+00
1.30700e+03 4.58790e-12 0.00000e+00
1.30800e+03 4.59086e-12 0.00000e+00
1.30900e+03 4.66088e-12 0.00000e+00
1.31000e+03 4.62172e-12 0.00000e+00
1.31100e+03 4.76579e-12 0.00000e+00
1.31200e+03 4.80562e-12 0.00000e+00
1.31300e+03 4.45883e-12 0.00000e+00
1.31400e+03 4.79040e-12 0.00000e+00
1.31500e+03 4.42642e-12 0.00000e+00
1.31600e+03 4.68807e-12 0.00000e+00
1.31700e+03 4.64262e-12 0.00000e+00
1.31800e+03 4.75187e-12 0.00000e+00
1.31900e+03 4.50563e-12 0.00000e+00
1.32000e+03 4.55522e-12 0.00000e+00
1.32100e+03 4.76832e-12 0.00000e+00
1.32200e+03 4.67680e-12 0.00000e+00
1.32300e+03 4.71232e-12 0.00000e+00
1.32400e+03 4.68371e-12 0.00000e+00
1.32500e+03 4.51326e-12 0.00000e+00
1.32600e+03 4.46410e-12 0.00000e+00
1.32700e+03 4.69515e-12 0.00000e+00
1.32800e+03 4.53583e-12 0.00000e+00
1.32900e+03 4.65614e-12 0.00000e+00
1.33000e+03 4.30957e-12 0.00000e+00
1.33100e+03 4.38848e-12 0.00000e+00
1.33200e+03 5.04650e-12 0.00000e+00
1.33300e+03 4.79624e-12 0.00000e+00
1.33400e+03 4.65420e-12 0.00000e+00
1.33500e+03 4.19936e-12 0.00000e+00
1.33600e+03 4.58587e-12 0.00000e+00
1.33700e+03 4.52614e-12 0.00000e+00
1.33800e+03 4.36496e-12 0.00000e+00
1.33900e+03 4.16743e-12 0.00000e+00
1.34000e+03 4.68001e-12 0.00000e+00
1.34100e+03 4.54647e-12 0.00000e+00
1.34200e+03 4.58583e-12 0.00000e+00
1.34300e+03 4.54323e-12 0.00000e+00
1.34400e+03 4.77710e-12 0.00000e+00
1.34500e+03 4.47304e-12 0.00000e+00
1.34600e+03 4.60872e-12 0.00000e+00
1.34700e+03 4.51608e-12 0.00000e+00
1.34800e+03 4.48333e-12 0.00000e+00
1.34900e+03 4.36504e-12 0.00000e+00
1.35000e+03 4.35295e-12 0.00000e+00
1.35100e+03 4.40645e-12 0.00000e+00
1.35200e+03 4.34389e-12 0.00000e+00
1.35300e+03 4.19809e-12 0.00000e+00
1.35400e+03 4.29629e-12 0.00000e+00
1.35500e+03 4.52858e-12 0.00000e+00
1.35600e+03 4.63472e-12 0.00000e+00
1.35700e+03 4.48816e-12 0.00000e+00
1.35800e+03 4.32379e-12 0.00000e+00
1.35900e+03 4.57206e-12 0.00000e+00
1.36000e+03 4.30838e-12 0.00000e+00
1.36100e+03 4.87324e-12 0.00000e+00
1.36200e+03 4.15338e-12 0.00000e+00
1.36300e+03 4.31634e-12 0.00000e+00
1.36400e+03 4.24399e-12 0.00000e+00
1.36500e+03 4.14310e-12 0.00000e+00
1.36600e+03 4.28184e-12 0.00000e+00
1.36700e+03 4.10313e-12 0.00000e+00
1.36800e+03 4.52755e-12 0.00000e+00
1.36900e+03 4.36973e-12 0.00000e+00
1.37000e+03 4.18422e-12 0.00000e+00
1.37100e+03 4.37573e-12 0.00000e+00
1.37200e+03 4.48108e-12 0.00000e+00
1.37300e+03 4.20449e-12 0.00000e+00
1.37400e+03 4.23061e-12 0.00000e+00
1.37500e+03 4.37097e-12 0.00000e+00
1.37600e+03 4.35868e-12 0.00000e+00
1.37700e+03 3.93045e-12 0.00000e+00
1.37800e+03 4.37233e-12 0.00000e+00
1.37900e+03 4.33387e-12 0.00000e+00
1.38000e+03 4.27094e-12 0.00000e+00
1.38100e+03 4.33551e-12 0.00000e+00
1.38200e+03 4.69092e-12 0.00000e+00
1.38300e+03 4.24285e-12 0.00000e+00
1.38400e+03 3.96615e-12 0.00000e+00
1.38500e+03 4.19191e-12 0.00000e+00
1.38600e+03 4.63811e-12 0.00000e+00
1.38700e+03 3.93364e-12 0.00000e+00
1.38800e+03 4.26253e-12 0.00000e+00
1.38900e+03 4.39468e-12 0.00000e+00
1.39000e+03 4.15128e-12 0.00000e+00
1.39100e+03 4.29701e-12 0.00000e+00
1.39200e+03 4.20877e-12 0.00000e+00
1.39300e+03 4.40681e-12 0.00000e+00
1.39400e+03 4.46650e-12 0.00000e+00
1.39500e+03 4.21492e-12 0.00000e+00
1.39600e+03 4.41812e-12 0.00000e+00
1.39700e+03 4.07109e-12 0.00000e+00
1.39800e+03 4.33641e-12 0.00000e+00
1.39900e+03 4.23961e-12 0.00000e+00
1.40000e+03 4.39053e-12 0.00000e+00
1.40100e+03 4.16734e-12 0.00000e+00
1.40200e+03 4.01759e-12 0.00000e+00
1.40300e+03 4.40482e-12 0.00000e+00
1.40400e+03 4.07556e-12 0.00000e+00
1.40500e+03 3.98536e-12 0.00000e+00
1.40600e+03 4.28151e-12 0.00000e+00
1.40700e+03 4.42137e-12 0.00000e+00
1.40800e+03 4.08724e-12 0.00000e+00
1.40900e+03 3.97678e-12 0.00000e+00
1.41000e+03 4.28358e-12 0.00000e+00
1.41100e+03 4.05059e-12 0.00000e+00
1.41200e+03 4.07740e-12 0.00000e+00
1.41300e+03 4.06374e-12 0.00000e+00
1.41400e+03 4.16920e-12 0.00000e+00
1.41500e+03 4.05167e-12 0.00000e+00
1.41600e+03 3.96182e-12 0.00000e+00
1.41700e+03 3.99817e-12 0.00000e+00
1.41800e+03 4.08500e-12 0.00000e+00
1.41900e+03 4.27132e-12 0.00000e+00
1.42000e+03 4.06989e-12 0.00000e+00
1.42100e+03 4.04227e-12 0.00000e+00
1.42200e+03 4.03886e-12 0.00000e+00
1.42300e+03 3.98495e-12 0.00000e+00
1.42400e+03 3.85213e-12 0.00000e+00
1.42500e+03 3.87080e-12 0.00000e+00
1.42600e+03 4.07497e-12 0.00000e+00
1.42700e+03 3.95663e-12 0.00000e+00
1.42800e+03 3.92429e-12 0.00000e+00
1.42900e+03 4.04523e-12 0.00000e+00
1.43000e+03 4.03056e-12 0.00000e+00
1.43100e+03 3.79493e-12 0.00000e+00
1.43200e+03 3.93498e-12 0.00000e+00
1.43300e+03 4.26317e-12 0.00000e+00
1.43400e+03 4.14723e-12 0.00000e+00
1.43500e+03 3.95492e-12 0.00000e+00
1.43600e+03 4.28087e-12 0.00000e+00
1.43700e+03 3.79427e-12 0.00000e+00
1.43800e+03 4.16462e-12 0.00000e+00
1.43900e+03 3.88076e-12 0.00000e+00
1.44000e+03 3.83196e-12 0.00000e+00
1.44100e+03 4.17160e-12 0.00000e+00
1.44200e+03 3.90090e-12 0.00000e+00
1.44300e+03 3.73874e-12 0.00000e+00
1.44400e+03 4.23026e-12 0.00000e+00
1.44500e+03 3.95244e-12 0.00000e+00
1.44600e+03 4.03185e-12 0.00000e+00
1.44700e+03 4.00839e-12 0.00000e+00
1.44800e+03 4.01012e-12 0.00000e+00
1.44900e+03 3.75468e-12 0.00000e+00
1.45000e+03 4.10712e-12 0.00000e+00
1.45100e+03 3.83550e-12 0.00000e+00
1.45200e+03 4.02213e-12 0.00000e+00
1.45300e+03 3.77801e-12 0.00000e+00
1.45400e+03 4.01521e-12 0.00000e+00
1.45500e+03 3.98126e-12 0.00000e+00
1.45600e+03 3.98665e-12 0.00000e+00
1.45700e+03 3.91446e-12 0.00000e+00
1.45800e+03 3.97400e-12 0.00000e+00
1.45900e+03 3.98731e-12 0.00000e+00
1.46000e+03 3.87138e-12 0.00000e+00
1.46100e+03 3.81002e-12 0.00000e+00
1.46200e+03 3.86944e-12 0.00000e+00
1.46300e+03 3.83422e-12 0.00000e+00
1.46400e+03 3.72843e-12 0.00000e+00
1.46500e+03 4.04914e-12 0.00000e+00
1.46600e+03 3.91510e-12 0.00000e+00
1.46700e+03 3.81715e-12 0.00000e+00
1.46800e+03 4.10954e-12 0.00000e+00
1.46900e+03 3.67945e-12 0.00000e+00
1.47000e+03 3.56068e-12 0.00000e+00
1.47100e+03 3.66343e-12 0.00000e+00
1.47200e+03 3.93874e-12 0.00000e+00
1.47300e+03 3.75031e-12 0.00000e+00
1.47400e+03 3.92335e-12 0.00000e+00
1.47500e+03 3.64008e-12 0.00000e+00
1.47600e+03 3.90147e-12 0.00000e+00
1.47700e+03 3.68105e-12 0.00000e+00
1.47800e+03 4.06175e-12 0.00000e+00
1.47900e+03 4.02180e-12 0.00000e+00
1.48000e+03 3.87112e-12 0.00000e+00
1.48100e+03 3.84610e-12 0.00000e+00
1.48200e+03 3.97557e-12 0.00000e+00
1.48300e+03 3.81981e-12 0.00000e+00
1.48400e+03 3.64720e-12 0.00000e+00
1.48500e+03 3.62908e-12 0.00000e+00
1.48600e+03 3.59574e-12 0.00000e+00
1.48700e+03 3.66651e-12 0.00000e+00
1.48800e+03 3.72500e-12 0.00000e+00
1.48900e+03 3.72189e-12 0.00000e+00
1.49000e+03 3.69901e-12 0.00000e+00
1.49100e+03 3.59556e-12 0.00000e+00
1.49200e+03 3.59339e-12 0.00000e+00
1.49300e+03 3.70898e-12 0.00000e+00
1.49400e+03 3.78542e-12 0.00000e+00
1.49500e+03 3.67293e-12 0.00000e+00
1.49600e+03 3.59964e-12 0.00000e+00
1.49700e+03 3.64657e-12 0.00000e+00
1.49800e+03 3.69665e-12 0.00000e+00
1.49900e+03 3.30221e-12 0.00000e+00
1.50000e+03 3.77505e-12 0.00000e+00
1.50100e+03 3.71551e-12 0.00000e+00
1.50200e+03 3.58817e-12 0.00000e+00
1.50300e+03 3.71434e-12 0.00000e+00
1.50400e+03 3.60250e-12 0.00000e+00
1.50500e+03 3.55686e-12 0.00000e+00
1.50600e+03 3.48017e-12 0.00000e+00
1.50700e+03 3.74298e-12 0.00000e+00
1.50800e+03 3.58649e-12 0.00000e+00
1.50900e+03 3.52196e-12 0.00000e+00
1.51000e+03 3.43988e-12 0.00000e+00
1.51100e+03 3.63790e-12 0.00000e+00
1.51200e+03 3.73270e-12 0.00000e+00
1.51300e+03 3.45288e-12 0.00000e+00
1.51400e+03 3.77065e-12 0.00000e+00
1.51500e+03 3.68567e-12 0.00000e+00
1.51600e+03 3.44671e-12 0.00000e+00
1.51700e+03 3.58904e-12 0.00000e+00
1.51800e+03 3.82339e-12 0.00000e+00
1.51900e+03 3.41943e-12 0.00000e+00
1.52000e+03 3.66814e-12 0.00000e+00
1.52100e+03 3.53624e-12 0.00000e+00
1.52200e+03 3.54538e-12 0.00000e+00
1.52300e+03 3.64455e-12 0.00000e+00
1.52400e+03 3.54187e-12 0.00000e+00
1.52500e+03 3.53612e-12 0.00000e+00
1.52600e+03 3.43701e-12 0.00000e+00
1.52700e+03 3.54861e-12 0.00000e+00
1.52800e+03 3.56874e-12 0.00000e+00
1.52900e+03 3.59347e-12 0.00000e+00
1.53000e+03 3.66627e-12 0.00000e+00
1.53100e+03 3.40025e-12 0.00000e+00
1.53200e+03 3.42558e-12 0.00000e+00
1.53300e+03 3.77687e-12 0.00000e+00
1.53400e+03 3.27376e-12 0.00000e+00
1.53500e+03 3.59330e-12 0.00000e+00
1.53600e+03 3.45736e-12 0.00000e+00
1.53700e+03 3.47290e-12 0.00000e+00
1.53800e+03 3.41573e-12 0.00000e+00
1.53900e+03 3.58580e-12 0.00000e+00
1.54000e+03 3.61291e-12 0.00000e+00
1.54100e+03 3.34112e-12 0.00000e+00
1.54200e+03 3.70064e-12 0.00000e+00
1.54300e+03 3.33772e-12 0.00000e+00
1.54400e+03 3.64352e-12 0.00000e+00
1.54500e+03 3.45017e-12 0.00000e+00
1.54600e+03 3.32294e-12 0.00000e+00
1.54700e+03 3.35296e-12 0.00000e+00
1.54800e+03 3.33339e-12 0.00000e+00
1.54900e+03 3.37722e-12 0.00000e+00
1.55000e+03 3.66506e-12 0.00000e+00
1.55100e+03 3.51831e-12 0.00000e+00
1.55200e+03 3.65342e-12 0.00000e+00
1.55300e+03 3.41778e-12 0.00000e+00
1.55400e+03 3.41402e-12 0.00000e+00
1.55500e+03 3.44803e-12 0.00000e+00
1.55600e+03 3.22434e-12 0.00000e+00
1.55700e+03 3.00924e-12 0.00000e+00
1.55800e+03 3.32498e-12 0.00000e+00
1.55900e+03 3.55081e-12 0.00000e+00
1.56000e+03 3.61989e-12 0.00000e+00
1.56100e+03 3.45870e-12 0.00000e+00
1.56200e+03 3.49704e-12 0.00000e+00
1.56300e+03 3.47775e-12 0.00000e+00
1.56400e+03 3.19503e-12 0.00000e+00
1.56500e+03 3.44949e-12 0.00000e+00
1.56600e+03 3.33458e-12 0.00000e+00
1.56700e+03 3.20902e-12 0.00000e+00
1.56800e+03 3.37419e-12 0.00000e+00
1.56900e+03 3.30841e-12 0.00000e+00
1.57000e+03 3.56735e-12 0.00000e+00
1.57100e+03 3.43730e-12 0.00000e+00
1.57200e+03 3.16155e-12 0.00000e+00
1.57300e+03 3.24109e-12 0.00000e+00
1.57400e+03 3.42771e-12 0.00000e+00
1.57500e+03 3.27235e-12 0.00000e+00
1.57600e+03 3.35423e-12 0.00000e+00
1.57700e+03 3.22683e-12 0.00000e+00
1.57800e+03 3.20399e-12 0.00000e+00
1.57900e+03 3.20441e-12 0.00000e+00
1.58000e+03 3.55388e-12 0.00000e+00
1.58100e+03 3.40975e-12 0.00000e+00
1.58200e+03 3.31322e-12 0.00000e+00
1.58300e+03 3.41559e-12 0.00000e+00
1.58400e+03 3.12857e-12 0.00000e+00
1.58500e+03 3.43473e-12 0.00000e+00
1.58600e+03 3.48496e-12 0.00000e+00
1.58700e+03 3.43298e-12 0.00000e+00
1.58800e+03 3.30075e-12 0.00000e+00
1.58900e+03 3.32868e-12 0.00000e+00
1.59000e+03 3.19338e-12 0.00000e+00
1.59100e+03 3.13008e-12 0.00000e+00
1.59200e+03 3.45771e-12 0.00000e+00
1.59300e+03 3.31747e-12 0.00000e+00
1.59400e+03 3.01232e-12 0.00000e+00
1.59500e+03 3.03845e-12 0.00000e+00
1.59600e+03 3.43164e-12 0.00000e+00
1.59700e+03 3.13361e-12 0.00000e+00
1.59800e+03 3.18528e-12 0.00000e+00
1.59900e+03 3.31712e-12 0.00000e+00
1.60000e+03 3.23711e-12 0.00000e+00
1.60100e+03 3.21984e-12 0.00000e+00
1.60200e+03 3.24995e-12 0.00000e+00
1.60300e+03 3.32317e-12 0.00000e+00
1.60400e+03 3.24068e-12 0.00000e+00
1.60500e+03 3.49626e-12 0.00000e+00
1.60600e+03 3.37911e-12 0.00000e+00
1.60700e+03 3.30582e-12 0.00000e+00
1.60800e+03 3.07202e-12 0.00000e+00
1.60900e+03 3.12525e-12 0.00000e+00
1.61000e+03 3.34037e-12 0.00000e+00
1.61100e+03 3.11753e-12 0.00000e+00
1.61200e+03 3.07035e-12 0.00000e+00
1.61300e+03 3.19592e-12 0.00000e+00
1.61400e+03 3.04890e-12 0.00000e+00
1.61500e+03 3.17257e-12 0.00000e+00
1.61600e+03 3.15341e-12 0.00000e+00
1.61700e+03 3.18581e-12 0.00000e+00
1.61800e+03 3.30685e-12 0.00000e+00
1.61900e+03 2.99916e-12 0.00000e+00
1.62000e+03 3.07574e-12 0.00000e+00
1.62100e+03 2.95897e-12 0.00000e+00
1.62200e+03 3.26871e-12 0.00000e+00
1.62300e+03 3.16148e-12 0.00000e+00
1.62400e+03 3.02568e-12 0.00000e+00
1.62500e+03 3.16258e-12 0.00000e+00
1.62600e+03 3.20936e-12 0.00000e+00
1.62700e+03 3.12590e-12 0.00000e+00
1.62800e+03 3.31499e-12 0.00000e+00
1.62900e+03 2.94673e-12 0.00000e+00
1.63000e+03 3.07391e-12 0.00000e+00
1.63100e+03 3.19244e-12 0.00000e+00
1.63200e+03 3.16731e-12 0.00000e+00
1.63300e+03 3.05881e-12 0.00000e+00
1.63400e+03 2.96498e-12 0.00000e+00
1.63500e+03 3.17937e-12 0.00000e+00
1.63600e+03 2.94555e-12 0.00000e+00
1.63700e+03 3.34209e-12 0.00000e+00
1.63800e+03 3.06337e-12 0.00000e+00
1.63900e+03 3.05466e-12 0.00000e+00
1.64000e+03 2.99574e-12 0.00000e+00
1.64100e+03 3.01560e-12 0.00000e+00
1.64200e+03 3.37103e-12 0.00000e+00
1.64300e+03 3.14737e-12 0.00000e+00
1.64400e+03 3.15959e-12 0.00000e+00
1.64500e+03 3.02811e-12 0.00000e+00
1.64600e+03 2.97634e-12 0.00000e+00
1.64700e+03 2.95926e-12 0.00000e+00
1.64800e+03 3.22717e-12 0.00000e+00
1.64900e+03 2.93091e-12 0.00000e+00
1.65000e+03 3.09836e-12 0.00000e+00
1.65100e+03 3.04169e-12 0.00000e+00
1.65200e+03 3.03421e-12 0.00000e+00
1.65300e+03 3.01509e-12 0.00000e+00
1.65400e+03 2.92687e-12 0.00000e+00
1.65500e+03 2.92091e-12 0.00000e+00
1.65600e+03 3.00447e-12 0.00000e+00
1.65700e+03 3.16119e-12 0.00000e+00
1.65800e+03 2.99484e-12 0.00000e+00
1.65900e+03 2.88203e-12 0.00000e+00
1.66000e+03 3.00187e-12 0.00000e+00
1.66100e+03 2.87984e-12 0.00000e+00
1.66200e+03 2.81426e-12 0.00000e+00
1.66300e+03 2.87913e-12 0.00000e+00
1.66400e+03 2.79625e-12 0.00000e+00
1.66500e+03 2.82941e-12 0.00000e+00
1.66600e+03 2.92542e-12 0.00000e+00
1.66700e+03 2.64729e-12 0.00000e+00
1.66800e+03 3.05096e-12 0.00000e+00
1.66900e+03 2.84625e-12 0.00000e+00
1.67000e+03 3.03913e-12 0.00000e+00
1.67100e+03 2.84632e-12 0.00000e+00
1.67200e+03 2.65168e-12 0.00000e+00
1.67300e+03 2.90943e-12 0.00000e+00
1.67400e+03 2.93726e-12 0.00000e+00
1.67500e+03 3.12842e-12 0.00000e+00
1.67600e+03 2.73039e-12 0.00000e+00
1.67700e+03 2.91266e-12 0.00000e+00
1.67800e+03 3.12336e-12 0.00000e+00
1.67900e+03 2.83217e-12 0.00000e+00
1.68000e+03 2.75705e-12 0.00000e+00
1.68100e+03 2.73528e-12 0.00000e+00
1.68200e+03 2.91876e-12 0.00000e+00
1.68300e+03 2.88650e-12 0.00000e+00
1.68400e+03 2.80870e-12 0.00000e+00
1.68500e+03 2.81717e-12 0.00000e+00
1.68600e+03 2.82106e-12 0.00000e+00
1.68700e+03 2.97709e-12 0.00000e+00
1.68800e+03 2.88238e-12 0.00000e+00
1.68900e+03 2.89287e-12 0.00000e+00
1.69000e+03 2.63308e-12 0.00000e+00
1.69100e+03 2.77043e-12 0.00000e+00
1.69200e+03 2.89913e-12 0.00000e+00
1.69300e+03 2.68759e-12 0.00000e+00
1.69400e+03 2.68398e-12 0.00000e+00
1.69500e+03 2.96677e-12 0.00000e+00
1.69600e+03 2.76492e-12 0.00000e+00
1.69700e+03 2.77653e-12 0.00000e+00
1.69800e+03 2.77224e-12 0.00000e+00
1.69900e+03 2.70639e-12 0.00000e+00
1.70000e+03 2.64107e-12 0.00000e+00
1.70100e+03 2.74683e-12 0.00000e+00
1.70200e+03 2.74254e-12 0.00000e+00
1.70300e+03 2.88779e-12 0.00000e+00
1.70400e+03 2.92670e-12 0.00000e+00
1.70500e+03 2.75169e-12 0.00000e+00
1.70600e+03 2.77347e-12 0.00000e+00
1.70700e+03 2.90231e-12 0.00000e+00
1.70800e+03 2.55159e-12 0.00000e+00
1.70900e+03 2.66709e-12 0.00000e+00
1.71000e+03 2.63359e-12 0.00000e+00
1.71100e+03 2.70472e-12 0.00000e+00
1.71200e+03 2.80053e-12 0.00000e+00
1.71300e+03 2.87389e-12 0.00000e+00
1.71400e+03 2.45389e-12 0.00000e+00
1.71500e+03 2.66280e-12 0.00000e+00
1.71600e+03 2.80028e-12 0.00000e+00
1.71700e+03 2.65227e-12 0.00000e+00
1.71800e+03 2.82264e-12 0.00000e+00
1.71900e+03 2.72659e-12 0.00000e+00
1.72000e+03 2.76097e-12 0.00000e+00
1.72100e+03 2.56144e-12 0.00000e+00
1.72200e+03 2.77867e-12 0.00000e+00
1.72300e+03 2.71643e-12 0.00000e+00
1.72400e+03 2.84749e-12 0.00000e+00
1.72500e+03 2.76513e-12 0.00000e+00
1.72600e+03 2.69559e-12 0.00000e+00
1.72700e+03 2.80534e-12 0.00000e+00
1.72800e+03 2.58781e-12 0.00000e+00
1.72900e+03 2.76199e-12 0.00000e+00
1.73000e+03 2.75594e-12 0.00000e+00
1.73100e+03 2.47670e-12 0.00000e+00
1.73200e+03 2.68326e-12 0.00000e+00
1.73300e+03 2.63807e-12 0.00000e+00
1.73400e+03 2.63202e-12 0.00000e+00
1.73500e+03 2.72982e-12 0.00000e+00
1.73600e+03 2.62680e-12 0.00000e+00
1.73700e+03 2.83006e-12 0.00000e+00
1.73800e+03 2.68700e-12 0.00000e+00
1.73900e+03 2.66372e-12 0.00000e+00
1.74000e+03 2.57023e-12 0.00000e+00
1.74100e+03 2.53414e-12 0.00000e+00
1.74200e+03 2.48526e-12 0.00000e+00
1.74300e+03 2.67171e-12 0.00000e+00
1.74400e+03 2.76032e-12 0.00000e+00
1.74500e+03 2.68226e-12 0.00000e+00
1.74600e+03 2.63108e-12 0.00000e+00
1.74700e+03 2.49440e-12 0.00000e+00
1.74800e+03 2.57385e-12 0.00000e+00
1.74900e+03 2.55541e-12 0.00000e+00
1.75000e+03 2.46295e-12 0.00000e+00
1.75100e+03 2.55422e-12 0.00000e+00
1.75200e+03 2.73104e-12 0.00000e+00
1.75300e+03 2.69781e-12 0.00000e+00
1.75400e+03 2.52887e-12 0.00000e+00
1.75500e+03 2.53579e-12 0.00000e+00
1.75600e+03 2.67741e-12 0.00000e+00
1.75700e+03 2.53825e-12 0.00000e+00
1.75800e+03 2.78102e-12 0.00000e+00
1.75900e+03 2.68374e-12 0.00000e+00
1.76000e+03 2.62199e-12 0.00000e+00
1.76100e+03 2.76021e-12 0.00000e+00
1.76200e+03 2.58258e-12 0.00000e+00
1.76300e+03 2.43631e-12 0.00000e+00
1.76400e+03 2.58228e-12 0.00000e+00
1.76500e+03 2.84604e-12 0.00000e+00
1.76600e+03 2.61094e-12 0.00000e+00
1.76700e+03 2.49328e-12 0.00000e+00
1.76800e+03 2.52817e-12 0.00000e+00
1.76900e+03 2.48323e-12 0.00000e+00
1.77000e+03 2.39887e-12 0.00000e+00
1.77100e+03 2.46501e-12 0.00000e+00
1.77200e+03 2.39889e-12 0.00000e+00
1.77300e+03 2.82197e-12 0.00000e+00
1.77400e+03 2.36626e-12 0.00000e+00
1.77500e+03 2.45745e-12 0.00000e+00
1.77600e+03 2.61230e-12 0.00000e+00
1.77700e+03 2.61234e-12 0.00000e+00
1.77800e+03 2.56002e-12 0.00000e+00
1.77900e+03 2.54582e-12 0.00000e+00
1.78000e+03 2.36551e-12 0.00000e+00
1.78100e+03 2.44087e-12 0.00000e+00
1.78200e+03 2.39848e-12 0.00000e+00
1.78300e+03 2.52530e-12 0.00000e+00
1.78400e+03 2.40524e-12 0.00000e+00
1.78500e+03 2.58509e-12 0.00000e+00
1.78600e+03 2.56412e-12 0.00000e+00
1.78700e+03 2.30198e-12 0.00000e+00
1.78800e+03 2.41988e-12 0.00000e+00
1.78900e+03 2.48109e-12 0.00000e+00
1.79000e+03 2.32248e-12 0.00000e+00
1.79100e+03 2.38528e-12 0.00000e+00
1.79200e+03 2.38121e-12 0.00000e+00
1.79300e+03 2.36584e-12 0.00000e+00
1.79400e+03 2.40449e-12 0.00000e+00
1.79500e+03 2.37360e-12 0.00000e+00
1.79600e+03 2.27541e-12 0.00000e+00
1.79700e+03 2.39973e-12 0.00000e+00
1.79800e+03 2.46754e-12 0.00000e+00
1.79900e+03 2.34299e-12 0.00000e+00
1.80000e+03 2.40509e-12 0.00000e+00
1.80100e+03 2.35409e-12 0.00000e+00
1.80200e+03 2.41445e-12 0.00000e+00
1.80300e+03 2.55848e-12 0.00000e+00
1.80400e+03 2.49118e-12 0.00000e+00
1.80500e+03 2.49242e-12 0.00000e+00
1.80600e+03 2.28391e-12 0.00000e+00
1.80700e+03 2.35809e-12 0.00000e+00
1.80800e+03 2.33563e-12 0.00000e+00
1.80900e+03 2.28449e-12 0.00000e+00
1.81000e+03 2.33884e-12 0.00000e+00
1.81100e+03 2.23363e-12 0.00000e+00
1.81200e+03 2.47671e-12 0.00000e+00
1.81300e+03 2.18128e-12 0.00000e+00
1.81400e+03 2.60261e-12 0.00000e+00
1.81500e+03 2.30881e-12 0.00000e+00
1.81600e+03 2.26805e-12 0.00000e+00
1.81700e+03 2.39878e-12 0.00000e+00
1.81800e+03 2.35050e-12 0.00000e+00
1.81900e+03 2.31230e-12 0.00000e+00
1.82000e+03 2.54633e-12 0.00000e+00
1.82100e+03 2.28062e-12 0.00000e+00
1.82200e+03 2.39494e-12 0.00000e+00
1.82300e+03 2.24978e-12 0.00000e+00
1.82400e+03 2.34579e-12 0.00000e+00
1.82500e+03 2.32699e-12 0.00000e+00
1.82600e+03 2.24521e-12 0.00000e+00
1.82700e+03 2.11370e-12 0.00000e+00
1.82800e+03 2.35442e-12 0.00000e+00
1.82900e+03 2.31442e-12 0.00000e+00
1.83000e+03 2.14725e-12 0.00000e+00
1.83100e+03 2.16767e-12 0.00000e+00
1.83200e+03 2.23369e-12 0.00000e+00
1.83300e+03 2.27530e-12 0.00000e+00
1.83400e+03 2.37120e-12 0.00000e+00
1.83500e+03 2.38069e-12 0.00000e+00
1.83600e+03 2.31796e-12 0.00000e+00
1.83700e+03 2.39135e-12 0.00000e+00
1.83800e+03 2.41021e-12 0.00000e+00
1.83900e+03 2.27224e-12 0.00000e+00
1.84000e+03 2.36811e-12 0.00000e+00
1.84100e+03 2.35986e-12 0.00000e+00
1.84200e+03 2.15440e-12 0.00000e+00
1.84300e+03 2.19516e-12 0.00000e+00
1.84400e+03 2.29923e-12 0.00000e+00
1.84500e+03 2.10745e-12 0.00000e+00
1.84600e+03 2.10041e-12 0.00000e+00
1.84700e+03 2.18576e-12 0.00000e+00
1.84800e+03 2.13436e-12 0.00000e+00
1.84900e+03 2.30859e-12 0.00000e+00
1.85000e+03 2.27926e-12 0.00000e+00
1.85100e+03 2.16611e-12 0.00000e+00
1.85200e+03 2.13817e-12 0.00000e+00
1.85300e+03 2.21339e-12 0.00000e+00
1.85400e+03 2.19012e-12 0.00000e+00
1.85500e+03 2.27442e-12 0.00000e+00
1.85600e+03 2.18882e-12 0.00000e+00
1.85700e+03 2.06027e-12 0.00000e+00
1.85800e+03 2.11074e-12 0.00000e+00
1.85900e+03 2.22328e-12 0.00000e+00
1.86000e+03 2.18776e-12 0.00000e+00
1.86100e+03 2.14362e-12 0.00000e+00
1.86200e+03 2.28366e-12 0.00000e+00
1.86300e+03 2.13193e-12 0.00000e+00
1.86400e+03 2.40834e-12 0.00000e+00
1.86500e+03 2.28613e-12 0.00000e+00
1.86600e+03 2.15021e-12 0.00000e+00
1.86700e+03 2.14806e-12 0.00000e+00
1.86800e+03 2.09409e-12 0.00000e+00
1.86900e+03 2.04989e-12 0.00000e+00
1.87000e+03 2.07265e-12 0.00000e+00
1.87100e+03 2.17844e-12 0.00000e+00
1.87200e+03 1.99512e-12 0.00000e+00
1.87300e+03 2.25187e-12 0.00000e+00
1.87400e+03 2.16351e-12 0.00000e+00
1.87500e+03 2.04415e-12 0.00000e+00
1.87600e+03 2.00004e-12 0.00000e+00
1.87700e+03 2.17929e-12 0.00000e+00
1.87800e+03 2.16010e-12 0.00000e+00
1.87900e+03 1.97782e-12 0.00000e+00
1.88000e+03 2.08685e-12 0.00000e+00
1.88100e+03 2.14071e-12 0.00000e+00
1.88200e+03 2.08137e-12 0.00000e+00
1.88300e+03 2.32843e-12 0.00000e+00
1.88400e+03 2.11214e-12 0.00000e+00
1.88500e+03 2.07556e-12 0.00000e+00
1.88600e+03 1.98424e-12 0.00000e+00
1.88700e+03 2.18862e-12 0.00000e+00
1.88800e+03 1.98742e-12 0.00000e+00
1.88900e+03 2.22883e-12 0.00000e+00
1.89000e+03 2.15876e-12 0.00000e+00
1.89100e+03 2.11295e-12 0.00000e+00
1.89200e+03 1.97211e-12 0.00000e+00
1.89300e+03 1.96796e-12 0.00000e+00
1.89400e+03 2.02306e-12 0.00000e+00
1.89500e+03 1.96324e-12 0.00000e+00
1.89600e+03 1.98503e-12 0.00000e+00
1.89700e+03 1.99082e-12 0.00000e+00
1.89800e+03 2.12448e-12 0.00000e+00
1.89900e+03 1.93137e-12 0.00000e+00
1.90000e+03 1.96112e-12 0.00000e+00
1.90100e+03 1.82116e-12 0.00000e+00
1.90200e+03 2.13321e-12 0.00000e+00
1.90300e+03 2.04862e-12 0.00000e+00
1.90400e+03 2.05958e-12 0.00000e+00
1.90500e+03 1.92384e-12 0.00000e+00
1.90600e+03 1.95414e-12 0.00000e+00
1.90700e+03 1.89789e-12 0.00000e+00
1.90800e+03 2.18892e-12 0.00000e+00
1.90900e+03 2.04670e-12 0.00000e+00
1.91000e+03 2.00005e-12 0.00000e+00
1.91100e+03 1.77755e-12 0.00000e+00
1.91200e+03 2.07948e-12 0.00000e+00
1.91300e+03 1.96582e-12 0.00000e+00
1.91400e+03 1.93899e-12 0.00000e+00
1.91500e+03 1.94954e-12 0.00000e+00
1.91600e+03 2.08470e-12 0.00000e+00
1.91700e+03 2.02603e-12 0.00000e+00
1.91800e+03 1.89360e-12 0.00000e+00
1.91900e+03 1.90267e-12 0.00000e+00
1.92000e+03 2.05332e-12 0.00000e+00
1.92100e+03 1.94090e-12 0.00000e+00
1.92200e+03 2.00726e-12 0.00000e+00
1.92300e+03 2.00858e-12 0.00000e+00
1.92400e+03 2.00166e-12 0.00000e+00
1.92500e+03 1.90697e-12 0.00000e+00
1.92600e+03 1.97572e-12 0.00000e+00
1.92700e+03 2.10961e-12 0.00000e+00
1.92800e+03 1.98833e-12 0.00000e+00
1.92900e+03 2.04597e-12 0.00000e+00
1.93000e+03 1.87737e-12 0.00000e+00
1.93100e+03 1.92466e-12 0.00000e+00
1.93200e+03 1.85981e-12 0.00000e+00
1.93300e+03 1.90384e-12 0.00000e+00
1.93400e+03 1.87852e-12 0.00000e+00
1.93500e+03 1.82319e-12 0.00000e+00
1.93600e+03 1.98745e-12 0.00000e+00
1.93700e+03 1.98907e-12 0.00000e+00
1.93800e+03 1.93181e-12 0.00000e+00
1.93900e+03 1.93001e-12 0.00000e+00
1.94000e+03 1.76774e-12 0.00000e+00
1.94100e+03 1.99561e-12 0.00000e+00
1.94200e+03 1.89565e-12 0.00000e+00
1.94300e+03 1.83977e-12 0.00000e+00
1.94400e+03 1.92665e-12 0.00000e+00
1.94500e+03 1.89381e-12 0.00000e+00
1.94600e+03 1.83607e-12 0.00000e+00
1.94700e+03 1.75715e-12 0.00000e+00
1.94800e+03 1.90447e-12 0.00000e+00
1.94900e+03 1.98559e-12 0.00000e+00
1.95000e+03 1.77390e-12 0.00000e+00
1.95100e+03 1.96377e-12 0.00000e+00
1.95200e+03 2.02150e-12 0.00000e+00
1.95300e+03 1.84891e-12 0.00000e+00
1.95400e+03 1.88101e-12 0.00000e+00
1.95500e+03 1.88126e-12 0.00000e+00
1.95600e+03 1.78896e-12 0.00000e+00
1.95700e+03 1.79677e-12 0.00000e+00
1.95800e+03 1.89115e-12 0.00000e+00
1.95900e+03 1.84723e-12 0.00000e+00
1.96000e+03 1.90946e-12 0.00000e+00
1.96100e+03 1.80959e-12 0.00000e+00
1.96200e+03 1.69808e-12 0.00000e+00
1.96300e+03 1.87821e-12 0.00000e+00
1.96400e+03 1.73764e-12 0.00000e+00
1.96500e+03 1.90583e-12 0.00000e+00
1.96600e+03 1.88148e-12 0.00000e+00
1.96700e+03 1.86069e-12 0.00000e+00
1.96800e+03 1.81225e-12 0.00000e+00
1.96900e+03 1.70734e-12 0.00000e+00
1.97000e+03 1.83103e-12 0.00000e+00
1.97100e+03 1.79968e-12 0.00000e+00
1.97200e+03 1.77241e-12 0.00000e+00
1.97300e+03 1.77948e-12 0.00000e+00
1.97400e+03 1.74262e-12 0.00000e+00
1.97500e+03 1.75946e-12 0.00000e+00
1.97600e+03 1.77239e-12 0.00000e+00
1.97700e+03 1.84330e-12 0.00000e+00
1.97800e+03 1.79456e-12 0.00000e+00
1.97900e+03 1.80533e-12 0.00000e+00
1.98000e+03 1.74887e-12 0.00000e+00
1.98100e+03 1.76780e-12 0.00000e+00
1.98200e+03 1.78861e-12 0.00000e+00
1.98300e+03 1.69474e-12 0.00000e+00
1.98400e+03 1.72286e-12 0.00000e+00
1.98500e+03 1.70980e-12 0.00000e+00
1.98600e+03 1.79206e-12 0.00000e+00
1.98700e+03 1.76509e-12 0.00000e+00
1.98800e+03 1.82639e-12 0.00000e+00
1.98900e+03 1.70208e-12 0.00000e+00
1.99000e+03 1.74147e-12 0.00000e+00
1.99100e+03 1.78012e-12 0.00000e+00
1.99200e+03 1.77216e-12 0.00000e+00
1.99300e+03 1.72367e-12 0.00000e+00
1.99400e+03 1.77508e-12 0.00000e+00
1.99500e+03 1.68365e-12 0.00000e+00
1.99600e+03 1.69680e-12 0.00000e+00
1.99700e+03 1.71796e-12 0.00000e+00
1.99800e+03 1.63227e-12 0.00000e+00
1.99900e+03 1.67792e-12 0.00000e+00
2.00000e+03 1.70279e-12 0.00000e+00
