0.00000e+00 0.00000e+00 0.00000e+00
1.00000e+00 0.00000e+00 0.00000e+00
2.00000e+00 0.00000e+00 0.00000e+00
3.00000e+00 0.00000e+00 0.00000e+00
4.00000e+00 0.00000e+00 0.00000e+00
5.00000e+00 0.00000e+00 0.00000e+00
6.00000e+00 0.00000e+00 0.00000e+00
7.00000e+00 0.00000e+00 0.00000e+00
8.00000e+00 0.00000e+00 0.00000e+00
9.00000e+00 0.00000e+00 0.00000e+00
1.00000e+01 0.00000e+00 0.00000e+00
1.10000e+01 0.00000e+00 0.00000e+00
1.20000e+01 0.00000e+00 0.00000e+00
1.30000e+01 0.00000e+00 0.00000e+00
1.40000e+01 0.00000e+00 0.00000e+00
1.50000e+01 0.00000e+00 0.00000e+00
1.60000e+01 0.00000e+00 0.00000e+00
1.70000e+01 0.00000e+00 0.00000e+00
1.80000e+01 0.00000e+00 0.00000e+00
1.90000e+01 0.00000e+00 0.00000e+00
2.00000e+01 0.00000e+00 0.00000e+00
2.10000e+01 0.00000e+00 0.00000e+00
2.20000e+01 0.00000e+00 0.00000e+00
2.30000e+01 0.00000e+00 0.00000e+00
2.40000e+01 0.00000e+00 0.00000e+00
2.50000e+01 0.00000e+00 0.00000e+00
2.60000e+01 0.00000e+00 0.00000e+00
2.70000e+01 0.00000e+00 0.00000e+00
2.80000e+01 0.00000e+00 0.00000e+00
2.90000e+01 0.00000e+00 0.00000e+00
3.00000e+01 0.00000e+00 0.00000e+00
3.10000e+01 0.00000e+00 0.00000e+00
3.20000e+01 0.00000e+00 0.00000e+00
3.30000e+01 0.00000e+00 0.00000e+00
3.40000e+01 0.00000e+00 0.00000e+00
3.50000e+01 0.00000e+00 0.00000e+00
3.60000e+01 0.00000e+00 0.00000e+00
3.70000e+01 0.00000e+00 0.00000e+00
3.80000e+01 0.00000e+00 0.00000e+00
3.90000e+01 0.00000e+00 0.00000e+00
4.00000e+01 0.00000e+00 0.00000e+00
4.10000e+01 0.00000e+00 0.00000e+00
4.20000e+01 0.00000e+00 0.00000e+00
4.30000e+01 0.00000e+00 0.00000e+00
4.40000e+01 0.00000e+00 0.00000e+00
4.50000e+01 0.00000e+00 0.00000e+00
4.60000e+01 0.00000e+00 0.00000e+00
4.70000e+01 0.00000e+00 0.00000e+00
4.80000e+01 0.00000e+00 0.00000e+00
4.90000e+01 0.00000e+00 0.00000e+00
5.00000e+01 0.00000e+00 0.00000e+00
5.10000e+01 0.00000e+00 0.00000e+00
5.20000e+01 0.00000e+00 0.00000e+00
5.30000e+01 0.00000e+00 0.00000e+00
5.40000e+01 0.00000e+00 0.00000e+00
5.50000e+01 0.00000e+00 0.00000e+00
5.60000e+01 0.00000e+00 0.00000e+00
5.70000e+01 0.00000e+00 0.00000e+00
5.80000e+01 0.00000e+00 0.00000e+00
5.90000e+01 0.00000e+00 0.00000e+00
6.00000e+01 0.00000e+00 0.00000e+00
6.10000e+01 0.00000e+00 0.00000e+00
6.20000e+01 0.00000e+00 0.00000e+00
6.30000e+01 0.00000e+00 0.00000e+00
6.40000e+01 0.00000e+00 0.00000e+00
6.50000e+01 0.00000e+00 0.00000e+00
6.60000e+01 0.00000e+00 0.00000e+00
6.70000e+01 0.00000e+00 0.00000e+00
6.80000e+01 0.00000e+00 0.00000e+00
6.90000e+01 0.00000e+00 0.00000e+00
7.00000e+01 0.00000e+00 0.00000e+00
7.10000e+01 0.00000e+00 0.00000e+00
7.20000e+01 0.00000e+00 0.00000e+00
7.30000e+01 0.00000e+00 0.00000e+00
7.40000e+01 0.00000e+00 0.00000e+00
7.50000e+01 0.00000e+00 0.00000e+00
7.60000e+01 0.00000e+00 0.00000e+00
7.70000e+01 0.00000e+00 0.00000e+00
7.80000e+01 0.00000e+00 0.00000e+00
7.90000e+01 0.00000e+00 0.00000e+00
8.00000e+01 0.00000e+00 0.00000e+00
8.10000e+01 0.00000e+00 0.00000e+00
8.20000e+01 0.00000e+00 0.00000e+00
8.30000e+01 0.00000e+00 0.00000e+00
8.40000e+01 0.00000e+00 0.00000e+00
8.50000e+01 0.00000e+00 0.00000e+00
8.60000e+01 0.00000e+00 0.00000e+00
8.70000e+01 0.00000e+00 0.00000e+00
8.80000e+01 0.00000e+00 0.00000e+00
8.90000e+01 0.00000e+00 0.00000e+00
9.00000e+01 0.00000e+00 0.00000e+00
9.10000e+01 0.00000e+00 0.00000e+00
9.20000e+01 0.00000e+00 0.00000e+00
9.30000e+01 0.00000e+00 0.00000e+00
9.40000e+01 0.00000e+00 0.00000e+00
9.50000e+01 0.00000e+00 0.00000e+00
9.60000e+01 0.00000e+00 0.00000e+00
9.70000e+01 0.00000e+00 0.00000e+00
9.80000e+01 0.00000e+00 0.00000e+00
9.90000e+01 0.00000e+00 0.00000e+00
1.00000e+02 6.25292e-10 0.00000e+00
1.01000e+02 -1.21898e-10 0.00000e+00
1.02000e+02 8.51564e-10 0.00000e+00
1.03000e+02 8.34422e-10 0.00000e+00
1.04000e+02 6.19246e-10 0.00000e+00
1.05000e+02 1.53432e-10 0.00000e+00
1.06000e+02 1.08234e-10 0.00000e+00
1.07000e+02 1.42969e-10 0.00000e+00
1.08000e+02 2.72657e-10 0.00000e+00
1.09000e+02 4.51936e-10 0.00000e+00
1.10000e+02 -9.29542e-11 0.00000e+00
1.11000e+02 4.36495e-10 0.00000e+00
1.12000e+02 4.82709e-10 0.00000e+00
1.13000e+02 -9.91988e-11 0.00000e+00
1.14000e+02 7.30394e-10 0.00000e+00
1.15000e+02 5.77094e-10 0.00000e+00
1.16000e+02 3.63329e-10 0.00000e+00
1.17000e+02 4.59038e-10 0.00000e+00
1.18000e+02 -1.45582e-11 0.00000e+00
1.19000e+02 7.60191e-10 0.00000e+00
1.20000e+02 3.01726e-10 0.00000e+00
1.21000e+02 8.99295e-11 0.00000e+00
1.22000e+02 3.81589e-10 0.00000e+00
1.23000e+02 -7.78507e-11 0.00000e+00
1.24000e+02 4.19652e-10 0.00000e+00
1.25000e+02 6.18874e-10 0.00000e+00
1.26000e+02 7.26713e-10 0.00000e+00
1.27000e+02 2.74705e-10 0.00000e+00
1.28000e+02 4.30044e-10 0.00000e+00
1.29000e+02 4.70246e-10 0.00000e+00
1.30000e+02 -2.51965e-10 0.00000e+00
1.31000e+02 3.00122e-10 0.00000e+00
1.32000e+02 -2.61224e-10 0.00000e+00
1.33000e+02 6.40197e-10 0.00000e+00
1.34000e+02 3.56016e-10 0.00000e+00
1.35000e+02 -8.49362e-11 0.00000e+00
1.36000e+02 3.45091e-10 0.00000e+00
1.37000e+02 3.70251e-10 0.00000e+00
1.38000e+02 4.92312e-11 0.00000e+00
1.39000e+02 -2.37086e-10 0.00000e+00
1.40000e+02 3.15485e-10 0.00000e+00
1.41000e+02 5.45623e-10 0.00000e+00
1.42000e+02 5.87233e-10 0.00000e+00
1.43000e+02 2.61168e-10 0.00000e+00
1.44000e+02 -1.51582e-10 0.00000e+00
1.45000e+02 1.68015e-10 0.00000e+00
1.46000e+02 2.99056e-10 0.00000e+00
1.47000e+02 3.44378e-10 0.00000e+00
1.48000e+02 2.52895e-10 0.00000e+00
1.49000e+02 1.37182e-10 0.00000e+00
1.50000e+02 4.13944e-10 0.00000e+00
1.51000e+02 5.03615e-10 0.00000e+00
1.52000e+02 1.20532e-10 0.00000e+00
1.53000e+02 2.01422e-10 0.00000e+00
1.54000e+02 2.29241e-10 0.00000e+00
1.55000e+02 5.20605e-10 0.00000e+00
1.56000e+02 5.83153e-10 0.00000e+00
1.57000e+02 2.49271e-10 0.00000e+00
1.58000e+02 4.25620e-10 0.00000e+00
1.59000e+02 -5.89813e-11 0.00000e+00
1.60000e+02 4.48440e-10 0.00000e+00
1.61000e+02 4.20702e-10 0.00000e+00
1.62000e+02 7.86544e-11 0.00000e+00
1.63000e+02 7.74338e-10 0.00000e+00
1.64000e+02 4.56915e-10 0.00000e+00
1.65000e+02 7.84767e-11 0.00000e+00
1.66000e+02 3.58352e-10 0.00000e+00
1.67000e+02 7.52999e-10 0.00000e+00
1.68000e+02 4.01555e-10 0.00000e+00
1.69000e+02 3.81280e-10 0.00000e+00
1.70000e+02 1.85740e-10 0.00000e+00
1.71000e+02 -1.85675e-10 0.00000e+00
1.72000e+02 1.14778e-11 0.00000e+00
1.73000e+02 4.40204e-11 0.00000e+00
1.74000e+02 -8.21866e-11 0.00000e+00
1.75000e+02 -1.16531e-10 0.00000e+00
1.76000e+02 -4.28146e-11 0.00000e+00
1.77000e+02 -5.43716e-11 0.00000e+00
1.78000e+02 1.33374e-11 0.00000e+00
1.79000e+02 -1.45824e-10 0.00000e+00
1.80000e+02 4.35419e-10 0.00000e+00
1.81000e+02 1.51976e-10 0.00000e+00
1.82000e+02 2.82876e-10 0.00000e+00
1.83000e+02 5.37423e-10 0.00000e+00
1.84000e+02 7.63487e-10 0.00000e+00
1.85000e+02 9.90855e-11 0.00000e+00
1.86000e+02 7.11705e-11 0.00000e+00
1.87000e+02 1.75468e-10 0.00000e+00
1.88000e+02 3.90152e-10 0.00000e+00
1.89000e+02 3.49109e-10 0.00000e+00
1.90000e+02 2.00555e-10 0.00000e+00
1.91000e+02 -1.10084e-10 0.00000e+00
1.92000e+02 2.66019e-10 0.00000e+00
1.93000e+02 4.87718e-10 0.00000e+00
1.94000e+02 2.48473e-10 0.00000e+00
1.95000e+02 1.03524e-12 0.00000e+00
1.96000e+02 1.82292e-10 0.00000e+00
1.97000e+02 2.94040e-10 0.00000e+00
1.98000e+02 3.47200e-10 0.00000e+00
1.99000e+02 3.51964e-10 0.00000e+00
2.00000e+02 -1.84669e-10 0.00000e+00
2.01000e+02 4.70802e-10 0.00000e+00
2.02000e+02 2.53183e-10 0.00000e+00
2.03000e+02 1.96920e-10 0.00000e+00
2.04000e+02 3.00161e-10 0.00000e+00
2.05000e+02 1.18551e-10 0.00000e+00
2.06000e+02 5.65237e-11 0.00000e+00
2.07000e+02 2.03944e-10 0.00000e+00
2.08000e+02 2.19416e-10 0.00000e+00
2.09000e+02 1.71755e-10 0.00000e+00
2.10000e+02 2.97389e-10 0.00000e+00
2.11000e+02 2.02789e-10 0.00000e+00
2.12000e+02 -6.69648e-11 0.00000e+00
2.13000e+02 6.26979e-10 0.00000e+00
2.14000e+02 1.83949e-10 0.00000e+00
2.15000e+02 6.38630e-10 0.00000e+00
2.16000e+02 4.94214e-10 0.00000e+00
2.17000e+02 2.61771e-10 0.00000e+00
2.18000e+02 2.68415e-10 0.00000e+00
2.19000e+02 8.12427e-11 0.00000e+00
2.20000e+02 3.63727e-10 0.00000e+00
2.21000e+02 2.63966e-10 0.00000e+00
2.22000e+02 1.31287e-10 0.00000e+00
2.23000e+02 3.00965e-11 0.00000e+00
2.24000e+02 3.75324e-10 0.00000e+00
2.25000e+02 -2.18220e-10 0.00000e+00
2.26000e+02 3.17196e-10 0.00000e+00
2.27000e+02 1.80122e-10 0.00000e+00
2.28000e+02 1.76515e-10 0.00000e+00
2.29000e+02 4.92788e-11 0.00000e+00
2.30000e+02 2.91974e-10 0.00000e+00
2.31000e+02 2.29757e-12 0.00000e+00
2.32000e+02 1.98628e-10 0.00000e+00
2.33000e+02 2.89834e-10 0.00000e+00
2.34000e+02 7.69209e-11 0.00000e+00
2.35000e+02 2.62022e-10 0.00000e+00
2.36000e+02 7.08800e-11 0.00000e+00
2.37000e+02 2.74975e-10 0.00000e+00
2.38000e+02 3.92951e-10 0.00000e+00
2.39000e+02 -1.75003e-11 0.00000e+00
2.40000e+02 5.21119e-11 0.00000e+00
2.41000e+02 2.27788e-10 0.00000e+00
2.42000e+02 2.18161e-10 0.00000e+00
2.43000e+02 2.26342e-10 0.00000e+00
2.44000e+02 2.29246e-10 0.00000e+00
2.45000e+02 5.46009e-10 0.00000e+00
2.46000e+02 1.32841e-10 0.00000e+00
2.47000e+02 5.89168e-11 0.00000e+00
2.48000e+02 2.18553e-10 0.00000e+00
2.49000e+02 2.97074e-10 0.00000e+00
2.50000e+02 1.41368e-10 0.00000e+00
2.51000e+02 2.42843e-10 0.00000e+00
2.52000e+02 1.09061e-10 0.00000e+00
2.53000e+02 1.92422e-10 0.00000e+00
2.54000e+02 8.80048e-11 0.00000e+00
2.55000e+02 1.24831e-10 0.00000e+00
2.56000e+02 2.89936e-10 0.00000e+00
2.57000e+02 2.88805e-10 0.00000e+00
2.58000e+02 1.84152e-10 0.00000e+00
2.59000e+02 1.05713e-10 0.00000e+00
2.60000e+02 4.76368e-11 0.00000e+00
2.61000e+02 2.16963e-10 0.00000e+00
2.62000e+02 2.27436e-10 0.00000e+00
2.63000e+02 1.29912e-10 0.00000e+00
2.64000e+02 9.22510e-11 0.00000e+00
2.65000e+02 2.02692e-10 0.00000e+00
2.66000e+02 3.36878e-11 0.00000e+00
2.67000e+02 2.56250e-10 0.00000e+00
2.68000e+02 2.94022e-10 0.00000e+00
2.69000e+02 9.12136e-11 0.00000e+00
2.70000e+02 3.61124e-11 0.00000e+00
2.71000e+02 2.42091e-10 0.00000e+00
2.72000e+02 1.73589e-10 0.00000e+00
2.73000e+02 2.04950e-10 0.00000e+00
2.74000e+02 1.53985e-11 0.00000e+00
2.75000e+02 1.06924e-10 0.00000e+00
2.76000e+02 1.52416e-10 0.00000e+00
2.77000e+02 -3.55909e-11 0.00000e+00
2.78000e+02 2.49015e-10 0.00000e+00
2.79000e+02 1.82657e-10 0.00000e+00
2.80000e+02 -1.23936e-10 0.00000e+00
2.81000e+02 2.01552e-10 0.00000e+00
2.82000e+02 1.87682e-10 0.00000e+00
2.83000e+02 9.47811e-11 0.00000e+00
2.84000e+02 1.45558e-10 0.00000e+00
2.85000e+02 6.99874e-11 0.00000e+00
2.86000e+02 1.98680e-10 0.00000e+00
2.87000e+02 1.71167e-10 0.00000e+00
2.88000e+02 2.07274e-10 0.00000e+00
2.89000e+02 1.63555e-10 0.00000e+00
2.90000e+02 2.50323e-10 0.00000e+00
2.91000e+02 3.37451e-10 0.00000e+00
2.92000e+02 1.85252e-10 0.00000e+00
2.93000e+02 5.73947e-11 0.00000e+00
2.94000e+02 2.33439e-10 0.00000e+00
2.95000e+02 3.77522e-11 0.00000e+00
2.96000e+02 1.42110e-10 0.00000e+00
2.97000e+02 2.80690e-10 0.00000e+00
2.98000e+02 1.68880e-10 0.00000e+00
2.99000e+02 2.28166e-10 0.00000e+00
3.00000e+02 1.36396e-10 0.00000e+00
3.01000e+02 4.56125e-11 0.00000e+00
3.02000e+02 1.85818e-10 0.00000e+00
3.03000e+02 7.33778e-11 0.00000e+00
3.04000e+02 2.52187e-10 0.00000e+00
3.05000e+02 3.99877e-12 0.00000e+00
3.06000e+02 7.49790e-11 0.00000e+00
3.07000e+02 5.44358e-11 0.00000e+00
3.08000e+02 9.37972e-11 0.00000e+00
3.09000e+02 3.15752e-10 0.00000e+00
3.10000e+02 2.16238e-10 0.00000e+00
3.11000e+02 8.48348e-12 0.00000e+00
3.12000e+02 2.03812e-10 0.00000e+00
3.13000e+02 2.85536e-10 0.00000e+00
3.14000e+02 1.92720e-10 0.00000e+00
3.15000e+02 2.09487e-10 0.00000e+00
3.16000e+02 1.93038e-10 0.00000e+00
3.17000e+02 3.03695e-10 0.00000e+00
3.18000e+02 2.73495e-10 0.00000e+00
3.19000e+02 1.46320e-10 0.00000e+00
3.20000e+02 1.37455e-10 0.00000e+00
3.21000e+02 1.87264e-10 0.00000e+00
3.22000e+02 1.23481e-10 0.00000e+00
3.23000e+02 2.99996e-10 0.00000e+00
3.24000e+02 1.04418e-10 0.00000e+00
3.25000e+02 -2.89508e-11 0.00000e+00
3.26000e+02 2.38114e-10 0.00000e+00
3.27000e+02 6.63958e-11 0.00000e+00
3.28000e+02 -1.12786e-10 0.00000e+00
3.29000e+02 1.57538e-10 0.00000e+00
3.30000e+02 1.64020e-10 0.00000e+00
3.31000e+02 6.97790e-11 0.00000e+00
3.32000e+02 2.24340e-10 0.00000e+00
3.33000e+02 2.79940e-10 0.00000e+00
3.34000e+02 1.40033e-10 0.00000e+00
3.35000e+02 8.46768e-11 0.00000e+00
3.36000e+02 8.57153e-11 0.00000e+00
3.37000e+02 1.78986e-10 0.00000e+00
3.38000e+02 2.81650e-11 0.00000e+00
3.39000e+02 1.26472e-11 0.00000e+00
3.40000e+02 -6.38057e-11 0.00000e+00
3.41000e+02 4.00144e-10 0.00000e+00
3.42000e+02 1.64225e-10 0.00000e+00
3.43000e+02 2.30554e-11 0.00000e+00
3.44000e+02 1.17374e-10 0.00000e+00
3.45000e+02 1.93512e-10 0.00000e+00
3.46000e+02 -1.08577e-11 0.00000e+00
3.47000e+02 6.83199e-12 0.00000e+00
3.48000e+02 2.24756e-10 0.00000e+00
3.49000e+02 1.38745e-10 0.00000e+00
3.50000e+02 5.92711e-11 0.00000e+00
3.51000e+02 -8.41274e-12 0.00000e+00
3.52000e+02 -5.61063e-11 0.00000e+00
3.53000e+02 1.46969e-11 0.00000e+00
3.54000e+02 4.21032e-11 0.00000e+00
3.55000e+02 2.77907e-10 0.00000e+00
3.56000e+02 2.25883e-10 0.00000e+00
3.57000e+02 6.09087e-11 0.00000e+00
3.58000e+02 -7.87811e-11 0.00000e+00
3.59000e+02 1.27564e-10 0.00000e+00
3.60000e+02 4.46614e-11 0.00000e+00
3.61000e+02 1.99323e-10 0.00000e+00
3.62000e+02 -2.59687e-11 0.00000e+00
3.63000e+02 3.70245e-12 0.00000e+00
3.64000e+02 1.10120e-10 0.00000e+00
3.65000e+02 5.99866e-11 0.00000e+00
3.66000e+02 2.74187e-11 0.00000e+00
3.67000e+02 8.25157e-11 0.00000e+00
3.68000e+02 1.17563e-10 0.00000e+00
3.69000e+02 5.72788e-13 0.00000e+00
3.70000e+02 2.63752e-10 0.00000e+00
3.71000e+02 1.57562e-10 0.00000e+00
3.72000e+02 3.67504e-11 0.00000e+00
3.73000e+02 2.14177e-10 0.00000e+00
3.74000e+02 1.70042e-10 0.00000e+00
3.75000e+02 1.81924e-10 0.00000e+00
3.76000e+02 4.58662e-11 0.00000e+00
3.77000e+02 1.11438e-10 0.00000e+00
3.78000e+02 1.98593e-10 0.00000e+00
3.79000e+02 6.69851e-11 0.00000e+00
3.80000e+02 8.83087e-11 0.00000e+00
3.81000e+02 2.07011e-10 0.00000e+00
3.82000e+02 1.46654e-10 0.00000e+00
3.83000e+02 2.48895e-10 0.00000e+00
3.84000e+02 2.03314e-10 0.00000e+00
3.85000e+02 9.56120e-11 0.00000e+00
3.86000e+02 -3.51413e-11 0.00000e+00
3.87000e+02 1.00040e-10 0.00000e+00
3.88000e+02 1.80815e-10 0.00000e+00
3.89000e+02 2.68890e-10 0.00000e+00
3.90000e+02 1.67236e-10 0.00000e+00
3.91000e+02 1.59088e-10 0.00000e+00
3.92000e+02 4.57172e-11 0.00000e+00
3.93000e+02 2.27652e-10 0.00000e+00
3.94000e+02 1.76652e-10 0.00000e+00
3.95000e+02 2.25073e-10 0.00000e+00
3.96000e+02 1.37952e-10 0.00000e+00
3.97000e+02 1.94948e-10 0.00000e+00
3.98000e+02 1.29169e-10 0.00000e+00
3.99000e+02 9.61133e-11 0.00000e+00
4.00000e+02 -5.81301e-12 0.00000e+00
4.01000e+02 6.46274e-11 0.00000e+00
4.02000e+02 9.42938e-11 0.00000e+00
4.03000e+02 3.09815e-11 0.00000e+00
4.04000e+02 2.26447e-10 0.00000e+00
4.05000e+02 -8.91210e-12 0.00000e+00
4.06000e+02 1.23484e-10 0.00000e+00
4.07000e+02 1.58579e-10 0.00000e+00
4.08000e+02 1.52797e-10 0.00000e+00
4.09000e+02 1.36866e-10 0.00000e+00
4.10000e+02 1.30349e-10 0.00000e+00
4.11000e+02 9.22572e-11 0.00000e+00
4.12000e+02 1.26104e-10 0.00000e+00
4.13000e+02 1.39104e-10 0.00000e+00
4.14000e+02 1.31236e-10 0.00000e+00
4.15000e+02 1.64158e-10 0.00000e+00
4.16000e+02 1.46628e-10 0.00000e+00
4.17000e+02 1.58668e-10 0.00000e+00
4.18000e+02 2.88695e-11 0.00000e+00
4.19000e+02 2.97493e-12 0.00000e+00
4.20000e+02 1.78828e-10 0.00000e+00
4.21000e+02 4.41214e-11 0.00000e+00
4.22000e+02 -4.29645e-11 0.00000e+00
4.23000e+02 -3.69139e-12 0.00000e+00
4.24000e+02 -5.81504e-11 0.00000e+00
4.25000e+02 1.37648e-10 0.00000e+00
4.26000e+02 1.05274e-10 0.00000e+00
4.27000e+02 7.68823e-11 0.00000e+00
4.28000e+02 9.76716e-11 0.00000e+00
4.29000e+02 1.03112e-10 0.00000e+00
4.30000e+02 1.35623e-10 0.00000e+00
4.31000e+02 1.59715e-10 0.00000e+00
4.32000e+02 1.54530e-10 0.00000e+00
4.33000e+02 1.47878e-10 0.00000e+00
4.34000e+02 1.90878e-10 0.00000e+00
4.35000e+02 5.98156e-12 0.00000e+00
4.36000e+02 1.74464e-11 0.00000e+00
4.37000e+02 5.43963e-11 0.00000e+00
4.38000e+02 1.15785e-10 0.00000e+00
4.39000e+02 3.15884e-10 0.00000e+00
4.40000e+02 7.92584e-11 0.00000e+00
4.41000e+02 9.72769e-12 0.00000e+00
4.42000e+02 2.96993e-11 0.00000e+00
4.43000e+02 1.24606e-10 0.00000e+00
4.44000e+02 1.62350e-10 0.00000e+00
4.45000e+02 8.71604e-11 0.00000e+00
4.46000e+02 1.18965e-10 0.00000e+00
4.47000e+02 8.92487e-11 0.00000e+00
4.48000e+02 -8.08004e-12 0.00000e+00
4.49000e+02 -6.58443e-11 0.00000e+00
4.50000e+02 5.86447e-11 0.00000e+00
4.51000e+02 9.08597e-11 0.00000e+00
4.52000e+02 1.21130e-10 0.00000e+00
4.53000e+02 1.69167e-10 0.00000e+00
4.54000e+02 9.37035e-11 0.00000e+00
4.55000e+02 -4.01419e-11 0.00000e+00
4.56000e+02 1.37704e-10 0.00000e+00
4.57000e+02 7.47920e-11 0.00000e+00
4.58000e+02 1.71949e-10 0.00000e+00
4.59000e+02 1.29116e-10 0.00000e+00
4.60000e+02 -9.05672e-12 0.00000e+00
4.61000e+02 2.17048e-12 0.00000e+00
4.62000e+02 1.57176e-10 0.00000e+00
4.63000e+02 8.92717e-12 0.00000e+00
4.64000e+02 1.22411e-10 0.00000e+00
4.65000e+02 4.17476e-11 0.00000e+00
4.66000e+02 8.74336e-11 0.00000e+00
4.67000e+02 1.33569e-10 0.00000e+00
4.68000e+02 6.88521e-11 0.00000e+00
4.69000e+02 1.02864e-10 0.00000e+00
4.70000e+02 1.31734e-11 0.00000e+00
4.71000e+02 7.56162e-11 0.00000e+00
4.72000e+02 8.33264e-11 0.00000e+00
4.73000e+02 1.05110e-10 0.00000e+00
4.74000e+02 1.51527e-10 0.00000e+00
4.75000e+02 1.25973e-10 0.00000e+00
4.76000e+02 7.85499e-11 0.00000e+00
4.77000e+02 1.79033e-10 0.00000e+00
4.78000e+02 1.15469e-10 0.00000e+00
4.79000e+02 9.91066e-11 0.00000e+00
4.80000e+02 9.15412e-11 0.00000e+00
4.81000e+02 8.79676e-11 0.00000e+00
4.82000e+02 3.72542e-11 0.00000e+00
4.83000e+02 2.33793e-11 0.00000e+00
4.84000e+02 1.35620e-10 0.00000e+00
4.85000e+02 6.48746e-11 0.00000e+00
4.86000e+02 6.48052e-11 0.00000e+00
4.87000e+02 4.61945e-11 0.00000e+00
4.88000e+02 1.26230e-10 0.00000e+00
4.89000e+02 7.49073e-11 0.00000e+00
4.90000e+02 7.51680e-11 0.00000e+00
4.91000e+02 2.12171e-11 0.00000e+00
4.92000e+02 6.13157e-11 0.00000e+00
4.93000e+02 1.30938e-10 0.00000e+00
4.94000e+02 1.93875e-10 0.00000e+00
4.95000e+02 6.80468e-11 0.00000e+00
4.96000e+02 4.49120e-11 0.00000e+00
4.97000e+02 5.45907e-11 0.00000e+00
4.98000e+02 1.36960e-10 0.00000e+00
4.99000e+02 9.69413e-11 0.00000e+00
5.00000e+02 2.27281e-11 0.00000e+00
5.01000e+02 1.92204e-11 0.00000e+00
5.02000e+02 1.67963e-10 0.00000e+00
5.03000e+02 1.12024e-10 0.00000e+00
5.04000e+02 1.66610e-10 0.00000e+00
5.05000e+02 3.09130e-12 0.00000e+00
5.06000e+02 -2.37225e-11 0.00000e+00
5.07000e+02 4.38934e-11 0.00000e+00
5.08000e+02 9.42991e-11 0.00000e+00
5.09000e+02 3.66518e-11 0.00000e+00
5.10000e+02 -1.22630e-11 0.00000e+00
5.11000e+02 7.57534e-11 0.00000e+00
5.12000e+02 1.18338e-10 0.00000e+00
5.13000e+02 9.58166e-11 0.00000e+00
5.14000e+02 9.78599e-11 0.00000e+00
5.15000e+02 1.25521e-12 0.00000e+00
5.16000e+02 9.68183e-11 0.00000e+00
5.17000e+02 5.77646e-11 0.00000e+00
5.18000e+02 1.32892e-11 0.00000e+00
5.19000e+02 5.22691e-11 0.00000e+00
5.20000e+02 1.03553e-10 0.00000e+00
5.21000e+02 1.59561e-11 0.00000e+00
5.22000e+02 1.46459e-10 0.00000e+00
5.23000e+02 1.96341e-10 0.00000e+00
5.24000e+02 9.57909e-11 0.00000e+00
5.25000e+02 8.39025e-11 0.00000e+00
5.26000e+02 7.90648e-11 0.00000e+00
5.27000e+02 3.30015e-11 0.00000e+00
5.28000e+02 3.35931e-11 0.00000e+00
5.29000e+02 8.72295e-11 0.00000e+00
5.30000e+02 1.02097e-10 0.00000e+00
5.31000e+02 9.96684e-11 0.00000e+00
5.32000e+02 8.91376e-11 0.00000e+00
5.33000e+02 9.06242e-11 0.00000e+00
5.34000e+02 2.83025e-11 0.00000e+00
5.35000e+02 1.31805e-10 0.00000e+00
5.36000e+02 8.58810e-11 0.00000e+00
5.37000e+02 7.49454e-12 0.00000e+00
5.38000e+02 1.87657e-10 0.00000e+00
5.39000e+02 1.18074e-10 0.00000e+00
5.40000e+02 1.26587e-10 0.00000e+00
5.41000e+02 1.06904e-10 0.00000e+00
5.42000e+02 1.05598e-10 0.00000e+00
5.43000e+02 1.09603e-10 0.00000e+00
5.44000e+02 7.43705e-11 0.00000e+00
5.45000e+02 1.35325e-10 0.00000e+00
5.46000e+02 3.60681e-11 0.00000e+00
5.47000e+02 5.61156e-11 0.00000e+00
5.48000e+02 5.27405e-11 0.00000e+00
5.49000e+02 8.72559e-11 0.00000e+00
5.50000e+02 1.90942e-10 0.00000e+00
5.51000e+02 -2.35849e-11 0.00000e+00
5.52000e+02 1.14618e-10 0.00000e+00
5.53000e+02 2.65858e-11 0.00000e+00
5.54000e+02 7.34044e-11 0.00000e+00
5.55000e+02 6.41882e-11 0.00000e+00
5.56000e+02 7.49403e-11 0.00000e+00
5.57000e+02 1.25811e-10 0.00000e+00
5.58000e+02 5.80642e-13 0.00000e+00
5.59000e+02 1.18043e-10 0.00000e+00
5.60000e+02 6.47838e-11 0.00000e+00
5.61000e+02 1.32838e-10 0.00000e+00
5.62000e+02 6.45802e-11 0.00000e+00
5.63000e+02 1.23402e-10 0.00000e+00
5.64000e+02 4.72157e-12 0.00000e+00
5.65000e+02 6.04604e-11 0.00000e+00
5.66000e+02 2.74809e-11 0.00000e+00
5.67000e+02 1.49462e-10 0.00000e+00
5.68000e+02 6.88975e-11 0.00000e+00
5.69000e+02 2.87632e-11 0.00000e+00
5.70000e+02 5.88936e-11 0.00000e+00
5.71000e+02 1.13992e-10 0.00000e+00
5.72000e+02 1.58918e-10 0.00000e+00
5.73000e+02 7.48881e-11 0.00000e+00
5.74000e+02 6.88250e-11 0.00000e+00
5.75000e+02 6.58286e-12 0.00000e+00
5.76000e+02 2.77317e-11 0.00000e+00
5.77000e+02 9.74279e-11 0.00000e+00
5.78000e+02 6.47808e-11 0.00000e+00
5.79000e+02 6.78712e-11 0.00000e+00
5.80000e+02 -2.14691e-11 0.00000e+00
5.81000e+02 1.30781e-10 0.00000e+00
5.82000e+02 5.09682e-11 0.00000e+00
5.83000e+02 7.05998e-11 0.00000e+00
5.84000e+02 -3.20078e-11 0.00000e+00
5.85000e+02 1.53068e-10 0.00000e+00
5.86000e+02 1.25639e-10 0.00000e+00
5.87000e+02 5.69387e-11 0.00000e+00
5.88000e+02 1.55069e-10 0.00000e+00
5.89000e+02 1.21145e-10 0.00000e+00
5.90000e+02 1.74972e-10 0.00000e+00
5.91000e+02 3.45254e-11 0.00000e+00
5.92000e+02 1.14767e-10 0.00000e+00
5.93000e+02 6.22599e-11 0.00000e+00
5.94000e+02 8.51665e-11 0.00000e+00
5.95000e+02 9.13807e-11 0.00000e+00
5.96000e+02 9.79308e-11 0.00000e+00
5.97000e+02 -2.02598e-11 0.00000e+00
5.98000e+02 6.62668e-11 0.00000e+00
5.99000e+02 -1.15242e-11 0.00000e+00
6.00000e+02 1.12002e-10 0.00000e+00
6.01000e+02 5.27043e-12 0.00000e+00
6.02000e+02 2.67662e-11 0.00000e+00
6.03000e+02 1.38432e-10 0.00000e+00
6.04000e+02 1.69236e-11 0.00000e+00
6.05000e+02 1.40772e-10 0.00000e+00
6.06000e+02 1.29960e-10 0.00000e+00
6.07000e+02 6.64489e-11 0.00000e+00
6.08000e+02 8.87367e-11 0.00000e+00
6.09000e+02 8.29789e-11 0.00000e+00
6.10000e+02 4.97560e-11 0.00000e+00
6.11000e+02 2.98914e-11 0.00000e+00
6.12000e+02 4.95003e-11 0.00000e+00
6.13000e+02 5.52802e-11 0.00000e+00
6.14000e+02 -2.71001e-12 0.00000e+00
6.15000e+02 7.10428e-11 0.00000e+00
6.16000e+02 7.23879e-12 0.00000e+00
6.17000e+02 1.25105e-10 0.00000e+00
6.18000e+02 1.50867e-10 0.00000e+00
6.19000e+02 8.11428e-11 0.00000e+00
6.20000e+02 2.72901e-11 0.00000e+00
6.21000e+02 2.89113e-11 0.00000e+00
6.22000e+02 1.04064e-10 0.00000e+00
6.23000e+02 5.17213e-11 0.00000e+00
6.24000e+02 6.35250e-11 0.00000e+00
6.25000e+02 1.63236e-10 0.00000e+00
6.26000e+02 1.00566e-10 0.00000e+00
6.27000e+02 1.05096e-10 0.00000e+00
6.28000e+02 5.64122e-11 0.00000e+00
6.29000e+02 1.17088e-10 0.00000e+00
6.30000e+02 -1.80271e-11 0.00000e+00
6.31000e+02 4.45173e-11 0.00000e+00
6.32000e+02 9.37205e-11 0.00000e+00
6.33000e+02 9.29731e-12 0.00000e+00
6.34000e+02 6.28964e-11 0.00000e+00
6.35000e+02 1.26042e-10 0.00000e+00
6.36000e+02 1.07980e-11 0.00000e+00
6.37000e+02 1.31907e-10 0.00000e+00
6.38000e+02 6.34765e-11 0.00000e+00
6.39000e+02 -3.23396e-13 0.00000e+00
6.40000e+02 1.17302e-12 0.00000e+00
6.41000e+02 4.64454e-11 0.00000e+00
6.42000e+02 -5.96448e-12 0.00000e+00
6.43000e+02 4.77957e-11 0.00000e+00
6.44000e+02 1.33188e-10 0.00000e+00
6.45000e+02 3.79072e-11 0.00000e+00
6.46000e+02 8.94363e-11 0.00000e+00
6.47000e+02 3.71943e-11 0.00000e+00
6.48000e+02 1.12997e-10 0.00000e+00
6.49000e+02 1.65815e-10 0.00000e+00
6.50000e+02 2.45726e-11 0.00000e+00
6.51000e+02 5.40411e-11 0.00000e+00
6.52000e+02 7.45714e-11 0.00000e+00
6.53000e+02 8.05182e-11 0.00000e+00
6.54000e+02 9.20646e-11 0.00000e+00
6.55000e+02 1.17574e-10 0.00000e+00
6.56000e+02 7.81510e-11 0.00000e+00
6.57000e+02 3.04444e-11 0.00000e+00
6.58000e+02 5.94996e-11 0.00000e+00
6.59000e+02 6.05573e-11 0.00000e+00
6.60000e+02 3.94851e-11 0.00000e+00
6.61000e+02 9.11507e-11 0.00000e+00
6.62000e+02 1.36284e-10 0.00000e+00
6.63000e+02 8.89890e-11 0.00000e+00
6.64000e+02 2.78508e-11 0.00000e+00
6.65000e+02 1.03231e-10 0.00000e+00
6.66000e+02 1.01382e-10 0.00000e+00
6.67000e+02 3.09756e-11 0.00000e+00
6.68000e+02 7.74063e-11 0.00000e+00
6.69000e+02 3.73815e-11 0.00000e+00
6.70000e+02 1.90507e-11 0.00000e+00
6.71000e+02 3.96692e-11 0.00000e+00
6.72000e+02 2.41037e-11 0.00000e+00
6.73000e+02 3.62591e-11 0.00000e+00
6.74000e+02 6.03764e-11 0.00000e+00
6.75000e+02 4.43126e-11 0.00000e+00
6.76000e+02 3.95162e-11 0.00000e+00
6.77000e+02 8.69193e-11 0.00000e+00
6.78000e+02 5.52304e-11 0.00000e+00
6.79000e+02 7.68011e-11 0.00000e+00
6.80000e+02 1.04003e-10 0.00000e+00
6.81000e+02 7.41979e-11 0.00000e+00
6.82000e+02 4.48169e-11 0.00000e+00
6.83000e+02 9.53640e-11 0.00000e+00
6.84000e+02 8.44713e-11 0.00000e+00
6.85000e+02 1.39200e-10 0.00000e+00
6.86000e+02 3.96448e-11 0.00000e+00
6.87000e+02 6.76803e-11 0.00000e+00
6.88000e+02 9.78676e-11 0.00000e+00
6.89000e+02 9.10941e-11 0.00000e+00
6.90000e+02 1.13019e-11 0.00000e+00
6.91000e+02 4.40471e-11 0.00000e+00
6.92000e+02 1.28485e-10 0.00000e+00
6.93000e+02 -4.55010e-12 0.00000e+00
6.94000e+02 6.36849e-11 0.00000e+00
6.95000e+02 1.04535e-11 0.00000e+00
6.96000e+02 1.04594e-10 0.00000e+00
6.97000e+02 6.02355e-11 0.00000e+00
6.98000e+02 5.77180e-11 0.00000e+00
6.99000e+02 3.37653e-11 0.00000e+00
7.00000e+02 5.09053e-11 0.00000e+00
7.01000e+02 3.92405e-11 0.00000e+00
7.02000e+02 9.06705e-11 0.00000e+00
7.03000e+02 1.18325e-10 0.00000e+00
7.04000e+02 5.55391e-12 0.00000e+00
7.05000e+02 3.05962e-11 0.00000e+00
7.06000e+02 8.91677e-11 0.00000e+00
7.07000e+02 6.23314e-11 0.00000e+00
7.08000e+02 4.99989e-11 0.00000e+00
7.09000e+02 2.10318e-11 0.00000e+00
7.10000e+02 -1.49237e-11 0.00000e+00
7.11000e+02 6.95938e-11 0.00000e+00
7.12000e+02 -1.05359e-12 0.00000e+00
7.13000e+02 5.77828e-11 0.00000e+00
7.14000e+02 4.47605e-11 0.00000e+00
7.15000e+02 7.29990e-11 0.00000e+00
7.16000e+02 2.13286e-12 0.00000e+00
7.17000e+02 5.62302e-11 0.00000e+00
7.18000e+02 7.48631e-11 0.00000e+00
7.19000e+02 1.70628e-11 0.00000e+00
7.20000e+02 5.53457e-11 0.00000e+00
7.21000e+02 6.61732e-11 0.00000e+00
7.22000e+02 8.71867e-11 0.00000e+00
7.23000e+02 1.60394e-11 0.00000e+00
7.24000e+02 3.37405e-11 0.00000e+00
7.25000e+02 7.30222e-11 0.00000e+00
7.26000e+02 7.73859e-11 0.00000e+00
7.27000e+02 4.25685e-11 0.00000e+00
7.28000e+02 2.06848e-11 0.00000e+00
7.29000e+02 3.60124e-11 0.00000e+00
7.30000e+02 3.76850e-11 0.00000e+00
7.31000e+02 9.23713e-11 0.00000e+00
7.32000e+02 2.58898e-11 0.00000e+00
7.33000e+02 3.96211e-11 0.00000e+00
7.34000e+02 5.20144e-11 0.00000e+00
7.35000e+02 1.31536e-10 0.00000e+00
7.36000e+02 5.44735e-11 0.00000e+00
7.37000e+02 7.93782e-11 0.00000e+00
7.38000e+02 6.79823e-11 0.00000e+00
7.39000e+02 -9.89874e-12 0.00000e+00
7.40000e+02 2.97396e-11 0.00000e+00
7.41000e+02 3.99987e-11 0.00000e+00
7.42000e+02 6.97753e-11 0.00000e+00
7.43000e+02 9.89781e-11 0.00000e+00
7.44000e+02 1.13651e-11 0.00000e+00
7.45000e+02 2.14007e-11 0.00000e+00
7.46000e+02 6.85639e-11 0.00000e+00
7.47000e+02 4.02422e-11 0.00000e+00
7.48000e+02 2.78211e-11 0.00000e+00
7.49000e+02 6.64329e-11 0.00000e+00
7.50000e+02 3.44827e-11 0.00000e+00
7.51000e+02 3.94243e-11 0.00000e+00
7.52000e+02 9.12024e-14 0.00000e+00
7.53000e+02 3.38255e-11 0.00000e+00
7.54000e+02 1.04195e-10 0.00000e+00
7.55000e+02 1.15077e-11 0.00000e+00
7.56000e+02 6.63622e-11 0.00000e+00
7.57000e+02 5.54366e-11 0.00000e+00
7.58000e+02 1.21608e-11 0.00000e+00
7.59000e+02 8.36240e-12 0.00000e+00
7.60000e+02 4.02894e-11 0.00000e+00
7.61000e+02 3.36604e-11 0.00000e+00
7.62000e+02 6.87024e-11 0.00000e+00
7.63000e+02 8.08245e-11 0.00000e+00
7.64000e+02 5.01031e-11 0.00000e+00
7.65000e+02 3.89459e-11 0.00000e+00
7.66000e+02 4.87951e-11 0.00000e+00
7.67000e+02 5.02003e-11 0.00000e+00
7.68000e+02 2.69958e-11 0.00000e+00
7.69000e+02 8.11792e-12 0.00000e+00
7.70000e+02 1.30190e-11 0.00000e+00
7.71000e+02 4.26927e-11 0.00000e+00
7.72000e+02 4.01456e-11 0.00000e+00
7.73000e+02 3.25686e-11 0.00000e+00
7.74000e+02 3.05425e-11 0.00000e+00
7.75000e+02 8.14851e-11 0.00000e+00
7.76000e+02 5.56546e-11 0.00000e+00
7.77000e+02 -4.89329e-13 0.00000e+00
7.78000e+02 5.50319e-11 0.00000e+00
7.79000e+02 8.64059e-12 0.00000e+00
7.80000e+02 5.72202e-11 0.00000e+00
7.81000e+02 3.73992e-12 0.00000e+00
7.82000e+02 -1.33902e-11 0.00000e+00
7.83000e+02 1.03872e-10 0.00000e+00
7.84000e+02 5.90223e-11 0.00000e+00
7.85000e+02 9.09175e-11 0.00000e+00
7.86000e+02 6.94823e-11 0.00000e+00
7.87000e+02 2.90861e-11 0.00000e+00
7.88000e+02 5.60800e-11 0.00000e+00
7.89000e+02 7.83829e-11 0.00000e+00
7.90000e+02 5.63628e-11 0.00000e+00
7.91000e+02 5.21176e-11 0.00000e+00
7.92000e+02 1.76148e-11 0.00000e+00
7.93000e+02 4.18575e-11 0.00000e+00
7.94000e+02 5.56123e-11 0.00000e+00
7.95000e+02 5.30336e-11 0.00000e+00
7.96000e+02 5.37904e-11 0.00000e+00
7.97000e+02 1.18292e-11 0.00000e+00
7.98000e+02 6.42797e-11 0.00000e+00
7.99000e+02 3.28432e-11 0.00000e+00
8.00000e+02 2.95703e-11 0.00000e+00
8.01000e+02 6.11680e-11 0.00000e+00
8.02000e+02 4.12303e-11 0.00000e+00
8.03000e+02 6.89184e-11 0.00000e+00
8.04000e+02 3.93442e-11 0.00000e+00
8.05000e+02 8.29759e-11 0.00000e+00
8.06000e+02 1.18013e-11 0.00000e+00
8.07000e+02 4.59399e-11 0.00000e+00
8.08000e+02 4.10717e-11 0.00000e+00
8.09000e+02 8.16081e-11 0.00000e+00
8.10000e+02 3.60886e-11 0.00000e+00
8.11000e+02 3.75716e-11 0.00000e+00
8.12000e+02 2.57558e-11 0.00000e+00
8.13000e+02 1.64023e-11 0.00000e+00
8.14000e+02 7.45488e-11 0.00000e+00
8.15000e+02 9.27821e-11 0.00000e+00
8.16000e+02 6.08710e-11 0.00000e+00
8.17000e+02 1.00593e-11 0.00000e+00
8.18000e+02 2.44475e-11 0.00000e+00
8.19000e+02 8.41271e-11 0.00000e+00
8.20000e+02 9.55678e-11 0.00000e+00
8.21000e+02 2.41755e-11 0.00000e+00
8.22000e+02 6.86966e-11 0.00000e+00
8.23000e+02 6.05358e-11 0.00000e+00
8.24000e+02 4.15477e-11 0.00000e+00
8.25000e+02 6.50391e-11 0.00000e+00
8.26000e+02 7.19592e-11 0.00000e+00
8.27000e+02 2.14192e-11 0.00000e+00
8.28000e+02 4.04035e-11 0.00000e+00
8.29000e+02 1.18550e-11 0.00000e+00
8.30000e+02 6.68988e-11 0.00000e+00
8.31000e+02 4.86032e-11 0.00000e+00
8.32000e+02 5.84819e-11 0.00000e+00
8.33000e+02 9.01335e-11 0.00000e+00
8.34000e+02 5.52952e-11 0.00000e+00
8.35000e+02 5.28617e-11 0.00000e+00
8.36000e+02 6.42491e-11 0.00000e+00
8.37000e+02 3.50707e-11 0.00000e+00
8.38000e+02 7.70488e-11 0.00000e+00
8.39000e+02 9.21208e-11 0.00000e+00
8.40000e+02 3.56105e-11 0.00000e+00
8.41000e+02 2.12703e-11 0.00000e+00
8.42000e+02 4.40924e-11 0.00000e+00
8.43000e+02 3.24247e-11 0.00000e+00
8.44000e+02 2.22801e-11 0.00000e+00
8.45000e+02 5.34452e-11 0.00000e+00
8.46000e+02 5.40131e-11 0.00000e+00
8.47000e+02 4.78497e-11 0.00000e+00
8.48000e+02 4.67824e-11 0.00000e+00
8.49000e+02 8.61366e-11 0.00000e+00
8.50000e+02 2.05990e-11 0.00000e+00
8.51000e+02 6.83552e-11 0.00000e+00
8.52000e+02 6.04360e-11 0.00000e+00
8.53000e+02 2.72632e-11 0.00000e+00
8.54000e+02 3.25912e-11 0.00000e+00
8.55000e+02 6.85606e-11 0.00000e+00
8.56000e+02 8.83590e-11 0.00000e+00
8.57000e+02 6.48766e-11 0.00000e+00
8.58000e+02 1.85110e-11 0.00000e+00
8.59000e+02 1.03161e-10 0.00000e+00
8.60000e+02 4.26046e-11 0.00000e+00
8.61000e+02 6.16610e-11 0.00000e+00
8.62000e+02 6.65727e-11 0.00000e+00
8.63000e+02 2.09610e-11 0.00000e+00
8.64000e+02 3.75085e-12 0.00000e+00
8.65000e+02 9.50118e-11 0.00000e+00
8.66000e+02 2.56117e-11 0.00000e+00
8.67000e+02 3.12942e-11 0.00000e+00
8.68000e+02 1.79798e-11 0.00000e+00
8.69000e+02 6.13925e-11 0.00000e+00
8.70000e+02 -7.60222e-12 0.00000e+00
8.71000e+02 3.60437e-11 0.00000e+00
8.72000e+02 4.52738e-11 0.00000e+00
8.73000e+02 4.85862e-11 0.00000e+00
8.74000e+02 8.07945e-11 0.00000e+00
8.75000e+02 5.32464e-11 0.00000e+00
8.76000e+02 5.19328e-11 0.00000e+00
8.77000e+02 5.54187e-11 0.00000e+00
8.78000e+02 9.66640e-11 0.00000e+00
8.79000e+02 2.35823e-11 0.00000e+00
8.80000e+02 5.00056e-11 0.00000e+00
8.81000e+02 5.26120e-11 0.00000e+00
8.82000e+02 3.06508e-11 0.00000e+00
8.83000e+02 2.52560e-11 0.00000e+00
8.84000e+02 8.69557e-11 0.00000e+00
8.85000e+02 5.74528e-11 0.00000e+00
8.86000e+02 2.17431e-11 0.00000e+00
8.87000e+02 7.93024e-11 0.00000e+00
8.88000e+02 5.41168e-11 0.00000e+00
8.89000e+02 5.67299e-11 0.00000e+00
8.90000e+02 3.43088e-11 0.00000e+00
8.91000e+02 4.42182e-11 0.00000e+00
8.92000e+02 4.25165e-11 0.00000e+00
8.93000e+02 2.01992e-12 0.00000e+00
8.94000e+02 4.15250e-11 0.00000e+00
8.95000e+02 6.16271e-11 0.00000e+00
8.96000e+02 4.47711e-11 0.00000e+00
8.97000e+02 3.83417e-11 0.00000e+00
8.98000e+02 4.89458e-11 0.00000e+00
8.99000e+02 4.80205e-11 0.00000e+00
9.00000e+02 8.40716e-12 0.00000e+00
9.01000e+02 8.88891e-11 0.00000e+00
9.02000e+02 5.09882e-11 0.00000e+00
9.03000e+02 2.09602e-11 0.00000e+00
9.04000e+02 1.84747e-11 0.00000e+00
9.05000e+02 4.06019e-11 0.00000e+00
9.06000e+02 4.75809e-11 0.00000e+00
9.07000e+02 7.10944e-11 0.00000e+00
9.08000e+02 6.83122e-11 0.00000e+00
9.09000e+02 7.05250e-11 0.00000e+00
9.10000e+02 3.75667e-11 0.00000e+00
9.11000e+02 4.39361e-11 0.00000e+00
9.12000e+02 6.22716e-11 0.00000e+00
9.13000e+02 4.84279e-11 0.00000e+00
9.14000e+02 4.86829e-11 0.00000e+00
9.15000e+02 1.01538e-11 0.00000e+00
9.16000e+02 5.28102e-11 0.00000e+00
9.17000e+02 7.85445e-11 0.00000e+00
9.18000e+02 1.50430e-11 0.00000e+00
9.19000e+02 6.94906e-11 0.00000e+00
9.20000e+02 5.49930e-11 0.00000e+00
9.21000e+02 2.09336e-11 0.00000e+00
9.22000e+02 6.94302e-11 0.00000e+00
9.23000e+02 6.65128e-11 0.00000e+00
9.24000e+02 4.56272e-11 0.00000e+00
9.25000e+02 2.60412e-11 0.00000e+00
9.26000e+02 5.45901e-11 0.00000e+00
9.27000e+02 2.20390e-11 0.00000e+00
9.28000e+02 2.55953e-11 0.00000e+00
9.29000e+02 6.15259e-11 0.00000e+00
9.30000e+02 5.04218e-11 0.00000e+00
9.31000e+02 4.13084e-11 0.00000e+00
9.32000e+02 2.28651e-11 0.00000e+00
9.33000e+02 4.90138e-11 0.00000e+00
9.34000e+02 4.89498e-11 0.00000e+00
9.35000e+02 4.17167e-11 0.00000e+00
9.36000e+02 2.91570e-11 0.00000e+00
9.37000e+02 7.31570e-11 0.00000e+00
9.38000e+02 5.22050e-11 0.00000e+00
9.39000e+02 7.35890e-11 0.00000e+00
9.40000e+02 7.06876e-11 0.00000e+00
9.41000e+02 2.80041e-11 0.00000e+00
9.42000e+02 7.31646e-11 0.00000e+00
9.43000e+02 2.69411e-11 0.00000e+00
9.44000e+02 7.05983e-11 0.00000e+00
9.45000e+02 7.37446e-11 0.00000e+00
9.46000e+02 4.53451e-11 0.00000e+00
9.47000e+02 7.75256e-11 0.00000e+00
9.48000e+02 3.53612e-12 0.00000e+00
9.49000e+02 4.03378e-11 0.00000e+00
9.50000e+02 4.03103e-11 0.00000e+00
9.51000e+02 3.06027e-11 0.00000e+00
9.52000e+02 -2.17913e-12 0.00000e+00
9.53000e+02 6.25489e-11 0.00000e+00
9.54000e+02 4.83544e-11 0.00000e+00
9.55000e+02 5.11018e-11 0.00000e+00
9.56000e+02 7.02199e-11 0.00000e+00
9.57000e+02 9.47921e-12 0.00000e+00
9.58000e+02 8.47193e-12 0.00000e+00
9.59000e+02 5.18807e-11 0.00000e+00
9.60000e+02 3.90642e-11 0.00000e+00
9.61000e+02 6.29362e-11 0.00000e+00
9.62000e+02 7.11291e-11 0.00000e+00
9.63000e+02 6.02484e-11 0.00000e+00
9.64000e+02 2.32368e-11 0.00000e+00
9.65000e+02 3.63623e-11 0.00000e+00
9.66000e+02 4.31617e-11 0.00000e+00
9.67000e+02 6.97861e-11 0.00000e+00
9.68000e+02 3.56353e-11 0.00000e+00
9.69000e+02 1.15459e-11 0.00000e+00
9.70000e+02 4.50942e-11 0.00000e+00
9.71000e+02 3.68686e-11 0.00000e+00
9.72000e+02 1.72000e-11 0.00000e+00
9.73000e+02 3.98849e-11 0.00000e+00
9.74000e+02 2.30370e-11 0.00000e+00
9.75000e+02 3.56387e-11 0.00000e+00
9.76000e+02 2.01043e-11 0.00000e+00
9.77000e+02 3.38767e-11 0.00000e+00
9.78000e+02 5.64343e-11 0.00000e+00
9.79000e+02 2.90778e-11 0.00000e+00
9.80000e+02 4.43232e-11 0.00000e+00
9.81000e+02 3.76851e-11 0.00000e+00
9.82000e+02 1.76991e-12 0.00000e+00
9.83000e+02 2.31471e-11 0.00000e+00
9.84000e+02 2.01649e-11 0.00000e+00
9.85000e+02 4.32033e-11 0.00000e+00
9.86000e+02 4.16677e-11 0.00000e+00
9.87000e+02 2.79219e-11 0.00000e+00
9.88000e+02 3.25757e-11 0.00000e+00
9.89000e+02 1.16058e-11 0.00000e+00
9.90000e+02 2.38734e-11 0.00000e+00
9.91000e+02 2.95929e-11 0.00000e+00
9.92000e+02 4.48807e-11 0.00000e+00
9.93000e+02 5.48713e-11 0.00000e+00
9.94000e+02 5.09656e-11 0.00000e+00
9.95000e+02 3.25469e-11 0.00000e+00
9.96000e+02 5.62563e-11 0.00000e+00
9.97000e+02 3.35966e-11 0.00000e+00
9.98000e+02 3.40051e-11 0.00000e+00
9.99000e+02 3.34425e-11 0.00000e+00
1.00000e+03 6.22020e-11 0.00000e+00
1.00100e+03 2.00659e-11 0.00000e+00
1.00200e+03 4.22824e-11 0.00000e+00
1.00300e+03 4.91158e-11 0.00000e+00
1.00400e+03 4.06640e-11 0.00000e+00
1.00500e+03 5.79699e-11 0.00000e+00
1.00600e+03 1.10666e-11 0.00000e+00
1.00700e+03 2.03983e-11 0.00000e+00
1.00800e+03 5.86493e-12 0.00000e+00
1.00900e+03 3.31309e-11 0.00000e+00
1.01000e+03 6.86503e-11 0.00000e+00
1.01100e+03 2.56017e-11 0.00000e+00
1.01200e+03 4.85362e-11 0.00000e+00
1.01300e+03 4.63128e-11 0.00000e+00
1.01400e+03 4.50128e-11 0.00000e+00
1.01500e+03 5.75918e-11 0.00000e+00
1.01600e+03 1.03891e-11 0.00000e+00
1.01700e+03 3.27137e-11 0.00000e+00
1.01800e+03 6.55204e-11 0.00000e+00
1.01900e+03 5.07958e-11 0.00000e+00
1.02000e+03 5.23828e-11 0.00000e+00
1.02100e+03 7.50473e-11 0.00000e+00
1.02200e+03 4.22993e-11 0.00000e+00
1.02300e+03 3.61775e-11 0.00000e+00
1.02400e+03 -7.17108e-12 0.00000e+00
1.02500e+03 2.84652e-11 0.00000e+00
1.02600e+03 4.25764e-11 0.00000e+00
1.02700e+03 3.50411e-11 0.00000e+00
1.02800e+03 3.73776e-11 0.00000e+00
1.02900e+03 4.70600e-11 0.00000e+00
1.03000e+03 3.13744e-11 0.00000e+00
1.03100e+03 3.17106e-11 0.00000e+00
1.03200e+03 3.04272e-11 0.00000e+00
1.03300e+03 2.79331e-11 0.00000e+00
1.03400e+03 3.88127e-11 0.00000e+00
1.03500e+03 1.53103e-11 0.00000e+00
1.03600e+03 4.62247e-11 0.00000e+00
1.03700e+03 4.84002e-11 0.00000e+00
1.03800e+03 1.43425e-11 0.00000e+00
1.03900e+03 3.84139e-11 0.00000e+00
1.04000e+03 5.73831e-11 0.00000e+00
1.04100e+03 4.00048e-11 0.00000e+00
1.04200e+03 1.70265e-11 0.00000e+00
1.04300e+03 4.01372e-11 0.00000e+00
1.04400e+03 3.79714e-11 0.00000e+00
1.04500e+03 1.62288e-11 0.00000e+00
1.04600e+03 5.94140e-11 0.00000e+00
1.04700e+03 4.12357e-11 0.00000e+00
1.04800e+03 6.98180e-11 0.00000e+00
1.04900e+03 5.66054e-11 0.00000e+00
1.05000e+03 3.97803e-11 0.00000e+00
1.05100e+03 2.77708e-11 0.00000e+00
1.05200e+03 4.35203e-11 0.00000e+00
1.05300e+03 5.20100e-11 0.00000e+00
1.05400e+03 2.46893e-11 0.00000e+00
1.05500e+03 5.39389e-11 0.00000e+00
1.05600e+03 5.30994e-11 0.00000e+00
1.05700e+03 2.75525e-11 0.00000e+00
1.05800e+03 5.56686e-11 0.00000e+00
1.05900e+03 6.63492e-12 0.00000e+00
1.06000e+03 4.80491e-11 0.00000e+00
1.06100e+03 3.96766e-11 0.00000e+00
1.06200e+03 3.19959e-11 0.00000e+00
1.06300e+03 2.48476e-11 0.00000e+00
1.06400e+03 3.42816e-11 0.00000e+00
1.06500e+03 3.64780e-11 0.00000e+00
1.06600e+03 4.83141e-11 0.00000e+00
1.06700e+03 4.92575e-11 0.00000e+00
1.06800e+03 5.15424e-11 0.00000e+00
1.06900e+03 3.91772e-11 0.00000e+00
1.07000e+03 2.95600e-11 0.00000e+00
1.07100e+03 1.80064e-11 0.00000e+00
1.07200e+03 2.98415e-11 0.00000e+00
1.07300e+03 3.59776e-11 0.00000e+00
1.07400e+03 4.03223e-11 0.00000e+00
1.07500e+03 3.99336e-11 0.00000e+00
1.07600e+03 4.18484e-11 0.00000e+00
1.07700e+03 5.06736e-11 0.00000e+00
1.07800e+03 9.12982e-12 0.00000e+00
1.07900e+03 3.31773e-11 0.00000e+00
1.08000e+03 4.83411e-11 0.00000e+00
1.08100e+03 5.22588e-11 0.00000e+00
1.08200e+03 1.63885e-11 0.00000e+00
1.08300e+03 1.71442e-11 0.00000e+00
1.08400e+03 4.73798e-11 0.00000e+00
1.08500e+03 5.31291e-11 0.00000e+00
1.08600e+03 3.82324e-11 0.00000e+00
1.08700e+03 6.06882e-11 0.00000e+00
1.08800e+03 4.42584e-11 0.00000e+00
1.08900e+03 3.45875e-11 0.00000e+00
1.09000e+03 3.86263e-11 0.00000e+00
1.09100e+03 3.21146e-11 0.00000e+00
1.09200e+03 2.66599e-11 0.00000e+00
1.09300e+03 4.38931e-11 0.00000e+00
1.09400e+03 2.83331e-11 0.00000e+00
1.09500e+03 3.40903e-11 0.00000e+00
1.09600e+03 2.85855e-11 0.00000e+00
1.09700e+03 4.07854e-11 0.00000e+00
1.09800e+03 6.79431e-11 0.00000e+00
1.09900e+03 1.07335e-11 0.00000e+00
1.10000e+03 6.46458e-11 0.00000e+00
1.10100e+03 5.59712e-11 0.00000e+00
1.10200e+03 2.82737e-11 0.00000e+00
1.10300e+03 4.16070e-11 0.00000e+00
1.10400e+03 3.88795e-11 0.00000e+00
1.10500e+03 1.16538e-11 0.00000e+00
1.10600e+03 4.27219e-11 0.00000e+00
1.10700e+03 3.56552e-11 0.00000e+00
1.10800e+03 4.95285e-11 0.00000e+00
1.10900e+03 5.57769e-11 0.00000e+00
1.11000e+03 4.36055e-11 0.00000e+00
1.11100e+03 2.89109e-11 0.00000e+00
1.11200e+03 6.78742e-11 0.00000e+00
1.11300e+03 2.05769e-11 0.00000e+00
1.11400e+03 4.17387e-11 0.00000e+00
1.11500e+03 3.77806e-11 0.00000e+00
1.11600e+03 2.05961e-11 0.00000e+00
1.11700e+03 6.25225e-11 0.00000e+00
1.11800e+03 4.51380e-11 0.00000e+00
1.11900e+03 4.36670e-11 0.00000e+00
1.12000e+03 3.75474e-11 0.00000e+00
1.12100e+03 2.54188e-11 0.00000e+00
1.12200e+03 4.29560e-11 0.00000e+00
1.12300e+03 1.25572e-11 0.00000e+00
1.12400e+03 4.36429e-11 0.00000e+00
1.12500e+03 4.77309e-11 0.00000e+00
1.12600e+03 2.60445e-11 0.00000e+00
1.12700e+03 2.75832e-11 0.00000e+00
1.12800e+03 3.69428e-11 0.00000e+00
1.12900e+03 4.26201e-11 0.00000e+00
1.13000e+03 3.45167e-11 0.00000e+00
1.13100e+03 3.48276e-11 0.00000e+00
1.13200e+03 1.95171e-11 0.00000e+00
1.13300e+03 3.98156e-11 0.00000e+00
1.13400e+03 2.54965e-11 0.00000e+00
1.13500e+03 3.96103e-11 0.00000e+00
1.13600e+03 4.45562e-11 0.00000e+00
1.13700e+03 4.26792e-11 0.00000e+00
1.13800e+03 3.45677e-11 0.00000e+00
1.13900e+03 3.37265e-11 0.00000e+00
1.14000e+03 2.90385e-11 0.00000e+00
1.14100e+03 4.27026e-11 0.00000e+00
1.14200e+03 3.10141e-11 0.00000e+00
1.14300e+03 4.47716e-11 0.00000e+00
1.14400e+03 4.03520e-11 0.00000e+00
1.14500e+03 5.41810e-11 0.00000e+00
1.14600e+03 5.46455e-11 0.00000e+00
1.14700e+03 2.69712e-11 0.00000e+00
1.14800e+03 2.78219e-11 0.00000e+00
1.14900e+03 2.05126e-11 0.00000e+00
1.15000e+03 2.51531e-11 0.00000e+00
1.15100e+03 1.45647e-11 0.00000e+00
1.15200e+03 5.14894e-11 0.00000e+00
1.15300e+03 1.76966e-11 0.00000e+00
1.15400e+03 3.42885e-11 0.00000e+00
1.15500e+03 3.54684e-11 0.00000e+00
1.15600e+03 3.43286e-11 0.00000e+00
1.15700e+03 2.80258e-11 0.00000e+00
1.15800e+03 6.41644e-11 0.00000e+00
1.15900e+03 2.84856e-11 0.00000e+00
1.16000e+03 6.10907e-12 0.00000e+00
1.16100e+03 4.63668e-11 0.00000e+00
1.16200e+03 2.11216e-11 0.00000e+00
1.16300e+03 3.13677e-11 0.00000e+00
1.16400e+03 2.38878e-11 0.00000e+00
1.16500e+03 4.81288e-11 0.00000e+00
1.16600e+03 3.32661e-11 0.00000e+00
1.16700e+03 2.20361e-11 0.00000e+00
1.16800e+03 2.72298e-11 0.00000e+00
1.16900e+03 2.24133e-11 0.00000e+00
1.17000e+03 2.28675e-11 0.00000e+00
1.17100e+03 2.78780e-11 0.00000e+00
1.17200e+03 4.32281e-11 0.00000e+00
1.17300e+03 3.58028e-11 0.00000e+00
1.17400e+03 4.61068e-11 0.00000e+00
1.17500e+03 3.96732e-11 0.00000e+00
1.17600e+03 1.86703e-11 0.00000e+00
1.17700e+03 5.07570e-11 0.00000e+00
1.17800e+03 3.83766e-11 0.00000e+00
1.17900e+03 2.58167e-11 0.00000e+00
1.18000e+03 3.35337e-12 0.00000e+00
1.18100e+03 3.41096e-11 0.00000e+00
1.18200e+03 2.26422e-11 0.00000e+00
1.18300e+03 3.02497e-11 0.00000e+00
1.18400e+03 3.48632e-11 0.00000e+00
1.18500e+03 3.28384e-11 0.00000e+00
1.18600e+03 3.86638e-11 0.00000e+00
1.18700e+03 3.55622e-11 0.00000e+00
1.18800e+03 2.57653e-11 0.00000e+00
1.18900e+03 2.55368e-11 0.00000e+00
1.19000e+03 3.23690e-11 0.00000e+00
1.19100e+03 2.35535e-11 0.00000e+00
1.19200e+03 5.81184e-11 0.00000e+00
1.19300e+03 3.30290e-11 0.00000e+00
1.19400e+03 3.92267e-11 0.00000e+00
1.19500e+03 4.43661e-12 0.00000e+00
1.19600e+03 2.83825e-11 0.00000e+00
1.19700e+03 4.46818e-11 0.00000e+00
1.19800e+03 4.48954e-11 0.00000e+00
1.19900e+03 5.22718e-11 0.00000e+00
1.20000e+03 1.14881e-11 0.00000e+00
1.20100e+03 2.80303e-11 0.00000e+00
1.20200e+03 2.69286e-12 0.00000e+00
1.20300e+03 3.15900e-11 0.00000e+00
1.20400e+03 5.72028e-11 0.00000e+00
1.20500e+03 3.34497e-11 0.00000e+00
1.20600e+03 3.93162e-11 0.00000e+00
1.20700e+03 3.27227e-11 0.00000e+00
1.20800e+03 2.04872e-11 0.00000e+00
1.20900e+03 5.69020e-11 0.00000e+00
1.21000e+03 1.96327e-11 0.00000e+00
1.21100e+03 2.78371e-11 0.00000e+00
1.21200e+03 3.39070e-11 0.00000e+00
1.21300e+03 4.29274e-11 0.00000e+00
1.21400e+03 4.08200e-11 0.00000e+00
1.21500e+03 2.73747e-11 0.00000e+00
1.21600e+03 9.99821e-12 0.00000e+00
1.21700e+03 2.63211e-11 0.00000e+00
1.21800e+03 2.07806e-11 0.00000e+00
1.21900e+03 3.97750e-11 0.00000e+00
1.22000e+03 1.79064e-11 0.00000e+00
1.22100e+03 2.55914e-11 0.00000e+00
1.22200e+03 1.69939e-11 0.00000e+00
1.22300e+03 2.82030e-11 0.00000e+00
1.22400e+03 3.21793e-11 0.00000e+00
1.22500e+03 5.55762e-11 0.00000e+00
1.22600e+03 1.19038e-11 0.00000e+00
1.22700e+03 2.08091e-11 0.00000e+00
1.22800e+03 3.20566e-11 0.00000e+00
1.22900e+03 2.63623e-12 0.00000e+00
1.23000e+03 3.60625e-11 0.00000e+00
1.23100e+03 3.61068e-11 0.00000e+00
1.23200e+03 1.78875e-11 0.00000e+00
1.23300e+03 2.64270e-11 0.00000e+00
1.23400e+03 5.09832e-11 0.00000e+00
1.23500e+03 4.43214e-11 0.00000e+00
1.23600e+03 3.14090e-11 0.00000e+00
1.23700e+03 6.37619e-12 0.00000e+00
1.23800e+03 3.98267e-11 0.00000e+00
1.23900e+03 4.32784e-11 0.00000e+00
1.24000e+03 2.90133e-11 0.00000e+00
1.24100e+03 2.63331e-11 0.00000e+00
1.24200e+03 2.24419e-11 0.00000e+00
1.24300e+03 2.19839e-11 0.00000e+00
1.24400e+03 3.57991e-11 0.00000e+00
1.24500e+03 3.58224e-11 0.00000e+00
1.24600e+03 1.78223e-11 0.00000e+00
1.24700e+03 3.23106e-11 0.00000e+00
1.24800e+03 3.22169e-11 0.00000e+00
1.24900e+03 2.73234e-11 0.00000e+00
1.25000e+03 3.43424e-11 0.00000e+00
1.25100e+03 3.47519e-11 0.00000e+00
1.25200e+03 4.12310e-11 0.00000e+00
1.25300e+03 3.12216e-11 0.00000e+00
1.25400e+03 2.36281e-11 0.00000e+00
1.25500e+03 2.07806e-11 0.00000e+00
1.25600e+03 4.05835e-11 0.00000e+00
1.25700e+03 5.65866e-12 0.00000e+00
1.25800e+03 1.78425e-11 0.00000e+00
1.25900e+03 3.37769e-12 0.00000e+00
1.26000e+03 5.09920e-11 0.00000e+00
1.26100e+03 2.80710e-11 0.00000e+00
1.26200e+03 1.75700e-11 0.00000e+00
1.26300e+03 2.64693e-11 0.00000e+00
1.26400e+03 2.32616e-11 0.00000e+00
1.26500e+03 1.46327e-11 0.00000e+00
1.26600e+03 3.03411e-11 0.00000e+00
1.26700e+03 3.42301e-11 0.00000e+00
1.26800e+03 3.07683e-11 0.00000e+00
1.26900e+03 3.08105e-11 0.00000e+00
1.27000e+03 1.84847e-11 0.00000e+00
1.27100e+03 3.22801e-11 0.00000e+00
1.27200e+03 2.93822e-11 0.00000e+00
1.27300e+03 4.97527e-11 0.00000e+00
1.27400e+03 2.44958e-11 0.00000e+00
1.27500e+03 9.63304e-12 0.00000e+00
1.27600e+03 2.96516e-11 0.00000e+00
1.27700e+03 3.94879e-11 0.00000e+00
1.27800e+03 3.54476e-11 0.00000e+00
1.27900e+03 3.43677e-11 0.00000e+00
1.28000e+03 3.22935e-11 0.00000e+00
1.28100e+03 3.60708e-11 0.00000e+00
1.28200e+03 7.23374e-12 0.00000e+00
1.28300e+03 2.72936e-11 0.00000e+00
1.28400e+03 2.94157e-11 0.00000e+00
1.28500e+03 3.82011e-11 0.00000e+00
1.28600e+03 4.43151e-11 0.00000e+00
1.28700e+03 3.08524e-11 0.00000e+00
1.28800e+03 2.14398e-11 0.00000e+00
1.28900e+03 3.31858e-11 0.00000e+00
1.29000e+03 5.25023e-11 0.00000e+00
1.29100e+03 2.59752e-11 0.00000e+00
1.29200e+03 4.42856e-11 0.00000e+00
1.29300e+03 2.55232e-11 0.00000e+00
1.29400e+03 3.03148e-11 0.00000e+00
1.29500e+03 4.41796e-11 0.00000e+00
1.29600e+03 3.80258e-11 0.00000e+00
1.29700e+03 3.74702e-11 0.00000e+00
1.29800e+03 1.66416e-11 0.00000e+00
1.29900e+03 3.99914e-11 0.00000e+00
1.30000e+03 3.13739e-11 0.00000e+00
1.30100e+03 2.59403e-11 0.00000e+00
1.30200e+03 3.00598e-11 0.00000e+00
1.30300e+03 3.32701e-11 0.00000e+00
1.30400e+03 2.50479e-11 0.00000e+00
1.30500e+03 4.06518e-11 0.00000e+00
1.30600e+03 2.61356e-11 0.00000e+00
1.30700e+03 1.40285e-11 0.00000e+00
1.30800e+03 2.37529e-11 0.00000e+00
1.30900e+03 2.38740e-11 0.00000e+00
1.31000e+03 2.04782e-11 0.00000e+00
1.31100e+03 2.57023e-11 0.00000e+00
1.31200e+03 2.50433e-11 0.00000e+00
1.31300e+03 2.20837e-11 0.00000e+00
1.31400e+03 1.31494e-11 0.00000e+00
1.31500e+03 4.14083e-11 0.00000e+00
1.31600e+03 4.34709e-11 0.00000e+00
1.31700e+03 2.26460e-11 0.00000e+00
1.31800e+03 3.37477e-11 0.00000e+00
1.31900e+03 1.52686e-11 0.00000e+00
1.32000e+03 1.66986e-11 0.00000e+00
1.32100e+03 1.77677e-11 0.00000e+00
1.32200e+03 2.43624e-11 0.00000e+00
1.32300e+03 2.69185e-11 0.00000e+00
1.32400e+03 2.95591e-11 0.00000e+00
1.32500e+03 2.40485e-11 0.00000e+00
1.32600e+03 1.98037e-11 0.00000e+00
1.32700e+03 2.39172e-11 0.00000e+00
1.32800e+03 3.84472e-11 0.00000e+00
1.32900e+03 3.33765e-11 0.00000e+00
1.33000e+03 3.66562e-11 0.00000e+00
1.33100e+03 2.87652e-11 0.00000e+00
1.33200e+03 2.42209e-11 0.00000e+00
1.33300e+03 2.52809e-11 0.00000e+00
1.33400e+03 3.81661e-11 0.00000e+00
1.33500e+03 1.02393e-11 0.00000e+00
1.33600e+03 2.78993e-11 0.00000e+00
1.33700e+03 2.38996e-11 0.00000e+00
1.33800e+03 2.98928e-11 0.00000e+00
1.33900e+03 2.42209e-11 0.00000e+00
1.34000e+03 3.04507e-11 0.00000e+00
1.34100e+03 3.53763e-11 0.00000e+00
1.34200e+03 3.05470e-11 0.00000e+00
1.34300e+03 3.47871e-11 0.00000e+00
1.34400e+03 3.74785e-11 0.00000e+00
1.34500e+03 3.04447e-11 0.00000e+00
1.34600e+03 2.15898e-11 0.00000e+00
1.34700e+03 3.03571e-11 0.00000e+00
1.34800e+03 3.72250e-11 0.00000e+00
1.34900e+03 1.62737e-11 0.00000e+00
1.35000e+03 2.08316e-11 0.00000e+00
1.35100e+03 3.15773e-11 0.00000e+00
1.35200e+03 2.97004e-11 0.00000e+00
1.35300e+03 2.31439e-11 0.00000e+00
1.35400e+03 1.79822e-11 0.00000e+00
1.35500e+03 2.43045e-11 0.00000e+00
1.35600e+03 1.90789e-11 0.00000e+00
1.35700e+03 3.44888e-11 0.00000e+00
1.35800e+03 2.56980e-11 0.00000e+00
1.35900e+03 4.23721e-11 0.00000e+00
1.36000e+03 2.66824e-11 0.00000e+00
1.36100e+03 2.43048e-11 0.00000e+00
1.36200e+03 2.67703e-11 0.00000e+00
1.36300e+03 3.08718e-11 0.00000e+00
1.36400e+03 3.77309e-11 0.00000e+00
1.36500e+03 3.62708e-11 0.00000e+00
1.36600e+03 2.80251e-11 0.00000e+00
1.36700e+03 1.66652e-11 0.00000e+00
1.36800e+03 1.39491e-11 0.00000e+00
1.36900e+03 3.14170e-11 0.00000e+00
1.37000e+03 2.20502e-11 0.00000e+00
1.37100e+03 2.74168e-11 0.00000e+00
1.37200e+03 1.29419e-11 0.00000e+00
1.37300e+03 1.38517e-11 0.00000e+00
1.37400e+03 2.80855e-11 0.00000e+00
1.37500e+03 2.92734e-11 0.00000e+00
1.37600e+03 3.07235e-11 0.00000e+00
1.37700e+03 2.23776e-11 0.00000e+00
1.37800e+03 3.74141e-11 0.00000e+00
1.37900e+03 3.47967e-11 0.00000e+00
1.38000e+03 2.97580e-11 0.00000e+00
1.38100e+03 3.03731e-11 0.00000e+00
1.38200e+03 3.60172e-11 0.00000e+00
1.38300e+03 2.36291e-12 0.00000e+00
1.38400e+03 3.31800e-11 0.00000e+00
1.38500e+03 2.14914e-11 0.00000e+00
1.38600e+03 7.24189e-12 0.00000e+00
1.38700e+03 2.35399e-11 0.00000e+00
1.38800e+03 3.73259e-11 0.00000e+00
1.38900e+03 3.30236e-11 0.00000e+00
1.39000e+03 4.77218e-11 0.00000e+00
1.39100e+03 2.05982e-11 0.00000e+00
1.39200e+03 1.29698e-11 0.00000e+00
1.39300e+03 2.65257e-11 0.00000e+00
1.39400e+03 2.88215e-11 0.00000e+00
1.39500e+03 2.31882e-11 0.00000e+00
1.39600e+03 2.76994e-11 0.00000e+00
1.39700e+03 2.06977e-11 0.00000e+00
1.39800e+03 4.37711e-11 0.00000e+00
1.39900e+03 2.73814e-11 0.00000e+00
1.40000e+03 3.04258e-11 0.00000e+00
1.40100e+03 3.57142e-11 0.00000e+00
1.40200e+03 2.63836e-11 0.00000e+00
1.40300e+03 1.81513e-11 0.00000e+00
1.40400e+03 2.70742e-11 0.00000e+00
1.40500e+03 3.44230e-11 0.00000e+00
1.40600e+03 2.85995e-11 0.00000e+00
1.40700e+03 3.32602e-11 0.00000e+00
1.40800e+03 2.81884e-11 0.00000e+00
1.40900e+03 2.68372e-11 0.00000e+00
1.41000e+03 2.59165e-11 0.00000e+00
1.41100e+03 2.16664e-11 0.00000e+00
1.41200e+03 3.57990e-11 0.00000e+00
1.41300e+03 2.64460e-11 0.00000e+00
1.41400e+03 2.20244e-11 0.00000e+00
1.41500e+03 2.37858e-11 0.00000e+00
1.41600e+03 1.65106e-11 0.00000e+00
1.41700e+03 1.59207e-11 0.00000e+00
1.41800e+03 2.04559e-11 0.00000e+00
1.41900e+03 2.60677e-11 0.00000e+00
1.42000e+03 1.97060e-11 0.00000e+00
1.42100e+03 2.61723e-11 0.00000e+00
1.42200e+03 2.44027e-11 0.00000e+00
1.42300e+03 3.04878e-11 0.00000e+00
1.42400e+03 1.97321e-11 0.00000e+00
1.42500e+03 3.74466e-11 0.00000e+00
1.42600e+03 2.99318e-11 0.00000e+00
1.42700e+03 3.10238e-11 0.00000e+00
1.42800e+03 1.48033e-11 0.00000e+00
1.42900e+03 2.64015e-11 0.00000e+00
1.43000e+03 2.52909e-11 0.00000e+00
1.43100e+03 3.10513e-11 0.00000e+00
1.43200e+03 4.38080e-11 0.00000e+00
1.43300e+03 2.49001e-11 0.00000e+00
1.43400e+03 2.69315e-11 0.00000e+00
1.43500e+03 2.83072e-11 0.00000e+00
1.43600e+03 1.54247e-11 0.00000e+00
1.43700e+03 2.02151e-11 0.00000e+00
1.43800e+03 3.48494e-11 0.00000e+00
1.43900e+03 3.77146e-11 0.00000e+00
1.44000e+03 2.26282e-11 0.00000e+00
1.44100e+03 2.17406e-11 0.00000e+00
1.44200e+03 4.46869e-11 0.00000e+00
1.44300e+03 2.59906e-11 0.00000e+00
1.44400e+03 2.46957e-11 0.00000e+00
1.44500e+03 2.46316e-11 0.00000e+00
1.44600e+03 1.26720e-11 0.00000e+00
1.44700e+03 1.03512e-11 0.00000e+00
1.44800e+03 3.90978e-11 0.00000e+00
1.44900e+03 2.21927e-11 0.00000e+00
1.45000e+03 2.48005e-11 0.00000e+00
1.45100e+03 2.28838e-11 0.00000e+00
1.45200e+03 3.18881e-11 0.00000e+00
1.45300e+03 2.19252e-11 0.00000e+00
1.45400e+03 2.69524e-11 0.00000e+00
1.45500e+03 1.89357e-11 0.00000e+00
1.45600e+03 6.54250e-12 0.00000e+00
1.45700e+03 2.20026e-11 0.00000e+00
1.45800e+03 1.01402e-11 0.00000e+00
1.45900e+03 6.43888e-12 0.00000e+00
1.46000e+03 1.13221e-11 0.00000e+00
1.46100e+03 2.75156e-11 0.00000e+00
1.46200e+03 2.40657e-11 0.00000e+00
1.46300e+03 3.16643e-11 0.00000e+00
1.46400e+03 7.76156e-12 0.00000e+00
1.46500e+03 2.70923e-11 0.00000e+00
1.46600e+03 4.00414e-11 0.00000e+00
1.46700e+03 1.57346e-11 0.00000e+00
1.46800e+03 2.92110e-11 0.00000e+00
1.46900e+03 2.46262e-11 0.00000e+00
1.47000e+03 1.82700e-11 0.00000e+00
1.47100e+03 2.36184e-11 0.00000e+00
1.47200e+03 2.24641e-11 0.00000e+00
1.47300e+03 2.37925e-11 0.00000e+00
1.47400e+03 2.78654e-11 0.00000e+00
1.47500e+03 2.99919e-11 0.00000e+00
1.47600e+03 2.46698e-11 0.00000e+00
1.47700e+03 2.68631e-11 0.00000e+00
1.47800e+03 2.09471e-11 0.00000e+00
1.47900e+03 2.26201e-11 0.00000e+00
1.48000e+03 3.35500e-11 0.00000e+00
1.48100e+03 2.95019e-11 0.00000e+00
1.48200e+03 2.32496e-11 0.00000e+00
1.48300e+03 1.41084e-11 0.00000e+00
1.48400e+03 1.79694e-11 0.00000e+00
1.48500e+03 6.66912e-12 0.00000e+00
1.48600e+03 2.43391e-11 0.00000e+00
1.48700e+03 1.85191e-11 0.00000e+00
1.48800e+03 1.69965e-11 0.00000e+00
1.48900e+03 1.97639e-11 0.00000e+00
1.49000e+03 2.25770e-12 0.00000e+00
1.49100e+03 2.25203e-11 0.00000e+00
1.49200e+03 1.01306e-11 0.00000e+00
1.49300e+03 2.66140e-11 0.00000e+00
1.49400e+03 1.49797e-11 0.00000e+00
1.49500e+03 2.17460e-11 0.00000e+00
1.49600e+03 2.47979e-11 0.00000e+00
1.49700e+03 9.95261e-12 0.00000e+00
1.49800e+03 2.79398e-11 0.00000e+00
1.49900e+03 2.58423e-11 0.00000e+00
1.50000e+03 1.66749e-11 0.00000e+00
1.50100e+03 1.99949e-11 0.00000e+00
1.50200e+03 2.74850e-11 0.00000e+00
1.50300e+03 2.16878e-11 0.00000e+00
1.50400e+03 2.07423e-11 0.00000e+00
1.50500e+03 1.99752e-11 0.00000e+00
1.50600e+03 2.98945e-11 0.00000e+00
1.50700e+03 2.86971e-11 0.00000e+00
1.50800e+03 1.72650e-11 0.00000e+00
1.50900e+03 2.02132e-11 0.00000e+00
1.51000e+03 2.11297e-11 0.00000e+00
1.51100e+03 2.60397e-11 0.00000e+00
1.51200e+03 2.19384e-11 0.00000e+00
1.51300e+03 1.89512e-11 0.00000e+00
1.51400e+03 2.63668e-11 0.00000e+00
1.51500e+03 2.16035e-11 0.00000e+00
1.51600e+03 1.45594e-11 0.00000e+00
1.51700e+03 2.51304e-11 0.00000e+00
1.51800e+03 3.31071e-11 0.00000e+00
1.51900e+03 1.05308e-11 0.00000e+00
1.52000e+03 3.03419e-11 0.00000e+00
1.52100e+03 2.39212e-11 0.00000e+00
1.52200e+03 1.42000e-11 0.00000e+00
1.52300e+03 2.40128e-11 0.00000e+00
1.52400e+03 1.08986e-11 0.00000e+00
1.52500e+03 4.19809e-11 0.00000e+00
1.52600e+03 3.87426e-11 0.00000e+00
1.52700e+03 3.91048e-11 0.00000e+00
1.52800e+03 3.44513e-11 0.00000e+00
1.52900e+03 4.90941e-12 0.00000e+00
1.53000e+03 1.15955e-11 0.00000e+00
1.53100e+03 1.77022e-11 0.00000e+00
1.53200e+03 2.63141e-12 0.00000e+00
1.53300e+03 2.65783e-11 0.00000e+00
1.53400e+03 2.46939e-11 0.00000e+00
1.53500e+03 5.81005e-12 0.00000e+00
1.53600e+03 1.70878e-11 0.00000e+00
1.53700e+03 1.05768e-11 0.00000e+00
1.53800e+03 2.06839e-11 0.00000e+00
1.53900e+03 3.03339e-11 0.00000e+00
1.54000e+03 2.68733e-11 0.00000e+00
1.54100e+03 2.60629e-11 0.00000e+00
1.54200e+03 3.26373e-11 0.00000e+00
1.54300e+03 2.34712e-11 0.00000e+00
1.54400e+03 1.70400e-11 0.00000e+00
1.54500e+03 1.43436e-11 0.00000e+00
1.54600e+03 2.58613e-11 0.00000e+00
1.54700e+03 1.68415e-11 0.00000e+00
1.54800e+03 2.25603e-11 0.00000e+00
1.54900e+03 1.15600e-11 0.00000e+00
1.55000e+03 6.64519e-12 0.00000e+00
1.55100e+03 1.64239e-11 0.00000e+00
1.55200e+03 2.01702e-11 0.00000e+00
1.55300e+03 1.90769e-11 0.00000e+00
1.55400e+03 1.15779e-11 0.00000e+00
1.55500e+03 2.83455e-11 0.00000e+00
1.55600e+03 2.99176e-11 0.00000e+00
1.55700e+03 2.43733e-11 0.00000e+00
1.55800e+03 1.65680e-11 0.00000e+00
1.55900e+03 2.00480e-11 0.00000e+00
1.56000e+03 2.21272e-11 0.00000e+00
1.56100e+03 8.47241e-12 0.00000e+00
1.56200e+03 1.64993e-11 0.00000e+00
1.56300e+03 2.24240e-11 0.00000e+00
1.56400e+03 1.14117e-11 0.00000e+00
1.56500e+03 2.24467e-11 0.00000e+00
1.56600e+03 2.54215e-11 0.00000e+00
1.56700e+03 1.96741e-11 0.00000e+00
1.56800e+03 2.39996e-11 0.00000e+00
1.56900e+03 2.81963e-11 0.00000e+00
1.57000e+03 1.59174e-11 0.00000e+00
1.57100e+03 2.04263e-11 0.00000e+00
1.57200e+03 2.30123e-11 0.00000e+00
1.57300e+03 1.57554e-11 0.00000e+00
1.57400e+03 1.79551e-11 0.00000e+00
1.57500e+03 1.88698e-11 0.00000e+00
1.57600e+03 2.80611e-11 0.00000e+00
1.57700e+03 2.39754e-11 0.00000e+00
1.57800e+03 2.81433e-11 0.00000e+00
1.57900e+03 1.94473e-11 0.00000e+00
1.58000e+03 1.69006e-11 0.00000e+00
1.58100e+03 2.02428e-11 0.00000e+00
1.58200e+03 2.26415e-11 0.00000e+00
1.58300e+03 2.49734e-11 0.00000e+00
1.58400e+03 1.94944e-11 0.00000e+00
1.58500e+03 1.35214e-11 0.00000e+00
1.58600e+03 2.55040e-11 0.00000e+00
1.58700e+03 2.06217e-11 0.00000e+00
1.58800e+03 2.28738e-11 0.00000e+00
1.58900e+03 2.12844e-11 0.00000e+00
1.59000e+03 1.76189e-11 0.00000e+00
1.59100e+03 1.80315e-11 0.00000e+00
1.59200e+03 1.24926e-11 0.00000e+00
1.59300e+03 2.33790e-11 0.00000e+00
1.59400e+03 1.60563e-11 0.00000e+00
1.59500e+03 1.48621e-11 0.00000e+00
1.59600e+03 2.06013e-11 0.00000e+00
1.59700e+03 1.64299e-11 0.00000e+00
1.59800e+03 1.93186e-11 0.00000e+00
1.59900e+03 2.05559e-11 0.00000e+00
1.60000e+03 1.07979e-11 0.00000e+00
1.60100e+03 2.15918e-11 0.00000e+00
1.60200e+03 2.93726e-11 0.00000e+00
1.60300e+03 1.70606e-11 0.00000e+00
1.60400e+03 2.27774e-11 0.00000e+00
1.60500e+03 1.40035e-11 0.00000e+00
1.60600e+03 1.87407e-11 0.00000e+00
1.60700e+03 1.55017e-11 0.00000e+00
1.60800e+03 1.62329e-11 0.00000e+00
1.60900e+03 4.15338e-11 0.00000e+00
1.61000e+03 2.60755e-11 0.00000e+00
1.61100e+03 1.66418e-11 0.00000e+00
1.61200e+03 4.62214e-12 0.00000e+00
1.61300e+03 1.83768e-11 0.00000e+00
1.61400e+03 1.95082e-11 0.00000e+00
1.61500e+03 1.39364e-11 0.00000e+00
1.61600e+03 1.57276e-11 0.00000e+00
1.61700e+03 2.56167e-11 0.00000e+00
1.61800e+03 2.48958e-11 0.00000e+00
1.61900e+03 2.15087e-11 0.00000e+00
1.62000e+03 1.39084e-11 0.00000e+00
1.62100e+03 1.25122e-11 0.00000e+00
1.62200e+03 2.24675e-11 0.00000e+00
1.62300e+03 6.41480e-12 0.00000e+00
1.62400e+03 1.56906e-11 0.00000e+00
1.62500e+03 2.48155e-11 0.00000e+00
1.62600e+03 2.21640e-11 0.00000e+00
1.62700e+03 2.84466e-11 0.00000e+00
1.62800e+03 1.69058e-11 0.00000e+00
1.62900e+03 9.45357e-12 0.00000e+00
1.63000e+03 1.55091e-11 0.00000e+00
1.63100e+03 1.64808e-11 0.00000e+00
1.63200e+03 2.28338e-11 0.00000e+00
1.63300e+03 3.19329e-11 0.00000e+00
1.63400e+03 1.74939e-11 0.00000e+00
1.63500e+03 2.03580e-11 0.00000e+00
1.63600e+03 1.12856e-11 0.00000e+00
1.63700e+03 2.11091e-11 0.00000e+00
1.63800e+03 1.42135e-11 0.00000e+00
1.63900e+03 3.19983e-11 0.00000e+00
1.64000e+03 1.92369e-11 0.00000e+00
1.64100e+03 2.08676e-11 0.00000e+00
1.64200e+03 2.31854e-11 0.00000e+00
1.64300e+03 2.77654e-11 0.00000e+00
1.64400e+03 2.35609e-11 0.00000e+00
1.64500e+03 1.96509e-11 0.00000e+00
1.64600e+03 2.44790e-11 0.00000e+00
1.64700e+03 1.19469e-11 0.00000e+00
1.64800e+03 1.18427e-11 0.00000e+00
1.64900e+03 2.75274e-11 0.00000e+00
1.65000e+03 2.11088e-11 0.00000e+00
1.65100e+03 2.00038e-11 0.00000e+00
1.65200e+03 1.45580e-11 0.00000e+00
1.65300e+03 2.57834e-11 0.00000e+00
1.65400e+03 2.27026e-11 0.00000e+00
1.65500e+03 2.36686e-11 0.00000e+00
1.65600e+03 1.62559e-11 0.00000e+00
1.65700e+03 3.06383e-11 0.00000e+00
1.65800e+03 1.89717e-11 0.00000e+00
1.65900e+03 1.64439e-11 0.00000e+00
1.66000e+03 1.68055e-11 0.00000e+00
1.66100e+03 1.09574e-11 0.00000e+00
1.66200e+03 1.72994e-11 0.00000e+00
1.66300e+03 1.63473e-11 0.00000e+00
1.66400e+03 6.28233e-12 0.00000e+00
1.66500e+03 1.99649e-11 0.00000e+00
1.66600e+03 1.71409e-11 0.00000e+00
1.66700e+03 1.58088e-11 0.00000e+00
1.66800e+03 2.64187e-11 0.00000e+00
1.66900e+03 1.88514e-11 0.00000e+00
1.67000e+03 1.80695e-11 0.00000e+00
1.67100e+03 9.03869e-12 0.00000e+00
1.67200e+03 2.21287e-11 0.00000e+00
1.67300e+03 2.06032e-11 0.00000e+00
1.67400e+03 2.47153e-11 0.00000e+00
1.67500e+03 1.60712e-11 0.00000e+00
1.67600e+03 1.12512e-11 0.00000e+00
1.67700e+03 1.25315e-11 0.00000e+00
1.67800e+03 1.80440e-11 0.00000e+00
1.67900e+03 1.77041e-11 0.00000e+00
1.68000e+03 2.38685e-11 0.00000e+00
1.68100e+03 1.36025e-11 0.00000e+00
1.68200e+03 2.17686e-11 0.00000e+00
1.68300e+03 1.56513e-11 0.00000e+00
1.68400e+03 1.58139e-11 0.00000e+00
1.68500e+03 1.58899e-11 0.00000e+00
1.68600e+03 1.32832e-11 0.00000e+00
1.68700e+03 2.34719e-11 0.00000e+00
1.68800e+03 1.68790e-11 0.00000e+00
1.68900e+03 3.02977e-11 0.00000e+00
1.69000e+03 9.87685e-12 0.00000e+00
1.69100e+03 8.91210e-12 0.00000e+00
1.69200e+03 2.12714e-11 0.00000e+00
1.69300e+03 2.27338e-11 0.00000e+00
1.69400e+03 1.92122e-11 0.00000e+00
1.69500e+03 2.11890e-11 0.00000e+00
1.69600e+03 1.64199e-11 0.00000e+00
1.69700e+03 1.53709e-11 0.00000e+00
1.69800e+03 2.10314e-11 0.00000e+00
1.69900e+03 2.45479e-11 0.00000e+00
1.70000e+03 1.59036e-11 0.00000e+00
1.70100e+03 1.61583e-11 0.00000e+00
1.70200e+03 1.90015e-11 0.00000e+00
1.70300e+03 2.31986e-11 0.00000e+00
1.70400e+03 2.30181e-11 0.00000e+00
1.70500e+03 1.69000e-11 0.00000e+00
1.70600e+03 1.56559e-11 0.00000e+00
1.70700e+03 2.19313e-11 0.00000e+00
1.70800e+03 1.51087e-11 0.00000e+00
1.70900e+03 1.56756e-11 0.00000e+00
1.71000e+03 5.32400e-12 0.00000e+00
1.71100e+03 4.81238e-12 0.00000e+00
1.71200e+03 1.16943e-11 0.00000e+00
1.71300e+03 2.10403e-11 0.00000e+00
1.71400e+03 2.13393e-11 0.00000e+00
1.71500e+03 1.76304e-11 0.00000e+00
1.71600e+03 2.09146e-11 0.00000e+00
1.71700e+03 1.61890e-11 0.00000e+00
1.71800e+03 1.80766e-11 0.00000e+00
1.71900e+03 2.11931e-11 0.00000e+00
1.72000e+03 1.22074e-11 0.00000e+00
1.72100e+03 1.41201e-11 0.00000e+00
1.72200e+03 2.49029e-11 0.00000e+00
1.72300e+03 2.09433e-11 0.00000e+00
1.72400e+03 1.85448e-11 0.00000e+00
1.72500e+03 1.54950e-11 0.00000e+00
1.72600e+03 2.06250e-11 0.00000e+00
1.72700e+03 1.16698e-11 0.00000e+00
1.72800e+03 2.30327e-11 0.00000e+00
1.72900e+03 1.41723e-11 0.00000e+00
1.73000e+03 1.36840e-11 0.00000e+00
1.73100e+03 4.26010e-12 0.00000e+00
1.73200e+03 2.07435e-11 0.00000e+00
1.73300e+03 1.39741e-11 0.00000e+00
1.73400e+03 1.36258e-11 0.00000e+00
1.73500e+03 1.74011e-11 0.00000e+00
1.73600e+03 1.30186e-11 0.00000e+00
1.73700e+03 6.05952e-12 0.00000e+00
1.73800e+03 1.72891e-11 0.00000e+00
1.73900e+03 1.16476e-11 0.00000e+00
1.74000e+03 1.27795e-11 0.00000e+00
1.74100e+03 9.44361e-12 0.00000e+00
1.74200e+03 1.14443e-11 0.00000e+00
1.74300e+03 2.10535e-11 0.00000e+00
1.74400e+03 1.00403e-11 0.00000e+00
1.74500e+03 9.85463e-12 0.00000e+00
1.74600e+03 7.06398e-12 0.00000e+00
1.74700e+03 1.95944e-11 0.00000e+00
1.74800e+03 1.60010e-11 0.00000e+00
1.74900e+03 3.79358e-12 0.00000e+00
1.75000e+03 1.11377e-11 0.00000e+00
1.75100e+03 1.16126e-11 0.00000e+00
1.75200e+03 1.27029e-11 0.00000e+00
1.75300e+03 1.67610e-11 0.00000e+00
1.75400e+03 1.31502e-11 0.00000e+00
1.75500e+03 2.09525e-11 0.00000e+00
1.75600e+03 1.45553e-11 0.00000e+00
1.75700e+03 1.20605e-11 0.00000e+00
1.75800e+03 1.94589e-11 0.00000e+00
1.75900e+03 1.81014e-11 0.00000e+00
1.76000e+03 7.09858e-12 0.00000e+00
1.76100e+03 2.26754e-11 0.00000e+00
1.76200e+03 2.14786e-11 0.00000e+00
1.76300e+03 1.23176e-11 0.00000e+00
1.76400e+03 2.03073e-11 0.00000e+00
1.76500e+03 6.01468e-12 0.00000e+00
1.76600e+03 9.46422e-12 0.00000e+00
1.76700e+03 1.46060e-11 0.00000e+00
1.76800e+03 5.94075e-12 0.00000e+00
1.76900e+03 2.02243e-11 0.00000e+00
1.77000e+03 1.39643e-11 0.00000e+00
1.77100e+03 1.81098e-11 0.00000e+00
1.77200e+03 1.57737e-11 0.00000e+00
1.77300e+03 1.58850e-11 0.00000e+00
1.77400e+03 1.66233e-11 0.00000e+00
1.77500e+03 1.51603e-11 0.00000e+00
1.77600e+03 1.68376e-11 0.00000e+00
1.77700e+03 1.70530e-11 0.00000e+00
1.77800e+03 1.39121e-11 0.00000e+00
1.77900e+03 2.42033e-11 0.00000e+00
1.78000e+03 6.65358e-12 0.00000e+00
1.78100e+03 1.77681e-11 0.00000e+00
1.78200e+03 1.13155e-11 0.00000e+00
1.78300e+03 1.92618e-11 0.00000e+00
1.78400e+03 2.05637e-11 0.00000e+00
1.78500e+03 2.69503e-11 0.00000e+00
1.78600e+03 1.89295e-11 0.00000e+00
1.78700e+03 8.30401e-12 0.00000e+00
1.78800e+03 1.19772e-11 0.00000e+00
1.78900e+03 1.30080e-11 0.00000e+00
1.79000e+03 1.35919e-11 0.00000e+00
1.79100e+03 1.32974e-11 0.00000e+00
1.79200e+03 1.65776e-11 0.00000e+00
1.79300e+03 1.71404e-11 0.00000e+00
1.79400e+03 1.06436e-11 0.00000e+00
1.79500e+03 1.25701e-11 0.00000e+00
1.79600e+03 1.26720e-11 0.00000e+00
1.79700e+03 1.18077e-11 0.00000e+00
1.79800e+03 1.32951e-11 0.00000e+00
1.79900e+03 1.41777e-11 0.00000e+00
1.80000e+03 1.27003e-11 0.00000e+00
1.80100e+03 2.98355e-12 0.00000e+00
1.80200e+03 1.27796e-11 0.00000e+00
1.80300e+03 6.37176e-12 0.00000e+00
1.80400e+03 1.67315e-11 0.00000e+00
1.80500e+03 9.35052e-12 0.00000e+00
1.80600e+03 1.53295e-11 0.00000e+00
1.80700e+03 1.46531e-11 0.00000e+00
1.80800e+03 5.70638e-12 0.00000e+00
1.80900e+03 8.57798e-12 0.00000e+00
1.81000e+03 9.63888e-12 0.00000e+00
1.81100e+03 1.80989e-11 0.00000e+00
1.81200e+03 7.86282e-12 0.00000e+00
1.81300e+03 1.67670e-11 0.00000e+00
1.81400e+03 1.12111e-11 0.00000e+00
1.81500e+03 1.25130e-11 0.00000e+00
1.81600e+03 2.31932e-11 0.00000e+00
1.81700e+03 1.70751e-11 0.00000e+00
1.81800e+03 2.16442e-11 0.00000e+00
1.81900e+03 1.83203e-11 0.00000e+00
1.82000e+03 1.60868e-11 0.00000e+00
1.82100e+03 1.45799e-11 0.00000e+00
1.82200e+03 1.53520e-11 0.00000e+00
1.82300e+03 2.33068e-11 0.00000e+00
1.82400e+03 1.34999e-11 0.00000e+00
1.82500e+03 7.46526e-12 0.00000e+00
1.82600e+03 1.89256e-11 0.00000e+00
1.82700e+03 9.03691e-12 0.00000e+00
1.82800e+03 1.29877e-11 0.00000e+00
1.82900e+03 1.29902e-11 0.00000e+00
1.83000e+03 1.90533e-11 0.00000e+00
1.83100e+03 1.05124e-11 0.00000e+00
1.83200e+03 4.98002e-12 0.00000e+00
1.83300e+03 1.02562e-11 0.00000e+00
1.83400e+03 1.77125e-11 0.00000e+00
1.83500e+03 1.01113e-11 0.00000e+00
1.83600e+03 1.50065e-11 0.00000e+00
1.83700e+03 1.67204e-11 0.00000e+00
1.83800e+03 9.96280e-12 0.00000e+00
1.83900e+03 1.37919e-11 0.00000e+00
1.84000e+03 8.92714e-12 0.00000e+00
1.84100e+03 1.76747e-11 0.00000e+00
1.84200e+03 1.20566e-11 0.00000e+00
1.84300e+03 1.75898e-11 0.00000e+00
1.84400e+03 1.00339e-11 0.00000e+00
1.84500e+03 9.89103e-12 0.00000e+00
1.84600e+03 1.29764e-11 0.00000e+00
1.84700e+03 1.32406e-11 0.00000e+00
1.84800e+03 1.25917e-11 0.00000e+00
1.84900e+03 2.09541e-11 0.00000e+00
1.85000e+03 1.10991e-11 0.00000e+00
1.85100e+03 9.32896e-12 0.00000e+00
1.85200e+03 3.84735e-12 0.00000e+00
1.85300e+03 1.87628e-11 0.00000e+00
1.85400e+03 7.62908e-12 0.00000e+00
1.85500e+03 2.27020e-11 0.00000e+00
1.85600e+03 1.78141e-11 0.00000e+00
1.85700e+03 1.34901e-11 0.00000e+00
1.85800e+03 7.30542e-12 0.00000e+00
1.85900e+03 1.65816e-11 0.00000e+00
1.86000e+03 1.64524e-11 0.00000e+00
1.86100e+03 1.10153e-11 0.00000e+00
1.86200e+03 1.31847e-11 0.00000e+00
1.86300e+03 1.75248e-11 0.00000e+00
1.86400e+03 1.01821e-11 0.00000e+00
1.86500e+03 1.15484e-11 0.00000e+00
1.86600e+03 7.46856e-12 0.00000e+00
1.86700e+03 2.41852e-11 0.00000e+00
1.86800e+03 1.49244e-11 0.00000e+00
1.86900e+03 1.68590e-11 0.00000e+00
1.87000e+03 1.50258e-11 0.00000e+00
1.87100e+03 1.15429e-11 0.00000e+00
1.87200e+03 8.97217e-12 0.00000e+00
1.87300e+03 6.99484e-12 0.00000e+00
1.87400e+03 1.00352e-11 0.00000e+00
1.87500e+03 5.61001e-12 0.00000e+00
1.87600e+03 8.73230e-12 0.00000e+00
1.87700e+03 1.14487e-11 0.00000e+00
1.87800e+03 1.06367e-11 0.00000e+00
1.87900e+03 1.07345e-11 0.00000e+00
1.88000e+03 1.29855e-11 0.00000e+00
1.88100e+03 4.29564e-12 0.00000e+00
1.88200e+03 1.32801e-11 0.00000e+00
1.88300e+03 1.49742e-11 0.00000e+00
1.88400e+03 7.94756e-12 0.00000e+00
1.88500e+03 9.92189e-12 0.00000e+00
1.88600e+03 1.73703e-11 0.00000e+00
1.88700e+03 1.66561e-11 0.00000e+00
1.88800e+03 1.64116e-11 0.00000e+00
1.88900e+03 1.43153e-11 0.00000e+00
1.89000e+03 9.74073e-12 0.00000e+00
1.89100e+03 1.08005e-11 0.00000e+00
1.89200e+03 1.48034e-11 0.00000e+00
1.89300e+03 1.78028e-11 0.00000e+00
1.89400e+03 1.76503e-11 0.00000e+00
1.89500e+03 9.06388e-12 0.00000e+00
1.89600e+03 1.73240e-11 0.00000e+00
1.89700e+03 1.34935e-11 0.00000e+00
1.89800e+03 1.38501e-11 0.00000e+00
1.89900e+03 6.32216e-12 0.00000e+00
1.90000e+03 7.57733e-12 0.00000e+00
1.90100e+03 7.54272e-12 0.00000e+00
1.90200e+03 1.32730e-11 0.00000e+00
1.90300e+03 1.18776e-11 0.00000e+00
1.90400e+03 8.21208e-12 0.00000e+00
1.90500e+03 1.04239e-11 0.00000e+00
1.90600e+03 1.37852e-11 0.00000e+00
1.90700e+03 5.42502e-12 0.00000e+00
1.90800e+03 1.27998e-11 0.00000e+00
1.90900e+03 1.18178e-11 0.00000e+00
1.91000e+03 1.31456e-11 0.00000e+00
1.91100e+03 1.17165e-11 0.00000e+00
1.91200e+03 1.14990e-11 0.00000e+00
1.91300e+03 9.53347e-12 0.00000e+00
1.91400e+03 1.38380e-11 0.00000e+00
1.91500e+03 1.46296e-11 0.00000e+00
1.91600e+03 1.22673e-11 0.00000e+00
1.91700e+03 8.48482e-12 0.00000e+00
1.91800e+03 8.73005e-12 0.00000e+00
1.91900e+03 5.47995e-12 0.00000e+00
1.92000e+03 9.60273e-12 0.00000e+00
1.92100e+03 1.52009e-11 0.00000e+00
1.92200e+03 1.69993e-11 0.00000e+00
1.92300e+03 7.51456e-12 0.00000e+00
1.92400e+03 1.02858e-11 0.00000e+00
1.92500e+03 5.65172e-12 0.00000e+00
1.92600e+03 4.98171e-12 0.00000e+00
1.92700e+03 1.03034e-11 0.00000e+00
1.92800e+03 8.59645e-12 0.00000e+00
1.92900e+03 1.23836e-11 0.00000e+00
1.93000e+03 1.40224e-11 0.00000e+00
1.93100e+03 3.89591e-12 0.00000e+00
1.93200e+03 1.32692e-11 0.00000e+00
1.93300e+03 6.85199e-12 0.00000e+00
1.93400e+03 1.25267e-11 0.00000e+00
1.93500e+03 8.39907e-12 0.00000e+00
1.93600e+03 1.36810e-11 0.00000e+00
1.93700e+03 9.46183e-12 0.00000e+00
1.93800e+03 4.12745e-12 0.00000e+00
1.93900e+03 1.41051e-11 0.00000e+00
1.94000e+03 7.91381e-12 0.00000e+00
1.94100e+03 9.04835e-12 0.00000e+00
1.94200e+03 1.04983e-11 0.00000e+00
1.94300e+03 1.49192e-11 0.00000e+00
1.94400e+03 1.46392e-11 0.00000e+00
1.94500e+03 1.42914e-11 0.00000e+00
1.94600e+03 1.63112e-11 0.00000e+00
1.94700e+03 1.44322e-12 0.00000e+00
1.94800e+03 1.43072e-11 0.00000e+00
1.94900e+03 8.01475e-12 0.00000e+00
1.95000e+03 1.56183e-11 0.00000e+00
1.95100e+03 1.62530e-11 0.00000e+00
1.95200e+03 8.47104e-12 0.00000e+00
1.95300e+03 6.45160e-12 0.00000e+00
1.95400e+03 1.23501e-11 0.00000e+00
1.95500e+03 1.03148e-11 0.00000e+00
1.95600e+03 6.48269e-12 0.00000e+00
1.95700e+03 9.07434e-12 0.00000e+00
1.95800e+03 9.62990e-12 0.00000e+00
1.95900e+03 4.66771e-12 0.00000e+00
1.96000e+03 4.21469e-12 0.00000e+00
1.96100e+03 8.26481e-12 0.00000e+00
1.96200e+03 1.12874e-11 0.00000e+00
1.96300e+03 1.22251e-11 0.00000e+00
1.96400e+03 9.63929e-12 0.00000e+00
1.96500e+03 1.40521e-11 0.00000e+00
1.96600e+03 1.10804e-11 0.00000e+00
1.96700e+03 3.96273e-12 0.00000e+00
1.96800e+03 9.75555e-12 0.00000e+00
1.96900e+03 9.13932e-12 0.00000e+00
1.97000e+03 8.39557e-12 0.00000e+00
1.97100e+03 1.07742e-11 0.00000e+00
1.97200e+03 5.93442e-12 0.00000e+00
1.97300e+03 5.76978e-12 0.00000e+00
1.97400e+03 7.28540e-12 0.00000e+00
1.97500e+03 8.47639e-12 0.00000e+00
1.97600e+03 7.34885e-12 0.00000e+00
1.97700e+03 1.59726e-11 0.00000e+00
1.97800e+03 7.06267e-12 0.00000e+00
1.97900e+03 6.70012e-12 0.00000e+00
1.98000e+03 1.04411e-11 0.00000e+00
1.98100e+03 1.20906e-11 0.00000e+00
1.98200e+03 1.12308e-11 0.00000e+00
1.98300e+03 1.01086e-11 0.00000e+00
1.98400e+03 7.79773e-12 0.00000e+00
1.98500e+03 1.56372e-11 0.00000e+00
1.98600e+03 9.86544e-12 0.00000e+00
1.98700e+03 2.28507e-12 0.00000e+00
1.98800e+03 1.26508e-11 0.00000e+00
1.98900e+03 7.20112e-12 0.00000e+00
1.99000e+03 9.37763e-12 0.00000e+00
1.99100e+03 7.18593e-12 0.00000e+00
1.99200e+03 6.52411e-12 0.00000e+00
1.99300e+03 1.12487e-11 0.00000e+00
1.99400e+03 9.88382e-12 0.00000e+00
1.99500e+03 7.47736e-12 0.00000e+00
1.99600e+03 1.44392e-11 0.00000e+00
1.99700e+03 3.00156e-12 0.00000e+00
1.99800e+03 1.10164e-11 0.00000e+00
1.99900e+03 8.13344e-12 0.00000e+00
2.00000e+03 1.08003e-11 0.00000e+00
