0.00000e+00 0.00000e+00 0.00000e+00
1.00000e+00 0.00000e+00 0.00000e+00
2.00000e+00 0.00000e+00 0.00000e+00
3.00000e+00 0.00000e+00 0.00000e+00
4.00000e+00 0.00000e+00 0.00000e+00
5.00000e+00 0.00000e+00 0.00000e+00
6.00000e+00 0.00000e+00 0.00000e+00
7.00000e+00 0.00000e+00 0.00000e+00
8.00000e+00 0.00000e+00 0.00000e+00
9.00000e+00 0.00000e+00 0.00000e+00
1.00000e+01 0.00000e+00 0.00000e+00
1.10000e+01 0.00000e+00 0.00000e+00
1.20000e+01 0.00000e+00 0.00000e+00
1.30000e+01 0.00000e+00 0.00000e+00
1.40000e+01 0.00000e+00 0.00000e+00
1.50000e+01 0.00000e+00 0.00000e+00
1.60000e+01 0.00000e+00 0.00000e+00
1.70000e+01 0.00000e+00 0.00000e+00
1.80000e+01 0.00000e+00 0.00000e+00
1.90000e+01 0.00000e+00 0.00000e+00
2.00000e+01 0.00000e+00 0.00000e+00
2.10000e+01 0.00000e+00 0.00000e+00
2.20000e+01 0.00000e+00 0.00000e+00
2.30000e+01 0.00000e+00 0.00000e+00
2.40000e+01 0.00000e+00 0.00000e+00
2.50000e+01 0.00000e+00 0.00000e+00
2.60000e+01 0.00000e+00 0.00000e+00
2.70000e+01 0.00000e+00 0.00000e+00
2.80000e+01 0.00000e+00 0.00000e+00
2.90000e+01 0.00000e+00 0.00000e+00
3.00000e+01 0.00000e+00 0.00000e+00
3.10000e+01 0.00000e+00 0.00000e+00
3.20000e+01 0.00000e+00 0.00000e+00
3.30000e+01 0.00000e+00 0.00000e+00
3.40000e+01 0.00000e+00 0.00000e+00
3.50000e+01 0.00000e+00 0.00000e+00
3.60000e+01 0.00000e+00 0.00000e+00
3.70000e+01 0.00000e+00 0.00000e+00
3.80000e+01 0.00000e+00 0.00000e+00
3.90000e+01 0.00000e+00 0.00000e+00
4.00000e+01 0.00000e+00 0.00000e+00
4.10000e+01 0.00000e+00 0.00000e+00
4.20000e+01 0.00000e+00 0.00000e+00
4.30000e+01 0.00000e+00 0.00000e+00
4.40000e+01 0.00000e+00 0.00000e+00
4.50000e+01 0.00000e+00 0.00000e+00
4.60000e+01 0.00000e+00 0.00000e+00
4.70000e+01 0.00000e+00 0.00000e+00
4.80000e+01 0.00000e+00 0.00000e+00
4.90000e+01 0.00000e+00 0.00000e+00
5.00000e+01 0.00000e+00 0.00000e+00
5.10000e+01 0.00000e+00 0.00000e+00
5.20000e+01 0.00000e+00 0.00000e+00
5.30000e+01 0.00000e+00 0.00000e+00
5.40000e+01 0.00000e+00 0.00000e+00
5.50000e+01 0.00000e+00 0.00000e+00
5.60000e+01 0.00000e+00 0.00000e+00
5.70000e+01 0.00000e+00 0.00000e+00
5.80000e+01 0.00000e+00 0.00000e+00
5.90000e+01 0.00000e+00 0.00000e+00
6.00000e+01 0.00000e+00 0.00000e+00
6.10000e+01 0.00000e+00 0.00000e+00
6.20000e+01 0.00000e+00 0.00000e+00
6.30000e+01 0.00000e+00 0.00000e+00
6.40000e+01 0.00000e+00 0.00000e+00
6.50000e+01 0.00000e+00 0.00000e+00
6.60000e+01 0.00000e+00 0.00000e+00
6.70000e+01 0.00000e+00 0.00000e+00
6.80000e+01 0.00000e+00 0.00000e+00
6.90000e+01 0.00000e+00 0.00000e+00
7.00000e+01 0.00000e+00 0.00000e+00
7.10000e+01 0.00000e+00 0.00000e+00
7.20000e+01 0.00000e+00 0.00000e+00
7.30000e+01 0.00000e+00 0.00000e+00
7.40000e+01 0.00000e+00 0.00000e+00
7.50000e+01 0.00000e+00 0.00000e+00
7.60000e+01 0.00000e+00 0.00000e+00
7.70000e+01 0.00000e+00 0.00000e+00
7.80000e+01 0.00000e+00 0.00000e+00
7.90000e+01 0.00000e+00 0.00000e+00
8.00000e+01 0.00000e+00 0.00000e+00
8.10000e+01 0.00000e+00 0.00000e+00
8.20000e+01 0.00000e+00 0.00000e+00
8.30000e+01 0.00000e+00 0.00000e+00
8.40000e+01 0.00000e+00 0.00000e+00
8.50000e+01 0.00000e+00 0.00000e+00
8.60000e+01 0.00000e+00 0.00000e+00
8.70000e+01 0.00000e+00 0.00000e+00
8.80000e+01 0.00000e+00 0.00000e+00
8.90000e+01 0.00000e+00 0.00000e+00
9.00000e+01 0.00000e+00 0.00000e+00
9.10000e+01 0.00000e+00 0.00000e+00
9.20000e+01 0.00000e+00 0.00000e+00
9.30000e+01 0.00000e+00 0.00000e+00
9.40000e+01 0.00000e+00 0.00000e+00
9.50000e+01 0.00000e+00 0.00000e+00
9.60000e+01 0.00000e+00 0.00000e+00
9.70000e+01 0.00000e+00 0.00000e+00
9.80000e+01 0.00000e+00 0.00000e+00
9.90000e+01 0.00000e+00 0.00000e+00
1.00000e+02 1.21617e-11 0.00000e+00
1.01000e+02 1.22692e-11 0.00000e+00
1.02000e+02 1.09701e-11 0.00000e+00
1.03000e+02 1.05911e-11 0.00000e+00
1.04000e+02 1.05308e-11 0.00000e+00
1.05000e+02 1.35326e-11 0.00000e+00
1.06000e+02 1.05196e-11 0.00000e+00
1.07000e+02 9.83496e-12 0.00000e+00
1.08000e+02 1.08396e-11 0.00000e+00
1.09000e+02 1.19699e-11 0.00000e+00
1.10000e+02 1.26372e-11 0.00000e+00
1.11000e+02 1.32290e-11 0.00000e+00
1.12000e+02 1.23015e-11 0.00000e+00
1.13000e+02 1.59828e-11 0.00000e+00
1.14000e+02 1.30204e-11 0.00000e+00
1.15000e+02 1.41703e-11 0.00000e+00
1.16000e+02 1.06551e-11 0.00000e+00
1.17000e+02 1.01112e-11 0.00000e+00
1.18000e+02 7.74105e-12 0.00000e+00
1.19000e+02 1.00629e-11 0.00000e+00
1.20000e+02 1.07965e-11 0.00000e+00
1.21000e+02 1.29424e-11 0.00000e+00
1.22000e+02 1.02952e-11 0.00000e+00
1.23000e+02 1.14202e-11 0.00000e+00
1.24000e+02 1.23400e-11 0.00000e+00
1.25000e+02 9.49353e-12 0.00000e+00
1.26000e+02 8.41130e-12 0.00000e+00
1.27000e+02 1.04344e-11 0.00000e+00
1.28000e+02 9.69032e-12 0.00000e+00
1.29000e+02 9.28073e-12 0.00000e+00
1.30000e+02 9.78219e-12 0.00000e+00
1.31000e+02 1.14766e-11 0.00000e+00
1.32000e+02 7.59357e-12 0.00000e+00
1.33000e+02 9.94126e-12 0.00000e+00
1.34000e+02 9.80965e-12 0.00000e+00
1.35000e+02 7.33561e-12 0.00000e+00
1.36000e+02 8.86039e-12 0.00000e+00
1.37000e+02 8.81388e-12 0.00000e+00
1.38000e+02 1.15988e-11 0.00000e+00
1.39000e+02 9.77998e-12 0.00000e+00
1.40000e+02 9.02513e-12 0.00000e+00
1.41000e+02 9.18370e-12 0.00000e+00
1.42000e+02 8.95430e-12 0.00000e+00
1.43000e+02 9.79063e-12 0.00000e+00
1.44000e+02 8.08201e-12 0.00000e+00
1.45000e+02 9.14553e-12 0.00000e+00
1.46000e+02 8.62494e-12 0.00000e+00
1.47000e+02 7.81926e-12 0.00000e+00
1.48000e+02 1.02631e-11 0.00000e+00
1.49000e+02 7.25895e-12 0.00000e+00
1.50000e+02 8.09380e-12 0.00000e+00
1.51000e+02 7.48018e-12 0.00000e+00
1.52000e+02 8.11762e-12 0.00000e+00
1.53000e+02 8.12179e-12 0.00000e+00
1.54000e+02 9.14185e-12 0.00000e+00
1.55000e+02 8.81298e-12 0.00000e+00
1.56000e+02 7.50145e-12 0.00000e+00
1.57000e+02 9.39127e-12 0.00000e+00
1.58000e+02 6.70188e-12 0.00000e+00
1.59000e+02 7.86678e-12 0.00000e+00
1.60000e+02 8.01649e-12 0.00000e+00
1.61000e+02 7.54502e-12 0.00000e+00
1.62000e+02 8.04168e-12 0.00000e+00
1.63000e+02 8.34495e-12 0.00000e+00
1.64000e+02 8.35961e-12 0.00000e+00
1.65000e+02 6.09041e-12 0.00000e+00
1.66000e+02 6.79472e-12 0.00000e+00
1.67000e+02 8.62508e-12 0.00000e+00
1.68000e+02 6.91717e-12 0.00000e+00
1.69000e+02 8.41651e-12 0.00000e+00
1.70000e+02 8.47679e-12 0.00000e+00
1.71000e+02 7.46671e-12 0.00000e+00
1.72000e+02 8.05768e-12 0.00000e+00
1.73000e+02 7.99177e-12 0.00000e+00
1.74000e+02 6.13536e-12 0.00000e+00
1.75000e+02 7.67421e-12 0.00000e+00
1.76000e+02 8.05252e-12 0.00000e+00
1.77000e+02 6.43585e-12 0.00000e+00
1.78000e+02 7.78675e-12 0.00000e+00
1.79000e+02 8.08797e-12 0.00000e+00
1.80000e+02 8.56997e-12 0.00000e+00
1.81000e+02 7.10581e-12 0.00000e+00
1.82000e+02 8.63283e-12 0.00000e+00
1.83000e+02 6.47695e-12 0.00000e+00
1.84000e+02 7.28858e-12 0.00000e+00
1.85000e+02 7.89772e-12 0.00000e+00
1.86000e+02 6.50794e-12 0.00000e+00
1.87000e+02 7.84766e-12 0.00000e+00
1.88000e+02 8.67815e-12 0.00000e+00
1.89000e+02 7.64444e-12 0.00000e+00
1.90000e+02 6.81697e-12 0.00000e+00
1.91000e+02 5.50103e-12 0.00000e+00
1.92000e+02 5.76489e-12 0.00000e+00
1.93000e+02 6.92589e-12 0.00000e+00
1.94000e+02 6.60032e-12 0.00000e+00
1.95000e+02 7.12638e-12 0.00000e+00
1.96000e+02 6.23630e-12 0.00000e+00
1.97000e+02 4.39876e-12 0.00000e+00
1.98000e+02 7.38370e-12 0.00000e+00
1.99000e+02 7.03636e-12 0.00000e+00
2.00000e+02 7.14514e-12 0.00000e+00
2.01000e+02 6.46235e-12 0.00000e+00
2.02000e+02 6.36749e-12 0.00000e+00
2.03000e+02 7.31197e-12 0.00000e+00
2.04000e+02 6.71553e-12 0.00000e+00
2.05000e+02 5.87819e-12 0.00000e+00
2.06000e+02 6.71917e-12 0.00000e+00
2.07000e+02 6.66791e-12 0.00000e+00
2.08000e+02 5.53471e-12 0.00000e+00
2.09000e+02 5.76076e-12 0.00000e+00
2.10000e+02 6.64678e-12 0.00000e+00
2.11000e+02 5.56025e-12 0.00000e+00
2.12000e+02 7.63214e-12 0.00000e+00
2.13000e+02 6.34333e-12 0.00000e+00
2.14000e+02 7.06164e-12 0.00000e+00
2.15000e+02 5.76311e-12 0.00000e+00
2.16000e+02 7.49494e-12 0.00000e+00
2.17000e+02 5.52313e-12 0.00000e+00
2.18000e+02 6.56896e-12 0.00000e+00
2.19000e+02 6.65250e-12 0.00000e+00
2.20000e+02 5.45279e-12 0.00000e+00
2.21000e+02 6.23726e-12 0.00000e+00
2.22000e+02 5.84014e-12 0.00000e+00
2.23000e+02 5.94634e-12 0.00000e+00
2.24000e+02 6.37336e-12 0.00000e+00
2.25000e+02 6.48628e-12 0.00000e+00
2.26000e+02 6.95128e-12 0.00000e+00
2.27000e+02 5.85624e-12 0.00000e+00
2.28000e+02 5.24487e-12 0.00000e+00
2.29000e+02 6.29149e-12 0.00000e+00
2.30000e+02 6.26064e-12 0.00000e+00
2.31000e+02 6.76448e-12 0.00000e+00
2.32000e+02 6.09921e-12 0.00000e+00
2.33000e+02 5.53754e-12 0.00000e+00
2.34000e+02 6.19164e-12 0.00000e+00
2.35000e+02 5.26106e-12 0.00000e+00
2.36000e+02 6.32068e-12 0.00000e+00
2.37000e+02 5.47593e-12 0.00000e+00
2.38000e+02 5.41963e-12 0.00000e+00
2.39000e+02 6.11729e-12 0.00000e+00
2.40000e+02 5.66955e-12 0.00000e+00
2.41000e+02 6.91772e-12 0.00000e+00
2.42000e+02 6.43311e-12 0.00000e+00
2.43000e+02 6.08957e-12 0.00000e+00
2.44000e+02 5.24537e-12 0.00000e+00
2.45000e+02 6.30944e-12 0.00000e+00
2.46000e+02 5.12224e-12 0.00000e+00
2.47000e+02 5.65439e-12 0.00000e+00
2.48000e+02 5.64031e-12 0.00000e+00
2.49000e+02 5.46449e-12 0.00000e+00
2.50000e+02 4.64757e-12 0.00000e+00
2.51000e+02 6.64598e-12 0.00000e+00
2.52000e+02 5.47942e-12 0.00000e+00
2.53000e+02 5.07041e-12 0.00000e+00
2.54000e+02 5.48994e-12 0.00000e+00
2.55000e+02 5.41124e-12 0.00000e+00
2.56000e+02 4.84310e-12 0.00000e+00
2.57000e+02 5.63013e-12 0.00000e+00
2.58000e+02 4.83433e-12 0.00000e+00
2.59000e+02 5.96923e-12 0.00000e+00
2.60000e+02 5.69604e-12 0.00000e+00
2.61000e+02 5.34458e-12 0.00000e+00
2.62000e+02 5.08448e-12 0.00000e+00
2.63000e+02 5.46844e-12 0.00000e+00
2.64000e+02 5.50157e-12 0.00000e+00
2.65000e+02 6.16352e-12 0.00000e+00
2.66000e+02 6.03622e-12 0.00000e+00
2.67000e+02 5.67010e-12 0.00000e+00
2.68000e+02 4.86872e-12 0.00000e+00
2.69000e+02 5.61786e-12 0.00000e+00
2.70000e+02 5.67403e-12 0.00000e+00
2.71000e+02 5.14492e-12 0.00000e+00
2.72000e+02 4.93702e-12 0.00000e+00
2.73000e+02 5.88713e-12 0.00000e+00
2.74000e+02 6.25312e-12 0.00000e+00
2.75000e+02 5.28741e-12 0.00000e+00
2.76000e+02 4.32204e-12 0.00000e+00
2.77000e+02 5.06397e-12 0.00000e+00
2.78000e+02 5.56959e-12 0.00000e+00
2.79000e+02 5.28928e-12 0.00000e+00
2.80000e+02 4.72983e-12 0.00000e+00
2.81000e+02 5.42634e-12 0.00000e+00
2.82000e+02 4.83867e-12 0.00000e+00
2.83000e+02 4.31334e-12 0.00000e+00
2.84000e+02 4.71471e-12 0.00000e+00
2.85000e+02 5.49244e-12 0.00000e+00
2.86000e+02 5.55965e-12 0.00000e+00
2.87000e+02 4.26360e-12 0.00000e+00
2.88000e+02 4.86007e-12 0.00000e+00
2.89000e+02 4.43709e-12 0.00000e+00
2.90000e+02 5.35442e-12 0.00000e+00
2.91000e+02 4.59700e-12 0.00000e+00
2.92000e+02 4.94997e-12 0.00000e+00
2.93000e+02 4.31120e-12 0.00000e+00
2.94000e+02 4.82079e-12 0.00000e+00
2.95000e+02 4.99370e-12 0.00000e+00
2.96000e+02 5.31346e-12 0.00000e+00
2.97000e+02 4.56480e-12 0.00000e+00
2.98000e+02 5.30829e-12 0.00000e+00
2.99000e+02 4.94030e-12 0.00000e+00
3.00000e+02 4.40709e-12 0.00000e+00
3.01000e+02 4.50724e-12 0.00000e+00
3.02000e+02 4.73774e-12 0.00000e+00
3.03000e+02 4.40902e-12 0.00000e+00
3.04000e+02 5.07237e-12 0.00000e+00
3.05000e+02 4.42590e-12 0.00000e+00
3.06000e+02 5.40918e-12 0.00000e+00
3.07000e+02 5.20756e-12 0.00000e+00
3.08000e+02 4.81855e-12 0.00000e+00
3.09000e+02 4.68833e-12 0.00000e+00
3.10000e+02 5.48240e-12 0.00000e+00
3.11000e+02 4.14294e-12 0.00000e+00
3.12000e+02 4.82185e-12 0.00000e+00
3.13000e+02 5.40813e-12 0.00000e+00
3.14000e+02 3.95286e-12 0.00000e+00
3.15000e+02 4.52570e-12 0.00000e+00
3.16000e+02 4.83172e-12 0.00000e+00
3.17000e+02 3.99269e-12 0.00000e+00
3.18000e+02 4.80617e-12 0.00000e+00
3.19000e+02 3.88923e-12 0.00000e+00
3.20000e+02 4.47876e-12 0.00000e+00
3.21000e+02 4.81276e-12 0.00000e+00
3.22000e+02 5.14561e-12 0.00000e+00
3.23000e+02 4.72260e-12 0.00000e+00
3.24000e+02 3.74524e-12 0.00000e+00
3.25000e+02 3.74333e-12 0.00000e+00
3.26000e+02 4.07182e-12 0.00000e+00
3.27000e+02 4.66151e-12 0.00000e+00
3.28000e+02 4.01724e-12 0.00000e+00
3.29000e+02 4.52854e-12 0.00000e+00
3.30000e+02 3.77690e-12 0.00000e+00
3.31000e+02 4.75683e-12 0.00000e+00
3.32000e+02 3.60323e-12 0.00000e+00
3.33000e+02 4.33084e-12 0.00000e+00
3.34000e+02 4.37290e-12 0.00000e+00
3.35000e+02 4.26512e-12 0.00000e+00
3.36000e+02 4.34352e-12 0.00000e+00
3.37000e+02 4.95206e-12 0.00000e+00
3.38000e+02 3.85586e-12 0.00000e+00
3.39000e+02 4.15946e-12 0.00000e+00
3.40000e+02 4.57870e-12 0.00000e+00
3.41000e+02 4.84515e-12 0.00000e+00
3.42000e+02 3.94231e-12 0.00000e+00
3.43000e+02 3.97188e-12 0.00000e+00
3.44000e+02 4.07851e-12 0.00000e+00
3.45000e+02 4.34746e-12 0.00000e+00
3.46000e+02 4.21555e-12 0.00000e+00
3.47000e+02 3.51212e-12 0.00000e+00
3.48000e+02 4.42924e-12 0.00000e+00
3.49000e+02 3.99994e-12 0.00000e+00
3.50000e+02 3.88722e-12 0.00000e+00
3.51000e+02 4.09895e-12 0.00000e+00
3.52000e+02 4.35877e-12 0.00000e+00
3.53000e+02 3.91237e-12 0.00000e+00
3.54000e+02 3.59743e-12 0.00000e+00
3.55000e+02 4.22965e-12 0.00000e+00
3.56000e+02 4.39456e-12 0.00000e+00
3.57000e+02 3.71486e-12 0.00000e+00
3.58000e+02 4.57305e-12 0.00000e+00
3.59000e+02 3.84085e-12 0.00000e+00
3.60000e+02 4.06308e-12 0.00000e+00
3.61000e+02 3.44045e-12 0.00000e+00
3.62000e+02 4.20950e-12 0.00000e+00
3.63000e+02 4.13399e-12 0.00000e+00
3.64000e+02 4.14238e-12 0.00000e+00
3.65000e+02 3.39688e-12 0.00000e+00
3.66000e+02 4.08606e-12 0.00000e+00
3.67000e+02 4.24293e-12 0.00000e+00
3.68000e+02 4.72127e-12 0.00000e+00
3.69000e+02 4.10622e-12 0.00000e+00
3.70000e+02 3.53624e-12 0.00000e+00
3.71000e+02 3.72504e-12 0.00000e+00
3.72000e+02 3.84017e-12 0.00000e+00
3.73000e+02 3.57908e-12 0.00000e+00
3.74000e+02 4.11034e-12 0.00000e+00
3.75000e+02 3.86196e-12 0.00000e+00
3.76000e+02 4.11579e-12 0.00000e+00
3.77000e+02 4.05218e-12 0.00000e+00
3.78000e+02 3.89162e-12 0.00000e+00
3.79000e+02 3.58251e-12 0.00000e+00
3.80000e+02 4.27180e-12 0.00000e+00
3.81000e+02 3.58253e-12 0.00000e+00
3.82000e+02 3.90526e-12 0.00000e+00
3.83000e+02 3.96856e-12 0.00000e+00
3.84000e+02 3.69807e-12 0.00000e+00
3.85000e+02 3.70861e-12 0.00000e+00
3.86000e+02 3.33640e-12 0.00000e+00
3.87000e+02 3.62709e-12 0.00000e+00
3.88000e+02 3.84235e-12 0.00000e+00
3.89000e+02 3.70293e-12 0.00000e+00
3.90000e+02 3.52218e-12 0.00000e+00
3.91000e+02 3.35689e-12 0.00000e+00
3.92000e+02 4.57715e-12 0.00000e+00
3.93000e+02 3.45215e-12 0.00000e+00
3.94000e+02 3.16467e-12 0.00000e+00
3.95000e+02 3.59120e-12 0.00000e+00
3.96000e+02 3.99972e-12 0.00000e+00
3.97000e+02 3.62582e-12 0.00000e+00
3.98000e+02 3.62356e-12 0.00000e+00
3.99000e+02 3.53474e-12 0.00000e+00
4.00000e+02 3.55884e-12 0.00000e+00
4.01000e+02 3.61575e-12 0.00000e+00
4.02000e+02 3.84951e-12 0.00000e+00
4.03000e+02 3.89000e-12 0.00000e+00
4.04000e+02 3.82806e-12 0.00000e+00
4.05000e+02 3.60850e-12 0.00000e+00
4.06000e+02 3.04126e-12 0.00000e+00
4.07000e+02 3.40982e-12 0.00000e+00
4.08000e+02 3.79855e-12 0.00000e+00
4.09000e+02 2.97927e-12 0.00000e+00
4.10000e+02 3.37190e-12 0.00000e+00
4.11000e+02 3.64666e-12 0.00000e+00
4.12000e+02 2.92614e-12 0.00000e+00
4.13000e+02 3.66691e-12 0.00000e+00
4.14000e+02 3.52611e-12 0.00000e+00
4.15000e+02 3.62698e-12 0.00000e+00
4.16000e+02 3.49428e-12 0.00000e+00
4.17000e+02 2.77150e-12 0.00000e+00
4.18000e+02 3.13229e-12 0.00000e+00
4.19000e+02 3.36538e-12 0.00000e+00
4.20000e+02 3.52896e-12 0.00000e+00
4.21000e+02 3.29935e-12 0.00000e+00
4.22000e+02 2.79889e-12 0.00000e+00
4.23000e+02 3.26116e-12 0.00000e+00
4.24000e+02 3.35968e-12 0.00000e+00
4.25000e+02 3.19354e-12 0.00000e+00
4.26000e+02 3.23699e-12 0.00000e+00
4.27000e+02 3.43667e-12 0.00000e+00
4.28000e+02 2.78657e-12 0.00000e+00
4.29000e+02 2.64466e-12 0.00000e+00
4.30000e+02 3.34896e-12 0.00000e+00
4.31000e+02 3.06173e-12 0.00000e+00
4.32000e+02 2.98665e-12 0.00000e+00
4.33000e+02 2.76128e-12 0.00000e+00
4.34000e+02 3.64301e-12 0.00000e+00
4.35000e+02 3.00200e-12 0.00000e+00
4.36000e+02 3.30704e-12 0.00000e+00
4.37000e+02 2.92575e-12 0.00000e+00
4.38000e+02 3.28166e-12 0.00000e+00
4.39000e+02 3.41222e-12 0.00000e+00
4.40000e+02 3.37942e-12 0.00000e+00
4.41000e+02 2.93279e-12 0.00000e+00
4.42000e+02 3.19897e-12 0.00000e+00
4.43000e+02 2.91301e-12 0.00000e+00
4.44000e+02 3.32030e-12 0.00000e+00
4.45000e+02 3.05978e-12 0.00000e+00
4.46000e+02 3.24673e-12 0.00000e+00
4.47000e+02 2.90707e-12 0.00000e+00
4.48000e+02 2.97988e-12 0.00000e+00
4.49000e+02 3.43508e-12 0.00000e+00
4.50000e+02 3.12004e-12 0.00000e+00
4.51000e+02 3.30582e-12 0.00000e+00
4.52000e+02 3.25117e-12 0.00000e+00
4.53000e+02 3.09329e-12 0.00000e+00
4.54000e+02 2.97216e-12 0.00000e+00
4.55000e+02 2.86672e-12 0.00000e+00
4.56000e+02 3.05343e-12 0.00000e+00
4.57000e+02 3.11206e-12 0.00000e+00
4.58000e+02 3.26664e-12 0.00000e+00
4.59000e+02 2.97445e-12 0.00000e+00
4.60000e+02 3.00619e-12 0.00000e+00
4.61000e+02 3.42362e-12 0.00000e+00
4.62000e+02 3.30567e-12 0.00000e+00
4.63000e+02 2.93326e-12 0.00000e+00
4.64000e+02 2.65207e-12 0.00000e+00
4.65000e+02 2.81088e-12 0.00000e+00
4.66000e+02 2.71631e-12 0.00000e+00
4.67000e+02 2.92195e-12 0.00000e+00
4.68000e+02 3.24049e-12 0.00000e+00
4.69000e+02 2.61136e-12 0.00000e+00
4.70000e+02 2.78912e-12 0.00000e+00
4.71000e+02 2.54361e-12 0.00000e+00
4.72000e+02 3.24073e-12 0.00000e+00
4.73000e+02 2.80966e-12 0.00000e+00
4.74000e+02 3.15055e-12 0.00000e+00
4.75000e+02 2.69388e-12 0.00000e+00
4.76000e+02 2.92840e-12 0.00000e+00
4.77000e+02 2.78781e-12 0.00000e+00
4.78000e+02 3.12181e-12 0.00000e+00
4.79000e+02 2.92605e-12 0.00000e+00
4.80000e+02 2.93240e-12 0.00000e+00
4.81000e+02 2.61853e-12 0.00000e+00
4.82000e+02 2.74727e-12 0.00000e+00
4.83000e+02 2.90364e-12 0.00000e+00
4.84000e+02 3.04080e-12 0.00000e+00
4.85000e+02 2.73265e-12 0.00000e+00
4.86000e+02 2.62483e-12 0.00000e+00
4.87000e+02 2.86994e-12 0.00000e+00
4.88000e+02 2.41994e-12 0.00000e+00
4.89000e+02 2.89932e-12 0.00000e+00
4.90000e+02 2.88470e-12 0.00000e+00
4.91000e+02 2.52739e-12 0.00000e+00
4.92000e+02 2.95542e-12 0.00000e+00
4.93000e+02 3.12882e-12 0.00000e+00
4.94000e+02 3.10793e-12 0.00000e+00
4.95000e+02 2.67442e-12 0.00000e+00
4.96000e+02 2.94920e-12 0.00000e+00
4.97000e+02 2.80131e-12 0.00000e+00
4.98000e+02 2.89208e-12 0.00000e+00
4.99000e+02 2.70023e-12 0.00000e+00
5.00000e+02 2.35557e-12 0.00000e+00
5.01000e+02 2.66963e-12 0.00000e+00
5.02000e+02 2.74283e-12 0.00000e+00
5.03000e+02 2.51852e-12 0.00000e+00
5.04000e+02 3.02489e-12 0.00000e+00
5.05000e+02 2.58464e-12 0.00000e+00
5.06000e+02 2.57616e-12 0.00000e+00
5.07000e+02 2.59742e-12 0.00000e+00
5.08000e+02 2.58709e-12 0.00000e+00
5.09000e+02 2.63718e-12 0.00000e+00
5.10000e+02 2.69501e-12 0.00000e+00
5.11000e+02 2.70584e-12 0.00000e+00
5.12000e+02 2.56516e-12 0.00000e+00
5.13000e+02 2.56244e-12 0.00000e+00
5.14000e+02 2.49933e-12 0.00000e+00
5.15000e+02 2.38061e-12 0.00000e+00
5.16000e+02 2.60892e-12 0.00000e+00
5.17000e+02 2.52417e-12 0.00000e+00
5.18000e+02 2.54642e-12 0.00000e+00
5.19000e+02 2.77640e-12 0.00000e+00
5.20000e+02 2.31197e-12 0.00000e+00
5.21000e+02 2.38567e-12 0.00000e+00
5.22000e+02 2.43565e-12 0.00000e+00
5.23000e+02 2.70740e-12 0.00000e+00
5.24000e+02 2.34076e-12 0.00000e+00
5.25000e+02 2.51953e-12 0.00000e+00
5.26000e+02 2.29516e-12 0.00000e+00
5.27000e+02 2.24091e-12 0.00000e+00
5.28000e+02 2.55934e-12 0.00000e+00
5.29000e+02 2.32666e-12 0.00000e+00
5.30000e+02 2.35894e-12 0.00000e+00
5.31000e+02 2.53435e-12 0.00000e+00
5.32000e+02 2.35898e-12 0.00000e+00
5.33000e+02 2.42610e-12 0.00000e+00
5.34000e+02 2.52717e-12 0.00000e+00
5.35000e+02 2.20127e-12 0.00000e+00
5.36000e+02 2.53453e-12 0.00000e+00
5.37000e+02 2.37333e-12 0.00000e+00
5.38000e+02 2.01887e-12 0.00000e+00
5.39000e+02 2.33102e-12 0.00000e+00
5.40000e+02 2.63637e-12 0.00000e+00
5.41000e+02 2.61544e-12 0.00000e+00
5.42000e+02 2.25044e-12 0.00000e+00
5.43000e+02 2.14636e-12 0.00000e+00
5.44000e+02 2.30795e-12 0.00000e+00
5.45000e+02 2.64885e-12 0.00000e+00
5.46000e+02 2.06718e-12 0.00000e+00
5.47000e+02 2.40613e-12 0.00000e+00
5.48000e+02 2.39270e-12 0.00000e+00
5.49000e+02 2.40307e-12 0.00000e+00
5.50000e+02 2.11555e-12 0.00000e+00
5.51000e+02 2.15093e-12 0.00000e+00
5.52000e+02 2.28407e-12 0.00000e+00
5.53000e+02 2.32988e-12 0.00000e+00
5.54000e+02 2.12039e-12 0.00000e+00
5.55000e+02 2.01312e-12 0.00000e+00
5.56000e+02 2.37453e-12 0.00000e+00
5.57000e+02 2.67076e-12 0.00000e+00
5.58000e+02 2.25551e-12 0.00000e+00
5.59000e+02 2.32393e-12 0.00000e+00
5.60000e+02 2.08941e-12 0.00000e+00
5.61000e+02 2.31476e-12 0.00000e+00
5.62000e+02 2.02717e-12 0.00000e+00
5.63000e+02 2.21357e-12 0.00000e+00
5.64000e+02 2.21952e-12 0.00000e+00
5.65000e+02 2.05933e-12 0.00000e+00
5.66000e+02 2.12321e-12 0.00000e+00
5.67000e+02 2.06005e-12 0.00000e+00
5.68000e+02 2.01853e-12 0.00000e+00
5.69000e+02 2.22388e-12 0.00000e+00
5.70000e+02 2.10660e-12 0.00000e+00
5.71000e+02 2.25411e-12 0.00000e+00
5.72000e+02 2.42123e-12 0.00000e+00
5.73000e+02 2.34193e-12 0.00000e+00
5.74000e+02 2.07319e-12 0.00000e+00
5.75000e+02 1.99345e-12 0.00000e+00
5.76000e+02 2.26194e-12 0.00000e+00
5.77000e+02 2.14784e-12 0.00000e+00
5.78000e+02 1.98195e-12 0.00000e+00
5.79000e+02 2.15595e-12 0.00000e+00
5.80000e+02 1.95554e-12 0.00000e+00
5.81000e+02 2.09768e-12 0.00000e+00
5.82000e+02 1.86079e-12 0.00000e+00
5.83000e+02 1.92939e-12 0.00000e+00
5.84000e+02 2.32905e-12 0.00000e+00
5.85000e+02 2.14860e-12 0.00000e+00
5.86000e+02 2.00282e-12 0.00000e+00
5.87000e+02 2.09999e-12 0.00000e+00
5.88000e+02 1.92552e-12 0.00000e+00
5.89000e+02 1.89245e-12 0.00000e+00
5.90000e+02 1.93653e-12 0.00000e+00
5.91000e+02 2.13411e-12 0.00000e+00
5.92000e+02 2.22428e-12 0.00000e+00
5.93000e+02 2.18051e-12 0.00000e+00
5.94000e+02 2.01891e-12 0.00000e+00
5.95000e+02 2.03058e-12 0.00000e+00
5.96000e+02 1.96746e-12 0.00000e+00
5.97000e+02 1.78843e-12 0.00000e+00
5.98000e+02 1.97329e-12 0.00000e+00
5.99000e+02 1.99927e-12 0.00000e+00
6.00000e+02 2.03497e-12 0.00000e+00
6.01000e+02 2.13586e-12 0.00000e+00
6.02000e+02 2.02587e-12 0.00000e+00
6.03000e+02 2.08739e-12 0.00000e+00
6.04000e+02 1.94460e-12 0.00000e+00
6.05000e+02 1.80383e-12 0.00000e+00
6.06000e+02 1.94675e-12 0.00000e+00
6.07000e+02 1.76088e-12 0.00000e+00
6.08000e+02 1.98866e-12 0.00000e+00
6.09000e+02 1.78869e-12 0.00000e+00
6.10000e+02 1.95813e-12 0.00000e+00
6.11000e+02 1.68103e-12 0.00000e+00
6.12000e+02 1.98713e-12 0.00000e+00
6.13000e+02 1.86152e-12 0.00000e+00
6.14000e+02 1.82302e-12 0.00000e+00
6.15000e+02 1.81822e-12 0.00000e+00
6.16000e+02 1.88014e-12 0.00000e+00
6.17000e+02 1.90722e-12 0.00000e+00
6.18000e+02 1.81010e-12 0.00000e+00
6.19000e+02 1.81425e-12 0.00000e+00
6.20000e+02 2.00518e-12 0.00000e+00
6.21000e+02 1.82705e-12 0.00000e+00
6.22000e+02 1.82073e-12 0.00000e+00
6.23000e+02 1.92712e-12 0.00000e+00
6.24000e+02 1.92476e-12 0.00000e+00
6.25000e+02 1.84886e-12 0.00000e+00
6.26000e+02 1.73190e-12 0.00000e+00
6.27000e+02 1.79859e-12 0.00000e+00
6.28000e+02 1.79397e-12 0.00000e+00
6.29000e+02 1.85175e-12 0.00000e+00
6.30000e+02 1.80838e-12 0.00000e+00
6.31000e+02 1.71305e-12 0.00000e+00
6.32000e+02 1.87257e-12 0.00000e+00
6.33000e+02 1.59075e-12 0.00000e+00
6.34000e+02 1.89233e-12 0.00000e+00
6.35000e+02 1.80600e-12 0.00000e+00
6.36000e+02 1.89281e-12 0.00000e+00
6.37000e+02 1.90253e-12 0.00000e+00
6.38000e+02 1.71484e-12 0.00000e+00
6.39000e+02 1.82734e-12 0.00000e+00
6.40000e+02 1.76906e-12 0.00000e+00
6.41000e+02 1.75398e-12 0.00000e+00
6.42000e+02 1.58155e-12 0.00000e+00
6.43000e+02 1.81107e-12 0.00000e+00
6.44000e+02 1.93827e-12 0.00000e+00
6.45000e+02 1.70889e-12 0.00000e+00
6.46000e+02 1.93064e-12 0.00000e+00
6.47000e+02 1.63326e-12 0.00000e+00
6.48000e+02 1.62279e-12 0.00000e+00
6.49000e+02 1.56555e-12 0.00000e+00
6.50000e+02 1.87526e-12 0.00000e+00
6.51000e+02 1.71200e-12 0.00000e+00
6.52000e+02 1.77428e-12 0.00000e+00
6.53000e+02 1.69634e-12 0.00000e+00
6.54000e+02 1.62216e-12 0.00000e+00
6.55000e+02 1.58964e-12 0.00000e+00
6.56000e+02 1.84272e-12 0.00000e+00
6.57000e+02 1.60228e-12 0.00000e+00
6.58000e+02 1.70625e-12 0.00000e+00
6.59000e+02 1.76720e-12 0.00000e+00
6.60000e+02 1.48772e-12 0.00000e+00
6.61000e+02 1.60638e-12 0.00000e+00
6.62000e+02 1.62848e-12 0.00000e+00
6.63000e+02 1.53930e-12 0.00000e+00
6.64000e+02 1.61072e-12 0.00000e+00
6.65000e+02 1.65113e-12 0.00000e+00
6.66000e+02 1.64761e-12 0.00000e+00
6.67000e+02 1.73298e-12 0.00000e+00
6.68000e+02 1.42949e-12 0.00000e+00
6.69000e+02 1.61910e-12 0.00000e+00
6.70000e+02 1.53598e-12 0.00000e+00
6.71000e+02 1.73950e-12 0.00000e+00
6.72000e+02 1.56241e-12 0.00000e+00
6.73000e+02 1.57773e-12 0.00000e+00
6.74000e+02 1.54463e-12 0.00000e+00
6.75000e+02 1.42165e-12 0.00000e+00
6.76000e+02 1.62710e-12 0.00000e+00
6.77000e+02 1.43824e-12 0.00000e+00
6.78000e+02 1.71427e-12 0.00000e+00
6.79000e+02 1.48965e-12 0.00000e+00
6.80000e+02 1.61359e-12 0.00000e+00
6.81000e+02 1.60318e-12 0.00000e+00
6.82000e+02 1.55511e-12 0.00000e+00
6.83000e+02 1.55715e-12 0.00000e+00
6.84000e+02 1.49086e-12 0.00000e+00
6.85000e+02 1.64040e-12 0.00000e+00
6.86000e+02 1.37473e-12 0.00000e+00
6.87000e+02 1.44101e-12 0.00000e+00
6.88000e+02 1.43296e-12 0.00000e+00
6.89000e+02 1.41715e-12 0.00000e+00
6.90000e+02 1.53280e-12 0.00000e+00
6.91000e+02 1.60504e-12 0.00000e+00
6.92000e+02 1.44533e-12 0.00000e+00
6.93000e+02 1.58626e-12 0.00000e+00
6.94000e+02 1.61258e-12 0.00000e+00
6.95000e+02 1.61618e-12 0.00000e+00
6.96000e+02 1.53046e-12 0.00000e+00
6.97000e+02 1.44059e-12 0.00000e+00
6.98000e+02 1.43785e-12 0.00000e+00
6.99000e+02 1.44688e-12 0.00000e+00
7.00000e+02 1.52375e-12 0.00000e+00
7.01000e+02 1.50371e-12 0.00000e+00
7.02000e+02 1.45548e-12 0.00000e+00
7.03000e+02 1.23159e-12 0.00000e+00
7.04000e+02 1.25938e-12 0.00000e+00
7.05000e+02 1.44918e-12 0.00000e+00
7.06000e+02 1.48002e-12 0.00000e+00
7.07000e+02 1.51805e-12 0.00000e+00
7.08000e+02 1.33198e-12 0.00000e+00
7.09000e+02 1.46651e-12 0.00000e+00
7.10000e+02 1.47623e-12 0.00000e+00
7.11000e+02 1.41425e-12 0.00000e+00
7.12000e+02 1.34006e-12 0.00000e+00
7.13000e+02 1.40721e-12 0.00000e+00
7.14000e+02 1.32065e-12 0.00000e+00
7.15000e+02 1.28923e-12 0.00000e+00
7.16000e+02 1.24069e-12 0.00000e+00
7.17000e+02 1.34455e-12 0.00000e+00
7.18000e+02 1.41661e-12 0.00000e+00
7.19000e+02 1.27563e-12 0.00000e+00
7.20000e+02 1.34281e-12 0.00000e+00
7.21000e+02 1.37962e-12 0.00000e+00
7.22000e+02 1.49925e-12 0.00000e+00
7.23000e+02 1.24052e-12 0.00000e+00
7.24000e+02 1.24145e-12 0.00000e+00
7.25000e+02 1.40805e-12 0.00000e+00
7.26000e+02 1.14376e-12 0.00000e+00
7.27000e+02 1.44172e-12 0.00000e+00
7.28000e+02 1.31307e-12 0.00000e+00
7.29000e+02 1.39920e-12 0.00000e+00
7.30000e+02 1.43557e-12 0.00000e+00
7.31000e+02 1.33586e-12 0.00000e+00
7.32000e+02 1.38326e-12 0.00000e+00
7.33000e+02 1.27464e-12 0.00000e+00
7.34000e+02 1.44857e-12 0.00000e+00
7.35000e+02 1.46000e-12 0.00000e+00
7.36000e+02 1.26072e-12 0.00000e+00
7.37000e+02 1.32449e-12 0.00000e+00
7.38000e+02 1.21312e-12 0.00000e+00
7.39000e+02 1.27777e-12 0.00000e+00
7.40000e+02 1.27373e-12 0.00000e+00
7.41000e+02 1.33536e-12 0.00000e+00
7.42000e+02 1.20300e-12 0.00000e+00
7.43000e+02 1.31017e-12 0.00000e+00
7.44000e+02 1.18632e-12 0.00000e+00
7.45000e+02 1.28335e-12 0.00000e+00
7.46000e+02 1.11159e-12 0.00000e+00
7.47000e+02 1.15595e-12 0.00000e+00
7.48000e+02 1.17496e-12 0.00000e+00
7.49000e+02 1.24465e-12 0.00000e+00
7.50000e+02 1.29320e-12 0.00000e+00
7.51000e+02 1.30561e-12 0.00000e+00
7.52000e+02 1.17871e-12 0.00000e+00
7.53000e+02 1.20979e-12 0.00000e+00
7.54000e+02 1.21052e-12 0.00000e+00
7.55000e+02 1.15892e-12 0.00000e+00
7.56000e+02 1.16034e-12 0.00000e+00
7.57000e+02 1.38150e-12 0.00000e+00
7.58000e+02 1.28510e-12 0.00000e+00
7.59000e+02 1.27725e-12 0.00000e+00
7.60000e+02 1.26543e-12 0.00000e+00
7.61000e+02 1.26608e-12 0.00000e+00
7.62000e+02 1.16870e-12 0.00000e+00
7.63000e+02 1.10844e-12 0.00000e+00
7.64000e+02 1.13472e-12 0.00000e+00
7.65000e+02 1.18726e-12 0.00000e+00
7.66000e+02 1.11277e-12 0.00000e+00
7.67000e+02 1.24900e-12 0.00000e+00
7.68000e+02 1.15596e-12 0.00000e+00
7.69000e+02 1.04892e-12 0.00000e+00
7.70000e+02 1.21365e-12 0.00000e+00
7.71000e+02 1.22061e-12 0.00000e+00
7.72000e+02 1.17394e-12 0.00000e+00
7.73000e+02 1.14158e-12 0.00000e+00
7.74000e+02 1.18429e-12 0.00000e+00
7.75000e+02 1.14164e-12 0.00000e+00
7.76000e+02 1.05389e-12 0.00000e+00
7.77000e+02 1.13316e-12 0.00000e+00
7.78000e+02 1.14394e-12 0.00000e+00
7.79000e+02 1.12981e-12 0.00000e+00
7.80000e+02 1.16035e-12 0.00000e+00
7.81000e+02 1.12128e-12 0.00000e+00
7.82000e+02 1.18860e-12 0.00000e+00
7.83000e+02 1.06087e-12 0.00000e+00
7.84000e+02 1.09450e-12 0.00000e+00
7.85000e+02 1.04924e-12 0.00000e+00
7.86000e+02 9.70743e-13 0.00000e+00
7.87000e+02 1.24444e-12 0.00000e+00
7.88000e+02 1.13447e-12 0.00000e+00
7.89000e+02 1.04655e-12 0.00000e+00
7.90000e+02 1.09048e-12 0.00000e+00
7.91000e+02 9.78580e-13 0.00000e+00
7.92000e+02 1.06673e-12 0.00000e+00
7.93000e+02 9.67445e-13 0.00000e+00
7.94000e+02 1.03384e-12 0.00000e+00
7.95000e+02 9.82612e-13 0.00000e+00
7.96000e+02 1.11616e-12 0.00000e+00
7.97000e+02 1.08594e-12 0.00000e+00
7.98000e+02 1.07738e-12 0.00000e+00
7.99000e+02 9.70862e-13 0.00000e+00
8.00000e+02 1.12448e-12 0.00000e+00
8.01000e+02 1.14724e-12 0.00000e+00
8.02000e+02 1.02565e-12 0.00000e+00
8.03000e+02 9.72892e-13 0.00000e+00
8.04000e+02 1.01662e-12 0.00000e+00
8.05000e+02 9.19291e-13 0.00000e+00
8.06000e+02 1.06754e-12 0.00000e+00
8.07000e+02 9.92433e-13 0.00000e+00
8.08000e+02 1.07084e-12 0.00000e+00
8.09000e+02 1.04893e-12 0.00000e+00
8.10000e+02 1.08836e-12 0.00000e+00
8.11000e+02 9.94328e-13 0.00000e+00
8.12000e+02 1.00644e-12 0.00000e+00
8.13000e+02 9.73898e-13 0.00000e+00
8.14000e+02 1.06144e-12 0.00000e+00
8.15000e+02 9.33134e-13 0.00000e+00
8.16000e+02 9.81934e-13 0.00000e+00
8.17000e+02 8.68493e-13 0.00000e+00
8.18000e+02 9.42431e-13 0.00000e+00
8.19000e+02 9.36880e-13 0.00000e+00
8.20000e+02 1.04117e-12 0.00000e+00
8.21000e+02 9.48768e-13 0.00000e+00
8.22000e+02 9.71965e-13 0.00000e+00
8.23000e+02 9.53155e-13 0.00000e+00
8.24000e+02 9.38638e-13 0.00000e+00
8.25000e+02 9.71242e-13 0.00000e+00
8.26000e+02 9.54053e-13 0.00000e+00
8.27000e+02 1.02757e-12 0.00000e+00
8.28000e+02 9.79662e-13 0.00000e+00
8.29000e+02 9.71353e-13 0.00000e+00
8.30000e+02 9.82414e-13 0.00000e+00
8.31000e+02 9.93200e-13 0.00000e+00
8.32000e+02 9.23264e-13 0.00000e+00
8.33000e+02 8.21232e-13 0.00000e+00
8.34000e+02 9.51492e-13 0.00000e+00
8.35000e+02 9.75331e-13 0.00000e+00
8.36000e+02 8.70365e-13 0.00000e+00
8.37000e+02 9.12186e-13 0.00000e+00
8.38000e+02 8.47547e-13 0.00000e+00
8.39000e+02 8.71102e-13 0.00000e+00
8.40000e+02 9.02447e-13 0.00000e+00
8.41000e+02 9.29094e-13 0.00000e+00
8.42000e+02 8.80452e-13 0.00000e+00
8.43000e+02 9.56916e-13 0.00000e+00
8.44000e+02 9.46992e-13 0.00000e+00
8.45000e+02 9.26777e-13 0.00000e+00
8.46000e+02 1.00100e-12 0.00000e+00
8.47000e+02 9.03651e-13 0.00000e+00
8.48000e+02 9.52188e-13 0.00000e+00
8.49000e+02 8.31363e-13 0.00000e+00
8.50000e+02 8.67007e-13 0.00000e+00
8.51000e+02 9.10071e-13 0.00000e+00
8.52000e+02 8.70661e-13 0.00000e+00
8.53000e+02 8.70414e-13 0.00000e+00
8.54000e+02 8.79076e-13 0.00000e+00
8.55000e+02 8.46185e-13 0.00000e+00
8.56000e+02 8.79853e-13 0.00000e+00
8.57000e+02 8.87176e-13 0.00000e+00
8.58000e+02 9.59096e-13 0.00000e+00
8.59000e+02 8.90655e-13 0.00000e+00
8.60000e+02 8.80454e-13 0.00000e+00
8.61000e+02 8.50718e-13 0.00000e+00
8.62000e+02 7.63661e-13 0.00000e+00
8.63000e+02 8.00943e-13 0.00000e+00
8.64000e+02 7.93730e-13 0.00000e+00
8.65000e+02 7.92249e-13 0.00000e+00
8.66000e+02 8.51271e-13 0.00000e+00
8.67000e+02 7.73865e-13 0.00000e+00
8.68000e+02 7.66206e-13 0.00000e+00
8.69000e+02 8.96910e-13 0.00000e+00
8.70000e+02 8.62534e-13 0.00000e+00
8.71000e+02 7.58271e-13 0.00000e+00
8.72000e+02 7.94304e-13 0.00000e+00
8.73000e+02 8.57086e-13 0.00000e+00
8.74000e+02 7.46907e-13 0.00000e+00
8.75000e+02 8.00016e-13 0.00000e+00
8.76000e+02 7.49103e-13 0.00000e+00
8.77000e+02 7.78580e-13 0.00000e+00
8.78000e+02 8.68763e-13 0.00000e+00
8.79000e+02 7.62197e-13 0.00000e+00
8.80000e+02 8.01739e-13 0.00000e+00
8.81000e+02 7.50797e-13 0.00000e+00
8.82000e+02 8.05236e-13 0.00000e+00
8.83000e+02 7.08831e-13 0.00000e+00
8.84000e+02 8.08703e-13 0.00000e+00
8.85000e+02 7.61985e-13 0.00000e+00
8.86000e+02 7.97156e-13 0.00000e+00
8.87000e+02 7.90811e-13 0.00000e+00
8.88000e+02 7.73128e-13 0.00000e+00
8.89000e+02 7.20965e-13 0.00000e+00
8.90000e+02 7.33312e-13 0.00000e+00
8.91000e+02 7.73371e-13 0.00000e+00
8.92000e+02 8.13171e-13 0.00000e+00
8.93000e+02 7.88800e-13 0.00000e+00
8.94000e+02 7.31880e-13 0.00000e+00
8.95000e+02 7.88247e-13 0.00000e+00
8.96000e+02 7.36092e-13 0.00000e+00
8.97000e+02 7.88055e-13 0.00000e+00
8.98000e+02 7.91757e-13 0.00000e+00
8.99000e+02 7.57906e-13 0.00000e+00
9.00000e+02 7.47395e-13 0.00000e+00
9.01000e+02 7.41990e-13 0.00000e+00
9.02000e+02 7.23351e-13 0.00000e+00
9.03000e+02 7.59165e-13 0.00000e+00
9.04000e+02 7.34179e-13 0.00000e+00
9.05000e+02 7.52436e-13 0.00000e+00
9.06000e+02 6.89919e-13 0.00000e+00
9.07000e+02 7.82118e-13 0.00000e+00
9.08000e+02 7.19951e-13 0.00000e+00
9.09000e+02 7.14185e-13 0.00000e+00
9.10000e+02 6.93072e-13 0.00000e+00
9.11000e+02 7.09683e-13 0.00000e+00
9.12000e+02 7.48441e-13 0.00000e+00
9.13000e+02 6.91516e-13 0.00000e+00
9.14000e+02 7.02031e-13 0.00000e+00
9.15000e+02 7.19904e-13 0.00000e+00
9.16000e+02 7.19843e-13 0.00000e+00
9.17000e+02 6.93748e-13 0.00000e+00
9.18000e+02 7.53677e-13 0.00000e+00
9.19000e+02 7.09650e-13 0.00000e+00
9.20000e+02 7.03529e-13 0.00000e+00
9.21000e+02 7.03329e-13 0.00000e+00
9.22000e+02 6.89418e-13 0.00000e+00
9.23000e+02 6.50817e-13 0.00000e+00
9.24000e+02 7.04224e-13 0.00000e+00
9.25000e+02 6.73979e-13 0.00000e+00
9.26000e+02 6.32553e-13 0.00000e+00
9.27000e+02 7.28449e-13 0.00000e+00
9.28000e+02 6.18171e-13 0.00000e+00
9.29000e+02 6.38141e-13 0.00000e+00
9.30000e+02 6.54381e-13 0.00000e+00
9.31000e+02 7.01625e-13 0.00000e+00
9.32000e+02 6.24992e-13 0.00000e+00
9.33000e+02 6.57358e-13 0.00000e+00
9.34000e+02 6.01941e-13 0.00000e+00
9.35000e+02 5.79861e-13 0.00000e+00
9.36000e+02 6.93714e-13 0.00000e+00
9.37000e+02 6.12049e-13 0.00000e+00
9.38000e+02 6.36645e-13 0.00000e+00
9.39000e+02 6.42853e-13 0.00000e+00
9.40000e+02 6.50550e-13 0.00000e+00
9.41000e+02 6.39385e-13 0.00000e+00
9.42000e+02 6.77575e-13 0.00000e+00
9.43000e+02 6.54039e-13 0.00000e+00
9.44000e+02 6.47301e-13 0.00000e+00
9.45000e+02 6.06374e-13 0.00000e+00
9.46000e+02 6.01678e-13 0.00000e+00
9.47000e+02 6.08908e-13 0.00000e+00
9.48000e+02 6.14564e-13 0.00000e+00
9.49000e+02 6.39415e-13 0.00000e+00
9.50000e+02 6.35986e-13 0.00000e+00
9.51000e+02 5.95740e-13 0.00000e+00
9.52000e+02 5.94012e-13 0.00000e+00
9.53000e+02 5.69383e-13 0.00000e+00
9.54000e+02 5.92819e-13 0.00000e+00
9.55000e+02 6.75414e-13 0.00000e+00
9.56000e+02 6.10726e-13 0.00000e+00
9.57000e+02 5.57519e-13 0.00000e+00
9.58000e+02 5.73164e-13 0.00000e+00
9.59000e+02 5.84862e-13 0.00000e+00
9.60000e+02 6.05000e-13 0.00000e+00
9.61000e+02 5.87767e-13 0.00000e+00
9.62000e+02 5.47365e-13 0.00000e+00
9.63000e+02 5.94922e-13 0.00000e+00
9.64000e+02 6.09180e-13 0.00000e+00
9.65000e+02 6.15882e-13 0.00000e+00
9.66000e+02 5.78492e-13 0.00000e+00
9.67000e+02 5.61218e-13 0.00000e+00
9.68000e+02 5.43789e-13 0.00000e+00
9.69000e+02 5.63495e-13 0.00000e+00
9.70000e+02 5.60727e-13 0.00000e+00
9.71000e+02 6.44416e-13 0.00000e+00
9.72000e+02 5.90323e-13 0.00000e+00
9.73000e+02 5.16312e-13 0.00000e+00
9.74000e+02 6.30760e-13 0.00000e+00
9.75000e+02 6.03314e-13 0.00000e+00
9.76000e+02 5.28053e-13 0.00000e+00
9.77000e+02 6.00036e-13 0.00000e+00
9.78000e+02 5.40400e-13 0.00000e+00
9.79000e+02 5.21161e-13 0.00000e+00
9.80000e+02 5.38105e-13 0.00000e+00
9.81000e+02 5.47241e-13 0.00000e+00
9.82000e+02 5.51594e-13 0.00000e+00
9.83000e+02 5.90303e-13 0.00000e+00
9.84000e+02 5.62749e-13 0.00000e+00
9.85000e+02 6.03175e-13 0.00000e+00
9.86000e+02 5.27982e-13 0.00000e+00
9.87000e+02 5.71517e-13 0.00000e+00
9.88000e+02 5.95201e-13 0.00000e+00
9.89000e+02 5.09247e-13 0.00000e+00
9.90000e+02 4.98982e-13 0.00000e+00
9.91000e+02 5.37443e-13 0.00000e+00
9.92000e+02 5.47813e-13 0.00000e+00
9.93000e+02 5.23767e-13 0.00000e+00
9.94000e+02 4.90759e-13 0.00000e+00
9.95000e+02 4.87899e-13 0.00000e+00
9.96000e+02 5.39136e-13 0.00000e+00
9.97000e+02 4.78296e-13 0.00000e+00
9.98000e+02 4.81888e-13 0.00000e+00
9.99000e+02 5.01500e-13 0.00000e+00
1.00000e+03 5.33018e-13 0.00000e+00
1.00100e+03 4.74232e-13 0.00000e+00
1.00200e+03 5.30691e-13 0.00000e+00
1.00300e+03 5.10906e-13 0.00000e+00
1.00400e+03 5.12272e-13 0.00000e+00
1.00500e+03 5.24380e-13 0.00000e+00
1.00600e+03 4.91781e-13 0.00000e+00
1.00700e+03 5.22445e-13 0.00000e+00
1.00800e+03 5.28756e-13 0.00000e+00
1.00900e+03 5.13221e-13 0.00000e+00
1.01000e+03 4.82463e-13 0.00000e+00
1.01100e+03 5.09896e-13 0.00000e+00
1.01200e+03 4.62932e-13 0.00000e+00
1.01300e+03 4.65224e-13 0.00000e+00
1.01400e+03 4.98100e-13 0.00000e+00
1.01500e+03 4.84343e-13 0.00000e+00
1.01600e+03 4.77359e-13 0.00000e+00
1.01700e+03 4.88691e-13 0.00000e+00
1.01800e+03 4.78988e-13 0.00000e+00
1.01900e+03 4.83234e-13 0.00000e+00
1.02000e+03 4.86773e-13 0.00000e+00
1.02100e+03 4.89463e-13 0.00000e+00
1.02200e+03 4.69964e-13 0.00000e+00
1.02300e+03 4.72737e-13 0.00000e+00
1.02400e+03 4.64886e-13 0.00000e+00
1.02500e+03 4.61808e-13 0.00000e+00
1.02600e+03 4.64661e-13 0.00000e+00
1.02700e+03 4.24044e-13 0.00000e+00
1.02800e+03 4.44851e-13 0.00000e+00
1.02900e+03 4.58743e-13 0.00000e+00
1.03000e+03 4.39993e-13 0.00000e+00
1.03100e+03 4.73407e-13 0.00000e+00
1.03200e+03 4.37203e-13 0.00000e+00
1.03300e+03 4.64832e-13 0.00000e+00
1.03400e+03 4.25322e-13 0.00000e+00
1.03500e+03 4.32351e-13 0.00000e+00
1.03600e+03 4.47105e-13 0.00000e+00
1.03700e+03 4.38555e-13 0.00000e+00
1.03800e+03 4.43870e-13 0.00000e+00
1.03900e+03 4.11800e-13 0.00000e+00
1.04000e+03 4.52442e-13 0.00000e+00
1.04100e+03 4.31913e-13 0.00000e+00
1.04200e+03 4.53118e-13 0.00000e+00
1.04300e+03 4.59689e-13 0.00000e+00
1.04400e+03 4.63215e-13 0.00000e+00
1.04500e+03 4.29011e-13 0.00000e+00
1.04600e+03 4.65663e-13 0.00000e+00
1.04700e+03 4.21771e-13 0.00000e+00
1.04800e+03 4.34203e-13 0.00000e+00
1.04900e+03 4.15639e-13 0.00000e+00
1.05000e+03 4.44966e-13 0.00000e+00
1.05100e+03 4.15230e-13 0.00000e+00
1.05200e+03 4.55543e-13 0.00000e+00
1.05300e+03 4.46360e-13 0.00000e+00
1.05400e+03 4.05089e-13 0.00000e+00
1.05500e+03 4.66962e-13 0.00000e+00
1.05600e+03 4.11635e-13 0.00000e+00
1.05700e+03 4.23034e-13 0.00000e+00
1.05800e+03 3.77215e-13 0.00000e+00
1.05900e+03 3.89277e-13 0.00000e+00
1.06000e+03 4.06746e-13 0.00000e+00
1.06100e+03 4.08485e-13 0.00000e+00
1.06200e+03 4.35612e-13 0.00000e+00
1.06300e+03 4.38887e-13 0.00000e+00
1.06400e+03 4.10888e-13 0.00000e+00
1.06500e+03 4.11855e-13 0.00000e+00
1.06600e+03 3.89072e-13 0.00000e+00
1.06700e+03 3.67288e-13 0.00000e+00
1.06800e+03 3.95826e-13 0.00000e+00
1.06900e+03 3.86545e-13 0.00000e+00
1.07000e+03 3.78448e-13 0.00000e+00
1.07100e+03 3.95493e-13 0.00000e+00
1.07200e+03 3.97847e-13 0.00000e+00
1.07300e+03 3.62234e-13 0.00000e+00
1.07400e+03 4.02661e-13 0.00000e+00
1.07500e+03 3.82627e-13 0.00000e+00
1.07600e+03 3.47182e-13 0.00000e+00
1.07700e+03 3.94114e-13 0.00000e+00
1.07800e+03 3.93084e-13 0.00000e+00
1.07900e+03 4.23159e-13 0.00000e+00
1.08000e+03 3.97613e-13 0.00000e+00
1.08100e+03 3.50964e-13 0.00000e+00
1.08200e+03 3.80210e-13 0.00000e+00
1.08300e+03 3.52970e-13 0.00000e+00
1.08400e+03 3.62633e-13 0.00000e+00
1.08500e+03 4.07685e-13 0.00000e+00
1.08600e+03 3.68501e-13 0.00000e+00
1.08700e+03 3.72561e-13 0.00000e+00
1.08800e+03 3.90515e-13 0.00000e+00
1.08900e+03 3.68130e-13 0.00000e+00
1.09000e+03 3.85173e-13 0.00000e+00
1.09100e+03 3.35983e-13 0.00000e+00
1.09200e+03 3.59431e-13 0.00000e+00
1.09300e+03 3.77443e-13 0.00000e+00
1.09400e+03 3.71986e-13 0.00000e+00
1.09500e+03 3.58587e-13 0.00000e+00
1.09600e+03 3.65447e-13 0.00000e+00
1.09700e+03 3.29399e-13 0.00000e+00
1.09800e+03 3.53840e-13 0.00000e+00
1.09900e+03 3.42587e-13 0.00000e+00
1.10000e+03 3.53797e-13 0.00000e+00
1.10100e+03 3.49404e-13 0.00000e+00
1.10200e+03 3.23939e-13 0.00000e+00
1.10300e+03 3.64727e-13 0.00000e+00
1.10400e+03 3.50940e-13 0.00000e+00
1.10500e+03 3.12884e-13 0.00000e+00
1.10600e+03 3.52889e-13 0.00000e+00
1.10700e+03 3.36112e-13 0.00000e+00
1.10800e+03 3.53505e-13 0.00000e+00
1.10900e+03 3.40002e-13 0.00000e+00
1.11000e+03 3.47581e-13 0.00000e+00
1.11100e+03 3.57636e-13 0.00000e+00
1.11200e+03 3.43638e-13 0.00000e+00
1.11300e+03 3.34817e-13 0.00000e+00
1.11400e+03 3.04042e-13 0.00000e+00
1.11500e+03 3.15229e-13 0.00000e+00
1.11600e+03 3.35019e-13 0.00000e+00
1.11700e+03 3.41093e-13 0.00000e+00
1.11800e+03 3.29243e-13 0.00000e+00
1.11900e+03 3.44040e-13 0.00000e+00
1.12000e+03 3.25482e-13 0.00000e+00
1.12100e+03 3.36447e-13 0.00000e+00
1.12200e+03 3.26581e-13 0.00000e+00
1.12300e+03 3.15085e-13 0.00000e+00
1.12400e+03 3.03317e-13 0.00000e+00
1.12500e+03 3.09200e-13 0.00000e+00
1.12600e+03 3.15460e-13 0.00000e+00
1.12700e+03 3.08667e-13 0.00000e+00
1.12800e+03 3.16572e-13 0.00000e+00
1.12900e+03 3.19001e-13 0.00000e+00
1.13000e+03 3.09427e-13 0.00000e+00
1.13100e+03 3.28557e-13 0.00000e+00
1.13200e+03 2.89098e-13 0.00000e+00
1.13300e+03 3.16404e-13 0.00000e+00
1.13400e+03 2.86454e-13 0.00000e+00
1.13500e+03 3.05357e-13 0.00000e+00
1.13600e+03 2.75759e-13 0.00000e+00
1.13700e+03 2.95049e-13 0.00000e+00
1.13800e+03 3.24754e-13 0.00000e+00
1.13900e+03 3.21315e-13 0.00000e+00
1.14000e+03 3.24354e-13 0.00000e+00
1.14100e+03 3.03766e-13 0.00000e+00
1.14200e+03 2.91488e-13 0.00000e+00
1.14300e+03 2.78499e-13 0.00000e+00
1.14400e+03 2.99873e-13 0.00000e+00
1.14500e+03 2.97709e-13 0.00000e+00
1.14600e+03 2.79700e-13 0.00000e+00
1.14700e+03 2.97964e-13 0.00000e+00
1.14800e+03 2.93329e-13 0.00000e+00
1.14900e+03 2.91099e-13 0.00000e+00
1.15000e+03 2.90650e-13 0.00000e+00
1.15100e+03 2.80375e-13 0.00000e+00
1.15200e+03 2.83444e-13 0.00000e+00
1.15300e+03 2.90614e-13 0.00000e+00
1.15400e+03 2.93553e-13 0.00000e+00
1.15500e+03 2.81193e-13 0.00000e+00
1.15600e+03 2.83374e-13 0.00000e+00
1.15700e+03 3.02540e-13 0.00000e+00
1.15800e+03 2.68765e-13 0.00000e+00
1.15900e+03 2.88363e-13 0.00000e+00
1.16000e+03 2.72290e-13 0.00000e+00
1.16100e+03 2.76054e-13 0.00000e+00
1.16200e+03 2.64864e-13 0.00000e+00
1.16300e+03 2.76949e-13 0.00000e+00
1.16400e+03 2.66482e-13 0.00000e+00
1.16500e+03 2.72011e-13 0.00000e+00
1.16600e+03 2.93415e-13 0.00000e+00
1.16700e+03 2.77410e-13 0.00000e+00
1.16800e+03 2.79498e-13 0.00000e+00
1.16900e+03 2.83002e-13 0.00000e+00
1.17000e+03 2.61906e-13 0.00000e+00
1.17100e+03 2.53789e-13 0.00000e+00
1.17200e+03 2.66501e-13 0.00000e+00
1.17300e+03 2.65328e-13 0.00000e+00
1.17400e+03 2.86444e-13 0.00000e+00
1.17500e+03 2.86507e-13 0.00000e+00
1.17600e+03 2.65697e-13 0.00000e+00
1.17700e+03 2.54568e-13 0.00000e+00
1.17800e+03 2.64749e-13 0.00000e+00
1.17900e+03 2.41930e-13 0.00000e+00
1.18000e+03 2.54340e-13 0.00000e+00
1.18100e+03 2.52632e-13 0.00000e+00
1.18200e+03 2.76889e-13 0.00000e+00
1.18300e+03 2.39897e-13 0.00000e+00
1.18400e+03 2.51248e-13 0.00000e+00
1.18500e+03 2.55040e-13 0.00000e+00
1.18600e+03 2.51684e-13 0.00000e+00
1.18700e+03 2.66328e-13 0.00000e+00
1.18800e+03 2.29525e-13 0.00000e+00
1.18900e+03 2.34131e-13 0.00000e+00
1.19000e+03 2.45075e-13 0.00000e+00
1.19100e+03 2.82497e-13 0.00000e+00
1.19200e+03 2.51826e-13 0.00000e+00
1.19300e+03 2.48679e-13 0.00000e+00
1.19400e+03 2.41122e-13 0.00000e+00
1.19500e+03 2.36510e-13 0.00000e+00
1.19600e+03 2.42088e-13 0.00000e+00
1.19700e+03 2.62131e-13 0.00000e+00
1.19800e+03 2.37477e-13 0.00000e+00
1.19900e+03 2.32376e-13 0.00000e+00
1.20000e+03 2.33938e-13 0.00000e+00
1.20100e+03 2.38201e-13 0.00000e+00
1.20200e+03 2.17011e-13 0.00000e+00
1.20300e+03 2.36987e-13 0.00000e+00
1.20400e+03 2.36289e-13 0.00000e+00
1.20500e+03 2.32830e-13 0.00000e+00
1.20600e+03 2.44942e-13 0.00000e+00
1.20700e+03 2.52721e-13 0.00000e+00
1.20800e+03 2.24858e-13 0.00000e+00
1.20900e+03 2.15215e-13 0.00000e+00
1.21000e+03 2.35789e-13 0.00000e+00
1.21100e+03 2.17372e-13 0.00000e+00
1.21200e+03 2.30926e-13 0.00000e+00
1.21300e+03 2.26995e-13 0.00000e+00
1.21400e+03 2.15898e-13 0.00000e+00
1.21500e+03 2.34660e-13 0.00000e+00
1.21600e+03 2.14743e-13 0.00000e+00
1.21700e+03 2.25543e-13 0.00000e+00
1.21800e+03 2.24269e-13 0.00000e+00
1.21900e+03 2.25036e-13 0.00000e+00
1.22000e+03 2.29698e-13 0.00000e+00
1.22100e+03 2.26802e-13 0.00000e+00
1.22200e+03 2.16661e-13 0.00000e+00
1.22300e+03 2.24786e-13 0.00000e+00
1.22400e+03 2.22405e-13 0.00000e+00
1.22500e+03 2.06181e-13 0.00000e+00
1.22600e+03 2.21853e-13 0.00000e+00
1.22700e+03 2.08475e-13 0.00000e+00
1.22800e+03 2.28635e-13 0.00000e+00
1.22900e+03 2.05978e-13 0.00000e+00
1.23000e+03 2.06286e-13 0.00000e+00
1.23100e+03 2.14521e-13 0.00000e+00
1.23200e+03 2.20309e-13 0.00000e+00
1.23300e+03 1.99029e-13 0.00000e+00
1.23400e+03 2.08383e-13 0.00000e+00
1.23500e+03 1.80844e-13 0.00000e+00
1.23600e+03 2.10751e-13 0.00000e+00
1.23700e+03 2.19685e-13 0.00000e+00
1.23800e+03 1.86237e-13 0.00000e+00
1.23900e+03 2.01001e-13 0.00000e+00
1.24000e+03 1.90360e-13 0.00000e+00
1.24100e+03 1.85891e-13 0.00000e+00
1.24200e+03 1.89840e-13 0.00000e+00
1.24300e+03 1.89589e-13 0.00000e+00
1.24400e+03 1.92305e-13 0.00000e+00
1.24500e+03 1.99077e-13 0.00000e+00
1.24600e+03 1.75463e-13 0.00000e+00
1.24700e+03 1.99049e-13 0.00000e+00
1.24800e+03 1.84220e-13 0.00000e+00
1.24900e+03 1.85756e-13 0.00000e+00
1.25000e+03 1.91682e-13 0.00000e+00
1.25100e+03 1.85356e-13 0.00000e+00
1.25200e+03 1.86956e-13 0.00000e+00
1.25300e+03 1.94767e-13 0.00000e+00
1.25400e+03 1.89181e-13 0.00000e+00
1.25500e+03 1.70188e-13 0.00000e+00
1.25600e+03 1.83561e-13 0.00000e+00
1.25700e+03 1.80229e-13 0.00000e+00
1.25800e+03 1.93152e-13 0.00000e+00
1.25900e+03 1.85882e-13 0.00000e+00
1.26000e+03 1.78955e-13 0.00000e+00
1.26100e+03 1.98496e-13 0.00000e+00
1.26200e+03 1.76064e-13 0.00000e+00
1.26300e+03 1.85348e-13 0.00000e+00
1.26400e+03 1.84289e-13 0.00000e+00
1.26500e+03 1.78543e-13 0.00000e+00
1.26600e+03 1.82837e-13 0.00000e+00
1.26700e+03 1.85411e-13 0.00000e+00
1.26800e+03 1.74774e-13 0.00000e+00
1.26900e+03 1.79490e-13 0.00000e+00
1.27000e+03 1.74595e-13 0.00000e+00
1.27100e+03 1.73550e-13 0.00000e+00
1.27200e+03 1.97967e-13 0.00000e+00
1.27300e+03 1.77402e-13 0.00000e+00
1.27400e+03 1.70306e-13 0.00000e+00
1.27500e+03 1.70640e-13 0.00000e+00
1.27600e+03 1.88681e-13 0.00000e+00
1.27700e+03 1.68919e-13 0.00000e+00
1.27800e+03 1.58084e-13 0.00000e+00
1.27900e+03 1.69594e-13 0.00000e+00
1.28000e+03 1.72808e-13 0.00000e+00
1.28100e+03 1.76024e-13 0.00000e+00
1.28200e+03 1.82392e-13 0.00000e+00
1.28300e+03 1.70221e-13 0.00000e+00
1.28400e+03 1.66891e-13 0.00000e+00
1.28500e+03 1.67835e-13 0.00000e+00
1.28600e+03 1.59857e-13 0.00000e+00
1.28700e+03 1.55357e-13 0.00000e+00
1.28800e+03 1.69588e-13 0.00000e+00
1.28900e+03 1.63911e-13 0.00000e+00
1.29000e+03 1.64330e-13 0.00000e+00
1.29100e+03 1.57064e-13 0.00000e+00
1.29200e+03 1.61248e-13 0.00000e+00
1.29300e+03 1.66206e-13 0.00000e+00
1.29400e+03 1.72638e-13 0.00000e+00
1.29500e+03 1.63250e-13 0.00000e+00
1.29600e+03 1.62190e-13 0.00000e+00
1.29700e+03 1.54941e-13 0.00000e+00
1.29800e+03 1.53650e-13 0.00000e+00
1.29900e+03 1.53465e-13 0.00000e+00
1.30000e+03 1.57794e-13 0.00000e+00
1.30100e+03 1.51478e-13 0.00000e+00
1.30200e+03 1.57942e-13 0.00000e+00
1.30300e+03 1.42207e-13 0.00000e+00
1.30400e+03 1.47712e-13 0.00000e+00
1.30500e+03 1.52632e-13 0.00000e+00
1.30600e+03 1.56969e-13 0.00000e+00
1.30700e+03 1.45815e-13 0.00000e+00
1.30800e+03 1.42960e-13 0.00000e+00
1.30900e+03 1.48601e-13 0.00000e+00
1.31000e+03 1.41882e-13 0.00000e+00
1.31100e+03 1.51631e-13 0.00000e+00
1.31200e+03 1.43220e-13 0.00000e+00
1.31300e+03 1.44324e-13 0.00000e+00
1.31400e+03 1.49182e-13 0.00000e+00
1.31500e+03 1.41354e-13 0.00000e+00
1.31600e+03 1.43920e-13 0.00000e+00
1.31700e+03 1.39995e-13 0.00000e+00
1.31800e+03 1.51628e-13 0.00000e+00
1.31900e+03 1.36968e-13 0.00000e+00
1.32000e+03 1.39555e-13 0.00000e+00
1.32100e+03 1.46356e-13 0.00000e+00
1.32200e+03 1.38993e-13 0.00000e+00
1.32300e+03 1.41174e-13 0.00000e+00
1.32400e+03 1.39235e-13 0.00000e+00
1.32500e+03 1.33734e-13 0.00000e+00
1.32600e+03 1.36497e-13 0.00000e+00
1.32700e+03 1.40567e-13 0.00000e+00
1.32800e+03 1.37607e-13 0.00000e+00
1.32900e+03 1.40755e-13 0.00000e+00
1.33000e+03 1.34332e-13 0.00000e+00
1.33100e+03 1.30515e-13 0.00000e+00
1.33200e+03 1.46998e-13 0.00000e+00
1.33300e+03 1.41264e-13 0.00000e+00
1.33400e+03 1.35239e-13 0.00000e+00
1.33500e+03 1.21682e-13 0.00000e+00
1.33600e+03 1.33233e-13 0.00000e+00
1.33700e+03 1.32343e-13 0.00000e+00
1.33800e+03 1.25862e-13 0.00000e+00
1.33900e+03 1.16582e-13 0.00000e+00
1.34000e+03 1.32690e-13 0.00000e+00
1.34100e+03 1.23528e-13 0.00000e+00
1.34200e+03 1.25042e-13 0.00000e+00
1.34300e+03 1.25743e-13 0.00000e+00
1.34400e+03 1.33671e-13 0.00000e+00
1.34500e+03 1.29304e-13 0.00000e+00
1.34600e+03 1.31627e-13 0.00000e+00
1.34700e+03 1.27353e-13 0.00000e+00
1.34800e+03 1.20889e-13 0.00000e+00
1.34900e+03 1.22461e-13 0.00000e+00
1.35000e+03 1.24150e-13 0.00000e+00
1.35100e+03 1.21521e-13 0.00000e+00
1.35200e+03 1.21125e-13 0.00000e+00
1.35300e+03 1.14672e-13 0.00000e+00
1.35400e+03 1.12918e-13 0.00000e+00
1.35500e+03 1.23475e-13 0.00000e+00
1.35600e+03 1.25210e-13 0.00000e+00
1.35700e+03 1.19863e-13 0.00000e+00
1.35800e+03 1.17374e-13 0.00000e+00
1.35900e+03 1.28001e-13 0.00000e+00
1.36000e+03 1.18087e-13 0.00000e+00
1.36100e+03 1.27731e-13 0.00000e+00
1.36200e+03 1.10730e-13 0.00000e+00
1.36300e+03 1.14579e-13 0.00000e+00
1.36400e+03 1.17103e-13 0.00000e+00
1.36500e+03 1.10323e-13 0.00000e+00
1.36600e+03 1.13102e-13 0.00000e+00
1.36700e+03 1.14316e-13 0.00000e+00
1.36800e+03 1.20796e-13 0.00000e+00
1.36900e+03 1.15146e-13 0.00000e+00
1.37000e+03 1.10577e-13 0.00000e+00
1.37100e+03 1.09984e-13 0.00000e+00
1.37200e+03 1.17092e-13 0.00000e+00
1.37300e+03 1.08414e-13 0.00000e+00
1.37400e+03 1.12540e-13 0.00000e+00
1.37500e+03 1.07993e-13 0.00000e+00
1.37600e+03 1.11015e-13 0.00000e+00
1.37700e+03 1.02852e-13 0.00000e+00
1.37800e+03 1.13444e-13 0.00000e+00
1.37900e+03 1.03099e-13 0.00000e+00
1.38000e+03 1.04778e-13 0.00000e+00
1.38100e+03 1.06974e-13 0.00000e+00
1.38200e+03 1.14581e-13 0.00000e+00
1.38300e+03 1.05075e-13 0.00000e+00
1.38400e+03 1.02117e-13 0.00000e+00
1.38500e+03 1.09183e-13 0.00000e+00
1.38600e+03 1.14539e-13 0.00000e+00
1.38700e+03 9.92240e-14 0.00000e+00
1.38800e+03 1.06914e-13 0.00000e+00
1.38900e+03 1.06717e-13 0.00000e+00
1.39000e+03 9.85898e-14 0.00000e+00
1.39100e+03 1.02495e-13 0.00000e+00
1.39200e+03 1.05948e-13 0.00000e+00
1.39300e+03 1.01252e-13 0.00000e+00
1.39400e+03 1.09710e-13 0.00000e+00
1.39500e+03 1.01964e-13 0.00000e+00
1.39600e+03 1.03806e-13 0.00000e+00
1.39700e+03 9.39186e-14 0.00000e+00
1.39800e+03 1.02521e-13 0.00000e+00
1.39900e+03 9.81706e-14 0.00000e+00
1.40000e+03 1.00625e-13 0.00000e+00
1.40100e+03 9.67481e-14 0.00000e+00
1.40200e+03 9.63504e-14 0.00000e+00
1.40300e+03 1.04970e-13 0.00000e+00
1.40400e+03 9.65346e-14 0.00000e+00
1.40500e+03 9.67126e-14 0.00000e+00
1.40600e+03 1.02738e-13 0.00000e+00
1.40700e+03 9.93143e-14 0.00000e+00
1.40800e+03 9.13405e-14 0.00000e+00
1.40900e+03 8.90572e-14 0.00000e+00
1.41000e+03 9.83474e-14 0.00000e+00
1.41100e+03 9.61129e-14 0.00000e+00
1.41200e+03 9.60143e-14 0.00000e+00
1.41300e+03 9.41383e-14 0.00000e+00
1.41400e+03 9.66975e-14 0.00000e+00
1.41500e+03 9.10423e-14 0.00000e+00
1.41600e+03 9.06475e-14 0.00000e+00
1.41700e+03 9.03413e-14 0.00000e+00
1.41800e+03 9.00849e-14 0.00000e+00
1.41900e+03 9.71937e-14 0.00000e+00
1.42000e+03 8.83868e-14 0.00000e+00
1.42100e+03 8.71223e-14 0.00000e+00
1.42200e+03 8.71599e-14 0.00000e+00
1.42300e+03 8.88800e-14 0.00000e+00
1.42400e+03 7.98757e-14 0.00000e+00
1.42500e+03 8.55298e-14 0.00000e+00
1.42600e+03 8.50852e-14 0.00000e+00
1.42700e+03 8.49322e-14 0.00000e+00
1.42800e+03 8.52623e-14 0.00000e+00
1.42900e+03 8.57312e-14 0.00000e+00
1.43000e+03 8.55797e-14 0.00000e+00
1.43100e+03 8.26455e-14 0.00000e+00
1.43200e+03 8.23678e-14 0.00000e+00
1.43300e+03 8.96731e-14 0.00000e+00
1.43400e+03 8.51445e-14 0.00000e+00
1.43500e+03 8.39922e-14 0.00000e+00
1.43600e+03 9.02072e-14 0.00000e+00
1.43700e+03 8.02855e-14 0.00000e+00
1.43800e+03 8.64508e-14 0.00000e+00
1.43900e+03 8.09750e-14 0.00000e+00
1.44000e+03 8.10703e-14 0.00000e+00
1.44100e+03 8.59589e-14 0.00000e+00
1.44200e+03 7.79457e-14 0.00000e+00
1.44300e+03 8.00735e-14 0.00000e+00
1.44400e+03 8.66910e-14 0.00000e+00
1.44500e+03 8.16215e-14 0.00000e+00
1.44600e+03 8.32089e-14 0.00000e+00
1.44700e+03 8.24227e-14 0.00000e+00
1.44800e+03 8.32848e-14 0.00000e+00
1.44900e+03 7.78416e-14 0.00000e+00
1.45000e+03 8.26339e-14 0.00000e+00
1.45100e+03 7.42249e-14 0.00000e+00
1.45200e+03 8.26119e-14 0.00000e+00
1.45300e+03 7.23378e-14 0.00000e+00
1.45400e+03 7.80873e-14 0.00000e+00
1.45500e+03 8.04074e-14 0.00000e+00
1.45600e+03 7.87079e-14 0.00000e+00
1.45700e+03 7.54320e-14 0.00000e+00
1.45800e+03 7.56524e-14 0.00000e+00
1.45900e+03 7.60918e-14 0.00000e+00
1.46000e+03 7.29759e-14 0.00000e+00
1.46100e+03 7.63913e-14 0.00000e+00
1.46200e+03 7.38560e-14 0.00000e+00
1.46300e+03 6.99019e-14 0.00000e+00
1.46400e+03 7.10824e-14 0.00000e+00
1.46500e+03 7.47229e-14 0.00000e+00
1.46600e+03 7.22252e-14 0.00000e+00
1.46700e+03 7.39211e-14 0.00000e+00
1.46800e+03 7.67946e-14 0.00000e+00
1.46900e+03 6.87800e-14 0.00000e+00
1.47000e+03 6.84112e-14 0.00000e+00
1.47100e+03 7.17158e-14 0.00000e+00
1.47200e+03 7.21364e-14 0.00000e+00
1.47300e+03 7.31573e-14 0.00000e+00
1.47400e+03 7.21729e-14 0.00000e+00
1.47500e+03 6.71775e-14 0.00000e+00
1.47600e+03 7.02159e-14 0.00000e+00
1.47700e+03 7.06406e-14 0.00000e+00
1.47800e+03 7.50462e-14 0.00000e+00
1.47900e+03 7.30148e-14 0.00000e+00
1.48000e+03 7.26597e-14 0.00000e+00
1.48100e+03 6.98475e-14 0.00000e+00
1.48200e+03 6.99391e-14 0.00000e+00
1.48300e+03 6.76420e-14 0.00000e+00
1.48400e+03 6.50991e-14 0.00000e+00
1.48500e+03 6.59317e-14 0.00000e+00
1.48600e+03 6.56208e-14 0.00000e+00
1.48700e+03 6.63789e-14 0.00000e+00
1.48800e+03 6.64315e-14 0.00000e+00
1.48900e+03 6.32273e-14 0.00000e+00
1.49000e+03 6.26959e-14 0.00000e+00
1.49100e+03 6.22078e-14 0.00000e+00
1.49200e+03 6.23337e-14 0.00000e+00
1.49300e+03 6.37404e-14 0.00000e+00
1.49400e+03 6.52492e-14 0.00000e+00
1.49500e+03 6.17323e-14 0.00000e+00
1.49600e+03 6.46679e-14 0.00000e+00
1.49700e+03 6.57031e-14 0.00000e+00
1.49800e+03 6.20394e-14 0.00000e+00
1.49900e+03 5.42493e-14 0.00000e+00
1.50000e+03 6.18252e-14 0.00000e+00
1.50100e+03 6.28160e-14 0.00000e+00
1.50200e+03 6.03472e-14 0.00000e+00
1.50300e+03 6.18146e-14 0.00000e+00
1.50400e+03 6.01991e-14 0.00000e+00
1.50500e+03 6.15508e-14 0.00000e+00
1.50600e+03 5.77862e-14 0.00000e+00
1.50700e+03 5.90639e-14 0.00000e+00
1.50800e+03 5.85402e-14 0.00000e+00
1.50900e+03 5.60789e-14 0.00000e+00
1.51000e+03 5.84340e-14 0.00000e+00
1.51100e+03 5.65885e-14 0.00000e+00
1.51200e+03 5.95019e-14 0.00000e+00
1.51300e+03 5.36950e-14 0.00000e+00
1.51400e+03 6.13332e-14 0.00000e+00
1.51500e+03 6.03317e-14 0.00000e+00
1.51600e+03 5.55150e-14 0.00000e+00
1.51700e+03 5.52432e-14 0.00000e+00
1.51800e+03 5.94500e-14 0.00000e+00
1.51900e+03 5.32616e-14 0.00000e+00
1.52000e+03 5.65213e-14 0.00000e+00
1.52100e+03 5.49232e-14 0.00000e+00
1.52200e+03 5.61407e-14 0.00000e+00
1.52300e+03 5.57582e-14 0.00000e+00
1.52400e+03 5.55010e-14 0.00000e+00
1.52500e+03 5.52746e-14 0.00000e+00
1.52600e+03 5.46785e-14 0.00000e+00
1.52700e+03 5.38153e-14 0.00000e+00
1.52800e+03 5.36420e-14 0.00000e+00
1.52900e+03 5.36734e-14 0.00000e+00
1.53000e+03 5.10994e-14 0.00000e+00
1.53100e+03 5.26966e-14 0.00000e+00
1.53200e+03 5.19344e-14 0.00000e+00
1.53300e+03 5.62241e-14 0.00000e+00
1.53400e+03 4.96025e-14 0.00000e+00
1.53500e+03 5.45649e-14 0.00000e+00
1.53600e+03 5.25953e-14 0.00000e+00
1.53700e+03 4.87020e-14 0.00000e+00
1.53800e+03 4.96726e-14 0.00000e+00
1.53900e+03 5.29131e-14 0.00000e+00
1.54000e+03 5.13080e-14 0.00000e+00
1.54100e+03 5.18240e-14 0.00000e+00
1.54200e+03 5.61658e-14 0.00000e+00
1.54300e+03 5.06760e-14 0.00000e+00
1.54400e+03 5.23371e-14 0.00000e+00
1.54500e+03 5.10711e-14 0.00000e+00
1.54600e+03 4.96363e-14 0.00000e+00
1.54700e+03 4.77004e-14 0.00000e+00
1.54800e+03 4.75694e-14 0.00000e+00
1.54900e+03 4.83344e-14 0.00000e+00
1.55000e+03 5.17600e-14 0.00000e+00
1.55100e+03 4.78987e-14 0.00000e+00
1.55200e+03 5.06522e-14 0.00000e+00
1.55300e+03 4.84399e-14 0.00000e+00
1.55400e+03 4.57034e-14 0.00000e+00
1.55500e+03 4.91467e-14 0.00000e+00
1.55600e+03 4.55580e-14 0.00000e+00
1.55700e+03 4.40186e-14 0.00000e+00
1.55800e+03 4.60936e-14 0.00000e+00
1.55900e+03 4.78609e-14 0.00000e+00
1.56000e+03 5.11452e-14 0.00000e+00
1.56100e+03 4.63978e-14 0.00000e+00
1.56200e+03 4.61346e-14 0.00000e+00
1.56300e+03 4.48873e-14 0.00000e+00
1.56400e+03 4.54748e-14 0.00000e+00
1.56500e+03 4.56868e-14 0.00000e+00
1.56600e+03 4.55872e-14 0.00000e+00
1.56700e+03 4.42568e-14 0.00000e+00
1.56800e+03 4.48129e-14 0.00000e+00
1.56900e+03 4.46456e-14 0.00000e+00
1.57000e+03 4.57735e-14 0.00000e+00
1.57100e+03 4.62632e-14 0.00000e+00
1.57200e+03 4.16962e-14 0.00000e+00
1.57300e+03 4.33076e-14 0.00000e+00
1.57400e+03 4.39089e-14 0.00000e+00
1.57500e+03 4.30433e-14 0.00000e+00
1.57600e+03 4.29042e-14 0.00000e+00
1.57700e+03 4.15900e-14 0.00000e+00
1.57800e+03 4.11080e-14 0.00000e+00
1.57900e+03 4.24304e-14 0.00000e+00
1.58000e+03 4.63103e-14 0.00000e+00
1.58100e+03 4.37103e-14 0.00000e+00
1.58200e+03 4.20097e-14 0.00000e+00
1.58300e+03 4.31603e-14 0.00000e+00
1.58400e+03 3.99779e-14 0.00000e+00
1.58500e+03 4.17303e-14 0.00000e+00
1.58600e+03 4.24070e-14 0.00000e+00
1.58700e+03 4.23810e-14 0.00000e+00
1.58800e+03 3.98547e-14 0.00000e+00
1.58900e+03 4.08070e-14 0.00000e+00
1.59000e+03 3.97335e-14 0.00000e+00
1.59100e+03 3.78467e-14 0.00000e+00
1.59200e+03 4.23647e-14 0.00000e+00
1.59300e+03 4.10546e-14 0.00000e+00
1.59400e+03 3.64963e-14 0.00000e+00
1.59500e+03 3.66724e-14 0.00000e+00
1.59600e+03 4.00929e-14 0.00000e+00
1.59700e+03 3.86424e-14 0.00000e+00
1.59800e+03 3.96896e-14 0.00000e+00
1.59900e+03 3.82691e-14 0.00000e+00
1.60000e+03 3.86000e-14 0.00000e+00
1.60100e+03 3.66794e-14 0.00000e+00
1.60200e+03 4.05194e-14 0.00000e+00
1.60300e+03 3.92792e-14 0.00000e+00
1.60400e+03 3.91841e-14 0.00000e+00
1.60500e+03 4.16071e-14 0.00000e+00
1.60600e+03 3.86010e-14 0.00000e+00
1.60700e+03 3.79864e-14 0.00000e+00
1.60800e+03 3.55482e-14 0.00000e+00
1.60900e+03 3.61828e-14 0.00000e+00
1.61000e+03 3.67297e-14 0.00000e+00
1.61100e+03 3.44920e-14 0.00000e+00
1.61200e+03 3.61201e-14 0.00000e+00
1.61300e+03 3.65729e-14 0.00000e+00
1.61400e+03 3.48999e-14 0.00000e+00
1.61500e+03 3.60673e-14 0.00000e+00
1.61600e+03 3.47186e-14 0.00000e+00
1.61700e+03 3.58049e-14 0.00000e+00
1.61800e+03 3.62214e-14 0.00000e+00
1.61900e+03 3.29532e-14 0.00000e+00
1.62000e+03 3.40292e-14 0.00000e+00
1.62100e+03 3.23189e-14 0.00000e+00
1.62200e+03 3.39140e-14 0.00000e+00
1.62300e+03 3.62885e-14 0.00000e+00
1.62400e+03 3.30663e-14 0.00000e+00
1.62500e+03 3.48819e-14 0.00000e+00
1.62600e+03 3.39072e-14 0.00000e+00
1.62700e+03 3.30688e-14 0.00000e+00
1.62800e+03 3.36719e-14 0.00000e+00
1.62900e+03 3.21934e-14 0.00000e+00
1.63000e+03 3.35669e-14 0.00000e+00
1.63100e+03 3.33518e-14 0.00000e+00
1.63200e+03 3.38041e-14 0.00000e+00
1.63300e+03 3.20924e-14 0.00000e+00
1.63400e+03 3.17386e-14 0.00000e+00
1.63500e+03 3.31412e-14 0.00000e+00
1.63600e+03 3.13123e-14 0.00000e+00
1.63700e+03 3.42108e-14 0.00000e+00
1.63800e+03 3.10784e-14 0.00000e+00
1.63900e+03 3.20155e-14 0.00000e+00
1.64000e+03 2.86609e-14 0.00000e+00
1.64100e+03 3.07521e-14 0.00000e+00
1.64200e+03 3.47047e-14 0.00000e+00
1.64300e+03 3.24592e-14 0.00000e+00
1.64400e+03 3.19041e-14 0.00000e+00
1.64500e+03 3.02937e-14 0.00000e+00
1.64600e+03 3.01589e-14 0.00000e+00
1.64700e+03 2.88647e-14 0.00000e+00
1.64800e+03 3.00436e-14 0.00000e+00
1.64900e+03 2.95924e-14 0.00000e+00
1.65000e+03 2.97643e-14 0.00000e+00
1.65100e+03 3.02361e-14 0.00000e+00
1.65200e+03 2.88433e-14 0.00000e+00
1.65300e+03 2.94760e-14 0.00000e+00
1.65400e+03 2.83139e-14 0.00000e+00
1.65500e+03 2.95777e-14 0.00000e+00
1.65600e+03 2.94124e-14 0.00000e+00
1.65700e+03 2.98076e-14 0.00000e+00
1.65800e+03 2.80896e-14 0.00000e+00
1.65900e+03 2.73973e-14 0.00000e+00
1.66000e+03 2.85143e-14 0.00000e+00
1.66100e+03 2.74046e-14 0.00000e+00
1.66200e+03 2.68642e-14 0.00000e+00
1.66300e+03 2.69535e-14 0.00000e+00
1.66400e+03 2.67335e-14 0.00000e+00
1.66500e+03 2.57423e-14 0.00000e+00
1.66600e+03 2.65175e-14 0.00000e+00
1.66700e+03 2.44927e-14 0.00000e+00
1.66800e+03 2.84070e-14 0.00000e+00
1.66900e+03 2.62165e-14 0.00000e+00
1.67000e+03 2.87006e-14 0.00000e+00
1.67100e+03 2.51284e-14 0.00000e+00
1.67200e+03 2.45967e-14 0.00000e+00
1.67300e+03 2.69399e-14 0.00000e+00
1.67400e+03 2.61899e-14 0.00000e+00
1.67500e+03 2.69057e-14 0.00000e+00
1.67600e+03 2.45185e-14 0.00000e+00
1.67700e+03 2.53957e-14 0.00000e+00
1.67800e+03 2.68916e-14 0.00000e+00
1.67900e+03 2.49885e-14 0.00000e+00
1.68000e+03 2.41912e-14 0.00000e+00
1.68100e+03 2.41607e-14 0.00000e+00
1.68200e+03 2.54613e-14 0.00000e+00
1.68300e+03 2.48612e-14 0.00000e+00
1.68400e+03 2.42449e-14 0.00000e+00
1.68500e+03 2.52785e-14 0.00000e+00
1.68600e+03 2.50792e-14 0.00000e+00
1.68700e+03 2.54495e-14 0.00000e+00
1.68800e+03 2.45488e-14 0.00000e+00
1.68900e+03 2.50632e-14 0.00000e+00
1.69000e+03 2.20028e-14 0.00000e+00
1.69100e+03 2.38178e-14 0.00000e+00
1.69200e+03 2.48111e-14 0.00000e+00
1.69300e+03 2.36276e-14 0.00000e+00
1.69400e+03 2.32220e-14 0.00000e+00
1.69500e+03 2.36571e-14 0.00000e+00
1.69600e+03 2.34469e-14 0.00000e+00
1.69700e+03 2.35345e-14 0.00000e+00
1.69800e+03 2.24480e-14 0.00000e+00
1.69900e+03 2.23618e-14 0.00000e+00
1.70000e+03 2.21488e-14 0.00000e+00
1.70100e+03 2.36652e-14 0.00000e+00
1.70200e+03 2.26242e-14 0.00000e+00
1.70300e+03 2.31983e-14 0.00000e+00
1.70400e+03 2.28014e-14 0.00000e+00
1.70500e+03 2.26775e-14 0.00000e+00
1.70600e+03 2.21885e-14 0.00000e+00
1.70700e+03 2.26200e-14 0.00000e+00
1.70800e+03 2.06623e-14 0.00000e+00
1.70900e+03 2.19209e-14 0.00000e+00
1.71000e+03 2.17843e-14 0.00000e+00
1.71100e+03 2.22068e-14 0.00000e+00
1.71200e+03 2.12904e-14 0.00000e+00
1.71300e+03 2.23191e-14 0.00000e+00
1.71400e+03 1.98442e-14 0.00000e+00
1.71500e+03 2.10352e-14 0.00000e+00
1.71600e+03 2.26613e-14 0.00000e+00
1.71700e+03 2.00002e-14 0.00000e+00
1.71800e+03 2.04698e-14 0.00000e+00
1.71900e+03 2.12474e-14 0.00000e+00
1.72000e+03 2.09578e-14 0.00000e+00
1.72100e+03 1.98003e-14 0.00000e+00
1.72200e+03 2.03597e-14 0.00000e+00
1.72300e+03 2.04265e-14 0.00000e+00
1.72400e+03 2.09810e-14 0.00000e+00
1.72500e+03 2.05709e-14 0.00000e+00
1.72600e+03 2.01370e-14 0.00000e+00
1.72700e+03 2.06494e-14 0.00000e+00
1.72800e+03 1.96534e-14 0.00000e+00
1.72900e+03 1.95852e-14 0.00000e+00
1.73000e+03 2.03222e-14 0.00000e+00
1.73100e+03 1.77659e-14 0.00000e+00
1.73200e+03 1.91329e-14 0.00000e+00
1.73300e+03 1.94356e-14 0.00000e+00
1.73400e+03 1.88703e-14 0.00000e+00
1.73500e+03 1.86500e-14 0.00000e+00
1.73600e+03 1.97488e-14 0.00000e+00
1.73700e+03 1.98901e-14 0.00000e+00
1.73800e+03 1.85924e-14 0.00000e+00
1.73900e+03 1.85562e-14 0.00000e+00
1.74000e+03 1.80440e-14 0.00000e+00
1.74100e+03 1.75714e-14 0.00000e+00
1.74200e+03 1.77103e-14 0.00000e+00
1.74300e+03 1.80627e-14 0.00000e+00
1.74400e+03 1.85465e-14 0.00000e+00
1.74500e+03 1.77482e-14 0.00000e+00
1.74600e+03 1.73836e-14 0.00000e+00
1.74700e+03 1.73704e-14 0.00000e+00
1.74800e+03 1.85746e-14 0.00000e+00
1.74900e+03 1.71776e-14 0.00000e+00
1.75000e+03 1.69056e-14 0.00000e+00
1.75100e+03 1.69955e-14 0.00000e+00
1.75200e+03 1.79353e-14 0.00000e+00
1.75300e+03 1.74977e-14 0.00000e+00
1.75400e+03 1.67083e-14 0.00000e+00
1.75500e+03 1.69453e-14 0.00000e+00
1.75600e+03 1.72774e-14 0.00000e+00
1.75700e+03 1.73181e-14 0.00000e+00
1.75800e+03 1.74835e-14 0.00000e+00
1.75900e+03 1.75424e-14 0.00000e+00
1.76000e+03 1.67916e-14 0.00000e+00
1.76100e+03 1.73548e-14 0.00000e+00
1.76200e+03 1.62276e-14 0.00000e+00
1.76300e+03 1.55852e-14 0.00000e+00
1.76400e+03 1.63220e-14 0.00000e+00
1.76500e+03 1.81422e-14 0.00000e+00
1.76600e+03 1.68765e-14 0.00000e+00
1.76700e+03 1.57453e-14 0.00000e+00
1.76800e+03 1.54931e-14 0.00000e+00
1.76900e+03 1.50431e-14 0.00000e+00
1.77000e+03 1.49070e-14 0.00000e+00
1.77100e+03 1.56812e-14 0.00000e+00
1.77200e+03 1.48900e-14 0.00000e+00
1.77300e+03 1.72369e-14 0.00000e+00
1.77400e+03 1.46661e-14 0.00000e+00
1.77500e+03 1.46631e-14 0.00000e+00
1.77600e+03 1.66985e-14 0.00000e+00
1.77700e+03 1.58801e-14 0.00000e+00
1.77800e+03 1.53498e-14 0.00000e+00
1.77900e+03 1.51015e-14 0.00000e+00
1.78000e+03 1.44447e-14 0.00000e+00
1.78100e+03 1.52527e-14 0.00000e+00
1.78200e+03 1.47725e-14 0.00000e+00
1.78300e+03 1.47608e-14 0.00000e+00
1.78400e+03 1.38731e-14 0.00000e+00
1.78500e+03 1.54029e-14 0.00000e+00
1.78600e+03 1.44243e-14 0.00000e+00
1.78700e+03 1.38165e-14 0.00000e+00
1.78800e+03 1.46111e-14 0.00000e+00
1.78900e+03 1.46567e-14 0.00000e+00
1.79000e+03 1.40428e-14 0.00000e+00
1.79100e+03 1.33675e-14 0.00000e+00
1.79200e+03 1.35839e-14 0.00000e+00
1.79300e+03 1.32693e-14 0.00000e+00
1.79400e+03 1.39318e-14 0.00000e+00
1.79500e+03 1.32077e-14 0.00000e+00
1.79600e+03 1.34628e-14 0.00000e+00
1.79700e+03 1.36518e-14 0.00000e+00
1.79800e+03 1.38197e-14 0.00000e+00
1.79900e+03 1.33011e-14 0.00000e+00
1.80000e+03 1.31592e-14 0.00000e+00
1.80100e+03 1.30218e-14 0.00000e+00
1.80200e+03 1.33997e-14 0.00000e+00
1.80300e+03 1.35127e-14 0.00000e+00
1.80400e+03 1.34534e-14 0.00000e+00
1.80500e+03 1.35575e-14 0.00000e+00
1.80600e+03 1.22969e-14 0.00000e+00
1.80700e+03 1.31622e-14 0.00000e+00
1.80800e+03 1.25909e-14 0.00000e+00
1.80900e+03 1.24811e-14 0.00000e+00
1.81000e+03 1.25952e-14 0.00000e+00
1.81100e+03 1.21356e-14 0.00000e+00
1.81200e+03 1.34411e-14 0.00000e+00
1.81300e+03 1.19566e-14 0.00000e+00
1.81400e+03 1.35627e-14 0.00000e+00
1.81500e+03 1.29129e-14 0.00000e+00
1.81600e+03 1.22763e-14 0.00000e+00
1.81700e+03 1.23915e-14 0.00000e+00
1.81800e+03 1.16227e-14 0.00000e+00
1.81900e+03 1.19124e-14 0.00000e+00
1.82000e+03 1.35911e-14 0.00000e+00
1.82100e+03 1.16818e-14 0.00000e+00
1.82200e+03 1.19762e-14 0.00000e+00
1.82300e+03 1.09060e-14 0.00000e+00
1.82400e+03 1.19872e-14 0.00000e+00
1.82500e+03 1.15391e-14 0.00000e+00
1.82600e+03 1.10223e-14 0.00000e+00
1.82700e+03 1.05372e-14 0.00000e+00
1.82800e+03 1.21222e-14 0.00000e+00
1.82900e+03 1.11864e-14 0.00000e+00
1.83000e+03 1.11615e-14 0.00000e+00
1.83100e+03 1.07083e-14 0.00000e+00
1.83200e+03 1.09651e-14 0.00000e+00
1.83300e+03 1.11507e-14 0.00000e+00
1.83400e+03 1.15396e-14 0.00000e+00
1.83500e+03 1.17202e-14 0.00000e+00
1.83600e+03 1.13048e-14 0.00000e+00
1.83700e+03 1.15839e-14 0.00000e+00
1.83800e+03 1.17059e-14 0.00000e+00
1.83900e+03 1.10998e-14 0.00000e+00
1.84000e+03 1.11208e-14 0.00000e+00
1.84100e+03 1.08731e-14 0.00000e+00
1.84200e+03 1.06192e-14 0.00000e+00
1.84300e+03 9.77248e-15 0.00000e+00
1.84400e+03 1.08960e-14 0.00000e+00
1.84500e+03 1.02666e-14 0.00000e+00
1.84600e+03 9.92433e-15 0.00000e+00
1.84700e+03 1.02973e-14 0.00000e+00
1.84800e+03 1.04344e-14 0.00000e+00
1.84900e+03 1.04273e-14 0.00000e+00
1.85000e+03 1.01369e-14 0.00000e+00
1.85100e+03 9.76240e-15 0.00000e+00
1.85200e+03 9.62242e-15 0.00000e+00
1.85300e+03 1.01670e-14 0.00000e+00
1.85400e+03 9.53451e-15 0.00000e+00
1.85500e+03 1.00969e-14 0.00000e+00
1.85600e+03 1.01822e-14 0.00000e+00
1.85700e+03 9.35589e-15 0.00000e+00
1.85800e+03 9.30031e-15 0.00000e+00
1.85900e+03 9.66747e-15 0.00000e+00
1.86000e+03 9.94216e-15 0.00000e+00
1.86100e+03 9.27202e-15 0.00000e+00
1.86200e+03 9.78254e-15 0.00000e+00
1.86300e+03 9.18562e-15 0.00000e+00
1.86400e+03 9.90835e-15 0.00000e+00
1.86500e+03 9.42476e-15 0.00000e+00
1.86600e+03 9.01454e-15 0.00000e+00
1.86700e+03 9.30829e-15 0.00000e+00
1.86800e+03 9.11218e-15 0.00000e+00
1.86900e+03 8.84727e-15 0.00000e+00
1.87000e+03 8.97683e-15 0.00000e+00
1.87100e+03 9.15755e-15 0.00000e+00
1.87200e+03 8.59398e-15 0.00000e+00
1.87300e+03 8.66148e-15 0.00000e+00
1.87400e+03 8.90679e-15 0.00000e+00
1.87500e+03 8.54856e-15 0.00000e+00
1.87600e+03 8.73008e-15 0.00000e+00
1.87700e+03 8.38565e-15 0.00000e+00
1.87800e+03 8.61966e-15 0.00000e+00
1.87900e+03 8.11511e-15 0.00000e+00
1.88000e+03 8.11400e-15 0.00000e+00
1.88100e+03 8.55710e-15 0.00000e+00
1.88200e+03 7.97452e-15 0.00000e+00
1.88300e+03 9.07464e-15 0.00000e+00
1.88400e+03 8.38575e-15 0.00000e+00
1.88500e+03 8.26288e-15 0.00000e+00
1.88600e+03 7.58394e-15 0.00000e+00
1.88700e+03 8.47867e-15 0.00000e+00
1.88800e+03 7.83935e-15 0.00000e+00
1.88900e+03 8.53692e-15 0.00000e+00
1.89000e+03 8.43076e-15 0.00000e+00
1.89100e+03 8.13026e-15 0.00000e+00
1.89200e+03 7.91925e-15 0.00000e+00
1.89300e+03 7.34930e-15 0.00000e+00
1.89400e+03 8.15239e-15 0.00000e+00
1.89500e+03 7.47680e-15 0.00000e+00
1.89600e+03 7.37824e-15 0.00000e+00
1.89700e+03 7.75331e-15 0.00000e+00
1.89800e+03 7.81905e-15 0.00000e+00
1.89900e+03 7.55706e-15 0.00000e+00
1.90000e+03 7.44532e-15 0.00000e+00
1.90100e+03 6.80702e-15 0.00000e+00
1.90200e+03 7.81945e-15 0.00000e+00
1.90300e+03 7.36993e-15 0.00000e+00
1.90400e+03 7.50851e-15 0.00000e+00
1.90500e+03 7.02799e-15 0.00000e+00
1.90600e+03 7.07103e-15 0.00000e+00
1.90700e+03 6.66134e-15 0.00000e+00
1.90800e+03 8.18716e-15 0.00000e+00
1.90900e+03 7.47808e-15 0.00000e+00
1.91000e+03 6.77018e-15 0.00000e+00
1.91100e+03 6.37385e-15 0.00000e+00
1.91200e+03 7.08764e-15 0.00000e+00
1.91300e+03 7.09195e-15 0.00000e+00
1.91400e+03 6.92704e-15 0.00000e+00
1.91500e+03 6.91439e-15 0.00000e+00
1.91600e+03 7.27817e-15 0.00000e+00
1.91700e+03 7.12658e-15 0.00000e+00
1.91800e+03 6.66889e-15 0.00000e+00
1.91900e+03 6.86651e-15 0.00000e+00
1.92000e+03 6.98427e-15 0.00000e+00
1.92100e+03 6.56319e-15 0.00000e+00
1.92200e+03 6.95695e-15 0.00000e+00
1.92300e+03 6.76051e-15 0.00000e+00
1.92400e+03 6.76867e-15 0.00000e+00
1.92500e+03 6.34384e-15 0.00000e+00
1.92600e+03 6.51745e-15 0.00000e+00
1.92700e+03 7.02557e-15 0.00000e+00
1.92800e+03 6.51024e-15 0.00000e+00
1.92900e+03 6.41839e-15 0.00000e+00
1.93000e+03 6.28105e-15 0.00000e+00
1.93100e+03 6.50941e-15 0.00000e+00
1.93200e+03 5.99944e-15 0.00000e+00
1.93300e+03 6.44307e-15 0.00000e+00
1.93400e+03 6.32952e-15 0.00000e+00
1.93500e+03 5.96575e-15 0.00000e+00
1.93600e+03 6.53539e-15 0.00000e+00
1.93700e+03 6.21268e-15 0.00000e+00
1.93800e+03 6.18470e-15 0.00000e+00
1.93900e+03 6.02300e-15 0.00000e+00
1.94000e+03 5.67424e-15 0.00000e+00
1.94100e+03 6.02021e-15 0.00000e+00
1.94200e+03 5.88933e-15 0.00000e+00
1.94300e+03 6.01986e-15 0.00000e+00
1.94400e+03 6.19318e-15 0.00000e+00
1.94500e+03 5.68509e-15 0.00000e+00
1.94600e+03 5.92859e-15 0.00000e+00
1.94700e+03 5.75226e-15 0.00000e+00
1.94800e+03 5.76534e-15 0.00000e+00
1.94900e+03 6.15667e-15 0.00000e+00
1.95000e+03 5.52757e-15 0.00000e+00
1.95100e+03 5.73911e-15 0.00000e+00
1.95200e+03 5.81884e-15 0.00000e+00
1.95300e+03 5.37492e-15 0.00000e+00
1.95400e+03 5.82788e-15 0.00000e+00
1.95500e+03 5.50633e-15 0.00000e+00
1.95600e+03 5.53826e-15 0.00000e+00
1.95700e+03 5.39117e-15 0.00000e+00
1.95800e+03 5.75089e-15 0.00000e+00
1.95900e+03 5.58680e-15 0.00000e+00
1.96000e+03 5.39248e-15 0.00000e+00
1.96100e+03 5.37947e-15 0.00000e+00
1.96200e+03 5.06044e-15 0.00000e+00
1.96300e+03 5.45086e-15 0.00000e+00
1.96400e+03 5.29809e-15 0.00000e+00
1.96500e+03 5.43532e-15 0.00000e+00
1.96600e+03 5.34105e-15 0.00000e+00
1.96700e+03 5.45835e-15 0.00000e+00
1.96800e+03 5.24793e-15 0.00000e+00
1.96900e+03 4.82926e-15 0.00000e+00
1.97000e+03 5.30074e-15 0.00000e+00
1.97100e+03 5.02619e-15 0.00000e+00
1.97200e+03 5.20991e-15 0.00000e+00
1.97300e+03 4.81117e-15 0.00000e+00
1.97400e+03 5.01952e-15 0.00000e+00
1.97500e+03 4.74743e-15 0.00000e+00
1.97600e+03 4.82692e-15 0.00000e+00
1.97700e+03 5.03236e-15 0.00000e+00
1.97800e+03 4.74282e-15 0.00000e+00
1.97900e+03 4.80391e-15 0.00000e+00
1.98000e+03 4.56164e-15 0.00000e+00
1.98100e+03 4.66881e-15 0.00000e+00
1.98200e+03 4.68696e-15 0.00000e+00
1.98300e+03 4.56466e-15 0.00000e+00
1.98400e+03 4.45995e-15 0.00000e+00
1.98500e+03 4.56200e-15 0.00000e+00
1.98600e+03 4.81391e-15 0.00000e+00
1.98700e+03 4.64724e-15 0.00000e+00
1.98800e+03 4.74047e-15 0.00000e+00
1.98900e+03 4.39445e-15 0.00000e+00
1.99000e+03 4.44342e-15 0.00000e+00
1.99100e+03 4.43317e-15 0.00000e+00
1.99200e+03 4.46297e-15 0.00000e+00
1.99300e+03 4.36749e-15 0.00000e+00
1.99400e+03 4.42878e-15 0.00000e+00
1.99500e+03 4.38915e-15 0.00000e+00
1.99600e+03 4.18477e-15 0.00000e+00
1.99700e+03 4.30662e-15 0.00000e+00
1.99800e+03 3.96166e-15 0.00000e+00
1.99900e+03 4.33235e-15 0.00000e+00
2.00000e+03 4.26158e-15 0.00000e+00
