0.00000e+00 0.00000e+00 0.00000e+00
1.00000e+00 0.00000e+00 0.00000e+00
2.00000e+00 0.00000e+00 0.00000e+00
3.00000e+00 0.00000e+00 0.00000e+00
4.00000e+00 0.00000e+00 0.00000e+00
5.00000e+00 0.00000e+00 0.00000e+00
6.00000e+00 0.00000e+00 0.00000e+00
7.00000e+00 0.00000e+00 0.00000e+00
8.00000e+00 0.00000e+00 0.00000e+00
9.00000e+00 0.00000e+00 0.00000e+00
1.00000e+01 0.00000e+00 0.00000e+00
1.10000e+01 0.00000e+00 0.00000e+00
1.20000e+01 0.00000e+00 0.00000e+00
1.30000e+01 0.00000e+00 0.00000e+00
1.40000e+01 0.00000e+00 0.00000e+00
1.50000e+01 0.00000e+00 0.00000e+00
1.60000e+01 0.00000e+00 0.00000e+00
1.70000e+01 0.00000e+00 0.00000e+00
1.80000e+01 0.00000e+00 0.00000e+00
1.90000e+01 0.00000e+00 0.00000e+00
2.00000e+01 0.00000e+00 0.00000e+00
2.10000e+01 0.00000e+00 0.00000e+00
2.20000e+01 0.00000e+00 0.00000e+00
2.30000e+01 0.00000e+00 0.00000e+00
2.40000e+01 0.00000e+00 0.00000e+00
2.50000e+01 0.00000e+00 0.00000e+00
2.60000e+01 0.00000e+00 0.00000e+00
2.70000e+01 0.00000e+00 0.00000e+00
2.80000e+01 0.00000e+00 0.00000e+00
2.90000e+01 0.00000e+00 0.00000e+00
3.00000e+01 0.00000e+00 0.00000e+00
3.10000e+01 0.00000e+00 0.00000e+00
3.20000e+01 0.00000e+00 0.00000e+00
3.30000e+01 0.00000e+00 0.00000e+00
3.40000e+01 0.00000e+00 0.00000e+00
3.50000e+01 0.00000e+00 0.00000e+00
3.60000e+01 0.00000e+00 0.00000e+00
3.70000e+01 0.00000e+00 0.00000e+00
3.80000e+01 0.00000e+00 0.00000e+00
3.90000e+01 0.00000e+00 0.00000e+00
4.00000e+01 0.00000e+00 0.00000e+00
4.10000e+01 0.00000e+00 0.00000e+00
4.20000e+01 0.00000e+00 0.00000e+00
4.30000e+01 0.00000e+00 0.00000e+00
4.40000e+01 0.00000e+00 0.00000e+00
4.50000e+01 0.00000e+00 0.00000e+00
4.60000e+01 0.00000e+00 0.00000e+00
4.70000e+01 0.00000e+00 0.00000e+00
4.80000e+01 0.00000e+00 0.00000e+00
4.90000e+01 0.00000e+00 0.00000e+00
5.00000e+01 0.00000e+00 0.00000e+00
5.10000e+01 0.00000e+00 0.00000e+00
5.20000e+01 0.00000e+00 0.00000e+00
5.30000e+01 0.00000e+00 0.00000e+00
5.40000e+01 0.00000e+00 0.00000e+00
5.50000e+01 0.00000e+00 0.00000e+00
5.60000e+01 0.00000e+00 0.00000e+00
5.70000e+01 0.00000e+00 0.00000e+00
5.80000e+01 0.00000e+00 0.00000e+00
5.90000e+01 0.00000e+00 0.00000e+00
6.00000e+01 0.00000e+00 0.00000e+00
6.10000e+01 0.00000e+00 0.00000e+00
6.20000e+01 0.00000e+00 0.00000e+00
6.30000e+01 0.00000e+00 0.00000e+00
6.40000e+01 0.00000e+00 0.00000e+00
6.50000e+01 0.00000e+00 0.00000e+00
6.60000e+01 0.00000e+00 0.00000e+00
6.70000e+01 0.00000e+00 0.00000e+00
6.80000e+01 0.00000e+00 0.00000e+00
6.90000e+01 0.00000e+00 0.00000e+00
7.00000e+01 0.00000e+00 0.00000e+00
7.10000e+01 0.00000e+00 0.00000e+00
7.20000e+01 0.00000e+00 0.00000e+00
7.30000e+01 0.00000e+00 0.00000e+00
7.40000e+01 0.00000e+00 0.00000e+00
7.50000e+01 0.00000e+00 0.00000e+00
7.60000e+01 0.00000e+00 0.00000e+00
7.70000e+01 0.00000e+00 0.00000e+00
7.80000e+01 0.00000e+00 0.00000e+00
7.90000e+01 0.00000e+00 0.00000e+00
8.00000e+01 0.00000e+00 0.00000e+00
8.10000e+01 0.00000e+00 0.00000e+00
8.20000e+01 0.00000e+00 0.00000e+00
8.30000e+01 0.00000e+00 0.00000e+00
8.40000e+01 0.00000e+00 0.00000e+00
8.50000e+01 0.00000e+00 0.00000e+00
8.60000e+01 0.00000e+00 0.00000e+00
8.70000e+01 0.00000e+00 0.00000e+00
8.80000e+01 0.00000e+00 0.00000e+00
8.90000e+01 0.00000e+00 0.00000e+00
9.00000e+01 0.00000e+00 0.00000e+00
9.10000e+01 0.00000e+00 0.00000e+00
9.20000e+01 0.00000e+00 0.00000e+00
9.30000e+01 0.00000e+00 0.00000e+00
9.40000e+01 0.00000e+00 0.00000e+00
9.50000e+01 0.00000e+00 0.00000e+00
9.60000e+01 0.00000e+00 0.00000e+00
9.70000e+01 0.00000e+00 0.00000e+00
9.80000e+01 0.00000e+00 0.00000e+00
9.90000e+01 0.00000e+00 0.00000e+00
1.00000e+02 3.51216e-11 0.00000e+00
1.01000e+02 4.20385e-11 0.00000e+00
1.02000e+02 3.72236e-11 0.00000e+00
1.03000e+02 3.24590e-11 0.00000e+00
1.04000e+02 3.43442e-11 0.00000e+00
1.05000e+02 4.00099e-11 0.00000e+00
1.06000e+02 3.72493e-11 0.00000e+00
1.07000e+02 3.71583e-11 0.00000e+00
1.08000e+02 3.62662e-11 0.00000e+00
1.09000e+02 4.41954e-11 0.00000e+00
1.10000e+02 4.11842e-11 0.00000e+00
1.11000e+02 4.41086e-11 0.00000e+00
1.12000e+02 3.36265e-11 0.00000e+00
1.13000e+02 5.21666e-11 0.00000e+00
1.14000e+02 4.07258e-11 0.00000e+00
1.15000e+02 4.55887e-11 0.00000e+00
1.16000e+02 3.66418e-11 0.00000e+00
1.17000e+02 3.54033e-11 0.00000e+00
1.18000e+02 2.71787e-11 0.00000e+00
1.19000e+02 3.70078e-11 0.00000e+00
1.20000e+02 3.91550e-11 0.00000e+00
1.21000e+02 3.75692e-11 0.00000e+00
1.22000e+02 3.69888e-11 0.00000e+00
1.23000e+02 3.50095e-11 0.00000e+00
1.24000e+02 3.92658e-11 0.00000e+00
1.25000e+02 2.92938e-11 0.00000e+00
1.26000e+02 2.91411e-11 0.00000e+00
1.27000e+02 3.62961e-11 0.00000e+00
1.28000e+02 3.30158e-11 0.00000e+00
1.29000e+02 2.52765e-11 0.00000e+00
1.30000e+02 2.95161e-11 0.00000e+00
1.31000e+02 3.76508e-11 0.00000e+00
1.32000e+02 2.69592e-11 0.00000e+00
1.33000e+02 3.18927e-11 0.00000e+00
1.34000e+02 3.32614e-11 0.00000e+00
1.35000e+02 2.54419e-11 0.00000e+00
1.36000e+02 3.14352e-11 0.00000e+00
1.37000e+02 2.76266e-11 0.00000e+00
1.38000e+02 3.27747e-11 0.00000e+00
1.39000e+02 3.00306e-11 0.00000e+00
1.40000e+02 3.04433e-11 0.00000e+00
1.41000e+02 3.29759e-11 0.00000e+00
1.42000e+02 2.82392e-11 0.00000e+00
1.43000e+02 3.07462e-11 0.00000e+00
1.44000e+02 2.86184e-11 0.00000e+00
1.45000e+02 3.26838e-11 0.00000e+00
1.46000e+02 3.25774e-11 0.00000e+00
1.47000e+02 2.42897e-11 0.00000e+00
1.48000e+02 2.99105e-11 0.00000e+00
1.49000e+02 2.61235e-11 0.00000e+00
1.50000e+02 3.09406e-11 0.00000e+00
1.51000e+02 2.66395e-11 0.00000e+00
1.52000e+02 2.46923e-11 0.00000e+00
1.53000e+02 2.24371e-11 0.00000e+00
1.54000e+02 3.11857e-11 0.00000e+00
1.55000e+02 2.87099e-11 0.00000e+00
1.56000e+02 2.17060e-11 0.00000e+00
1.57000e+02 2.95253e-11 0.00000e+00
1.58000e+02 2.40368e-11 0.00000e+00
1.59000e+02 2.39005e-11 0.00000e+00
1.60000e+02 2.61699e-11 0.00000e+00
1.61000e+02 2.35516e-11 0.00000e+00
1.62000e+02 2.54882e-11 0.00000e+00
1.63000e+02 2.45896e-11 0.00000e+00
1.64000e+02 2.83274e-11 0.00000e+00
1.65000e+02 2.10944e-11 0.00000e+00
1.66000e+02 2.33872e-11 0.00000e+00
1.67000e+02 2.78421e-11 0.00000e+00
1.68000e+02 2.19164e-11 0.00000e+00
1.69000e+02 2.70236e-11 0.00000e+00
1.70000e+02 2.87980e-11 0.00000e+00
1.71000e+02 2.53931e-11 0.00000e+00
1.72000e+02 2.51176e-11 0.00000e+00
1.73000e+02 2.57229e-11 0.00000e+00
1.74000e+02 2.14303e-11 0.00000e+00
1.75000e+02 2.49790e-11 0.00000e+00
1.76000e+02 2.61502e-11 0.00000e+00
1.77000e+02 1.96509e-11 0.00000e+00
1.78000e+02 2.30547e-11 0.00000e+00
1.79000e+02 2.54704e-11 0.00000e+00
1.80000e+02 2.74777e-11 0.00000e+00
1.81000e+02 2.27551e-11 0.00000e+00
1.82000e+02 2.88669e-11 0.00000e+00
1.83000e+02 2.21562e-11 0.00000e+00
1.84000e+02 2.59372e-11 0.00000e+00
1.85000e+02 2.48335e-11 0.00000e+00
1.86000e+02 2.27618e-11 0.00000e+00
1.87000e+02 2.32892e-11 0.00000e+00
1.88000e+02 2.62549e-11 0.00000e+00
1.89000e+02 2.34857e-11 0.00000e+00
1.90000e+02 1.95379e-11 0.00000e+00
1.91000e+02 1.73313e-11 0.00000e+00
1.92000e+02 1.93103e-11 0.00000e+00
1.93000e+02 2.27894e-11 0.00000e+00
1.94000e+02 2.07919e-11 0.00000e+00
1.95000e+02 2.01634e-11 0.00000e+00
1.96000e+02 2.01153e-11 0.00000e+00
1.97000e+02 1.76476e-11 0.00000e+00
1.98000e+02 2.33684e-11 0.00000e+00
1.99000e+02 2.11293e-11 0.00000e+00
2.00000e+02 2.02884e-11 0.00000e+00
2.01000e+02 2.10434e-11 0.00000e+00
2.02000e+02 1.84091e-11 0.00000e+00
2.03000e+02 2.28299e-11 0.00000e+00
2.04000e+02 2.02948e-11 0.00000e+00
2.05000e+02 1.80035e-11 0.00000e+00
2.06000e+02 2.49499e-11 0.00000e+00
2.07000e+02 1.90854e-11 0.00000e+00
2.08000e+02 1.99015e-11 0.00000e+00
2.09000e+02 1.65358e-11 0.00000e+00
2.10000e+02 2.42620e-11 0.00000e+00
2.11000e+02 1.73985e-11 0.00000e+00
2.12000e+02 2.25467e-11 0.00000e+00
2.13000e+02 1.87499e-11 0.00000e+00
2.14000e+02 2.01648e-11 0.00000e+00
2.15000e+02 1.82427e-11 0.00000e+00
2.16000e+02 2.22431e-11 0.00000e+00
2.17000e+02 1.99135e-11 0.00000e+00
2.18000e+02 2.21034e-11 0.00000e+00
2.19000e+02 2.10704e-11 0.00000e+00
2.20000e+02 1.77209e-11 0.00000e+00
2.21000e+02 1.99483e-11 0.00000e+00
2.22000e+02 1.91714e-11 0.00000e+00
2.23000e+02 1.80862e-11 0.00000e+00
2.24000e+02 2.03193e-11 0.00000e+00
2.25000e+02 1.93968e-11 0.00000e+00
2.26000e+02 2.01329e-11 0.00000e+00
2.27000e+02 1.87705e-11 0.00000e+00
2.28000e+02 1.73535e-11 0.00000e+00
2.29000e+02 2.05474e-11 0.00000e+00
2.30000e+02 1.93220e-11 0.00000e+00
2.31000e+02 2.14203e-11 0.00000e+00
2.32000e+02 1.87612e-11 0.00000e+00
2.33000e+02 1.76782e-11 0.00000e+00
2.34000e+02 1.89318e-11 0.00000e+00
2.35000e+02 1.75526e-11 0.00000e+00
2.36000e+02 1.88554e-11 0.00000e+00
2.37000e+02 1.56482e-11 0.00000e+00
2.38000e+02 1.70751e-11 0.00000e+00
2.39000e+02 1.92637e-11 0.00000e+00
2.40000e+02 1.72023e-11 0.00000e+00
2.41000e+02 2.12578e-11 0.00000e+00
2.42000e+02 1.97971e-11 0.00000e+00
2.43000e+02 1.70277e-11 0.00000e+00
2.44000e+02 1.61615e-11 0.00000e+00
2.45000e+02 2.01627e-11 0.00000e+00
2.46000e+02 1.86938e-11 0.00000e+00
2.47000e+02 1.67873e-11 0.00000e+00
2.48000e+02 1.74390e-11 0.00000e+00
2.49000e+02 1.76344e-11 0.00000e+00
2.50000e+02 1.64562e-11 0.00000e+00
2.51000e+02 1.96821e-11 0.00000e+00
2.52000e+02 1.69306e-11 0.00000e+00
2.53000e+02 1.59845e-11 0.00000e+00
2.54000e+02 1.81899e-11 0.00000e+00
2.55000e+02 1.72228e-11 0.00000e+00
2.56000e+02 1.60252e-11 0.00000e+00
2.57000e+02 1.67983e-11 0.00000e+00
2.58000e+02 1.59240e-11 0.00000e+00
2.59000e+02 1.73485e-11 0.00000e+00
2.60000e+02 1.90162e-11 0.00000e+00
2.61000e+02 1.72920e-11 0.00000e+00
2.62000e+02 1.55839e-11 0.00000e+00
2.63000e+02 1.85141e-11 0.00000e+00
2.64000e+02 1.63940e-11 0.00000e+00
2.65000e+02 1.73431e-11 0.00000e+00
2.66000e+02 1.64989e-11 0.00000e+00
2.67000e+02 1.83525e-11 0.00000e+00
2.68000e+02 1.51483e-11 0.00000e+00
2.69000e+02 1.71230e-11 0.00000e+00
2.70000e+02 1.75652e-11 0.00000e+00
2.71000e+02 1.67044e-11 0.00000e+00
2.72000e+02 1.47147e-11 0.00000e+00
2.73000e+02 1.75955e-11 0.00000e+00
2.74000e+02 1.81454e-11 0.00000e+00
2.75000e+02 1.62803e-11 0.00000e+00
2.76000e+02 1.41887e-11 0.00000e+00
2.77000e+02 1.46774e-11 0.00000e+00
2.78000e+02 1.67922e-11 0.00000e+00
2.79000e+02 1.60934e-11 0.00000e+00
2.80000e+02 1.45778e-11 0.00000e+00
2.81000e+02 1.70641e-11 0.00000e+00
2.82000e+02 1.49625e-11 0.00000e+00
2.83000e+02 1.30303e-11 0.00000e+00
2.84000e+02 1.53321e-11 0.00000e+00
2.85000e+02 1.71586e-11 0.00000e+00
2.86000e+02 1.88844e-11 0.00000e+00
2.87000e+02 1.52069e-11 0.00000e+00
2.88000e+02 1.66528e-11 0.00000e+00
2.89000e+02 1.36959e-11 0.00000e+00
2.90000e+02 1.77191e-11 0.00000e+00
2.91000e+02 1.46281e-11 0.00000e+00
2.92000e+02 1.54829e-11 0.00000e+00
2.93000e+02 1.33725e-11 0.00000e+00
2.94000e+02 1.54095e-11 0.00000e+00
2.95000e+02 1.58939e-11 0.00000e+00
2.96000e+02 1.70335e-11 0.00000e+00
2.97000e+02 1.37194e-11 0.00000e+00
2.98000e+02 1.71160e-11 0.00000e+00
2.99000e+02 1.58080e-11 0.00000e+00
3.00000e+02 1.38898e-11 0.00000e+00
3.01000e+02 1.48847e-11 0.00000e+00
3.02000e+02 1.62417e-11 0.00000e+00
3.03000e+02 1.41233e-11 0.00000e+00
3.04000e+02 1.58860e-11 0.00000e+00
3.05000e+02 1.44724e-11 0.00000e+00
3.06000e+02 1.71617e-11 0.00000e+00
3.07000e+02 1.60785e-11 0.00000e+00
3.08000e+02 1.57477e-11 0.00000e+00
3.09000e+02 1.64590e-11 0.00000e+00
3.10000e+02 1.76505e-11 0.00000e+00
3.11000e+02 1.31870e-11 0.00000e+00
3.12000e+02 1.48622e-11 0.00000e+00
3.13000e+02 1.59603e-11 0.00000e+00
3.14000e+02 1.28032e-11 0.00000e+00
3.15000e+02 1.39395e-11 0.00000e+00
3.16000e+02 1.49514e-11 0.00000e+00
3.17000e+02 1.31715e-11 0.00000e+00
3.18000e+02 1.50681e-11 0.00000e+00
3.19000e+02 1.30391e-11 0.00000e+00
3.20000e+02 1.38792e-11 0.00000e+00
3.21000e+02 1.50314e-11 0.00000e+00
3.22000e+02 1.57871e-11 0.00000e+00
3.23000e+02 1.54224e-11 0.00000e+00
3.24000e+02 1.28171e-11 0.00000e+00
3.25000e+02 1.31689e-11 0.00000e+00
3.26000e+02 1.29609e-11 0.00000e+00
3.27000e+02 1.52729e-11 0.00000e+00
3.28000e+02 1.35547e-11 0.00000e+00
3.29000e+02 1.38512e-11 0.00000e+00
3.30000e+02 1.27023e-11 0.00000e+00
3.31000e+02 1.57936e-11 0.00000e+00
3.32000e+02 1.17039e-11 0.00000e+00
3.33000e+02 1.31801e-11 0.00000e+00
3.34000e+02 1.50682e-11 0.00000e+00
3.35000e+02 1.41926e-11 0.00000e+00
3.36000e+02 1.55492e-11 0.00000e+00
3.37000e+02 1.70284e-11 0.00000e+00
3.38000e+02 1.22607e-11 0.00000e+00
3.39000e+02 1.37518e-11 0.00000e+00
3.40000e+02 1.37917e-11 0.00000e+00
3.41000e+02 1.45527e-11 0.00000e+00
3.42000e+02 1.24630e-11 0.00000e+00
3.43000e+02 1.31737e-11 0.00000e+00
3.44000e+02 1.40361e-11 0.00000e+00
3.45000e+02 1.37455e-11 0.00000e+00
3.46000e+02 1.44661e-11 0.00000e+00
3.47000e+02 1.04790e-11 0.00000e+00
3.48000e+02 1.34128e-11 0.00000e+00
3.49000e+02 1.31789e-11 0.00000e+00
3.50000e+02 1.29673e-11 0.00000e+00
3.51000e+02 1.30593e-11 0.00000e+00
3.52000e+02 1.48124e-11 0.00000e+00
3.53000e+02 1.28807e-11 0.00000e+00
3.54000e+02 1.28953e-11 0.00000e+00
3.55000e+02 1.29958e-11 0.00000e+00
3.56000e+02 1.36411e-11 0.00000e+00
3.57000e+02 1.14201e-11 0.00000e+00
3.58000e+02 1.50492e-11 0.00000e+00
3.59000e+02 1.16649e-11 0.00000e+00
3.60000e+02 1.28078e-11 0.00000e+00
3.61000e+02 1.19776e-11 0.00000e+00
3.62000e+02 1.37090e-11 0.00000e+00
3.63000e+02 1.27329e-11 0.00000e+00
3.64000e+02 1.20757e-11 0.00000e+00
3.65000e+02 1.16784e-11 0.00000e+00
3.66000e+02 1.30034e-11 0.00000e+00
3.67000e+02 1.33763e-11 0.00000e+00
3.68000e+02 1.50155e-11 0.00000e+00
3.69000e+02 1.29276e-11 0.00000e+00
3.70000e+02 1.24133e-11 0.00000e+00
3.71000e+02 1.14548e-11 0.00000e+00
3.72000e+02 1.33331e-11 0.00000e+00
3.73000e+02 1.20007e-11 0.00000e+00
3.74000e+02 1.30893e-11 0.00000e+00
3.75000e+02 1.28994e-11 0.00000e+00
3.76000e+02 1.31031e-11 0.00000e+00
3.77000e+02 1.23720e-11 0.00000e+00
3.78000e+02 1.32854e-11 0.00000e+00
3.79000e+02 1.07221e-11 0.00000e+00
3.80000e+02 1.37169e-11 0.00000e+00
3.81000e+02 1.16415e-11 0.00000e+00
3.82000e+02 1.32533e-11 0.00000e+00
3.83000e+02 1.41143e-11 0.00000e+00
3.84000e+02 1.17065e-11 0.00000e+00
3.85000e+02 1.16389e-11 0.00000e+00
3.86000e+02 1.13170e-11 0.00000e+00
3.87000e+02 1.22723e-11 0.00000e+00
3.88000e+02 1.21806e-11 0.00000e+00
3.89000e+02 1.19694e-11 0.00000e+00
3.90000e+02 1.16779e-11 0.00000e+00
3.91000e+02 1.07888e-11 0.00000e+00
3.92000e+02 1.45683e-11 0.00000e+00
3.93000e+02 1.21629e-11 0.00000e+00
3.94000e+02 1.03383e-11 0.00000e+00
3.95000e+02 1.14903e-11 0.00000e+00
3.96000e+02 1.24325e-11 0.00000e+00
3.97000e+02 1.25464e-11 0.00000e+00
3.98000e+02 1.28137e-11 0.00000e+00
3.99000e+02 1.18022e-11 0.00000e+00
4.00000e+02 1.12700e-11 0.00000e+00
4.01000e+02 1.21606e-11 0.00000e+00
4.02000e+02 1.15515e-11 0.00000e+00
4.03000e+02 1.24898e-11 0.00000e+00
4.04000e+02 1.22338e-11 0.00000e+00
4.05000e+02 1.22935e-11 0.00000e+00
4.06000e+02 1.06205e-11 0.00000e+00
4.07000e+02 1.26468e-11 0.00000e+00
4.08000e+02 1.21793e-11 0.00000e+00
4.09000e+02 1.07135e-11 0.00000e+00
4.10000e+02 1.10963e-11 0.00000e+00
4.11000e+02 1.20895e-11 0.00000e+00
4.12000e+02 9.81885e-12 0.00000e+00
4.13000e+02 1.24646e-11 0.00000e+00
4.14000e+02 1.22454e-11 0.00000e+00
4.15000e+02 1.13876e-11 0.00000e+00
4.16000e+02 1.11302e-11 0.00000e+00
4.17000e+02 1.00131e-11 0.00000e+00
4.18000e+02 1.06438e-11 0.00000e+00
4.19000e+02 1.14365e-11 0.00000e+00
4.20000e+02 1.09510e-11 0.00000e+00
4.21000e+02 1.11542e-11 0.00000e+00
4.22000e+02 9.66403e-12 0.00000e+00
4.23000e+02 1.05693e-11 0.00000e+00
4.24000e+02 1.19306e-11 0.00000e+00
4.25000e+02 1.05890e-11 0.00000e+00
4.26000e+02 1.02312e-11 0.00000e+00
4.27000e+02 1.20630e-11 0.00000e+00
4.28000e+02 9.94255e-12 0.00000e+00
4.29000e+02 8.98492e-12 0.00000e+00
4.30000e+02 1.11113e-11 0.00000e+00
4.31000e+02 1.04154e-11 0.00000e+00
4.32000e+02 1.08976e-11 0.00000e+00
4.33000e+02 9.79180e-12 0.00000e+00
4.34000e+02 1.28477e-11 0.00000e+00
4.35000e+02 1.07165e-11 0.00000e+00
4.36000e+02 1.10474e-11 0.00000e+00
4.37000e+02 1.08584e-11 0.00000e+00
4.38000e+02 1.03017e-11 0.00000e+00
4.39000e+02 1.08181e-11 0.00000e+00
4.40000e+02 1.11883e-11 0.00000e+00
4.41000e+02 9.19384e-12 0.00000e+00
4.42000e+02 1.11206e-11 0.00000e+00
4.43000e+02 1.06748e-11 0.00000e+00
4.44000e+02 1.11552e-11 0.00000e+00
4.45000e+02 1.11446e-11 0.00000e+00
4.46000e+02 1.00652e-11 0.00000e+00
4.47000e+02 1.00408e-11 0.00000e+00
4.48000e+02 1.10781e-11 0.00000e+00
4.49000e+02 1.15313e-11 0.00000e+00
4.50000e+02 1.13306e-11 0.00000e+00
4.51000e+02 1.13182e-11 0.00000e+00
4.52000e+02 1.20493e-11 0.00000e+00
4.53000e+02 1.14780e-11 0.00000e+00
4.54000e+02 1.02572e-11 0.00000e+00
4.55000e+02 1.01683e-11 0.00000e+00
4.56000e+02 9.94278e-12 0.00000e+00
4.57000e+02 1.07958e-11 0.00000e+00
4.58000e+02 1.05054e-11 0.00000e+00
4.59000e+02 1.03159e-11 0.00000e+00
4.60000e+02 9.90993e-12 0.00000e+00
4.61000e+02 1.10995e-11 0.00000e+00
4.62000e+02 1.18061e-11 0.00000e+00
4.63000e+02 1.02067e-11 0.00000e+00
4.64000e+02 9.57617e-12 0.00000e+00
4.65000e+02 9.57557e-12 0.00000e+00
4.66000e+02 8.90898e-12 0.00000e+00
4.67000e+02 9.86881e-12 0.00000e+00
4.68000e+02 1.13650e-11 0.00000e+00
4.69000e+02 9.76854e-12 0.00000e+00
4.70000e+02 9.77118e-12 0.00000e+00
4.71000e+02 9.12512e-12 0.00000e+00
4.72000e+02 1.10945e-11 0.00000e+00
4.73000e+02 9.72219e-12 0.00000e+00
4.74000e+02 1.05818e-11 0.00000e+00
4.75000e+02 1.01473e-11 0.00000e+00
4.76000e+02 1.00664e-11 0.00000e+00
4.77000e+02 9.56190e-12 0.00000e+00
4.78000e+02 1.04619e-11 0.00000e+00
4.79000e+02 1.08474e-11 0.00000e+00
4.80000e+02 9.69318e-12 0.00000e+00
4.81000e+02 9.90059e-12 0.00000e+00
4.82000e+02 9.84332e-12 0.00000e+00
4.83000e+02 1.02741e-11 0.00000e+00
4.84000e+02 1.08733e-11 0.00000e+00
4.85000e+02 9.66574e-12 0.00000e+00
4.86000e+02 9.08257e-12 0.00000e+00
4.87000e+02 1.01752e-11 0.00000e+00
4.88000e+02 8.62876e-12 0.00000e+00
4.89000e+02 1.03358e-11 0.00000e+00
4.90000e+02 1.04213e-11 0.00000e+00
4.91000e+02 9.46187e-12 0.00000e+00
4.92000e+02 1.06757e-11 0.00000e+00
4.93000e+02 1.13173e-11 0.00000e+00
4.94000e+02 1.10043e-11 0.00000e+00
4.95000e+02 9.78021e-12 0.00000e+00
4.96000e+02 1.05382e-11 0.00000e+00
4.97000e+02 9.92988e-12 0.00000e+00
4.98000e+02 1.00612e-11 0.00000e+00
4.99000e+02 9.64103e-12 0.00000e+00
5.00000e+02 8.79017e-12 0.00000e+00
5.01000e+02 9.95420e-12 0.00000e+00
5.02000e+02 1.03248e-11 0.00000e+00
5.03000e+02 9.37928e-12 0.00000e+00
5.04000e+02 1.00816e-11 0.00000e+00
5.05000e+02 9.82078e-12 0.00000e+00
5.06000e+02 9.04201e-12 0.00000e+00
5.07000e+02 9.36145e-12 0.00000e+00
5.08000e+02 1.03723e-11 0.00000e+00
5.09000e+02 9.69271e-12 0.00000e+00
5.10000e+02 9.82455e-12 0.00000e+00
5.11000e+02 9.70872e-12 0.00000e+00
5.12000e+02 1.01545e-11 0.00000e+00
5.13000e+02 9.00306e-12 0.00000e+00
5.14000e+02 9.28266e-12 0.00000e+00
5.15000e+02 8.75068e-12 0.00000e+00
5.16000e+02 8.99397e-12 0.00000e+00
5.17000e+02 9.61844e-12 0.00000e+00
5.18000e+02 8.64904e-12 0.00000e+00
5.19000e+02 1.02533e-11 0.00000e+00
5.20000e+02 8.87729e-12 0.00000e+00
5.21000e+02 8.70970e-12 0.00000e+00
5.22000e+02 9.25982e-12 0.00000e+00
5.23000e+02 9.33633e-12 0.00000e+00
5.24000e+02 8.22348e-12 0.00000e+00
5.25000e+02 9.48612e-12 0.00000e+00
5.26000e+02 7.95505e-12 0.00000e+00
5.27000e+02 8.48326e-12 0.00000e+00
5.28000e+02 9.54682e-12 0.00000e+00
5.29000e+02 9.02435e-12 0.00000e+00
5.30000e+02 8.55009e-12 0.00000e+00
5.31000e+02 8.98566e-12 0.00000e+00
5.32000e+02 8.56818e-12 0.00000e+00
5.33000e+02 8.99006e-12 0.00000e+00
5.34000e+02 9.18367e-12 0.00000e+00
5.35000e+02 8.27968e-12 0.00000e+00
5.36000e+02 9.81916e-12 0.00000e+00
5.37000e+02 9.24711e-12 0.00000e+00
5.38000e+02 7.66894e-12 0.00000e+00
5.39000e+02 9.50086e-12 0.00000e+00
5.40000e+02 9.81491e-12 0.00000e+00
5.41000e+02 9.47292e-12 0.00000e+00
5.42000e+02 8.73563e-12 0.00000e+00
5.43000e+02 8.04916e-12 0.00000e+00
5.44000e+02 8.52417e-12 0.00000e+00
5.45000e+02 1.04560e-11 0.00000e+00
5.46000e+02 8.29161e-12 0.00000e+00
5.47000e+02 8.97831e-12 0.00000e+00
5.48000e+02 8.74095e-12 0.00000e+00
5.49000e+02 9.03844e-12 0.00000e+00
5.50000e+02 8.52864e-12 0.00000e+00
5.51000e+02 8.04737e-12 0.00000e+00
5.52000e+02 9.02963e-12 0.00000e+00
5.53000e+02 8.94609e-12 0.00000e+00
5.54000e+02 8.03455e-12 0.00000e+00
5.55000e+02 7.64717e-12 0.00000e+00
5.56000e+02 9.49793e-12 0.00000e+00
5.57000e+02 9.13279e-12 0.00000e+00
5.58000e+02 8.04596e-12 0.00000e+00
5.59000e+02 9.19981e-12 0.00000e+00
5.60000e+02 8.69274e-12 0.00000e+00
5.61000e+02 8.76873e-12 0.00000e+00
5.62000e+02 7.75064e-12 0.00000e+00
5.63000e+02 8.85707e-12 0.00000e+00
5.64000e+02 8.39199e-12 0.00000e+00
5.65000e+02 8.28975e-12 0.00000e+00
5.66000e+02 7.64392e-12 0.00000e+00
5.67000e+02 7.91768e-12 0.00000e+00
5.68000e+02 7.91662e-12 0.00000e+00
5.69000e+02 8.18798e-12 0.00000e+00
5.70000e+02 8.06127e-12 0.00000e+00
5.71000e+02 8.87683e-12 0.00000e+00
5.72000e+02 9.26488e-12 0.00000e+00
5.73000e+02 9.06722e-12 0.00000e+00
5.74000e+02 7.96976e-12 0.00000e+00
5.75000e+02 7.59954e-12 0.00000e+00
5.76000e+02 8.54887e-12 0.00000e+00
5.77000e+02 8.06694e-12 0.00000e+00
5.78000e+02 8.20015e-12 0.00000e+00
5.79000e+02 8.36569e-12 0.00000e+00
5.80000e+02 7.69941e-12 0.00000e+00
5.81000e+02 8.12742e-12 0.00000e+00
5.82000e+02 7.11633e-12 0.00000e+00
5.83000e+02 7.96236e-12 0.00000e+00
5.84000e+02 8.77299e-12 0.00000e+00
5.85000e+02 8.36060e-12 0.00000e+00
5.86000e+02 7.59372e-12 0.00000e+00
5.87000e+02 8.53542e-12 0.00000e+00
5.88000e+02 7.01426e-12 0.00000e+00
5.89000e+02 7.77198e-12 0.00000e+00
5.90000e+02 8.07453e-12 0.00000e+00
5.91000e+02 8.63546e-12 0.00000e+00
5.92000e+02 8.93067e-12 0.00000e+00
5.93000e+02 8.95424e-12 0.00000e+00
5.94000e+02 8.08461e-12 0.00000e+00
5.95000e+02 7.95148e-12 0.00000e+00
5.96000e+02 8.29695e-12 0.00000e+00
5.97000e+02 7.24749e-12 0.00000e+00
5.98000e+02 7.65699e-12 0.00000e+00
5.99000e+02 7.87841e-12 0.00000e+00
6.00000e+02 8.28168e-12 0.00000e+00
6.01000e+02 8.31620e-12 0.00000e+00
6.02000e+02 8.00575e-12 0.00000e+00
6.03000e+02 8.15476e-12 0.00000e+00
6.04000e+02 8.08643e-12 0.00000e+00
6.05000e+02 7.37032e-12 0.00000e+00
6.06000e+02 7.72098e-12 0.00000e+00
6.07000e+02 7.47888e-12 0.00000e+00
6.08000e+02 7.99859e-12 0.00000e+00
6.09000e+02 7.13025e-12 0.00000e+00
6.10000e+02 7.93800e-12 0.00000e+00
6.11000e+02 7.34651e-12 0.00000e+00
6.12000e+02 8.11207e-12 0.00000e+00
6.13000e+02 7.64190e-12 0.00000e+00
6.14000e+02 7.84817e-12 0.00000e+00
6.15000e+02 7.62447e-12 0.00000e+00
6.16000e+02 7.40715e-12 0.00000e+00
6.17000e+02 7.85900e-12 0.00000e+00
6.18000e+02 7.26767e-12 0.00000e+00
6.19000e+02 7.70703e-12 0.00000e+00
6.20000e+02 8.27609e-12 0.00000e+00
6.21000e+02 7.65760e-12 0.00000e+00
6.22000e+02 7.23629e-12 0.00000e+00
6.23000e+02 7.78714e-12 0.00000e+00
6.24000e+02 8.33960e-12 0.00000e+00
6.25000e+02 7.25586e-12 0.00000e+00
6.26000e+02 7.00201e-12 0.00000e+00
6.27000e+02 7.62626e-12 0.00000e+00
6.28000e+02 7.90341e-12 0.00000e+00
6.29000e+02 7.71600e-12 0.00000e+00
6.30000e+02 7.27106e-12 0.00000e+00
6.31000e+02 7.47875e-12 0.00000e+00
6.32000e+02 7.63208e-12 0.00000e+00
6.33000e+02 6.79446e-12 0.00000e+00
6.34000e+02 7.46162e-12 0.00000e+00
6.35000e+02 7.56845e-12 0.00000e+00
6.36000e+02 8.11593e-12 0.00000e+00
6.37000e+02 7.98099e-12 0.00000e+00
6.38000e+02 7.29407e-12 0.00000e+00
6.39000e+02 7.27618e-12 0.00000e+00
6.40000e+02 7.78178e-12 0.00000e+00
6.41000e+02 7.63349e-12 0.00000e+00
6.42000e+02 6.84800e-12 0.00000e+00
6.43000e+02 7.66554e-12 0.00000e+00
6.44000e+02 8.51627e-12 0.00000e+00
6.45000e+02 7.27681e-12 0.00000e+00
6.46000e+02 7.89297e-12 0.00000e+00
6.47000e+02 7.14656e-12 0.00000e+00
6.48000e+02 6.72941e-12 0.00000e+00
6.49000e+02 6.86533e-12 0.00000e+00
6.50000e+02 7.68468e-12 0.00000e+00
6.51000e+02 7.23778e-12 0.00000e+00
6.52000e+02 7.76519e-12 0.00000e+00
6.53000e+02 7.30811e-12 0.00000e+00
6.54000e+02 7.19606e-12 0.00000e+00
6.55000e+02 7.01054e-12 0.00000e+00
6.56000e+02 8.09685e-12 0.00000e+00
6.57000e+02 7.72845e-12 0.00000e+00
6.58000e+02 7.39364e-12 0.00000e+00
6.59000e+02 7.66056e-12 0.00000e+00
6.60000e+02 6.53819e-12 0.00000e+00
6.61000e+02 6.80032e-12 0.00000e+00
6.62000e+02 7.10496e-12 0.00000e+00
6.63000e+02 6.83826e-12 0.00000e+00
6.64000e+02 6.99711e-12 0.00000e+00
6.65000e+02 7.41793e-12 0.00000e+00
6.66000e+02 7.30497e-12 0.00000e+00
6.67000e+02 7.44883e-12 0.00000e+00
6.68000e+02 6.18291e-12 0.00000e+00
6.69000e+02 7.16616e-12 0.00000e+00
6.70000e+02 6.54224e-12 0.00000e+00
6.71000e+02 7.90336e-12 0.00000e+00
6.72000e+02 6.62923e-12 0.00000e+00
6.73000e+02 6.71827e-12 0.00000e+00
6.74000e+02 6.86778e-12 0.00000e+00
6.75000e+02 6.45192e-12 0.00000e+00
6.76000e+02 7.35256e-12 0.00000e+00
6.77000e+02 6.33299e-12 0.00000e+00
6.78000e+02 7.72304e-12 0.00000e+00
6.79000e+02 6.56312e-12 0.00000e+00
6.80000e+02 7.11648e-12 0.00000e+00
6.81000e+02 7.23676e-12 0.00000e+00
6.82000e+02 6.98195e-12 0.00000e+00
6.83000e+02 7.22787e-12 0.00000e+00
6.84000e+02 6.50174e-12 0.00000e+00
6.85000e+02 7.41898e-12 0.00000e+00
6.86000e+02 6.03438e-12 0.00000e+00
6.87000e+02 6.31814e-12 0.00000e+00
6.88000e+02 6.89250e-12 0.00000e+00
6.89000e+02 6.32604e-12 0.00000e+00
6.90000e+02 6.78980e-12 0.00000e+00
6.91000e+02 7.05349e-12 0.00000e+00
6.92000e+02 6.69262e-12 0.00000e+00
6.93000e+02 6.82656e-12 0.00000e+00
6.94000e+02 7.40927e-12 0.00000e+00
6.95000e+02 6.86857e-12 0.00000e+00
6.96000e+02 7.09280e-12 0.00000e+00
6.97000e+02 6.88967e-12 0.00000e+00
6.98000e+02 6.43198e-12 0.00000e+00
6.99000e+02 6.46775e-12 0.00000e+00
7.00000e+02 7.18672e-12 0.00000e+00
7.01000e+02 7.05405e-12 0.00000e+00
7.02000e+02 6.25430e-12 0.00000e+00
7.03000e+02 5.59465e-12 0.00000e+00
7.04000e+02 6.02257e-12 0.00000e+00
7.05000e+02 6.55966e-12 0.00000e+00
7.06000e+02 6.61877e-12 0.00000e+00
7.07000e+02 7.23452e-12 0.00000e+00
7.08000e+02 6.22675e-12 0.00000e+00
7.09000e+02 6.85694e-12 0.00000e+00
7.10000e+02 6.85605e-12 0.00000e+00
7.11000e+02 6.63929e-12 0.00000e+00
7.12000e+02 6.16951e-12 0.00000e+00
7.13000e+02 6.81259e-12 0.00000e+00
7.14000e+02 6.34147e-12 0.00000e+00
7.15000e+02 6.04954e-12 0.00000e+00
7.16000e+02 6.00346e-12 0.00000e+00
7.17000e+02 6.18261e-12 0.00000e+00
7.18000e+02 6.91469e-12 0.00000e+00
7.19000e+02 6.07360e-12 0.00000e+00
7.20000e+02 6.17914e-12 0.00000e+00
7.21000e+02 6.26664e-12 0.00000e+00
7.22000e+02 6.62708e-12 0.00000e+00
7.23000e+02 5.80069e-12 0.00000e+00
7.24000e+02 5.88504e-12 0.00000e+00
7.25000e+02 6.55796e-12 0.00000e+00
7.26000e+02 5.63873e-12 0.00000e+00
7.27000e+02 6.74871e-12 0.00000e+00
7.28000e+02 6.75065e-12 0.00000e+00
7.29000e+02 6.48941e-12 0.00000e+00
7.30000e+02 6.58877e-12 0.00000e+00
7.31000e+02 6.58703e-12 0.00000e+00
7.32000e+02 6.90527e-12 0.00000e+00
7.33000e+02 6.13891e-12 0.00000e+00
7.34000e+02 6.96165e-12 0.00000e+00
7.35000e+02 7.12423e-12 0.00000e+00
7.36000e+02 6.09011e-12 0.00000e+00
7.37000e+02 6.35842e-12 0.00000e+00
7.38000e+02 5.94028e-12 0.00000e+00
7.39000e+02 6.30771e-12 0.00000e+00
7.40000e+02 6.15740e-12 0.00000e+00
7.41000e+02 7.06262e-12 0.00000e+00
7.42000e+02 6.09648e-12 0.00000e+00
7.43000e+02 6.29910e-12 0.00000e+00
7.44000e+02 5.84013e-12 0.00000e+00
7.45000e+02 6.49762e-12 0.00000e+00
7.46000e+02 5.47729e-12 0.00000e+00
7.47000e+02 5.94809e-12 0.00000e+00
7.48000e+02 5.82098e-12 0.00000e+00
7.49000e+02 6.28325e-12 0.00000e+00
7.50000e+02 6.38442e-12 0.00000e+00
7.51000e+02 6.42564e-12 0.00000e+00
7.52000e+02 6.13246e-12 0.00000e+00
7.53000e+02 6.12439e-12 0.00000e+00
7.54000e+02 6.31996e-12 0.00000e+00
7.55000e+02 5.61956e-12 0.00000e+00
7.56000e+02 5.99691e-12 0.00000e+00
7.57000e+02 6.50789e-12 0.00000e+00
7.58000e+02 6.16750e-12 0.00000e+00
7.59000e+02 6.11243e-12 0.00000e+00
7.60000e+02 6.20683e-12 0.00000e+00
7.61000e+02 6.07522e-12 0.00000e+00
7.62000e+02 5.92902e-12 0.00000e+00
7.63000e+02 5.66930e-12 0.00000e+00
7.64000e+02 5.80219e-12 0.00000e+00
7.65000e+02 6.13433e-12 0.00000e+00
7.66000e+02 5.64172e-12 0.00000e+00
7.67000e+02 6.45867e-12 0.00000e+00
7.68000e+02 5.99790e-12 0.00000e+00
7.69000e+02 5.30322e-12 0.00000e+00
7.70000e+02 5.96519e-12 0.00000e+00
7.71000e+02 6.02222e-12 0.00000e+00
7.72000e+02 5.91683e-12 0.00000e+00
7.73000e+02 5.85695e-12 0.00000e+00
7.74000e+02 5.71500e-12 0.00000e+00
7.75000e+02 5.78045e-12 0.00000e+00
7.76000e+02 5.21576e-12 0.00000e+00
7.77000e+02 5.88446e-12 0.00000e+00
7.78000e+02 5.91792e-12 0.00000e+00
7.79000e+02 5.78432e-12 0.00000e+00
7.80000e+02 5.65894e-12 0.00000e+00
7.81000e+02 5.76555e-12 0.00000e+00
7.82000e+02 6.30552e-12 0.00000e+00
7.83000e+02 5.40317e-12 0.00000e+00
7.84000e+02 5.44353e-12 0.00000e+00
7.85000e+02 5.63871e-12 0.00000e+00
7.86000e+02 5.27563e-12 0.00000e+00
7.87000e+02 6.52324e-12 0.00000e+00
7.88000e+02 6.02066e-12 0.00000e+00
7.89000e+02 5.45875e-12 0.00000e+00
7.90000e+02 5.91921e-12 0.00000e+00
7.91000e+02 5.32035e-12 0.00000e+00
7.92000e+02 5.40464e-12 0.00000e+00
7.93000e+02 5.26189e-12 0.00000e+00
7.94000e+02 5.77916e-12 0.00000e+00
7.95000e+02 5.27509e-12 0.00000e+00
7.96000e+02 5.83644e-12 0.00000e+00
7.97000e+02 5.60262e-12 0.00000e+00
7.98000e+02 5.54772e-12 0.00000e+00
7.99000e+02 5.16129e-12 0.00000e+00
8.00000e+02 5.87326e-12 0.00000e+00
8.01000e+02 6.14641e-12 0.00000e+00
8.02000e+02 5.72967e-12 0.00000e+00
8.03000e+02 4.90065e-12 0.00000e+00
8.04000e+02 5.52616e-12 0.00000e+00
8.05000e+02 4.83634e-12 0.00000e+00
8.06000e+02 5.88635e-12 0.00000e+00
8.07000e+02 5.29737e-12 0.00000e+00
8.08000e+02 5.41470e-12 0.00000e+00
8.09000e+02 5.66045e-12 0.00000e+00
8.10000e+02 6.03737e-12 0.00000e+00
8.11000e+02 5.59943e-12 0.00000e+00
8.12000e+02 5.16134e-12 0.00000e+00
8.13000e+02 5.33200e-12 0.00000e+00
8.14000e+02 5.63759e-12 0.00000e+00
8.15000e+02 5.19706e-12 0.00000e+00
8.16000e+02 5.34486e-12 0.00000e+00
8.17000e+02 5.09998e-12 0.00000e+00
8.18000e+02 5.18011e-12 0.00000e+00
8.19000e+02 5.34823e-12 0.00000e+00
8.20000e+02 5.64246e-12 0.00000e+00
8.21000e+02 5.39794e-12 0.00000e+00
8.22000e+02 5.25383e-12 0.00000e+00
8.23000e+02 5.23545e-12 0.00000e+00
8.24000e+02 5.27358e-12 0.00000e+00
8.25000e+02 5.32915e-12 0.00000e+00
8.26000e+02 5.30974e-12 0.00000e+00
8.27000e+02 5.94655e-12 0.00000e+00
8.28000e+02 5.39190e-12 0.00000e+00
8.29000e+02 5.44628e-12 0.00000e+00
8.30000e+02 5.67740e-12 0.00000e+00
8.31000e+02 5.44308e-12 0.00000e+00
8.32000e+02 5.12717e-12 0.00000e+00
8.33000e+02 4.68186e-12 0.00000e+00
8.34000e+02 5.33746e-12 0.00000e+00
8.35000e+02 5.60095e-12 0.00000e+00
8.36000e+02 5.17762e-12 0.00000e+00
8.37000e+02 5.23707e-12 0.00000e+00
8.38000e+02 4.92085e-12 0.00000e+00
8.39000e+02 5.32246e-12 0.00000e+00
8.40000e+02 5.03542e-12 0.00000e+00
8.41000e+02 5.26013e-12 0.00000e+00
8.42000e+02 5.01547e-12 0.00000e+00
8.43000e+02 5.38585e-12 0.00000e+00
8.44000e+02 4.92929e-12 0.00000e+00
8.45000e+02 5.30429e-12 0.00000e+00
8.46000e+02 5.78200e-12 0.00000e+00
8.47000e+02 4.92658e-12 0.00000e+00
8.48000e+02 5.21216e-12 0.00000e+00
8.49000e+02 4.82867e-12 0.00000e+00
8.50000e+02 4.96191e-12 0.00000e+00
8.51000e+02 5.07241e-12 0.00000e+00
8.52000e+02 5.23381e-12 0.00000e+00
8.53000e+02 5.06816e-12 0.00000e+00
8.54000e+02 5.10085e-12 0.00000e+00
8.55000e+02 5.11169e-12 0.00000e+00
8.56000e+02 5.30618e-12 0.00000e+00
8.57000e+02 4.99930e-12 0.00000e+00
8.58000e+02 5.27713e-12 0.00000e+00
8.59000e+02 5.11934e-12 0.00000e+00
8.60000e+02 4.95547e-12 0.00000e+00
8.61000e+02 4.87396e-12 0.00000e+00
8.62000e+02 4.67105e-12 0.00000e+00
8.63000e+02 4.85334e-12 0.00000e+00
8.64000e+02 4.69285e-12 0.00000e+00
8.65000e+02 4.60169e-12 0.00000e+00
8.66000e+02 5.18503e-12 0.00000e+00
8.67000e+02 4.71436e-12 0.00000e+00
8.68000e+02 4.55119e-12 0.00000e+00
8.69000e+02 5.14321e-12 0.00000e+00
8.70000e+02 5.28565e-12 0.00000e+00
8.71000e+02 4.77083e-12 0.00000e+00
8.72000e+02 4.92447e-12 0.00000e+00
8.73000e+02 4.95253e-12 0.00000e+00
8.74000e+02 4.50470e-12 0.00000e+00
8.75000e+02 4.79054e-12 0.00000e+00
8.76000e+02 4.53814e-12 0.00000e+00
8.77000e+02 4.96252e-12 0.00000e+00
8.78000e+02 5.01895e-12 0.00000e+00
8.79000e+02 4.60408e-12 0.00000e+00
8.80000e+02 4.96960e-12 0.00000e+00
8.81000e+02 4.39464e-12 0.00000e+00
8.82000e+02 4.90162e-12 0.00000e+00
8.83000e+02 4.36044e-12 0.00000e+00
8.84000e+02 4.92453e-12 0.00000e+00
8.85000e+02 4.64327e-12 0.00000e+00
8.86000e+02 4.82639e-12 0.00000e+00
8.87000e+02 4.78627e-12 0.00000e+00
8.88000e+02 4.77451e-12 0.00000e+00
8.89000e+02 4.57607e-12 0.00000e+00
8.90000e+02 4.59973e-12 0.00000e+00
8.91000e+02 4.80233e-12 0.00000e+00
8.92000e+02 4.99778e-12 0.00000e+00
8.93000e+02 4.95132e-12 0.00000e+00
8.94000e+02 4.68621e-12 0.00000e+00
8.95000e+02 4.77885e-12 0.00000e+00
8.96000e+02 4.75714e-12 0.00000e+00
8.97000e+02 4.80339e-12 0.00000e+00
8.98000e+02 4.82447e-12 0.00000e+00
8.99000e+02 4.75386e-12 0.00000e+00
9.00000e+02 4.84140e-12 0.00000e+00
9.01000e+02 4.65726e-12 0.00000e+00
9.02000e+02 4.60560e-12 0.00000e+00
9.03000e+02 4.86104e-12 0.00000e+00
9.04000e+02 4.41576e-12 0.00000e+00
9.05000e+02 4.94516e-12 0.00000e+00
9.06000e+02 4.46285e-12 0.00000e+00
9.07000e+02 5.12311e-12 0.00000e+00
9.08000e+02 4.33709e-12 0.00000e+00
9.09000e+02 4.63209e-12 0.00000e+00
9.10000e+02 4.52503e-12 0.00000e+00
9.11000e+02 4.33118e-12 0.00000e+00
9.12000e+02 4.61799e-12 0.00000e+00
9.13000e+02 4.44275e-12 0.00000e+00
9.14000e+02 4.55581e-12 0.00000e+00
9.15000e+02 4.69304e-12 0.00000e+00
9.16000e+02 4.52889e-12 0.00000e+00
9.17000e+02 4.37299e-12 0.00000e+00
9.18000e+02 4.73855e-12 0.00000e+00
9.19000e+02 4.55045e-12 0.00000e+00
9.20000e+02 4.45387e-12 0.00000e+00
9.21000e+02 4.63284e-12 0.00000e+00
9.22000e+02 4.57663e-12 0.00000e+00
9.23000e+02 4.32672e-12 0.00000e+00
9.24000e+02 4.61902e-12 0.00000e+00
9.25000e+02 4.69549e-12 0.00000e+00
9.26000e+02 4.31869e-12 0.00000e+00
9.27000e+02 4.73012e-12 0.00000e+00
9.28000e+02 4.13120e-12 0.00000e+00
9.29000e+02 4.24580e-12 0.00000e+00
9.30000e+02 4.38353e-12 0.00000e+00
9.31000e+02 4.54308e-12 0.00000e+00
9.32000e+02 4.20335e-12 0.00000e+00
9.33000e+02 4.46021e-12 0.00000e+00
9.34000e+02 4.13598e-12 0.00000e+00
9.35000e+02 3.84901e-12 0.00000e+00
9.36000e+02 4.77142e-12 0.00000e+00
9.37000e+02 4.18992e-12 0.00000e+00
9.38000e+02 4.34965e-12 0.00000e+00
9.39000e+02 4.53063e-12 0.00000e+00
9.40000e+02 4.54204e-12 0.00000e+00
9.41000e+02 4.21072e-12 0.00000e+00
9.42000e+02 4.42447e-12 0.00000e+00
9.43000e+02 4.23039e-12 0.00000e+00
9.44000e+02 4.34036e-12 0.00000e+00
9.45000e+02 4.13682e-12 0.00000e+00
9.46000e+02 4.33216e-12 0.00000e+00
9.47000e+02 4.10231e-12 0.00000e+00
9.48000e+02 4.20347e-12 0.00000e+00
9.49000e+02 4.39696e-12 0.00000e+00
9.50000e+02 4.25565e-12 0.00000e+00
9.51000e+02 4.16340e-12 0.00000e+00
9.52000e+02 3.89049e-12 0.00000e+00
9.53000e+02 3.98871e-12 0.00000e+00
9.54000e+02 4.05235e-12 0.00000e+00
9.55000e+02 4.64785e-12 0.00000e+00
9.56000e+02 4.30634e-12 0.00000e+00
9.57000e+02 3.90230e-12 0.00000e+00
9.58000e+02 3.84899e-12 0.00000e+00
9.59000e+02 4.06654e-12 0.00000e+00
9.60000e+02 4.24623e-12 0.00000e+00
9.61000e+02 4.28535e-12 0.00000e+00
9.62000e+02 3.94821e-12 0.00000e+00
9.63000e+02 4.03550e-12 0.00000e+00
9.64000e+02 4.25660e-12 0.00000e+00
9.65000e+02 4.26421e-12 0.00000e+00
9.66000e+02 3.98241e-12 0.00000e+00
9.67000e+02 4.04803e-12 0.00000e+00
9.68000e+02 3.81080e-12 0.00000e+00
9.69000e+02 4.14446e-12 0.00000e+00
9.70000e+02 4.06095e-12 0.00000e+00
9.71000e+02 4.64795e-12 0.00000e+00
9.72000e+02 4.06803e-12 0.00000e+00
9.73000e+02 3.79429e-12 0.00000e+00
9.74000e+02 4.49102e-12 0.00000e+00
9.75000e+02 4.25162e-12 0.00000e+00
9.76000e+02 3.95034e-12 0.00000e+00
9.77000e+02 4.33441e-12 0.00000e+00
9.78000e+02 4.06171e-12 0.00000e+00
9.79000e+02 3.71588e-12 0.00000e+00
9.80000e+02 4.06539e-12 0.00000e+00
9.81000e+02 4.05270e-12 0.00000e+00
9.82000e+02 4.00270e-12 0.00000e+00
9.83000e+02 4.21173e-12 0.00000e+00
9.84000e+02 4.21625e-12 0.00000e+00
9.85000e+02 4.32094e-12 0.00000e+00
9.86000e+02 3.92045e-12 0.00000e+00
9.87000e+02 4.18590e-12 0.00000e+00
9.88000e+02 4.43402e-12 0.00000e+00
9.89000e+02 3.67278e-12 0.00000e+00
9.90000e+02 3.73040e-12 0.00000e+00
9.91000e+02 3.87232e-12 0.00000e+00
9.92000e+02 3.98489e-12 0.00000e+00
9.93000e+02 3.85526e-12 0.00000e+00
9.94000e+02 3.74249e-12 0.00000e+00
9.95000e+02 3.76048e-12 0.00000e+00
9.96000e+02 4.12886e-12 0.00000e+00
9.97000e+02 3.74240e-12 0.00000e+00
9.98000e+02 3.74401e-12 0.00000e+00
9.99000e+02 3.94139e-12 0.00000e+00
1.00000e+03 3.99043e-12 0.00000e+00
1.00100e+03 3.69397e-12 0.00000e+00
1.00200e+03 4.07690e-12 0.00000e+00
1.00300e+03 3.84595e-12 0.00000e+00
1.00400e+03 3.95580e-12 0.00000e+00
1.00500e+03 4.00784e-12 0.00000e+00
1.00600e+03 3.62784e-12 0.00000e+00
1.00700e+03 3.87447e-12 0.00000e+00
1.00800e+03 4.09549e-12 0.00000e+00
1.00900e+03 4.03029e-12 0.00000e+00
1.01000e+03 3.94026e-12 0.00000e+00
1.01100e+03 3.82508e-12 0.00000e+00
1.01200e+03 3.56241e-12 0.00000e+00
1.01300e+03 3.70605e-12 0.00000e+00
1.01400e+03 3.98948e-12 0.00000e+00
1.01500e+03 3.80608e-12 0.00000e+00
1.01600e+03 3.64538e-12 0.00000e+00
1.01700e+03 3.71020e-12 0.00000e+00
1.01800e+03 3.71561e-12 0.00000e+00
1.01900e+03 3.80752e-12 0.00000e+00
1.02000e+03 3.78231e-12 0.00000e+00
1.02100e+03 3.94251e-12 0.00000e+00
1.02200e+03 3.67813e-12 0.00000e+00
1.02300e+03 3.85366e-12 0.00000e+00
1.02400e+03 3.54836e-12 0.00000e+00
1.02500e+03 3.48455e-12 0.00000e+00
1.02600e+03 3.61853e-12 0.00000e+00
1.02700e+03 3.47347e-12 0.00000e+00
1.02800e+03 3.53355e-12 0.00000e+00
1.02900e+03 3.68474e-12 0.00000e+00
1.03000e+03 3.52838e-12 0.00000e+00
1.03100e+03 3.81963e-12 0.00000e+00
1.03200e+03 3.54062e-12 0.00000e+00
1.03300e+03 3.80362e-12 0.00000e+00
1.03400e+03 3.45696e-12 0.00000e+00
1.03500e+03 3.51127e-12 0.00000e+00
1.03600e+03 3.67999e-12 0.00000e+00
1.03700e+03 3.68476e-12 0.00000e+00
1.03800e+03 3.45351e-12 0.00000e+00
1.03900e+03 3.63261e-12 0.00000e+00
1.04000e+03 3.66339e-12 0.00000e+00
1.04100e+03 3.63513e-12 0.00000e+00
1.04200e+03 3.88070e-12 0.00000e+00
1.04300e+03 3.71012e-12 0.00000e+00
1.04400e+03 3.74976e-12 0.00000e+00
1.04500e+03 3.48122e-12 0.00000e+00
1.04600e+03 3.81088e-12 0.00000e+00
1.04700e+03 3.50466e-12 0.00000e+00
1.04800e+03 3.61620e-12 0.00000e+00
1.04900e+03 3.44055e-12 0.00000e+00
1.05000e+03 3.85747e-12 0.00000e+00
1.05100e+03 3.43893e-12 0.00000e+00
1.05200e+03 3.60145e-12 0.00000e+00
1.05300e+03 3.74204e-12 0.00000e+00
1.05400e+03 3.58171e-12 0.00000e+00
1.05500e+03 3.84947e-12 0.00000e+00
1.05600e+03 3.43926e-12 0.00000e+00
1.05700e+03 3.54924e-12 0.00000e+00
1.05800e+03 3.18763e-12 0.00000e+00
1.05900e+03 3.40746e-12 0.00000e+00
1.06000e+03 3.45773e-12 0.00000e+00
1.06100e+03 3.53176e-12 0.00000e+00
1.06200e+03 3.91709e-12 0.00000e+00
1.06300e+03 3.69369e-12 0.00000e+00
1.06400e+03 3.61495e-12 0.00000e+00
1.06500e+03 3.42431e-12 0.00000e+00
1.06600e+03 3.52540e-12 0.00000e+00
1.06700e+03 3.23128e-12 0.00000e+00
1.06800e+03 3.26103e-12 0.00000e+00
1.06900e+03 3.27509e-12 0.00000e+00
1.07000e+03 3.16203e-12 0.00000e+00
1.07100e+03 3.39524e-12 0.00000e+00
1.07200e+03 3.44801e-12 0.00000e+00
1.07300e+03 3.23213e-12 0.00000e+00
1.07400e+03 3.49237e-12 0.00000e+00
1.07500e+03 3.36337e-12 0.00000e+00
1.07600e+03 3.15999e-12 0.00000e+00
1.07700e+03 3.47056e-12 0.00000e+00
1.07800e+03 3.48044e-12 0.00000e+00
1.07900e+03 3.72173e-12 0.00000e+00
1.08000e+03 3.42012e-12 0.00000e+00
1.08100e+03 3.29131e-12 0.00000e+00
1.08200e+03 3.32465e-12 0.00000e+00
1.08300e+03 3.07898e-12 0.00000e+00
1.08400e+03 3.29388e-12 0.00000e+00
1.08500e+03 3.57300e-12 0.00000e+00
1.08600e+03 3.41986e-12 0.00000e+00
1.08700e+03 3.42442e-12 0.00000e+00
1.08800e+03 3.46432e-12 0.00000e+00
1.08900e+03 3.29701e-12 0.00000e+00
1.09000e+03 3.53137e-12 0.00000e+00
1.09100e+03 3.00252e-12 0.00000e+00
1.09200e+03 3.34978e-12 0.00000e+00
1.09300e+03 3.41600e-12 0.00000e+00
1.09400e+03 3.43434e-12 0.00000e+00
1.09500e+03 3.29702e-12 0.00000e+00
1.09600e+03 3.42432e-12 0.00000e+00
1.09700e+03 3.07742e-12 0.00000e+00
1.09800e+03 3.27248e-12 0.00000e+00
1.09900e+03 3.31592e-12 0.00000e+00
1.10000e+03 3.17246e-12 0.00000e+00
1.10100e+03 3.30364e-12 0.00000e+00
1.10200e+03 3.13042e-12 0.00000e+00
1.10300e+03 3.25386e-12 0.00000e+00
1.10400e+03 3.30548e-12 0.00000e+00
1.10500e+03 3.01723e-12 0.00000e+00
1.10600e+03 3.33418e-12 0.00000e+00
1.10700e+03 3.15679e-12 0.00000e+00
1.10800e+03 3.29842e-12 0.00000e+00
1.10900e+03 3.20358e-12 0.00000e+00
1.11000e+03 3.17349e-12 0.00000e+00
1.11100e+03 3.28054e-12 0.00000e+00
1.11200e+03 3.20707e-12 0.00000e+00
1.11300e+03 3.15724e-12 0.00000e+00
1.11400e+03 2.93624e-12 0.00000e+00
1.11500e+03 3.11022e-12 0.00000e+00
1.11600e+03 3.07421e-12 0.00000e+00
1.11700e+03 3.25425e-12 0.00000e+00
1.11800e+03 3.18223e-12 0.00000e+00
1.11900e+03 3.13511e-12 0.00000e+00
1.12000e+03 3.00666e-12 0.00000e+00
1.12100e+03 3.29433e-12 0.00000e+00
1.12200e+03 3.13996e-12 0.00000e+00
1.12300e+03 3.15387e-12 0.00000e+00
1.12400e+03 3.04528e-12 0.00000e+00
1.12500e+03 3.01548e-12 0.00000e+00
1.12600e+03 3.07358e-12 0.00000e+00
1.12700e+03 3.08441e-12 0.00000e+00
1.12800e+03 3.13490e-12 0.00000e+00
1.12900e+03 3.22849e-12 0.00000e+00
1.13000e+03 3.05269e-12 0.00000e+00
1.13100e+03 3.11092e-12 0.00000e+00
1.13200e+03 2.98189e-12 0.00000e+00
1.13300e+03 3.26662e-12 0.00000e+00
1.13400e+03 2.95704e-12 0.00000e+00
1.13500e+03 2.92837e-12 0.00000e+00
1.13600e+03 2.80422e-12 0.00000e+00
1.13700e+03 2.99605e-12 0.00000e+00
1.13800e+03 3.25036e-12 0.00000e+00
1.13900e+03 3.13787e-12 0.00000e+00
1.14000e+03 3.22726e-12 0.00000e+00
1.14100e+03 2.96467e-12 0.00000e+00
1.14200e+03 2.96207e-12 0.00000e+00
1.14300e+03 3.06475e-12 0.00000e+00
1.14400e+03 2.92610e-12 0.00000e+00
1.14500e+03 3.08126e-12 0.00000e+00
1.14600e+03 2.97057e-12 0.00000e+00
1.14700e+03 3.07753e-12 0.00000e+00
1.14800e+03 2.89891e-12 0.00000e+00
1.14900e+03 2.82791e-12 0.00000e+00
1.15000e+03 3.14085e-12 0.00000e+00
1.15100e+03 2.97513e-12 0.00000e+00
1.15200e+03 2.90918e-12 0.00000e+00
1.15300e+03 3.03881e-12 0.00000e+00
1.15400e+03 3.01098e-12 0.00000e+00
1.15500e+03 2.83072e-12 0.00000e+00
1.15600e+03 2.98967e-12 0.00000e+00
1.15700e+03 3.14427e-12 0.00000e+00
1.15800e+03 2.79983e-12 0.00000e+00
1.15900e+03 3.00014e-12 0.00000e+00
1.16000e+03 2.76525e-12 0.00000e+00
1.16100e+03 2.84563e-12 0.00000e+00
1.16200e+03 2.91377e-12 0.00000e+00
1.16300e+03 2.95509e-12 0.00000e+00
1.16400e+03 2.85211e-12 0.00000e+00
1.16500e+03 2.87373e-12 0.00000e+00
1.16600e+03 3.08218e-12 0.00000e+00
1.16700e+03 2.86762e-12 0.00000e+00
1.16800e+03 2.84280e-12 0.00000e+00
1.16900e+03 2.98589e-12 0.00000e+00
1.17000e+03 2.74724e-12 0.00000e+00
1.17100e+03 2.85130e-12 0.00000e+00
1.17200e+03 2.96206e-12 0.00000e+00
1.17300e+03 2.85525e-12 0.00000e+00
1.17400e+03 3.12761e-12 0.00000e+00
1.17500e+03 2.89835e-12 0.00000e+00
1.17600e+03 2.80709e-12 0.00000e+00
1.17700e+03 2.89696e-12 0.00000e+00
1.17800e+03 2.77144e-12 0.00000e+00
1.17900e+03 2.63257e-12 0.00000e+00
1.18000e+03 2.87878e-12 0.00000e+00
1.18100e+03 2.83687e-12 0.00000e+00
1.18200e+03 2.86269e-12 0.00000e+00
1.18300e+03 2.74419e-12 0.00000e+00
1.18400e+03 2.70005e-12 0.00000e+00
1.18500e+03 2.82725e-12 0.00000e+00
1.18600e+03 2.70039e-12 0.00000e+00
1.18700e+03 2.87727e-12 0.00000e+00
1.18800e+03 2.66271e-12 0.00000e+00
1.18900e+03 2.73071e-12 0.00000e+00
1.19000e+03 2.72684e-12 0.00000e+00
1.19100e+03 3.07629e-12 0.00000e+00
1.19200e+03 2.76419e-12 0.00000e+00
1.19300e+03 2.67931e-12 0.00000e+00
1.19400e+03 2.68220e-12 0.00000e+00
1.19500e+03 2.77349e-12 0.00000e+00
1.19600e+03 2.85756e-12 0.00000e+00
1.19700e+03 2.93128e-12 0.00000e+00
1.19800e+03 2.69511e-12 0.00000e+00
1.19900e+03 2.75939e-12 0.00000e+00
1.20000e+03 2.67258e-12 0.00000e+00
1.20100e+03 2.74547e-12 0.00000e+00
1.20200e+03 2.46702e-12 0.00000e+00
1.20300e+03 2.81917e-12 0.00000e+00
1.20400e+03 2.78039e-12 0.00000e+00
1.20500e+03 2.71573e-12 0.00000e+00
1.20600e+03 2.84989e-12 0.00000e+00
1.20700e+03 2.77972e-12 0.00000e+00
1.20800e+03 2.77087e-12 0.00000e+00
1.20900e+03 2.47672e-12 0.00000e+00
1.21000e+03 2.80461e-12 0.00000e+00
1.21100e+03 2.51782e-12 0.00000e+00
1.21200e+03 2.77933e-12 0.00000e+00
1.21300e+03 2.73861e-12 0.00000e+00
1.21400e+03 2.53987e-12 0.00000e+00
1.21500e+03 2.72940e-12 0.00000e+00
1.21600e+03 2.65204e-12 0.00000e+00
1.21700e+03 2.62611e-12 0.00000e+00
1.21800e+03 2.52615e-12 0.00000e+00
1.21900e+03 2.67407e-12 0.00000e+00
1.22000e+03 2.77232e-12 0.00000e+00
1.22100e+03 2.60991e-12 0.00000e+00
1.22200e+03 2.62065e-12 0.00000e+00
1.22300e+03 2.56053e-12 0.00000e+00
1.22400e+03 2.72726e-12 0.00000e+00
1.22500e+03 2.47322e-12 0.00000e+00
1.22600e+03 2.63459e-12 0.00000e+00
1.22700e+03 2.51377e-12 0.00000e+00
1.22800e+03 2.76924e-12 0.00000e+00
1.22900e+03 2.63483e-12 0.00000e+00
1.23000e+03 2.57236e-12 0.00000e+00
1.23100e+03 2.63581e-12 0.00000e+00
1.23200e+03 2.76282e-12 0.00000e+00
1.23300e+03 2.38558e-12 0.00000e+00
1.23400e+03 2.60270e-12 0.00000e+00
1.23500e+03 2.30449e-12 0.00000e+00
1.23600e+03 2.67156e-12 0.00000e+00
1.23700e+03 2.62334e-12 0.00000e+00
1.23800e+03 2.34684e-12 0.00000e+00
1.23900e+03 2.49115e-12 0.00000e+00
1.24000e+03 2.54028e-12 0.00000e+00
1.24100e+03 2.32297e-12 0.00000e+00
1.24200e+03 2.37486e-12 0.00000e+00
1.24300e+03 2.35434e-12 0.00000e+00
1.24400e+03 2.52632e-12 0.00000e+00
1.24500e+03 2.43058e-12 0.00000e+00
1.24600e+03 2.18398e-12 0.00000e+00
1.24700e+03 2.61292e-12 0.00000e+00
1.24800e+03 2.36051e-12 0.00000e+00
1.24900e+03 2.40979e-12 0.00000e+00
1.25000e+03 2.43528e-12 0.00000e+00
1.25100e+03 2.33572e-12 0.00000e+00
1.25200e+03 2.38129e-12 0.00000e+00
1.25300e+03 2.61160e-12 0.00000e+00
1.25400e+03 2.47585e-12 0.00000e+00
1.25500e+03 2.24236e-12 0.00000e+00
1.25600e+03 2.36132e-12 0.00000e+00
1.25700e+03 2.31166e-12 0.00000e+00
1.25800e+03 2.54362e-12 0.00000e+00
1.25900e+03 2.34943e-12 0.00000e+00
1.26000e+03 2.39248e-12 0.00000e+00
1.26100e+03 2.55710e-12 0.00000e+00
1.26200e+03 2.43193e-12 0.00000e+00
1.26300e+03 2.41933e-12 0.00000e+00
1.26400e+03 2.45920e-12 0.00000e+00
1.26500e+03 2.39425e-12 0.00000e+00
1.26600e+03 2.58950e-12 0.00000e+00
1.26700e+03 2.39774e-12 0.00000e+00
1.26800e+03 2.46642e-12 0.00000e+00
1.26900e+03 2.38957e-12 0.00000e+00
1.27000e+03 2.35431e-12 0.00000e+00
1.27100e+03 2.40017e-12 0.00000e+00
1.27200e+03 2.66862e-12 0.00000e+00
1.27300e+03 2.39786e-12 0.00000e+00
1.27400e+03 2.30348e-12 0.00000e+00
1.27500e+03 2.23122e-12 0.00000e+00
1.27600e+03 2.51609e-12 0.00000e+00
1.27700e+03 2.30108e-12 0.00000e+00
1.27800e+03 2.17347e-12 0.00000e+00
1.27900e+03 2.28278e-12 0.00000e+00
1.28000e+03 2.38592e-12 0.00000e+00
1.28100e+03 2.35224e-12 0.00000e+00
1.28200e+03 2.53209e-12 0.00000e+00
1.28300e+03 2.30821e-12 0.00000e+00
1.28400e+03 2.32351e-12 0.00000e+00
1.28500e+03 2.35281e-12 0.00000e+00
1.28600e+03 2.18898e-12 0.00000e+00
1.28700e+03 2.15304e-12 0.00000e+00
1.28800e+03 2.39360e-12 0.00000e+00
1.28900e+03 2.34537e-12 0.00000e+00
1.29000e+03 2.29822e-12 0.00000e+00
1.29100e+03 2.19115e-12 0.00000e+00
1.29200e+03 2.29046e-12 0.00000e+00
1.29300e+03 2.34457e-12 0.00000e+00
1.29400e+03 2.45437e-12 0.00000e+00
1.29500e+03 2.34252e-12 0.00000e+00
1.29600e+03 2.21485e-12 0.00000e+00
1.29700e+03 2.15443e-12 0.00000e+00
1.29800e+03 2.17143e-12 0.00000e+00
1.29900e+03 2.20793e-12 0.00000e+00
1.30000e+03 2.19105e-12 0.00000e+00
1.30100e+03 2.22637e-12 0.00000e+00
1.30200e+03 2.32711e-12 0.00000e+00
1.30300e+03 2.14899e-12 0.00000e+00
1.30400e+03 2.22138e-12 0.00000e+00
1.30500e+03 2.20862e-12 0.00000e+00
1.30600e+03 2.27674e-12 0.00000e+00
1.30700e+03 2.14030e-12 0.00000e+00
1.30800e+03 2.14364e-12 0.00000e+00
1.30900e+03 2.18321e-12 0.00000e+00
1.31000e+03 2.14283e-12 0.00000e+00
1.31100e+03 2.22281e-12 0.00000e+00
1.31200e+03 2.23981e-12 0.00000e+00
1.31300e+03 2.08635e-12 0.00000e+00
1.31400e+03 2.21860e-12 0.00000e+00
1.31500e+03 2.06307e-12 0.00000e+00
1.31600e+03 2.18290e-12 0.00000e+00
1.31700e+03 2.14726e-12 0.00000e+00
1.31800e+03 2.19761e-12 0.00000e+00
1.31900e+03 2.08734e-12 0.00000e+00
1.32000e+03 2.10331e-12 0.00000e+00
1.32100e+03 2.20866e-12 0.00000e+00
1.32200e+03 2.15568e-12 0.00000e+00
1.32300e+03 2.20165e-12 0.00000e+00
1.32400e+03 2.15113e-12 0.00000e+00
1.32500e+03 2.09678e-12 0.00000e+00
1.32600e+03 2.07322e-12 0.00000e+00
1.32700e+03 2.15922e-12 0.00000e+00
1.32800e+03 2.09808e-12 0.00000e+00
1.32900e+03 2.13882e-12 0.00000e+00
1.33000e+03 1.99720e-12 0.00000e+00
1.33100e+03 2.01726e-12 0.00000e+00
1.33200e+03 2.30652e-12 0.00000e+00
1.33300e+03 2.21223e-12 0.00000e+00
1.33400e+03 2.13683e-12 0.00000e+00
1.33500e+03 1.95847e-12 0.00000e+00
1.33600e+03 2.10635e-12 0.00000e+00
1.33700e+03 2.07607e-12 0.00000e+00
1.33800e+03 2.00597e-12 0.00000e+00
1.33900e+03 1.90664e-12 0.00000e+00
1.34000e+03 2.14426e-12 0.00000e+00
1.34100e+03 2.05892e-12 0.00000e+00
1.34200e+03 2.08675e-12 0.00000e+00
1.34300e+03 2.07260e-12 0.00000e+00
1.34400e+03 2.17796e-12 0.00000e+00
1.34500e+03 2.03962e-12 0.00000e+00
1.34600e+03 2.08055e-12 0.00000e+00
1.34700e+03 2.03601e-12 0.00000e+00
1.34800e+03 2.04291e-12 0.00000e+00
1.34900e+03 1.96050e-12 0.00000e+00
1.35000e+03 1.98219e-12 0.00000e+00
1.35100e+03 1.99603e-12 0.00000e+00
1.35200e+03 1.97079e-12 0.00000e+00
1.35300e+03 1.90388e-12 0.00000e+00
1.35400e+03 1.94548e-12 0.00000e+00
1.35500e+03 2.05700e-12 0.00000e+00
1.35600e+03 2.09468e-12 0.00000e+00
1.35700e+03 2.02876e-12 0.00000e+00
1.35800e+03 1.96407e-12 0.00000e+00
1.35900e+03 2.05805e-12 0.00000e+00
1.36000e+03 1.94594e-12 0.00000e+00
1.36100e+03 2.19556e-12 0.00000e+00
1.36200e+03 1.85086e-12 0.00000e+00
1.36300e+03 1.94394e-12 0.00000e+00
1.36400e+03 1.91630e-12 0.00000e+00
1.36500e+03 1.85380e-12 0.00000e+00
1.36600e+03 1.91100e-12 0.00000e+00
1.36700e+03 1.84509e-12 0.00000e+00
1.36800e+03 2.03795e-12 0.00000e+00
1.36900e+03 1.94806e-12 0.00000e+00
1.37000e+03 1.88304e-12 0.00000e+00
1.37100e+03 1.95361e-12 0.00000e+00
1.37200e+03 2.00791e-12 0.00000e+00
1.37300e+03 1.87919e-12 0.00000e+00
1.37400e+03 1.89598e-12 0.00000e+00
1.37500e+03 1.94596e-12 0.00000e+00
1.37600e+03 1.93925e-12 0.00000e+00
1.37700e+03 1.74503e-12 0.00000e+00
1.37800e+03 1.95195e-12 0.00000e+00
1.37900e+03 1.91587e-12 0.00000e+00
1.38000e+03 1.88986e-12 0.00000e+00
1.38100e+03 1.92869e-12 0.00000e+00
1.38200e+03 2.09856e-12 0.00000e+00
1.38300e+03 1.88155e-12 0.00000e+00
1.38400e+03 1.76117e-12 0.00000e+00
1.38500e+03 1.85317e-12 0.00000e+00
1.38600e+03 2.07102e-12 0.00000e+00
1.38700e+03 1.72994e-12 0.00000e+00
1.38800e+03 1.87734e-12 0.00000e+00
1.38900e+03 1.93880e-12 0.00000e+00
1.39000e+03 1.82403e-12 0.00000e+00
1.39100e+03 1.89701e-12 0.00000e+00
1.39200e+03 1.86664e-12 0.00000e+00
1.39300e+03 1.92393e-12 0.00000e+00
1.39400e+03 1.97208e-12 0.00000e+00
1.39500e+03 1.85082e-12 0.00000e+00
1.39600e+03 1.93726e-12 0.00000e+00
1.39700e+03 1.79013e-12 0.00000e+00
1.39800e+03 1.91001e-12 0.00000e+00
1.39900e+03 1.86156e-12 0.00000e+00
1.40000e+03 1.93071e-12 0.00000e+00
1.40100e+03 1.82464e-12 0.00000e+00
1.40200e+03 1.77187e-12 0.00000e+00
1.40300e+03 1.92654e-12 0.00000e+00
1.40400e+03 1.77720e-12 0.00000e+00
1.40500e+03 1.73712e-12 0.00000e+00
1.40600e+03 1.86971e-12 0.00000e+00
1.40700e+03 1.90974e-12 0.00000e+00
1.40800e+03 1.77852e-12 0.00000e+00
1.40900e+03 1.72595e-12 0.00000e+00
1.41000e+03 1.86496e-12 0.00000e+00
1.41100e+03 1.76061e-12 0.00000e+00
1.41200e+03 1.77043e-12 0.00000e+00
1.41300e+03 1.77381e-12 0.00000e+00
1.41400e+03 1.81084e-12 0.00000e+00
1.41500e+03 1.75907e-12 0.00000e+00
1.41600e+03 1.73776e-12 0.00000e+00
1.41700e+03 1.73635e-12 0.00000e+00
1.41800e+03 1.74626e-12 0.00000e+00
1.41900e+03 1.85671e-12 0.00000e+00
1.42000e+03 1.76162e-12 0.00000e+00
1.42100e+03 1.73375e-12 0.00000e+00
1.42200e+03 1.73299e-12 0.00000e+00
1.42300e+03 1.71506e-12 0.00000e+00
1.42400e+03 1.66224e-12 0.00000e+00
1.42500e+03 1.65871e-12 0.00000e+00
1.42600e+03 1.75146e-12 0.00000e+00
1.42700e+03 1.70543e-12 0.00000e+00
1.42800e+03 1.69695e-12 0.00000e+00
1.42900e+03 1.72238e-12 0.00000e+00
1.43000e+03 1.72823e-12 0.00000e+00
1.43100e+03 1.61338e-12 0.00000e+00
1.43200e+03 1.69204e-12 0.00000e+00
1.43300e+03 1.82800e-12 0.00000e+00
1.43400e+03 1.79273e-12 0.00000e+00
1.43500e+03 1.69403e-12 0.00000e+00
1.43600e+03 1.83522e-12 0.00000e+00
1.43700e+03 1.61119e-12 0.00000e+00
1.43800e+03 1.77064e-12 0.00000e+00
1.43900e+03 1.66509e-12 0.00000e+00
1.44000e+03 1.63251e-12 0.00000e+00
1.44100e+03 1.76761e-12 0.00000e+00
1.44200e+03 1.64820e-12 0.00000e+00
1.44300e+03 1.59558e-12 0.00000e+00
1.44400e+03 1.79021e-12 0.00000e+00
1.44500e+03 1.68301e-12 0.00000e+00
1.44600e+03 1.70419e-12 0.00000e+00
1.44700e+03 1.70295e-12 0.00000e+00
1.44800e+03 1.70484e-12 0.00000e+00
1.44900e+03 1.57325e-12 0.00000e+00
1.45000e+03 1.73357e-12 0.00000e+00
1.45100e+03 1.61855e-12 0.00000e+00
1.45200e+03 1.71137e-12 0.00000e+00
1.45300e+03 1.59624e-12 0.00000e+00
1.45400e+03 1.68216e-12 0.00000e+00
1.45500e+03 1.68537e-12 0.00000e+00
1.45600e+03 1.67166e-12 0.00000e+00
1.45700e+03 1.63454e-12 0.00000e+00
1.45800e+03 1.67086e-12 0.00000e+00
1.45900e+03 1.67325e-12 0.00000e+00
1.46000e+03 1.61820e-12 0.00000e+00
1.46100e+03 1.59104e-12 0.00000e+00
1.46200e+03 1.61491e-12 0.00000e+00
1.46300e+03 1.59566e-12 0.00000e+00
1.46400e+03 1.55436e-12 0.00000e+00
1.46500e+03 1.68303e-12 0.00000e+00
1.46600e+03 1.63507e-12 0.00000e+00
1.46700e+03 1.58473e-12 0.00000e+00
1.46800e+03 1.71127e-12 0.00000e+00
1.46900e+03 1.52563e-12 0.00000e+00
1.47000e+03 1.47881e-12 0.00000e+00
1.47100e+03 1.52023e-12 0.00000e+00
1.47200e+03 1.63750e-12 0.00000e+00
1.47300e+03 1.56082e-12 0.00000e+00
1.47400e+03 1.62521e-12 0.00000e+00
1.47500e+03 1.51313e-12 0.00000e+00
1.47600e+03 1.62128e-12 0.00000e+00
1.47700e+03 1.53189e-12 0.00000e+00
1.47800e+03 1.68786e-12 0.00000e+00
1.47900e+03 1.66278e-12 0.00000e+00
1.48000e+03 1.59986e-12 0.00000e+00
1.48100e+03 1.58728e-12 0.00000e+00
1.48200e+03 1.63078e-12 0.00000e+00
1.48300e+03 1.57396e-12 0.00000e+00
1.48400e+03 1.49091e-12 0.00000e+00
1.48500e+03 1.49220e-12 0.00000e+00
1.48600e+03 1.47599e-12 0.00000e+00
1.48700e+03 1.50895e-12 0.00000e+00
1.48800e+03 1.52901e-12 0.00000e+00
1.48900e+03 1.52098e-12 0.00000e+00
1.49000e+03 1.51316e-12 0.00000e+00
1.49100e+03 1.46146e-12 0.00000e+00
1.49200e+03 1.46960e-12 0.00000e+00
1.49300e+03 1.52101e-12 0.00000e+00
1.49400e+03 1.53947e-12 0.00000e+00
1.49500e+03 1.50059e-12 0.00000e+00
1.49600e+03 1.47247e-12 0.00000e+00
1.49700e+03 1.48359e-12 0.00000e+00
1.49800e+03 1.50828e-12 0.00000e+00
1.49900e+03 1.32610e-12 0.00000e+00
1.50000e+03 1.52503e-12 0.00000e+00
1.50100e+03 1.50996e-12 0.00000e+00
1.50200e+03 1.45190e-12 0.00000e+00
1.50300e+03 1.51295e-12 0.00000e+00
1.50400e+03 1.45938e-12 0.00000e+00
1.50500e+03 1.43213e-12 0.00000e+00
1.50600e+03 1.40679e-12 0.00000e+00
1.50700e+03 1.50519e-12 0.00000e+00
1.50800e+03 1.44555e-12 0.00000e+00
1.50900e+03 1.42425e-12 0.00000e+00
1.51000e+03 1.38899e-12 0.00000e+00
1.51100e+03 1.46759e-12 0.00000e+00
1.51200e+03 1.49306e-12 0.00000e+00
1.51300e+03 1.38659e-12 0.00000e+00
1.51400e+03 1.52504e-12 0.00000e+00
1.51500e+03 1.48754e-12 0.00000e+00
1.51600e+03 1.37862e-12 0.00000e+00
1.51700e+03 1.42749e-12 0.00000e+00
1.51800e+03 1.52960e-12 0.00000e+00
1.51900e+03 1.36851e-12 0.00000e+00
1.52000e+03 1.46559e-12 0.00000e+00
1.52100e+03 1.41543e-12 0.00000e+00
1.52200e+03 1.41998e-12 0.00000e+00
1.52300e+03 1.45628e-12 0.00000e+00
1.52400e+03 1.42313e-12 0.00000e+00
1.52500e+03 1.41295e-12 0.00000e+00
1.52600e+03 1.36161e-12 0.00000e+00
1.52700e+03 1.41064e-12 0.00000e+00
1.52800e+03 1.41911e-12 0.00000e+00
1.52900e+03 1.42884e-12 0.00000e+00
1.53000e+03 1.44850e-12 0.00000e+00
1.53100e+03 1.34165e-12 0.00000e+00
1.53200e+03 1.36270e-12 0.00000e+00
1.53300e+03 1.50252e-12 0.00000e+00
1.53400e+03 1.29545e-12 0.00000e+00
1.53500e+03 1.41297e-12 0.00000e+00
1.53600e+03 1.36336e-12 0.00000e+00
1.53700e+03 1.37122e-12 0.00000e+00
1.53800e+03 1.33782e-12 0.00000e+00
1.53900e+03 1.42067e-12 0.00000e+00
1.54000e+03 1.42599e-12 0.00000e+00
1.54100e+03 1.31251e-12 0.00000e+00
1.54200e+03 1.46999e-12 0.00000e+00
1.54300e+03 1.30944e-12 0.00000e+00
1.54400e+03 1.43158e-12 0.00000e+00
1.54500e+03 1.35223e-12 0.00000e+00
1.54600e+03 1.30336e-12 0.00000e+00
1.54700e+03 1.31286e-12 0.00000e+00
1.54800e+03 1.30573e-12 0.00000e+00
1.54900e+03 1.31755e-12 0.00000e+00
1.55000e+03 1.43758e-12 0.00000e+00
1.55100e+03 1.36799e-12 0.00000e+00
1.55200e+03 1.41887e-12 0.00000e+00
1.55300e+03 1.34190e-12 0.00000e+00
1.55400e+03 1.33272e-12 0.00000e+00
1.55500e+03 1.33951e-12 0.00000e+00
1.55600e+03 1.25179e-12 0.00000e+00
1.55700e+03 1.17276e-12 0.00000e+00
1.55800e+03 1.27999e-12 0.00000e+00
1.55900e+03 1.37171e-12 0.00000e+00
1.56000e+03 1.40868e-12 0.00000e+00
1.56100e+03 1.34990e-12 0.00000e+00
1.56200e+03 1.33642e-12 0.00000e+00
1.56300e+03 1.33912e-12 0.00000e+00
1.56400e+03 1.23420e-12 0.00000e+00
1.56500e+03 1.33459e-12 0.00000e+00
1.56600e+03 1.27938e-12 0.00000e+00
1.56700e+03 1.24566e-12 0.00000e+00
1.56800e+03 1.29392e-12 0.00000e+00
1.56900e+03 1.27396e-12 0.00000e+00
1.57000e+03 1.36580e-12 0.00000e+00
1.57100e+03 1.32534e-12 0.00000e+00
1.57200e+03 1.20471e-12 0.00000e+00
1.57300e+03 1.24628e-12 0.00000e+00
1.57400e+03 1.30805e-12 0.00000e+00
1.57500e+03 1.25319e-12 0.00000e+00
1.57600e+03 1.27666e-12 0.00000e+00
1.57700e+03 1.22585e-12 0.00000e+00
1.57800e+03 1.22823e-12 0.00000e+00
1.57900e+03 1.22942e-12 0.00000e+00
1.58000e+03 1.35600e-12 0.00000e+00
1.58100e+03 1.30386e-12 0.00000e+00
1.58200e+03 1.26621e-12 0.00000e+00
1.58300e+03 1.30089e-12 0.00000e+00
1.58400e+03 1.19117e-12 0.00000e+00
1.58500e+03 1.30203e-12 0.00000e+00
1.58600e+03 1.32740e-12 0.00000e+00
1.58700e+03 1.31045e-12 0.00000e+00
1.58800e+03 1.24639e-12 0.00000e+00
1.58900e+03 1.26010e-12 0.00000e+00
1.59000e+03 1.21136e-12 0.00000e+00
1.59100e+03 1.17428e-12 0.00000e+00
1.59200e+03 1.30172e-12 0.00000e+00
1.59300e+03 1.24507e-12 0.00000e+00
1.59400e+03 1.12651e-12 0.00000e+00
1.59500e+03 1.14575e-12 0.00000e+00
1.59600e+03 1.29833e-12 0.00000e+00
1.59700e+03 1.17943e-12 0.00000e+00
1.59800e+03 1.19348e-12 0.00000e+00
1.59900e+03 1.24977e-12 0.00000e+00
1.60000e+03 1.21897e-12 0.00000e+00
1.60100e+03 1.20180e-12 0.00000e+00
1.60200e+03 1.22310e-12 0.00000e+00
1.60300e+03 1.25547e-12 0.00000e+00
1.60400e+03 1.21925e-12 0.00000e+00
1.60500e+03 1.30343e-12 0.00000e+00
1.60600e+03 1.25855e-12 0.00000e+00
1.60700e+03 1.24419e-12 0.00000e+00
1.60800e+03 1.14480e-12 0.00000e+00
1.60900e+03 1.16440e-12 0.00000e+00
1.61000e+03 1.24615e-12 0.00000e+00
1.61100e+03 1.14775e-12 0.00000e+00
1.61200e+03 1.13590e-12 0.00000e+00
1.61300e+03 1.17939e-12 0.00000e+00
1.61400e+03 1.12811e-12 0.00000e+00
1.61500e+03 1.18010e-12 0.00000e+00
1.61600e+03 1.15822e-12 0.00000e+00
1.61700e+03 1.17323e-12 0.00000e+00
1.61800e+03 1.22591e-12 0.00000e+00
1.61900e+03 1.10717e-12 0.00000e+00
1.62000e+03 1.13569e-12 0.00000e+00
1.62100e+03 1.08987e-12 0.00000e+00
1.62200e+03 1.19946e-12 0.00000e+00
1.62300e+03 1.16871e-12 0.00000e+00
1.62400e+03 1.11310e-12 0.00000e+00
1.62500e+03 1.16052e-12 0.00000e+00
1.62600e+03 1.18802e-12 0.00000e+00
1.62700e+03 1.15297e-12 0.00000e+00
1.62800e+03 1.21796e-12 0.00000e+00
1.62900e+03 1.07733e-12 0.00000e+00
1.63000e+03 1.12645e-12 0.00000e+00
1.63100e+03 1.17121e-12 0.00000e+00
1.63200e+03 1.15631e-12 0.00000e+00
1.63300e+03 1.12467e-12 0.00000e+00
1.63400e+03 1.07522e-12 0.00000e+00
1.63500e+03 1.16327e-12 0.00000e+00
1.63600e+03 1.07411e-12 0.00000e+00
1.63700e+03 1.21513e-12 0.00000e+00
1.63800e+03 1.11643e-12 0.00000e+00
1.63900e+03 1.10542e-12 0.00000e+00
1.64000e+03 1.08292e-12 0.00000e+00
1.64100e+03 1.09344e-12 0.00000e+00
1.64200e+03 1.22535e-12 0.00000e+00
1.64300e+03 1.13809e-12 0.00000e+00
1.64400e+03 1.14484e-12 0.00000e+00
1.64500e+03 1.09353e-12 0.00000e+00
1.64600e+03 1.07601e-12 0.00000e+00
1.64700e+03 1.05758e-12 0.00000e+00
1.64800e+03 1.15533e-12 0.00000e+00
1.64900e+03 1.05270e-12 0.00000e+00
1.65000e+03 1.11683e-12 0.00000e+00
1.65100e+03 1.08516e-12 0.00000e+00
1.65200e+03 1.08517e-12 0.00000e+00
1.65300e+03 1.08813e-12 0.00000e+00
1.65400e+03 1.05319e-12 0.00000e+00
1.65500e+03 1.04557e-12 0.00000e+00
1.65600e+03 1.07934e-12 0.00000e+00
1.65700e+03 1.13032e-12 0.00000e+00
1.65800e+03 1.06986e-12 0.00000e+00
1.65900e+03 1.02684e-12 0.00000e+00
1.66000e+03 1.07837e-12 0.00000e+00
1.66100e+03 1.01864e-12 0.00000e+00
1.66200e+03 9.99916e-13 0.00000e+00
1.66300e+03 1.03086e-12 0.00000e+00
1.66400e+03 9.91137e-13 0.00000e+00
1.66500e+03 1.00022e-12 0.00000e+00
1.66600e+03 1.03560e-12 0.00000e+00
1.66700e+03 9.38231e-13 0.00000e+00
1.66800e+03 1.08098e-12 0.00000e+00
1.66900e+03 1.00290e-12 0.00000e+00
1.67000e+03 1.08188e-12 0.00000e+00
1.67100e+03 9.99304e-13 0.00000e+00
1.67200e+03 9.30955e-13 0.00000e+00
1.67300e+03 1.03073e-12 0.00000e+00
1.67400e+03 1.03210e-12 0.00000e+00
1.67500e+03 1.09788e-12 0.00000e+00
1.67600e+03 9.56675e-13 0.00000e+00
1.67700e+03 1.02878e-12 0.00000e+00
1.67800e+03 1.09535e-12 0.00000e+00
1.67900e+03 9.93314e-13 0.00000e+00
1.68000e+03 9.62137e-13 0.00000e+00
1.68100e+03 9.50414e-13 0.00000e+00
1.68200e+03 1.02316e-12 0.00000e+00
1.68300e+03 1.01195e-12 0.00000e+00
1.68400e+03 9.79765e-13 0.00000e+00
1.68500e+03 9.80534e-13 0.00000e+00
1.68600e+03 9.88918e-13 0.00000e+00
1.68700e+03 1.04757e-12 0.00000e+00
1.68800e+03 1.00227e-12 0.00000e+00
1.68900e+03 1.00823e-12 0.00000e+00
1.69000e+03 9.08808e-13 0.00000e+00
1.69100e+03 9.67402e-13 0.00000e+00
1.69200e+03 1.00998e-12 0.00000e+00
1.69300e+03 9.36702e-13 0.00000e+00
1.69400e+03 9.33194e-13 0.00000e+00
1.69500e+03 1.02187e-12 0.00000e+00
1.69600e+03 9.58034e-13 0.00000e+00
1.69700e+03 9.52663e-13 0.00000e+00
1.69800e+03 9.61358e-13 0.00000e+00
1.69900e+03 9.36949e-13 0.00000e+00
1.70000e+03 9.15821e-13 0.00000e+00
1.70100e+03 9.55589e-13 0.00000e+00
1.70200e+03 9.52739e-13 0.00000e+00
1.70300e+03 9.95102e-13 0.00000e+00
1.70400e+03 1.00260e-12 0.00000e+00
1.70500e+03 9.43876e-13 0.00000e+00
1.70600e+03 9.49970e-13 0.00000e+00
1.70700e+03 9.91953e-13 0.00000e+00
1.70800e+03 8.78124e-13 0.00000e+00
1.70900e+03 9.18196e-13 0.00000e+00
1.71000e+03 8.98404e-13 0.00000e+00
1.71100e+03 9.21358e-13 0.00000e+00
1.71200e+03 9.52221e-13 0.00000e+00
1.71300e+03 9.79614e-13 0.00000e+00
1.71400e+03 8.39309e-13 0.00000e+00
1.71500e+03 9.07356e-13 0.00000e+00
1.71600e+03 9.51224e-13 0.00000e+00
1.71700e+03 8.98892e-13 0.00000e+00
1.71800e+03 9.52462e-13 0.00000e+00
1.71900e+03 9.30035e-13 0.00000e+00
1.72000e+03 9.35320e-13 0.00000e+00
1.72100e+03 8.65344e-13 0.00000e+00
1.72200e+03 9.34565e-13 0.00000e+00
1.72300e+03 9.16871e-13 0.00000e+00
1.72400e+03 9.67201e-13 0.00000e+00
1.72500e+03 9.34022e-13 0.00000e+00
1.72600e+03 9.10017e-13 0.00000e+00
1.72700e+03 9.50632e-13 0.00000e+00
1.72800e+03 8.78132e-13 0.00000e+00
1.72900e+03 9.32811e-13 0.00000e+00
1.73000e+03 9.27430e-13 0.00000e+00
1.73100e+03 8.26002e-13 0.00000e+00
1.73200e+03 9.00372e-13 0.00000e+00
1.73300e+03 8.80984e-13 0.00000e+00
1.73400e+03 8.75278e-13 0.00000e+00
1.73500e+03 9.10345e-13 0.00000e+00
1.73600e+03 8.74832e-13 0.00000e+00
1.73700e+03 9.50055e-13 0.00000e+00
1.73800e+03 8.89681e-13 0.00000e+00
1.73900e+03 8.80700e-13 0.00000e+00
1.74000e+03 8.58078e-13 0.00000e+00
1.74100e+03 8.40659e-13 0.00000e+00
1.74200e+03 8.25623e-13 0.00000e+00
1.74300e+03 8.84004e-13 0.00000e+00
1.74400e+03 9.11665e-13 0.00000e+00
1.74500e+03 8.90771e-13 0.00000e+00
1.74600e+03 8.66313e-13 0.00000e+00
1.74700e+03 8.27081e-13 0.00000e+00
1.74800e+03 8.51853e-13 0.00000e+00
1.74900e+03 8.40945e-13 0.00000e+00
1.75000e+03 8.10174e-13 0.00000e+00
1.75100e+03 8.41058e-13 0.00000e+00
1.75200e+03 8.98853e-13 0.00000e+00
1.75300e+03 8.94328e-13 0.00000e+00
1.75400e+03 8.24500e-13 0.00000e+00
1.75500e+03 8.36093e-13 0.00000e+00
1.75600e+03 8.78063e-13 0.00000e+00
1.75700e+03 8.29397e-13 0.00000e+00
1.75800e+03 9.03460e-13 0.00000e+00
1.75900e+03 8.80847e-13 0.00000e+00
1.76000e+03 8.55812e-13 0.00000e+00
1.76100e+03 9.05377e-13 0.00000e+00
1.76200e+03 8.41192e-13 0.00000e+00
1.76300e+03 7.96250e-13 0.00000e+00
1.76400e+03 8.39829e-13 0.00000e+00
1.76500e+03 9.26553e-13 0.00000e+00
1.76600e+03 8.49868e-13 0.00000e+00
1.76700e+03 8.10041e-13 0.00000e+00
1.76800e+03 8.20070e-13 0.00000e+00
1.76900e+03 8.01016e-13 0.00000e+00
1.77000e+03 7.74922e-13 0.00000e+00
1.77100e+03 8.05693e-13 0.00000e+00
1.77200e+03 7.78537e-13 0.00000e+00
1.77300e+03 9.18666e-13 0.00000e+00
1.77400e+03 7.65338e-13 0.00000e+00
1.77500e+03 7.95222e-13 0.00000e+00
1.77600e+03 8.44526e-13 0.00000e+00
1.77700e+03 8.43825e-13 0.00000e+00
1.77800e+03 8.20670e-13 0.00000e+00
1.77900e+03 8.17619e-13 0.00000e+00
1.78000e+03 7.56931e-13 0.00000e+00
1.78100e+03 7.92200e-13 0.00000e+00
1.78200e+03 7.70546e-13 0.00000e+00
1.78300e+03 8.04511e-13 0.00000e+00
1.78400e+03 7.70807e-13 0.00000e+00
1.78500e+03 8.31045e-13 0.00000e+00
1.78600e+03 8.20757e-13 0.00000e+00
1.78700e+03 7.29868e-13 0.00000e+00
1.78800e+03 7.76917e-13 0.00000e+00
1.78900e+03 7.88621e-13 0.00000e+00
1.79000e+03 7.37628e-13 0.00000e+00
1.79100e+03 7.52938e-13 0.00000e+00
1.79200e+03 7.55907e-13 0.00000e+00
1.79300e+03 7.49078e-13 0.00000e+00
1.79400e+03 7.62141e-13 0.00000e+00
1.79500e+03 7.51250e-13 0.00000e+00
1.79600e+03 7.24351e-13 0.00000e+00
1.79700e+03 7.63833e-13 0.00000e+00
1.79800e+03 7.82226e-13 0.00000e+00
1.79900e+03 7.47186e-13 0.00000e+00
1.80000e+03 7.59021e-13 0.00000e+00
1.80100e+03 7.43700e-13 0.00000e+00
1.80200e+03 7.57013e-13 0.00000e+00
1.80300e+03 7.94923e-13 0.00000e+00
1.80400e+03 7.80397e-13 0.00000e+00
1.80500e+03 7.83643e-13 0.00000e+00
1.80600e+03 7.12879e-13 0.00000e+00
1.80700e+03 7.36740e-13 0.00000e+00
1.80800e+03 7.33440e-13 0.00000e+00
1.80900e+03 7.08899e-13 0.00000e+00
1.81000e+03 7.24512e-13 0.00000e+00
1.81100e+03 6.98502e-13 0.00000e+00
1.81200e+03 7.74240e-13 0.00000e+00
1.81300e+03 6.80278e-13 0.00000e+00
1.81400e+03 8.13572e-13 0.00000e+00
1.81500e+03 7.19623e-13 0.00000e+00
1.81600e+03 7.05786e-13 0.00000e+00
1.81700e+03 7.44062e-13 0.00000e+00
1.81800e+03 7.28120e-13 0.00000e+00
1.81900e+03 7.18684e-13 0.00000e+00
1.82000e+03 7.92982e-13 0.00000e+00
1.82100e+03 7.00627e-13 0.00000e+00
1.82200e+03 7.41898e-13 0.00000e+00
1.82300e+03 6.89791e-13 0.00000e+00
1.82400e+03 7.29082e-13 0.00000e+00
1.82500e+03 7.20025e-13 0.00000e+00
1.82600e+03 6.89670e-13 0.00000e+00
1.82700e+03 6.46994e-13 0.00000e+00
1.82800e+03 7.29423e-13 0.00000e+00
1.82900e+03 7.06928e-13 0.00000e+00
1.83000e+03 6.62331e-13 0.00000e+00
1.83100e+03 6.67877e-13 0.00000e+00
1.83200e+03 6.83556e-13 0.00000e+00
1.83300e+03 6.94550e-13 0.00000e+00
1.83400e+03 7.26876e-13 0.00000e+00
1.83500e+03 7.28355e-13 0.00000e+00
1.83600e+03 7.12125e-13 0.00000e+00
1.83700e+03 7.30607e-13 0.00000e+00
1.83800e+03 7.32549e-13 0.00000e+00
1.83900e+03 6.90234e-13 0.00000e+00
1.84000e+03 7.24318e-13 0.00000e+00
1.84100e+03 7.20120e-13 0.00000e+00
1.84200e+03 6.50165e-13 0.00000e+00
1.84300e+03 6.57001e-13 0.00000e+00
1.84400e+03 6.92828e-13 0.00000e+00
1.84500e+03 6.38465e-13 0.00000e+00
1.84600e+03 6.35459e-13 0.00000e+00
1.84700e+03 6.63258e-13 0.00000e+00
1.84800e+03 6.49139e-13 0.00000e+00
1.84900e+03 6.98156e-13 0.00000e+00
1.85000e+03 6.85188e-13 0.00000e+00
1.85100e+03 6.48145e-13 0.00000e+00
1.85200e+03 6.45513e-13 0.00000e+00
1.85300e+03 6.63239e-13 0.00000e+00
1.85400e+03 6.57453e-13 0.00000e+00
1.85500e+03 6.79476e-13 0.00000e+00
1.85600e+03 6.57901e-13 0.00000e+00
1.85700e+03 6.20734e-13 0.00000e+00
1.85800e+03 6.30422e-13 0.00000e+00
1.85900e+03 6.63566e-13 0.00000e+00
1.86000e+03 6.53790e-13 0.00000e+00
1.86100e+03 6.43954e-13 0.00000e+00
1.86200e+03 6.77102e-13 0.00000e+00
1.86300e+03 6.34464e-13 0.00000e+00
1.86400e+03 7.20233e-13 0.00000e+00
1.86500e+03 6.80246e-13 0.00000e+00
1.86600e+03 6.38924e-13 0.00000e+00
1.86700e+03 6.38742e-13 0.00000e+00
1.86800e+03 6.19403e-13 0.00000e+00
1.86900e+03 6.05178e-13 0.00000e+00
1.87000e+03 6.11885e-13 0.00000e+00
1.87100e+03 6.41986e-13 0.00000e+00
1.87200e+03 5.87609e-13 0.00000e+00
1.87300e+03 6.58129e-13 0.00000e+00
1.87400e+03 6.36441e-13 0.00000e+00
1.87500e+03 6.07547e-13 0.00000e+00
1.87600e+03 5.92262e-13 0.00000e+00
1.87700e+03 6.40915e-13 0.00000e+00
1.87800e+03 6.36558e-13 0.00000e+00
1.87900e+03 5.80887e-13 0.00000e+00
1.88000e+03 6.11252e-13 0.00000e+00
1.88100e+03 6.26980e-13 0.00000e+00
1.88200e+03 6.07174e-13 0.00000e+00
1.88300e+03 6.81713e-13 0.00000e+00
1.88400e+03 6.20049e-13 0.00000e+00
1.88500e+03 6.02163e-13 0.00000e+00
1.88600e+03 5.77961e-13 0.00000e+00
1.88700e+03 6.39525e-13 0.00000e+00
1.88800e+03 5.82529e-13 0.00000e+00
1.88900e+03 6.48370e-13 0.00000e+00
1.89000e+03 6.26831e-13 0.00000e+00
1.89100e+03 6.15148e-13 0.00000e+00
1.89200e+03 5.74361e-13 0.00000e+00
1.89300e+03 5.64529e-13 0.00000e+00
1.89400e+03 5.84296e-13 0.00000e+00
1.89500e+03 5.67215e-13 0.00000e+00
1.89600e+03 5.69079e-13 0.00000e+00
1.89700e+03 5.74490e-13 0.00000e+00
1.89800e+03 6.11918e-13 0.00000e+00
1.89900e+03 5.58730e-13 0.00000e+00
1.90000e+03 5.63582e-13 0.00000e+00
1.90100e+03 5.23836e-13 0.00000e+00
1.90200e+03 6.15656e-13 0.00000e+00
1.90300e+03 5.88452e-13 0.00000e+00
1.90400e+03 5.94225e-13 0.00000e+00
1.90500e+03 5.52911e-13 0.00000e+00
1.90600e+03 5.60437e-13 0.00000e+00
1.90700e+03 5.43249e-13 0.00000e+00
1.90800e+03 6.28460e-13 0.00000e+00
1.90900e+03 5.90915e-13 0.00000e+00
1.91000e+03 5.70760e-13 0.00000e+00
1.91100e+03 5.08713e-13 0.00000e+00
1.91200e+03 5.90517e-13 0.00000e+00
1.91300e+03 5.60062e-13 0.00000e+00
1.91400e+03 5.48509e-13 0.00000e+00
1.91500e+03 5.49229e-13 0.00000e+00
1.91600e+03 5.92458e-13 0.00000e+00
1.91700e+03 5.76202e-13 0.00000e+00
1.91800e+03 5.36299e-13 0.00000e+00
1.91900e+03 5.43658e-13 0.00000e+00
1.92000e+03 5.82284e-13 0.00000e+00
1.92100e+03 5.45041e-13 0.00000e+00
1.92200e+03 5.65572e-13 0.00000e+00
1.92300e+03 5.64401e-13 0.00000e+00
1.92400e+03 5.61467e-13 0.00000e+00
1.92500e+03 5.37337e-13 0.00000e+00
1.92600e+03 5.54236e-13 0.00000e+00
1.92700e+03 5.89182e-13 0.00000e+00
1.92800e+03 5.54968e-13 0.00000e+00
1.92900e+03 5.70371e-13 0.00000e+00
1.93000e+03 5.26320e-13 0.00000e+00
1.93100e+03 5.37734e-13 0.00000e+00
1.93200e+03 5.19634e-13 0.00000e+00
1.93300e+03 5.31965e-13 0.00000e+00
1.93400e+03 5.26865e-13 0.00000e+00
1.93500e+03 5.10400e-13 0.00000e+00
1.93600e+03 5.55401e-13 0.00000e+00
1.93700e+03 5.54969e-13 0.00000e+00
1.93800e+03 5.35294e-13 0.00000e+00
1.93900e+03 5.37691e-13 0.00000e+00
1.94000e+03 4.90750e-13 0.00000e+00
1.94100e+03 5.49928e-13 0.00000e+00
1.94200e+03 5.27502e-13 0.00000e+00
1.94300e+03 5.11968e-13 0.00000e+00
1.94400e+03 5.35469e-13 0.00000e+00
1.94500e+03 5.23414e-13 0.00000e+00
1.94600e+03 5.06286e-13 0.00000e+00
1.94700e+03 4.84494e-13 0.00000e+00
1.94800e+03 5.22723e-13 0.00000e+00
1.94900e+03 5.52452e-13 0.00000e+00
1.95000e+03 4.89145e-13 0.00000e+00
1.95100e+03 5.37202e-13 0.00000e+00
1.95200e+03 5.53883e-13 0.00000e+00
1.95300e+03 5.03791e-13 0.00000e+00
1.95400e+03 5.14570e-13 0.00000e+00
1.95500e+03 5.14525e-13 0.00000e+00
1.95600e+03 4.89182e-13 0.00000e+00
1.95700e+03 4.91870e-13 0.00000e+00
1.95800e+03 5.16656e-13 0.00000e+00
1.95900e+03 4.99803e-13 0.00000e+00
1.96000e+03 5.18106e-13 0.00000e+00
1.96100e+03 4.92073e-13 0.00000e+00
1.96200e+03 4.58976e-13 0.00000e+00
1.96300e+03 5.07099e-13 0.00000e+00
1.96400e+03 4.74673e-13 0.00000e+00
1.96500e+03 5.18891e-13 0.00000e+00
1.96600e+03 5.08630e-13 0.00000e+00
1.96700e+03 5.06158e-13 0.00000e+00
1.96800e+03 4.89563e-13 0.00000e+00
1.96900e+03 4.62726e-13 0.00000e+00
1.97000e+03 4.93870e-13 0.00000e+00
1.97100e+03 4.83919e-13 0.00000e+00
1.97200e+03 4.80688e-13 0.00000e+00
1.97300e+03 4.79428e-13 0.00000e+00
1.97400e+03 4.68775e-13 0.00000e+00
1.97500e+03 4.71146e-13 0.00000e+00
1.97600e+03 4.72472e-13 0.00000e+00
1.97700e+03 4.93602e-13 0.00000e+00
1.97800e+03 4.81283e-13 0.00000e+00
1.97900e+03 4.87896e-13 0.00000e+00
1.98000e+03 4.63107e-13 0.00000e+00
1.98100e+03 4.72447e-13 0.00000e+00
1.98200e+03 4.75419e-13 0.00000e+00
1.98300e+03 4.49644e-13 0.00000e+00
1.98400e+03 4.55165e-13 0.00000e+00
1.98500e+03 4.52568e-13 0.00000e+00
1.98600e+03 4.76236e-13 0.00000e+00
1.98700e+03 4.66888e-13 0.00000e+00
1.98800e+03 4.83064e-13 0.00000e+00
1.98900e+03 4.46164e-13 0.00000e+00
1.99000e+03 4.58732e-13 0.00000e+00
1.99100e+03 4.69478e-13 0.00000e+00
1.99200e+03 4.65296e-13 0.00000e+00
1.99300e+03 4.55848e-13 0.00000e+00
1.99400e+03 4.66884e-13 0.00000e+00
1.99500e+03 4.47970e-13 0.00000e+00
1.99600e+03 4.49645e-13 0.00000e+00
1.99700e+03 4.50026e-13 0.00000e+00
1.99800e+03 4.25194e-13 0.00000e+00
1.99900e+03 4.42374e-13 0.00000e+00
2.00000e+03 4.46239e-13 0.00000e+00
