0.00000e+00 0.00000e+00 0.00000e+00
1.00000e+00 0.00000e+00 0.00000e+00
2.00000e+00 0.00000e+00 0.00000e+00
3.00000e+00 0.00000e+00 0.00000e+00
4.00000e+00 0.00000e+00 0.00000e+00
5.00000e+00 0.00000e+00 0.00000e+00
6.00000e+00 0.00000e+00 0.00000e+00
7.00000e+00 0.00000e+00 0.00000e+00
8.00000e+00 0.00000e+00 0.00000e+00
9.00000e+00 0.00000e+00 0.00000e+00
1.00000e+01 0.00000e+00 0.00000e+00
1.10000e+01 0.00000e+00 0.00000e+00
1.20000e+01 0.00000e+00 0.00000e+00
1.30000e+01 0.00000e+00 0.00000e+00
1.40000e+01 0.00000e+00 0.00000e+00
1.50000e+01 0.00000e+00 0.00000e+00
1.60000e+01 0.00000e+00 0.00000e+00
1.70000e+01 0.00000e+00 0.00000e+00
1.80000e+01 0.00000e+00 0.00000e+00
1.90000e+01 0.00000e+00 0.00000e+00
2.00000e+01 0.00000e+00 0.00000e+00
2.10000e+01 0.00000e+00 0.00000e+00
2.20000e+01 0.00000e+00 0.00000e+00
2.30000e+01 0.00000e+00 0.00000e+00
2.40000e+01 0.00000e+00 0.00000e+00
2.50000e+01 0.00000e+00 0.00000e+00
2.60000e+01 0.00000e+00 0.00000e+00
2.70000e+01 0.00000e+00 0.00000e+00
2.80000e+01 0.00000e+00 0.00000e+00
2.90000e+01 0.00000e+00 0.00000e+00
3.00000e+01 0.00000e+00 0.00000e+00
3.10000e+01 0.00000e+00 0.00000e+00
3.20000e+01 0.00000e+00 0.00000e+00
3.30000e+01 0.00000e+00 0.00000e+00
3.40000e+01 0.00000e+00 0.00000e+00
3.50000e+01 0.00000e+00 0.00000e+00
3.60000e+01 0.00000e+00 0.00000e+00
3.70000e+01 0.00000e+00 0.00000e+00
3.80000e+01 0.00000e+00 0.00000e+00
3.90000e+01 0.00000e+00 0.00000e+00
4.00000e+01 0.00000e+00 0.00000e+00
4.10000e+01 0.00000e+00 0.00000e+00
4.20000e+01 0.00000e+00 0.00000e+00
4.30000e+01 0.00000e+00 0.00000e+00
4.40000e+01 0.00000e+00 0.00000e+00
4.50000e+01 0.00000e+00 0.00000e+00
4.60000e+01 0.00000e+00 0.00000e+00
4.70000e+01 0.00000e+00 0.00000e+00
4.80000e+01 0.00000e+00 0.00000e+00
4.90000e+01 0.00000e+00 0.00000e+00
5.00000e+01 0.00000e+00 0.00000e+00
5.10000e+01 0.00000e+00 0.00000e+00
5.20000e+01 0.00000e+00 0.00000e+00
5.30000e+01 0.00000e+00 0.00000e+00
5.40000e+01 0.00000e+00 0.00000e+00
5.50000e+01 0.00000e+00 0.00000e+00
5.60000e+01 0.00000e+00 0.00000e+00
5.70000e+01 0.00000e+00 0.00000e+00
5.80000e+01 0.00000e+00 0.00000e+00
5.90000e+01 0.00000e+00 0.00000e+00
6.00000e+01 0.00000e+00 0.00000e+00
6.10000e+01 0.00000e+00 0.00000e+00
6.20000e+01 0.00000e+00 0.00000e+00
6.30000e+01 0.00000e+00 0.00000e+00
6.40000e+01 0.00000e+00 0.00000e+00
6.50000e+01 0.00000e+00 0.00000e+00
6.60000e+01 0.00000e+00 0.00000e+00
6.70000e+01 0.00000e+00 0.00000e+00
6.80000e+01 0.00000e+00 0.00000e+00
6.90000e+01 0.00000e+00 0.00000e+00
7.00000e+01 0.00000e+00 0.00000e+00
7.10000e+01 0.00000e+00 0.00000e+00
7.20000e+01 0.00000e+00 0.00000e+00
7.30000e+01 0.00000e+00 0.00000e+00
7.40000e+01 0.00000e+00 0.00000e+00
7.50000e+01 0.00000e+00 0.00000e+00
7.60000e+01 0.00000e+00 0.00000e+00
7.70000e+01 0.00000e+00 0.00000e+00
7.80000e+01 0.00000e+00 0.00000e+00
7.90000e+01 0.00000e+00 0.00000e+00
8.00000e+01 0.00000e+00 0.00000e+00
8.10000e+01 0.00000e+00 0.00000e+00
8.20000e+01 0.00000e+00 0.00000e+00
8.30000e+01 0.00000e+00 0.00000e+00
8.40000e+01 0.00000e+00 0.00000e+00
8.50000e+01 0.00000e+00 0.00000e+00
8.60000e+01 0.00000e+00 0.00000e+00
8.70000e+01 0.00000e+00 0.00000e+00
8.80000e+01 0.00000e+00 0.00000e+00
8.90000e+01 0.00000e+00 0.00000e+00
9.00000e+01 0.00000e+00 0.00000e+00
9.10000e+01 0.00000e+00 0.00000e+00
9.20000e+01 0.00000e+00 0.00000e+00
9.30000e+01 0.00000e+00 0.00000e+00
9.40000e+01 0.00000e+00 0.00000e+00
9.50000e+01 0.00000e+00 0.00000e+00
9.60000e+01 0.00000e+00 0.00000e+00
9.70000e+01 0.00000e+00 0.00000e+00
9.80000e+01 0.00000e+00 0.00000e+00
9.90000e+01 0.00000e+00 0.00000e+00
1.00000e+02 2.08226e-10 0.00000e+00
1.01000e+02 1.46163e-10 0.00000e+00
1.02000e+02 1.86833e-10 0.00000e+00
1.03000e+02 2.24819e-10 0.00000e+00
1.04000e+02 2.83357e-10 0.00000e+00
1.05000e+02 8.08449e-11 0.00000e+00
1.06000e+02 1.87550e-10 0.00000e+00
1.07000e+02 2.39748e-10 0.00000e+00
1.08000e+02 2.00794e-10 0.00000e+00
1.09000e+02 1.11810e-10 0.00000e+00
1.10000e+02 1.98512e-10 0.00000e+00
1.11000e+02 1.63249e-10 0.00000e+00
1.12000e+02 1.61410e-10 0.00000e+00
1.13000e+02 2.67963e-10 0.00000e+00
1.14000e+02 2.07582e-10 0.00000e+00
1.15000e+02 2.32145e-10 0.00000e+00
1.16000e+02 1.50190e-10 0.00000e+00
1.17000e+02 2.71407e-10 0.00000e+00
1.18000e+02 1.78667e-10 0.00000e+00
1.19000e+02 1.64309e-10 0.00000e+00
1.20000e+02 2.12356e-10 0.00000e+00
1.21000e+02 2.08872e-10 0.00000e+00
1.22000e+02 1.36608e-10 0.00000e+00
1.23000e+02 8.32576e-11 0.00000e+00
1.24000e+02 1.65174e-10 0.00000e+00
1.25000e+02 8.85088e-11 0.00000e+00
1.26000e+02 1.74418e-10 0.00000e+00
1.27000e+02 1.84909e-10 0.00000e+00
1.28000e+02 1.29225e-10 0.00000e+00
1.29000e+02 1.13504e-10 0.00000e+00
1.30000e+02 7.78882e-11 0.00000e+00
1.31000e+02 1.29842e-10 0.00000e+00
1.32000e+02 7.91984e-11 0.00000e+00
1.33000e+02 1.34193e-10 0.00000e+00
1.34000e+02 1.62638e-10 0.00000e+00
1.35000e+02 1.23080e-10 0.00000e+00
1.36000e+02 1.09501e-10 0.00000e+00
1.37000e+02 1.94717e-10 0.00000e+00
1.38000e+02 1.72917e-10 0.00000e+00
1.39000e+02 1.33650e-10 0.00000e+00
1.40000e+02 1.13062e-10 0.00000e+00
1.41000e+02 1.78366e-10 0.00000e+00
1.42000e+02 1.42560e-10 0.00000e+00
1.43000e+02 1.31369e-10 0.00000e+00
1.44000e+02 1.60228e-10 0.00000e+00
1.45000e+02 1.38475e-10 0.00000e+00
1.46000e+02 1.26442e-10 0.00000e+00
1.47000e+02 1.28462e-10 0.00000e+00
1.48000e+02 1.01456e-10 0.00000e+00
1.49000e+02 1.13366e-10 0.00000e+00
1.50000e+02 1.81424e-10 0.00000e+00
1.51000e+02 1.64043e-10 0.00000e+00
1.52000e+02 1.56164e-10 0.00000e+00
1.53000e+02 6.78373e-11 0.00000e+00
1.54000e+02 1.76468e-10 0.00000e+00
1.55000e+02 1.20684e-10 0.00000e+00
1.56000e+02 1.45280e-10 0.00000e+00
1.57000e+02 1.93288e-10 0.00000e+00
1.58000e+02 1.20936e-10 0.00000e+00
1.59000e+02 1.15154e-10 0.00000e+00
1.60000e+02 1.09294e-10 0.00000e+00
1.61000e+02 1.12471e-10 0.00000e+00
1.62000e+02 1.55441e-10 0.00000e+00
1.63000e+02 1.32691e-10 0.00000e+00
1.64000e+02 1.47590e-10 0.00000e+00
1.65000e+02 1.62241e-10 0.00000e+00
1.66000e+02 1.27597e-10 0.00000e+00
1.67000e+02 1.75521e-10 0.00000e+00
1.68000e+02 1.13728e-10 0.00000e+00
1.69000e+02 1.39509e-10 0.00000e+00
1.70000e+02 1.62198e-10 0.00000e+00
1.71000e+02 1.11332e-10 0.00000e+00
1.72000e+02 1.26811e-10 0.00000e+00
1.73000e+02 8.66648e-11 0.00000e+00
1.74000e+02 6.36355e-11 0.00000e+00
1.75000e+02 5.38674e-11 0.00000e+00
1.76000e+02 1.50785e-10 0.00000e+00
1.77000e+02 9.54549e-11 0.00000e+00
1.78000e+02 8.46442e-11 0.00000e+00
1.79000e+02 9.25929e-11 0.00000e+00
1.80000e+02 1.32359e-10 0.00000e+00
1.81000e+02 1.16798e-10 0.00000e+00
1.82000e+02 1.47539e-10 0.00000e+00
1.83000e+02 7.93577e-11 0.00000e+00
1.84000e+02 1.27654e-10 0.00000e+00
1.85000e+02 8.66156e-11 0.00000e+00
1.86000e+02 1.23745e-10 0.00000e+00
1.87000e+02 1.07121e-10 0.00000e+00
1.88000e+02 1.09426e-10 0.00000e+00
1.89000e+02 1.35267e-10 0.00000e+00
1.90000e+02 9.57767e-11 0.00000e+00
1.91000e+02 1.05663e-10 0.00000e+00
1.92000e+02 9.80835e-11 0.00000e+00
1.93000e+02 8.63975e-11 0.00000e+00
1.94000e+02 9.62645e-11 0.00000e+00
1.95000e+02 6.06798e-11 0.00000e+00
1.96000e+02 1.29225e-10 0.00000e+00
1.97000e+02 1.03221e-10 0.00000e+00
1.98000e+02 1.38393e-10 0.00000e+00
1.99000e+02 1.15602e-10 0.00000e+00
2.00000e+02 5.71652e-11 0.00000e+00
2.01000e+02 1.03684e-10 0.00000e+00
2.02000e+02 1.01323e-10 0.00000e+00
2.03000e+02 6.27382e-11 0.00000e+00
2.04000e+02 1.00463e-10 0.00000e+00
2.05000e+02 7.86363e-11 0.00000e+00
2.06000e+02 1.16861e-10 0.00000e+00
2.07000e+02 6.79333e-11 0.00000e+00
2.08000e+02 9.39301e-11 0.00000e+00
2.09000e+02 9.34670e-11 0.00000e+00
2.10000e+02 1.24689e-10 0.00000e+00
2.11000e+02 6.01515e-11 0.00000e+00
2.12000e+02 4.83289e-11 0.00000e+00
2.13000e+02 5.48192e-11 0.00000e+00
2.14000e+02 8.80738e-11 0.00000e+00
2.15000e+02 1.47462e-10 0.00000e+00
2.16000e+02 9.57560e-11 0.00000e+00
2.17000e+02 1.32837e-10 0.00000e+00
2.18000e+02 1.33239e-10 0.00000e+00
2.19000e+02 5.82986e-11 0.00000e+00
2.20000e+02 7.78434e-11 0.00000e+00
2.21000e+02 6.62230e-11 0.00000e+00
2.22000e+02 8.89880e-11 0.00000e+00
2.23000e+02 7.88451e-11 0.00000e+00
2.24000e+02 9.32056e-11 0.00000e+00
2.25000e+02 8.78927e-11 0.00000e+00
2.26000e+02 1.28463e-10 0.00000e+00
2.27000e+02 9.16648e-11 0.00000e+00
2.28000e+02 7.57048e-11 0.00000e+00
2.29000e+02 7.63307e-11 0.00000e+00
2.30000e+02 7.97381e-11 0.00000e+00
2.31000e+02 8.25500e-11 0.00000e+00
2.32000e+02 1.12520e-10 0.00000e+00
2.33000e+02 8.69079e-11 0.00000e+00
2.34000e+02 9.35945e-11 0.00000e+00
2.35000e+02 7.60421e-11 0.00000e+00
2.36000e+02 7.88491e-11 0.00000e+00
2.37000e+02 1.25097e-10 0.00000e+00
2.38000e+02 7.80929e-11 0.00000e+00
2.39000e+02 1.05473e-10 0.00000e+00
2.40000e+02 5.38320e-11 0.00000e+00
2.41000e+02 1.05441e-10 0.00000e+00
2.42000e+02 1.50335e-10 0.00000e+00
2.43000e+02 7.70311e-11 0.00000e+00
2.44000e+02 1.25145e-10 0.00000e+00
2.45000e+02 1.53260e-10 0.00000e+00
2.46000e+02 7.71862e-11 0.00000e+00
2.47000e+02 7.10846e-11 0.00000e+00
2.48000e+02 9.73034e-11 0.00000e+00
2.49000e+02 1.03382e-10 0.00000e+00
2.50000e+02 9.50511e-11 0.00000e+00
2.51000e+02 1.11887e-10 0.00000e+00
2.52000e+02 8.94780e-11 0.00000e+00
2.53000e+02 6.45654e-11 0.00000e+00
2.54000e+02 4.42660e-11 0.00000e+00
2.55000e+02 8.91147e-11 0.00000e+00
2.56000e+02 9.80260e-11 0.00000e+00
2.57000e+02 1.18724e-10 0.00000e+00
2.58000e+02 9.07714e-11 0.00000e+00
2.59000e+02 8.73221e-11 0.00000e+00
2.60000e+02 5.35161e-11 0.00000e+00
2.61000e+02 8.28519e-11 0.00000e+00
2.62000e+02 5.71833e-11 0.00000e+00
2.63000e+02 9.85401e-11 0.00000e+00
2.64000e+02 7.28720e-11 0.00000e+00
2.65000e+02 7.34716e-11 0.00000e+00
2.66000e+02 4.31562e-11 0.00000e+00
2.67000e+02 8.07045e-11 0.00000e+00
2.68000e+02 7.72202e-11 0.00000e+00
2.69000e+02 7.28682e-11 0.00000e+00
2.70000e+02 8.19966e-11 0.00000e+00
2.71000e+02 5.62215e-11 0.00000e+00
2.72000e+02 7.19372e-11 0.00000e+00
2.73000e+02 8.58324e-11 0.00000e+00
2.74000e+02 5.54694e-11 0.00000e+00
2.75000e+02 8.35879e-11 0.00000e+00
2.76000e+02 6.46350e-11 0.00000e+00
2.77000e+02 4.73595e-11 0.00000e+00
2.78000e+02 6.33153e-11 0.00000e+00
2.79000e+02 5.15532e-11 0.00000e+00
2.80000e+02 2.22064e-11 0.00000e+00
2.81000e+02 9.97285e-11 0.00000e+00
2.82000e+02 6.08528e-11 0.00000e+00
2.83000e+02 5.79479e-11 0.00000e+00
2.84000e+02 6.25568e-11 0.00000e+00
2.85000e+02 1.00355e-10 0.00000e+00
2.86000e+02 8.49871e-11 0.00000e+00
2.87000e+02 6.59095e-11 0.00000e+00
2.88000e+02 3.63723e-11 0.00000e+00
2.89000e+02 7.44913e-11 0.00000e+00
2.90000e+02 7.81121e-11 0.00000e+00
2.91000e+02 8.88611e-11 0.00000e+00
2.92000e+02 7.62984e-11 0.00000e+00
2.93000e+02 3.66469e-11 0.00000e+00
2.94000e+02 8.25481e-11 0.00000e+00
2.95000e+02 8.50505e-11 0.00000e+00
2.96000e+02 5.62888e-11 0.00000e+00
2.97000e+02 6.20729e-11 0.00000e+00
2.98000e+02 5.95160e-11 0.00000e+00
2.99000e+02 6.12833e-11 0.00000e+00
3.00000e+02 6.54606e-11 0.00000e+00
3.01000e+02 5.27857e-11 0.00000e+00
3.02000e+02 8.73617e-11 0.00000e+00
3.03000e+02 6.73591e-11 0.00000e+00
3.04000e+02 1.11068e-10 0.00000e+00
3.05000e+02 7.51427e-11 0.00000e+00
3.06000e+02 8.60129e-11 0.00000e+00
3.07000e+02 7.34783e-11 0.00000e+00
3.08000e+02 5.95740e-11 0.00000e+00
3.09000e+02 7.51232e-11 0.00000e+00
3.10000e+02 1.00164e-10 0.00000e+00
3.11000e+02 6.89289e-11 0.00000e+00
3.12000e+02 4.80602e-11 0.00000e+00
3.13000e+02 6.27294e-11 0.00000e+00
3.14000e+02 6.14568e-11 0.00000e+00
3.15000e+02 6.18706e-11 0.00000e+00
3.16000e+02 8.12412e-11 0.00000e+00
3.17000e+02 5.75087e-11 0.00000e+00
3.18000e+02 3.35213e-11 0.00000e+00
3.19000e+02 6.32488e-11 0.00000e+00
3.20000e+02 4.97297e-11 0.00000e+00
3.21000e+02 5.57982e-11 0.00000e+00
3.22000e+02 5.55807e-11 0.00000e+00
3.23000e+02 9.99211e-11 0.00000e+00
3.24000e+02 6.43471e-11 0.00000e+00
3.25000e+02 4.83921e-11 0.00000e+00
3.26000e+02 8.45172e-11 0.00000e+00
3.27000e+02 7.55517e-11 0.00000e+00
3.28000e+02 1.66044e-11 0.00000e+00
3.29000e+02 4.71722e-11 0.00000e+00
3.30000e+02 4.84684e-11 0.00000e+00
3.31000e+02 6.47654e-11 0.00000e+00
3.32000e+02 4.44936e-11 0.00000e+00
3.33000e+02 8.61666e-11 0.00000e+00
3.34000e+02 6.39470e-11 0.00000e+00
3.35000e+02 5.38220e-11 0.00000e+00
3.36000e+02 6.62285e-11 0.00000e+00
3.37000e+02 7.26938e-11 0.00000e+00
3.38000e+02 1.32062e-11 0.00000e+00
3.39000e+02 4.72794e-11 0.00000e+00
3.40000e+02 5.17420e-11 0.00000e+00
3.41000e+02 6.74424e-11 0.00000e+00
3.42000e+02 5.28709e-11 0.00000e+00
3.43000e+02 6.35913e-11 0.00000e+00
3.44000e+02 5.15558e-11 0.00000e+00
3.45000e+02 6.56336e-11 0.00000e+00
3.46000e+02 6.69920e-11 0.00000e+00
3.47000e+02 1.58038e-11 0.00000e+00
3.48000e+02 5.07499e-11 0.00000e+00
3.49000e+02 3.69142e-11 0.00000e+00
3.50000e+02 3.55394e-11 0.00000e+00
3.51000e+02 5.73989e-11 0.00000e+00
3.52000e+02 5.71643e-11 0.00000e+00
3.53000e+02 4.65670e-11 0.00000e+00
3.54000e+02 7.14250e-11 0.00000e+00
3.55000e+02 6.44906e-11 0.00000e+00
3.56000e+02 7.24149e-11 0.00000e+00
3.57000e+02 3.58858e-11 0.00000e+00
3.58000e+02 3.85913e-11 0.00000e+00
3.59000e+02 6.13203e-11 0.00000e+00
3.60000e+02 4.07183e-11 0.00000e+00
3.61000e+02 5.08017e-11 0.00000e+00
3.62000e+02 5.36708e-11 0.00000e+00
3.63000e+02 3.88364e-11 0.00000e+00
3.64000e+02 4.95584e-11 0.00000e+00
3.65000e+02 5.48042e-11 0.00000e+00
3.66000e+02 5.91202e-11 0.00000e+00
3.67000e+02 4.50797e-11 0.00000e+00
3.68000e+02 8.14142e-11 0.00000e+00
3.69000e+02 5.55318e-11 0.00000e+00
3.70000e+02 5.27684e-11 0.00000e+00
3.71000e+02 6.25547e-11 0.00000e+00
3.72000e+02 5.82995e-11 0.00000e+00
3.73000e+02 6.47775e-11 0.00000e+00
3.74000e+02 5.28851e-11 0.00000e+00
3.75000e+02 8.58298e-11 0.00000e+00
3.76000e+02 5.95497e-11 0.00000e+00
3.77000e+02 5.20171e-11 0.00000e+00
3.78000e+02 6.77818e-11 0.00000e+00
3.79000e+02 4.28774e-11 0.00000e+00
3.80000e+02 4.75347e-11 0.00000e+00
3.81000e+02 4.68437e-11 0.00000e+00
3.82000e+02 4.36191e-11 0.00000e+00
3.83000e+02 9.27255e-11 0.00000e+00
3.84000e+02 6.64840e-11 0.00000e+00
3.85000e+02 5.62177e-11 0.00000e+00
3.86000e+02 5.51898e-11 0.00000e+00
3.87000e+02 6.21525e-11 0.00000e+00
3.88000e+02 4.39855e-11 0.00000e+00
3.89000e+02 4.74591e-11 0.00000e+00
3.90000e+02 4.95575e-11 0.00000e+00
3.91000e+02 5.51812e-11 0.00000e+00
3.92000e+02 6.82340e-11 0.00000e+00
3.93000e+02 7.03038e-11 0.00000e+00
3.94000e+02 4.67838e-11 0.00000e+00
3.95000e+02 4.99332e-11 0.00000e+00
3.96000e+02 5.73321e-11 0.00000e+00
3.97000e+02 6.90251e-11 0.00000e+00
3.98000e+02 7.60783e-11 0.00000e+00
3.99000e+02 5.82895e-11 0.00000e+00
4.00000e+02 5.24857e-11 0.00000e+00
4.01000e+02 4.47098e-11 0.00000e+00
4.02000e+02 3.38046e-11 0.00000e+00
4.03000e+02 5.88196e-11 0.00000e+00
4.04000e+02 6.76182e-11 0.00000e+00
4.05000e+02 3.43012e-11 0.00000e+00
4.06000e+02 4.53369e-11 0.00000e+00
4.07000e+02 6.16216e-11 0.00000e+00
4.08000e+02 6.55191e-11 0.00000e+00
4.09000e+02 5.42130e-11 0.00000e+00
4.10000e+02 4.25305e-11 0.00000e+00
4.11000e+02 4.79678e-11 0.00000e+00
4.12000e+02 4.93869e-11 0.00000e+00
4.13000e+02 5.76798e-11 0.00000e+00
4.14000e+02 5.16320e-11 0.00000e+00
4.15000e+02 4.77869e-11 0.00000e+00
4.16000e+02 3.88503e-11 0.00000e+00
4.17000e+02 5.02605e-11 0.00000e+00
4.18000e+02 3.87067e-11 0.00000e+00
4.19000e+02 4.55870e-11 0.00000e+00
4.20000e+02 3.94318e-11 0.00000e+00
4.21000e+02 4.62755e-11 0.00000e+00
4.22000e+02 3.19988e-11 0.00000e+00
4.23000e+02 4.70515e-11 0.00000e+00
4.24000e+02 3.86479e-11 0.00000e+00
4.25000e+02 4.64048e-11 0.00000e+00
4.26000e+02 3.84979e-11 0.00000e+00
4.27000e+02 4.14271e-11 0.00000e+00
4.28000e+02 4.61984e-11 0.00000e+00
4.29000e+02 4.19831e-11 0.00000e+00
4.30000e+02 4.68461e-11 0.00000e+00
4.31000e+02 3.69416e-11 0.00000e+00
4.32000e+02 4.52886e-11 0.00000e+00
4.33000e+02 3.44657e-11 0.00000e+00
4.34000e+02 4.45850e-11 0.00000e+00
4.35000e+02 4.13879e-11 0.00000e+00
4.36000e+02 4.07945e-11 0.00000e+00
4.37000e+02 4.82223e-11 0.00000e+00
4.38000e+02 6.03863e-11 0.00000e+00
4.39000e+02 6.32328e-11 0.00000e+00
4.40000e+02 3.81621e-11 0.00000e+00
4.41000e+02 4.03863e-11 0.00000e+00
4.42000e+02 4.34643e-11 0.00000e+00
4.43000e+02 4.82340e-11 0.00000e+00
4.44000e+02 4.59844e-11 0.00000e+00
4.45000e+02 3.98541e-11 0.00000e+00
4.46000e+02 5.37685e-11 0.00000e+00
4.47000e+02 3.37100e-11 0.00000e+00
4.48000e+02 1.46682e-11 0.00000e+00
4.49000e+02 3.09994e-11 0.00000e+00
4.50000e+02 4.34979e-11 0.00000e+00
4.51000e+02 3.30583e-11 0.00000e+00
4.52000e+02 4.95747e-11 0.00000e+00
4.53000e+02 5.96376e-11 0.00000e+00
4.54000e+02 5.41472e-11 0.00000e+00
4.55000e+02 4.70686e-11 0.00000e+00
4.56000e+02 5.67300e-11 0.00000e+00
4.57000e+02 4.99632e-11 0.00000e+00
4.58000e+02 3.16150e-11 0.00000e+00
4.59000e+02 4.00253e-11 0.00000e+00
4.60000e+02 3.68464e-11 0.00000e+00
4.61000e+02 4.20761e-11 0.00000e+00
4.62000e+02 5.82983e-11 0.00000e+00
4.63000e+02 3.82716e-11 0.00000e+00
4.64000e+02 3.04254e-11 0.00000e+00
4.65000e+02 3.52429e-11 0.00000e+00
4.66000e+02 4.62259e-11 0.00000e+00
4.67000e+02 4.26260e-11 0.00000e+00
4.68000e+02 3.09515e-11 0.00000e+00
4.69000e+02 3.85410e-11 0.00000e+00
4.70000e+02 3.84578e-11 0.00000e+00
4.71000e+02 2.95623e-11 0.00000e+00
4.72000e+02 3.94867e-11 0.00000e+00
4.73000e+02 4.55189e-11 0.00000e+00
4.74000e+02 3.12513e-11 0.00000e+00
4.75000e+02 4.49534e-11 0.00000e+00
4.76000e+02 3.73907e-11 0.00000e+00
4.77000e+02 3.44595e-11 0.00000e+00
4.78000e+02 4.34795e-11 0.00000e+00
4.79000e+02 4.24253e-11 0.00000e+00
4.80000e+02 3.96539e-11 0.00000e+00
4.81000e+02 4.15024e-11 0.00000e+00
4.82000e+02 4.86422e-11 0.00000e+00
4.83000e+02 2.85315e-11 0.00000e+00
4.84000e+02 2.83803e-11 0.00000e+00
4.85000e+02 5.39072e-11 0.00000e+00
4.86000e+02 4.41539e-11 0.00000e+00
4.87000e+02 3.92955e-11 0.00000e+00
4.88000e+02 3.54097e-11 0.00000e+00
4.89000e+02 3.12084e-11 0.00000e+00
4.90000e+02 4.02555e-11 0.00000e+00
4.91000e+02 4.57747e-11 0.00000e+00
4.92000e+02 3.72495e-11 0.00000e+00
4.93000e+02 4.32725e-11 0.00000e+00
4.94000e+02 5.47102e-11 0.00000e+00
4.95000e+02 4.31857e-11 0.00000e+00
4.96000e+02 4.83601e-11 0.00000e+00
4.97000e+02 3.78138e-11 0.00000e+00
4.98000e+02 4.83720e-11 0.00000e+00
4.99000e+02 5.16804e-11 0.00000e+00
5.00000e+02 3.64697e-11 0.00000e+00
5.01000e+02 4.23243e-11 0.00000e+00
5.02000e+02 4.54664e-11 0.00000e+00
5.03000e+02 5.05313e-11 0.00000e+00
5.04000e+02 3.82678e-11 0.00000e+00
5.05000e+02 4.50940e-11 0.00000e+00
5.06000e+02 4.00735e-11 0.00000e+00
5.07000e+02 3.54720e-11 0.00000e+00
5.08000e+02 4.42262e-11 0.00000e+00
5.09000e+02 4.81237e-11 0.00000e+00
5.10000e+02 2.94943e-11 0.00000e+00
5.11000e+02 4.76732e-11 0.00000e+00
5.12000e+02 3.45031e-11 0.00000e+00
5.13000e+02 4.53565e-11 0.00000e+00
5.14000e+02 4.38936e-11 0.00000e+00
5.15000e+02 4.28271e-11 0.00000e+00
5.16000e+02 2.84546e-11 0.00000e+00
5.17000e+02 4.15187e-11 0.00000e+00
5.18000e+02 4.02623e-11 0.00000e+00
5.19000e+02 3.46598e-11 0.00000e+00
5.20000e+02 3.64957e-11 0.00000e+00
5.21000e+02 3.14218e-11 0.00000e+00
5.22000e+02 3.76533e-11 0.00000e+00
5.23000e+02 3.72204e-11 0.00000e+00
5.24000e+02 3.58397e-11 0.00000e+00
5.25000e+02 3.10908e-11 0.00000e+00
5.26000e+02 2.37600e-11 0.00000e+00
5.27000e+02 3.94842e-11 0.00000e+00
5.28000e+02 3.42725e-11 0.00000e+00
5.29000e+02 3.35426e-11 0.00000e+00
5.30000e+02 4.55749e-11 0.00000e+00
5.31000e+02 3.72867e-11 0.00000e+00
5.32000e+02 2.54470e-11 0.00000e+00
5.33000e+02 4.34664e-11 0.00000e+00
5.34000e+02 3.29115e-11 0.00000e+00
5.35000e+02 2.71080e-11 0.00000e+00
5.36000e+02 3.53280e-11 0.00000e+00
5.37000e+02 2.48675e-11 0.00000e+00
5.38000e+02 4.36407e-11 0.00000e+00
5.39000e+02 4.01083e-11 0.00000e+00
5.40000e+02 3.84103e-11 0.00000e+00
5.41000e+02 3.22192e-11 0.00000e+00
5.42000e+02 5.33202e-11 0.00000e+00
5.43000e+02 4.27189e-11 0.00000e+00
5.44000e+02 2.98152e-11 0.00000e+00
5.45000e+02 3.80101e-11 0.00000e+00
5.46000e+02 3.95963e-11 0.00000e+00
5.47000e+02 3.93313e-11 0.00000e+00
5.48000e+02 3.67058e-11 0.00000e+00
5.49000e+02 3.78935e-11 0.00000e+00
5.50000e+02 3.77070e-11 0.00000e+00
5.51000e+02 3.10418e-11 0.00000e+00
5.52000e+02 4.50813e-11 0.00000e+00
5.53000e+02 2.02946e-11 0.00000e+00
5.54000e+02 3.47966e-11 0.00000e+00
5.55000e+02 2.59639e-11 0.00000e+00
5.56000e+02 5.41010e-11 0.00000e+00
5.57000e+02 3.65830e-11 0.00000e+00
5.58000e+02 2.64998e-11 0.00000e+00
5.59000e+02 3.79468e-11 0.00000e+00
5.60000e+02 3.55281e-11 0.00000e+00
5.61000e+02 4.34022e-11 0.00000e+00
5.62000e+02 4.08108e-11 0.00000e+00
5.63000e+02 3.43779e-11 0.00000e+00
5.64000e+02 3.07747e-11 0.00000e+00
5.65000e+02 3.73203e-11 0.00000e+00
5.66000e+02 2.43111e-11 0.00000e+00
5.67000e+02 4.57015e-11 0.00000e+00
5.68000e+02 3.35192e-11 0.00000e+00
5.69000e+02 1.92749e-11 0.00000e+00
5.70000e+02 3.06145e-11 0.00000e+00
5.71000e+02 2.73444e-11 0.00000e+00
5.72000e+02 4.92052e-11 0.00000e+00
5.73000e+02 3.73064e-11 0.00000e+00
5.74000e+02 3.35651e-11 0.00000e+00
5.75000e+02 2.80338e-11 0.00000e+00
5.76000e+02 2.76346e-11 0.00000e+00
5.77000e+02 3.04739e-11 0.00000e+00
5.78000e+02 3.20956e-11 0.00000e+00
5.79000e+02 3.73614e-11 0.00000e+00
5.80000e+02 2.28982e-11 0.00000e+00
5.81000e+02 3.14210e-11 0.00000e+00
5.82000e+02 3.01711e-11 0.00000e+00
5.83000e+02 3.18346e-11 0.00000e+00
5.84000e+02 2.16178e-11 0.00000e+00
5.85000e+02 4.79135e-11 0.00000e+00
5.86000e+02 3.49709e-11 0.00000e+00
5.87000e+02 3.27241e-11 0.00000e+00
5.88000e+02 3.13399e-11 0.00000e+00
5.89000e+02 3.78946e-11 0.00000e+00
5.90000e+02 4.14204e-11 0.00000e+00
5.91000e+02 2.94985e-11 0.00000e+00
5.92000e+02 3.36352e-11 0.00000e+00
5.93000e+02 4.33383e-11 0.00000e+00
5.94000e+02 3.70867e-11 0.00000e+00
5.95000e+02 3.61428e-11 0.00000e+00
5.96000e+02 3.88560e-11 0.00000e+00
5.97000e+02 3.58147e-11 0.00000e+00
5.98000e+02 3.47513e-11 0.00000e+00
5.99000e+02 2.78624e-11 0.00000e+00
6.00000e+02 3.71609e-11 0.00000e+00
6.01000e+02 2.24725e-11 0.00000e+00
6.02000e+02 2.69033e-11 0.00000e+00
6.03000e+02 2.95626e-11 0.00000e+00
6.04000e+02 3.21951e-11 0.00000e+00
6.05000e+02 3.25810e-11 0.00000e+00
6.06000e+02 1.74922e-11 0.00000e+00
6.07000e+02 3.38026e-11 0.00000e+00
6.08000e+02 3.97928e-11 0.00000e+00
6.09000e+02 3.50954e-11 0.00000e+00
6.10000e+02 3.89237e-11 0.00000e+00
6.11000e+02 2.39237e-11 0.00000e+00
6.12000e+02 2.69706e-11 0.00000e+00
6.13000e+02 3.18137e-11 0.00000e+00
6.14000e+02 3.46550e-11 0.00000e+00
6.15000e+02 3.28108e-11 0.00000e+00
6.16000e+02 2.22849e-11 0.00000e+00
6.17000e+02 3.22899e-11 0.00000e+00
6.18000e+02 3.61169e-11 0.00000e+00
6.19000e+02 3.23011e-11 0.00000e+00
6.20000e+02 3.27554e-11 0.00000e+00
6.21000e+02 2.61253e-11 0.00000e+00
6.22000e+02 3.22668e-11 0.00000e+00
6.23000e+02 3.47403e-11 0.00000e+00
6.24000e+02 3.99052e-11 0.00000e+00
6.25000e+02 3.45177e-11 0.00000e+00
6.26000e+02 2.74631e-11 0.00000e+00
6.27000e+02 3.44538e-11 0.00000e+00
6.28000e+02 3.44495e-11 0.00000e+00
6.29000e+02 3.34322e-11 0.00000e+00
6.30000e+02 2.62171e-11 0.00000e+00
6.31000e+02 3.04849e-11 0.00000e+00
6.32000e+02 2.77215e-11 0.00000e+00
6.33000e+02 3.38742e-11 0.00000e+00
6.34000e+02 3.87998e-11 0.00000e+00
6.35000e+02 2.60303e-11 0.00000e+00
6.36000e+02 2.84563e-11 0.00000e+00
6.37000e+02 3.89560e-11 0.00000e+00
6.38000e+02 3.93365e-11 0.00000e+00
6.39000e+02 1.56449e-11 0.00000e+00
6.40000e+02 2.64903e-11 0.00000e+00
6.41000e+02 3.89311e-11 0.00000e+00
6.42000e+02 2.70153e-11 0.00000e+00
6.43000e+02 3.15376e-11 0.00000e+00
6.44000e+02 3.51101e-11 0.00000e+00
6.45000e+02 3.03296e-11 0.00000e+00
6.46000e+02 3.34449e-11 0.00000e+00
6.47000e+02 2.32352e-11 0.00000e+00
6.48000e+02 3.20018e-11 0.00000e+00
6.49000e+02 3.51074e-11 0.00000e+00
6.50000e+02 3.40360e-11 0.00000e+00
6.51000e+02 3.28649e-11 0.00000e+00
6.52000e+02 4.01226e-11 0.00000e+00
6.53000e+02 3.10616e-11 0.00000e+00
6.54000e+02 4.08382e-11 0.00000e+00
6.55000e+02 3.20145e-11 0.00000e+00
6.56000e+02 2.68178e-11 0.00000e+00
6.57000e+02 3.25201e-11 0.00000e+00
6.58000e+02 2.94155e-11 0.00000e+00
6.59000e+02 3.70677e-11 0.00000e+00
6.60000e+02 2.83791e-11 0.00000e+00
6.61000e+02 2.87326e-11 0.00000e+00
6.62000e+02 2.81087e-11 0.00000e+00
6.63000e+02 3.36635e-11 0.00000e+00
6.64000e+02 2.66011e-11 0.00000e+00
6.65000e+02 2.95109e-11 0.00000e+00
6.66000e+02 3.09381e-11 0.00000e+00
6.67000e+02 2.92013e-11 0.00000e+00
6.68000e+02 2.68331e-11 0.00000e+00
6.69000e+02 2.74439e-11 0.00000e+00
6.70000e+02 2.96746e-11 0.00000e+00
6.71000e+02 3.03621e-11 0.00000e+00
6.72000e+02 1.90902e-11 0.00000e+00
6.73000e+02 2.32564e-11 0.00000e+00
6.74000e+02 2.60065e-11 0.00000e+00
6.75000e+02 2.78118e-11 0.00000e+00
6.76000e+02 3.08770e-11 0.00000e+00
6.77000e+02 2.44898e-11 0.00000e+00
6.78000e+02 2.81005e-11 0.00000e+00
6.79000e+02 2.90810e-11 0.00000e+00
6.80000e+02 2.71423e-11 0.00000e+00
6.81000e+02 3.54618e-11 0.00000e+00
6.82000e+02 3.00640e-11 0.00000e+00
6.83000e+02 3.25378e-11 0.00000e+00
6.84000e+02 3.06855e-11 0.00000e+00
6.85000e+02 4.01818e-11 0.00000e+00
6.86000e+02 3.34422e-11 0.00000e+00
6.87000e+02 2.79678e-11 0.00000e+00
6.88000e+02 4.13776e-11 0.00000e+00
6.89000e+02 3.51391e-11 0.00000e+00
6.90000e+02 2.74389e-11 0.00000e+00
6.91000e+02 2.74779e-11 0.00000e+00
6.92000e+02 3.37462e-11 0.00000e+00
6.93000e+02 2.70036e-11 0.00000e+00
6.94000e+02 2.74217e-11 0.00000e+00
6.95000e+02 3.07401e-11 0.00000e+00
6.96000e+02 3.05992e-11 0.00000e+00
6.97000e+02 2.91538e-11 0.00000e+00
6.98000e+02 2.66086e-11 0.00000e+00
6.99000e+02 2.29953e-11 0.00000e+00
7.00000e+02 3.03323e-11 0.00000e+00
7.01000e+02 3.46382e-11 0.00000e+00
7.02000e+02 1.92166e-11 0.00000e+00
7.03000e+02 2.50247e-11 0.00000e+00
7.04000e+02 3.20683e-11 0.00000e+00
7.05000e+02 2.43643e-11 0.00000e+00
7.06000e+02 2.74587e-11 0.00000e+00
7.07000e+02 3.03570e-11 0.00000e+00
7.08000e+02 3.29334e-11 0.00000e+00
7.09000e+02 3.64730e-11 0.00000e+00
7.10000e+02 2.28981e-11 0.00000e+00
7.11000e+02 2.54256e-11 0.00000e+00
7.12000e+02 2.75579e-11 0.00000e+00
7.13000e+02 2.80217e-11 0.00000e+00
7.14000e+02 3.22963e-11 0.00000e+00
7.15000e+02 2.74703e-11 0.00000e+00
7.16000e+02 3.27580e-11 0.00000e+00
7.17000e+02 2.49036e-11 0.00000e+00
7.18000e+02 3.27249e-11 0.00000e+00
7.19000e+02 2.00129e-11 0.00000e+00
7.20000e+02 2.12384e-11 0.00000e+00
7.21000e+02 2.43131e-11 0.00000e+00
7.22000e+02 3.30068e-11 0.00000e+00
7.23000e+02 2.32050e-11 0.00000e+00
7.24000e+02 2.52821e-11 0.00000e+00
7.25000e+02 3.21829e-11 0.00000e+00
7.26000e+02 2.88006e-11 0.00000e+00
7.27000e+02 2.93695e-11 0.00000e+00
7.28000e+02 2.95869e-11 0.00000e+00
7.29000e+02 2.49691e-11 0.00000e+00
7.30000e+02 2.93986e-11 0.00000e+00
7.31000e+02 3.34989e-11 0.00000e+00
7.32000e+02 3.54657e-11 0.00000e+00
7.33000e+02 2.49996e-11 0.00000e+00
7.34000e+02 2.88892e-11 0.00000e+00
7.35000e+02 4.00313e-11 0.00000e+00
7.36000e+02 1.94172e-11 0.00000e+00
7.37000e+02 3.51009e-11 0.00000e+00
7.38000e+02 2.81507e-11 0.00000e+00
7.39000e+02 2.89785e-11 0.00000e+00
7.40000e+02 3.27744e-11 0.00000e+00
7.41000e+02 3.05340e-11 0.00000e+00
7.42000e+02 3.34624e-11 0.00000e+00
7.43000e+02 3.15962e-11 0.00000e+00
7.44000e+02 2.03975e-11 0.00000e+00
7.45000e+02 3.08929e-11 0.00000e+00
7.46000e+02 2.89110e-11 0.00000e+00
7.47000e+02 2.49383e-11 0.00000e+00
7.48000e+02 2.26209e-11 0.00000e+00
7.49000e+02 2.91152e-11 0.00000e+00
7.50000e+02 2.72259e-11 0.00000e+00
7.51000e+02 2.76396e-11 0.00000e+00
7.52000e+02 2.61268e-11 0.00000e+00
7.53000e+02 2.47673e-11 0.00000e+00
7.54000e+02 3.35429e-11 0.00000e+00
7.55000e+02 2.60729e-11 0.00000e+00
7.56000e+02 2.39362e-11 0.00000e+00
7.57000e+02 1.78282e-11 0.00000e+00
7.58000e+02 2.53400e-11 0.00000e+00
7.59000e+02 2.21709e-11 0.00000e+00
7.60000e+02 2.02583e-11 0.00000e+00
7.61000e+02 2.78560e-11 0.00000e+00
7.62000e+02 2.83706e-11 0.00000e+00
7.63000e+02 2.99749e-11 0.00000e+00
7.64000e+02 2.77433e-11 0.00000e+00
7.65000e+02 2.14569e-11 0.00000e+00
7.66000e+02 2.36996e-11 0.00000e+00
7.67000e+02 2.58187e-11 0.00000e+00
7.68000e+02 2.87020e-11 0.00000e+00
7.69000e+02 2.52952e-11 0.00000e+00
7.70000e+02 2.21172e-11 0.00000e+00
7.71000e+02 2.60242e-11 0.00000e+00
7.72000e+02 2.06653e-11 0.00000e+00
7.73000e+02 2.49843e-11 0.00000e+00
7.74000e+02 2.74396e-11 0.00000e+00
7.75000e+02 2.29811e-11 0.00000e+00
7.76000e+02 2.57518e-11 0.00000e+00
7.77000e+02 2.58446e-11 0.00000e+00
7.78000e+02 2.95913e-11 0.00000e+00
7.79000e+02 2.07300e-11 0.00000e+00
7.80000e+02 2.66480e-11 0.00000e+00
7.81000e+02 2.42060e-11 0.00000e+00
7.82000e+02 2.49743e-11 0.00000e+00
7.83000e+02 2.72718e-11 0.00000e+00
7.84000e+02 2.43753e-11 0.00000e+00
7.85000e+02 2.62443e-11 0.00000e+00
7.86000e+02 2.05516e-11 0.00000e+00
7.87000e+02 2.66310e-11 0.00000e+00
7.88000e+02 2.90138e-11 0.00000e+00
7.89000e+02 2.54242e-11 0.00000e+00
7.90000e+02 2.45315e-11 0.00000e+00
7.91000e+02 2.50833e-11 0.00000e+00
7.92000e+02 2.54343e-11 0.00000e+00
7.93000e+02 2.58672e-11 0.00000e+00
7.94000e+02 2.76354e-11 0.00000e+00
7.95000e+02 2.12471e-11 0.00000e+00
7.96000e+02 3.02646e-11 0.00000e+00
7.97000e+02 2.44323e-11 0.00000e+00
7.98000e+02 2.74190e-11 0.00000e+00
7.99000e+02 2.19327e-11 0.00000e+00
8.00000e+02 1.83536e-11 0.00000e+00
8.01000e+02 2.99296e-11 0.00000e+00
8.02000e+02 2.29589e-11 0.00000e+00
8.03000e+02 2.47847e-11 0.00000e+00
8.04000e+02 1.72873e-11 0.00000e+00
8.05000e+02 2.08047e-11 0.00000e+00
8.06000e+02 2.87289e-11 0.00000e+00
8.07000e+02 2.41851e-11 0.00000e+00
8.08000e+02 2.42778e-11 0.00000e+00
8.09000e+02 2.50519e-11 0.00000e+00
8.10000e+02 2.93143e-11 0.00000e+00
8.11000e+02 2.47051e-11 0.00000e+00
8.12000e+02 2.35553e-11 0.00000e+00
8.13000e+02 2.91950e-11 0.00000e+00
8.14000e+02 2.69680e-11 0.00000e+00
8.15000e+02 1.92724e-11 0.00000e+00
8.16000e+02 2.59412e-11 0.00000e+00
8.17000e+02 2.65537e-11 0.00000e+00
8.18000e+02 2.22861e-11 0.00000e+00
8.19000e+02 3.24873e-11 0.00000e+00
8.20000e+02 3.26476e-11 0.00000e+00
8.21000e+02 2.11394e-11 0.00000e+00
8.22000e+02 2.65910e-11 0.00000e+00
8.23000e+02 3.15084e-11 0.00000e+00
8.24000e+02 1.98647e-11 0.00000e+00
8.25000e+02 2.37692e-11 0.00000e+00
8.26000e+02 2.92525e-11 0.00000e+00
8.27000e+02 2.63905e-11 0.00000e+00
8.28000e+02 1.51484e-11 0.00000e+00
8.29000e+02 2.28530e-11 0.00000e+00
8.30000e+02 2.15708e-11 0.00000e+00
8.31000e+02 2.10358e-11 0.00000e+00
8.32000e+02 1.75965e-11 0.00000e+00
8.33000e+02 3.00616e-11 0.00000e+00
8.34000e+02 2.59614e-11 0.00000e+00
8.35000e+02 2.84526e-11 0.00000e+00
8.36000e+02 2.34889e-11 0.00000e+00
8.37000e+02 2.31777e-11 0.00000e+00
8.38000e+02 2.20007e-11 0.00000e+00
8.39000e+02 2.78090e-11 0.00000e+00
8.40000e+02 2.34569e-11 0.00000e+00
8.41000e+02 2.36448e-11 0.00000e+00
8.42000e+02 2.30363e-11 0.00000e+00
8.43000e+02 2.29043e-11 0.00000e+00
8.44000e+02 2.25728e-11 0.00000e+00
8.45000e+02 2.85265e-11 0.00000e+00
8.46000e+02 2.23800e-11 0.00000e+00
8.47000e+02 2.38763e-11 0.00000e+00
8.48000e+02 1.85701e-11 0.00000e+00
8.49000e+02 2.39902e-11 0.00000e+00
8.50000e+02 2.00160e-11 0.00000e+00
8.51000e+02 2.27621e-11 0.00000e+00
8.52000e+02 2.45936e-11 0.00000e+00
8.53000e+02 2.35684e-11 0.00000e+00
8.54000e+02 2.20773e-11 0.00000e+00
8.55000e+02 2.75719e-11 0.00000e+00
8.56000e+02 2.44655e-11 0.00000e+00
8.57000e+02 2.06638e-11 0.00000e+00
8.58000e+02 3.26032e-11 0.00000e+00
8.59000e+02 2.83309e-11 0.00000e+00
8.60000e+02 1.79835e-11 0.00000e+00
8.61000e+02 2.32441e-11 0.00000e+00
8.62000e+02 2.40548e-11 0.00000e+00
8.63000e+02 2.49512e-11 0.00000e+00
8.64000e+02 1.77847e-11 0.00000e+00
8.65000e+02 2.82645e-11 0.00000e+00
8.66000e+02 2.47896e-11 0.00000e+00
8.67000e+02 2.15090e-11 0.00000e+00
8.68000e+02 1.82914e-11 0.00000e+00
8.69000e+02 2.13202e-11 0.00000e+00
8.70000e+02 2.42533e-11 0.00000e+00
8.71000e+02 2.21346e-11 0.00000e+00
8.72000e+02 2.14578e-11 0.00000e+00
8.73000e+02 2.85997e-11 0.00000e+00
8.74000e+02 2.25131e-11 0.00000e+00
8.75000e+02 2.06764e-11 0.00000e+00
8.76000e+02 1.77853e-11 0.00000e+00
8.77000e+02 2.76689e-11 0.00000e+00
8.78000e+02 2.36320e-11 0.00000e+00
8.79000e+02 2.16241e-11 0.00000e+00
8.80000e+02 2.12760e-11 0.00000e+00
8.81000e+02 2.32586e-11 0.00000e+00
8.82000e+02 2.00042e-11 0.00000e+00
8.83000e+02 2.26651e-11 0.00000e+00
8.84000e+02 2.27765e-11 0.00000e+00
8.85000e+02 2.01811e-11 0.00000e+00
8.86000e+02 2.22311e-11 0.00000e+00
8.87000e+02 2.11177e-11 0.00000e+00
8.88000e+02 2.34434e-11 0.00000e+00
8.89000e+02 1.95763e-11 0.00000e+00
8.90000e+02 1.81339e-11 0.00000e+00
8.91000e+02 1.70309e-11 0.00000e+00
8.92000e+02 2.17532e-11 0.00000e+00
8.93000e+02 1.71122e-11 0.00000e+00
8.94000e+02 2.31556e-11 0.00000e+00
8.95000e+02 2.62592e-11 0.00000e+00
8.96000e+02 2.34655e-11 0.00000e+00
8.97000e+02 1.82836e-11 0.00000e+00
8.98000e+02 1.87652e-11 0.00000e+00
8.99000e+02 2.14541e-11 0.00000e+00
9.00000e+02 2.25271e-11 0.00000e+00
9.01000e+02 2.40793e-11 0.00000e+00
9.02000e+02 2.48191e-11 0.00000e+00
9.03000e+02 2.36070e-11 0.00000e+00
9.04000e+02 2.25098e-11 0.00000e+00
9.05000e+02 2.02808e-11 0.00000e+00
9.06000e+02 2.72352e-11 0.00000e+00
9.07000e+02 2.25413e-11 0.00000e+00
9.08000e+02 2.08060e-11 0.00000e+00
9.09000e+02 1.83857e-11 0.00000e+00
9.10000e+02 2.07603e-11 0.00000e+00
9.11000e+02 2.50835e-11 0.00000e+00
9.12000e+02 2.51601e-11 0.00000e+00
9.13000e+02 1.96603e-11 0.00000e+00
9.14000e+02 2.54323e-11 0.00000e+00
9.15000e+02 2.11109e-11 0.00000e+00
9.16000e+02 2.53740e-11 0.00000e+00
9.17000e+02 2.20567e-11 0.00000e+00
9.18000e+02 1.94623e-11 0.00000e+00
9.19000e+02 2.25002e-11 0.00000e+00
9.20000e+02 2.01915e-11 0.00000e+00
9.21000e+02 2.20400e-11 0.00000e+00
9.22000e+02 1.99091e-11 0.00000e+00
9.23000e+02 1.76890e-11 0.00000e+00
9.24000e+02 2.30103e-11 0.00000e+00
9.25000e+02 2.31233e-11 0.00000e+00
9.26000e+02 2.03565e-11 0.00000e+00
9.27000e+02 2.00267e-11 0.00000e+00
9.28000e+02 2.16389e-11 0.00000e+00
9.29000e+02 2.12830e-11 0.00000e+00
9.30000e+02 1.90362e-11 0.00000e+00
9.31000e+02 2.27195e-11 0.00000e+00
9.32000e+02 1.98764e-11 0.00000e+00
9.33000e+02 2.30026e-11 0.00000e+00
9.34000e+02 2.39260e-11 0.00000e+00
9.35000e+02 1.93444e-11 0.00000e+00
9.36000e+02 2.08275e-11 0.00000e+00
9.37000e+02 2.50240e-11 0.00000e+00
9.38000e+02 2.14434e-11 0.00000e+00
9.39000e+02 2.15266e-11 0.00000e+00
9.40000e+02 2.51475e-11 0.00000e+00
9.41000e+02 2.14134e-11 0.00000e+00
9.42000e+02 1.80580e-11 0.00000e+00
9.43000e+02 2.32406e-11 0.00000e+00
9.44000e+02 1.45899e-11 0.00000e+00
9.45000e+02 2.07240e-11 0.00000e+00
9.46000e+02 2.07395e-11 0.00000e+00
9.47000e+02 2.06293e-11 0.00000e+00
9.48000e+02 1.51646e-11 0.00000e+00
9.49000e+02 2.10691e-11 0.00000e+00
9.50000e+02 2.17358e-11 0.00000e+00
9.51000e+02 1.81240e-11 0.00000e+00
9.52000e+02 1.40555e-11 0.00000e+00
9.53000e+02 1.83009e-11 0.00000e+00
9.54000e+02 2.19582e-11 0.00000e+00
9.55000e+02 2.22191e-11 0.00000e+00
9.56000e+02 2.20090e-11 0.00000e+00
9.57000e+02 1.67214e-11 0.00000e+00
9.58000e+02 1.40931e-11 0.00000e+00
9.59000e+02 2.27286e-11 0.00000e+00
9.60000e+02 1.97968e-11 0.00000e+00
9.61000e+02 2.03177e-11 0.00000e+00
9.62000e+02 2.19350e-11 0.00000e+00
9.63000e+02 1.98601e-11 0.00000e+00
9.64000e+02 1.70827e-11 0.00000e+00
9.65000e+02 1.85900e-11 0.00000e+00
9.66000e+02 1.95314e-11 0.00000e+00
9.67000e+02 1.94658e-11 0.00000e+00
9.68000e+02 1.79815e-11 0.00000e+00
9.69000e+02 1.87119e-11 0.00000e+00
9.70000e+02 1.98384e-11 0.00000e+00
9.71000e+02 1.97082e-11 0.00000e+00
9.72000e+02 2.10243e-11 0.00000e+00
9.73000e+02 1.95622e-11 0.00000e+00
9.74000e+02 2.09252e-11 0.00000e+00
9.75000e+02 2.20683e-11 0.00000e+00
9.76000e+02 2.34221e-11 0.00000e+00
9.77000e+02 1.85067e-11 0.00000e+00
9.78000e+02 2.85679e-11 0.00000e+00
9.79000e+02 1.76775e-11 0.00000e+00
9.80000e+02 1.95313e-11 0.00000e+00
9.81000e+02 2.05578e-11 0.00000e+00
9.82000e+02 1.92479e-11 0.00000e+00
9.83000e+02 1.89002e-11 0.00000e+00
9.84000e+02 1.87780e-11 0.00000e+00
9.85000e+02 2.47876e-11 0.00000e+00
9.86000e+02 1.86622e-11 0.00000e+00
9.87000e+02 1.53287e-11 0.00000e+00
9.88000e+02 1.94904e-11 0.00000e+00
9.89000e+02 1.37100e-11 0.00000e+00
9.90000e+02 1.59399e-11 0.00000e+00
9.91000e+02 1.87576e-11 0.00000e+00
9.92000e+02 1.99889e-11 0.00000e+00
9.93000e+02 2.38153e-11 0.00000e+00
9.94000e+02 1.83258e-11 0.00000e+00
9.95000e+02 1.88691e-11 0.00000e+00
9.96000e+02 2.13163e-11 0.00000e+00
9.97000e+02 1.86236e-11 0.00000e+00
9.98000e+02 1.83556e-11 0.00000e+00
9.99000e+02 1.65690e-11 0.00000e+00
1.00000e+03 2.00290e-11 0.00000e+00
1.00100e+03 1.87354e-11 0.00000e+00
1.00200e+03 2.18677e-11 0.00000e+00
1.00300e+03 1.53790e-11 0.00000e+00
1.00400e+03 1.86153e-11 0.00000e+00
1.00500e+03 2.08099e-11 0.00000e+00
1.00600e+03 1.94905e-11 0.00000e+00
1.00700e+03 1.83616e-11 0.00000e+00
1.00800e+03 2.05716e-11 0.00000e+00
1.00900e+03 2.12569e-11 0.00000e+00
1.01000e+03 2.51669e-11 0.00000e+00
1.01100e+03 1.40478e-11 0.00000e+00
1.01200e+03 1.71809e-11 0.00000e+00
1.01300e+03 2.09968e-11 0.00000e+00
1.01400e+03 2.14972e-11 0.00000e+00
1.01500e+03 2.16689e-11 0.00000e+00
1.01600e+03 1.55574e-11 0.00000e+00
1.01700e+03 1.90068e-11 0.00000e+00
1.01800e+03 1.94155e-11 0.00000e+00
1.01900e+03 1.89538e-11 0.00000e+00
1.02000e+03 1.93143e-11 0.00000e+00
1.02100e+03 2.19595e-11 0.00000e+00
1.02200e+03 1.89630e-11 0.00000e+00
1.02300e+03 2.55676e-11 0.00000e+00
1.02400e+03 1.39506e-11 0.00000e+00
1.02500e+03 2.03973e-11 0.00000e+00
1.02600e+03 2.02623e-11 0.00000e+00
1.02700e+03 1.89746e-11 0.00000e+00
1.02800e+03 1.96589e-11 0.00000e+00
1.02900e+03 1.70564e-11 0.00000e+00
1.03000e+03 1.76789e-11 0.00000e+00
1.03100e+03 2.29372e-11 0.00000e+00
1.03200e+03 1.75076e-11 0.00000e+00
1.03300e+03 1.75494e-11 0.00000e+00
1.03400e+03 1.87192e-11 0.00000e+00
1.03500e+03 1.61524e-11 0.00000e+00
1.03600e+03 2.16288e-11 0.00000e+00
1.03700e+03 1.68925e-11 0.00000e+00
1.03800e+03 1.70925e-11 0.00000e+00
1.03900e+03 2.16284e-11 0.00000e+00
1.04000e+03 1.51008e-11 0.00000e+00
1.04100e+03 1.89766e-11 0.00000e+00
1.04200e+03 1.67855e-11 0.00000e+00
1.04300e+03 1.71017e-11 0.00000e+00
1.04400e+03 1.64426e-11 0.00000e+00
1.04500e+03 1.72303e-11 0.00000e+00
1.04600e+03 2.03276e-11 0.00000e+00
1.04700e+03 1.58187e-11 0.00000e+00
1.04800e+03 1.90342e-11 0.00000e+00
1.04900e+03 1.50094e-11 0.00000e+00
1.05000e+03 2.27866e-11 0.00000e+00
1.05100e+03 1.51097e-11 0.00000e+00
1.05200e+03 1.59036e-11 0.00000e+00
1.05300e+03 2.08807e-11 0.00000e+00
1.05400e+03 1.70981e-11 0.00000e+00
1.05500e+03 1.91102e-11 0.00000e+00
1.05600e+03 1.59893e-11 0.00000e+00
1.05700e+03 1.86488e-11 0.00000e+00
1.05800e+03 2.01815e-11 0.00000e+00
1.05900e+03 1.34979e-11 0.00000e+00
1.06000e+03 1.67601e-11 0.00000e+00
1.06100e+03 1.89007e-11 0.00000e+00
1.06200e+03 2.09647e-11 0.00000e+00
1.06300e+03 2.03366e-11 0.00000e+00
1.06400e+03 1.84130e-11 0.00000e+00
1.06500e+03 1.86567e-11 0.00000e+00
1.06600e+03 1.71473e-11 0.00000e+00
1.06700e+03 1.66480e-11 0.00000e+00
1.06800e+03 1.78383e-11 0.00000e+00
1.06900e+03 1.46026e-11 0.00000e+00
1.07000e+03 1.83754e-11 0.00000e+00
1.07100e+03 1.55726e-11 0.00000e+00
1.07200e+03 1.81389e-11 0.00000e+00
1.07300e+03 1.67540e-11 0.00000e+00
1.07400e+03 1.55975e-11 0.00000e+00
1.07500e+03 1.81446e-11 0.00000e+00
1.07600e+03 1.84876e-11 0.00000e+00
1.07700e+03 1.78089e-11 0.00000e+00
1.07800e+03 1.62877e-11 0.00000e+00
1.07900e+03 1.78881e-11 0.00000e+00
1.08000e+03 1.66430e-11 0.00000e+00
1.08100e+03 1.67886e-11 0.00000e+00
1.08200e+03 1.67258e-11 0.00000e+00
1.08300e+03 1.58668e-11 0.00000e+00
1.08400e+03 1.81767e-11 0.00000e+00
1.08500e+03 1.78380e-11 0.00000e+00
1.08600e+03 1.67307e-11 0.00000e+00
1.08700e+03 1.69911e-11 0.00000e+00
1.08800e+03 1.71155e-11 0.00000e+00
1.08900e+03 1.80203e-11 0.00000e+00
1.09000e+03 2.24401e-11 0.00000e+00
1.09100e+03 1.58125e-11 0.00000e+00
1.09200e+03 1.60478e-11 0.00000e+00
1.09300e+03 1.61001e-11 0.00000e+00
1.09400e+03 1.77446e-11 0.00000e+00
1.09500e+03 1.65044e-11 0.00000e+00
1.09600e+03 1.73691e-11 0.00000e+00
1.09700e+03 1.47495e-11 0.00000e+00
1.09800e+03 2.23235e-11 0.00000e+00
1.09900e+03 1.78610e-11 0.00000e+00
1.10000e+03 1.80595e-11 0.00000e+00
1.10100e+03 2.04279e-11 0.00000e+00
1.10200e+03 1.45123e-11 0.00000e+00
1.10300e+03 1.73886e-11 0.00000e+00
1.10400e+03 2.07484e-11 0.00000e+00
1.10500e+03 1.78638e-11 0.00000e+00
1.10600e+03 1.68643e-11 0.00000e+00
1.10700e+03 1.52407e-11 0.00000e+00
1.10800e+03 1.82586e-11 0.00000e+00
1.10900e+03 2.03592e-11 0.00000e+00
1.11000e+03 1.75041e-11 0.00000e+00
1.11100e+03 1.54647e-11 0.00000e+00
1.11200e+03 1.60062e-11 0.00000e+00
1.11300e+03 1.82696e-11 0.00000e+00
1.11400e+03 1.42945e-11 0.00000e+00
1.11500e+03 1.71954e-11 0.00000e+00
1.11600e+03 1.51946e-11 0.00000e+00
1.11700e+03 2.03601e-11 0.00000e+00
1.11800e+03 2.01590e-11 0.00000e+00
1.11900e+03 1.72711e-11 0.00000e+00
1.12000e+03 1.95384e-11 0.00000e+00
1.12100e+03 1.71821e-11 0.00000e+00
1.12200e+03 1.91465e-11 0.00000e+00
1.12300e+03 1.53654e-11 0.00000e+00
1.12400e+03 1.47487e-11 0.00000e+00
1.12500e+03 1.97415e-11 0.00000e+00
1.12600e+03 1.39148e-11 0.00000e+00
1.12700e+03 1.77873e-11 0.00000e+00
1.12800e+03 1.80755e-11 0.00000e+00
1.12900e+03 1.65526e-11 0.00000e+00
1.13000e+03 1.78639e-11 0.00000e+00
1.13100e+03 1.79622e-11 0.00000e+00
1.13200e+03 1.47964e-11 0.00000e+00
1.13300e+03 1.89448e-11 0.00000e+00
1.13400e+03 1.56909e-11 0.00000e+00
1.13500e+03 1.55873e-11 0.00000e+00
1.13600e+03 1.47607e-11 0.00000e+00
1.13700e+03 1.76334e-11 0.00000e+00
1.13800e+03 1.85935e-11 0.00000e+00
1.13900e+03 1.48749e-11 0.00000e+00
1.14000e+03 1.83262e-11 0.00000e+00
1.14100e+03 1.85011e-11 0.00000e+00
1.14200e+03 1.70219e-11 0.00000e+00
1.14300e+03 1.73938e-11 0.00000e+00
1.14400e+03 1.66582e-11 0.00000e+00
1.14500e+03 1.57524e-11 0.00000e+00
1.14600e+03 1.74106e-11 0.00000e+00
1.14700e+03 1.75232e-11 0.00000e+00
1.14800e+03 1.36708e-11 0.00000e+00
1.14900e+03 1.52408e-11 0.00000e+00
1.15000e+03 1.99143e-11 0.00000e+00
1.15100e+03 1.62073e-11 0.00000e+00
1.15200e+03 1.52285e-11 0.00000e+00
1.15300e+03 1.76879e-11 0.00000e+00
1.15400e+03 1.95804e-11 0.00000e+00
1.15500e+03 1.64267e-11 0.00000e+00
1.15600e+03 1.82912e-11 0.00000e+00
1.15700e+03 1.47343e-11 0.00000e+00
1.15800e+03 1.47286e-11 0.00000e+00
1.15900e+03 1.42947e-11 0.00000e+00
1.16000e+03 1.35899e-11 0.00000e+00
1.16100e+03 1.34831e-11 0.00000e+00
1.16200e+03 1.55978e-11 0.00000e+00
1.16300e+03 1.68031e-11 0.00000e+00
1.16400e+03 1.62999e-11 0.00000e+00
1.16500e+03 1.77735e-11 0.00000e+00
1.16600e+03 1.48282e-11 0.00000e+00
1.16700e+03 1.50504e-11 0.00000e+00
1.16800e+03 1.59378e-11 0.00000e+00
1.16900e+03 1.72159e-11 0.00000e+00
1.17000e+03 1.52759e-11 0.00000e+00
1.17100e+03 1.65164e-11 0.00000e+00
1.17200e+03 1.80068e-11 0.00000e+00
1.17300e+03 1.46037e-11 0.00000e+00
1.17400e+03 1.98738e-11 0.00000e+00
1.17500e+03 1.60579e-11 0.00000e+00
1.17600e+03 1.35941e-11 0.00000e+00
1.17700e+03 1.55316e-11 0.00000e+00
1.17800e+03 1.65215e-11 0.00000e+00
1.17900e+03 1.81139e-11 0.00000e+00
1.18000e+03 1.59004e-11 0.00000e+00
1.18100e+03 1.63419e-11 0.00000e+00
1.18200e+03 1.42484e-11 0.00000e+00
1.18300e+03 1.55753e-11 0.00000e+00
1.18400e+03 1.52082e-11 0.00000e+00
1.18500e+03 1.62295e-11 0.00000e+00
1.18600e+03 1.48246e-11 0.00000e+00
1.18700e+03 1.38107e-11 0.00000e+00
1.18800e+03 1.59274e-11 0.00000e+00
1.18900e+03 1.75558e-11 0.00000e+00
1.19000e+03 1.41051e-11 0.00000e+00
1.19100e+03 1.41598e-11 0.00000e+00
1.19200e+03 1.84425e-11 0.00000e+00
1.19300e+03 1.26849e-11 0.00000e+00
1.19400e+03 1.57881e-11 0.00000e+00
1.19500e+03 1.04238e-11 0.00000e+00
1.19600e+03 1.27391e-11 0.00000e+00
1.19700e+03 1.68847e-11 0.00000e+00
1.19800e+03 1.77718e-11 0.00000e+00
1.19900e+03 1.59483e-11 0.00000e+00
1.20000e+03 1.19585e-11 0.00000e+00
1.20100e+03 1.37345e-11 0.00000e+00
1.20200e+03 1.20321e-11 0.00000e+00
1.20300e+03 1.53066e-11 0.00000e+00
1.20400e+03 1.67137e-11 0.00000e+00
1.20500e+03 1.58705e-11 0.00000e+00
1.20600e+03 1.82637e-11 0.00000e+00
1.20700e+03 1.12451e-11 0.00000e+00
1.20800e+03 1.74576e-11 0.00000e+00
1.20900e+03 1.49595e-11 0.00000e+00
1.21000e+03 1.40445e-11 0.00000e+00
1.21100e+03 1.57658e-11 0.00000e+00
1.21200e+03 1.67313e-11 0.00000e+00
1.21300e+03 1.50917e-11 0.00000e+00
1.21400e+03 1.26272e-11 0.00000e+00
1.21500e+03 1.28636e-11 0.00000e+00
1.21600e+03 1.29437e-11 0.00000e+00
1.21700e+03 1.32577e-11 0.00000e+00
1.21800e+03 1.40342e-11 0.00000e+00
1.21900e+03 1.47610e-11 0.00000e+00
1.22000e+03 1.39230e-11 0.00000e+00
1.22100e+03 1.54118e-11 0.00000e+00
1.22200e+03 1.43286e-11 0.00000e+00
1.22300e+03 1.19853e-11 0.00000e+00
1.22400e+03 1.55252e-11 0.00000e+00
1.22500e+03 1.60716e-11 0.00000e+00
1.22600e+03 1.22297e-11 0.00000e+00
1.22700e+03 1.59962e-11 0.00000e+00
1.22800e+03 1.68338e-11 0.00000e+00
1.22900e+03 1.29899e-11 0.00000e+00
1.23000e+03 1.36853e-11 0.00000e+00
1.23100e+03 1.38897e-11 0.00000e+00
1.23200e+03 1.56491e-11 0.00000e+00
1.23300e+03 1.34687e-11 0.00000e+00
1.23400e+03 1.37001e-11 0.00000e+00
1.23500e+03 1.49627e-11 0.00000e+00
1.23600e+03 1.47719e-11 0.00000e+00
1.23700e+03 1.36687e-11 0.00000e+00
1.23800e+03 1.34968e-11 0.00000e+00
1.23900e+03 1.41358e-11 0.00000e+00
1.24000e+03 1.44879e-11 0.00000e+00
1.24100e+03 1.50151e-11 0.00000e+00
1.24200e+03 1.11428e-11 0.00000e+00
1.24300e+03 1.40746e-11 0.00000e+00
1.24400e+03 1.31025e-11 0.00000e+00
1.24500e+03 1.43201e-11 0.00000e+00
1.24600e+03 1.31948e-11 0.00000e+00
1.24700e+03 1.76413e-11 0.00000e+00
1.24800e+03 1.03991e-11 0.00000e+00
1.24900e+03 1.32714e-11 0.00000e+00
1.25000e+03 1.25323e-11 0.00000e+00
1.25100e+03 1.34385e-11 0.00000e+00
1.25200e+03 1.46842e-11 0.00000e+00
1.25300e+03 1.33798e-11 0.00000e+00
1.25400e+03 1.53545e-11 0.00000e+00
1.25500e+03 1.28291e-11 0.00000e+00
1.25600e+03 1.49733e-11 0.00000e+00
1.25700e+03 1.05047e-11 0.00000e+00
1.25800e+03 1.55610e-11 0.00000e+00
1.25900e+03 1.58928e-11 0.00000e+00
1.26000e+03 1.38310e-11 0.00000e+00
1.26100e+03 1.48306e-11 0.00000e+00
1.26200e+03 1.26724e-11 0.00000e+00
1.26300e+03 1.20422e-11 0.00000e+00
1.26400e+03 1.41669e-11 0.00000e+00
1.26500e+03 1.15184e-11 0.00000e+00
1.26600e+03 1.39936e-11 0.00000e+00
1.26700e+03 1.34835e-11 0.00000e+00
1.26800e+03 1.63912e-11 0.00000e+00
1.26900e+03 1.34372e-11 0.00000e+00
1.27000e+03 1.25895e-11 0.00000e+00
1.27100e+03 1.44176e-11 0.00000e+00
1.27200e+03 1.70861e-11 0.00000e+00
1.27300e+03 1.23401e-11 0.00000e+00
1.27400e+03 1.22763e-11 0.00000e+00
1.27500e+03 1.18833e-11 0.00000e+00
1.27600e+03 1.46333e-11 0.00000e+00
1.27700e+03 1.57283e-11 0.00000e+00
1.27800e+03 1.47135e-11 0.00000e+00
1.27900e+03 1.42627e-11 0.00000e+00
1.28000e+03 1.58995e-11 0.00000e+00
1.28100e+03 1.36521e-11 0.00000e+00
1.28200e+03 1.17661e-11 0.00000e+00
1.28300e+03 1.20962e-11 0.00000e+00
1.28400e+03 1.31502e-11 0.00000e+00
1.28500e+03 1.15343e-11 0.00000e+00
1.28600e+03 1.40003e-11 0.00000e+00
1.28700e+03 1.22281e-11 0.00000e+00
1.28800e+03 1.49346e-11 0.00000e+00
1.28900e+03 1.36736e-11 0.00000e+00
1.29000e+03 1.18215e-11 0.00000e+00
1.29100e+03 1.27579e-11 0.00000e+00
1.29200e+03 1.58601e-11 0.00000e+00
1.29300e+03 1.59223e-11 0.00000e+00
1.29400e+03 1.48607e-11 0.00000e+00
1.29500e+03 1.37620e-11 0.00000e+00
1.29600e+03 1.27850e-11 0.00000e+00
1.29700e+03 1.14419e-11 0.00000e+00
1.29800e+03 9.41803e-12 0.00000e+00
1.29900e+03 1.39595e-11 0.00000e+00
1.30000e+03 1.46557e-11 0.00000e+00
1.30100e+03 1.07329e-11 0.00000e+00
1.30200e+03 1.52204e-11 0.00000e+00
1.30300e+03 1.57493e-11 0.00000e+00
1.30400e+03 1.42370e-11 0.00000e+00
1.30500e+03 1.21242e-11 0.00000e+00
1.30600e+03 1.43836e-11 0.00000e+00
1.30700e+03 1.22092e-11 0.00000e+00
1.30800e+03 1.23189e-11 0.00000e+00
1.30900e+03 1.38330e-11 0.00000e+00
1.31000e+03 1.20059e-11 0.00000e+00
1.31100e+03 1.29959e-11 0.00000e+00
1.31200e+03 1.20144e-11 0.00000e+00
1.31300e+03 1.31204e-11 0.00000e+00
1.31400e+03 1.09047e-11 0.00000e+00
1.31500e+03 1.49031e-11 0.00000e+00
1.31600e+03 1.13411e-11 0.00000e+00
1.31700e+03 1.21791e-11 0.00000e+00
1.31800e+03 1.47765e-11 0.00000e+00
1.31900e+03 1.26329e-11 0.00000e+00
1.32000e+03 1.32582e-11 0.00000e+00
1.32100e+03 1.18835e-11 0.00000e+00
1.32200e+03 1.24764e-11 0.00000e+00
1.32300e+03 1.30466e-11 0.00000e+00
1.32400e+03 1.24833e-11 0.00000e+00
1.32500e+03 1.39197e-11 0.00000e+00
1.32600e+03 1.17681e-11 0.00000e+00
1.32700e+03 1.02711e-11 0.00000e+00
1.32800e+03 1.33688e-11 0.00000e+00
1.32900e+03 1.07742e-11 0.00000e+00
1.33000e+03 1.11196e-11 0.00000e+00
1.33100e+03 1.30699e-11 0.00000e+00
1.33200e+03 1.55961e-11 0.00000e+00
1.33300e+03 1.26157e-11 0.00000e+00
1.33400e+03 1.20142e-11 0.00000e+00
1.33500e+03 1.24102e-11 0.00000e+00
1.33600e+03 1.22504e-11 0.00000e+00
1.33700e+03 1.24337e-11 0.00000e+00
1.33800e+03 1.32380e-11 0.00000e+00
1.33900e+03 1.17935e-11 0.00000e+00
1.34000e+03 1.15804e-11 0.00000e+00
1.34100e+03 1.32292e-11 0.00000e+00
1.34200e+03 1.36574e-11 0.00000e+00
1.34300e+03 1.40322e-11 0.00000e+00
1.34400e+03 1.36727e-11 0.00000e+00
1.34500e+03 1.18034e-11 0.00000e+00
1.34600e+03 1.20789e-11 0.00000e+00
1.34700e+03 1.18020e-11 0.00000e+00
1.34800e+03 1.43127e-11 0.00000e+00
1.34900e+03 1.18919e-11 0.00000e+00
1.35000e+03 1.34358e-11 0.00000e+00
1.35100e+03 1.45815e-11 0.00000e+00
1.35200e+03 1.44497e-11 0.00000e+00
1.35300e+03 1.06548e-11 0.00000e+00
1.35400e+03 1.17875e-11 0.00000e+00
1.35500e+03 1.22941e-11 0.00000e+00
1.35600e+03 1.19956e-11 0.00000e+00
1.35700e+03 1.24239e-11 0.00000e+00
1.35800e+03 1.31510e-11 0.00000e+00
1.35900e+03 1.41742e-11 0.00000e+00
1.36000e+03 1.29260e-11 0.00000e+00
1.36100e+03 1.38505e-11 0.00000e+00
1.36200e+03 1.41630e-11 0.00000e+00
1.36300e+03 1.26619e-11 0.00000e+00
1.36400e+03 1.23134e-11 0.00000e+00
1.36500e+03 1.25069e-11 0.00000e+00
1.36600e+03 1.05569e-11 0.00000e+00
1.36700e+03 1.16111e-11 0.00000e+00
1.36800e+03 1.05367e-11 0.00000e+00
1.36900e+03 9.96688e-12 0.00000e+00
1.37000e+03 1.15389e-11 0.00000e+00
1.37100e+03 1.18023e-11 0.00000e+00
1.37200e+03 1.27641e-11 0.00000e+00
1.37300e+03 1.15109e-11 0.00000e+00
1.37400e+03 9.99291e-12 0.00000e+00
1.37500e+03 1.24310e-11 0.00000e+00
1.37600e+03 1.19583e-11 0.00000e+00
1.37700e+03 1.11860e-11 0.00000e+00
1.37800e+03 1.29780e-11 0.00000e+00
1.37900e+03 1.51752e-11 0.00000e+00
1.38000e+03 1.21034e-11 0.00000e+00
1.38100e+03 1.49605e-11 0.00000e+00
1.38200e+03 1.44016e-11 0.00000e+00
1.38300e+03 1.18113e-11 0.00000e+00
1.38400e+03 1.06736e-11 0.00000e+00
1.38500e+03 1.21361e-11 0.00000e+00
1.38600e+03 1.32988e-11 0.00000e+00
1.38700e+03 1.25896e-11 0.00000e+00
1.38800e+03 1.08358e-11 0.00000e+00
1.38900e+03 1.19620e-11 0.00000e+00
1.39000e+03 1.23695e-11 0.00000e+00
1.39100e+03 1.02510e-11 0.00000e+00
1.39200e+03 1.06413e-11 0.00000e+00
1.39300e+03 1.33267e-11 0.00000e+00
1.39400e+03 1.31887e-11 0.00000e+00
1.39500e+03 1.26045e-11 0.00000e+00
1.39600e+03 1.30184e-11 0.00000e+00
1.39700e+03 1.18060e-11 0.00000e+00
1.39800e+03 1.34453e-11 0.00000e+00
1.39900e+03 1.27549e-11 0.00000e+00
1.40000e+03 1.40754e-11 0.00000e+00
1.40100e+03 1.11422e-11 0.00000e+00
1.40200e+03 1.11160e-11 0.00000e+00
1.40300e+03 1.30671e-11 0.00000e+00
1.40400e+03 9.31623e-12 0.00000e+00
1.40500e+03 1.07506e-11 0.00000e+00
1.40600e+03 1.08309e-11 0.00000e+00
1.40700e+03 1.17864e-11 0.00000e+00
1.40800e+03 1.25441e-11 0.00000e+00
1.40900e+03 1.21444e-11 0.00000e+00
1.41000e+03 1.05493e-11 0.00000e+00
1.41100e+03 1.13996e-11 0.00000e+00
1.41200e+03 9.69651e-12 0.00000e+00
1.41300e+03 1.12711e-11 0.00000e+00
1.41400e+03 1.09657e-11 0.00000e+00
1.41500e+03 1.32569e-11 0.00000e+00
1.41600e+03 1.22679e-11 0.00000e+00
1.41700e+03 1.04935e-11 0.00000e+00
1.41800e+03 1.05934e-11 0.00000e+00
1.41900e+03 1.22693e-11 0.00000e+00
1.42000e+03 1.10941e-11 0.00000e+00
1.42100e+03 1.04046e-11 0.00000e+00
1.42200e+03 1.29953e-11 0.00000e+00
1.42300e+03 9.65026e-12 0.00000e+00
1.42400e+03 1.04275e-11 0.00000e+00
1.42500e+03 1.15429e-11 0.00000e+00
1.42600e+03 1.02168e-11 0.00000e+00
1.42700e+03 1.02741e-11 0.00000e+00
1.42800e+03 9.86719e-12 0.00000e+00
1.42900e+03 1.12045e-11 0.00000e+00
1.43000e+03 1.17011e-11 0.00000e+00
1.43100e+03 1.03016e-11 0.00000e+00
1.43200e+03 1.11703e-11 0.00000e+00
1.43300e+03 1.24526e-11 0.00000e+00
1.43400e+03 1.23113e-11 0.00000e+00
1.43500e+03 9.75898e-12 0.00000e+00
1.43600e+03 1.07420e-11 0.00000e+00
1.43700e+03 1.15654e-11 0.00000e+00
1.43800e+03 1.20772e-11 0.00000e+00
1.43900e+03 1.14591e-11 0.00000e+00
1.44000e+03 1.10431e-11 0.00000e+00
1.44100e+03 1.06588e-11 0.00000e+00
1.44200e+03 1.23928e-11 0.00000e+00
1.44300e+03 1.08445e-11 0.00000e+00
1.44400e+03 1.23747e-11 0.00000e+00
1.44500e+03 1.17902e-11 0.00000e+00
1.44600e+03 9.77464e-12 0.00000e+00
1.44700e+03 1.08047e-11 0.00000e+00
1.44800e+03 1.29119e-11 0.00000e+00
1.44900e+03 9.93807e-12 0.00000e+00
1.45000e+03 1.26782e-11 0.00000e+00
1.45100e+03 1.16279e-11 0.00000e+00
1.45200e+03 1.15654e-11 0.00000e+00
1.45300e+03 1.15800e-11 0.00000e+00
1.45400e+03 1.07672e-11 0.00000e+00
1.45500e+03 1.22884e-11 0.00000e+00
1.45600e+03 1.06619e-11 0.00000e+00
1.45700e+03 1.09525e-11 0.00000e+00
1.45800e+03 1.07203e-11 0.00000e+00
1.45900e+03 1.08872e-11 0.00000e+00
1.46000e+03 9.61826e-12 0.00000e+00
1.46100e+03 1.01707e-11 0.00000e+00
1.46200e+03 1.08022e-11 0.00000e+00
1.46300e+03 1.09967e-11 0.00000e+00
1.46400e+03 9.61532e-12 0.00000e+00
1.46500e+03 1.14194e-11 0.00000e+00
1.46600e+03 1.06290e-11 0.00000e+00
1.46700e+03 1.00527e-11 0.00000e+00
1.46800e+03 1.14500e-11 0.00000e+00
1.46900e+03 1.09552e-11 0.00000e+00
1.47000e+03 8.88323e-12 0.00000e+00
1.47100e+03 9.38871e-12 0.00000e+00
1.47200e+03 1.13292e-11 0.00000e+00
1.47300e+03 9.93018e-12 0.00000e+00
1.47400e+03 1.12047e-11 0.00000e+00
1.47500e+03 1.13802e-11 0.00000e+00
1.47600e+03 1.31637e-11 0.00000e+00
1.47700e+03 9.73072e-12 0.00000e+00
1.47800e+03 1.05145e-11 0.00000e+00
1.47900e+03 1.05789e-11 0.00000e+00
1.48000e+03 1.12655e-11 0.00000e+00
1.48100e+03 1.08536e-11 0.00000e+00
1.48200e+03 1.16702e-11 0.00000e+00
1.48300e+03 1.25853e-11 0.00000e+00
1.48400e+03 8.65424e-12 0.00000e+00
1.48500e+03 8.64435e-12 0.00000e+00
1.48600e+03 1.06514e-11 0.00000e+00
1.48700e+03 1.01243e-11 0.00000e+00
1.48800e+03 9.55658e-12 0.00000e+00
1.48900e+03 1.16893e-11 0.00000e+00
1.49000e+03 9.99647e-12 0.00000e+00
1.49100e+03 9.64000e-12 0.00000e+00
1.49200e+03 9.89069e-12 0.00000e+00
1.49300e+03 1.13111e-11 0.00000e+00
1.49400e+03 8.93091e-12 0.00000e+00
1.49500e+03 1.06703e-11 0.00000e+00
1.49600e+03 8.68256e-12 0.00000e+00
1.49700e+03 7.74372e-12 0.00000e+00
1.49800e+03 1.14325e-11 0.00000e+00
1.49900e+03 9.65467e-12 0.00000e+00
1.50000e+03 1.08173e-11 0.00000e+00
1.50100e+03 1.03714e-11 0.00000e+00
1.50200e+03 9.97577e-12 0.00000e+00
1.50300e+03 9.99240e-12 0.00000e+00
1.50400e+03 9.49668e-12 0.00000e+00
1.50500e+03 9.44382e-12 0.00000e+00
1.50600e+03 1.17004e-11 0.00000e+00
1.50700e+03 9.86479e-12 0.00000e+00
1.50800e+03 9.85905e-12 0.00000e+00
1.50900e+03 9.78911e-12 0.00000e+00
1.51000e+03 1.08707e-11 0.00000e+00
1.51100e+03 7.87362e-12 0.00000e+00
1.51200e+03 9.72411e-12 0.00000e+00
1.51300e+03 1.06441e-11 0.00000e+00
1.51400e+03 9.80691e-12 0.00000e+00
1.51500e+03 1.09875e-11 0.00000e+00
1.51600e+03 8.45729e-12 0.00000e+00
1.51700e+03 1.05664e-11 0.00000e+00
1.51800e+03 1.00893e-11 0.00000e+00
1.51900e+03 8.10919e-12 0.00000e+00
1.52000e+03 1.24770e-11 0.00000e+00
1.52100e+03 9.72797e-12 0.00000e+00
1.52200e+03 9.90238e-12 0.00000e+00
1.52300e+03 1.00772e-11 0.00000e+00
1.52400e+03 9.69275e-12 0.00000e+00
1.52500e+03 1.12711e-11 0.00000e+00
1.52600e+03 1.02522e-11 0.00000e+00
1.52700e+03 1.11850e-11 0.00000e+00
1.52800e+03 1.07866e-11 0.00000e+00
1.52900e+03 8.55229e-12 0.00000e+00
1.53000e+03 1.07661e-11 0.00000e+00
1.53100e+03 9.53711e-12 0.00000e+00
1.53200e+03 7.52133e-12 0.00000e+00
1.53300e+03 1.21622e-11 0.00000e+00
1.53400e+03 8.63615e-12 0.00000e+00
1.53500e+03 1.00063e-11 0.00000e+00
1.53600e+03 7.58953e-12 0.00000e+00
1.53700e+03 8.33938e-12 0.00000e+00
1.53800e+03 1.05367e-11 0.00000e+00
1.53900e+03 1.07082e-11 0.00000e+00
1.54000e+03 9.99101e-12 0.00000e+00
1.54100e+03 9.90423e-12 0.00000e+00
1.54200e+03 1.15816e-11 0.00000e+00
1.54300e+03 9.57391e-12 0.00000e+00
1.54400e+03 9.53045e-12 0.00000e+00
1.54500e+03 8.40325e-12 0.00000e+00
1.54600e+03 8.83574e-12 0.00000e+00
1.54700e+03 9.60419e-12 0.00000e+00
1.54800e+03 1.10126e-11 0.00000e+00
1.54900e+03 7.58071e-12 0.00000e+00
1.55000e+03 8.29926e-12 0.00000e+00
1.55100e+03 1.07817e-11 0.00000e+00
1.55200e+03 9.76241e-12 0.00000e+00
1.55300e+03 8.94136e-12 0.00000e+00
1.55400e+03 9.18114e-12 0.00000e+00
1.55500e+03 1.01181e-11 0.00000e+00
1.55600e+03 9.64999e-12 0.00000e+00
1.55700e+03 8.37631e-12 0.00000e+00
1.55800e+03 9.29800e-12 0.00000e+00
1.55900e+03 1.05893e-11 0.00000e+00
1.56000e+03 9.79593e-12 0.00000e+00
1.56100e+03 8.29316e-12 0.00000e+00
1.56200e+03 1.00132e-11 0.00000e+00
1.56300e+03 1.12246e-11 0.00000e+00
1.56400e+03 7.15756e-12 0.00000e+00
1.56500e+03 1.04149e-11 0.00000e+00
1.56600e+03 9.48896e-12 0.00000e+00
1.56700e+03 9.17000e-12 0.00000e+00
1.56800e+03 9.98226e-12 0.00000e+00
1.56900e+03 9.26522e-12 0.00000e+00
1.57000e+03 8.69214e-12 0.00000e+00
1.57100e+03 8.85232e-12 0.00000e+00
1.57200e+03 9.60685e-12 0.00000e+00
1.57300e+03 9.13732e-12 0.00000e+00
1.57400e+03 9.20278e-12 0.00000e+00
1.57500e+03 1.05431e-11 0.00000e+00
1.57600e+03 9.23921e-12 0.00000e+00
1.57700e+03 6.28674e-12 0.00000e+00
1.57800e+03 9.92259e-12 0.00000e+00
1.57900e+03 8.97864e-12 0.00000e+00
1.58000e+03 9.13261e-12 0.00000e+00
1.58100e+03 9.72326e-12 0.00000e+00
1.58200e+03 1.04212e-11 0.00000e+00
1.58300e+03 9.68728e-12 0.00000e+00
1.58400e+03 9.15394e-12 0.00000e+00
1.58500e+03 9.18281e-12 0.00000e+00
1.58600e+03 1.04036e-11 0.00000e+00
1.58700e+03 8.88560e-12 0.00000e+00
1.58800e+03 1.01640e-11 0.00000e+00
1.58900e+03 9.31365e-12 0.00000e+00
1.59000e+03 9.35294e-12 0.00000e+00
1.59100e+03 7.80245e-12 0.00000e+00
1.59200e+03 9.18748e-12 0.00000e+00
1.59300e+03 9.28439e-12 0.00000e+00
1.59400e+03 7.98319e-12 0.00000e+00
1.59500e+03 8.38076e-12 0.00000e+00
1.59600e+03 9.56100e-12 0.00000e+00
1.59700e+03 8.68306e-12 0.00000e+00
1.59800e+03 9.72782e-12 0.00000e+00
1.59900e+03 8.20550e-12 0.00000e+00
1.60000e+03 1.07234e-11 0.00000e+00
1.60100e+03 7.88780e-12 0.00000e+00
1.60200e+03 1.03597e-11 0.00000e+00
1.60300e+03 8.80642e-12 0.00000e+00
1.60400e+03 8.10312e-12 0.00000e+00
1.60500e+03 8.33776e-12 0.00000e+00
1.60600e+03 8.66821e-12 0.00000e+00
1.60700e+03 9.08363e-12 0.00000e+00
1.60800e+03 9.78085e-12 0.00000e+00
1.60900e+03 1.05440e-11 0.00000e+00
1.61000e+03 9.57840e-12 0.00000e+00
1.61100e+03 8.77013e-12 0.00000e+00
1.61200e+03 7.31408e-12 0.00000e+00
1.61300e+03 8.66039e-12 0.00000e+00
1.61400e+03 8.05305e-12 0.00000e+00
1.61500e+03 7.42751e-12 0.00000e+00
1.61600e+03 1.01244e-11 0.00000e+00
1.61700e+03 1.04597e-11 0.00000e+00
1.61800e+03 9.55748e-12 0.00000e+00
1.61900e+03 7.02447e-12 0.00000e+00
1.62000e+03 8.97910e-12 0.00000e+00
1.62100e+03 8.34129e-12 0.00000e+00
1.62200e+03 9.66654e-12 0.00000e+00
1.62300e+03 9.11715e-12 0.00000e+00
1.62400e+03 8.21643e-12 0.00000e+00
1.62500e+03 9.81097e-12 0.00000e+00
1.62600e+03 8.61239e-12 0.00000e+00
1.62700e+03 9.17785e-12 0.00000e+00
1.62800e+03 1.07872e-11 0.00000e+00
1.62900e+03 9.37965e-12 0.00000e+00
1.63000e+03 9.23141e-12 0.00000e+00
1.63100e+03 1.01910e-11 0.00000e+00
1.63200e+03 8.86394e-12 0.00000e+00
1.63300e+03 9.41642e-12 0.00000e+00
1.63400e+03 7.63565e-12 0.00000e+00
1.63500e+03 9.67119e-12 0.00000e+00
1.63600e+03 6.96766e-12 0.00000e+00
1.63700e+03 1.01667e-11 0.00000e+00
1.63800e+03 8.79967e-12 0.00000e+00
1.63900e+03 9.12080e-12 0.00000e+00
1.64000e+03 8.97374e-12 0.00000e+00
1.64100e+03 7.72112e-12 0.00000e+00
1.64200e+03 9.87072e-12 0.00000e+00
1.64300e+03 8.51176e-12 0.00000e+00
1.64400e+03 9.21496e-12 0.00000e+00
1.64500e+03 9.30913e-12 0.00000e+00
1.64600e+03 8.34431e-12 0.00000e+00
1.64700e+03 8.35662e-12 0.00000e+00
1.64800e+03 9.18685e-12 0.00000e+00
1.64900e+03 8.70054e-12 0.00000e+00
1.65000e+03 8.85054e-12 0.00000e+00
1.65100e+03 9.12489e-12 0.00000e+00
1.65200e+03 8.35367e-12 0.00000e+00
1.65300e+03 8.34011e-12 0.00000e+00
1.65400e+03 9.15822e-12 0.00000e+00
1.65500e+03 7.94821e-12 0.00000e+00
1.65600e+03 8.93734e-12 0.00000e+00
1.65700e+03 9.72126e-12 0.00000e+00
1.65800e+03 8.14020e-12 0.00000e+00
1.65900e+03 6.81629e-12 0.00000e+00
1.66000e+03 7.94956e-12 0.00000e+00
1.66100e+03 6.40134e-12 0.00000e+00
1.66200e+03 7.13268e-12 0.00000e+00
1.66300e+03 7.91760e-12 0.00000e+00
1.66400e+03 6.83782e-12 0.00000e+00
1.66500e+03 8.90194e-12 0.00000e+00
1.66600e+03 9.28597e-12 0.00000e+00
1.66700e+03 6.49468e-12 0.00000e+00
1.66800e+03 8.17502e-12 0.00000e+00
1.66900e+03 7.18990e-12 0.00000e+00
1.67000e+03 9.51817e-12 0.00000e+00
1.67100e+03 7.47754e-12 0.00000e+00
1.67200e+03 7.06844e-12 0.00000e+00
1.67300e+03 8.26784e-12 0.00000e+00
1.67400e+03 8.71014e-12 0.00000e+00
1.67500e+03 9.34096e-12 0.00000e+00
1.67600e+03 7.63603e-12 0.00000e+00
1.67700e+03 8.85459e-12 0.00000e+00
1.67800e+03 9.10677e-12 0.00000e+00
1.67900e+03 8.51793e-12 0.00000e+00
1.68000e+03 8.14911e-12 0.00000e+00
1.68100e+03 7.69643e-12 0.00000e+00
1.68200e+03 8.53307e-12 0.00000e+00
1.68300e+03 7.76737e-12 0.00000e+00
1.68400e+03 9.11021e-12 0.00000e+00
1.68500e+03 7.42242e-12 0.00000e+00
1.68600e+03 7.97651e-12 0.00000e+00
1.68700e+03 8.17797e-12 0.00000e+00
1.68800e+03 8.17483e-12 0.00000e+00
1.68900e+03 8.77947e-12 0.00000e+00
1.69000e+03 6.30690e-12 0.00000e+00
1.69100e+03 8.15124e-12 0.00000e+00
1.69200e+03 9.23474e-12 0.00000e+00
1.69300e+03 8.09044e-12 0.00000e+00
1.69400e+03 7.11866e-12 0.00000e+00
1.69500e+03 8.49799e-12 0.00000e+00
1.69600e+03 7.38802e-12 0.00000e+00
1.69700e+03 8.13882e-12 0.00000e+00
1.69800e+03 7.48756e-12 0.00000e+00
1.69900e+03 7.70773e-12 0.00000e+00
1.70000e+03 7.32855e-12 0.00000e+00
1.70100e+03 8.07019e-12 0.00000e+00
1.70200e+03 8.63565e-12 0.00000e+00
1.70300e+03 8.53077e-12 0.00000e+00
1.70400e+03 8.89361e-12 0.00000e+00
1.70500e+03 6.82280e-12 0.00000e+00
1.70600e+03 6.45001e-12 0.00000e+00
1.70700e+03 9.52512e-12 0.00000e+00
1.70800e+03 7.63981e-12 0.00000e+00
1.70900e+03 6.13308e-12 0.00000e+00
1.71000e+03 6.22038e-12 0.00000e+00
1.71100e+03 7.93373e-12 0.00000e+00
1.71200e+03 7.10961e-12 0.00000e+00
1.71300e+03 8.40005e-12 0.00000e+00
1.71400e+03 6.68321e-12 0.00000e+00
1.71500e+03 6.79594e-12 0.00000e+00
1.71600e+03 9.20240e-12 0.00000e+00
1.71700e+03 8.67343e-12 0.00000e+00
1.71800e+03 8.62493e-12 0.00000e+00
1.71900e+03 6.96979e-12 0.00000e+00
1.72000e+03 6.37629e-12 0.00000e+00
1.72100e+03 7.38311e-12 0.00000e+00
1.72200e+03 8.63827e-12 0.00000e+00
1.72300e+03 7.77972e-12 0.00000e+00
1.72400e+03 7.74306e-12 0.00000e+00
1.72500e+03 7.24152e-12 0.00000e+00
1.72600e+03 7.22077e-12 0.00000e+00
1.72700e+03 7.99053e-12 0.00000e+00
1.72800e+03 7.61409e-12 0.00000e+00
1.72900e+03 8.23990e-12 0.00000e+00
1.73000e+03 6.65277e-12 0.00000e+00
1.73100e+03 5.64635e-12 0.00000e+00
1.73200e+03 7.96687e-12 0.00000e+00
1.73300e+03 7.23142e-12 0.00000e+00
1.73400e+03 7.65658e-12 0.00000e+00
1.73500e+03 8.64277e-12 0.00000e+00
1.73600e+03 6.56548e-12 0.00000e+00
1.73700e+03 7.66543e-12 0.00000e+00
1.73800e+03 8.42697e-12 0.00000e+00
1.73900e+03 6.92391e-12 0.00000e+00
1.74000e+03 7.43026e-12 0.00000e+00
1.74100e+03 6.72215e-12 0.00000e+00
1.74200e+03 6.15759e-12 0.00000e+00
1.74300e+03 6.23951e-12 0.00000e+00
1.74400e+03 7.82129e-12 0.00000e+00
1.74500e+03 7.86428e-12 0.00000e+00
1.74600e+03 8.19733e-12 0.00000e+00
1.74700e+03 7.19723e-12 0.00000e+00
1.74800e+03 7.80484e-12 0.00000e+00
1.74900e+03 6.80957e-12 0.00000e+00
1.75000e+03 6.17821e-12 0.00000e+00
1.75100e+03 6.57155e-12 0.00000e+00
1.75200e+03 9.14185e-12 0.00000e+00
1.75300e+03 8.75896e-12 0.00000e+00
1.75400e+03 7.78436e-12 0.00000e+00
1.75500e+03 8.32961e-12 0.00000e+00
1.75600e+03 7.70730e-12 0.00000e+00
1.75700e+03 7.55539e-12 0.00000e+00
1.75800e+03 7.72075e-12 0.00000e+00
1.75900e+03 7.21599e-12 0.00000e+00
1.76000e+03 6.41353e-12 0.00000e+00
1.76100e+03 9.17990e-12 0.00000e+00
1.76200e+03 7.98965e-12 0.00000e+00
1.76300e+03 6.70690e-12 0.00000e+00
1.76400e+03 6.82863e-12 0.00000e+00
1.76500e+03 7.71463e-12 0.00000e+00
1.76600e+03 6.63601e-12 0.00000e+00
1.76700e+03 7.59055e-12 0.00000e+00
1.76800e+03 6.62575e-12 0.00000e+00
1.76900e+03 6.77898e-12 0.00000e+00
1.77000e+03 6.12693e-12 0.00000e+00
1.77100e+03 6.28396e-12 0.00000e+00
1.77200e+03 7.31297e-12 0.00000e+00
1.77300e+03 8.58068e-12 0.00000e+00
1.77400e+03 6.97350e-12 0.00000e+00
1.77500e+03 6.59415e-12 0.00000e+00
1.77600e+03 7.65587e-12 0.00000e+00
1.77700e+03 7.88267e-12 0.00000e+00
1.77800e+03 7.53450e-12 0.00000e+00
1.77900e+03 7.56409e-12 0.00000e+00
1.78000e+03 6.96636e-12 0.00000e+00
1.78100e+03 6.00656e-12 0.00000e+00
1.78200e+03 6.66354e-12 0.00000e+00
1.78300e+03 7.74025e-12 0.00000e+00
1.78400e+03 7.72969e-12 0.00000e+00
1.78500e+03 8.16068e-12 0.00000e+00
1.78600e+03 8.27922e-12 0.00000e+00
1.78700e+03 6.11138e-12 0.00000e+00
1.78800e+03 7.47784e-12 0.00000e+00
1.78900e+03 6.59222e-12 0.00000e+00
1.79000e+03 5.21390e-12 0.00000e+00
1.79100e+03 6.16788e-12 0.00000e+00
1.79200e+03 6.79383e-12 0.00000e+00
1.79300e+03 6.12953e-12 0.00000e+00
1.79400e+03 6.77514e-12 0.00000e+00
1.79500e+03 6.81697e-12 0.00000e+00
1.79600e+03 6.44827e-12 0.00000e+00
1.79700e+03 6.21270e-12 0.00000e+00
1.79800e+03 7.20860e-12 0.00000e+00
1.79900e+03 7.10864e-12 0.00000e+00
1.80000e+03 6.13702e-12 0.00000e+00
1.80100e+03 5.71483e-12 0.00000e+00
1.80200e+03 6.55766e-12 0.00000e+00
1.80300e+03 5.85233e-12 0.00000e+00
1.80400e+03 6.19157e-12 0.00000e+00
1.80500e+03 6.04883e-12 0.00000e+00
1.80600e+03 6.64648e-12 0.00000e+00
1.80700e+03 7.22992e-12 0.00000e+00
1.80800e+03 5.74562e-12 0.00000e+00
1.80900e+03 5.06097e-12 0.00000e+00
1.81000e+03 6.38887e-12 0.00000e+00
1.81100e+03 6.79700e-12 0.00000e+00
1.81200e+03 6.60081e-12 0.00000e+00
1.81300e+03 5.67423e-12 0.00000e+00
1.81400e+03 6.63964e-12 0.00000e+00
1.81500e+03 6.09338e-12 0.00000e+00
1.81600e+03 6.50922e-12 0.00000e+00
1.81700e+03 7.42621e-12 0.00000e+00
1.81800e+03 6.60969e-12 0.00000e+00
1.81900e+03 5.92438e-12 0.00000e+00
1.82000e+03 6.73836e-12 0.00000e+00
1.82100e+03 7.41386e-12 0.00000e+00
1.82200e+03 7.04896e-12 0.00000e+00
1.82300e+03 6.74097e-12 0.00000e+00
1.82400e+03 5.89901e-12 0.00000e+00
1.82500e+03 7.13250e-12 0.00000e+00
1.82600e+03 6.27239e-12 0.00000e+00
1.82700e+03 6.42016e-12 0.00000e+00
1.82800e+03 6.86853e-12 0.00000e+00
1.82900e+03 6.63088e-12 0.00000e+00
1.83000e+03 6.86548e-12 0.00000e+00
1.83100e+03 6.13722e-12 0.00000e+00
1.83200e+03 5.88657e-12 0.00000e+00
1.83300e+03 7.12165e-12 0.00000e+00
1.83400e+03 7.40728e-12 0.00000e+00
1.83500e+03 6.47527e-12 0.00000e+00
1.83600e+03 6.87843e-12 0.00000e+00
1.83700e+03 6.98191e-12 0.00000e+00
1.83800e+03 5.91816e-12 0.00000e+00
1.83900e+03 6.14090e-12 0.00000e+00
1.84000e+03 5.63189e-12 0.00000e+00
1.84100e+03 7.23500e-12 0.00000e+00
1.84200e+03 5.63863e-12 0.00000e+00
1.84300e+03 6.55010e-12 0.00000e+00
1.84400e+03 5.88984e-12 0.00000e+00
1.84500e+03 5.48149e-12 0.00000e+00
1.84600e+03 5.46840e-12 0.00000e+00
1.84700e+03 6.89561e-12 0.00000e+00
1.84800e+03 6.81899e-12 0.00000e+00
1.84900e+03 7.04163e-12 0.00000e+00
1.85000e+03 5.57534e-12 0.00000e+00
1.85100e+03 5.36991e-12 0.00000e+00
1.85200e+03 5.50172e-12 0.00000e+00
1.85300e+03 6.58159e-12 0.00000e+00
1.85400e+03 5.61735e-12 0.00000e+00
1.85500e+03 7.10239e-12 0.00000e+00
1.85600e+03 6.41895e-12 0.00000e+00
1.85700e+03 5.22130e-12 0.00000e+00
1.85800e+03 5.10434e-12 0.00000e+00
1.85900e+03 7.22225e-12 0.00000e+00
1.86000e+03 5.67961e-12 0.00000e+00
1.86100e+03 6.11975e-12 0.00000e+00
1.86200e+03 6.50011e-12 0.00000e+00
1.86300e+03 6.30308e-12 0.00000e+00
1.86400e+03 7.15067e-12 0.00000e+00
1.86500e+03 5.96883e-12 0.00000e+00
1.86600e+03 6.95933e-12 0.00000e+00
1.86700e+03 6.57958e-12 0.00000e+00
1.86800e+03 6.14958e-12 0.00000e+00
1.86900e+03 5.55978e-12 0.00000e+00
1.87000e+03 5.96429e-12 0.00000e+00
1.87100e+03 5.59562e-12 0.00000e+00
1.87200e+03 5.36269e-12 0.00000e+00
1.87300e+03 6.54011e-12 0.00000e+00
1.87400e+03 6.49696e-12 0.00000e+00
1.87500e+03 5.79186e-12 0.00000e+00
1.87600e+03 5.60997e-12 0.00000e+00
1.87700e+03 5.95494e-12 0.00000e+00
1.87800e+03 6.82451e-12 0.00000e+00
1.87900e+03 5.46507e-12 0.00000e+00
1.88000e+03 5.89843e-12 0.00000e+00
1.88100e+03 5.96509e-12 0.00000e+00
1.88200e+03 7.05050e-12 0.00000e+00
1.88300e+03 7.27030e-12 0.00000e+00
1.88400e+03 6.44523e-12 0.00000e+00
1.88500e+03 6.28980e-12 0.00000e+00
1.88600e+03 5.49938e-12 0.00000e+00
1.88700e+03 6.57948e-12 0.00000e+00
1.88800e+03 5.99820e-12 0.00000e+00
1.88900e+03 6.66197e-12 0.00000e+00
1.89000e+03 5.73306e-12 0.00000e+00
1.89100e+03 5.43633e-12 0.00000e+00
1.89200e+03 5.46816e-12 0.00000e+00
1.89300e+03 6.43260e-12 0.00000e+00
1.89400e+03 5.93756e-12 0.00000e+00
1.89500e+03 4.78310e-12 0.00000e+00
1.89600e+03 5.27639e-12 0.00000e+00
1.89700e+03 5.92520e-12 0.00000e+00
1.89800e+03 5.05129e-12 0.00000e+00
1.89900e+03 4.95476e-12 0.00000e+00
1.90000e+03 5.61806e-12 0.00000e+00
1.90100e+03 4.60817e-12 0.00000e+00
1.90200e+03 6.95769e-12 0.00000e+00
1.90300e+03 5.46388e-12 0.00000e+00
1.90400e+03 5.26647e-12 0.00000e+00
1.90500e+03 6.17516e-12 0.00000e+00
1.90600e+03 5.33697e-12 0.00000e+00
1.90700e+03 5.20083e-12 0.00000e+00
1.90800e+03 6.14128e-12 0.00000e+00
1.90900e+03 4.99771e-12 0.00000e+00
1.91000e+03 5.93475e-12 0.00000e+00
1.91100e+03 5.15735e-12 0.00000e+00
1.91200e+03 4.89978e-12 0.00000e+00
1.91300e+03 5.57605e-12 0.00000e+00
1.91400e+03 5.33428e-12 0.00000e+00
1.91500e+03 5.70087e-12 0.00000e+00
1.91600e+03 5.72372e-12 0.00000e+00
1.91700e+03 4.79066e-12 0.00000e+00
1.91800e+03 5.66987e-12 0.00000e+00
1.91900e+03 5.56626e-12 0.00000e+00
1.92000e+03 5.45197e-12 0.00000e+00
1.92100e+03 5.89070e-12 0.00000e+00
1.92200e+03 6.14946e-12 0.00000e+00
1.92300e+03 5.28230e-12 0.00000e+00
1.92400e+03 4.07208e-12 0.00000e+00
1.92500e+03 5.10346e-12 0.00000e+00
1.92600e+03 4.61690e-12 0.00000e+00
1.92700e+03 5.54869e-12 0.00000e+00
1.92800e+03 5.10992e-12 0.00000e+00
1.92900e+03 5.64243e-12 0.00000e+00
1.93000e+03 5.73173e-12 0.00000e+00
1.93100e+03 4.75002e-12 0.00000e+00
1.93200e+03 4.87235e-12 0.00000e+00
1.93300e+03 5.34995e-12 0.00000e+00
1.93400e+03 5.15910e-12 0.00000e+00
1.93500e+03 5.24093e-12 0.00000e+00
1.93600e+03 6.50109e-12 0.00000e+00
1.93700e+03 6.18271e-12 0.00000e+00
1.93800e+03 5.40112e-12 0.00000e+00
1.93900e+03 5.35753e-12 0.00000e+00
1.94000e+03 4.89520e-12 0.00000e+00
1.94100e+03 5.82368e-12 0.00000e+00
1.94200e+03 5.94531e-12 0.00000e+00
1.94300e+03 5.04363e-12 0.00000e+00
1.94400e+03 4.93963e-12 0.00000e+00
1.94500e+03 5.08639e-12 0.00000e+00
1.94600e+03 5.06562e-12 0.00000e+00
1.94700e+03 4.76662e-12 0.00000e+00
1.94800e+03 5.06644e-12 0.00000e+00
1.94900e+03 6.13401e-12 0.00000e+00
1.95000e+03 5.50051e-12 0.00000e+00
1.95100e+03 6.17268e-12 0.00000e+00
1.95200e+03 5.53536e-12 0.00000e+00
1.95300e+03 5.64705e-12 0.00000e+00
1.95400e+03 4.66599e-12 0.00000e+00
1.95500e+03 5.84676e-12 0.00000e+00
1.95600e+03 5.05007e-12 0.00000e+00
1.95700e+03 5.58466e-12 0.00000e+00
1.95800e+03 5.22556e-12 0.00000e+00
1.95900e+03 4.52006e-12 0.00000e+00
1.96000e+03 4.55516e-12 0.00000e+00
1.96100e+03 5.63874e-12 0.00000e+00
1.96200e+03 5.28466e-12 0.00000e+00
1.96300e+03 5.90981e-12 0.00000e+00
1.96400e+03 4.04899e-12 0.00000e+00
1.96500e+03 5.09619e-12 0.00000e+00
1.96600e+03 4.63963e-12 0.00000e+00
1.96700e+03 4.78590e-12 0.00000e+00
1.96800e+03 4.50357e-12 0.00000e+00
1.96900e+03 4.67398e-12 0.00000e+00
1.97000e+03 4.38609e-12 0.00000e+00
1.97100e+03 5.14131e-12 0.00000e+00
1.97200e+03 5.15030e-12 0.00000e+00
1.97300e+03 4.72163e-12 0.00000e+00
1.97400e+03 4.94157e-12 0.00000e+00
1.97500e+03 4.87748e-12 0.00000e+00
1.97600e+03 4.55428e-12 0.00000e+00
1.97700e+03 5.74655e-12 0.00000e+00
1.97800e+03 4.75211e-12 0.00000e+00
1.97900e+03 5.63059e-12 0.00000e+00
1.98000e+03 4.46814e-12 0.00000e+00
1.98100e+03 4.73733e-12 0.00000e+00
1.98200e+03 5.48734e-12 0.00000e+00
1.98300e+03 4.49329e-12 0.00000e+00
1.98400e+03 4.14978e-12 0.00000e+00
1.98500e+03 5.11823e-12 0.00000e+00
1.98600e+03 4.73121e-12 0.00000e+00
1.98700e+03 4.53476e-12 0.00000e+00
1.98800e+03 5.24009e-12 0.00000e+00
1.98900e+03 4.59474e-12 0.00000e+00
1.99000e+03 4.43354e-12 0.00000e+00
1.99100e+03 5.12610e-12 0.00000e+00
1.99200e+03 4.56683e-12 0.00000e+00
1.99300e+03 4.62969e-12 0.00000e+00
1.99400e+03 4.72445e-12 0.00000e+00
1.99500e+03 3.82859e-12 0.00000e+00
1.99600e+03 4.92206e-12 0.00000e+00
1.99700e+03 4.13385e-12 0.00000e+00
1.99800e+03 4.45817e-12 0.00000e+00
1.99900e+03 4.89499e-12 0.00000e+00
2.00000e+03 5.01442e-12 0.00000e+00
