0.00000e+00 0.00000e+00 0.00000e+00
1.00000e+00 0.00000e+00 0.00000e+00
2.00000e+00 0.00000e+00 0.00000e+00
3.00000e+00 0.00000e+00 0.00000e+00
4.00000e+00 0.00000e+00 0.00000e+00
5.00000e+00 0.00000e+00 0.00000e+00
6.00000e+00 0.00000e+00 0.00000e+00
7.00000e+00 0.00000e+00 0.00000e+00
8.00000e+00 0.00000e+00 0.00000e+00
9.00000e+00 0.00000e+00 0.00000e+00
1.00000e+01 0.00000e+00 0.00000e+00
1.10000e+01 0.00000e+00 0.00000e+00
1.20000e+01 0.00000e+00 0.00000e+00
1.30000e+01 0.00000e+00 0.00000e+00
1.40000e+01 0.00000e+00 0.00000e+00
1.50000e+01 0.00000e+00 0.00000e+00
1.60000e+01 0.00000e+00 0.00000e+00
1.70000e+01 0.00000e+00 0.00000e+00
1.80000e+01 0.00000e+00 0.00000e+00
1.90000e+01 0.00000e+00 0.00000e+00
2.00000e+01 0.00000e+00 0.00000e+00
2.10000e+01 0.00000e+00 0.00000e+00
2.20000e+01 0.00000e+00 0.00000e+00
2.30000e+01 0.00000e+00 0.00000e+00
2.40000e+01 0.00000e+00 0.00000e+00
2.50000e+01 0.00000e+00 0.00000e+00
2.60000e+01 0.00000e+00 0.00000e+00
2.70000e+01 0.00000e+00 0.00000e+00
2.80000e+01 0.00000e+00 0.00000e+00
2.90000e+01 0.00000e+00 0.00000e+00
3.00000e+01 0.00000e+00 0.00000e+00
3.10000e+01 0.00000e+00 0.00000e+00
3.20000e+01 0.00000e+00 0.00000e+00
3.30000e+01 0.00000e+00 0.00000e+00
3.40000e+01 0.00000e+00 0.00000e+00
3.50000e+01 0.00000e+00 0.00000e+00
3.60000e+01 0.00000e+00 0.00000e+00
3.70000e+01 0.00000e+00 0.00000e+00
3.80000e+01 0.00000e+00 0.00000e+00
3.90000e+01 0.00000e+00 0.00000e+00
4.00000e+01 0.00000e+00 0.00000e+00
4.10000e+01 0.00000e+00 0.00000e+00
4.20000e+01 0.00000e+00 0.00000e+00
4.30000e+01 0.00000e+00 0.00000e+00
4.40000e+01 0.00000e+00 0.00000e+00
4.50000e+01 0.00000e+00 0.00000e+00
4.60000e+01 0.00000e+00 0.00000e+00
4.70000e+01 0.00000e+00 0.00000e+00
4.80000e+01 0.00000e+00 0.00000e+00
4.90000e+01 0.00000e+00 0.00000e+00
5.00000e+01 0.00000e+00 0.00000e+00
5.10000e+01 0.00000e+00 0.00000e+00
5.20000e+01 0.00000e+00 0.00000e+00
5.30000e+01 0.00000e+00 0.00000e+00
5.40000e+01 0.00000e+00 0.00000e+00
5.50000e+01 0.00000e+00 0.00000e+00
5.60000e+01 0.00000e+00 0.00000e+00
5.70000e+01 0.00000e+00 0.00000e+00
5.80000e+01 0.00000e+00 0.00000e+00
5.90000e+01 0.00000e+00 0.00000e+00
6.00000e+01 0.00000e+00 0.00000e+00
6.10000e+01 0.00000e+00 0.00000e+00
6.20000e+01 0.00000e+00 0.00000e+00
6.30000e+01 0.00000e+00 0.00000e+00
6.40000e+01 0.00000e+00 0.00000e+00
6.50000e+01 0.00000e+00 0.00000e+00
6.60000e+01 0.00000e+00 0.00000e+00
6.70000e+01 0.00000e+00 0.00000e+00
6.80000e+01 0.00000e+00 0.00000e+00
6.90000e+01 0.00000e+00 0.00000e+00
7.00000e+01 0.00000e+00 0.00000e+00
7.10000e+01 0.00000e+00 0.00000e+00
7.20000e+01 0.00000e+00 0.00000e+00
7.30000e+01 0.00000e+00 0.00000e+00
7.40000e+01 0.00000e+00 0.00000e+00
7.50000e+01 0.00000e+00 0.00000e+00
7.60000e+01 0.00000e+00 0.00000e+00
7.70000e+01 0.00000e+00 0.00000e+00
7.80000e+01 0.00000e+00 0.00000e+00
7.90000e+01 0.00000e+00 0.00000e+00
8.00000e+01 0.00000e+00 0.00000e+00
8.10000e+01 0.00000e+00 0.00000e+00
8.20000e+01 0.00000e+00 0.00000e+00
8.30000e+01 0.00000e+00 0.00000e+00
8.40000e+01 0.00000e+00 0.00000e+00
8.50000e+01 0.00000e+00 0.00000e+00
8.60000e+01 0.00000e+00 0.00000e+00
8.70000e+01 0.00000e+00 0.00000e+00
8.80000e+01 0.00000e+00 0.00000e+00
8.90000e+01 0.00000e+00 0.00000e+00
9.00000e+01 0.00000e+00 0.00000e+00
9.10000e+01 0.00000e+00 0.00000e+00
9.20000e+01 0.00000e+00 0.00000e+00
9.30000e+01 0.00000e+00 0.00000e+00
9.40000e+01 0.00000e+00 0.00000e+00
9.50000e+01 0.00000e+00 0.00000e+00
9.60000e+01 0.00000e+00 0.00000e+00
9.70000e+01 0.00000e+00 0.00000e+00
9.80000e+01 0.00000e+00 0.00000e+00
9.90000e+01 0.00000e+00 0.00000e+00
1.00000e+02 6.69513e-11 0.00000e+00
1.01000e+02 8.55404e-11 0.00000e+00
1.02000e+02 8.04616e-11 0.00000e+00
1.03000e+02 7.43639e-11 0.00000e+00
1.04000e+02 6.60527e-11 0.00000e+00
1.05000e+02 5.96146e-11 0.00000e+00
1.06000e+02 7.40430e-11 0.00000e+00
1.07000e+02 8.75857e-11 0.00000e+00
1.08000e+02 8.42229e-11 0.00000e+00
1.09000e+02 8.61017e-11 0.00000e+00
1.10000e+02 8.61345e-11 0.00000e+00
1.11000e+02 8.16068e-11 0.00000e+00
1.12000e+02 7.45080e-11 0.00000e+00
1.13000e+02 1.05580e-10 0.00000e+00
1.14000e+02 8.72577e-11 0.00000e+00
1.15000e+02 9.53329e-11 0.00000e+00
1.16000e+02 7.38375e-11 0.00000e+00
1.17000e+02 8.34752e-11 0.00000e+00
1.18000e+02 6.66765e-11 0.00000e+00
1.19000e+02 7.03619e-11 0.00000e+00
1.20000e+02 8.33813e-11 0.00000e+00
1.21000e+02 7.50445e-11 0.00000e+00
1.22000e+02 7.13064e-11 0.00000e+00
1.23000e+02 7.21142e-11 0.00000e+00
1.24000e+02 7.40911e-11 0.00000e+00
1.25000e+02 4.98789e-11 0.00000e+00
1.26000e+02 6.46817e-11 0.00000e+00
1.27000e+02 7.53383e-11 0.00000e+00
1.28000e+02 6.04959e-11 0.00000e+00
1.29000e+02 5.25931e-11 0.00000e+00
1.30000e+02 4.64657e-11 0.00000e+00
1.31000e+02 7.64332e-11 0.00000e+00
1.32000e+02 5.30387e-11 0.00000e+00
1.33000e+02 6.90447e-11 0.00000e+00
1.34000e+02 6.41551e-11 0.00000e+00
1.35000e+02 5.48878e-11 0.00000e+00
1.36000e+02 6.84296e-11 0.00000e+00
1.37000e+02 5.16638e-11 0.00000e+00
1.38000e+02 6.67403e-11 0.00000e+00
1.39000e+02 5.60193e-11 0.00000e+00
1.40000e+02 6.23450e-11 0.00000e+00
1.41000e+02 7.30088e-11 0.00000e+00
1.42000e+02 5.68364e-11 0.00000e+00
1.43000e+02 6.21087e-11 0.00000e+00
1.44000e+02 6.91898e-11 0.00000e+00
1.45000e+02 5.89344e-11 0.00000e+00
1.46000e+02 5.68306e-11 0.00000e+00
1.47000e+02 4.74421e-11 0.00000e+00
1.48000e+02 5.22759e-11 0.00000e+00
1.49000e+02 5.78467e-11 0.00000e+00
1.50000e+02 7.20338e-11 0.00000e+00
1.51000e+02 5.04617e-11 0.00000e+00
1.52000e+02 4.08094e-11 0.00000e+00
1.53000e+02 3.22257e-11 0.00000e+00
1.54000e+02 6.66990e-11 0.00000e+00
1.55000e+02 5.46475e-11 0.00000e+00
1.56000e+02 4.39131e-11 0.00000e+00
1.57000e+02 6.12764e-11 0.00000e+00
1.58000e+02 5.31588e-11 0.00000e+00
1.59000e+02 4.70673e-11 0.00000e+00
1.60000e+02 5.27890e-11 0.00000e+00
1.61000e+02 4.62794e-11 0.00000e+00
1.62000e+02 5.92486e-11 0.00000e+00
1.63000e+02 4.94409e-11 0.00000e+00
1.64000e+02 6.05388e-11 0.00000e+00
1.65000e+02 4.37429e-11 0.00000e+00
1.66000e+02 4.82917e-11 0.00000e+00
1.67000e+02 6.25336e-11 0.00000e+00
1.68000e+02 4.09787e-11 0.00000e+00
1.69000e+02 5.28103e-11 0.00000e+00
1.70000e+02 6.29861e-11 0.00000e+00
1.71000e+02 4.59004e-11 0.00000e+00
1.72000e+02 4.90646e-11 0.00000e+00
1.73000e+02 4.95795e-11 0.00000e+00
1.74000e+02 3.89822e-11 0.00000e+00
1.75000e+02 3.99844e-11 0.00000e+00
1.76000e+02 5.57444e-11 0.00000e+00
1.77000e+02 4.36179e-11 0.00000e+00
1.78000e+02 3.95324e-11 0.00000e+00
1.79000e+02 4.26506e-11 0.00000e+00
1.80000e+02 5.33414e-11 0.00000e+00
1.81000e+02 4.78441e-11 0.00000e+00
1.82000e+02 5.82560e-11 0.00000e+00
1.83000e+02 4.25669e-11 0.00000e+00
1.84000e+02 5.65304e-11 0.00000e+00
1.85000e+02 4.33417e-11 0.00000e+00
1.86000e+02 4.57886e-11 0.00000e+00
1.87000e+02 3.77667e-11 0.00000e+00
1.88000e+02 4.85643e-11 0.00000e+00
1.89000e+02 4.66445e-11 0.00000e+00
1.90000e+02 3.16912e-11 0.00000e+00
1.91000e+02 3.73769e-11 0.00000e+00
1.92000e+02 3.72778e-11 0.00000e+00
1.93000e+02 4.35265e-11 0.00000e+00
1.94000e+02 3.61733e-11 0.00000e+00
1.95000e+02 3.16685e-11 0.00000e+00
1.96000e+02 3.91146e-11 0.00000e+00
1.97000e+02 2.79663e-11 0.00000e+00
1.98000e+02 4.58315e-11 0.00000e+00
1.99000e+02 3.73385e-11 0.00000e+00
2.00000e+02 3.66071e-11 0.00000e+00
2.01000e+02 3.77583e-11 0.00000e+00
2.02000e+02 3.28757e-11 0.00000e+00
2.03000e+02 3.57179e-11 0.00000e+00
2.04000e+02 3.59923e-11 0.00000e+00
2.05000e+02 3.31618e-11 0.00000e+00
2.06000e+02 4.64205e-11 0.00000e+00
2.07000e+02 3.12817e-11 0.00000e+00
2.08000e+02 3.71248e-11 0.00000e+00
2.09000e+02 3.22309e-11 0.00000e+00
2.10000e+02 4.87497e-11 0.00000e+00
2.11000e+02 2.93175e-11 0.00000e+00
2.12000e+02 3.80798e-11 0.00000e+00
2.13000e+02 2.65801e-11 0.00000e+00
2.14000e+02 3.45651e-11 0.00000e+00
2.15000e+02 3.78168e-11 0.00000e+00
2.16000e+02 4.28440e-11 0.00000e+00
2.17000e+02 4.24997e-11 0.00000e+00
2.18000e+02 4.16059e-11 0.00000e+00
2.19000e+02 3.63606e-11 0.00000e+00
2.20000e+02 3.21773e-11 0.00000e+00
2.21000e+02 3.80045e-11 0.00000e+00
2.22000e+02 3.94169e-11 0.00000e+00
2.23000e+02 3.09335e-11 0.00000e+00
2.24000e+02 3.87170e-11 0.00000e+00
2.25000e+02 3.95542e-11 0.00000e+00
2.26000e+02 3.82842e-11 0.00000e+00
2.27000e+02 3.82373e-11 0.00000e+00
2.28000e+02 3.32067e-11 0.00000e+00
2.29000e+02 3.86012e-11 0.00000e+00
2.30000e+02 3.59919e-11 0.00000e+00
2.31000e+02 3.63145e-11 0.00000e+00
2.32000e+02 3.68885e-11 0.00000e+00
2.33000e+02 3.48682e-11 0.00000e+00
2.34000e+02 3.41142e-11 0.00000e+00
2.35000e+02 3.22972e-11 0.00000e+00
2.36000e+02 2.85519e-11 0.00000e+00
2.37000e+02 3.19052e-11 0.00000e+00
2.38000e+02 3.26069e-11 0.00000e+00
2.39000e+02 3.81837e-11 0.00000e+00
2.40000e+02 3.18759e-11 0.00000e+00
2.41000e+02 3.99969e-11 0.00000e+00
2.42000e+02 4.36228e-11 0.00000e+00
2.43000e+02 3.06543e-11 0.00000e+00
2.44000e+02 3.19289e-11 0.00000e+00
2.45000e+02 4.17040e-11 0.00000e+00
2.46000e+02 3.58660e-11 0.00000e+00
2.47000e+02 2.90096e-11 0.00000e+00
2.48000e+02 3.42582e-11 0.00000e+00
2.49000e+02 3.79527e-11 0.00000e+00
2.50000e+02 3.49860e-11 0.00000e+00
2.51000e+02 4.06024e-11 0.00000e+00
2.52000e+02 2.85119e-11 0.00000e+00
2.53000e+02 2.61250e-11 0.00000e+00
2.54000e+02 2.63316e-11 0.00000e+00
2.55000e+02 3.11403e-11 0.00000e+00
2.56000e+02 3.46474e-11 0.00000e+00
2.57000e+02 3.62841e-11 0.00000e+00
2.58000e+02 3.16464e-11 0.00000e+00
2.59000e+02 3.34917e-11 0.00000e+00
2.60000e+02 3.82746e-11 0.00000e+00
2.61000e+02 3.17637e-11 0.00000e+00
2.62000e+02 2.66278e-11 0.00000e+00
2.63000e+02 3.63850e-11 0.00000e+00
2.64000e+02 3.04386e-11 0.00000e+00
2.65000e+02 3.27265e-11 0.00000e+00
2.66000e+02 2.94654e-11 0.00000e+00
2.67000e+02 3.50861e-11 0.00000e+00
2.68000e+02 2.80946e-11 0.00000e+00
2.69000e+02 2.97138e-11 0.00000e+00
2.70000e+02 3.42276e-11 0.00000e+00
2.71000e+02 2.80762e-11 0.00000e+00
2.72000e+02 2.51893e-11 0.00000e+00
2.73000e+02 3.08781e-11 0.00000e+00
2.74000e+02 3.15891e-11 0.00000e+00
2.75000e+02 3.58885e-11 0.00000e+00
2.76000e+02 2.55532e-11 0.00000e+00
2.77000e+02 2.53897e-11 0.00000e+00
2.78000e+02 2.70726e-11 0.00000e+00
2.79000e+02 2.78580e-11 0.00000e+00
2.80000e+02 2.78947e-11 0.00000e+00
2.81000e+02 3.08072e-11 0.00000e+00
2.82000e+02 2.92429e-11 0.00000e+00
2.83000e+02 2.57332e-11 0.00000e+00
2.84000e+02 2.84650e-11 0.00000e+00
2.85000e+02 3.34719e-11 0.00000e+00
2.86000e+02 3.53175e-11 0.00000e+00
2.87000e+02 3.37508e-11 0.00000e+00
2.88000e+02 2.90946e-11 0.00000e+00
2.89000e+02 2.72064e-11 0.00000e+00
2.90000e+02 3.42884e-11 0.00000e+00
2.91000e+02 3.05885e-11 0.00000e+00
2.92000e+02 2.86248e-11 0.00000e+00
2.93000e+02 2.44333e-11 0.00000e+00
2.94000e+02 2.91786e-11 0.00000e+00
2.95000e+02 3.09013e-11 0.00000e+00
2.96000e+02 2.94737e-11 0.00000e+00
2.97000e+02 2.58792e-11 0.00000e+00
2.98000e+02 3.15406e-11 0.00000e+00
2.99000e+02 2.92544e-11 0.00000e+00
3.00000e+02 2.60757e-11 0.00000e+00
3.01000e+02 2.78268e-11 0.00000e+00
3.02000e+02 3.14966e-11 0.00000e+00
3.03000e+02 2.65791e-11 0.00000e+00
3.04000e+02 3.23475e-11 0.00000e+00
3.05000e+02 2.60178e-11 0.00000e+00
3.06000e+02 3.25466e-11 0.00000e+00
3.07000e+02 2.77860e-11 0.00000e+00
3.08000e+02 3.00039e-11 0.00000e+00
3.09000e+02 3.11230e-11 0.00000e+00
3.10000e+02 3.21508e-11 0.00000e+00
3.11000e+02 2.01065e-11 0.00000e+00
3.12000e+02 2.82652e-11 0.00000e+00
3.13000e+02 2.71454e-11 0.00000e+00
3.14000e+02 2.19304e-11 0.00000e+00
3.15000e+02 2.67198e-11 0.00000e+00
3.16000e+02 2.91478e-11 0.00000e+00
3.17000e+02 2.27790e-11 0.00000e+00
3.18000e+02 2.38926e-11 0.00000e+00
3.19000e+02 2.36925e-11 0.00000e+00
3.20000e+02 2.36396e-11 0.00000e+00
3.21000e+02 2.55164e-11 0.00000e+00
3.22000e+02 2.89388e-11 0.00000e+00
3.23000e+02 2.78213e-11 0.00000e+00
3.24000e+02 2.39554e-11 0.00000e+00
3.25000e+02 2.28654e-11 0.00000e+00
3.26000e+02 2.69320e-11 0.00000e+00
3.27000e+02 2.77205e-11 0.00000e+00
3.28000e+02 2.26825e-11 0.00000e+00
3.29000e+02 2.42830e-11 0.00000e+00
3.30000e+02 2.33668e-11 0.00000e+00
3.31000e+02 2.89108e-11 0.00000e+00
3.32000e+02 2.16768e-11 0.00000e+00
3.33000e+02 2.65969e-11 0.00000e+00
3.34000e+02 2.89404e-11 0.00000e+00
3.35000e+02 2.58540e-11 0.00000e+00
3.36000e+02 2.91101e-11 0.00000e+00
3.37000e+02 2.83027e-11 0.00000e+00
3.38000e+02 2.07347e-11 0.00000e+00
3.39000e+02 2.39610e-11 0.00000e+00
3.40000e+02 2.38751e-11 0.00000e+00
3.41000e+02 2.68353e-11 0.00000e+00
3.42000e+02 2.20465e-11 0.00000e+00
3.43000e+02 2.56234e-11 0.00000e+00
3.44000e+02 2.56934e-11 0.00000e+00
3.45000e+02 2.20652e-11 0.00000e+00
3.46000e+02 2.93930e-11 0.00000e+00
3.47000e+02 1.63971e-11 0.00000e+00
3.48000e+02 2.14703e-11 0.00000e+00
3.49000e+02 2.24688e-11 0.00000e+00
3.50000e+02 2.35046e-11 0.00000e+00
3.51000e+02 2.20704e-11 0.00000e+00
3.52000e+02 2.91642e-11 0.00000e+00
3.53000e+02 2.18403e-11 0.00000e+00
3.54000e+02 2.36852e-11 0.00000e+00
3.55000e+02 2.35651e-11 0.00000e+00
3.56000e+02 2.48044e-11 0.00000e+00
3.57000e+02 1.96154e-11 0.00000e+00
3.58000e+02 2.59348e-11 0.00000e+00
3.59000e+02 2.25342e-11 0.00000e+00
3.60000e+02 2.01643e-11 0.00000e+00
3.61000e+02 2.32827e-11 0.00000e+00
3.62000e+02 2.70088e-11 0.00000e+00
3.63000e+02 2.30907e-11 0.00000e+00
3.64000e+02 1.96217e-11 0.00000e+00
3.65000e+02 2.28890e-11 0.00000e+00
3.66000e+02 2.34371e-11 0.00000e+00
3.67000e+02 2.46690e-11 0.00000e+00
3.68000e+02 2.84637e-11 0.00000e+00
3.69000e+02 2.32805e-11 0.00000e+00
3.70000e+02 2.27644e-11 0.00000e+00
3.71000e+02 2.08572e-11 0.00000e+00
3.72000e+02 2.53239e-11 0.00000e+00
3.73000e+02 2.30399e-11 0.00000e+00
3.74000e+02 2.41723e-11 0.00000e+00
3.75000e+02 2.53346e-11 0.00000e+00
3.76000e+02 2.28744e-11 0.00000e+00
3.77000e+02 2.14169e-11 0.00000e+00
3.78000e+02 2.57388e-11 0.00000e+00
3.79000e+02 1.86913e-11 0.00000e+00
3.80000e+02 2.32438e-11 0.00000e+00
3.81000e+02 2.07695e-11 0.00000e+00
3.82000e+02 2.26147e-11 0.00000e+00
3.83000e+02 3.01680e-11 0.00000e+00
3.84000e+02 2.17499e-11 0.00000e+00
3.85000e+02 2.13734e-11 0.00000e+00
3.86000e+02 2.15803e-11 0.00000e+00
3.87000e+02 2.42590e-11 0.00000e+00
3.88000e+02 2.14275e-11 0.00000e+00
3.89000e+02 2.09945e-11 0.00000e+00
3.90000e+02 2.22003e-11 0.00000e+00
3.91000e+02 2.07796e-11 0.00000e+00
3.92000e+02 2.57237e-11 0.00000e+00
3.93000e+02 2.26529e-11 0.00000e+00
3.94000e+02 1.99851e-11 0.00000e+00
3.95000e+02 2.02854e-11 0.00000e+00
3.96000e+02 2.30871e-11 0.00000e+00
3.97000e+02 2.44709e-11 0.00000e+00
3.98000e+02 2.65479e-11 0.00000e+00
3.99000e+02 1.99839e-11 0.00000e+00
4.00000e+02 2.06298e-11 0.00000e+00
4.01000e+02 2.22776e-11 0.00000e+00
4.02000e+02 2.24931e-11 0.00000e+00
4.03000e+02 2.46300e-11 0.00000e+00
4.04000e+02 2.26095e-11 0.00000e+00
4.05000e+02 2.23182e-11 0.00000e+00
4.06000e+02 2.06348e-11 0.00000e+00
4.07000e+02 2.65630e-11 0.00000e+00
4.08000e+02 2.18202e-11 0.00000e+00
4.09000e+02 2.12831e-11 0.00000e+00
4.10000e+02 1.95801e-11 0.00000e+00
4.11000e+02 2.29531e-11 0.00000e+00
4.12000e+02 1.78685e-11 0.00000e+00
4.13000e+02 2.24403e-11 0.00000e+00
4.14000e+02 2.10679e-11 0.00000e+00
4.15000e+02 1.94684e-11 0.00000e+00
4.16000e+02 1.70955e-11 0.00000e+00
4.17000e+02 1.77439e-11 0.00000e+00
4.18000e+02 1.66016e-11 0.00000e+00
4.19000e+02 2.29429e-11 0.00000e+00
4.20000e+02 1.92142e-11 0.00000e+00
4.21000e+02 1.88673e-11 0.00000e+00
4.22000e+02 1.84118e-11 0.00000e+00
4.23000e+02 1.78061e-11 0.00000e+00
4.24000e+02 2.09617e-11 0.00000e+00
4.25000e+02 1.85459e-11 0.00000e+00
4.26000e+02 1.88853e-11 0.00000e+00
4.27000e+02 2.01541e-11 0.00000e+00
4.28000e+02 1.73677e-11 0.00000e+00
4.29000e+02 1.68650e-11 0.00000e+00
4.30000e+02 1.94099e-11 0.00000e+00
4.31000e+02 1.91495e-11 0.00000e+00
4.32000e+02 2.01735e-11 0.00000e+00
4.33000e+02 1.67784e-11 0.00000e+00
4.34000e+02 2.33169e-11 0.00000e+00
4.35000e+02 1.90723e-11 0.00000e+00
4.36000e+02 1.84214e-11 0.00000e+00
4.37000e+02 2.15360e-11 0.00000e+00
4.38000e+02 1.86521e-11 0.00000e+00
4.39000e+02 2.00564e-11 0.00000e+00
4.40000e+02 1.93711e-11 0.00000e+00
4.41000e+02 1.57387e-11 0.00000e+00
4.42000e+02 1.96575e-11 0.00000e+00
4.43000e+02 1.88923e-11 0.00000e+00
4.44000e+02 2.00684e-11 0.00000e+00
4.45000e+02 2.05489e-11 0.00000e+00
4.46000e+02 1.92263e-11 0.00000e+00
4.47000e+02 1.78033e-11 0.00000e+00
4.48000e+02 1.80782e-11 0.00000e+00
4.49000e+02 1.98790e-11 0.00000e+00
4.50000e+02 1.94968e-11 0.00000e+00
4.51000e+02 1.85560e-11 0.00000e+00
4.52000e+02 2.25139e-11 0.00000e+00
4.53000e+02 2.19765e-11 0.00000e+00
4.54000e+02 1.82776e-11 0.00000e+00
4.55000e+02 1.96019e-11 0.00000e+00
4.56000e+02 1.78783e-11 0.00000e+00
4.57000e+02 1.97327e-11 0.00000e+00
4.58000e+02 1.79181e-11 0.00000e+00
4.59000e+02 1.96614e-11 0.00000e+00
4.60000e+02 1.70147e-11 0.00000e+00
4.61000e+02 1.99244e-11 0.00000e+00
4.62000e+02 2.08968e-11 0.00000e+00
4.63000e+02 1.82035e-11 0.00000e+00
4.64000e+02 1.69513e-11 0.00000e+00
4.65000e+02 1.72888e-11 0.00000e+00
4.66000e+02 1.63937e-11 0.00000e+00
4.67000e+02 1.66188e-11 0.00000e+00
4.68000e+02 1.92737e-11 0.00000e+00
4.69000e+02 1.59838e-11 0.00000e+00
4.70000e+02 1.75369e-11 0.00000e+00
4.71000e+02 1.47842e-11 0.00000e+00
4.72000e+02 2.00296e-11 0.00000e+00
4.73000e+02 1.92572e-11 0.00000e+00
4.74000e+02 1.84853e-11 0.00000e+00
4.75000e+02 1.96105e-11 0.00000e+00
4.76000e+02 1.75179e-11 0.00000e+00
4.77000e+02 1.60659e-11 0.00000e+00
4.78000e+02 1.74912e-11 0.00000e+00
4.79000e+02 1.97052e-11 0.00000e+00
4.80000e+02 1.82745e-11 0.00000e+00
4.81000e+02 1.74293e-11 0.00000e+00
4.82000e+02 1.88853e-11 0.00000e+00
4.83000e+02 1.75133e-11 0.00000e+00
4.84000e+02 1.91162e-11 0.00000e+00
4.85000e+02 1.79816e-11 0.00000e+00
4.86000e+02 1.65781e-11 0.00000e+00
4.87000e+02 1.78562e-11 0.00000e+00
4.88000e+02 1.47614e-11 0.00000e+00
4.89000e+02 1.75448e-11 0.00000e+00
4.90000e+02 1.90742e-11 0.00000e+00
4.91000e+02 1.72548e-11 0.00000e+00
4.92000e+02 1.81803e-11 0.00000e+00
4.93000e+02 2.09491e-11 0.00000e+00
4.94000e+02 2.02388e-11 0.00000e+00
4.95000e+02 1.72020e-11 0.00000e+00
4.96000e+02 1.86715e-11 0.00000e+00
4.97000e+02 1.77072e-11 0.00000e+00
4.98000e+02 1.83599e-11 0.00000e+00
4.99000e+02 1.77185e-11 0.00000e+00
5.00000e+02 1.80116e-11 0.00000e+00
5.01000e+02 1.79574e-11 0.00000e+00
5.02000e+02 1.85014e-11 0.00000e+00
5.03000e+02 1.72521e-11 0.00000e+00
5.04000e+02 1.70275e-11 0.00000e+00
5.05000e+02 1.78690e-11 0.00000e+00
5.06000e+02 1.53945e-11 0.00000e+00
5.07000e+02 1.70855e-11 0.00000e+00
5.08000e+02 1.94775e-11 0.00000e+00
5.09000e+02 1.70693e-11 0.00000e+00
5.10000e+02 1.73352e-11 0.00000e+00
5.11000e+02 1.77072e-11 0.00000e+00
5.12000e+02 1.86772e-11 0.00000e+00
5.13000e+02 1.65071e-11 0.00000e+00
5.14000e+02 1.57742e-11 0.00000e+00
5.15000e+02 1.77154e-11 0.00000e+00
5.16000e+02 1.44303e-11 0.00000e+00
5.17000e+02 1.72685e-11 0.00000e+00
5.18000e+02 1.51766e-11 0.00000e+00
5.19000e+02 1.81105e-11 0.00000e+00
5.20000e+02 1.65943e-11 0.00000e+00
5.21000e+02 1.67639e-11 0.00000e+00
5.22000e+02 1.63374e-11 0.00000e+00
5.23000e+02 1.58562e-11 0.00000e+00
5.24000e+02 1.44756e-11 0.00000e+00
5.25000e+02 1.69455e-11 0.00000e+00
5.26000e+02 1.38468e-11 0.00000e+00
5.27000e+02 1.50653e-11 0.00000e+00
5.28000e+02 1.74826e-11 0.00000e+00
5.29000e+02 1.72861e-11 0.00000e+00
5.30000e+02 1.55533e-11 0.00000e+00
5.31000e+02 1.47703e-11 0.00000e+00
5.32000e+02 1.37311e-11 0.00000e+00
5.33000e+02 1.67686e-11 0.00000e+00
5.34000e+02 1.72350e-11 0.00000e+00
5.35000e+02 1.50194e-11 0.00000e+00
5.36000e+02 1.71166e-11 0.00000e+00
5.37000e+02 1.46091e-11 0.00000e+00
5.38000e+02 1.40454e-11 0.00000e+00
5.39000e+02 1.68316e-11 0.00000e+00
5.40000e+02 1.78314e-11 0.00000e+00
5.41000e+02 1.79416e-11 0.00000e+00
5.42000e+02 1.64362e-11 0.00000e+00
5.43000e+02 1.35175e-11 0.00000e+00
5.44000e+02 1.44508e-11 0.00000e+00
5.45000e+02 1.93387e-11 0.00000e+00
5.46000e+02 1.56358e-11 0.00000e+00
5.47000e+02 1.51959e-11 0.00000e+00
5.48000e+02 1.58248e-11 0.00000e+00
5.49000e+02 1.60916e-11 0.00000e+00
5.50000e+02 1.55258e-11 0.00000e+00
5.51000e+02 1.50264e-11 0.00000e+00
5.52000e+02 1.71947e-11 0.00000e+00
5.53000e+02 1.46226e-11 0.00000e+00
5.54000e+02 1.45618e-11 0.00000e+00
5.55000e+02 1.28042e-11 0.00000e+00
5.56000e+02 1.87319e-11 0.00000e+00
5.57000e+02 1.50317e-11 0.00000e+00
5.58000e+02 1.40796e-11 0.00000e+00
5.59000e+02 1.69609e-11 0.00000e+00
5.60000e+02 1.52572e-11 0.00000e+00
5.61000e+02 1.67338e-11 0.00000e+00
5.62000e+02 1.49795e-11 0.00000e+00
5.63000e+02 1.58539e-11 0.00000e+00
5.64000e+02 1.49085e-11 0.00000e+00
5.65000e+02 1.50623e-11 0.00000e+00
5.66000e+02 1.24424e-11 0.00000e+00
5.67000e+02 1.55448e-11 0.00000e+00
5.68000e+02 1.28468e-11 0.00000e+00
5.69000e+02 1.28418e-11 0.00000e+00
5.70000e+02 1.50558e-11 0.00000e+00
5.71000e+02 1.60929e-11 0.00000e+00
5.72000e+02 1.59868e-11 0.00000e+00
5.73000e+02 1.63138e-11 0.00000e+00
5.74000e+02 1.40127e-11 0.00000e+00
5.75000e+02 1.37608e-11 0.00000e+00
5.76000e+02 1.40798e-11 0.00000e+00
5.77000e+02 1.37018e-11 0.00000e+00
5.78000e+02 1.42364e-11 0.00000e+00
5.79000e+02 1.59270e-11 0.00000e+00
5.80000e+02 1.29683e-11 0.00000e+00
5.81000e+02 1.42455e-11 0.00000e+00
5.82000e+02 1.22235e-11 0.00000e+00
5.83000e+02 1.35647e-11 0.00000e+00
5.84000e+02 1.43557e-11 0.00000e+00
5.85000e+02 1.59765e-11 0.00000e+00
5.86000e+02 1.39030e-11 0.00000e+00
5.87000e+02 1.46725e-11 0.00000e+00
5.88000e+02 1.29871e-11 0.00000e+00
5.89000e+02 1.43730e-11 0.00000e+00
5.90000e+02 1.42634e-11 0.00000e+00
5.91000e+02 1.51243e-11 0.00000e+00
5.92000e+02 1.52913e-11 0.00000e+00
5.93000e+02 1.69859e-11 0.00000e+00
5.94000e+02 1.52292e-11 0.00000e+00
5.95000e+02 1.47430e-11 0.00000e+00
5.96000e+02 1.49329e-11 0.00000e+00
5.97000e+02 1.32832e-11 0.00000e+00
5.98000e+02 1.30922e-11 0.00000e+00
5.99000e+02 1.38969e-11 0.00000e+00
6.00000e+02 1.43799e-11 0.00000e+00
6.01000e+02 1.33401e-11 0.00000e+00
6.02000e+02 1.43064e-11 0.00000e+00
6.03000e+02 1.33068e-11 0.00000e+00
6.04000e+02 1.36800e-11 0.00000e+00
6.05000e+02 1.32997e-11 0.00000e+00
6.06000e+02 1.23362e-11 0.00000e+00
6.07000e+02 1.45143e-11 0.00000e+00
6.08000e+02 1.44957e-11 0.00000e+00
6.09000e+02 1.20725e-11 0.00000e+00
6.10000e+02 1.49439e-11 0.00000e+00
6.11000e+02 1.26245e-11 0.00000e+00
6.12000e+02 1.44709e-11 0.00000e+00
6.13000e+02 1.45619e-11 0.00000e+00
6.14000e+02 1.49764e-11 0.00000e+00
6.15000e+02 1.32397e-11 0.00000e+00
6.16000e+02 1.33585e-11 0.00000e+00
6.17000e+02 1.39571e-11 0.00000e+00
6.18000e+02 1.40132e-11 0.00000e+00
6.19000e+02 1.29614e-11 0.00000e+00
6.20000e+02 1.50111e-11 0.00000e+00
6.21000e+02 1.41722e-11 0.00000e+00
6.22000e+02 1.25591e-11 0.00000e+00
6.23000e+02 1.42547e-11 0.00000e+00
6.24000e+02 1.52051e-11 0.00000e+00
6.25000e+02 1.23960e-11 0.00000e+00
6.26000e+02 1.23785e-11 0.00000e+00
6.27000e+02 1.41769e-11 0.00000e+00
6.28000e+02 1.49224e-11 0.00000e+00
6.29000e+02 1.31514e-11 0.00000e+00
6.30000e+02 1.21741e-11 0.00000e+00
6.31000e+02 1.35714e-11 0.00000e+00
6.32000e+02 1.32263e-11 0.00000e+00
6.33000e+02 1.26710e-11 0.00000e+00
6.34000e+02 1.26786e-11 0.00000e+00
6.35000e+02 1.28909e-11 0.00000e+00
6.36000e+02 1.36471e-11 0.00000e+00
6.37000e+02 1.48717e-11 0.00000e+00
6.38000e+02 1.33798e-11 0.00000e+00
6.39000e+02 1.10312e-11 0.00000e+00
6.40000e+02 1.35092e-11 0.00000e+00
6.41000e+02 1.34772e-11 0.00000e+00
6.42000e+02 1.15446e-11 0.00000e+00
6.43000e+02 1.27876e-11 0.00000e+00
6.44000e+02 1.49275e-11 0.00000e+00
6.45000e+02 1.17308e-11 0.00000e+00
6.46000e+02 1.37212e-11 0.00000e+00
6.47000e+02 1.21432e-11 0.00000e+00
6.48000e+02 1.25608e-11 0.00000e+00
6.49000e+02 1.35855e-11 0.00000e+00
6.50000e+02 1.38695e-11 0.00000e+00
6.51000e+02 1.31087e-11 0.00000e+00
6.52000e+02 1.51387e-11 0.00000e+00
6.53000e+02 1.30127e-11 0.00000e+00
6.54000e+02 1.31576e-11 0.00000e+00
6.55000e+02 1.30887e-11 0.00000e+00
6.56000e+02 1.45843e-11 0.00000e+00
6.57000e+02 1.43453e-11 0.00000e+00
6.58000e+02 1.29787e-11 0.00000e+00
6.59000e+02 1.42233e-11 0.00000e+00
6.60000e+02 1.15417e-11 0.00000e+00
6.61000e+02 1.17265e-11 0.00000e+00
6.62000e+02 1.23497e-11 0.00000e+00
6.63000e+02 1.26338e-11 0.00000e+00
6.64000e+02 1.20718e-11 0.00000e+00
6.65000e+02 1.30040e-11 0.00000e+00
6.66000e+02 1.34500e-11 0.00000e+00
6.67000e+02 1.29213e-11 0.00000e+00
6.68000e+02 1.07894e-11 0.00000e+00
6.69000e+02 1.25705e-11 0.00000e+00
6.70000e+02 1.15552e-11 0.00000e+00
6.71000e+02 1.30880e-11 0.00000e+00
6.72000e+02 1.17523e-11 0.00000e+00
6.73000e+02 1.22845e-11 0.00000e+00
6.74000e+02 1.23040e-11 0.00000e+00
6.75000e+02 1.19851e-11 0.00000e+00
6.76000e+02 1.33235e-11 0.00000e+00
6.77000e+02 1.11334e-11 0.00000e+00
6.78000e+02 1.35988e-11 0.00000e+00
6.79000e+02 1.09333e-11 0.00000e+00
6.80000e+02 1.22764e-11 0.00000e+00
6.81000e+02 1.29251e-11 0.00000e+00
6.82000e+02 1.29605e-11 0.00000e+00
6.83000e+02 1.35527e-11 0.00000e+00
6.84000e+02 1.14665e-11 0.00000e+00
6.85000e+02 1.40582e-11 0.00000e+00
6.86000e+02 1.07984e-11 0.00000e+00
6.87000e+02 1.11334e-11 0.00000e+00
6.88000e+02 1.37979e-11 0.00000e+00
6.89000e+02 1.20090e-11 0.00000e+00
6.90000e+02 1.14458e-11 0.00000e+00
6.91000e+02 1.21495e-11 0.00000e+00
6.92000e+02 1.19964e-11 0.00000e+00
6.93000e+02 1.16937e-11 0.00000e+00
6.94000e+02 1.26140e-11 0.00000e+00
6.95000e+02 1.16527e-11 0.00000e+00
6.96000e+02 1.19045e-11 0.00000e+00
6.97000e+02 1.23207e-11 0.00000e+00
6.98000e+02 1.05691e-11 0.00000e+00
6.99000e+02 1.12268e-11 0.00000e+00
7.00000e+02 1.27656e-11 0.00000e+00
7.01000e+02 1.24871e-11 0.00000e+00
7.02000e+02 9.98311e-12 0.00000e+00
7.03000e+02 9.86809e-12 0.00000e+00
7.04000e+02 1.09948e-11 0.00000e+00
7.05000e+02 1.18078e-11 0.00000e+00
7.06000e+02 1.19110e-11 0.00000e+00
7.07000e+02 1.33782e-11 0.00000e+00
7.08000e+02 1.18853e-11 0.00000e+00
7.09000e+02 1.20995e-11 0.00000e+00
7.10000e+02 1.16655e-11 0.00000e+00
7.11000e+02 1.17140e-11 0.00000e+00
7.12000e+02 1.09143e-11 0.00000e+00
7.13000e+02 1.19093e-11 0.00000e+00
7.14000e+02 1.21293e-11 0.00000e+00
7.15000e+02 1.06120e-11 0.00000e+00
7.16000e+02 1.07424e-11 0.00000e+00
7.17000e+02 1.18282e-11 0.00000e+00
7.18000e+02 1.22062e-11 0.00000e+00
7.19000e+02 1.00765e-11 0.00000e+00
7.20000e+02 1.04118e-11 0.00000e+00
7.21000e+02 1.15840e-11 0.00000e+00
7.22000e+02 1.20630e-11 0.00000e+00
7.23000e+02 9.97130e-12 0.00000e+00
7.24000e+02 1.07642e-11 0.00000e+00
7.25000e+02 1.17807e-11 0.00000e+00
7.26000e+02 1.03153e-11 0.00000e+00
7.27000e+02 1.15812e-11 0.00000e+00
7.28000e+02 1.22834e-11 0.00000e+00
7.29000e+02 1.13362e-11 0.00000e+00
7.30000e+02 1.12870e-11 0.00000e+00
7.31000e+02 1.14448e-11 0.00000e+00
7.32000e+02 1.27257e-11 0.00000e+00
7.33000e+02 1.05088e-11 0.00000e+00
7.34000e+02 1.24057e-11 0.00000e+00
7.35000e+02 1.32284e-11 0.00000e+00
7.36000e+02 1.05650e-11 0.00000e+00
7.37000e+02 1.22417e-11 0.00000e+00
7.38000e+02 1.11420e-11 0.00000e+00
7.39000e+02 1.22240e-11 0.00000e+00
7.40000e+02 1.06839e-11 0.00000e+00
7.41000e+02 1.30408e-11 0.00000e+00
7.42000e+02 1.09550e-11 0.00000e+00
7.43000e+02 1.09684e-11 0.00000e+00
7.44000e+02 9.84619e-12 0.00000e+00
7.45000e+02 1.20470e-11 0.00000e+00
7.46000e+02 1.02312e-11 0.00000e+00
7.47000e+02 1.12856e-11 0.00000e+00
7.48000e+02 9.93923e-12 0.00000e+00
7.49000e+02 1.09068e-11 0.00000e+00
7.50000e+02 1.20446e-11 0.00000e+00
7.51000e+02 1.08096e-11 0.00000e+00
7.52000e+02 1.16413e-11 0.00000e+00
7.53000e+02 1.16220e-11 0.00000e+00
7.54000e+02 1.17122e-11 0.00000e+00
7.55000e+02 1.03251e-11 0.00000e+00
7.56000e+02 1.10893e-11 0.00000e+00
7.57000e+02 1.09040e-11 0.00000e+00
7.58000e+02 1.11527e-11 0.00000e+00
7.59000e+02 1.02148e-11 0.00000e+00
7.60000e+02 1.06779e-11 0.00000e+00
7.61000e+02 1.04318e-11 0.00000e+00
7.62000e+02 1.07185e-11 0.00000e+00
7.63000e+02 9.79656e-12 0.00000e+00
7.64000e+02 1.07528e-11 0.00000e+00
7.65000e+02 1.07957e-11 0.00000e+00
7.66000e+02 9.29566e-12 0.00000e+00
7.67000e+02 1.22031e-11 0.00000e+00
7.68000e+02 1.12414e-11 0.00000e+00
7.69000e+02 9.70515e-12 0.00000e+00
7.70000e+02 1.04156e-11 0.00000e+00
7.71000e+02 1.01949e-11 0.00000e+00
7.72000e+02 1.04211e-11 0.00000e+00
7.73000e+02 1.02285e-11 0.00000e+00
7.74000e+02 1.01869e-11 0.00000e+00
7.75000e+02 1.04393e-11 0.00000e+00
7.76000e+02 9.43873e-12 0.00000e+00
7.77000e+02 1.10404e-11 0.00000e+00
7.78000e+02 1.09371e-11 0.00000e+00
7.79000e+02 9.68707e-12 0.00000e+00
7.80000e+02 9.99935e-12 0.00000e+00
7.81000e+02 1.06286e-11 0.00000e+00
7.82000e+02 1.14311e-11 0.00000e+00
7.83000e+02 9.15896e-12 0.00000e+00
7.84000e+02 8.91767e-12 0.00000e+00
7.85000e+02 1.02103e-11 0.00000e+00
7.86000e+02 9.10868e-12 0.00000e+00
7.87000e+02 1.16698e-11 0.00000e+00
7.88000e+02 1.08638e-11 0.00000e+00
7.89000e+02 9.65977e-12 0.00000e+00
7.90000e+02 1.13503e-11 0.00000e+00
7.91000e+02 1.00319e-11 0.00000e+00
7.92000e+02 9.52904e-12 0.00000e+00
7.93000e+02 9.54730e-12 0.00000e+00
7.94000e+02 1.05886e-11 0.00000e+00
7.95000e+02 9.10469e-12 0.00000e+00
7.96000e+02 1.01946e-11 0.00000e+00
7.97000e+02 9.51266e-12 0.00000e+00
7.98000e+02 9.65382e-12 0.00000e+00
7.99000e+02 9.37477e-12 0.00000e+00
8.00000e+02 9.70311e-12 0.00000e+00
8.01000e+02 1.06731e-11 0.00000e+00
8.02000e+02 1.06430e-11 0.00000e+00
8.03000e+02 8.79920e-12 0.00000e+00
8.04000e+02 1.02790e-11 0.00000e+00
8.05000e+02 9.11916e-12 0.00000e+00
8.06000e+02 1.10790e-11 0.00000e+00
8.07000e+02 9.84126e-12 0.00000e+00
8.08000e+02 9.88863e-12 0.00000e+00
8.09000e+02 9.77380e-12 0.00000e+00
8.10000e+02 1.12329e-11 0.00000e+00
8.11000e+02 1.01000e-11 0.00000e+00
8.12000e+02 8.84114e-12 0.00000e+00
8.13000e+02 9.69338e-12 0.00000e+00
8.14000e+02 1.00397e-11 0.00000e+00
8.15000e+02 9.54717e-12 0.00000e+00
8.16000e+02 9.28269e-12 0.00000e+00
8.17000e+02 9.20697e-12 0.00000e+00
8.18000e+02 9.15455e-12 0.00000e+00
8.19000e+02 1.03414e-11 0.00000e+00
8.20000e+02 1.01439e-11 0.00000e+00
8.21000e+02 9.34812e-12 0.00000e+00
8.22000e+02 9.32546e-12 0.00000e+00
8.23000e+02 1.01934e-11 0.00000e+00
8.24000e+02 9.46228e-12 0.00000e+00
8.25000e+02 9.52893e-12 0.00000e+00
8.26000e+02 9.93121e-12 0.00000e+00
8.27000e+02 1.02060e-11 0.00000e+00
8.28000e+02 8.87590e-12 0.00000e+00
8.29000e+02 9.71863e-12 0.00000e+00
8.30000e+02 1.00898e-11 0.00000e+00
8.31000e+02 9.17678e-12 0.00000e+00
8.32000e+02 9.03102e-12 0.00000e+00
8.33000e+02 8.86247e-12 0.00000e+00
8.34000e+02 9.40175e-12 0.00000e+00
8.35000e+02 1.00301e-11 0.00000e+00
8.36000e+02 9.32534e-12 0.00000e+00
8.37000e+02 9.33022e-12 0.00000e+00
8.38000e+02 9.20227e-12 0.00000e+00
8.39000e+02 9.34163e-12 0.00000e+00
8.40000e+02 8.92350e-12 0.00000e+00
8.41000e+02 9.79319e-12 0.00000e+00
8.42000e+02 8.50753e-12 0.00000e+00
8.43000e+02 9.54180e-12 0.00000e+00
8.44000e+02 8.69263e-12 0.00000e+00
8.45000e+02 1.03089e-11 0.00000e+00
8.46000e+02 1.01536e-11 0.00000e+00
8.47000e+02 8.95961e-12 0.00000e+00
8.48000e+02 9.20323e-12 0.00000e+00
8.49000e+02 8.30108e-12 0.00000e+00
8.50000e+02 8.70836e-12 0.00000e+00
8.51000e+02 9.09987e-12 0.00000e+00
8.52000e+02 9.49917e-12 0.00000e+00
8.53000e+02 9.19403e-12 0.00000e+00
8.54000e+02 9.16406e-12 0.00000e+00
8.55000e+02 9.07904e-12 0.00000e+00
8.56000e+02 9.58203e-12 0.00000e+00
8.57000e+02 8.86536e-12 0.00000e+00
8.58000e+02 9.91236e-12 0.00000e+00
8.59000e+02 9.09925e-12 0.00000e+00
8.60000e+02 8.22795e-12 0.00000e+00
8.61000e+02 8.46735e-12 0.00000e+00
8.62000e+02 8.51957e-12 0.00000e+00
8.63000e+02 9.31961e-12 0.00000e+00
8.64000e+02 8.12465e-12 0.00000e+00
8.65000e+02 8.51998e-12 0.00000e+00
8.66000e+02 8.89780e-12 0.00000e+00
8.67000e+02 9.13547e-12 0.00000e+00
8.68000e+02 8.11609e-12 0.00000e+00
8.69000e+02 9.11536e-12 0.00000e+00
8.70000e+02 9.43212e-12 0.00000e+00
8.71000e+02 8.66907e-12 0.00000e+00
8.72000e+02 8.73576e-12 0.00000e+00
8.73000e+02 9.01523e-12 0.00000e+00
8.74000e+02 7.80363e-12 0.00000e+00
8.75000e+02 8.58346e-12 0.00000e+00
8.76000e+02 7.90007e-12 0.00000e+00
8.77000e+02 8.46483e-12 0.00000e+00
8.78000e+02 8.31593e-12 0.00000e+00
8.79000e+02 8.49682e-12 0.00000e+00
8.80000e+02 8.87884e-12 0.00000e+00
8.81000e+02 8.56863e-12 0.00000e+00
8.82000e+02 8.42834e-12 0.00000e+00
8.83000e+02 7.59038e-12 0.00000e+00
8.84000e+02 9.06039e-12 0.00000e+00
8.85000e+02 8.16336e-12 0.00000e+00
8.86000e+02 8.97125e-12 0.00000e+00
8.87000e+02 8.74039e-12 0.00000e+00
8.88000e+02 8.33286e-12 0.00000e+00
8.89000e+02 8.40023e-12 0.00000e+00
8.90000e+02 7.89273e-12 0.00000e+00
8.91000e+02 8.33638e-12 0.00000e+00
8.92000e+02 8.98631e-12 0.00000e+00
8.93000e+02 8.52937e-12 0.00000e+00
8.94000e+02 8.28109e-12 0.00000e+00
8.95000e+02 8.64796e-12 0.00000e+00
8.96000e+02 8.73431e-12 0.00000e+00
8.97000e+02 8.30390e-12 0.00000e+00
8.98000e+02 8.41538e-12 0.00000e+00
8.99000e+02 8.40710e-12 0.00000e+00
9.00000e+02 8.74418e-12 0.00000e+00
9.01000e+02 8.69721e-12 0.00000e+00
9.02000e+02 8.26687e-12 0.00000e+00
9.03000e+02 8.62319e-12 0.00000e+00
9.04000e+02 8.37978e-12 0.00000e+00
9.05000e+02 8.41235e-12 0.00000e+00
9.06000e+02 8.31793e-12 0.00000e+00
9.07000e+02 8.69797e-12 0.00000e+00
9.08000e+02 7.36811e-12 0.00000e+00
9.09000e+02 7.82370e-12 0.00000e+00
9.10000e+02 8.65078e-12 0.00000e+00
9.11000e+02 7.90461e-12 0.00000e+00
9.12000e+02 8.28045e-12 0.00000e+00
9.13000e+02 7.96904e-12 0.00000e+00
9.14000e+02 8.50424e-12 0.00000e+00
9.15000e+02 8.16309e-12 0.00000e+00
9.16000e+02 8.14525e-12 0.00000e+00
9.17000e+02 7.89433e-12 0.00000e+00
9.18000e+02 8.13960e-12 0.00000e+00
9.19000e+02 7.43131e-12 0.00000e+00
9.20000e+02 7.68652e-12 0.00000e+00
9.21000e+02 8.54013e-12 0.00000e+00
9.22000e+02 8.23307e-12 0.00000e+00
9.23000e+02 7.81822e-12 0.00000e+00
9.24000e+02 8.72788e-12 0.00000e+00
9.25000e+02 8.37751e-12 0.00000e+00
9.26000e+02 7.94756e-12 0.00000e+00
9.27000e+02 8.49394e-12 0.00000e+00
9.28000e+02 7.66428e-12 0.00000e+00
9.29000e+02 7.48607e-12 0.00000e+00
9.30000e+02 7.77203e-12 0.00000e+00
9.31000e+02 8.48033e-12 0.00000e+00
9.32000e+02 7.44091e-12 0.00000e+00
9.33000e+02 8.01095e-12 0.00000e+00
9.34000e+02 7.72127e-12 0.00000e+00
9.35000e+02 6.97115e-12 0.00000e+00
9.36000e+02 8.33045e-12 0.00000e+00
9.37000e+02 7.81120e-12 0.00000e+00
9.38000e+02 7.83143e-12 0.00000e+00
9.39000e+02 7.85703e-12 0.00000e+00
9.40000e+02 8.61385e-12 0.00000e+00
9.41000e+02 7.39005e-12 0.00000e+00
9.42000e+02 7.58011e-12 0.00000e+00
9.43000e+02 7.63603e-12 0.00000e+00
9.44000e+02 7.80202e-12 0.00000e+00
9.45000e+02 7.20248e-12 0.00000e+00
9.46000e+02 7.72535e-12 0.00000e+00
9.47000e+02 7.44891e-12 0.00000e+00
9.48000e+02 7.20540e-12 0.00000e+00
9.49000e+02 8.30643e-12 0.00000e+00
9.50000e+02 7.80782e-12 0.00000e+00
9.51000e+02 7.35076e-12 0.00000e+00
9.52000e+02 6.89740e-12 0.00000e+00
9.53000e+02 6.86419e-12 0.00000e+00
9.54000e+02 7.17804e-12 0.00000e+00
9.55000e+02 8.90862e-12 0.00000e+00
9.56000e+02 8.07813e-12 0.00000e+00
9.57000e+02 6.78223e-12 0.00000e+00
9.58000e+02 6.60789e-12 0.00000e+00
9.59000e+02 7.51223e-12 0.00000e+00
9.60000e+02 7.35215e-12 0.00000e+00
9.61000e+02 7.33384e-12 0.00000e+00
9.62000e+02 7.68364e-12 0.00000e+00
9.63000e+02 7.13357e-12 0.00000e+00
9.64000e+02 7.43118e-12 0.00000e+00
9.65000e+02 7.46450e-12 0.00000e+00
9.66000e+02 6.87566e-12 0.00000e+00
9.67000e+02 7.16221e-12 0.00000e+00
9.68000e+02 6.85306e-12 0.00000e+00
9.69000e+02 7.55306e-12 0.00000e+00
9.70000e+02 7.58014e-12 0.00000e+00
9.71000e+02 7.96452e-12 0.00000e+00
9.72000e+02 7.00255e-12 0.00000e+00
9.73000e+02 6.68395e-12 0.00000e+00
9.74000e+02 7.85793e-12 0.00000e+00
9.75000e+02 8.02173e-12 0.00000e+00
9.76000e+02 7.68001e-12 0.00000e+00
9.77000e+02 7.08832e-12 0.00000e+00
9.78000e+02 7.77270e-12 0.00000e+00
9.79000e+02 6.78289e-12 0.00000e+00
9.80000e+02 7.32121e-12 0.00000e+00
9.81000e+02 7.64855e-12 0.00000e+00
9.82000e+02 7.10234e-12 0.00000e+00
9.83000e+02 7.40870e-12 0.00000e+00
9.84000e+02 7.47342e-12 0.00000e+00
9.85000e+02 7.69160e-12 0.00000e+00
9.86000e+02 6.62019e-12 0.00000e+00
9.87000e+02 7.25538e-12 0.00000e+00
9.88000e+02 8.21573e-12 0.00000e+00
9.89000e+02 6.26557e-12 0.00000e+00
9.90000e+02 6.68077e-12 0.00000e+00
9.91000e+02 6.58822e-12 0.00000e+00
9.92000e+02 6.75308e-12 0.00000e+00
9.93000e+02 7.18747e-12 0.00000e+00
9.94000e+02 6.46955e-12 0.00000e+00
9.95000e+02 6.85812e-12 0.00000e+00
9.96000e+02 7.60914e-12 0.00000e+00
9.97000e+02 7.02705e-12 0.00000e+00
9.98000e+02 6.63949e-12 0.00000e+00
9.99000e+02 7.00493e-12 0.00000e+00
1.00000e+03 7.29588e-12 0.00000e+00
1.00100e+03 6.74074e-12 0.00000e+00
1.00200e+03 7.66044e-12 0.00000e+00
1.00300e+03 6.90878e-12 0.00000e+00
1.00400e+03 6.87799e-12 0.00000e+00
1.00500e+03 7.03006e-12 0.00000e+00
1.00600e+03 6.69767e-12 0.00000e+00
1.00700e+03 6.75821e-12 0.00000e+00
1.00800e+03 7.22680e-12 0.00000e+00
1.00900e+03 7.38716e-12 0.00000e+00
1.01000e+03 7.31189e-12 0.00000e+00
1.01100e+03 6.70239e-12 0.00000e+00
1.01200e+03 6.46391e-12 0.00000e+00
1.01300e+03 6.77181e-12 0.00000e+00
1.01400e+03 7.62084e-12 0.00000e+00
1.01500e+03 6.72937e-12 0.00000e+00
1.01600e+03 6.49246e-12 0.00000e+00
1.01700e+03 6.55888e-12 0.00000e+00
1.01800e+03 6.93286e-12 0.00000e+00
1.01900e+03 6.61164e-12 0.00000e+00
1.02000e+03 6.89863e-12 0.00000e+00
1.02100e+03 7.30702e-12 0.00000e+00
1.02200e+03 6.69179e-12 0.00000e+00
1.02300e+03 7.25037e-12 0.00000e+00
1.02400e+03 6.02406e-12 0.00000e+00
1.02500e+03 6.10236e-12 0.00000e+00
1.02600e+03 6.62872e-12 0.00000e+00
1.02700e+03 6.80736e-12 0.00000e+00
1.02800e+03 6.57236e-12 0.00000e+00
1.02900e+03 6.72594e-12 0.00000e+00
1.03000e+03 6.42067e-12 0.00000e+00
1.03100e+03 6.96489e-12 0.00000e+00
1.03200e+03 6.38668e-12 0.00000e+00
1.03300e+03 7.12332e-12 0.00000e+00
1.03400e+03 6.45454e-12 0.00000e+00
1.03500e+03 6.13734e-12 0.00000e+00
1.03600e+03 6.52655e-12 0.00000e+00
1.03700e+03 6.68030e-12 0.00000e+00
1.03800e+03 6.28283e-12 0.00000e+00
1.03900e+03 7.12664e-12 0.00000e+00
1.04000e+03 6.59167e-12 0.00000e+00
1.04100e+03 6.59946e-12 0.00000e+00
1.04200e+03 7.13904e-12 0.00000e+00
1.04300e+03 6.53198e-12 0.00000e+00
1.04400e+03 6.65972e-12 0.00000e+00
1.04500e+03 6.18894e-12 0.00000e+00
1.04600e+03 6.88654e-12 0.00000e+00
1.04700e+03 6.14820e-12 0.00000e+00
1.04800e+03 6.62055e-12 0.00000e+00
1.04900e+03 6.18243e-12 0.00000e+00
1.05000e+03 7.32578e-12 0.00000e+00
1.05100e+03 6.17706e-12 0.00000e+00
1.05200e+03 6.28315e-12 0.00000e+00
1.05300e+03 6.75274e-12 0.00000e+00
1.05400e+03 6.43117e-12 0.00000e+00
1.05500e+03 6.67072e-12 0.00000e+00
1.05600e+03 6.22323e-12 0.00000e+00
1.05700e+03 6.51434e-12 0.00000e+00
1.05800e+03 6.33310e-12 0.00000e+00
1.05900e+03 5.81775e-12 0.00000e+00
1.06000e+03 6.45884e-12 0.00000e+00
1.06100e+03 6.56557e-12 0.00000e+00
1.06200e+03 7.22541e-12 0.00000e+00
1.06300e+03 6.60739e-12 0.00000e+00
1.06400e+03 6.47425e-12 0.00000e+00
1.06500e+03 6.02804e-12 0.00000e+00
1.06600e+03 6.42686e-12 0.00000e+00
1.06700e+03 6.02630e-12 0.00000e+00
1.06800e+03 6.23950e-12 0.00000e+00
1.06900e+03 5.70281e-12 0.00000e+00
1.07000e+03 5.75508e-12 0.00000e+00
1.07100e+03 5.72439e-12 0.00000e+00
1.07200e+03 6.28515e-12 0.00000e+00
1.07300e+03 6.34606e-12 0.00000e+00
1.07400e+03 6.27493e-12 0.00000e+00
1.07500e+03 5.98892e-12 0.00000e+00
1.07600e+03 6.07566e-12 0.00000e+00
1.07700e+03 6.12054e-12 0.00000e+00
1.07800e+03 6.48925e-12 0.00000e+00
1.07900e+03 6.78569e-12 0.00000e+00
1.08000e+03 6.35198e-12 0.00000e+00
1.08100e+03 5.79462e-12 0.00000e+00
1.08200e+03 5.98009e-12 0.00000e+00
1.08300e+03 5.54516e-12 0.00000e+00
1.08400e+03 5.90096e-12 0.00000e+00
1.08500e+03 6.41160e-12 0.00000e+00
1.08600e+03 6.32702e-12 0.00000e+00
1.08700e+03 6.16815e-12 0.00000e+00
1.08800e+03 6.09028e-12 0.00000e+00
1.08900e+03 6.14905e-12 0.00000e+00
1.09000e+03 6.52023e-12 0.00000e+00
1.09100e+03 5.41840e-12 0.00000e+00
1.09200e+03 5.99478e-12 0.00000e+00
1.09300e+03 6.14910e-12 0.00000e+00
1.09400e+03 6.54574e-12 0.00000e+00
1.09500e+03 6.07524e-12 0.00000e+00
1.09600e+03 6.35132e-12 0.00000e+00
1.09700e+03 6.04076e-12 0.00000e+00
1.09800e+03 6.23366e-12 0.00000e+00
1.09900e+03 6.22388e-12 0.00000e+00
1.10000e+03 6.10143e-12 0.00000e+00
1.10100e+03 6.39942e-12 0.00000e+00
1.10200e+03 5.65159e-12 0.00000e+00
1.10300e+03 5.91019e-12 0.00000e+00
1.10400e+03 6.13085e-12 0.00000e+00
1.10500e+03 5.63949e-12 0.00000e+00
1.10600e+03 6.06458e-12 0.00000e+00
1.10700e+03 5.71976e-12 0.00000e+00
1.10800e+03 6.06449e-12 0.00000e+00
1.10900e+03 5.82930e-12 0.00000e+00
1.11000e+03 5.57405e-12 0.00000e+00
1.11100e+03 5.46390e-12 0.00000e+00
1.11200e+03 5.76151e-12 0.00000e+00
1.11300e+03 5.78784e-12 0.00000e+00
1.11400e+03 5.20288e-12 0.00000e+00
1.11500e+03 5.61171e-12 0.00000e+00
1.11600e+03 5.54815e-12 0.00000e+00
1.11700e+03 6.15582e-12 0.00000e+00
1.11800e+03 6.15234e-12 0.00000e+00
1.11900e+03 5.78807e-12 0.00000e+00
1.12000e+03 5.37500e-12 0.00000e+00
1.12100e+03 6.19008e-12 0.00000e+00
1.12200e+03 5.55367e-12 0.00000e+00
1.12300e+03 5.59416e-12 0.00000e+00
1.12400e+03 5.48881e-12 0.00000e+00
1.12500e+03 5.77296e-12 0.00000e+00
1.12600e+03 5.33115e-12 0.00000e+00
1.12700e+03 5.74906e-12 0.00000e+00
1.12800e+03 5.76402e-12 0.00000e+00
1.12900e+03 6.03035e-12 0.00000e+00
1.13000e+03 5.45495e-12 0.00000e+00
1.13100e+03 5.60379e-12 0.00000e+00
1.13200e+03 5.17656e-12 0.00000e+00
1.13300e+03 5.69993e-12 0.00000e+00
1.13400e+03 5.12777e-12 0.00000e+00
1.13500e+03 5.56088e-12 0.00000e+00
1.13600e+03 5.02273e-12 0.00000e+00
1.13700e+03 5.86218e-12 0.00000e+00
1.13800e+03 5.95706e-12 0.00000e+00
1.13900e+03 5.67757e-12 0.00000e+00
1.14000e+03 6.13012e-12 0.00000e+00
1.14100e+03 5.55827e-12 0.00000e+00
1.14200e+03 5.28699e-12 0.00000e+00
1.14300e+03 5.37733e-12 0.00000e+00
1.14400e+03 5.19492e-12 0.00000e+00
1.14500e+03 5.57786e-12 0.00000e+00
1.14600e+03 5.42431e-12 0.00000e+00
1.14700e+03 5.77793e-12 0.00000e+00
1.14800e+03 5.20040e-12 0.00000e+00
1.14900e+03 4.99895e-12 0.00000e+00
1.15000e+03 5.97216e-12 0.00000e+00
1.15100e+03 5.34650e-12 0.00000e+00
1.15200e+03 5.35907e-12 0.00000e+00
1.15300e+03 5.66378e-12 0.00000e+00
1.15400e+03 5.56361e-12 0.00000e+00
1.15500e+03 5.12444e-12 0.00000e+00
1.15600e+03 5.43445e-12 0.00000e+00
1.15700e+03 5.66064e-12 0.00000e+00
1.15800e+03 5.01946e-12 0.00000e+00
1.15900e+03 5.41199e-12 0.00000e+00
1.16000e+03 4.75157e-12 0.00000e+00
1.16100e+03 5.15729e-12 0.00000e+00
1.16200e+03 5.28028e-12 0.00000e+00
1.16300e+03 5.46141e-12 0.00000e+00
1.16400e+03 5.43763e-12 0.00000e+00
1.16500e+03 5.22937e-12 0.00000e+00
1.16600e+03 5.45274e-12 0.00000e+00
1.16700e+03 5.17297e-12 0.00000e+00
1.16800e+03 4.95767e-12 0.00000e+00
1.16900e+03 5.59210e-12 0.00000e+00
1.17000e+03 5.11477e-12 0.00000e+00
1.17100e+03 5.33321e-12 0.00000e+00
1.17200e+03 5.55171e-12 0.00000e+00
1.17300e+03 5.14938e-12 0.00000e+00
1.17400e+03 5.91125e-12 0.00000e+00
1.17500e+03 5.20710e-12 0.00000e+00
1.17600e+03 4.98075e-12 0.00000e+00
1.17700e+03 5.19723e-12 0.00000e+00
1.17800e+03 4.91470e-12 0.00000e+00
1.17900e+03 4.87051e-12 0.00000e+00
1.18000e+03 5.26800e-12 0.00000e+00
1.18100e+03 5.20926e-12 0.00000e+00
1.18200e+03 5.00752e-12 0.00000e+00
1.18300e+03 5.04562e-12 0.00000e+00
1.18400e+03 4.77045e-12 0.00000e+00
1.18500e+03 5.01599e-12 0.00000e+00
1.18600e+03 4.84274e-12 0.00000e+00
1.18700e+03 5.00592e-12 0.00000e+00
1.18800e+03 5.16704e-12 0.00000e+00
1.18900e+03 4.98324e-12 0.00000e+00
1.19000e+03 4.87535e-12 0.00000e+00
1.19100e+03 5.64231e-12 0.00000e+00
1.19200e+03 5.09697e-12 0.00000e+00
1.19300e+03 4.68826e-12 0.00000e+00
1.19400e+03 5.15031e-12 0.00000e+00
1.19500e+03 5.21466e-12 0.00000e+00
1.19600e+03 4.97190e-12 0.00000e+00
1.19700e+03 5.41687e-12 0.00000e+00
1.19800e+03 4.90552e-12 0.00000e+00
1.19900e+03 5.06178e-12 0.00000e+00
1.20000e+03 4.72567e-12 0.00000e+00
1.20100e+03 5.00095e-12 0.00000e+00
1.20200e+03 4.32932e-12 0.00000e+00
1.20300e+03 5.38336e-12 0.00000e+00
1.20400e+03 5.24170e-12 0.00000e+00
1.20500e+03 4.81094e-12 0.00000e+00
1.20600e+03 5.26500e-12 0.00000e+00
1.20700e+03 4.80545e-12 0.00000e+00
1.20800e+03 5.10825e-12 0.00000e+00
1.20900e+03 4.80902e-12 0.00000e+00
1.21000e+03 5.05438e-12 0.00000e+00
1.21100e+03 4.52563e-12 0.00000e+00
1.21200e+03 5.13267e-12 0.00000e+00
1.21300e+03 4.81345e-12 0.00000e+00
1.21400e+03 4.57128e-12 0.00000e+00
1.21500e+03 4.83163e-12 0.00000e+00
1.21600e+03 4.83118e-12 0.00000e+00
1.21700e+03 4.68752e-12 0.00000e+00
1.21800e+03 4.68527e-12 0.00000e+00
1.21900e+03 4.82137e-12 0.00000e+00
1.22000e+03 5.12697e-12 0.00000e+00
1.22100e+03 4.68783e-12 0.00000e+00
1.22200e+03 4.84941e-12 0.00000e+00
1.22300e+03 4.46113e-12 0.00000e+00
1.22400e+03 4.92816e-12 0.00000e+00
1.22500e+03 4.52805e-12 0.00000e+00
1.22600e+03 4.68694e-12 0.00000e+00
1.22700e+03 4.74839e-12 0.00000e+00
1.22800e+03 5.00536e-12 0.00000e+00
1.22900e+03 4.84086e-12 0.00000e+00
1.23000e+03 4.65779e-12 0.00000e+00
1.23100e+03 5.01714e-12 0.00000e+00
1.23200e+03 5.04082e-12 0.00000e+00
1.23300e+03 4.41368e-12 0.00000e+00
1.23400e+03 4.74834e-12 0.00000e+00
1.23500e+03 4.25456e-12 0.00000e+00
1.23600e+03 4.83394e-12 0.00000e+00
1.23700e+03 4.79162e-12 0.00000e+00
1.23800e+03 4.38616e-12 0.00000e+00
1.23900e+03 4.65301e-12 0.00000e+00
1.24000e+03 4.76848e-12 0.00000e+00
1.24100e+03 4.33698e-12 0.00000e+00
1.24200e+03 4.19044e-12 0.00000e+00
1.24300e+03 4.23882e-12 0.00000e+00
1.24400e+03 4.67661e-12 0.00000e+00
1.24500e+03 4.48046e-12 0.00000e+00
1.24600e+03 3.95290e-12 0.00000e+00
1.24700e+03 5.02378e-12 0.00000e+00
1.24800e+03 4.24214e-12 0.00000e+00
1.24900e+03 4.35291e-12 0.00000e+00
1.25000e+03 4.41207e-12 0.00000e+00
1.25100e+03 4.28867e-12 0.00000e+00
1.25200e+03 4.48535e-12 0.00000e+00
1.25300e+03 4.75487e-12 0.00000e+00
1.25400e+03 4.42608e-12 0.00000e+00
1.25500e+03 4.10123e-12 0.00000e+00
1.25600e+03 4.59709e-12 0.00000e+00
1.25700e+03 4.20559e-12 0.00000e+00
1.25800e+03 4.66943e-12 0.00000e+00
1.25900e+03 4.35844e-12 0.00000e+00
1.26000e+03 4.49141e-12 0.00000e+00
1.26100e+03 4.69567e-12 0.00000e+00
1.26200e+03 4.80690e-12 0.00000e+00
1.26300e+03 4.30844e-12 0.00000e+00
1.26400e+03 4.51512e-12 0.00000e+00
1.26500e+03 4.37840e-12 0.00000e+00
1.26600e+03 4.74308e-12 0.00000e+00
1.26700e+03 4.32328e-12 0.00000e+00
1.26800e+03 4.80845e-12 0.00000e+00
1.26900e+03 4.42890e-12 0.00000e+00
1.27000e+03 4.30054e-12 0.00000e+00
1.27100e+03 4.38035e-12 0.00000e+00
1.27200e+03 4.91056e-12 0.00000e+00
1.27300e+03 4.17093e-12 0.00000e+00
1.27400e+03 4.17133e-12 0.00000e+00
1.27500e+03 4.16087e-12 0.00000e+00
1.27600e+03 4.52560e-12 0.00000e+00
1.27700e+03 4.26847e-12 0.00000e+00
1.27800e+03 4.05582e-12 0.00000e+00
1.27900e+03 4.15003e-12 0.00000e+00
1.28000e+03 4.75900e-12 0.00000e+00
1.28100e+03 4.30236e-12 0.00000e+00
1.28200e+03 4.51803e-12 0.00000e+00
1.28300e+03 4.16931e-12 0.00000e+00
1.28400e+03 4.33097e-12 0.00000e+00
1.28500e+03 4.25480e-12 0.00000e+00
1.28600e+03 3.91513e-12 0.00000e+00
1.28700e+03 3.89415e-12 0.00000e+00
1.28800e+03 4.54867e-12 0.00000e+00
1.28900e+03 4.40441e-12 0.00000e+00
1.29000e+03 4.22084e-12 0.00000e+00
1.29100e+03 3.87139e-12 0.00000e+00
1.29200e+03 4.16401e-12 0.00000e+00
1.29300e+03 4.29764e-12 0.00000e+00
1.29400e+03 4.63927e-12 0.00000e+00
1.29500e+03 4.23535e-12 0.00000e+00
1.29600e+03 3.96978e-12 0.00000e+00
1.29700e+03 3.74725e-12 0.00000e+00
1.29800e+03 3.82316e-12 0.00000e+00
1.29900e+03 3.96070e-12 0.00000e+00
1.30000e+03 4.02380e-12 0.00000e+00
1.30100e+03 4.13067e-12 0.00000e+00
1.30200e+03 4.25215e-12 0.00000e+00
1.30300e+03 4.31985e-12 0.00000e+00
1.30400e+03 4.03384e-12 0.00000e+00
1.30500e+03 3.98883e-12 0.00000e+00
1.30600e+03 4.00307e-12 0.00000e+00
1.30700e+03 3.85646e-12 0.00000e+00
1.30800e+03 3.92101e-12 0.00000e+00
1.30900e+03 4.00248e-12 0.00000e+00
1.31000e+03 4.12045e-12 0.00000e+00
1.31100e+03 4.03830e-12 0.00000e+00
1.31200e+03 4.21888e-12 0.00000e+00
1.31300e+03 3.88407e-12 0.00000e+00
1.31400e+03 3.74652e-12 0.00000e+00
1.31500e+03 4.01078e-12 0.00000e+00
1.31600e+03 3.85487e-12 0.00000e+00
1.31700e+03 3.93291e-12 0.00000e+00
1.31800e+03 3.99398e-12 0.00000e+00
1.31900e+03 3.84068e-12 0.00000e+00
1.32000e+03 3.83835e-12 0.00000e+00
1.32100e+03 3.94400e-12 0.00000e+00
1.32200e+03 4.06445e-12 0.00000e+00
1.32300e+03 4.17903e-12 0.00000e+00
1.32400e+03 3.90082e-12 0.00000e+00
1.32500e+03 3.84342e-12 0.00000e+00
1.32600e+03 3.87246e-12 0.00000e+00
1.32700e+03 3.71042e-12 0.00000e+00
1.32800e+03 3.78102e-12 0.00000e+00
1.32900e+03 3.85883e-12 0.00000e+00
1.33000e+03 3.51237e-12 0.00000e+00
1.33100e+03 3.60605e-12 0.00000e+00
1.33200e+03 4.34888e-12 0.00000e+00
1.33300e+03 3.98365e-12 0.00000e+00
1.33400e+03 3.84461e-12 0.00000e+00
1.33500e+03 3.66674e-12 0.00000e+00
1.33600e+03 3.90708e-12 0.00000e+00
1.33700e+03 3.79157e-12 0.00000e+00
1.33800e+03 3.66160e-12 0.00000e+00
1.33900e+03 3.55924e-12 0.00000e+00
1.34000e+03 4.11118e-12 0.00000e+00
1.34100e+03 3.72068e-12 0.00000e+00
1.34200e+03 3.99089e-12 0.00000e+00
1.34300e+03 3.94854e-12 0.00000e+00
1.34400e+03 3.86668e-12 0.00000e+00
1.34500e+03 3.74446e-12 0.00000e+00
1.34600e+03 3.71415e-12 0.00000e+00
1.34700e+03 3.72369e-12 0.00000e+00
1.34800e+03 3.82370e-12 0.00000e+00
1.34900e+03 3.43908e-12 0.00000e+00
1.35000e+03 3.85534e-12 0.00000e+00
1.35100e+03 3.76337e-12 0.00000e+00
1.35200e+03 3.86566e-12 0.00000e+00
1.35300e+03 3.46793e-12 0.00000e+00
1.35400e+03 3.55338e-12 0.00000e+00
1.35500e+03 3.74948e-12 0.00000e+00
1.35600e+03 3.87407e-12 0.00000e+00
1.35700e+03 3.80751e-12 0.00000e+00
1.35800e+03 3.85706e-12 0.00000e+00
1.35900e+03 3.81811e-12 0.00000e+00
1.36000e+03 3.50991e-12 0.00000e+00
1.36100e+03 4.08540e-12 0.00000e+00
1.36200e+03 3.41313e-12 0.00000e+00
1.36300e+03 3.66211e-12 0.00000e+00
1.36400e+03 3.58661e-12 0.00000e+00
1.36500e+03 3.44407e-12 0.00000e+00
1.36600e+03 3.50246e-12 0.00000e+00
1.36700e+03 3.40603e-12 0.00000e+00
1.36800e+03 3.53156e-12 0.00000e+00
1.36900e+03 3.49613e-12 0.00000e+00
1.37000e+03 3.40309e-12 0.00000e+00
1.37100e+03 3.64435e-12 0.00000e+00
1.37200e+03 3.69134e-12 0.00000e+00
1.37300e+03 3.52015e-12 0.00000e+00
1.37400e+03 3.43503e-12 0.00000e+00
1.37500e+03 3.68388e-12 0.00000e+00
1.37600e+03 3.62568e-12 0.00000e+00
1.37700e+03 3.26314e-12 0.00000e+00
1.37800e+03 3.66749e-12 0.00000e+00
1.37900e+03 3.53351e-12 0.00000e+00
1.38000e+03 3.46736e-12 0.00000e+00
1.38100e+03 3.64769e-12 0.00000e+00
1.38200e+03 3.99223e-12 0.00000e+00
1.38300e+03 3.64920e-12 0.00000e+00
1.38400e+03 3.19085e-12 0.00000e+00
1.38500e+03 3.43480e-12 0.00000e+00
1.38600e+03 3.88955e-12 0.00000e+00
1.38700e+03 3.32550e-12 0.00000e+00
1.38800e+03 3.51755e-12 0.00000e+00
1.38900e+03 3.65173e-12 0.00000e+00
1.39000e+03 3.53115e-12 0.00000e+00
1.39100e+03 3.52810e-12 0.00000e+00
1.39200e+03 3.38599e-12 0.00000e+00
1.39300e+03 3.55526e-12 0.00000e+00
1.39400e+03 3.76194e-12 0.00000e+00
1.39500e+03 3.45289e-12 0.00000e+00
1.39600e+03 3.58723e-12 0.00000e+00
1.39700e+03 3.19217e-12 0.00000e+00
1.39800e+03 3.68871e-12 0.00000e+00
1.39900e+03 3.44936e-12 0.00000e+00
1.40000e+03 3.66184e-12 0.00000e+00
1.40100e+03 3.44393e-12 0.00000e+00
1.40200e+03 3.31672e-12 0.00000e+00
1.40300e+03 3.68778e-12 0.00000e+00
1.40400e+03 3.25990e-12 0.00000e+00
1.40500e+03 3.22053e-12 0.00000e+00
1.40600e+03 3.47287e-12 0.00000e+00
1.40700e+03 3.40702e-12 0.00000e+00
1.40800e+03 3.52098e-12 0.00000e+00
1.40900e+03 3.04496e-12 0.00000e+00
1.41000e+03 3.43017e-12 0.00000e+00
1.41100e+03 3.25812e-12 0.00000e+00
1.41200e+03 3.21879e-12 0.00000e+00
1.41300e+03 3.08303e-12 0.00000e+00
1.41400e+03 3.39106e-12 0.00000e+00
1.41500e+03 3.45256e-12 0.00000e+00
1.41600e+03 3.29338e-12 0.00000e+00
1.41700e+03 3.26855e-12 0.00000e+00
1.41800e+03 3.13214e-12 0.00000e+00
1.41900e+03 3.32235e-12 0.00000e+00
1.42000e+03 3.30685e-12 0.00000e+00
1.42100e+03 3.13993e-12 0.00000e+00
1.42200e+03 3.32049e-12 0.00000e+00
1.42300e+03 3.15997e-12 0.00000e+00
1.42400e+03 3.04219e-12 0.00000e+00
1.42500e+03 3.03605e-12 0.00000e+00
1.42600e+03 3.37794e-12 0.00000e+00
1.42700e+03 3.13277e-12 0.00000e+00
1.42800e+03 3.18839e-12 0.00000e+00
1.42900e+03 3.07218e-12 0.00000e+00
1.43000e+03 3.20950e-12 0.00000e+00
1.43100e+03 2.97170e-12 0.00000e+00
1.43200e+03 3.19402e-12 0.00000e+00
1.43300e+03 3.49641e-12 0.00000e+00
1.43400e+03 3.51633e-12 0.00000e+00
1.43500e+03 3.08629e-12 0.00000e+00
1.43600e+03 3.24271e-12 0.00000e+00
1.43700e+03 2.91901e-12 0.00000e+00
1.43800e+03 3.28999e-12 0.00000e+00
1.43900e+03 3.19337e-12 0.00000e+00
1.44000e+03 3.05029e-12 0.00000e+00
1.44100e+03 3.19762e-12 0.00000e+00
1.44200e+03 2.97192e-12 0.00000e+00
1.44300e+03 2.87621e-12 0.00000e+00
1.44400e+03 3.40991e-12 0.00000e+00
1.44500e+03 3.18451e-12 0.00000e+00
1.44600e+03 2.95624e-12 0.00000e+00
1.44700e+03 3.21712e-12 0.00000e+00
1.44800e+03 3.02127e-12 0.00000e+00
1.44900e+03 2.86205e-12 0.00000e+00
1.45000e+03 3.25056e-12 0.00000e+00
1.45100e+03 3.12639e-12 0.00000e+00
1.45200e+03 3.27310e-12 0.00000e+00
1.45300e+03 3.09554e-12 0.00000e+00
1.45400e+03 3.25994e-12 0.00000e+00
1.45500e+03 3.19793e-12 0.00000e+00
1.45600e+03 3.15565e-12 0.00000e+00
1.45700e+03 2.96579e-12 0.00000e+00
1.45800e+03 3.18556e-12 0.00000e+00
1.45900e+03 3.35117e-12 0.00000e+00
1.46000e+03 2.95287e-12 0.00000e+00
1.46100e+03 2.93239e-12 0.00000e+00
1.46200e+03 2.91117e-12 0.00000e+00
1.46300e+03 2.97711e-12 0.00000e+00
1.46400e+03 2.90128e-12 0.00000e+00
1.46500e+03 3.17508e-12 0.00000e+00
1.46600e+03 2.99856e-12 0.00000e+00
1.46700e+03 2.85696e-12 0.00000e+00
1.46800e+03 3.17158e-12 0.00000e+00
1.46900e+03 2.89901e-12 0.00000e+00
1.47000e+03 2.65462e-12 0.00000e+00
1.47100e+03 2.76898e-12 0.00000e+00
1.47200e+03 3.14763e-12 0.00000e+00
1.47300e+03 2.69302e-12 0.00000e+00
1.47400e+03 3.07845e-12 0.00000e+00
1.47500e+03 2.84833e-12 0.00000e+00
1.47600e+03 3.16875e-12 0.00000e+00
1.47700e+03 2.79794e-12 0.00000e+00
1.47800e+03 3.12640e-12 0.00000e+00
1.47900e+03 3.02115e-12 0.00000e+00
1.48000e+03 2.89405e-12 0.00000e+00
1.48100e+03 2.98497e-12 0.00000e+00
1.48200e+03 2.93060e-12 0.00000e+00
1.48300e+03 3.09667e-12 0.00000e+00
1.48400e+03 2.81681e-12 0.00000e+00
1.48500e+03 2.73740e-12 0.00000e+00
1.48600e+03 2.83176e-12 0.00000e+00
1.48700e+03 2.78350e-12 0.00000e+00
1.48800e+03 2.87705e-12 0.00000e+00
1.48900e+03 2.94022e-12 0.00000e+00
1.49000e+03 2.87198e-12 0.00000e+00
1.49100e+03 2.66247e-12 0.00000e+00
1.49200e+03 2.65487e-12 0.00000e+00
1.49300e+03 2.91450e-12 0.00000e+00
1.49400e+03 2.81209e-12 0.00000e+00
1.49500e+03 2.80989e-12 0.00000e+00
1.49600e+03 2.60459e-12 0.00000e+00
1.49700e+03 2.53827e-12 0.00000e+00
1.49800e+03 2.89691e-12 0.00000e+00
1.49900e+03 2.66402e-12 0.00000e+00
1.50000e+03 2.84924e-12 0.00000e+00
1.50100e+03 2.80633e-12 0.00000e+00
1.50200e+03 2.79606e-12 0.00000e+00
1.50300e+03 2.78733e-12 0.00000e+00
1.50400e+03 2.65789e-12 0.00000e+00
1.50500e+03 2.55827e-12 0.00000e+00
1.50600e+03 2.63073e-12 0.00000e+00
1.50700e+03 2.76051e-12 0.00000e+00
1.50800e+03 2.67978e-12 0.00000e+00
1.50900e+03 2.62167e-12 0.00000e+00
1.51000e+03 2.57804e-12 0.00000e+00
1.51100e+03 2.73265e-12 0.00000e+00
1.51200e+03 2.79018e-12 0.00000e+00
1.51300e+03 2.65157e-12 0.00000e+00
1.51400e+03 2.89710e-12 0.00000e+00
1.51500e+03 2.84399e-12 0.00000e+00
1.51600e+03 2.56252e-12 0.00000e+00
1.51700e+03 2.71473e-12 0.00000e+00
1.51800e+03 2.84222e-12 0.00000e+00
1.51900e+03 2.54689e-12 0.00000e+00
1.52000e+03 2.89273e-12 0.00000e+00
1.52100e+03 2.61371e-12 0.00000e+00
1.52200e+03 2.67972e-12 0.00000e+00
1.52300e+03 2.79171e-12 0.00000e+00
1.52400e+03 2.70597e-12 0.00000e+00
1.52500e+03 2.63927e-12 0.00000e+00
1.52600e+03 2.54968e-12 0.00000e+00
1.52700e+03 2.70546e-12 0.00000e+00
1.52800e+03 2.60470e-12 0.00000e+00
1.52900e+03 2.60305e-12 0.00000e+00
1.53000e+03 2.80093e-12 0.00000e+00
1.53100e+03 2.50495e-12 0.00000e+00
1.53200e+03 2.45221e-12 0.00000e+00
1.53300e+03 2.84424e-12 0.00000e+00
1.53400e+03 2.43152e-12 0.00000e+00
1.53500e+03 2.62629e-12 0.00000e+00
1.53600e+03 2.40323e-12 0.00000e+00
1.53700e+03 2.61382e-12 0.00000e+00
1.53800e+03 2.51955e-12 0.00000e+00
1.53900e+03 2.68832e-12 0.00000e+00
1.54000e+03 2.64210e-12 0.00000e+00
1.54100e+03 2.37160e-12 0.00000e+00
1.54200e+03 2.81232e-12 0.00000e+00
1.54300e+03 2.43523e-12 0.00000e+00
1.54400e+03 2.64757e-12 0.00000e+00
1.54500e+03 2.53420e-12 0.00000e+00
1.54600e+03 2.45815e-12 0.00000e+00
1.54700e+03 2.49878e-12 0.00000e+00
1.54800e+03 2.61046e-12 0.00000e+00
1.54900e+03 2.36076e-12 0.00000e+00
1.55000e+03 2.61917e-12 0.00000e+00
1.55100e+03 2.66267e-12 0.00000e+00
1.55200e+03 2.62431e-12 0.00000e+00
1.55300e+03 2.42240e-12 0.00000e+00
1.55400e+03 2.52544e-12 0.00000e+00
1.55500e+03 2.53382e-12 0.00000e+00
1.55600e+03 2.46811e-12 0.00000e+00
1.55700e+03 2.07564e-12 0.00000e+00
1.55800e+03 2.40974e-12 0.00000e+00
1.55900e+03 2.62770e-12 0.00000e+00
1.56000e+03 2.63267e-12 0.00000e+00
1.56100e+03 2.46979e-12 0.00000e+00
1.56200e+03 2.45508e-12 0.00000e+00
1.56300e+03 2.60092e-12 0.00000e+00
1.56400e+03 2.22882e-12 0.00000e+00
1.56500e+03 2.50999e-12 0.00000e+00
1.56600e+03 2.41850e-12 0.00000e+00
1.56700e+03 2.32617e-12 0.00000e+00
1.56800e+03 2.36845e-12 0.00000e+00
1.56900e+03 2.34740e-12 0.00000e+00
1.57000e+03 2.51713e-12 0.00000e+00
1.57100e+03 2.39012e-12 0.00000e+00
1.57200e+03 2.23854e-12 0.00000e+00
1.57300e+03 2.27401e-12 0.00000e+00
1.57400e+03 2.47021e-12 0.00000e+00
1.57500e+03 2.30974e-12 0.00000e+00
1.57600e+03 2.36892e-12 0.00000e+00
1.57700e+03 2.16243e-12 0.00000e+00
1.57800e+03 2.39181e-12 0.00000e+00
1.57900e+03 2.28574e-12 0.00000e+00
1.58000e+03 2.44479e-12 0.00000e+00
1.58100e+03 2.42942e-12 0.00000e+00
1.58200e+03 2.44256e-12 0.00000e+00
1.58300e+03 2.42543e-12 0.00000e+00
1.58400e+03 2.23134e-12 0.00000e+00
1.58500e+03 2.43127e-12 0.00000e+00
1.58600e+03 2.51585e-12 0.00000e+00
1.58700e+03 2.35564e-12 0.00000e+00
1.58800e+03 2.33974e-12 0.00000e+00
1.58900e+03 2.38248e-12 0.00000e+00
1.59000e+03 2.33281e-12 0.00000e+00
1.59100e+03 2.16652e-12 0.00000e+00
1.59200e+03 2.49336e-12 0.00000e+00
1.59300e+03 2.31350e-12 0.00000e+00
1.59400e+03 2.25904e-12 0.00000e+00
1.59500e+03 2.05263e-12 0.00000e+00
1.59600e+03 2.57150e-12 0.00000e+00
1.59700e+03 2.31374e-12 0.00000e+00
1.59800e+03 2.24956e-12 0.00000e+00
1.59900e+03 2.32715e-12 0.00000e+00
1.60000e+03 2.33408e-12 0.00000e+00
1.60100e+03 2.24728e-12 0.00000e+00
1.60200e+03 2.28900e-12 0.00000e+00
1.60300e+03 2.33540e-12 0.00000e+00
1.60400e+03 2.19729e-12 0.00000e+00
1.60500e+03 2.34774e-12 0.00000e+00
1.60600e+03 2.35009e-12 0.00000e+00
1.60700e+03 2.34914e-12 0.00000e+00
1.60800e+03 2.20659e-12 0.00000e+00
1.60900e+03 2.27573e-12 0.00000e+00
1.61000e+03 2.26524e-12 0.00000e+00
1.61100e+03 2.12527e-12 0.00000e+00
1.61200e+03 2.05956e-12 0.00000e+00
1.61300e+03 2.22094e-12 0.00000e+00
1.61400e+03 2.09747e-12 0.00000e+00
1.61500e+03 2.24509e-12 0.00000e+00
1.61600e+03 2.22462e-12 0.00000e+00
1.61700e+03 2.20444e-12 0.00000e+00
1.61800e+03 2.34246e-12 0.00000e+00
1.61900e+03 2.02327e-12 0.00000e+00
1.62000e+03 2.10137e-12 0.00000e+00
1.62100e+03 2.10185e-12 0.00000e+00
1.62200e+03 2.20875e-12 0.00000e+00
1.62300e+03 2.12435e-12 0.00000e+00
1.62400e+03 2.04845e-12 0.00000e+00
1.62500e+03 2.22252e-12 0.00000e+00
1.62600e+03 2.23754e-12 0.00000e+00
1.62700e+03 2.19197e-12 0.00000e+00
1.62800e+03 2.36328e-12 0.00000e+00
1.62900e+03 1.96004e-12 0.00000e+00
1.63000e+03 2.21068e-12 0.00000e+00
1.63100e+03 2.19166e-12 0.00000e+00
1.63200e+03 2.17543e-12 0.00000e+00
1.63300e+03 2.15934e-12 0.00000e+00
1.63400e+03 2.01552e-12 0.00000e+00
1.63500e+03 2.14805e-12 0.00000e+00
1.63600e+03 1.87975e-12 0.00000e+00
1.63700e+03 2.41797e-12 0.00000e+00
1.63800e+03 2.14454e-12 0.00000e+00
1.63900e+03 2.06778e-12 0.00000e+00
1.64000e+03 2.10422e-12 0.00000e+00
1.64100e+03 1.99799e-12 0.00000e+00
1.64200e+03 2.37811e-12 0.00000e+00
1.64300e+03 2.10234e-12 0.00000e+00
1.64400e+03 2.23562e-12 0.00000e+00
1.64500e+03 2.09383e-12 0.00000e+00
1.64600e+03 2.07282e-12 0.00000e+00
1.64700e+03 2.01191e-12 0.00000e+00
1.64800e+03 2.27297e-12 0.00000e+00
1.64900e+03 1.97497e-12 0.00000e+00
1.65000e+03 2.14332e-12 0.00000e+00
1.65100e+03 1.98447e-12 0.00000e+00
1.65200e+03 2.01169e-12 0.00000e+00
1.65300e+03 2.07786e-12 0.00000e+00
1.65400e+03 2.08782e-12 0.00000e+00
1.65500e+03 1.96161e-12 0.00000e+00
1.65600e+03 1.97809e-12 0.00000e+00
1.65700e+03 2.15926e-12 0.00000e+00
1.65800e+03 2.04261e-12 0.00000e+00
1.65900e+03 1.87142e-12 0.00000e+00
1.66000e+03 2.00225e-12 0.00000e+00
1.66100e+03 1.84012e-12 0.00000e+00
1.66200e+03 1.77481e-12 0.00000e+00
1.66300e+03 1.89370e-12 0.00000e+00
1.66400e+03 1.86860e-12 0.00000e+00
1.66500e+03 2.00875e-12 0.00000e+00
1.66600e+03 2.04072e-12 0.00000e+00
1.66700e+03 1.73792e-12 0.00000e+00
1.66800e+03 1.99120e-12 0.00000e+00
1.66900e+03 1.79185e-12 0.00000e+00
1.67000e+03 2.01257e-12 0.00000e+00
1.67100e+03 1.86599e-12 0.00000e+00
1.67200e+03 1.75644e-12 0.00000e+00
1.67300e+03 1.96830e-12 0.00000e+00
1.67400e+03 1.96300e-12 0.00000e+00
1.67500e+03 2.05345e-12 0.00000e+00
1.67600e+03 1.85393e-12 0.00000e+00
1.67700e+03 1.97984e-12 0.00000e+00
1.67800e+03 2.17456e-12 0.00000e+00
1.67900e+03 1.94496e-12 0.00000e+00
1.68000e+03 1.81079e-12 0.00000e+00
1.68100e+03 1.74722e-12 0.00000e+00
1.68200e+03 1.99447e-12 0.00000e+00
1.68300e+03 1.93503e-12 0.00000e+00
1.68400e+03 1.85678e-12 0.00000e+00
1.68500e+03 1.80162e-12 0.00000e+00
1.68600e+03 1.86281e-12 0.00000e+00
1.68700e+03 1.98569e-12 0.00000e+00
1.68800e+03 1.92665e-12 0.00000e+00
1.68900e+03 1.89233e-12 0.00000e+00
1.69000e+03 1.70315e-12 0.00000e+00
1.69100e+03 1.82582e-12 0.00000e+00
1.69200e+03 1.94853e-12 0.00000e+00
1.69300e+03 1.75944e-12 0.00000e+00
1.69400e+03 1.73751e-12 0.00000e+00
1.69500e+03 1.97120e-12 0.00000e+00
1.69600e+03 1.77049e-12 0.00000e+00
1.69700e+03 1.76698e-12 0.00000e+00
1.69800e+03 1.80509e-12 0.00000e+00
1.69900e+03 1.79162e-12 0.00000e+00
1.70000e+03 1.68947e-12 0.00000e+00
1.70100e+03 1.81046e-12 0.00000e+00
1.70200e+03 1.83501e-12 0.00000e+00
1.70300e+03 1.88023e-12 0.00000e+00
1.70400e+03 1.93672e-12 0.00000e+00
1.70500e+03 1.71145e-12 0.00000e+00
1.70600e+03 1.76353e-12 0.00000e+00
1.70700e+03 1.94863e-12 0.00000e+00
1.70800e+03 1.73844e-12 0.00000e+00
1.70900e+03 1.62883e-12 0.00000e+00
1.71000e+03 1.71136e-12 0.00000e+00
1.71100e+03 1.74143e-12 0.00000e+00
1.71200e+03 1.78829e-12 0.00000e+00
1.71300e+03 1.88419e-12 0.00000e+00
1.71400e+03 1.56507e-12 0.00000e+00
1.71500e+03 1.75452e-12 0.00000e+00
1.71600e+03 1.81982e-12 0.00000e+00
1.71700e+03 1.68247e-12 0.00000e+00
1.71800e+03 1.80818e-12 0.00000e+00
1.71900e+03 1.72147e-12 0.00000e+00
1.72000e+03 1.80985e-12 0.00000e+00
1.72100e+03 1.65619e-12 0.00000e+00
1.72200e+03 1.82592e-12 0.00000e+00
1.72300e+03 1.73442e-12 0.00000e+00
1.72400e+03 1.76995e-12 0.00000e+00
1.72500e+03 1.71073e-12 0.00000e+00
1.72600e+03 1.70448e-12 0.00000e+00
1.72700e+03 1.83041e-12 0.00000e+00
1.72800e+03 1.65591e-12 0.00000e+00
1.72900e+03 1.79108e-12 0.00000e+00
1.73000e+03 1.71822e-12 0.00000e+00
1.73100e+03 1.56097e-12 0.00000e+00
1.73200e+03 1.70947e-12 0.00000e+00
1.73300e+03 1.63049e-12 0.00000e+00
1.73400e+03 1.65910e-12 0.00000e+00
1.73500e+03 1.74446e-12 0.00000e+00
1.73600e+03 1.58090e-12 0.00000e+00
1.73700e+03 1.81054e-12 0.00000e+00
1.73800e+03 1.66033e-12 0.00000e+00
1.73900e+03 1.63767e-12 0.00000e+00
1.74000e+03 1.64733e-12 0.00000e+00
1.74100e+03 1.62499e-12 0.00000e+00
1.74200e+03 1.52224e-12 0.00000e+00
1.74300e+03 1.63869e-12 0.00000e+00
1.74400e+03 1.80865e-12 0.00000e+00
1.74500e+03 1.73653e-12 0.00000e+00
1.74600e+03 1.71717e-12 0.00000e+00
1.74700e+03 1.51556e-12 0.00000e+00
1.74800e+03 1.68318e-12 0.00000e+00
1.74900e+03 1.56139e-12 0.00000e+00
1.75000e+03 1.48222e-12 0.00000e+00
1.75100e+03 1.54331e-12 0.00000e+00
1.75200e+03 1.78231e-12 0.00000e+00
1.75300e+03 1.76898e-12 0.00000e+00
1.75400e+03 1.61877e-12 0.00000e+00
1.75500e+03 1.69261e-12 0.00000e+00
1.75600e+03 1.67000e-12 0.00000e+00
1.75700e+03 1.59801e-12 0.00000e+00
1.75800e+03 1.72615e-12 0.00000e+00
1.75900e+03 1.66891e-12 0.00000e+00
1.76000e+03 1.56248e-12 0.00000e+00
1.76100e+03 1.84262e-12 0.00000e+00
1.76200e+03 1.61396e-12 0.00000e+00
1.76300e+03 1.53215e-12 0.00000e+00
1.76400e+03 1.59446e-12 0.00000e+00
1.76500e+03 1.83074e-12 0.00000e+00
1.76600e+03 1.61349e-12 0.00000e+00
1.76700e+03 1.60827e-12 0.00000e+00
1.76800e+03 1.60615e-12 0.00000e+00
1.76900e+03 1.48254e-12 0.00000e+00
1.77000e+03 1.38474e-12 0.00000e+00
1.77100e+03 1.44519e-12 0.00000e+00
1.77200e+03 1.45346e-12 0.00000e+00
1.77300e+03 1.72819e-12 0.00000e+00
1.77400e+03 1.46911e-12 0.00000e+00
1.77500e+03 1.51187e-12 0.00000e+00
1.77600e+03 1.60275e-12 0.00000e+00
1.77700e+03 1.72836e-12 0.00000e+00
1.77800e+03 1.50529e-12 0.00000e+00
1.77900e+03 1.56331e-12 0.00000e+00
1.78000e+03 1.49694e-12 0.00000e+00
1.78100e+03 1.47471e-12 0.00000e+00
1.78200e+03 1.44831e-12 0.00000e+00
1.78300e+03 1.55704e-12 0.00000e+00
1.78400e+03 1.52846e-12 0.00000e+00
1.78500e+03 1.62554e-12 0.00000e+00
1.78600e+03 1.64254e-12 0.00000e+00
1.78700e+03 1.36005e-12 0.00000e+00
1.78800e+03 1.45334e-12 0.00000e+00
1.78900e+03 1.50272e-12 0.00000e+00
1.79000e+03 1.30871e-12 0.00000e+00
1.79100e+03 1.43055e-12 0.00000e+00
1.79200e+03 1.45771e-12 0.00000e+00
1.79300e+03 1.35601e-12 0.00000e+00
1.79400e+03 1.42681e-12 0.00000e+00
1.79500e+03 1.46214e-12 0.00000e+00
1.79600e+03 1.35900e-12 0.00000e+00
1.79700e+03 1.39382e-12 0.00000e+00
1.79800e+03 1.50389e-12 0.00000e+00
1.79900e+03 1.41890e-12 0.00000e+00
1.80000e+03 1.41181e-12 0.00000e+00
1.80100e+03 1.45336e-12 0.00000e+00
1.80200e+03 1.39122e-12 0.00000e+00
1.80300e+03 1.43134e-12 0.00000e+00
1.80400e+03 1.48030e-12 0.00000e+00
1.80500e+03 1.40211e-12 0.00000e+00
1.80600e+03 1.37986e-12 0.00000e+00
1.80700e+03 1.39749e-12 0.00000e+00
1.80800e+03 1.30801e-12 0.00000e+00
1.80900e+03 1.32418e-12 0.00000e+00
1.81000e+03 1.35287e-12 0.00000e+00
1.81100e+03 1.33620e-12 0.00000e+00
1.81200e+03 1.46587e-12 0.00000e+00
1.81300e+03 1.27554e-12 0.00000e+00
1.81400e+03 1.47469e-12 0.00000e+00
1.81500e+03 1.30034e-12 0.00000e+00
1.81600e+03 1.29532e-12 0.00000e+00
1.81700e+03 1.45653e-12 0.00000e+00
1.81800e+03 1.37598e-12 0.00000e+00
1.81900e+03 1.34720e-12 0.00000e+00
1.82000e+03 1.45602e-12 0.00000e+00
1.82100e+03 1.37043e-12 0.00000e+00
1.82200e+03 1.42575e-12 0.00000e+00
1.82300e+03 1.34997e-12 0.00000e+00
1.82400e+03 1.37524e-12 0.00000e+00
1.82500e+03 1.46935e-12 0.00000e+00
1.82600e+03 1.33171e-12 0.00000e+00
1.82700e+03 1.26489e-12 0.00000e+00
1.82800e+03 1.36005e-12 0.00000e+00
1.82900e+03 1.37517e-12 0.00000e+00
1.83000e+03 1.27845e-12 0.00000e+00
1.83100e+03 1.28611e-12 0.00000e+00
1.83200e+03 1.25182e-12 0.00000e+00
1.83300e+03 1.30279e-12 0.00000e+00
1.83400e+03 1.40740e-12 0.00000e+00
1.83500e+03 1.37180e-12 0.00000e+00
1.83600e+03 1.33051e-12 0.00000e+00
1.83700e+03 1.35204e-12 0.00000e+00
1.83800e+03 1.34073e-12 0.00000e+00
1.83900e+03 1.33914e-12 0.00000e+00
1.84000e+03 1.35231e-12 0.00000e+00
1.84100e+03 1.36485e-12 0.00000e+00
1.84200e+03 1.27362e-12 0.00000e+00
1.84300e+03 1.28042e-12 0.00000e+00
1.84400e+03 1.27848e-12 0.00000e+00
1.84500e+03 1.15976e-12 0.00000e+00
1.84600e+03 1.16535e-12 0.00000e+00
1.84700e+03 1.29597e-12 0.00000e+00
1.84800e+03 1.26940e-12 0.00000e+00
1.84900e+03 1.36011e-12 0.00000e+00
1.85000e+03 1.33187e-12 0.00000e+00
1.85100e+03 1.19419e-12 0.00000e+00
1.85200e+03 1.21320e-12 0.00000e+00
1.85300e+03 1.26188e-12 0.00000e+00
1.85400e+03 1.22210e-12 0.00000e+00
1.85500e+03 1.38269e-12 0.00000e+00
1.85600e+03 1.22982e-12 0.00000e+00
1.85700e+03 1.16982e-12 0.00000e+00
1.85800e+03 1.16570e-12 0.00000e+00
1.85900e+03 1.32153e-12 0.00000e+00
1.86000e+03 1.17423e-12 0.00000e+00
1.86100e+03 1.21835e-12 0.00000e+00
1.86200e+03 1.26968e-12 0.00000e+00
1.86300e+03 1.21737e-12 0.00000e+00
1.86400e+03 1.40509e-12 0.00000e+00
1.86500e+03 1.28542e-12 0.00000e+00
1.86600e+03 1.25381e-12 0.00000e+00
1.86700e+03 1.28006e-12 0.00000e+00
1.86800e+03 1.18384e-12 0.00000e+00
1.86900e+03 1.16300e-12 0.00000e+00
1.87000e+03 1.15288e-12 0.00000e+00
1.87100e+03 1.14486e-12 0.00000e+00
1.87200e+03 1.11305e-12 0.00000e+00
1.87300e+03 1.30411e-12 0.00000e+00
1.87400e+03 1.24688e-12 0.00000e+00
1.87500e+03 1.17658e-12 0.00000e+00
1.87600e+03 1.14890e-12 0.00000e+00
1.87700e+03 1.24783e-12 0.00000e+00
1.87800e+03 1.24734e-12 0.00000e+00
1.87900e+03 1.09250e-12 0.00000e+00
1.88000e+03 1.20726e-12 0.00000e+00
1.88100e+03 1.21281e-12 0.00000e+00
1.88200e+03 1.16253e-12 0.00000e+00
1.88300e+03 1.32895e-12 0.00000e+00
1.88400e+03 1.18813e-12 0.00000e+00
1.88500e+03 1.13871e-12 0.00000e+00
1.88600e+03 1.12168e-12 0.00000e+00
1.88700e+03 1.25094e-12 0.00000e+00
1.88800e+03 1.11152e-12 0.00000e+00
1.88900e+03 1.27117e-12 0.00000e+00
1.89000e+03 1.12673e-12 0.00000e+00
1.89100e+03 1.15282e-12 0.00000e+00
1.89200e+03 1.06362e-12 0.00000e+00
1.89300e+03 1.08784e-12 0.00000e+00
1.89400e+03 1.13918e-12 0.00000e+00
1.89500e+03 1.09715e-12 0.00000e+00
1.89600e+03 1.09506e-12 0.00000e+00
1.89700e+03 1.13811e-12 0.00000e+00
1.89800e+03 1.12928e-12 0.00000e+00
1.89900e+03 1.05121e-12 0.00000e+00
1.90000e+03 1.00946e-12 0.00000e+00
1.90100e+03 9.79125e-13 0.00000e+00
1.90200e+03 1.22865e-12 0.00000e+00
1.90300e+03 1.18099e-12 0.00000e+00
1.90400e+03 1.13600e-12 0.00000e+00
1.90500e+03 1.07616e-12 0.00000e+00
1.90600e+03 1.06047e-12 0.00000e+00
1.90700e+03 1.05053e-12 0.00000e+00
1.90800e+03 1.15597e-12 0.00000e+00
1.90900e+03 1.11835e-12 0.00000e+00
1.91000e+03 1.07591e-12 0.00000e+00
1.91100e+03 9.83176e-13 0.00000e+00
1.91200e+03 1.12565e-12 0.00000e+00
1.91300e+03 1.08345e-12 0.00000e+00
1.91400e+03 1.07347e-12 0.00000e+00
1.91500e+03 1.00916e-12 0.00000e+00
1.91600e+03 1.12276e-12 0.00000e+00
1.91700e+03 1.09006e-12 0.00000e+00
1.91800e+03 1.01427e-12 0.00000e+00
1.91900e+03 1.05997e-12 0.00000e+00
1.92000e+03 1.11161e-12 0.00000e+00
1.92100e+03 1.05284e-12 0.00000e+00
1.92200e+03 1.10131e-12 0.00000e+00
1.92300e+03 1.01129e-12 0.00000e+00
1.92400e+03 1.03697e-12 0.00000e+00
1.92500e+03 1.04583e-12 0.00000e+00
1.92600e+03 1.00207e-12 0.00000e+00
1.92700e+03 1.11152e-12 0.00000e+00
1.92800e+03 1.02342e-12 0.00000e+00
1.92900e+03 1.09607e-12 0.00000e+00
1.93000e+03 1.03084e-12 0.00000e+00
1.93100e+03 9.97374e-13 0.00000e+00
1.93200e+03 9.90004e-13 0.00000e+00
1.93300e+03 1.01759e-12 0.00000e+00
1.93400e+03 9.84972e-13 0.00000e+00
1.93500e+03 9.69868e-13 0.00000e+00
1.93600e+03 1.10931e-12 0.00000e+00
1.93700e+03 1.10151e-12 0.00000e+00
1.93800e+03 1.00111e-12 0.00000e+00
1.93900e+03 1.03503e-12 0.00000e+00
1.94000e+03 9.43143e-13 0.00000e+00
1.94100e+03 1.08718e-12 0.00000e+00
1.94200e+03 9.91946e-13 0.00000e+00
1.94300e+03 9.74674e-13 0.00000e+00
1.94400e+03 1.00768e-12 0.00000e+00
1.94500e+03 1.02861e-12 0.00000e+00
1.94600e+03 9.31251e-13 0.00000e+00
1.94700e+03 9.49142e-13 0.00000e+00
1.94800e+03 9.87486e-13 0.00000e+00
1.94900e+03 1.07667e-12 0.00000e+00
1.95000e+03 9.47677e-13 0.00000e+00
1.95100e+03 1.04902e-12 0.00000e+00
1.95200e+03 1.06879e-12 0.00000e+00
1.95300e+03 1.00854e-12 0.00000e+00
1.95400e+03 9.17350e-13 0.00000e+00
1.95500e+03 1.00639e-12 0.00000e+00
1.95600e+03 9.52423e-13 0.00000e+00
1.95700e+03 9.58862e-13 0.00000e+00
1.95800e+03 9.28184e-13 0.00000e+00
1.95900e+03 8.91798e-13 0.00000e+00
1.96000e+03 9.94121e-13 0.00000e+00
1.96100e+03 9.47783e-13 0.00000e+00
1.96200e+03 8.45924e-13 0.00000e+00
1.96300e+03 1.02674e-12 0.00000e+00
1.96400e+03 9.13353e-13 0.00000e+00
1.96500e+03 1.00917e-12 0.00000e+00
1.96600e+03 9.46379e-13 0.00000e+00
1.96700e+03 9.32247e-13 0.00000e+00
1.96800e+03 9.29082e-13 0.00000e+00
1.96900e+03 9.02946e-13 0.00000e+00
1.97000e+03 9.20431e-13 0.00000e+00
1.97100e+03 9.22756e-13 0.00000e+00
1.97200e+03 9.11198e-13 0.00000e+00
1.97300e+03 8.93756e-13 0.00000e+00
1.97400e+03 8.98701e-13 0.00000e+00
1.97500e+03 8.93541e-13 0.00000e+00
1.97600e+03 8.96314e-13 0.00000e+00
1.97700e+03 9.58932e-13 0.00000e+00
1.97800e+03 8.93787e-13 0.00000e+00
1.97900e+03 9.56436e-13 0.00000e+00
1.98000e+03 8.93610e-13 0.00000e+00
1.98100e+03 8.81687e-13 0.00000e+00
1.98200e+03 9.07002e-13 0.00000e+00
1.98300e+03 8.70427e-13 0.00000e+00
1.98400e+03 8.28728e-13 0.00000e+00
1.98500e+03 8.98980e-13 0.00000e+00
1.98600e+03 8.98785e-13 0.00000e+00
1.98700e+03 9.01265e-13 0.00000e+00
1.98800e+03 9.31236e-13 0.00000e+00
1.98900e+03 8.43052e-13 0.00000e+00
1.99000e+03 8.78366e-13 0.00000e+00
1.99100e+03 9.23852e-13 0.00000e+00
1.99200e+03 8.81373e-13 0.00000e+00
1.99300e+03 8.77989e-13 0.00000e+00
1.99400e+03 8.83213e-13 0.00000e+00
1.99500e+03 8.25877e-13 0.00000e+00
1.99600e+03 8.57097e-13 0.00000e+00
1.99700e+03 8.27727e-13 0.00000e+00
1.99800e+03 8.43984e-13 0.00000e+00
1.99900e+03 8.67402e-13 0.00000e+00
2.00000e+03 8.49313e-13 0.00000e+00
