0.00000e+00 0.00000e+00 0.00000e+00
1.00000e+00 0.00000e+00 0.00000e+00
2.00000e+00 0.00000e+00 0.00000e+00
3.00000e+00 0.00000e+00 0.00000e+00
4.00000e+00 0.00000e+00 0.00000e+00
5.00000e+00 0.00000e+00 0.00000e+00
6.00000e+00 0.00000e+00 0.00000e+00
7.00000e+00 0.00000e+00 0.00000e+00
8.00000e+00 0.00000e+00 0.00000e+00
9.00000e+00 0.00000e+00 0.00000e+00
1.00000e+01 0.00000e+00 0.00000e+00
1.10000e+01 0.00000e+00 0.00000e+00
1.20000e+01 0.00000e+00 0.00000e+00
1.30000e+01 0.00000e+00 0.00000e+00
1.40000e+01 0.00000e+00 0.00000e+00
1.50000e+01 0.00000e+00 0.00000e+00
1.60000e+01 0.00000e+00 0.00000e+00
1.70000e+01 0.00000e+00 0.00000e+00
1.80000e+01 0.00000e+00 0.00000e+00
1.90000e+01 0.00000e+00 0.00000e+00
2.00000e+01 0.00000e+00 0.00000e+00
2.10000e+01 0.00000e+00 0.00000e+00
2.20000e+01 0.00000e+00 0.00000e+00
2.30000e+01 0.00000e+00 0.00000e+00
2.40000e+01 0.00000e+00 0.00000e+00
2.50000e+01 0.00000e+00 0.00000e+00
2.60000e+01 0.00000e+00 0.00000e+00
2.70000e+01 0.00000e+00 0.00000e+00
2.80000e+01 0.00000e+00 0.00000e+00
2.90000e+01 0.00000e+00 0.00000e+00
3.00000e+01 0.00000e+00 0.00000e+00
3.10000e+01 0.00000e+00 0.00000e+00
3.20000e+01 0.00000e+00 0.00000e+00
3.30000e+01 0.00000e+00 0.00000e+00
3.40000e+01 0.00000e+00 0.00000e+00
3.50000e+01 0.00000e+00 0.00000e+00
3.60000e+01 0.00000e+00 0.00000e+00
3.70000e+01 0.00000e+00 0.00000e+00
3.80000e+01 0.00000e+00 0.00000e+00
3.90000e+01 0.00000e+00 0.00000e+00
4.00000e+01 0.00000e+00 0.00000e+00
4.10000e+01 0.00000e+00 0.00000e+00
4.20000e+01 0.00000e+00 0.00000e+00
4.30000e+01 0.00000e+00 0.00000e+00
4.40000e+01 0.00000e+00 0.00000e+00
4.50000e+01 0.00000e+00 0.00000e+00
4.60000e+01 0.00000e+00 0.00000e+00
4.70000e+01 0.00000e+00 0.00000e+00
4.80000e+01 0.00000e+00 0.00000e+00
4.90000e+01 0.00000e+00 0.00000e+00
5.00000e+01 0.00000e+00 0.00000e+00
5.10000e+01 0.00000e+00 0.00000e+00
5.20000e+01 0.00000e+00 0.00000e+00
5.30000e+01 0.00000e+00 0.00000e+00
5.40000e+01 0.00000e+00 0.00000e+00
5.50000e+01 0.00000e+00 0.00000e+00
5.60000e+01 0.00000e+00 0.00000e+00
5.70000e+01 0.00000e+00 0.00000e+00
5.80000e+01 0.00000e+00 0.00000e+00
5.90000e+01 0.00000e+00 0.00000e+00
6.00000e+01 0.00000e+00 0.00000e+00
6.10000e+01 0.00000e+00 0.00000e+00
6.20000e+01 0.00000e+00 0.00000e+00
6.30000e+01 0.00000e+00 0.00000e+00
6.40000e+01 0.00000e+00 0.00000e+00
6.50000e+01 0.00000e+00 0.00000e+00
6.60000e+01 0.00000e+00 0.00000e+00
6.70000e+01 0.00000e+00 0.00000e+00
6.80000e+01 0.00000e+00 0.00000e+00
6.90000e+01 0.00000e+00 0.00000e+00
7.00000e+01 0.00000e+00 0.00000e+00
7.10000e+01 0.00000e+00 0.00000e+00
7.20000e+01 0.00000e+00 0.00000e+00
7.30000e+01 0.00000e+00 0.00000e+00
7.40000e+01 0.00000e+00 0.00000e+00
7.50000e+01 0.00000e+00 0.00000e+00
7.60000e+01 0.00000e+00 0.00000e+00
7.70000e+01 0.00000e+00 0.00000e+00
7.80000e+01 0.00000e+00 0.00000e+00
7.90000e+01 0.00000e+00 0.00000e+00
8.00000e+01 0.00000e+00 0.00000e+00
8.10000e+01 0.00000e+00 0.00000e+00
8.20000e+01 0.00000e+00 0.00000e+00
8.30000e+01 0.00000e+00 0.00000e+00
8.40000e+01 0.00000e+00 0.00000e+00
8.50000e+01 0.00000e+00 0.00000e+00
8.60000e+01 0.00000e+00 0.00000e+00
8.70000e+01 0.00000e+00 0.00000e+00
8.80000e+01 0.00000e+00 0.00000e+00
8.90000e+01 0.00000e+00 0.00000e+00
9.00000e+01 0.00000e+00 0.00000e+00
9.10000e+01 0.00000e+00 0.00000e+00
9.20000e+01 0.00000e+00 0.00000e+00
9.30000e+01 0.00000e+00 0.00000e+00
9.40000e+01 0.00000e+00 0.00000e+00
9.50000e+01 0.00000e+00 0.00000e+00
9.60000e+01 0.00000e+00 0.00000e+00
9.70000e+01 0.00000e+00 0.00000e+00
9.80000e+01 0.00000e+00 0.00000e+00
9.90000e+01 0.00000e+00 0.00000e+00
1.00000e+02 4.85144e-11 0.00000e+00
1.01000e+02 6.04885e-11 0.00000e+00
1.02000e+02 5.37844e-11 0.00000e+00
1.03000e+02 5.09929e-11 0.00000e+00
1.04000e+02 4.89450e-11 0.00000e+00
1.05000e+02 5.49230e-11 0.00000e+00
1.06000e+02 5.06029e-11 0.00000e+00
1.07000e+02 5.52000e-11 0.00000e+00
1.08000e+02 5.20720e-11 0.00000e+00
1.09000e+02 6.19758e-11 0.00000e+00
1.10000e+02 5.87903e-11 0.00000e+00
1.11000e+02 6.26338e-11 0.00000e+00
1.12000e+02 4.50249e-11 0.00000e+00
1.13000e+02 7.30263e-11 0.00000e+00
1.14000e+02 6.12142e-11 0.00000e+00
1.15000e+02 6.73998e-11 0.00000e+00
1.16000e+02 5.05791e-11 0.00000e+00
1.17000e+02 5.21744e-11 0.00000e+00
1.18000e+02 4.39583e-11 0.00000e+00
1.19000e+02 5.11634e-11 0.00000e+00
1.20000e+02 5.81320e-11 0.00000e+00
1.21000e+02 5.56813e-11 0.00000e+00
1.22000e+02 5.20338e-11 0.00000e+00
1.23000e+02 4.68360e-11 0.00000e+00
1.24000e+02 5.69731e-11 0.00000e+00
1.25000e+02 3.97283e-11 0.00000e+00
1.26000e+02 4.06356e-11 0.00000e+00
1.27000e+02 5.12166e-11 0.00000e+00
1.28000e+02 4.38107e-11 0.00000e+00
1.29000e+02 3.71091e-11 0.00000e+00
1.30000e+02 3.99665e-11 0.00000e+00
1.31000e+02 5.33606e-11 0.00000e+00
1.32000e+02 3.80060e-11 0.00000e+00
1.33000e+02 4.60609e-11 0.00000e+00
1.34000e+02 4.71645e-11 0.00000e+00
1.35000e+02 3.69167e-11 0.00000e+00
1.36000e+02 4.48730e-11 0.00000e+00
1.37000e+02 4.11502e-11 0.00000e+00
1.38000e+02 4.88624e-11 0.00000e+00
1.39000e+02 4.16858e-11 0.00000e+00
1.40000e+02 4.27523e-11 0.00000e+00
1.41000e+02 4.87610e-11 0.00000e+00
1.42000e+02 4.01453e-11 0.00000e+00
1.43000e+02 4.45402e-11 0.00000e+00
1.44000e+02 4.44614e-11 0.00000e+00
1.45000e+02 4.52459e-11 0.00000e+00
1.46000e+02 4.41644e-11 0.00000e+00
1.47000e+02 3.47260e-11 0.00000e+00
1.48000e+02 3.95498e-11 0.00000e+00
1.49000e+02 3.76109e-11 0.00000e+00
1.50000e+02 4.42513e-11 0.00000e+00
1.51000e+02 3.48089e-11 0.00000e+00
1.52000e+02 3.30469e-11 0.00000e+00
1.53000e+02 3.13755e-11 0.00000e+00
1.54000e+02 4.43760e-11 0.00000e+00
1.55000e+02 3.84949e-11 0.00000e+00
1.56000e+02 3.00527e-11 0.00000e+00
1.57000e+02 4.21765e-11 0.00000e+00
1.58000e+02 3.36893e-11 0.00000e+00
1.59000e+02 3.43002e-11 0.00000e+00
1.60000e+02 3.57910e-11 0.00000e+00
1.61000e+02 3.45305e-11 0.00000e+00
1.62000e+02 3.68800e-11 0.00000e+00
1.63000e+02 3.46716e-11 0.00000e+00
1.64000e+02 4.09991e-11 0.00000e+00
1.65000e+02 2.81260e-11 0.00000e+00
1.66000e+02 3.31868e-11 0.00000e+00
1.67000e+02 3.96681e-11 0.00000e+00
1.68000e+02 2.83604e-11 0.00000e+00
1.69000e+02 3.57837e-11 0.00000e+00
1.70000e+02 4.18009e-11 0.00000e+00
1.71000e+02 3.49577e-11 0.00000e+00
1.72000e+02 3.49161e-11 0.00000e+00
1.73000e+02 3.74216e-11 0.00000e+00
1.74000e+02 3.04285e-11 0.00000e+00
1.75000e+02 3.20189e-11 0.00000e+00
1.76000e+02 3.49037e-11 0.00000e+00
1.77000e+02 2.77069e-11 0.00000e+00
1.78000e+02 2.99652e-11 0.00000e+00
1.79000e+02 3.24319e-11 0.00000e+00
1.80000e+02 3.91205e-11 0.00000e+00
1.81000e+02 3.32153e-11 0.00000e+00
1.82000e+02 4.19388e-11 0.00000e+00
1.83000e+02 3.14894e-11 0.00000e+00
1.84000e+02 3.59974e-11 0.00000e+00
1.85000e+02 3.28952e-11 0.00000e+00
1.86000e+02 3.25711e-11 0.00000e+00
1.87000e+02 3.20427e-11 0.00000e+00
1.88000e+02 3.59106e-11 0.00000e+00
1.89000e+02 3.27652e-11 0.00000e+00
1.90000e+02 2.46294e-11 0.00000e+00
1.91000e+02 2.65077e-11 0.00000e+00
1.92000e+02 2.81850e-11 0.00000e+00
1.93000e+02 2.97102e-11 0.00000e+00
1.94000e+02 2.84379e-11 0.00000e+00
1.95000e+02 2.63612e-11 0.00000e+00
1.96000e+02 2.69944e-11 0.00000e+00
1.97000e+02 2.37832e-11 0.00000e+00
1.98000e+02 3.24113e-11 0.00000e+00
1.99000e+02 2.86322e-11 0.00000e+00
2.00000e+02 2.78286e-11 0.00000e+00
2.01000e+02 2.86670e-11 0.00000e+00
2.02000e+02 2.52165e-11 0.00000e+00
2.03000e+02 3.05432e-11 0.00000e+00
2.04000e+02 2.69906e-11 0.00000e+00
2.05000e+02 2.58701e-11 0.00000e+00
2.06000e+02 3.22098e-11 0.00000e+00
2.07000e+02 2.47444e-11 0.00000e+00
2.08000e+02 2.73231e-11 0.00000e+00
2.09000e+02 2.39673e-11 0.00000e+00
2.10000e+02 3.42471e-11 0.00000e+00
2.11000e+02 2.30075e-11 0.00000e+00
2.12000e+02 3.03626e-11 0.00000e+00
2.13000e+02 2.45406e-11 0.00000e+00
2.14000e+02 2.75137e-11 0.00000e+00
2.15000e+02 2.59312e-11 0.00000e+00
2.16000e+02 3.25069e-11 0.00000e+00
2.17000e+02 2.86795e-11 0.00000e+00
2.18000e+02 3.00169e-11 0.00000e+00
2.19000e+02 2.83609e-11 0.00000e+00
2.20000e+02 2.31062e-11 0.00000e+00
2.21000e+02 2.67095e-11 0.00000e+00
2.22000e+02 2.60966e-11 0.00000e+00
2.23000e+02 2.46860e-11 0.00000e+00
2.24000e+02 2.70288e-11 0.00000e+00
2.25000e+02 2.63243e-11 0.00000e+00
2.26000e+02 2.70116e-11 0.00000e+00
2.27000e+02 2.52611e-11 0.00000e+00
2.28000e+02 2.37263e-11 0.00000e+00
2.29000e+02 2.64657e-11 0.00000e+00
2.30000e+02 2.58101e-11 0.00000e+00
2.31000e+02 2.85537e-11 0.00000e+00
2.32000e+02 2.53534e-11 0.00000e+00
2.33000e+02 2.48413e-11 0.00000e+00
2.34000e+02 2.33990e-11 0.00000e+00
2.35000e+02 2.43720e-11 0.00000e+00
2.36000e+02 2.34820e-11 0.00000e+00
2.37000e+02 2.33245e-11 0.00000e+00
2.38000e+02 2.35679e-11 0.00000e+00
2.39000e+02 2.67200e-11 0.00000e+00
2.40000e+02 2.34765e-11 0.00000e+00
2.41000e+02 2.96030e-11 0.00000e+00
2.42000e+02 2.90370e-11 0.00000e+00
2.43000e+02 2.25370e-11 0.00000e+00
2.44000e+02 2.18853e-11 0.00000e+00
2.45000e+02 2.73541e-11 0.00000e+00
2.46000e+02 2.44559e-11 0.00000e+00
2.47000e+02 2.31528e-11 0.00000e+00
2.48000e+02 2.37336e-11 0.00000e+00
2.49000e+02 2.42912e-11 0.00000e+00
2.50000e+02 2.38393e-11 0.00000e+00
2.51000e+02 2.84580e-11 0.00000e+00
2.52000e+02 2.32889e-11 0.00000e+00
2.53000e+02 2.19695e-11 0.00000e+00
2.54000e+02 2.29916e-11 0.00000e+00
2.55000e+02 2.25455e-11 0.00000e+00
2.56000e+02 2.32494e-11 0.00000e+00
2.57000e+02 2.40251e-11 0.00000e+00
2.58000e+02 2.18662e-11 0.00000e+00
2.59000e+02 2.45863e-11 0.00000e+00
2.60000e+02 2.60325e-11 0.00000e+00
2.61000e+02 2.20647e-11 0.00000e+00
2.62000e+02 2.10440e-11 0.00000e+00
2.63000e+02 2.48689e-11 0.00000e+00
2.64000e+02 2.15101e-11 0.00000e+00
2.65000e+02 2.37027e-11 0.00000e+00
2.66000e+02 2.20033e-11 0.00000e+00
2.67000e+02 2.61226e-11 0.00000e+00
2.68000e+02 2.12368e-11 0.00000e+00
2.69000e+02 2.35931e-11 0.00000e+00
2.70000e+02 2.49889e-11 0.00000e+00
2.71000e+02 2.16976e-11 0.00000e+00
2.72000e+02 1.87168e-11 0.00000e+00
2.73000e+02 2.30136e-11 0.00000e+00
2.74000e+02 2.43984e-11 0.00000e+00
2.75000e+02 2.29784e-11 0.00000e+00
2.76000e+02 1.76994e-11 0.00000e+00
2.77000e+02 2.08180e-11 0.00000e+00
2.78000e+02 2.08934e-11 0.00000e+00
2.79000e+02 2.14520e-11 0.00000e+00
2.80000e+02 1.95488e-11 0.00000e+00
2.81000e+02 2.23600e-11 0.00000e+00
2.82000e+02 2.01817e-11 0.00000e+00
2.83000e+02 1.85746e-11 0.00000e+00
2.84000e+02 2.00781e-11 0.00000e+00
2.85000e+02 2.26263e-11 0.00000e+00
2.86000e+02 2.66063e-11 0.00000e+00
2.87000e+02 2.16364e-11 0.00000e+00
2.88000e+02 2.26979e-11 0.00000e+00
2.89000e+02 1.87333e-11 0.00000e+00
2.90000e+02 2.42463e-11 0.00000e+00
2.91000e+02 2.06066e-11 0.00000e+00
2.92000e+02 2.04956e-11 0.00000e+00
2.93000e+02 1.79900e-11 0.00000e+00
2.94000e+02 2.04890e-11 0.00000e+00
2.95000e+02 2.19188e-11 0.00000e+00
2.96000e+02 2.26536e-11 0.00000e+00
2.97000e+02 1.77937e-11 0.00000e+00
2.98000e+02 2.35217e-11 0.00000e+00
2.99000e+02 2.16233e-11 0.00000e+00
3.00000e+02 1.93927e-11 0.00000e+00
3.01000e+02 2.08091e-11 0.00000e+00
3.02000e+02 2.17484e-11 0.00000e+00
3.03000e+02 1.87491e-11 0.00000e+00
3.04000e+02 2.20537e-11 0.00000e+00
3.05000e+02 1.98307e-11 0.00000e+00
3.06000e+02 2.39081e-11 0.00000e+00
3.07000e+02 2.17108e-11 0.00000e+00
3.08000e+02 2.14420e-11 0.00000e+00
3.09000e+02 2.36644e-11 0.00000e+00
3.10000e+02 2.31809e-11 0.00000e+00
3.11000e+02 1.71929e-11 0.00000e+00
3.12000e+02 2.07748e-11 0.00000e+00
3.13000e+02 2.10716e-11 0.00000e+00
3.14000e+02 1.69942e-11 0.00000e+00
3.15000e+02 1.87396e-11 0.00000e+00
3.16000e+02 2.10613e-11 0.00000e+00
3.17000e+02 1.89732e-11 0.00000e+00
3.18000e+02 1.96674e-11 0.00000e+00
3.19000e+02 1.70461e-11 0.00000e+00
3.20000e+02 1.77920e-11 0.00000e+00
3.21000e+02 1.95302e-11 0.00000e+00
3.22000e+02 2.22837e-11 0.00000e+00
3.23000e+02 2.03131e-11 0.00000e+00
3.24000e+02 1.72133e-11 0.00000e+00
3.25000e+02 1.77566e-11 0.00000e+00
3.26000e+02 1.83899e-11 0.00000e+00
3.27000e+02 2.03735e-11 0.00000e+00
3.28000e+02 1.78251e-11 0.00000e+00
3.29000e+02 1.80572e-11 0.00000e+00
3.30000e+02 1.74885e-11 0.00000e+00
3.31000e+02 2.16047e-11 0.00000e+00
3.32000e+02 1.58663e-11 0.00000e+00
3.33000e+02 1.91004e-11 0.00000e+00
3.34000e+02 1.98181e-11 0.00000e+00
3.35000e+02 1.93523e-11 0.00000e+00
3.36000e+02 2.16343e-11 0.00000e+00
3.37000e+02 2.15796e-11 0.00000e+00
3.38000e+02 1.68950e-11 0.00000e+00
3.39000e+02 1.88556e-11 0.00000e+00
3.40000e+02 1.86253e-11 0.00000e+00
3.41000e+02 1.96879e-11 0.00000e+00
3.42000e+02 1.63705e-11 0.00000e+00
3.43000e+02 1.78627e-11 0.00000e+00
3.44000e+02 1.93093e-11 0.00000e+00
3.45000e+02 1.82825e-11 0.00000e+00
3.46000e+02 1.94909e-11 0.00000e+00
3.47000e+02 1.29794e-11 0.00000e+00
3.48000e+02 1.71647e-11 0.00000e+00
3.49000e+02 1.74480e-11 0.00000e+00
3.50000e+02 1.70923e-11 0.00000e+00
3.51000e+02 1.70504e-11 0.00000e+00
3.52000e+02 2.03266e-11 0.00000e+00
3.53000e+02 1.70023e-11 0.00000e+00
3.54000e+02 1.77158e-11 0.00000e+00
3.55000e+02 1.75268e-11 0.00000e+00
3.56000e+02 1.71541e-11 0.00000e+00
3.57000e+02 1.50266e-11 0.00000e+00
3.58000e+02 2.00226e-11 0.00000e+00
3.59000e+02 1.56296e-11 0.00000e+00
3.60000e+02 1.66520e-11 0.00000e+00
3.61000e+02 1.62113e-11 0.00000e+00
3.62000e+02 1.88355e-11 0.00000e+00
3.63000e+02 1.71611e-11 0.00000e+00
3.64000e+02 1.62898e-11 0.00000e+00
3.65000e+02 1.59310e-11 0.00000e+00
3.66000e+02 1.73751e-11 0.00000e+00
3.67000e+02 1.84362e-11 0.00000e+00
3.68000e+02 2.16634e-11 0.00000e+00
3.69000e+02 1.71412e-11 0.00000e+00
3.70000e+02 1.66153e-11 0.00000e+00
3.71000e+02 1.43467e-11 0.00000e+00
3.72000e+02 1.80878e-11 0.00000e+00
3.73000e+02 1.69440e-11 0.00000e+00
3.74000e+02 1.70295e-11 0.00000e+00
3.75000e+02 1.76201e-11 0.00000e+00
3.76000e+02 1.77443e-11 0.00000e+00
3.77000e+02 1.65975e-11 0.00000e+00
3.78000e+02 1.79200e-11 0.00000e+00
3.79000e+02 1.39826e-11 0.00000e+00
3.80000e+02 1.81803e-11 0.00000e+00
3.81000e+02 1.63763e-11 0.00000e+00
3.82000e+02 1.73560e-11 0.00000e+00
3.83000e+02 2.01625e-11 0.00000e+00
3.84000e+02 1.61360e-11 0.00000e+00
3.85000e+02 1.57514e-11 0.00000e+00
3.86000e+02 1.50534e-11 0.00000e+00
3.87000e+02 1.68546e-11 0.00000e+00
3.88000e+02 1.64239e-11 0.00000e+00
3.89000e+02 1.63505e-11 0.00000e+00
3.90000e+02 1.58477e-11 0.00000e+00
3.91000e+02 1.49874e-11 0.00000e+00
3.92000e+02 1.93445e-11 0.00000e+00
3.93000e+02 1.63457e-11 0.00000e+00
3.94000e+02 1.41870e-11 0.00000e+00
3.95000e+02 1.49415e-11 0.00000e+00
3.96000e+02 1.68616e-11 0.00000e+00
3.97000e+02 1.68691e-11 0.00000e+00
3.98000e+02 1.72532e-11 0.00000e+00
3.99000e+02 1.54247e-11 0.00000e+00
4.00000e+02 1.45921e-11 0.00000e+00
4.01000e+02 1.60025e-11 0.00000e+00
4.02000e+02 1.56074e-11 0.00000e+00
4.03000e+02 1.72776e-11 0.00000e+00
4.04000e+02 1.64410e-11 0.00000e+00
4.05000e+02 1.64532e-11 0.00000e+00
4.06000e+02 1.45042e-11 0.00000e+00
4.07000e+02 1.77072e-11 0.00000e+00
4.08000e+02 1.62471e-11 0.00000e+00
4.09000e+02 1.47531e-11 0.00000e+00
4.10000e+02 1.48178e-11 0.00000e+00
4.11000e+02 1.62819e-11 0.00000e+00
4.12000e+02 1.30261e-11 0.00000e+00
4.13000e+02 1.69707e-11 0.00000e+00
4.14000e+02 1.62386e-11 0.00000e+00
4.15000e+02 1.45596e-11 0.00000e+00
4.16000e+02 1.45801e-11 0.00000e+00
4.17000e+02 1.29961e-11 0.00000e+00
4.18000e+02 1.31970e-11 0.00000e+00
4.19000e+02 1.55584e-11 0.00000e+00
4.20000e+02 1.44162e-11 0.00000e+00
4.21000e+02 1.42508e-11 0.00000e+00
4.22000e+02 1.30664e-11 0.00000e+00
4.23000e+02 1.39969e-11 0.00000e+00
4.24000e+02 1.63092e-11 0.00000e+00
4.25000e+02 1.42810e-11 0.00000e+00
4.26000e+02 1.43277e-11 0.00000e+00
4.27000e+02 1.58583e-11 0.00000e+00
4.28000e+02 1.29046e-11 0.00000e+00
4.29000e+02 1.21476e-11 0.00000e+00
4.30000e+02 1.46048e-11 0.00000e+00
4.31000e+02 1.38196e-11 0.00000e+00
4.32000e+02 1.52363e-11 0.00000e+00
4.33000e+02 1.25709e-11 0.00000e+00
4.34000e+02 1.73162e-11 0.00000e+00
4.35000e+02 1.40645e-11 0.00000e+00
4.36000e+02 1.42644e-11 0.00000e+00
4.37000e+02 1.46605e-11 0.00000e+00
4.38000e+02 1.38327e-11 0.00000e+00
4.39000e+02 1.45902e-11 0.00000e+00
4.40000e+02 1.47169e-11 0.00000e+00
4.41000e+02 1.23355e-11 0.00000e+00
4.42000e+02 1.48025e-11 0.00000e+00
4.43000e+02 1.42144e-11 0.00000e+00
4.44000e+02 1.51862e-11 0.00000e+00
4.45000e+02 1.45580e-11 0.00000e+00
4.46000e+02 1.37707e-11 0.00000e+00
4.47000e+02 1.28275e-11 0.00000e+00
4.48000e+02 1.48846e-11 0.00000e+00
4.49000e+02 1.54173e-11 0.00000e+00
4.50000e+02 1.45044e-11 0.00000e+00
4.51000e+02 1.51235e-11 0.00000e+00
4.52000e+02 1.64420e-11 0.00000e+00
4.53000e+02 1.56105e-11 0.00000e+00
4.54000e+02 1.34615e-11 0.00000e+00
4.55000e+02 1.33241e-11 0.00000e+00
4.56000e+02 1.34225e-11 0.00000e+00
4.57000e+02 1.41856e-11 0.00000e+00
4.58000e+02 1.39013e-11 0.00000e+00
4.59000e+02 1.38468e-11 0.00000e+00
4.60000e+02 1.34661e-11 0.00000e+00
4.61000e+02 1.48605e-11 0.00000e+00
4.62000e+02 1.52918e-11 0.00000e+00
4.63000e+02 1.39854e-11 0.00000e+00
4.64000e+02 1.29690e-11 0.00000e+00
4.65000e+02 1.21334e-11 0.00000e+00
4.66000e+02 1.23216e-11 0.00000e+00
4.67000e+02 1.29948e-11 0.00000e+00
4.68000e+02 1.47375e-11 0.00000e+00
4.69000e+02 1.26206e-11 0.00000e+00
4.70000e+02 1.29595e-11 0.00000e+00
4.71000e+02 1.17098e-11 0.00000e+00
4.72000e+02 1.50277e-11 0.00000e+00
4.73000e+02 1.31522e-11 0.00000e+00
4.74000e+02 1.40609e-11 0.00000e+00
4.75000e+02 1.40003e-11 0.00000e+00
4.76000e+02 1.35713e-11 0.00000e+00
4.77000e+02 1.22466e-11 0.00000e+00
4.78000e+02 1.39069e-11 0.00000e+00
4.79000e+02 1.44758e-11 0.00000e+00
4.80000e+02 1.30822e-11 0.00000e+00
4.81000e+02 1.33425e-11 0.00000e+00
4.82000e+02 1.29529e-11 0.00000e+00
4.83000e+02 1.37318e-11 0.00000e+00
4.84000e+02 1.46679e-11 0.00000e+00
4.85000e+02 1.27848e-11 0.00000e+00
4.86000e+02 1.19530e-11 0.00000e+00
4.87000e+02 1.38680e-11 0.00000e+00
4.88000e+02 1.16300e-11 0.00000e+00
4.89000e+02 1.34185e-11 0.00000e+00
4.90000e+02 1.40660e-11 0.00000e+00
4.91000e+02 1.27834e-11 0.00000e+00
4.92000e+02 1.40558e-11 0.00000e+00
4.93000e+02 1.51174e-11 0.00000e+00
4.94000e+02 1.50963e-11 0.00000e+00
4.95000e+02 1.28329e-11 0.00000e+00
4.96000e+02 1.42199e-11 0.00000e+00
4.97000e+02 1.32372e-11 0.00000e+00
4.98000e+02 1.33930e-11 0.00000e+00
4.99000e+02 1.27138e-11 0.00000e+00
5.00000e+02 1.22100e-11 0.00000e+00
5.01000e+02 1.35971e-11 0.00000e+00
5.02000e+02 1.36425e-11 0.00000e+00
5.03000e+02 1.27384e-11 0.00000e+00
5.04000e+02 1.30729e-11 0.00000e+00
5.05000e+02 1.30888e-11 0.00000e+00
5.06000e+02 1.22832e-11 0.00000e+00
5.07000e+02 1.26429e-11 0.00000e+00
5.08000e+02 1.42593e-11 0.00000e+00
5.09000e+02 1.32319e-11 0.00000e+00
5.10000e+02 1.29305e-11 0.00000e+00
5.11000e+02 1.28253e-11 0.00000e+00
5.12000e+02 1.35203e-11 0.00000e+00
5.13000e+02 1.19318e-11 0.00000e+00
5.14000e+02 1.26755e-11 0.00000e+00
5.15000e+02 1.17156e-11 0.00000e+00
5.16000e+02 1.14590e-11 0.00000e+00
5.17000e+02 1.29449e-11 0.00000e+00
5.18000e+02 1.10637e-11 0.00000e+00
5.19000e+02 1.35033e-11 0.00000e+00
5.20000e+02 1.19998e-11 0.00000e+00
5.21000e+02 1.19050e-11 0.00000e+00
5.22000e+02 1.21207e-11 0.00000e+00
5.23000e+02 1.22946e-11 0.00000e+00
5.24000e+02 1.09852e-11 0.00000e+00
5.25000e+02 1.24104e-11 0.00000e+00
5.26000e+02 9.98166e-12 0.00000e+00
5.27000e+02 1.17584e-11 0.00000e+00
5.28000e+02 1.30544e-11 0.00000e+00
5.29000e+02 1.23808e-11 0.00000e+00
5.30000e+02 1.13537e-11 0.00000e+00
5.31000e+02 1.18376e-11 0.00000e+00
5.32000e+02 1.08662e-11 0.00000e+00
5.33000e+02 1.26870e-11 0.00000e+00
5.34000e+02 1.24027e-11 0.00000e+00
5.35000e+02 1.09514e-11 0.00000e+00
5.36000e+02 1.31090e-11 0.00000e+00
5.37000e+02 1.15939e-11 0.00000e+00
5.38000e+02 1.06181e-11 0.00000e+00
5.39000e+02 1.27561e-11 0.00000e+00
5.40000e+02 1.29277e-11 0.00000e+00
5.41000e+02 1.27560e-11 0.00000e+00
5.42000e+02 1.16349e-11 0.00000e+00
5.43000e+02 1.05032e-11 0.00000e+00
5.44000e+02 1.12391e-11 0.00000e+00
5.45000e+02 1.42260e-11 0.00000e+00
5.46000e+02 1.13148e-11 0.00000e+00
5.47000e+02 1.20190e-11 0.00000e+00
5.48000e+02 1.15909e-11 0.00000e+00
5.49000e+02 1.21789e-11 0.00000e+00
5.50000e+02 1.16139e-11 0.00000e+00
5.51000e+02 1.11606e-11 0.00000e+00
5.52000e+02 1.22621e-11 0.00000e+00
5.53000e+02 1.16769e-11 0.00000e+00
5.54000e+02 1.08174e-11 0.00000e+00
5.55000e+02 9.84328e-12 0.00000e+00
5.56000e+02 1.31306e-11 0.00000e+00
5.57000e+02 1.22895e-11 0.00000e+00
5.58000e+02 1.06892e-11 0.00000e+00
5.59000e+02 1.19316e-11 0.00000e+00
5.60000e+02 1.19955e-11 0.00000e+00
5.61000e+02 1.20265e-11 0.00000e+00
5.62000e+02 1.04236e-11 0.00000e+00
5.63000e+02 1.18894e-11 0.00000e+00
5.64000e+02 1.13299e-11 0.00000e+00
5.65000e+02 1.12369e-11 0.00000e+00
5.66000e+02 1.02394e-11 0.00000e+00
5.67000e+02 1.05111e-11 0.00000e+00
5.68000e+02 1.02522e-11 0.00000e+00
5.69000e+02 1.03662e-11 0.00000e+00
5.70000e+02 1.11295e-11 0.00000e+00
5.71000e+02 1.20937e-11 0.00000e+00
5.72000e+02 1.21567e-11 0.00000e+00
5.73000e+02 1.21053e-11 0.00000e+00
5.74000e+02 1.07381e-11 0.00000e+00
5.75000e+02 1.02023e-11 0.00000e+00
5.76000e+02 1.12681e-11 0.00000e+00
5.77000e+02 1.04634e-11 0.00000e+00
5.78000e+02 1.07954e-11 0.00000e+00
5.79000e+02 1.14118e-11 0.00000e+00
5.80000e+02 1.04153e-11 0.00000e+00
5.81000e+02 1.09873e-11 0.00000e+00
5.82000e+02 9.38563e-12 0.00000e+00
5.83000e+02 1.03444e-11 0.00000e+00
5.84000e+02 1.14558e-11 0.00000e+00
5.85000e+02 1.12810e-11 0.00000e+00
5.86000e+02 9.89251e-12 0.00000e+00
5.87000e+02 1.12405e-11 0.00000e+00
5.88000e+02 9.41396e-12 0.00000e+00
5.89000e+02 1.03458e-11 0.00000e+00
5.90000e+02 1.06220e-11 0.00000e+00
5.91000e+02 1.17986e-11 0.00000e+00
5.92000e+02 1.17921e-11 0.00000e+00
5.93000e+02 1.25077e-11 0.00000e+00
5.94000e+02 1.09509e-11 0.00000e+00
5.95000e+02 1.08898e-11 0.00000e+00
5.96000e+02 1.08797e-11 0.00000e+00
5.97000e+02 9.73043e-12 0.00000e+00
5.98000e+02 1.00249e-11 0.00000e+00
5.99000e+02 1.07284e-11 0.00000e+00
6.00000e+02 1.08570e-11 0.00000e+00
6.01000e+02 1.07354e-11 0.00000e+00
6.02000e+02 1.06224e-11 0.00000e+00
6.03000e+02 1.07003e-11 0.00000e+00
6.04000e+02 1.02818e-11 0.00000e+00
6.05000e+02 1.00574e-11 0.00000e+00
6.06000e+02 1.02719e-11 0.00000e+00
6.07000e+02 1.04136e-11 0.00000e+00
6.08000e+02 1.08077e-11 0.00000e+00
6.09000e+02 9.55037e-12 0.00000e+00
6.10000e+02 1.06367e-11 0.00000e+00
6.11000e+02 9.54421e-12 0.00000e+00
6.12000e+02 1.09814e-11 0.00000e+00
6.13000e+02 1.04554e-11 0.00000e+00
6.14000e+02 1.05447e-11 0.00000e+00
6.15000e+02 9.85650e-12 0.00000e+00
6.16000e+02 9.77189e-12 0.00000e+00
6.17000e+02 1.04960e-11 0.00000e+00
6.18000e+02 1.03272e-11 0.00000e+00
6.19000e+02 1.01018e-11 0.00000e+00
6.20000e+02 1.10062e-11 0.00000e+00
6.21000e+02 1.03229e-11 0.00000e+00
6.22000e+02 9.67763e-12 0.00000e+00
6.23000e+02 1.05618e-11 0.00000e+00
6.24000e+02 1.11275e-11 0.00000e+00
6.25000e+02 9.64521e-12 0.00000e+00
6.26000e+02 9.14999e-12 0.00000e+00
6.27000e+02 1.05170e-11 0.00000e+00
6.28000e+02 1.06474e-11 0.00000e+00
6.29000e+02 1.00471e-11 0.00000e+00
6.30000e+02 9.67908e-12 0.00000e+00
6.31000e+02 9.56501e-12 0.00000e+00
6.32000e+02 1.01524e-11 0.00000e+00
6.33000e+02 8.82687e-12 0.00000e+00
6.34000e+02 9.79616e-12 0.00000e+00
6.35000e+02 1.03639e-11 0.00000e+00
6.36000e+02 1.09064e-11 0.00000e+00
6.37000e+02 1.08759e-11 0.00000e+00
6.38000e+02 9.88198e-12 0.00000e+00
6.39000e+02 9.02285e-12 0.00000e+00
6.40000e+02 1.05205e-11 0.00000e+00
6.41000e+02 9.98508e-12 0.00000e+00
6.42000e+02 9.00521e-12 0.00000e+00
6.43000e+02 1.00532e-11 0.00000e+00
6.44000e+02 1.10567e-11 0.00000e+00
6.45000e+02 9.27524e-12 0.00000e+00
6.46000e+02 1.04258e-11 0.00000e+00
6.47000e+02 9.49135e-12 0.00000e+00
6.48000e+02 8.97264e-12 0.00000e+00
6.49000e+02 9.64409e-12 0.00000e+00
6.50000e+02 1.03052e-11 0.00000e+00
6.51000e+02 9.90325e-12 0.00000e+00
6.52000e+02 1.03125e-11 0.00000e+00
6.53000e+02 9.99580e-12 0.00000e+00
6.54000e+02 9.50994e-12 0.00000e+00
6.55000e+02 9.70776e-12 0.00000e+00
6.56000e+02 1.09251e-11 0.00000e+00
6.57000e+02 1.04491e-11 0.00000e+00
6.58000e+02 9.67053e-12 0.00000e+00
6.59000e+02 1.03598e-11 0.00000e+00
6.60000e+02 8.69567e-12 0.00000e+00
6.61000e+02 8.90949e-12 0.00000e+00
6.62000e+02 9.58188e-12 0.00000e+00
6.63000e+02 9.14251e-12 0.00000e+00
6.64000e+02 8.88966e-12 0.00000e+00
6.65000e+02 9.83264e-12 0.00000e+00
6.66000e+02 9.93959e-12 0.00000e+00
6.67000e+02 1.01074e-11 0.00000e+00
6.68000e+02 8.24922e-12 0.00000e+00
6.69000e+02 9.41495e-12 0.00000e+00
6.70000e+02 8.83060e-12 0.00000e+00
6.71000e+02 1.03479e-11 0.00000e+00
6.72000e+02 8.79427e-12 0.00000e+00
6.73000e+02 9.04435e-12 0.00000e+00
6.74000e+02 9.40790e-12 0.00000e+00
6.75000e+02 8.65925e-12 0.00000e+00
6.76000e+02 1.01378e-11 0.00000e+00
6.77000e+02 8.47940e-12 0.00000e+00
6.78000e+02 1.04019e-11 0.00000e+00
6.79000e+02 8.66642e-12 0.00000e+00
6.80000e+02 9.53261e-12 0.00000e+00
6.81000e+02 9.73441e-12 0.00000e+00
6.82000e+02 9.49656e-12 0.00000e+00
6.83000e+02 9.71663e-12 0.00000e+00
6.84000e+02 8.67663e-12 0.00000e+00
6.85000e+02 9.94109e-12 0.00000e+00
6.86000e+02 7.83517e-12 0.00000e+00
6.87000e+02 8.57607e-12 0.00000e+00
6.88000e+02 9.31142e-12 0.00000e+00
6.89000e+02 8.93851e-12 0.00000e+00
6.90000e+02 9.01721e-12 0.00000e+00
6.91000e+02 9.38415e-12 0.00000e+00
6.92000e+02 8.85657e-12 0.00000e+00
6.93000e+02 9.04192e-12 0.00000e+00
6.94000e+02 9.72502e-12 0.00000e+00
6.95000e+02 9.04724e-12 0.00000e+00
6.96000e+02 9.05798e-12 0.00000e+00
6.97000e+02 9.04862e-12 0.00000e+00
6.98000e+02 8.46132e-12 0.00000e+00
6.99000e+02 8.51570e-12 0.00000e+00
7.00000e+02 9.37816e-12 0.00000e+00
7.01000e+02 9.41262e-12 0.00000e+00
7.02000e+02 8.29069e-12 0.00000e+00
7.03000e+02 7.46262e-12 0.00000e+00
7.04000e+02 8.05920e-12 0.00000e+00
7.05000e+02 8.86683e-12 0.00000e+00
7.06000e+02 9.02734e-12 0.00000e+00
7.07000e+02 9.87097e-12 0.00000e+00
7.08000e+02 8.56923e-12 0.00000e+00
7.09000e+02 9.05155e-12 0.00000e+00
7.10000e+02 8.96325e-12 0.00000e+00
7.11000e+02 8.82256e-12 0.00000e+00
7.12000e+02 8.30018e-12 0.00000e+00
7.13000e+02 8.99293e-12 0.00000e+00
7.14000e+02 8.58001e-12 0.00000e+00
7.15000e+02 8.07846e-12 0.00000e+00
7.16000e+02 7.90132e-12 0.00000e+00
7.17000e+02 8.47400e-12 0.00000e+00
7.18000e+02 9.19413e-12 0.00000e+00
7.19000e+02 8.12379e-12 0.00000e+00
7.20000e+02 7.95277e-12 0.00000e+00
7.21000e+02 8.48318e-12 0.00000e+00
7.22000e+02 8.76707e-12 0.00000e+00
7.23000e+02 7.57425e-12 0.00000e+00
7.24000e+02 7.91376e-12 0.00000e+00
7.25000e+02 8.89206e-12 0.00000e+00
7.26000e+02 7.46819e-12 0.00000e+00
7.27000e+02 8.89248e-12 0.00000e+00
7.28000e+02 9.05792e-12 0.00000e+00
7.29000e+02 8.67870e-12 0.00000e+00
7.30000e+02 8.57032e-12 0.00000e+00
7.31000e+02 8.46128e-12 0.00000e+00
7.32000e+02 9.06771e-12 0.00000e+00
7.33000e+02 8.33402e-12 0.00000e+00
7.34000e+02 9.47316e-12 0.00000e+00
7.35000e+02 9.65110e-12 0.00000e+00
7.36000e+02 8.08210e-12 0.00000e+00
7.37000e+02 8.79452e-12 0.00000e+00
7.38000e+02 8.06460e-12 0.00000e+00
7.39000e+02 8.54059e-12 0.00000e+00
7.40000e+02 8.31084e-12 0.00000e+00
7.41000e+02 9.64234e-12 0.00000e+00
7.42000e+02 8.14245e-12 0.00000e+00
7.43000e+02 8.41032e-12 0.00000e+00
7.44000e+02 7.53341e-12 0.00000e+00
7.45000e+02 8.81293e-12 0.00000e+00
7.46000e+02 7.32317e-12 0.00000e+00
7.47000e+02 7.99909e-12 0.00000e+00
7.48000e+02 7.60871e-12 0.00000e+00
7.49000e+02 8.39199e-12 0.00000e+00
7.50000e+02 8.55535e-12 0.00000e+00
7.51000e+02 8.38301e-12 0.00000e+00
7.52000e+02 8.10716e-12 0.00000e+00
7.53000e+02 8.39623e-12 0.00000e+00
7.54000e+02 8.65459e-12 0.00000e+00
7.55000e+02 7.57379e-12 0.00000e+00
7.56000e+02 8.03484e-12 0.00000e+00
7.57000e+02 8.79359e-12 0.00000e+00
7.58000e+02 8.46918e-12 0.00000e+00
7.59000e+02 8.37100e-12 0.00000e+00
7.60000e+02 8.49647e-12 0.00000e+00
7.61000e+02 8.07747e-12 0.00000e+00
7.62000e+02 8.02324e-12 0.00000e+00
7.63000e+02 7.33815e-12 0.00000e+00
7.64000e+02 7.91712e-12 0.00000e+00
7.65000e+02 8.12032e-12 0.00000e+00
7.66000e+02 7.27982e-12 0.00000e+00
7.67000e+02 8.85327e-12 0.00000e+00
7.68000e+02 7.96897e-12 0.00000e+00
7.69000e+02 7.15650e-12 0.00000e+00
7.70000e+02 8.14645e-12 0.00000e+00
7.71000e+02 7.95001e-12 0.00000e+00
7.72000e+02 8.02357e-12 0.00000e+00
7.73000e+02 7.87123e-12 0.00000e+00
7.74000e+02 7.57700e-12 0.00000e+00
7.75000e+02 7.86005e-12 0.00000e+00
7.76000e+02 7.03492e-12 0.00000e+00
7.77000e+02 8.13996e-12 0.00000e+00
7.78000e+02 7.97452e-12 0.00000e+00
7.79000e+02 7.50698e-12 0.00000e+00
7.80000e+02 7.59327e-12 0.00000e+00
7.81000e+02 7.78627e-12 0.00000e+00
7.82000e+02 8.47110e-12 0.00000e+00
7.83000e+02 7.09350e-12 0.00000e+00
7.84000e+02 7.37616e-12 0.00000e+00
7.85000e+02 7.42469e-12 0.00000e+00
7.86000e+02 7.03378e-12 0.00000e+00
7.87000e+02 8.52182e-12 0.00000e+00
7.88000e+02 7.92035e-12 0.00000e+00
7.89000e+02 7.30806e-12 0.00000e+00
7.90000e+02 8.22420e-12 0.00000e+00
7.91000e+02 7.51470e-12 0.00000e+00
7.92000e+02 7.27352e-12 0.00000e+00
7.93000e+02 6.93444e-12 0.00000e+00
7.94000e+02 7.66492e-12 0.00000e+00
7.95000e+02 6.69617e-12 0.00000e+00
7.96000e+02 7.60208e-12 0.00000e+00
7.97000e+02 7.28612e-12 0.00000e+00
7.98000e+02 7.47514e-12 0.00000e+00
7.99000e+02 6.92845e-12 0.00000e+00
8.00000e+02 7.99160e-12 0.00000e+00
8.01000e+02 8.06202e-12 0.00000e+00
8.02000e+02 7.89551e-12 0.00000e+00
8.03000e+02 6.51377e-12 0.00000e+00
8.04000e+02 7.64481e-12 0.00000e+00
8.05000e+02 6.79318e-12 0.00000e+00
8.06000e+02 7.92156e-12 0.00000e+00
8.07000e+02 7.34857e-12 0.00000e+00
8.08000e+02 7.52116e-12 0.00000e+00
8.09000e+02 7.44987e-12 0.00000e+00
8.10000e+02 8.24900e-12 0.00000e+00
8.11000e+02 7.62536e-12 0.00000e+00
8.12000e+02 6.87815e-12 0.00000e+00
8.13000e+02 7.09674e-12 0.00000e+00
8.14000e+02 7.50436e-12 0.00000e+00
8.15000e+02 6.84496e-12 0.00000e+00
8.16000e+02 6.98593e-12 0.00000e+00
8.17000e+02 6.97782e-12 0.00000e+00
8.18000e+02 6.96566e-12 0.00000e+00
8.19000e+02 7.52393e-12 0.00000e+00
8.20000e+02 7.53652e-12 0.00000e+00
8.21000e+02 7.26483e-12 0.00000e+00
8.22000e+02 7.03309e-12 0.00000e+00
8.23000e+02 7.41997e-12 0.00000e+00
8.24000e+02 7.00537e-12 0.00000e+00
8.25000e+02 7.30463e-12 0.00000e+00
8.26000e+02 7.12933e-12 0.00000e+00
8.27000e+02 7.94585e-12 0.00000e+00
8.28000e+02 6.91181e-12 0.00000e+00
8.29000e+02 7.23342e-12 0.00000e+00
8.30000e+02 7.52664e-12 0.00000e+00
8.31000e+02 7.15903e-12 0.00000e+00
8.32000e+02 6.93306e-12 0.00000e+00
8.33000e+02 6.22563e-12 0.00000e+00
8.34000e+02 7.06936e-12 0.00000e+00
8.35000e+02 7.42704e-12 0.00000e+00
8.36000e+02 6.91678e-12 0.00000e+00
8.37000e+02 6.97914e-12 0.00000e+00
8.38000e+02 6.65476e-12 0.00000e+00
8.39000e+02 7.00859e-12 0.00000e+00
8.40000e+02 6.77517e-12 0.00000e+00
8.41000e+02 7.07421e-12 0.00000e+00
8.42000e+02 6.80236e-12 0.00000e+00
8.43000e+02 7.21889e-12 0.00000e+00
8.44000e+02 6.66687e-12 0.00000e+00
8.45000e+02 7.20970e-12 0.00000e+00
8.46000e+02 7.70463e-12 0.00000e+00
8.47000e+02 6.76203e-12 0.00000e+00
8.48000e+02 7.02697e-12 0.00000e+00
8.49000e+02 6.42743e-12 0.00000e+00
8.50000e+02 6.79189e-12 0.00000e+00
8.51000e+02 6.88120e-12 0.00000e+00
8.52000e+02 6.92068e-12 0.00000e+00
8.53000e+02 6.82751e-12 0.00000e+00
8.54000e+02 6.72236e-12 0.00000e+00
8.55000e+02 6.84186e-12 0.00000e+00
8.56000e+02 7.17569e-12 0.00000e+00
8.57000e+02 6.68967e-12 0.00000e+00
8.58000e+02 7.10716e-12 0.00000e+00
8.59000e+02 6.90228e-12 0.00000e+00
8.60000e+02 6.48304e-12 0.00000e+00
8.61000e+02 6.52291e-12 0.00000e+00
8.62000e+02 6.34683e-12 0.00000e+00
8.63000e+02 6.61582e-12 0.00000e+00
8.64000e+02 6.24927e-12 0.00000e+00
8.65000e+02 6.27277e-12 0.00000e+00
8.66000e+02 6.85058e-12 0.00000e+00
8.67000e+02 6.48133e-12 0.00000e+00
8.68000e+02 6.22107e-12 0.00000e+00
8.69000e+02 6.77365e-12 0.00000e+00
8.70000e+02 7.07624e-12 0.00000e+00
8.71000e+02 6.31464e-12 0.00000e+00
8.72000e+02 6.37848e-12 0.00000e+00
8.73000e+02 6.83875e-12 0.00000e+00
8.74000e+02 5.80672e-12 0.00000e+00
8.75000e+02 6.48241e-12 0.00000e+00
8.76000e+02 5.99837e-12 0.00000e+00
8.77000e+02 6.57952e-12 0.00000e+00
8.78000e+02 6.58317e-12 0.00000e+00
8.79000e+02 6.48606e-12 0.00000e+00
8.80000e+02 6.64657e-12 0.00000e+00
8.81000e+02 6.14015e-12 0.00000e+00
8.82000e+02 6.43271e-12 0.00000e+00
8.83000e+02 5.62881e-12 0.00000e+00
8.84000e+02 6.77424e-12 0.00000e+00
8.85000e+02 6.28008e-12 0.00000e+00
8.86000e+02 6.48271e-12 0.00000e+00
8.87000e+02 6.49513e-12 0.00000e+00
8.88000e+02 6.36576e-12 0.00000e+00
8.89000e+02 6.25782e-12 0.00000e+00
8.90000e+02 6.04213e-12 0.00000e+00
8.91000e+02 6.36695e-12 0.00000e+00
8.92000e+02 6.75231e-12 0.00000e+00
8.93000e+02 6.59522e-12 0.00000e+00
8.94000e+02 6.26256e-12 0.00000e+00
8.95000e+02 6.65905e-12 0.00000e+00
8.96000e+02 6.33097e-12 0.00000e+00
8.97000e+02 6.51396e-12 0.00000e+00
8.98000e+02 6.38342e-12 0.00000e+00
8.99000e+02 6.52493e-12 0.00000e+00
9.00000e+02 6.65617e-12 0.00000e+00
9.01000e+02 6.24516e-12 0.00000e+00
9.02000e+02 6.19958e-12 0.00000e+00
9.03000e+02 6.58158e-12 0.00000e+00
9.04000e+02 6.05199e-12 0.00000e+00
9.05000e+02 6.46907e-12 0.00000e+00
9.06000e+02 6.06144e-12 0.00000e+00
9.07000e+02 6.78007e-12 0.00000e+00
9.08000e+02 5.85781e-12 0.00000e+00
9.09000e+02 6.04778e-12 0.00000e+00
9.10000e+02 6.34469e-12 0.00000e+00
9.11000e+02 5.92978e-12 0.00000e+00
9.12000e+02 6.10522e-12 0.00000e+00
9.13000e+02 5.93463e-12 0.00000e+00
9.14000e+02 6.07560e-12 0.00000e+00
9.15000e+02 6.22033e-12 0.00000e+00
9.16000e+02 6.02214e-12 0.00000e+00
9.17000e+02 5.96922e-12 0.00000e+00
9.18000e+02 6.21884e-12 0.00000e+00
9.19000e+02 5.98441e-12 0.00000e+00
9.20000e+02 5.78973e-12 0.00000e+00
9.21000e+02 6.21889e-12 0.00000e+00
9.22000e+02 6.34817e-12 0.00000e+00
9.23000e+02 5.79331e-12 0.00000e+00
9.24000e+02 6.41475e-12 0.00000e+00
9.25000e+02 6.22825e-12 0.00000e+00
9.26000e+02 5.84764e-12 0.00000e+00
9.27000e+02 6.19535e-12 0.00000e+00
9.28000e+02 5.65854e-12 0.00000e+00
9.29000e+02 5.73664e-12 0.00000e+00
9.30000e+02 5.85981e-12 0.00000e+00
9.31000e+02 6.20757e-12 0.00000e+00
9.32000e+02 5.64981e-12 0.00000e+00
9.33000e+02 5.87794e-12 0.00000e+00
9.34000e+02 5.51569e-12 0.00000e+00
9.35000e+02 5.22277e-12 0.00000e+00
9.36000e+02 6.23900e-12 0.00000e+00
9.37000e+02 5.66282e-12 0.00000e+00
9.38000e+02 5.80637e-12 0.00000e+00
9.39000e+02 5.88327e-12 0.00000e+00
9.40000e+02 6.20007e-12 0.00000e+00
9.41000e+02 5.74821e-12 0.00000e+00
9.42000e+02 5.84959e-12 0.00000e+00
9.43000e+02 5.78827e-12 0.00000e+00
9.44000e+02 5.90695e-12 0.00000e+00
9.45000e+02 5.52925e-12 0.00000e+00
9.46000e+02 5.77137e-12 0.00000e+00
9.47000e+02 5.51625e-12 0.00000e+00
9.48000e+02 5.58510e-12 0.00000e+00
9.49000e+02 6.04360e-12 0.00000e+00
9.50000e+02 5.80801e-12 0.00000e+00
9.51000e+02 5.56969e-12 0.00000e+00
9.52000e+02 5.13132e-12 0.00000e+00
9.53000e+02 5.37450e-12 0.00000e+00
9.54000e+02 5.25323e-12 0.00000e+00
9.55000e+02 6.38106e-12 0.00000e+00
9.56000e+02 5.76490e-12 0.00000e+00
9.57000e+02 5.13572e-12 0.00000e+00
9.58000e+02 5.16628e-12 0.00000e+00
9.59000e+02 5.51206e-12 0.00000e+00
9.60000e+02 5.53729e-12 0.00000e+00
9.61000e+02 5.73928e-12 0.00000e+00
9.62000e+02 5.36066e-12 0.00000e+00
9.63000e+02 5.40209e-12 0.00000e+00
9.64000e+02 5.73053e-12 0.00000e+00
9.65000e+02 5.68162e-12 0.00000e+00
9.66000e+02 5.24638e-12 0.00000e+00
9.67000e+02 5.34195e-12 0.00000e+00
9.68000e+02 5.20335e-12 0.00000e+00
9.69000e+02 5.72798e-12 0.00000e+00
9.70000e+02 5.55374e-12 0.00000e+00
9.71000e+02 6.13107e-12 0.00000e+00
9.72000e+02 5.36141e-12 0.00000e+00
9.73000e+02 5.02794e-12 0.00000e+00
9.74000e+02 6.13572e-12 0.00000e+00
9.75000e+02 5.67614e-12 0.00000e+00
9.76000e+02 5.52518e-12 0.00000e+00
9.77000e+02 5.60302e-12 0.00000e+00
9.78000e+02 5.46707e-12 0.00000e+00
9.79000e+02 4.92230e-12 0.00000e+00
9.80000e+02 5.36251e-12 0.00000e+00
9.81000e+02 5.55372e-12 0.00000e+00
9.82000e+02 5.37451e-12 0.00000e+00
9.83000e+02 5.53914e-12 0.00000e+00
9.84000e+02 5.74202e-12 0.00000e+00
9.85000e+02 5.76478e-12 0.00000e+00
9.86000e+02 5.11430e-12 0.00000e+00
9.87000e+02 5.55250e-12 0.00000e+00
9.88000e+02 6.22126e-12 0.00000e+00
9.89000e+02 4.83355e-12 0.00000e+00
9.90000e+02 5.06147e-12 0.00000e+00
9.91000e+02 5.16177e-12 0.00000e+00
9.92000e+02 5.40159e-12 0.00000e+00
9.93000e+02 5.17966e-12 0.00000e+00
9.94000e+02 4.89894e-12 0.00000e+00
9.95000e+02 5.09888e-12 0.00000e+00
9.96000e+02 5.55765e-12 0.00000e+00
9.97000e+02 5.20209e-12 0.00000e+00
9.98000e+02 5.00222e-12 0.00000e+00
9.99000e+02 5.22591e-12 0.00000e+00
1.00000e+03 5.49306e-12 0.00000e+00
1.00100e+03 4.93427e-12 0.00000e+00
1.00200e+03 5.60244e-12 0.00000e+00
1.00300e+03 5.18140e-12 0.00000e+00
1.00400e+03 5.38134e-12 0.00000e+00
1.00500e+03 5.53454e-12 0.00000e+00
1.00600e+03 4.86402e-12 0.00000e+00
1.00700e+03 5.23614e-12 0.00000e+00
1.00800e+03 5.41685e-12 0.00000e+00
1.00900e+03 5.49479e-12 0.00000e+00
1.01000e+03 5.28034e-12 0.00000e+00
1.01100e+03 5.11324e-12 0.00000e+00
1.01200e+03 4.75196e-12 0.00000e+00
1.01300e+03 4.94876e-12 0.00000e+00
1.01400e+03 5.45183e-12 0.00000e+00
1.01500e+03 5.09934e-12 0.00000e+00
1.01600e+03 4.95221e-12 0.00000e+00
1.01700e+03 5.05385e-12 0.00000e+00
1.01800e+03 5.00447e-12 0.00000e+00
1.01900e+03 5.01553e-12 0.00000e+00
1.02000e+03 5.12340e-12 0.00000e+00
1.02100e+03 5.36568e-12 0.00000e+00
1.02200e+03 5.03423e-12 0.00000e+00
1.02300e+03 5.27017e-12 0.00000e+00
1.02400e+03 4.60916e-12 0.00000e+00
1.02500e+03 4.53628e-12 0.00000e+00
1.02600e+03 4.92637e-12 0.00000e+00
1.02700e+03 4.88675e-12 0.00000e+00
1.02800e+03 4.85140e-12 0.00000e+00
1.02900e+03 4.90898e-12 0.00000e+00
1.03000e+03 4.85420e-12 0.00000e+00
1.03100e+03 5.15177e-12 0.00000e+00
1.03200e+03 4.87531e-12 0.00000e+00
1.03300e+03 5.25630e-12 0.00000e+00
1.03400e+03 4.82739e-12 0.00000e+00
1.03500e+03 4.76430e-12 0.00000e+00
1.03600e+03 5.03955e-12 0.00000e+00
1.03700e+03 4.95675e-12 0.00000e+00
1.03800e+03 4.74658e-12 0.00000e+00
1.03900e+03 4.95271e-12 0.00000e+00
1.04000e+03 4.88517e-12 0.00000e+00
1.04100e+03 4.85929e-12 0.00000e+00
1.04200e+03 5.25847e-12 0.00000e+00
1.04300e+03 4.92454e-12 0.00000e+00
1.04400e+03 5.04495e-12 0.00000e+00
1.04500e+03 4.70816e-12 0.00000e+00
1.04600e+03 5.15543e-12 0.00000e+00
1.04700e+03 4.77851e-12 0.00000e+00
1.04800e+03 4.97300e-12 0.00000e+00
1.04900e+03 4.61316e-12 0.00000e+00
1.05000e+03 5.21686e-12 0.00000e+00
1.05100e+03 4.66486e-12 0.00000e+00
1.05200e+03 4.73680e-12 0.00000e+00
1.05300e+03 4.96210e-12 0.00000e+00
1.05400e+03 4.84150e-12 0.00000e+00
1.05500e+03 5.23283e-12 0.00000e+00
1.05600e+03 4.53443e-12 0.00000e+00
1.05700e+03 4.76371e-12 0.00000e+00
1.05800e+03 4.41724e-12 0.00000e+00
1.05900e+03 4.52399e-12 0.00000e+00
1.06000e+03 4.84208e-12 0.00000e+00
1.06100e+03 4.72228e-12 0.00000e+00
1.06200e+03 5.19656e-12 0.00000e+00
1.06300e+03 4.89892e-12 0.00000e+00
1.06400e+03 4.83675e-12 0.00000e+00
1.06500e+03 4.58779e-12 0.00000e+00
1.06600e+03 4.74541e-12 0.00000e+00
1.06700e+03 4.43684e-12 0.00000e+00
1.06800e+03 4.53605e-12 0.00000e+00
1.06900e+03 4.33347e-12 0.00000e+00
1.07000e+03 4.24960e-12 0.00000e+00
1.07100e+03 4.38981e-12 0.00000e+00
1.07200e+03 4.69861e-12 0.00000e+00
1.07300e+03 4.47541e-12 0.00000e+00
1.07400e+03 4.76538e-12 0.00000e+00
1.07500e+03 4.58338e-12 0.00000e+00
1.07600e+03 4.22393e-12 0.00000e+00
1.07700e+03 4.72181e-12 0.00000e+00
1.07800e+03 4.75601e-12 0.00000e+00
1.07900e+03 5.03841e-12 0.00000e+00
1.08000e+03 4.70374e-12 0.00000e+00
1.08100e+03 4.44655e-12 0.00000e+00
1.08200e+03 4.51225e-12 0.00000e+00
1.08300e+03 4.06601e-12 0.00000e+00
1.08400e+03 4.49050e-12 0.00000e+00
1.08500e+03 4.84032e-12 0.00000e+00
1.08600e+03 4.74549e-12 0.00000e+00
1.08700e+03 4.64548e-12 0.00000e+00
1.08800e+03 4.72342e-12 0.00000e+00
1.08900e+03 4.43951e-12 0.00000e+00
1.09000e+03 4.85729e-12 0.00000e+00
1.09100e+03 3.98897e-12 0.00000e+00
1.09200e+03 4.52056e-12 0.00000e+00
1.09300e+03 4.56967e-12 0.00000e+00
1.09400e+03 4.68180e-12 0.00000e+00
1.09500e+03 4.41371e-12 0.00000e+00
1.09600e+03 4.74928e-12 0.00000e+00
1.09700e+03 4.23227e-12 0.00000e+00
1.09800e+03 4.53235e-12 0.00000e+00
1.09900e+03 4.55546e-12 0.00000e+00
1.10000e+03 4.47662e-12 0.00000e+00
1.10100e+03 4.65716e-12 0.00000e+00
1.10200e+03 4.24689e-12 0.00000e+00
1.10300e+03 4.33183e-12 0.00000e+00
1.10400e+03 4.46942e-12 0.00000e+00
1.10500e+03 4.06049e-12 0.00000e+00
1.10600e+03 4.55734e-12 0.00000e+00
1.10700e+03 4.24100e-12 0.00000e+00
1.10800e+03 4.50809e-12 0.00000e+00
1.10900e+03 4.33279e-12 0.00000e+00
1.11000e+03 4.29988e-12 0.00000e+00
1.11100e+03 4.42076e-12 0.00000e+00
1.11200e+03 4.31763e-12 0.00000e+00
1.11300e+03 4.32807e-12 0.00000e+00
1.11400e+03 4.01659e-12 0.00000e+00
1.11500e+03 4.31050e-12 0.00000e+00
1.11600e+03 4.11840e-12 0.00000e+00
1.11700e+03 4.49629e-12 0.00000e+00
1.11800e+03 4.37773e-12 0.00000e+00
1.11900e+03 4.21857e-12 0.00000e+00
1.12000e+03 4.08516e-12 0.00000e+00
1.12100e+03 4.53441e-12 0.00000e+00
1.12200e+03 4.29877e-12 0.00000e+00
1.12300e+03 4.24722e-12 0.00000e+00
1.12400e+03 4.16272e-12 0.00000e+00
1.12500e+03 4.15825e-12 0.00000e+00
1.12600e+03 4.18250e-12 0.00000e+00
1.12700e+03 4.22537e-12 0.00000e+00
1.12800e+03 4.26537e-12 0.00000e+00
1.12900e+03 4.41322e-12 0.00000e+00
1.13000e+03 4.08193e-12 0.00000e+00
1.13100e+03 4.22159e-12 0.00000e+00
1.13200e+03 3.99422e-12 0.00000e+00
1.13300e+03 4.28480e-12 0.00000e+00
1.13400e+03 3.92105e-12 0.00000e+00
1.13500e+03 3.92176e-12 0.00000e+00
1.13600e+03 3.83762e-12 0.00000e+00
1.13700e+03 4.15088e-12 0.00000e+00
1.13800e+03 4.51702e-12 0.00000e+00
1.13900e+03 4.23627e-12 0.00000e+00
1.14000e+03 4.42366e-12 0.00000e+00
1.14100e+03 4.09945e-12 0.00000e+00
1.14200e+03 3.96616e-12 0.00000e+00
1.14300e+03 4.08642e-12 0.00000e+00
1.14400e+03 3.89961e-12 0.00000e+00
1.14500e+03 4.13793e-12 0.00000e+00
1.14600e+03 4.05153e-12 0.00000e+00
1.14700e+03 4.21587e-12 0.00000e+00
1.14800e+03 3.98123e-12 0.00000e+00
1.14900e+03 3.80015e-12 0.00000e+00
1.15000e+03 4.32036e-12 0.00000e+00
1.15100e+03 4.12476e-12 0.00000e+00
1.15200e+03 3.98327e-12 0.00000e+00
1.15300e+03 4.12387e-12 0.00000e+00
1.15400e+03 4.04971e-12 0.00000e+00
1.15500e+03 3.77532e-12 0.00000e+00
1.15600e+03 4.10078e-12 0.00000e+00
1.15700e+03 4.18279e-12 0.00000e+00
1.15800e+03 3.76245e-12 0.00000e+00
1.15900e+03 4.02518e-12 0.00000e+00
1.16000e+03 3.64248e-12 0.00000e+00
1.16100e+03 3.94546e-12 0.00000e+00
1.16200e+03 3.94975e-12 0.00000e+00
1.16300e+03 3.92836e-12 0.00000e+00
1.16400e+03 3.90936e-12 0.00000e+00
1.16500e+03 3.93439e-12 0.00000e+00
1.16600e+03 4.17446e-12 0.00000e+00
1.16700e+03 3.87249e-12 0.00000e+00
1.16800e+03 3.80336e-12 0.00000e+00
1.16900e+03 4.05045e-12 0.00000e+00
1.17000e+03 3.65712e-12 0.00000e+00
1.17100e+03 3.85830e-12 0.00000e+00
1.17200e+03 4.03092e-12 0.00000e+00
1.17300e+03 3.87047e-12 0.00000e+00
1.17400e+03 4.32017e-12 0.00000e+00
1.17500e+03 3.98643e-12 0.00000e+00
1.17600e+03 3.77211e-12 0.00000e+00
1.17700e+03 3.83169e-12 0.00000e+00
1.17800e+03 3.71954e-12 0.00000e+00
1.17900e+03 3.50985e-12 0.00000e+00
1.18000e+03 3.90754e-12 0.00000e+00
1.18100e+03 3.89147e-12 0.00000e+00
1.18200e+03 3.94813e-12 0.00000e+00
1.18300e+03 3.76762e-12 0.00000e+00
1.18400e+03 3.69221e-12 0.00000e+00
1.18500e+03 3.84190e-12 0.00000e+00
1.18600e+03 3.60039e-12 0.00000e+00
1.18700e+03 3.85137e-12 0.00000e+00
1.18800e+03 3.64537e-12 0.00000e+00
1.18900e+03 3.62760e-12 0.00000e+00
1.19000e+03 3.66451e-12 0.00000e+00
1.19100e+03 4.10814e-12 0.00000e+00
1.19200e+03 3.85640e-12 0.00000e+00
1.19300e+03 3.59510e-12 0.00000e+00
1.19400e+03 3.62541e-12 0.00000e+00
1.19500e+03 3.81585e-12 0.00000e+00
1.19600e+03 3.78379e-12 0.00000e+00
1.19700e+03 4.04243e-12 0.00000e+00
1.19800e+03 3.70852e-12 0.00000e+00
1.19900e+03 3.81159e-12 0.00000e+00
1.20000e+03 3.59907e-12 0.00000e+00
1.20100e+03 3.77155e-12 0.00000e+00
1.20200e+03 3.29646e-12 0.00000e+00
1.20300e+03 3.92985e-12 0.00000e+00
1.20400e+03 3.88531e-12 0.00000e+00
1.20500e+03 3.64840e-12 0.00000e+00
1.20600e+03 3.81740e-12 0.00000e+00
1.20700e+03 3.79485e-12 0.00000e+00
1.20800e+03 3.71479e-12 0.00000e+00
1.20900e+03 3.38740e-12 0.00000e+00
1.21000e+03 3.78295e-12 0.00000e+00
1.21100e+03 3.36893e-12 0.00000e+00
1.21200e+03 3.76175e-12 0.00000e+00
1.21300e+03 3.69772e-12 0.00000e+00
1.21400e+03 3.53883e-12 0.00000e+00
1.21500e+03 3.68075e-12 0.00000e+00
1.21600e+03 3.61272e-12 0.00000e+00
1.21700e+03 3.57146e-12 0.00000e+00
1.21800e+03 3.48870e-12 0.00000e+00
1.21900e+03 3.65987e-12 0.00000e+00
1.22000e+03 3.80345e-12 0.00000e+00
1.22100e+03 3.51757e-12 0.00000e+00
1.22200e+03 3.65384e-12 0.00000e+00
1.22300e+03 3.46015e-12 0.00000e+00
1.22400e+03 3.67545e-12 0.00000e+00
1.22500e+03 3.31466e-12 0.00000e+00
1.22600e+03 3.56857e-12 0.00000e+00
1.22700e+03 3.35271e-12 0.00000e+00
1.22800e+03 3.74563e-12 0.00000e+00
1.22900e+03 3.58266e-12 0.00000e+00
1.23000e+03 3.50955e-12 0.00000e+00
1.23100e+03 3.67216e-12 0.00000e+00
1.23200e+03 3.74456e-12 0.00000e+00
1.23300e+03 3.21135e-12 0.00000e+00
1.23400e+03 3.58065e-12 0.00000e+00
1.23500e+03 3.14866e-12 0.00000e+00
1.23600e+03 3.63554e-12 0.00000e+00
1.23700e+03 3.64268e-12 0.00000e+00
1.23800e+03 3.20603e-12 0.00000e+00
1.23900e+03 3.44170e-12 0.00000e+00
1.24000e+03 3.40520e-12 0.00000e+00
1.24100e+03 3.16081e-12 0.00000e+00
1.24200e+03 3.19843e-12 0.00000e+00
1.24300e+03 3.24249e-12 0.00000e+00
1.24400e+03 3.49590e-12 0.00000e+00
1.24500e+03 3.29817e-12 0.00000e+00
1.24600e+03 2.99719e-12 0.00000e+00
1.24700e+03 3.61295e-12 0.00000e+00
1.24800e+03 3.23251e-12 0.00000e+00
1.24900e+03 3.26365e-12 0.00000e+00
1.25000e+03 3.37079e-12 0.00000e+00
1.25100e+03 3.14716e-12 0.00000e+00
1.25200e+03 3.32185e-12 0.00000e+00
1.25300e+03 3.55152e-12 0.00000e+00
1.25400e+03 3.30956e-12 0.00000e+00
1.25500e+03 3.02714e-12 0.00000e+00
1.25600e+03 3.33713e-12 0.00000e+00
1.25700e+03 3.19474e-12 0.00000e+00
1.25800e+03 3.53337e-12 0.00000e+00
1.25900e+03 3.21269e-12 0.00000e+00
1.26000e+03 3.32013e-12 0.00000e+00
1.26100e+03 3.56460e-12 0.00000e+00
1.26200e+03 3.36575e-12 0.00000e+00
1.26300e+03 3.28065e-12 0.00000e+00
1.26400e+03 3.39803e-12 0.00000e+00
1.26500e+03 3.19143e-12 0.00000e+00
1.26600e+03 3.59853e-12 0.00000e+00
1.26700e+03 3.24189e-12 0.00000e+00
1.26800e+03 3.50533e-12 0.00000e+00
1.26900e+03 3.24248e-12 0.00000e+00
1.27000e+03 3.17998e-12 0.00000e+00
1.27100e+03 3.19615e-12 0.00000e+00
1.27200e+03 3.63341e-12 0.00000e+00
1.27300e+03 3.19171e-12 0.00000e+00
1.27400e+03 3.15934e-12 0.00000e+00
1.27500e+03 3.11346e-12 0.00000e+00
1.27600e+03 3.39540e-12 0.00000e+00
1.27700e+03 3.17705e-12 0.00000e+00
1.27800e+03 3.00569e-12 0.00000e+00
1.27900e+03 3.12292e-12 0.00000e+00
1.28000e+03 3.34690e-12 0.00000e+00
1.28100e+03 3.28838e-12 0.00000e+00
1.28200e+03 3.41200e-12 0.00000e+00
1.28300e+03 3.14593e-12 0.00000e+00
1.28400e+03 3.19496e-12 0.00000e+00
1.28500e+03 3.25288e-12 0.00000e+00
1.28600e+03 2.98746e-12 0.00000e+00
1.28700e+03 2.94475e-12 0.00000e+00
1.28800e+03 3.24981e-12 0.00000e+00
1.28900e+03 3.23529e-12 0.00000e+00
1.29000e+03 3.16467e-12 0.00000e+00
1.29100e+03 2.94441e-12 0.00000e+00
1.29200e+03 3.17333e-12 0.00000e+00
1.29300e+03 3.20412e-12 0.00000e+00
1.29400e+03 3.35972e-12 0.00000e+00
1.29500e+03 3.22556e-12 0.00000e+00
1.29600e+03 2.97013e-12 0.00000e+00
1.29700e+03 2.90065e-12 0.00000e+00
1.29800e+03 2.94826e-12 0.00000e+00
1.29900e+03 3.02136e-12 0.00000e+00
1.30000e+03 3.00463e-12 0.00000e+00
1.30100e+03 3.07575e-12 0.00000e+00
1.30200e+03 3.15955e-12 0.00000e+00
1.30300e+03 3.01183e-12 0.00000e+00
1.30400e+03 3.01435e-12 0.00000e+00
1.30500e+03 2.99123e-12 0.00000e+00
1.30600e+03 3.05790e-12 0.00000e+00
1.30700e+03 2.91477e-12 0.00000e+00
1.30800e+03 2.94110e-12 0.00000e+00
1.30900e+03 2.97702e-12 0.00000e+00
1.31000e+03 2.93584e-12 0.00000e+00
1.31100e+03 2.97077e-12 0.00000e+00
1.31200e+03 3.10014e-12 0.00000e+00
1.31300e+03 2.80089e-12 0.00000e+00
1.31400e+03 2.96634e-12 0.00000e+00
1.31500e+03 2.87015e-12 0.00000e+00
1.31600e+03 2.89425e-12 0.00000e+00
1.31700e+03 2.94343e-12 0.00000e+00
1.31800e+03 3.04023e-12 0.00000e+00
1.31900e+03 2.86674e-12 0.00000e+00
1.32000e+03 2.81079e-12 0.00000e+00
1.32100e+03 2.99756e-12 0.00000e+00
1.32200e+03 2.96128e-12 0.00000e+00
1.32300e+03 3.01495e-12 0.00000e+00
1.32400e+03 2.90290e-12 0.00000e+00
1.32500e+03 2.85734e-12 0.00000e+00
1.32600e+03 2.88818e-12 0.00000e+00
1.32700e+03 2.86332e-12 0.00000e+00
1.32800e+03 2.79893e-12 0.00000e+00
1.32900e+03 2.88341e-12 0.00000e+00
1.33000e+03 2.63438e-12 0.00000e+00
1.33100e+03 2.74454e-12 0.00000e+00
1.33200e+03 3.17156e-12 0.00000e+00
1.33300e+03 2.99866e-12 0.00000e+00
1.33400e+03 2.82719e-12 0.00000e+00
1.33500e+03 2.67419e-12 0.00000e+00
1.33600e+03 2.91064e-12 0.00000e+00
1.33700e+03 2.83867e-12 0.00000e+00
1.33800e+03 2.72215e-12 0.00000e+00
1.33900e+03 2.64849e-12 0.00000e+00
1.34000e+03 2.99898e-12 0.00000e+00
1.34100e+03 2.75002e-12 0.00000e+00
1.34200e+03 2.85768e-12 0.00000e+00
1.34300e+03 2.85716e-12 0.00000e+00
1.34400e+03 2.90930e-12 0.00000e+00
1.34500e+03 2.75426e-12 0.00000e+00
1.34600e+03 2.82028e-12 0.00000e+00
1.34700e+03 2.77107e-12 0.00000e+00
1.34800e+03 2.75097e-12 0.00000e+00
1.34900e+03 2.62899e-12 0.00000e+00
1.35000e+03 2.80781e-12 0.00000e+00
1.35100e+03 2.75051e-12 0.00000e+00
1.35200e+03 2.76014e-12 0.00000e+00
1.35300e+03 2.57024e-12 0.00000e+00
1.35400e+03 2.64447e-12 0.00000e+00
1.35500e+03 2.84781e-12 0.00000e+00
1.35600e+03 2.86119e-12 0.00000e+00
1.35700e+03 2.78027e-12 0.00000e+00
1.35800e+03 2.75636e-12 0.00000e+00
1.35900e+03 2.85315e-12 0.00000e+00
1.36000e+03 2.70129e-12 0.00000e+00
1.36100e+03 2.98530e-12 0.00000e+00
1.36200e+03 2.49512e-12 0.00000e+00
1.36300e+03 2.66645e-12 0.00000e+00
1.36400e+03 2.61878e-12 0.00000e+00
1.36500e+03 2.53540e-12 0.00000e+00
1.36600e+03 2.62208e-12 0.00000e+00
1.36700e+03 2.47209e-12 0.00000e+00
1.36800e+03 2.70780e-12 0.00000e+00
1.36900e+03 2.60409e-12 0.00000e+00
1.37000e+03 2.55709e-12 0.00000e+00
1.37100e+03 2.66735e-12 0.00000e+00
1.37200e+03 2.78472e-12 0.00000e+00
1.37300e+03 2.56087e-12 0.00000e+00
1.37400e+03 2.55721e-12 0.00000e+00
1.37500e+03 2.71014e-12 0.00000e+00
1.37600e+03 2.65319e-12 0.00000e+00
1.37700e+03 2.36866e-12 0.00000e+00
1.37800e+03 2.72884e-12 0.00000e+00
1.37900e+03 2.57023e-12 0.00000e+00
1.38000e+03 2.59996e-12 0.00000e+00
1.38100e+03 2.64732e-12 0.00000e+00
1.38200e+03 2.97013e-12 0.00000e+00
1.38300e+03 2.58115e-12 0.00000e+00
1.38400e+03 2.41462e-12 0.00000e+00
1.38500e+03 2.54289e-12 0.00000e+00
1.38600e+03 2.77877e-12 0.00000e+00
1.38700e+03 2.42112e-12 0.00000e+00
1.38800e+03 2.59079e-12 0.00000e+00
1.38900e+03 2.68865e-12 0.00000e+00
1.39000e+03 2.56570e-12 0.00000e+00
1.39100e+03 2.63688e-12 0.00000e+00
1.39200e+03 2.58947e-12 0.00000e+00
1.39300e+03 2.66324e-12 0.00000e+00
1.39400e+03 2.71962e-12 0.00000e+00
1.39500e+03 2.55953e-12 0.00000e+00
1.39600e+03 2.66845e-12 0.00000e+00
1.39700e+03 2.39208e-12 0.00000e+00
1.39800e+03 2.64472e-12 0.00000e+00
1.39900e+03 2.55009e-12 0.00000e+00
1.40000e+03 2.59487e-12 0.00000e+00
1.40100e+03 2.47069e-12 0.00000e+00
1.40200e+03 2.41592e-12 0.00000e+00
1.40300e+03 2.68194e-12 0.00000e+00
1.40400e+03 2.44887e-12 0.00000e+00
1.40500e+03 2.36554e-12 0.00000e+00
1.40600e+03 2.57883e-12 0.00000e+00
1.40700e+03 2.59524e-12 0.00000e+00
1.40800e+03 2.46885e-12 0.00000e+00
1.40900e+03 2.28850e-12 0.00000e+00
1.41000e+03 2.58785e-12 0.00000e+00
1.41100e+03 2.44187e-12 0.00000e+00
1.41200e+03 2.42186e-12 0.00000e+00
1.41300e+03 2.42341e-12 0.00000e+00
1.41400e+03 2.51328e-12 0.00000e+00
1.41500e+03 2.43763e-12 0.00000e+00
1.41600e+03 2.40155e-12 0.00000e+00
1.41700e+03 2.37733e-12 0.00000e+00
1.41800e+03 2.38279e-12 0.00000e+00
1.41900e+03 2.53255e-12 0.00000e+00
1.42000e+03 2.41024e-12 0.00000e+00
1.42100e+03 2.33299e-12 0.00000e+00
1.42200e+03 2.36364e-12 0.00000e+00
1.42300e+03 2.38213e-12 0.00000e+00
1.42400e+03 2.22100e-12 0.00000e+00
1.42500e+03 2.29424e-12 0.00000e+00
1.42600e+03 2.40694e-12 0.00000e+00
1.42700e+03 2.32260e-12 0.00000e+00
1.42800e+03 2.34420e-12 0.00000e+00
1.42900e+03 2.35399e-12 0.00000e+00
1.43000e+03 2.35668e-12 0.00000e+00
1.43100e+03 2.22109e-12 0.00000e+00
1.43200e+03 2.33174e-12 0.00000e+00
1.43300e+03 2.57511e-12 0.00000e+00
1.43400e+03 2.50675e-12 0.00000e+00
1.43500e+03 2.32198e-12 0.00000e+00
1.43600e+03 2.43854e-12 0.00000e+00
1.43700e+03 2.14499e-12 0.00000e+00
1.43800e+03 2.42656e-12 0.00000e+00
1.43900e+03 2.34631e-12 0.00000e+00
1.44000e+03 2.20118e-12 0.00000e+00
1.44100e+03 2.39554e-12 0.00000e+00
1.44200e+03 2.23560e-12 0.00000e+00
1.44300e+03 2.12641e-12 0.00000e+00
1.44400e+03 2.51187e-12 0.00000e+00
1.44500e+03 2.35102e-12 0.00000e+00
1.44600e+03 2.28617e-12 0.00000e+00
1.44700e+03 2.36117e-12 0.00000e+00
1.44800e+03 2.31732e-12 0.00000e+00
1.44900e+03 2.15697e-12 0.00000e+00
1.45000e+03 2.34913e-12 0.00000e+00
1.45100e+03 2.24955e-12 0.00000e+00
1.45200e+03 2.36698e-12 0.00000e+00
1.45300e+03 2.25246e-12 0.00000e+00
1.45400e+03 2.34521e-12 0.00000e+00
1.45500e+03 2.34112e-12 0.00000e+00
1.45600e+03 2.31333e-12 0.00000e+00
1.45700e+03 2.26339e-12 0.00000e+00
1.45800e+03 2.29855e-12 0.00000e+00
1.45900e+03 2.32898e-12 0.00000e+00
1.46000e+03 2.18563e-12 0.00000e+00
1.46100e+03 2.18335e-12 0.00000e+00
1.46200e+03 2.22711e-12 0.00000e+00
1.46300e+03 2.20132e-12 0.00000e+00
1.46400e+03 2.11987e-12 0.00000e+00
1.46500e+03 2.35330e-12 0.00000e+00
1.46600e+03 2.21282e-12 0.00000e+00
1.46700e+03 2.15042e-12 0.00000e+00
1.46800e+03 2.38616e-12 0.00000e+00
1.46900e+03 2.13507e-12 0.00000e+00
1.47000e+03 1.99647e-12 0.00000e+00
1.47100e+03 2.11358e-12 0.00000e+00
1.47200e+03 2.25968e-12 0.00000e+00
1.47300e+03 2.11671e-12 0.00000e+00
1.47400e+03 2.22918e-12 0.00000e+00
1.47500e+03 2.07280e-12 0.00000e+00
1.47600e+03 2.25278e-12 0.00000e+00
1.47700e+03 2.08298e-12 0.00000e+00
1.47800e+03 2.33659e-12 0.00000e+00
1.47900e+03 2.26351e-12 0.00000e+00
1.48000e+03 2.17179e-12 0.00000e+00
1.48100e+03 2.15451e-12 0.00000e+00
1.48200e+03 2.22235e-12 0.00000e+00
1.48300e+03 2.19479e-12 0.00000e+00
1.48400e+03 2.08236e-12 0.00000e+00
1.48500e+03 2.07054e-12 0.00000e+00
1.48600e+03 2.05816e-12 0.00000e+00
1.48700e+03 2.09115e-12 0.00000e+00
1.48800e+03 2.12146e-12 0.00000e+00
1.48900e+03 2.14488e-12 0.00000e+00
1.49000e+03 2.16216e-12 0.00000e+00
1.49100e+03 1.99480e-12 0.00000e+00
1.49200e+03 2.01245e-12 0.00000e+00
1.49300e+03 2.11743e-12 0.00000e+00
1.49400e+03 2.12418e-12 0.00000e+00
1.49500e+03 2.05589e-12 0.00000e+00
1.49600e+03 2.02324e-12 0.00000e+00
1.49700e+03 1.98317e-12 0.00000e+00
1.49800e+03 2.09279e-12 0.00000e+00
1.49900e+03 1.86124e-12 0.00000e+00
1.50000e+03 2.12505e-12 0.00000e+00
1.50100e+03 2.04624e-12 0.00000e+00
1.50200e+03 1.99768e-12 0.00000e+00
1.50300e+03 2.04514e-12 0.00000e+00
1.50400e+03 1.92843e-12 0.00000e+00
1.50500e+03 1.92805e-12 0.00000e+00
1.50600e+03 1.91970e-12 0.00000e+00
1.50700e+03 2.05766e-12 0.00000e+00
1.50800e+03 1.94677e-12 0.00000e+00
1.50900e+03 1.94470e-12 0.00000e+00
1.51000e+03 1.91015e-12 0.00000e+00
1.51100e+03 2.01429e-12 0.00000e+00
1.51200e+03 2.03170e-12 0.00000e+00
1.51300e+03 1.89163e-12 0.00000e+00
1.51400e+03 2.12604e-12 0.00000e+00
1.51500e+03 2.08309e-12 0.00000e+00
1.51600e+03 1.85287e-12 0.00000e+00
1.51700e+03 1.94392e-12 0.00000e+00
1.51800e+03 2.07497e-12 0.00000e+00
1.51900e+03 1.86327e-12 0.00000e+00
1.52000e+03 2.06355e-12 0.00000e+00
1.52100e+03 1.98209e-12 0.00000e+00
1.52200e+03 1.98796e-12 0.00000e+00
1.52300e+03 1.97292e-12 0.00000e+00
1.52400e+03 1.95034e-12 0.00000e+00
1.52500e+03 1.96950e-12 0.00000e+00
1.52600e+03 1.87328e-12 0.00000e+00
1.52700e+03 1.97822e-12 0.00000e+00
1.52800e+03 1.95012e-12 0.00000e+00
1.52900e+03 1.92244e-12 0.00000e+00
1.53000e+03 2.01277e-12 0.00000e+00
1.53100e+03 1.85362e-12 0.00000e+00
1.53200e+03 1.85833e-12 0.00000e+00
1.53300e+03 2.09308e-12 0.00000e+00
1.53400e+03 1.79972e-12 0.00000e+00
1.53500e+03 1.94169e-12 0.00000e+00
1.53600e+03 1.86305e-12 0.00000e+00
1.53700e+03 1.89348e-12 0.00000e+00
1.53800e+03 1.87380e-12 0.00000e+00
1.53900e+03 1.96179e-12 0.00000e+00
1.54000e+03 1.95748e-12 0.00000e+00
1.54100e+03 1.72712e-12 0.00000e+00
1.54200e+03 2.00926e-12 0.00000e+00
1.54300e+03 1.82369e-12 0.00000e+00
1.54400e+03 1.95587e-12 0.00000e+00
1.54500e+03 1.82601e-12 0.00000e+00
1.54600e+03 1.82717e-12 0.00000e+00
1.54700e+03 1.83567e-12 0.00000e+00
1.54800e+03 1.84546e-12 0.00000e+00
1.54900e+03 1.77245e-12 0.00000e+00
1.55000e+03 1.99201e-12 0.00000e+00
1.55100e+03 1.89126e-12 0.00000e+00
1.55200e+03 1.95363e-12 0.00000e+00
1.55300e+03 1.84205e-12 0.00000e+00
1.55400e+03 1.84232e-12 0.00000e+00
1.55500e+03 1.85472e-12 0.00000e+00
1.55600e+03 1.76816e-12 0.00000e+00
1.55700e+03 1.58739e-12 0.00000e+00
1.55800e+03 1.77431e-12 0.00000e+00
1.55900e+03 1.87972e-12 0.00000e+00
1.56000e+03 1.93462e-12 0.00000e+00
1.56100e+03 1.85208e-12 0.00000e+00
1.56200e+03 1.85944e-12 0.00000e+00
1.56300e+03 1.88998e-12 0.00000e+00
1.56400e+03 1.68410e-12 0.00000e+00
1.56500e+03 1.82790e-12 0.00000e+00
1.56600e+03 1.78807e-12 0.00000e+00
1.56700e+03 1.71625e-12 0.00000e+00
1.56800e+03 1.77094e-12 0.00000e+00
1.56900e+03 1.79469e-12 0.00000e+00
1.57000e+03 1.85395e-12 0.00000e+00
1.57100e+03 1.79216e-12 0.00000e+00
1.57200e+03 1.64843e-12 0.00000e+00
1.57300e+03 1.70230e-12 0.00000e+00
1.57400e+03 1.81781e-12 0.00000e+00
1.57500e+03 1.69840e-12 0.00000e+00
1.57600e+03 1.79161e-12 0.00000e+00
1.57700e+03 1.68278e-12 0.00000e+00
1.57800e+03 1.72778e-12 0.00000e+00
1.57900e+03 1.71493e-12 0.00000e+00
1.58000e+03 1.87285e-12 0.00000e+00
1.58100e+03 1.83013e-12 0.00000e+00
1.58200e+03 1.76237e-12 0.00000e+00
1.58300e+03 1.78714e-12 0.00000e+00
1.58400e+03 1.59146e-12 0.00000e+00
1.58500e+03 1.80873e-12 0.00000e+00
1.58600e+03 1.82289e-12 0.00000e+00
1.58700e+03 1.79236e-12 0.00000e+00
1.58800e+03 1.71502e-12 0.00000e+00
1.58900e+03 1.76743e-12 0.00000e+00
1.59000e+03 1.71902e-12 0.00000e+00
1.59100e+03 1.61226e-12 0.00000e+00
1.59200e+03 1.81204e-12 0.00000e+00
1.59300e+03 1.73344e-12 0.00000e+00
1.59400e+03 1.59062e-12 0.00000e+00
1.59500e+03 1.52091e-12 0.00000e+00
1.59600e+03 1.84172e-12 0.00000e+00
1.59700e+03 1.67295e-12 0.00000e+00
1.59800e+03 1.68550e-12 0.00000e+00
1.59900e+03 1.70716e-12 0.00000e+00
1.60000e+03 1.68732e-12 0.00000e+00
1.60100e+03 1.66378e-12 0.00000e+00
1.60200e+03 1.71303e-12 0.00000e+00
1.60300e+03 1.72812e-12 0.00000e+00
1.60400e+03 1.66525e-12 0.00000e+00
1.60500e+03 1.78112e-12 0.00000e+00
1.60600e+03 1.73069e-12 0.00000e+00
1.60700e+03 1.74349e-12 0.00000e+00
1.60800e+03 1.61094e-12 0.00000e+00
1.60900e+03 1.62542e-12 0.00000e+00
1.61000e+03 1.70385e-12 0.00000e+00
1.61100e+03 1.59713e-12 0.00000e+00
1.61200e+03 1.54495e-12 0.00000e+00
1.61300e+03 1.64171e-12 0.00000e+00
1.61400e+03 1.58408e-12 0.00000e+00
1.61500e+03 1.67441e-12 0.00000e+00
1.61600e+03 1.63370e-12 0.00000e+00
1.61700e+03 1.60804e-12 0.00000e+00
1.61800e+03 1.70157e-12 0.00000e+00
1.61900e+03 1.52737e-12 0.00000e+00
1.62000e+03 1.53797e-12 0.00000e+00
1.62100e+03 1.49483e-12 0.00000e+00
1.62200e+03 1.65298e-12 0.00000e+00
1.62300e+03 1.64655e-12 0.00000e+00
1.62400e+03 1.55265e-12 0.00000e+00
1.62500e+03 1.59990e-12 0.00000e+00
1.62600e+03 1.66245e-12 0.00000e+00
1.62700e+03 1.58256e-12 0.00000e+00
1.62800e+03 1.67726e-12 0.00000e+00
1.62900e+03 1.47868e-12 0.00000e+00
1.63000e+03 1.58339e-12 0.00000e+00
1.63100e+03 1.60476e-12 0.00000e+00
1.63200e+03 1.61472e-12 0.00000e+00
1.63300e+03 1.55906e-12 0.00000e+00
1.63400e+03 1.46319e-12 0.00000e+00
1.63500e+03 1.59449e-12 0.00000e+00
1.63600e+03 1.45384e-12 0.00000e+00
1.63700e+03 1.68782e-12 0.00000e+00
1.63800e+03 1.54420e-12 0.00000e+00
1.63900e+03 1.54058e-12 0.00000e+00
1.64000e+03 1.48589e-12 0.00000e+00
1.64100e+03 1.51660e-12 0.00000e+00
1.64200e+03 1.71586e-12 0.00000e+00
1.64300e+03 1.58138e-12 0.00000e+00
1.64400e+03 1.61752e-12 0.00000e+00
1.64500e+03 1.50924e-12 0.00000e+00
1.64600e+03 1.51753e-12 0.00000e+00
1.64700e+03 1.47115e-12 0.00000e+00
1.64800e+03 1.66070e-12 0.00000e+00
1.64900e+03 1.46876e-12 0.00000e+00
1.65000e+03 1.54523e-12 0.00000e+00
1.65100e+03 1.46126e-12 0.00000e+00
1.65200e+03 1.53242e-12 0.00000e+00
1.65300e+03 1.49723e-12 0.00000e+00
1.65400e+03 1.48284e-12 0.00000e+00
1.65500e+03 1.42593e-12 0.00000e+00
1.65600e+03 1.43774e-12 0.00000e+00
1.65700e+03 1.55351e-12 0.00000e+00
1.65800e+03 1.47165e-12 0.00000e+00
1.65900e+03 1.40004e-12 0.00000e+00
1.66000e+03 1.48523e-12 0.00000e+00
1.66100e+03 1.39053e-12 0.00000e+00
1.66200e+03 1.34666e-12 0.00000e+00
1.66300e+03 1.39818e-12 0.00000e+00
1.66400e+03 1.37324e-12 0.00000e+00
1.66500e+03 1.41645e-12 0.00000e+00
1.66600e+03 1.44226e-12 0.00000e+00
1.66700e+03 1.28520e-12 0.00000e+00
1.66800e+03 1.48026e-12 0.00000e+00
1.66900e+03 1.38177e-12 0.00000e+00
1.67000e+03 1.48458e-12 0.00000e+00
1.67100e+03 1.37498e-12 0.00000e+00
1.67200e+03 1.28404e-12 0.00000e+00
1.67300e+03 1.44332e-12 0.00000e+00
1.67400e+03 1.44646e-12 0.00000e+00
1.67500e+03 1.50707e-12 0.00000e+00
1.67600e+03 1.34060e-12 0.00000e+00
1.67700e+03 1.44737e-12 0.00000e+00
1.67800e+03 1.52844e-12 0.00000e+00
1.67900e+03 1.38620e-12 0.00000e+00
1.68000e+03 1.35446e-12 0.00000e+00
1.68100e+03 1.31091e-12 0.00000e+00
1.68200e+03 1.45210e-12 0.00000e+00
1.68300e+03 1.40138e-12 0.00000e+00
1.68400e+03 1.37069e-12 0.00000e+00
1.68500e+03 1.36122e-12 0.00000e+00
1.68600e+03 1.35846e-12 0.00000e+00
1.68700e+03 1.44330e-12 0.00000e+00
1.68800e+03 1.41587e-12 0.00000e+00
1.68900e+03 1.40402e-12 0.00000e+00
1.69000e+03 1.25428e-12 0.00000e+00
1.69100e+03 1.32489e-12 0.00000e+00
1.69200e+03 1.39910e-12 0.00000e+00
1.69300e+03 1.30407e-12 0.00000e+00
1.69400e+03 1.29210e-12 0.00000e+00
1.69500e+03 1.42374e-12 0.00000e+00
1.69600e+03 1.31204e-12 0.00000e+00
1.69700e+03 1.30991e-12 0.00000e+00
1.69800e+03 1.34061e-12 0.00000e+00
1.69900e+03 1.30311e-12 0.00000e+00
1.70000e+03 1.26967e-12 0.00000e+00
1.70100e+03 1.31524e-12 0.00000e+00
1.70200e+03 1.34243e-12 0.00000e+00
1.70300e+03 1.38643e-12 0.00000e+00
1.70400e+03 1.39576e-12 0.00000e+00
1.70500e+03 1.26252e-12 0.00000e+00
1.70600e+03 1.30529e-12 0.00000e+00
1.70700e+03 1.39743e-12 0.00000e+00
1.70800e+03 1.24539e-12 0.00000e+00
1.70900e+03 1.24842e-12 0.00000e+00
1.71000e+03 1.23536e-12 0.00000e+00
1.71100e+03 1.28169e-12 0.00000e+00
1.71200e+03 1.36554e-12 0.00000e+00
1.71300e+03 1.36018e-12 0.00000e+00
1.71400e+03 1.17357e-12 0.00000e+00
1.71500e+03 1.26686e-12 0.00000e+00
1.71600e+03 1.32800e-12 0.00000e+00
1.71700e+03 1.22758e-12 0.00000e+00
1.71800e+03 1.32660e-12 0.00000e+00
1.71900e+03 1.27319e-12 0.00000e+00
1.72000e+03 1.33048e-12 0.00000e+00
1.72100e+03 1.21009e-12 0.00000e+00
1.72200e+03 1.31367e-12 0.00000e+00
1.72300e+03 1.26993e-12 0.00000e+00
1.72400e+03 1.32730e-12 0.00000e+00
1.72500e+03 1.26702e-12 0.00000e+00
1.72600e+03 1.26838e-12 0.00000e+00
1.72700e+03 1.32305e-12 0.00000e+00
1.72800e+03 1.21034e-12 0.00000e+00
1.72900e+03 1.31162e-12 0.00000e+00
1.73000e+03 1.26711e-12 0.00000e+00
1.73100e+03 1.13066e-12 0.00000e+00
1.73200e+03 1.23119e-12 0.00000e+00
1.73300e+03 1.22104e-12 0.00000e+00
1.73400e+03 1.20559e-12 0.00000e+00
1.73500e+03 1.27096e-12 0.00000e+00
1.73600e+03 1.17176e-12 0.00000e+00
1.73700e+03 1.30876e-12 0.00000e+00
1.73800e+03 1.22417e-12 0.00000e+00
1.73900e+03 1.22741e-12 0.00000e+00
1.74000e+03 1.19951e-12 0.00000e+00
1.74100e+03 1.17566e-12 0.00000e+00
1.74200e+03 1.13017e-12 0.00000e+00
1.74300e+03 1.21479e-12 0.00000e+00
1.74400e+03 1.27956e-12 0.00000e+00
1.74500e+03 1.25776e-12 0.00000e+00
1.74600e+03 1.21352e-12 0.00000e+00
1.74700e+03 1.13725e-12 0.00000e+00
1.74800e+03 1.19654e-12 0.00000e+00
1.74900e+03 1.15219e-12 0.00000e+00
1.75000e+03 1.10312e-12 0.00000e+00
1.75100e+03 1.16195e-12 0.00000e+00
1.75200e+03 1.26617e-12 0.00000e+00
1.75300e+03 1.24422e-12 0.00000e+00
1.75400e+03 1.12587e-12 0.00000e+00
1.75500e+03 1.18687e-12 0.00000e+00
1.75600e+03 1.22937e-12 0.00000e+00
1.75700e+03 1.13999e-12 0.00000e+00
1.75800e+03 1.24964e-12 0.00000e+00
1.75900e+03 1.24711e-12 0.00000e+00
1.76000e+03 1.19100e-12 0.00000e+00
1.76100e+03 1.29133e-12 0.00000e+00
1.76200e+03 1.17934e-12 0.00000e+00
1.76300e+03 1.11764e-12 0.00000e+00
1.76400e+03 1.17092e-12 0.00000e+00
1.76500e+03 1.31521e-12 0.00000e+00
1.76600e+03 1.17975e-12 0.00000e+00
1.76700e+03 1.13041e-12 0.00000e+00
1.76800e+03 1.12605e-12 0.00000e+00
1.76900e+03 1.10654e-12 0.00000e+00
1.77000e+03 1.08181e-12 0.00000e+00
1.77100e+03 1.10470e-12 0.00000e+00
1.77200e+03 1.08600e-12 0.00000e+00
1.77300e+03 1.26890e-12 0.00000e+00
1.77400e+03 1.05621e-12 0.00000e+00
1.77500e+03 1.10356e-12 0.00000e+00
1.77600e+03 1.18001e-12 0.00000e+00
1.77700e+03 1.21100e-12 0.00000e+00
1.77800e+03 1.12125e-12 0.00000e+00
1.77900e+03 1.12808e-12 0.00000e+00
1.78000e+03 1.06333e-12 0.00000e+00
1.78100e+03 1.10969e-12 0.00000e+00
1.78200e+03 1.07128e-12 0.00000e+00
1.78300e+03 1.13499e-12 0.00000e+00
1.78400e+03 1.07400e-12 0.00000e+00
1.78500e+03 1.15744e-12 0.00000e+00
1.78600e+03 1.13546e-12 0.00000e+00
1.78700e+03 1.00330e-12 0.00000e+00
1.78800e+03 1.06372e-12 0.00000e+00
1.78900e+03 1.11429e-12 0.00000e+00
1.79000e+03 9.94600e-13 0.00000e+00
1.79100e+03 1.06099e-12 0.00000e+00
1.79200e+03 1.05352e-12 0.00000e+00
1.79300e+03 1.03621e-12 0.00000e+00
1.79400e+03 1.05611e-12 0.00000e+00
1.79500e+03 1.05524e-12 0.00000e+00
1.79600e+03 1.01969e-12 0.00000e+00
1.79700e+03 1.05226e-12 0.00000e+00
1.79800e+03 1.08159e-12 0.00000e+00
1.79900e+03 1.01447e-12 0.00000e+00
1.80000e+03 1.05794e-12 0.00000e+00
1.80100e+03 1.03761e-12 0.00000e+00
1.80200e+03 1.05830e-12 0.00000e+00
1.80300e+03 1.08339e-12 0.00000e+00
1.80400e+03 1.10810e-12 0.00000e+00
1.80500e+03 1.06636e-12 0.00000e+00
1.80600e+03 9.93293e-13 0.00000e+00
1.80700e+03 1.01604e-12 0.00000e+00
1.80800e+03 9.88741e-13 0.00000e+00
1.80900e+03 1.01253e-12 0.00000e+00
1.81000e+03 9.81569e-13 0.00000e+00
1.81100e+03 9.76252e-13 0.00000e+00
1.81200e+03 1.05747e-12 0.00000e+00
1.81300e+03 9.47435e-13 0.00000e+00
1.81400e+03 1.12386e-12 0.00000e+00
1.81500e+03 9.67007e-13 0.00000e+00
1.81600e+03 9.63465e-13 0.00000e+00
1.81700e+03 1.02472e-12 0.00000e+00
1.81800e+03 9.93765e-13 0.00000e+00
1.81900e+03 9.68641e-13 0.00000e+00
1.82000e+03 1.08905e-12 0.00000e+00
1.82100e+03 9.91507e-13 0.00000e+00
1.82200e+03 1.02509e-12 0.00000e+00
1.82300e+03 9.88467e-13 0.00000e+00
1.82400e+03 1.03752e-12 0.00000e+00
1.82500e+03 1.03714e-12 0.00000e+00
1.82600e+03 9.69256e-13 0.00000e+00
1.82700e+03 9.14351e-13 0.00000e+00
1.82800e+03 1.01204e-12 0.00000e+00
1.82900e+03 9.88852e-13 0.00000e+00
1.83000e+03 9.26995e-13 0.00000e+00
1.83100e+03 9.39662e-13 0.00000e+00
1.83200e+03 9.36948e-13 0.00000e+00
1.83300e+03 9.56479e-13 0.00000e+00
1.83400e+03 1.01426e-12 0.00000e+00
1.83500e+03 1.00800e-12 0.00000e+00
1.83600e+03 9.87982e-13 0.00000e+00
1.83700e+03 9.82069e-13 0.00000e+00
1.83800e+03 1.03216e-12 0.00000e+00
1.83900e+03 9.83056e-13 0.00000e+00
1.84000e+03 9.85188e-13 0.00000e+00
1.84100e+03 9.99881e-13 0.00000e+00
1.84200e+03 9.34807e-13 0.00000e+00
1.84300e+03 9.19014e-13 0.00000e+00
1.84400e+03 9.48464e-13 0.00000e+00
1.84500e+03 8.73174e-13 0.00000e+00
1.84600e+03 8.77044e-13 0.00000e+00
1.84700e+03 9.35838e-13 0.00000e+00
1.84800e+03 9.03971e-13 0.00000e+00
1.84900e+03 9.68018e-13 0.00000e+00
1.85000e+03 9.56918e-13 0.00000e+00
1.85100e+03 8.94835e-13 0.00000e+00
1.85200e+03 8.99921e-13 0.00000e+00
1.85300e+03 9.18937e-13 0.00000e+00
1.85400e+03 9.06859e-13 0.00000e+00
1.85500e+03 9.69318e-13 0.00000e+00
1.85600e+03 9.06927e-13 0.00000e+00
1.85700e+03 8.67115e-13 0.00000e+00
1.85800e+03 8.82595e-13 0.00000e+00
1.85900e+03 9.27663e-13 0.00000e+00
1.86000e+03 8.72589e-13 0.00000e+00
1.86100e+03 8.84309e-13 0.00000e+00
1.86200e+03 9.29440e-13 0.00000e+00
1.86300e+03 8.75339e-13 0.00000e+00
1.86400e+03 1.01795e-12 0.00000e+00
1.86500e+03 9.48341e-13 0.00000e+00
1.86600e+03 9.12567e-13 0.00000e+00
1.86700e+03 9.11474e-13 0.00000e+00
1.86800e+03 8.60908e-13 0.00000e+00
1.86900e+03 8.33764e-13 0.00000e+00
1.87000e+03 8.45114e-13 0.00000e+00
1.87100e+03 8.58979e-13 0.00000e+00
1.87200e+03 8.05713e-13 0.00000e+00
1.87300e+03 9.30444e-13 0.00000e+00
1.87400e+03 8.88856e-13 0.00000e+00
1.87500e+03 8.57012e-13 0.00000e+00
1.87600e+03 8.35199e-13 0.00000e+00
1.87700e+03 8.92167e-13 0.00000e+00
1.87800e+03 8.90792e-13 0.00000e+00
1.87900e+03 8.14356e-13 0.00000e+00
1.88000e+03 8.59073e-13 0.00000e+00
1.88100e+03 8.93859e-13 0.00000e+00
1.88200e+03 8.34607e-13 0.00000e+00
1.88300e+03 9.46301e-13 0.00000e+00
1.88400e+03 8.59850e-13 0.00000e+00
1.88500e+03 8.27785e-13 0.00000e+00
1.88600e+03 8.11228e-13 0.00000e+00
1.88700e+03 8.91135e-13 0.00000e+00
1.88800e+03 8.14915e-13 0.00000e+00
1.88900e+03 9.10738e-13 0.00000e+00
1.89000e+03 8.41824e-13 0.00000e+00
1.89100e+03 8.32226e-13 0.00000e+00
1.89200e+03 8.09405e-13 0.00000e+00
1.89300e+03 7.90390e-13 0.00000e+00
1.89400e+03 8.20581e-13 0.00000e+00
1.89500e+03 7.84196e-13 0.00000e+00
1.89600e+03 8.03395e-13 0.00000e+00
1.89700e+03 8.15176e-13 0.00000e+00
1.89800e+03 8.46000e-13 0.00000e+00
1.89900e+03 7.78638e-13 0.00000e+00
1.90000e+03 7.83062e-13 0.00000e+00
1.90100e+03 7.08341e-13 0.00000e+00
1.90200e+03 8.76631e-13 0.00000e+00
1.90300e+03 8.29032e-13 0.00000e+00
1.90400e+03 8.20950e-13 0.00000e+00
1.90500e+03 7.61997e-13 0.00000e+00
1.90600e+03 7.63795e-13 0.00000e+00
1.90700e+03 7.65545e-13 0.00000e+00
1.90800e+03 8.42551e-13 0.00000e+00
1.90900e+03 8.16761e-13 0.00000e+00
1.91000e+03 7.91061e-13 0.00000e+00
1.91100e+03 6.96765e-13 0.00000e+00
1.91200e+03 8.29773e-13 0.00000e+00
1.91300e+03 7.86314e-13 0.00000e+00
1.91400e+03 7.68416e-13 0.00000e+00
1.91500e+03 7.62591e-13 0.00000e+00
1.91600e+03 8.23861e-13 0.00000e+00
1.91700e+03 8.18339e-13 0.00000e+00
1.91800e+03 7.50267e-13 0.00000e+00
1.91900e+03 7.70528e-13 0.00000e+00
1.92000e+03 8.26355e-13 0.00000e+00
1.92100e+03 7.75223e-13 0.00000e+00
1.92200e+03 7.95488e-13 0.00000e+00
1.92300e+03 7.75104e-13 0.00000e+00
1.92400e+03 7.83916e-13 0.00000e+00
1.92500e+03 7.54166e-13 0.00000e+00
1.92600e+03 7.49765e-13 0.00000e+00
1.92700e+03 8.17051e-13 0.00000e+00
1.92800e+03 7.60451e-13 0.00000e+00
1.92900e+03 8.02828e-13 0.00000e+00
1.93000e+03 7.36539e-13 0.00000e+00
1.93100e+03 7.36679e-13 0.00000e+00
1.93200e+03 7.23317e-13 0.00000e+00
1.93300e+03 7.36736e-13 0.00000e+00
1.93400e+03 7.31705e-13 0.00000e+00
1.93500e+03 7.29197e-13 0.00000e+00
1.93600e+03 7.84007e-13 0.00000e+00
1.93700e+03 7.90399e-13 0.00000e+00
1.93800e+03 7.37575e-13 0.00000e+00
1.93900e+03 7.42198e-13 0.00000e+00
1.94000e+03 6.86053e-13 0.00000e+00
1.94100e+03 7.80189e-13 0.00000e+00
1.94200e+03 7.29752e-13 0.00000e+00
1.94300e+03 7.22747e-13 0.00000e+00
1.94400e+03 7.32276e-13 0.00000e+00
1.94500e+03 7.43511e-13 0.00000e+00
1.94600e+03 6.97353e-13 0.00000e+00
1.94700e+03 6.97480e-13 0.00000e+00
1.94800e+03 7.23972e-13 0.00000e+00
1.94900e+03 7.80933e-13 0.00000e+00
1.95000e+03 6.86383e-13 0.00000e+00
1.95100e+03 7.47451e-13 0.00000e+00
1.95200e+03 7.68479e-13 0.00000e+00
1.95300e+03 7.14938e-13 0.00000e+00
1.95400e+03 6.99802e-13 0.00000e+00
1.95500e+03 7.21610e-13 0.00000e+00
1.95600e+03 6.88471e-13 0.00000e+00
1.95700e+03 6.99294e-13 0.00000e+00
1.95800e+03 7.15975e-13 0.00000e+00
1.95900e+03 6.85586e-13 0.00000e+00
1.96000e+03 7.13671e-13 0.00000e+00
1.96100e+03 6.91635e-13 0.00000e+00
1.96200e+03 6.37749e-13 0.00000e+00
1.96300e+03 7.14902e-13 0.00000e+00
1.96400e+03 6.67661e-13 0.00000e+00
1.96500e+03 7.24939e-13 0.00000e+00
1.96600e+03 7.00488e-13 0.00000e+00
1.96700e+03 7.06430e-13 0.00000e+00
1.96800e+03 6.91318e-13 0.00000e+00
1.96900e+03 6.58353e-13 0.00000e+00
1.97000e+03 6.78524e-13 0.00000e+00
1.97100e+03 6.76048e-13 0.00000e+00
1.97200e+03 6.66546e-13 0.00000e+00
1.97300e+03 6.71518e-13 0.00000e+00
1.97400e+03 6.64394e-13 0.00000e+00
1.97500e+03 6.59921e-13 0.00000e+00
1.97600e+03 6.74937e-13 0.00000e+00
1.97700e+03 6.98295e-13 0.00000e+00
1.97800e+03 6.64826e-13 0.00000e+00
1.97900e+03 6.92823e-13 0.00000e+00
1.98000e+03 6.49005e-13 0.00000e+00
1.98100e+03 6.65921e-13 0.00000e+00
1.98200e+03 6.46022e-13 0.00000e+00
1.98300e+03 6.27245e-13 0.00000e+00
1.98400e+03 6.21093e-13 0.00000e+00
1.98500e+03 6.32013e-13 0.00000e+00
1.98600e+03 6.71780e-13 0.00000e+00
1.98700e+03 6.56631e-13 0.00000e+00
1.98800e+03 6.80133e-13 0.00000e+00
1.98900e+03 6.17015e-13 0.00000e+00
1.99000e+03 6.55960e-13 0.00000e+00
1.99100e+03 6.71383e-13 0.00000e+00
1.99200e+03 6.50876e-13 0.00000e+00
1.99300e+03 6.49759e-13 0.00000e+00
1.99400e+03 6.54345e-13 0.00000e+00
1.99500e+03 6.19349e-13 0.00000e+00
1.99600e+03 6.23288e-13 0.00000e+00
1.99700e+03 6.23282e-13 0.00000e+00
1.99800e+03 5.95034e-13 0.00000e+00
1.99900e+03 6.25675e-13 0.00000e+00
2.00000e+03 6.24705e-13 0.00000e+00
