0.00000e+00 0.00000e+00 0.00000e+00
1.00000e+00 0.00000e+00 0.00000e+00
2.00000e+00 0.00000e+00 0.00000e+00
3.00000e+00 0.00000e+00 0.00000e+00
4.00000e+00 0.00000e+00 0.00000e+00
5.00000e+00 0.00000e+00 0.00000e+00
6.00000e+00 0.00000e+00 0.00000e+00
7.00000e+00 0.00000e+00 0.00000e+00
8.00000e+00 0.00000e+00 0.00000e+00
9.00000e+00 0.00000e+00 0.00000e+00
1.00000e+01 0.00000e+00 0.00000e+00
1.10000e+01 0.00000e+00 0.00000e+00
1.20000e+01 0.00000e+00 0.00000e+00
1.30000e+01 0.00000e+00 0.00000e+00
1.40000e+01 0.00000e+00 0.00000e+00
1.50000e+01 0.00000e+00 0.00000e+00
1.60000e+01 0.00000e+00 0.00000e+00
1.70000e+01 0.00000e+00 0.00000e+00
1.80000e+01 0.00000e+00 0.00000e+00
1.90000e+01 0.00000e+00 0.00000e+00
2.00000e+01 0.00000e+00 0.00000e+00
2.10000e+01 0.00000e+00 0.00000e+00
2.20000e+01 0.00000e+00 0.00000e+00
2.30000e+01 0.00000e+00 0.00000e+00
2.40000e+01 0.00000e+00 0.00000e+00
2.50000e+01 0.00000e+00 0.00000e+00
2.60000e+01 0.00000e+00 0.00000e+00
2.70000e+01 0.00000e+00 0.00000e+00
2.80000e+01 0.00000e+00 0.00000e+00
2.90000e+01 0.00000e+00 0.00000e+00
3.00000e+01 0.00000e+00 0.00000e+00
3.10000e+01 0.00000e+00 0.00000e+00
3.20000e+01 0.00000e+00 0.00000e+00
3.30000e+01 0.00000e+00 0.00000e+00
3.40000e+01 0.00000e+00 0.00000e+00
3.50000e+01 0.00000e+00 0.00000e+00
3.60000e+01 0.00000e+00 0.00000e+00
3.70000e+01 0.00000e+00 0.00000e+00
3.80000e+01 0.00000e+00 0.00000e+00
3.90000e+01 0.00000e+00 0.00000e+00
4.00000e+01 0.00000e+00 0.00000e+00
4.10000e+01 0.00000e+00 0.00000e+00
4.20000e+01 0.00000e+00 0.00000e+00
4.30000e+01 0.00000e+00 0.00000e+00
4.40000e+01 0.00000e+00 0.00000e+00
4.50000e+01 0.00000e+00 0.00000e+00
4.60000e+01 0.00000e+00 0.00000e+00
4.70000e+01 0.00000e+00 0.00000e+00
4.80000e+01 0.00000e+00 0.00000e+00
4.90000e+01 0.00000e+00 0.00000e+00
5.00000e+01 0.00000e+00 0.00000e+00
5.10000e+01 0.00000e+00 0.00000e+00
5.20000e+01 0.00000e+00 0.00000e+00
5.30000e+01 0.00000e+00 0.00000e+00
5.40000e+01 0.00000e+00 0.00000e+00
5.50000e+01 0.00000e+00 0.00000e+00
5.60000e+01 0.00000e+00 0.00000e+00
5.70000e+01 0.00000e+00 0.00000e+00
5.80000e+01 0.00000e+00 0.00000e+00
5.90000e+01 0.00000e+00 0.00000e+00
6.00000e+01 0.00000e+00 0.00000e+00
6.10000e+01 0.00000e+00 0.00000e+00
6.20000e+01 0.00000e+00 0.00000e+00
6.30000e+01 0.00000e+00 0.00000e+00
6.40000e+01 0.00000e+00 0.00000e+00
6.50000e+01 0.00000e+00 0.00000e+00
6.60000e+01 0.00000e+00 0.00000e+00
6.70000e+01 0.00000e+00 0.00000e+00
6.80000e+01 0.00000e+00 0.00000e+00
6.90000e+01 0.00000e+00 0.00000e+00
7.00000e+01 0.00000e+00 0.00000e+00
7.10000e+01 0.00000e+00 0.00000e+00
7.20000e+01 0.00000e+00 0.00000e+00
7.30000e+01 0.00000e+00 0.00000e+00
7.40000e+01 0.00000e+00 0.00000e+00
7.50000e+01 0.00000e+00 0.00000e+00
7.60000e+01 0.00000e+00 0.00000e+00
7.70000e+01 0.00000e+00 0.00000e+00
7.80000e+01 0.00000e+00 0.00000e+00
7.90000e+01 0.00000e+00 0.00000e+00
8.00000e+01 0.00000e+00 0.00000e+00
8.10000e+01 0.00000e+00 0.00000e+00
8.20000e+01 0.00000e+00 0.00000e+00
8.30000e+01 0.00000e+00 0.00000e+00
8.40000e+01 0.00000e+00 0.00000e+00
8.50000e+01 0.00000e+00 0.00000e+00
8.60000e+01 0.00000e+00 0.00000e+00
8.70000e+01 0.00000e+00 0.00000e+00
8.80000e+01 0.00000e+00 0.00000e+00
8.90000e+01 0.00000e+00 0.00000e+00
9.00000e+01 0.00000e+00 0.00000e+00
9.10000e+01 0.00000e+00 0.00000e+00
9.20000e+01 0.00000e+00 0.00000e+00
9.30000e+01 0.00000e+00 0.00000e+00
9.40000e+01 0.00000e+00 0.00000e+00
9.50000e+01 0.00000e+00 0.00000e+00
9.60000e+01 0.00000e+00 0.00000e+00
9.70000e+01 0.00000e+00 0.00000e+00
9.80000e+01 0.00000e+00 0.00000e+00
9.90000e+01 0.00000e+00 0.00000e+00
1.00000e+02 9.49802e-11 0.00000e+00
1.01000e+02 1.13815e-10 0.00000e+00
1.02000e+02 1.05075e-10 0.00000e+00
1.03000e+02 9.64052e-11 0.00000e+00
1.04000e+02 8.82892e-11 0.00000e+00
1.05000e+02 9.28741e-11 0.00000e+00
1.06000e+02 1.01714e-10 0.00000e+00
1.07000e+02 1.07237e-10 0.00000e+00
1.08000e+02 1.01537e-10 0.00000e+00
1.09000e+02 1.10092e-10 0.00000e+00
1.10000e+02 1.09013e-10 0.00000e+00
1.11000e+02 1.06009e-10 0.00000e+00
1.12000e+02 9.09201e-11 0.00000e+00
1.13000e+02 1.33873e-10 0.00000e+00
1.14000e+02 1.08573e-10 0.00000e+00
1.15000e+02 1.19731e-10 0.00000e+00
1.16000e+02 9.65044e-11 0.00000e+00
1.17000e+02 9.94530e-11 0.00000e+00
1.18000e+02 8.45363e-11 0.00000e+00
1.19000e+02 9.01244e-11 0.00000e+00
1.20000e+02 1.07935e-10 0.00000e+00
1.21000e+02 9.78351e-11 0.00000e+00
1.22000e+02 9.41401e-11 0.00000e+00
1.23000e+02 9.40379e-11 0.00000e+00
1.24000e+02 9.52310e-11 0.00000e+00
1.25000e+02 6.78742e-11 0.00000e+00
1.26000e+02 8.21089e-11 0.00000e+00
1.27000e+02 9.60138e-11 0.00000e+00
1.28000e+02 8.33205e-11 0.00000e+00
1.29000e+02 6.87597e-11 0.00000e+00
1.30000e+02 6.83720e-11 0.00000e+00
1.31000e+02 9.60852e-11 0.00000e+00
1.32000e+02 6.94453e-11 0.00000e+00
1.33000e+02 8.48412e-11 0.00000e+00
1.34000e+02 8.77017e-11 0.00000e+00
1.35000e+02 7.22434e-11 0.00000e+00
1.36000e+02 8.50882e-11 0.00000e+00
1.37000e+02 7.19497e-11 0.00000e+00
1.38000e+02 8.62924e-11 0.00000e+00
1.39000e+02 7.58876e-11 0.00000e+00
1.40000e+02 8.05956e-11 0.00000e+00
1.41000e+02 9.54261e-11 0.00000e+00
1.42000e+02 7.20401e-11 0.00000e+00
1.43000e+02 8.10250e-11 0.00000e+00
1.44000e+02 8.49159e-11 0.00000e+00
1.45000e+02 7.94919e-11 0.00000e+00
1.46000e+02 7.58515e-11 0.00000e+00
1.47000e+02 6.24432e-11 0.00000e+00
1.48000e+02 6.85499e-11 0.00000e+00
1.49000e+02 7.36132e-11 0.00000e+00
1.50000e+02 8.46985e-11 0.00000e+00
1.51000e+02 6.63948e-11 0.00000e+00
1.52000e+02 5.61106e-11 0.00000e+00
1.53000e+02 4.82637e-11 0.00000e+00
1.54000e+02 8.34945e-11 0.00000e+00
1.55000e+02 7.26910e-11 0.00000e+00
1.56000e+02 5.38873e-11 0.00000e+00
1.57000e+02 7.73503e-11 0.00000e+00
1.58000e+02 6.80889e-11 0.00000e+00
1.59000e+02 6.22397e-11 0.00000e+00
1.60000e+02 6.83196e-11 0.00000e+00
1.61000e+02 5.99728e-11 0.00000e+00
1.62000e+02 7.16527e-11 0.00000e+00
1.63000e+02 6.28971e-11 0.00000e+00
1.64000e+02 7.30139e-11 0.00000e+00
1.65000e+02 5.72220e-11 0.00000e+00
1.66000e+02 6.61172e-11 0.00000e+00
1.67000e+02 7.49393e-11 0.00000e+00
1.68000e+02 5.47418e-11 0.00000e+00
1.69000e+02 6.53061e-11 0.00000e+00
1.70000e+02 7.58049e-11 0.00000e+00
1.71000e+02 6.10040e-11 0.00000e+00
1.72000e+02 6.23580e-11 0.00000e+00
1.73000e+02 6.56514e-11 0.00000e+00
1.74000e+02 5.40491e-11 0.00000e+00
1.75000e+02 5.74328e-11 0.00000e+00
1.76000e+02 6.81184e-11 0.00000e+00
1.77000e+02 5.26528e-11 0.00000e+00
1.78000e+02 5.24767e-11 0.00000e+00
1.79000e+02 5.87453e-11 0.00000e+00
1.80000e+02 6.73258e-11 0.00000e+00
1.81000e+02 6.09131e-11 0.00000e+00
1.82000e+02 7.36118e-11 0.00000e+00
1.83000e+02 5.67799e-11 0.00000e+00
1.84000e+02 7.06687e-11 0.00000e+00
1.85000e+02 5.90114e-11 0.00000e+00
1.86000e+02 5.92171e-11 0.00000e+00
1.87000e+02 5.45570e-11 0.00000e+00
1.88000e+02 6.15355e-11 0.00000e+00
1.89000e+02 5.91332e-11 0.00000e+00
1.90000e+02 4.51924e-11 0.00000e+00
1.91000e+02 4.94157e-11 0.00000e+00
1.92000e+02 5.10653e-11 0.00000e+00
1.93000e+02 5.60795e-11 0.00000e+00
1.94000e+02 5.07560e-11 0.00000e+00
1.95000e+02 4.42970e-11 0.00000e+00
1.96000e+02 5.17623e-11 0.00000e+00
1.97000e+02 4.26438e-11 0.00000e+00
1.98000e+02 5.80270e-11 0.00000e+00
1.99000e+02 5.10102e-11 0.00000e+00
2.00000e+02 5.02917e-11 0.00000e+00
2.01000e+02 5.07185e-11 0.00000e+00
2.02000e+02 4.49162e-11 0.00000e+00
2.03000e+02 5.18569e-11 0.00000e+00
2.04000e+02 4.92049e-11 0.00000e+00
2.05000e+02 4.58813e-11 0.00000e+00
2.06000e+02 6.08986e-11 0.00000e+00
2.07000e+02 4.30857e-11 0.00000e+00
2.08000e+02 4.94072e-11 0.00000e+00
2.09000e+02 4.16076e-11 0.00000e+00
2.10000e+02 6.20332e-11 0.00000e+00
2.11000e+02 4.01865e-11 0.00000e+00
2.12000e+02 5.00304e-11 0.00000e+00
2.13000e+02 4.23647e-11 0.00000e+00
2.14000e+02 4.71669e-11 0.00000e+00
2.15000e+02 4.79827e-11 0.00000e+00
2.16000e+02 5.77495e-11 0.00000e+00
2.17000e+02 5.40634e-11 0.00000e+00
2.18000e+02 5.55900e-11 0.00000e+00
2.19000e+02 4.95381e-11 0.00000e+00
2.20000e+02 4.19967e-11 0.00000e+00
2.21000e+02 4.90093e-11 0.00000e+00
2.22000e+02 5.05287e-11 0.00000e+00
2.23000e+02 4.19398e-11 0.00000e+00
2.24000e+02 4.90137e-11 0.00000e+00
2.25000e+02 4.96569e-11 0.00000e+00
2.26000e+02 4.88672e-11 0.00000e+00
2.27000e+02 4.86503e-11 0.00000e+00
2.28000e+02 4.35167e-11 0.00000e+00
2.29000e+02 4.84391e-11 0.00000e+00
2.30000e+02 4.80943e-11 0.00000e+00
2.31000e+02 4.72675e-11 0.00000e+00
2.32000e+02 4.58769e-11 0.00000e+00
2.33000e+02 4.50142e-11 0.00000e+00
2.34000e+02 4.53683e-11 0.00000e+00
2.35000e+02 4.30144e-11 0.00000e+00
2.36000e+02 4.08617e-11 0.00000e+00
2.37000e+02 4.05575e-11 0.00000e+00
2.38000e+02 4.26280e-11 0.00000e+00
2.39000e+02 4.89014e-11 0.00000e+00
2.40000e+02 4.11529e-11 0.00000e+00
2.41000e+02 5.15734e-11 0.00000e+00
2.42000e+02 5.40442e-11 0.00000e+00
2.43000e+02 3.99211e-11 0.00000e+00
2.44000e+02 4.11529e-11 0.00000e+00
2.45000e+02 5.12861e-11 0.00000e+00
2.46000e+02 4.63252e-11 0.00000e+00
2.47000e+02 3.93375e-11 0.00000e+00
2.48000e+02 4.38841e-11 0.00000e+00
2.49000e+02 4.75203e-11 0.00000e+00
2.50000e+02 4.43368e-11 0.00000e+00
2.51000e+02 5.08215e-11 0.00000e+00
2.52000e+02 3.88413e-11 0.00000e+00
2.53000e+02 3.61304e-11 0.00000e+00
2.54000e+02 3.89549e-11 0.00000e+00
2.55000e+02 4.18229e-11 0.00000e+00
2.56000e+02 4.60124e-11 0.00000e+00
2.57000e+02 4.37638e-11 0.00000e+00
2.58000e+02 4.08277e-11 0.00000e+00
2.59000e+02 4.35071e-11 0.00000e+00
2.60000e+02 4.71687e-11 0.00000e+00
2.61000e+02 4.02693e-11 0.00000e+00
2.62000e+02 3.48029e-11 0.00000e+00
2.63000e+02 4.56023e-11 0.00000e+00
2.64000e+02 4.02620e-11 0.00000e+00
2.65000e+02 4.05299e-11 0.00000e+00
2.66000e+02 3.81286e-11 0.00000e+00
2.67000e+02 4.41458e-11 0.00000e+00
2.68000e+02 3.74415e-11 0.00000e+00
2.69000e+02 4.07046e-11 0.00000e+00
2.70000e+02 4.41523e-11 0.00000e+00
2.71000e+02 3.82149e-11 0.00000e+00
2.72000e+02 3.36188e-11 0.00000e+00
2.73000e+02 4.05925e-11 0.00000e+00
2.74000e+02 4.20856e-11 0.00000e+00
2.75000e+02 4.28271e-11 0.00000e+00
2.76000e+02 3.21805e-11 0.00000e+00
2.77000e+02 3.48104e-11 0.00000e+00
2.78000e+02 3.67740e-11 0.00000e+00
2.79000e+02 3.67152e-11 0.00000e+00
2.80000e+02 3.58335e-11 0.00000e+00
2.81000e+02 4.00439e-11 0.00000e+00
2.82000e+02 3.75475e-11 0.00000e+00
2.83000e+02 3.45706e-11 0.00000e+00
2.84000e+02 3.75854e-11 0.00000e+00
2.85000e+02 4.25650e-11 0.00000e+00
2.86000e+02 4.48553e-11 0.00000e+00
2.87000e+02 4.23648e-11 0.00000e+00
2.88000e+02 3.94890e-11 0.00000e+00
2.89000e+02 3.46704e-11 0.00000e+00
2.90000e+02 4.38811e-11 0.00000e+00
2.91000e+02 3.84897e-11 0.00000e+00
2.92000e+02 3.63656e-11 0.00000e+00
2.93000e+02 3.12510e-11 0.00000e+00
2.94000e+02 3.78181e-11 0.00000e+00
2.95000e+02 3.95525e-11 0.00000e+00
2.96000e+02 3.87814e-11 0.00000e+00
2.97000e+02 3.43704e-11 0.00000e+00
2.98000e+02 3.99464e-11 0.00000e+00
2.99000e+02 3.79662e-11 0.00000e+00
3.00000e+02 3.43542e-11 0.00000e+00
3.01000e+02 3.64203e-11 0.00000e+00
3.02000e+02 4.06709e-11 0.00000e+00
3.03000e+02 3.40083e-11 0.00000e+00
3.04000e+02 4.08592e-11 0.00000e+00
3.05000e+02 3.53147e-11 0.00000e+00
3.06000e+02 4.24128e-11 0.00000e+00
3.07000e+02 3.68622e-11 0.00000e+00
3.08000e+02 3.85581e-11 0.00000e+00
3.09000e+02 4.19408e-11 0.00000e+00
3.10000e+02 4.23856e-11 0.00000e+00
3.11000e+02 2.81198e-11 0.00000e+00
3.12000e+02 3.66562e-11 0.00000e+00
3.13000e+02 3.53705e-11 0.00000e+00
3.14000e+02 3.05143e-11 0.00000e+00
3.15000e+02 3.44969e-11 0.00000e+00
3.16000e+02 3.62110e-11 0.00000e+00
3.17000e+02 3.20748e-11 0.00000e+00
3.18000e+02 3.34463e-11 0.00000e+00
3.19000e+02 3.14533e-11 0.00000e+00
3.20000e+02 3.06970e-11 0.00000e+00
3.21000e+02 3.53265e-11 0.00000e+00
3.22000e+02 3.83065e-11 0.00000e+00
3.23000e+02 3.76683e-11 0.00000e+00
3.24000e+02 3.20982e-11 0.00000e+00
3.25000e+02 3.11283e-11 0.00000e+00
3.26000e+02 3.42623e-11 0.00000e+00
3.27000e+02 3.60672e-11 0.00000e+00
3.28000e+02 3.13842e-11 0.00000e+00
3.29000e+02 3.15998e-11 0.00000e+00
3.30000e+02 3.16519e-11 0.00000e+00
3.31000e+02 3.85072e-11 0.00000e+00
3.32000e+02 2.93567e-11 0.00000e+00
3.33000e+02 3.38495e-11 0.00000e+00
3.34000e+02 3.68990e-11 0.00000e+00
3.35000e+02 3.34472e-11 0.00000e+00
3.36000e+02 3.89191e-11 0.00000e+00
3.37000e+02 3.75487e-11 0.00000e+00
3.38000e+02 2.89309e-11 0.00000e+00
3.39000e+02 3.29919e-11 0.00000e+00
3.40000e+02 3.30437e-11 0.00000e+00
3.41000e+02 3.42847e-11 0.00000e+00
3.42000e+02 2.89263e-11 0.00000e+00
3.43000e+02 3.24948e-11 0.00000e+00
3.44000e+02 3.37089e-11 0.00000e+00
3.45000e+02 3.15110e-11 0.00000e+00
3.46000e+02 3.64411e-11 0.00000e+00
3.47000e+02 2.29053e-11 0.00000e+00
3.48000e+02 2.94013e-11 0.00000e+00
3.49000e+02 3.06951e-11 0.00000e+00
3.50000e+02 3.11994e-11 0.00000e+00
3.51000e+02 3.08957e-11 0.00000e+00
3.52000e+02 3.68936e-11 0.00000e+00
3.53000e+02 3.02455e-11 0.00000e+00
3.54000e+02 3.17292e-11 0.00000e+00
3.55000e+02 3.08819e-11 0.00000e+00
3.56000e+02 3.19834e-11 0.00000e+00
3.57000e+02 2.74904e-11 0.00000e+00
3.58000e+02 3.44683e-11 0.00000e+00
3.59000e+02 2.92751e-11 0.00000e+00
3.60000e+02 2.78283e-11 0.00000e+00
3.61000e+02 3.04300e-11 0.00000e+00
3.62000e+02 3.41035e-11 0.00000e+00
3.63000e+02 3.10658e-11 0.00000e+00
3.64000e+02 2.73150e-11 0.00000e+00
3.65000e+02 2.95227e-11 0.00000e+00
3.66000e+02 3.07806e-11 0.00000e+00
3.67000e+02 3.21855e-11 0.00000e+00
3.68000e+02 3.72721e-11 0.00000e+00
3.69000e+02 3.08592e-11 0.00000e+00
3.70000e+02 3.01506e-11 0.00000e+00
3.71000e+02 2.70751e-11 0.00000e+00
3.72000e+02 3.37871e-11 0.00000e+00
3.73000e+02 3.07105e-11 0.00000e+00
3.74000e+02 3.13578e-11 0.00000e+00
3.75000e+02 3.21703e-11 0.00000e+00
3.76000e+02 3.12508e-11 0.00000e+00
3.77000e+02 2.83753e-11 0.00000e+00
3.78000e+02 3.23632e-11 0.00000e+00
3.79000e+02 2.53832e-11 0.00000e+00
3.80000e+02 3.20142e-11 0.00000e+00
3.81000e+02 2.77450e-11 0.00000e+00
3.82000e+02 3.04323e-11 0.00000e+00
3.83000e+02 3.70393e-11 0.00000e+00
3.84000e+02 2.89083e-11 0.00000e+00
3.85000e+02 2.80313e-11 0.00000e+00
3.86000e+02 2.82426e-11 0.00000e+00
3.87000e+02 3.13301e-11 0.00000e+00
3.88000e+02 2.84795e-11 0.00000e+00
3.89000e+02 2.84564e-11 0.00000e+00
3.90000e+02 2.95104e-11 0.00000e+00
3.91000e+02 2.75448e-11 0.00000e+00
3.92000e+02 3.35419e-11 0.00000e+00
3.93000e+02 2.96422e-11 0.00000e+00
3.94000e+02 2.62039e-11 0.00000e+00
3.95000e+02 2.64734e-11 0.00000e+00
3.96000e+02 3.06137e-11 0.00000e+00
3.97000e+02 3.14740e-11 0.00000e+00
3.98000e+02 3.32287e-11 0.00000e+00
3.99000e+02 2.76218e-11 0.00000e+00
4.00000e+02 2.74118e-11 0.00000e+00
4.01000e+02 2.76368e-11 0.00000e+00
4.02000e+02 2.86074e-11 0.00000e+00
4.03000e+02 3.11736e-11 0.00000e+00
4.04000e+02 2.99650e-11 0.00000e+00
4.05000e+02 3.03034e-11 0.00000e+00
4.06000e+02 2.73838e-11 0.00000e+00
4.07000e+02 3.28037e-11 0.00000e+00
4.08000e+02 2.87516e-11 0.00000e+00
4.09000e+02 2.70424e-11 0.00000e+00
4.10000e+02 2.65177e-11 0.00000e+00
4.11000e+02 2.87308e-11 0.00000e+00
4.12000e+02 2.36235e-11 0.00000e+00
4.13000e+02 2.98362e-11 0.00000e+00
4.14000e+02 2.86013e-11 0.00000e+00
4.15000e+02 2.58743e-11 0.00000e+00
4.16000e+02 2.43488e-11 0.00000e+00
4.17000e+02 2.39942e-11 0.00000e+00
4.18000e+02 2.35451e-11 0.00000e+00
4.19000e+02 2.89206e-11 0.00000e+00
4.20000e+02 2.55959e-11 0.00000e+00
4.21000e+02 2.59284e-11 0.00000e+00
4.22000e+02 2.40965e-11 0.00000e+00
4.23000e+02 2.41397e-11 0.00000e+00
4.24000e+02 2.88371e-11 0.00000e+00
4.25000e+02 2.55818e-11 0.00000e+00
4.26000e+02 2.56297e-11 0.00000e+00
4.27000e+02 2.78308e-11 0.00000e+00
4.28000e+02 2.39969e-11 0.00000e+00
4.29000e+02 2.27825e-11 0.00000e+00
4.30000e+02 2.62876e-11 0.00000e+00
4.31000e+02 2.49169e-11 0.00000e+00
4.32000e+02 2.75137e-11 0.00000e+00
4.33000e+02 2.32526e-11 0.00000e+00
4.34000e+02 3.05954e-11 0.00000e+00
4.35000e+02 2.60486e-11 0.00000e+00
4.36000e+02 2.53705e-11 0.00000e+00
4.37000e+02 2.80194e-11 0.00000e+00
4.38000e+02 2.48446e-11 0.00000e+00
4.39000e+02 2.63788e-11 0.00000e+00
4.40000e+02 2.59523e-11 0.00000e+00
4.41000e+02 2.15175e-11 0.00000e+00
4.42000e+02 2.66094e-11 0.00000e+00
4.43000e+02 2.61029e-11 0.00000e+00
4.44000e+02 2.70596e-11 0.00000e+00
4.45000e+02 2.70585e-11 0.00000e+00
4.46000e+02 2.51376e-11 0.00000e+00
4.47000e+02 2.40402e-11 0.00000e+00
4.48000e+02 2.62291e-11 0.00000e+00
4.49000e+02 2.66019e-11 0.00000e+00
4.50000e+02 2.66104e-11 0.00000e+00
4.51000e+02 2.62527e-11 0.00000e+00
4.52000e+02 2.94584e-11 0.00000e+00
4.53000e+02 2.89745e-11 0.00000e+00
4.54000e+02 2.41205e-11 0.00000e+00
4.55000e+02 2.53304e-11 0.00000e+00
4.56000e+02 2.41716e-11 0.00000e+00
4.57000e+02 2.65678e-11 0.00000e+00
4.58000e+02 2.44513e-11 0.00000e+00
4.59000e+02 2.57389e-11 0.00000e+00
4.60000e+02 2.37457e-11 0.00000e+00
4.61000e+02 2.61139e-11 0.00000e+00
4.62000e+02 2.77861e-11 0.00000e+00
4.63000e+02 2.48051e-11 0.00000e+00
4.64000e+02 2.34064e-11 0.00000e+00
4.65000e+02 2.37184e-11 0.00000e+00
4.66000e+02 2.17393e-11 0.00000e+00
4.67000e+02 2.31219e-11 0.00000e+00
4.68000e+02 2.60635e-11 0.00000e+00
4.69000e+02 2.27754e-11 0.00000e+00
4.70000e+02 2.36859e-11 0.00000e+00
4.71000e+02 2.06694e-11 0.00000e+00
4.72000e+02 2.65648e-11 0.00000e+00
4.73000e+02 2.48894e-11 0.00000e+00
4.74000e+02 2.50299e-11 0.00000e+00
4.75000e+02 2.60307e-11 0.00000e+00
4.76000e+02 2.35351e-11 0.00000e+00
4.77000e+02 2.19233e-11 0.00000e+00
4.78000e+02 2.43827e-11 0.00000e+00
4.79000e+02 2.59938e-11 0.00000e+00
4.80000e+02 2.38368e-11 0.00000e+00
4.81000e+02 2.37322e-11 0.00000e+00
4.82000e+02 2.40503e-11 0.00000e+00
4.83000e+02 2.38017e-11 0.00000e+00
4.84000e+02 2.62206e-11 0.00000e+00
4.85000e+02 2.43135e-11 0.00000e+00
4.86000e+02 2.25153e-11 0.00000e+00
4.87000e+02 2.42454e-11 0.00000e+00
4.88000e+02 2.08277e-11 0.00000e+00
4.89000e+02 2.40889e-11 0.00000e+00
4.90000e+02 2.50671e-11 0.00000e+00
4.91000e+02 2.39351e-11 0.00000e+00
4.92000e+02 2.48352e-11 0.00000e+00
4.93000e+02 2.73924e-11 0.00000e+00
4.94000e+02 2.70758e-11 0.00000e+00
4.95000e+02 2.32114e-11 0.00000e+00
4.96000e+02 2.52263e-11 0.00000e+00
4.97000e+02 2.39336e-11 0.00000e+00
4.98000e+02 2.42942e-11 0.00000e+00
4.99000e+02 2.36824e-11 0.00000e+00
5.00000e+02 2.33251e-11 0.00000e+00
5.01000e+02 2.43459e-11 0.00000e+00
5.02000e+02 2.49014e-11 0.00000e+00
5.03000e+02 2.32632e-11 0.00000e+00
5.04000e+02 2.33172e-11 0.00000e+00
5.05000e+02 2.40212e-11 0.00000e+00
5.06000e+02 2.15448e-11 0.00000e+00
5.07000e+02 2.36987e-11 0.00000e+00
5.08000e+02 2.61376e-11 0.00000e+00
5.09000e+02 2.35705e-11 0.00000e+00
5.10000e+02 2.32367e-11 0.00000e+00
5.11000e+02 2.38566e-11 0.00000e+00
5.12000e+02 2.55605e-11 0.00000e+00
5.13000e+02 2.23229e-11 0.00000e+00
5.14000e+02 2.25590e-11 0.00000e+00
5.15000e+02 2.30432e-11 0.00000e+00
5.16000e+02 2.04033e-11 0.00000e+00
5.17000e+02 2.35161e-11 0.00000e+00
5.18000e+02 2.04645e-11 0.00000e+00
5.19000e+02 2.48450e-11 0.00000e+00
5.20000e+02 2.19047e-11 0.00000e+00
5.21000e+02 2.28898e-11 0.00000e+00
5.22000e+02 2.31150e-11 0.00000e+00
5.23000e+02 2.19544e-11 0.00000e+00
5.24000e+02 1.94965e-11 0.00000e+00
5.25000e+02 2.28079e-11 0.00000e+00
5.26000e+02 1.93184e-11 0.00000e+00
5.27000e+02 2.16012e-11 0.00000e+00
5.28000e+02 2.43693e-11 0.00000e+00
5.29000e+02 2.36759e-11 0.00000e+00
5.30000e+02 2.10816e-11 0.00000e+00
5.31000e+02 2.05484e-11 0.00000e+00
5.32000e+02 1.94706e-11 0.00000e+00
5.33000e+02 2.24817e-11 0.00000e+00
5.34000e+02 2.27635e-11 0.00000e+00
5.35000e+02 2.02320e-11 0.00000e+00
5.36000e+02 2.36858e-11 0.00000e+00
5.37000e+02 2.09667e-11 0.00000e+00
5.38000e+02 1.92158e-11 0.00000e+00
5.39000e+02 2.33744e-11 0.00000e+00
5.40000e+02 2.36972e-11 0.00000e+00
5.41000e+02 2.32652e-11 0.00000e+00
5.42000e+02 2.21294e-11 0.00000e+00
5.43000e+02 1.89057e-11 0.00000e+00
5.44000e+02 2.01447e-11 0.00000e+00
5.45000e+02 2.62153e-11 0.00000e+00
5.46000e+02 2.14049e-11 0.00000e+00
5.47000e+02 2.11757e-11 0.00000e+00
5.48000e+02 2.16077e-11 0.00000e+00
5.49000e+02 2.20635e-11 0.00000e+00
5.50000e+02 2.16444e-11 0.00000e+00
5.51000e+02 2.05943e-11 0.00000e+00
5.52000e+02 2.30717e-11 0.00000e+00
5.53000e+02 2.09718e-11 0.00000e+00
5.54000e+02 2.02778e-11 0.00000e+00
5.55000e+02 1.80626e-11 0.00000e+00
5.56000e+02 2.47455e-11 0.00000e+00
5.57000e+02 2.15024e-11 0.00000e+00
5.58000e+02 2.01050e-11 0.00000e+00
5.59000e+02 2.31237e-11 0.00000e+00
5.60000e+02 2.19893e-11 0.00000e+00
5.61000e+02 2.24144e-11 0.00000e+00
5.62000e+02 2.02016e-11 0.00000e+00
5.63000e+02 2.19427e-11 0.00000e+00
5.64000e+02 2.11192e-11 0.00000e+00
5.65000e+02 2.07348e-11 0.00000e+00
5.66000e+02 1.79488e-11 0.00000e+00
5.67000e+02 2.04385e-11 0.00000e+00
5.68000e+02 1.91616e-11 0.00000e+00
5.69000e+02 1.83885e-11 0.00000e+00
5.70000e+02 2.05797e-11 0.00000e+00
5.71000e+02 2.21924e-11 0.00000e+00
5.72000e+02 2.24519e-11 0.00000e+00
5.73000e+02 2.19590e-11 0.00000e+00
5.74000e+02 1.99337e-11 0.00000e+00
5.75000e+02 1.90642e-11 0.00000e+00
5.76000e+02 2.02601e-11 0.00000e+00
5.77000e+02 1.94175e-11 0.00000e+00
5.78000e+02 1.99948e-11 0.00000e+00
5.79000e+02 2.18238e-11 0.00000e+00
5.80000e+02 1.88596e-11 0.00000e+00
5.81000e+02 2.04461e-11 0.00000e+00
5.82000e+02 1.72916e-11 0.00000e+00
5.83000e+02 1.91197e-11 0.00000e+00
5.84000e+02 2.07760e-11 0.00000e+00
5.85000e+02 2.13901e-11 0.00000e+00
5.86000e+02 1.87324e-11 0.00000e+00
5.87000e+02 2.03157e-11 0.00000e+00
5.88000e+02 1.74884e-11 0.00000e+00
5.89000e+02 1.97048e-11 0.00000e+00
5.90000e+02 2.01505e-11 0.00000e+00
5.91000e+02 2.15439e-11 0.00000e+00
5.92000e+02 2.18075e-11 0.00000e+00
5.93000e+02 2.29732e-11 0.00000e+00
5.94000e+02 2.08387e-11 0.00000e+00
5.95000e+02 1.98411e-11 0.00000e+00
5.96000e+02 2.06962e-11 0.00000e+00
5.97000e+02 1.90738e-11 0.00000e+00
5.98000e+02 1.84192e-11 0.00000e+00
5.99000e+02 1.93440e-11 0.00000e+00
6.00000e+02 2.00648e-11 0.00000e+00
6.01000e+02 1.92403e-11 0.00000e+00
6.02000e+02 2.00873e-11 0.00000e+00
6.03000e+02 1.90246e-11 0.00000e+00
6.04000e+02 1.94368e-11 0.00000e+00
6.05000e+02 1.88175e-11 0.00000e+00
6.06000e+02 1.84422e-11 0.00000e+00
6.07000e+02 1.98989e-11 0.00000e+00
6.08000e+02 1.99853e-11 0.00000e+00
6.09000e+02 1.76544e-11 0.00000e+00
6.10000e+02 1.99683e-11 0.00000e+00
6.11000e+02 1.77143e-11 0.00000e+00
6.12000e+02 2.04825e-11 0.00000e+00
6.13000e+02 1.99414e-11 0.00000e+00
6.14000e+02 2.06685e-11 0.00000e+00
6.15000e+02 1.83611e-11 0.00000e+00
6.16000e+02 1.85311e-11 0.00000e+00
6.17000e+02 1.97414e-11 0.00000e+00
6.18000e+02 1.92604e-11 0.00000e+00
6.19000e+02 1.89179e-11 0.00000e+00
6.20000e+02 2.10354e-11 0.00000e+00
6.21000e+02 1.95917e-11 0.00000e+00
6.22000e+02 1.81274e-11 0.00000e+00
6.23000e+02 1.97120e-11 0.00000e+00
6.24000e+02 2.09520e-11 0.00000e+00
6.25000e+02 1.76785e-11 0.00000e+00
6.26000e+02 1.73630e-11 0.00000e+00
6.27000e+02 1.95646e-11 0.00000e+00
6.28000e+02 2.07701e-11 0.00000e+00
6.29000e+02 1.87759e-11 0.00000e+00
6.30000e+02 1.79228e-11 0.00000e+00
6.31000e+02 1.87653e-11 0.00000e+00
6.32000e+02 1.85730e-11 0.00000e+00
6.33000e+02 1.72740e-11 0.00000e+00
6.34000e+02 1.82092e-11 0.00000e+00
6.35000e+02 1.83326e-11 0.00000e+00
6.36000e+02 1.96791e-11 0.00000e+00
6.37000e+02 2.09888e-11 0.00000e+00
6.38000e+02 1.84887e-11 0.00000e+00
6.39000e+02 1.67983e-11 0.00000e+00
6.40000e+02 1.97788e-11 0.00000e+00
6.41000e+02 1.90202e-11 0.00000e+00
6.42000e+02 1.67118e-11 0.00000e+00
6.43000e+02 1.89794e-11 0.00000e+00
6.44000e+02 2.12032e-11 0.00000e+00
6.45000e+02 1.73639e-11 0.00000e+00
6.46000e+02 1.96540e-11 0.00000e+00
6.47000e+02 1.79913e-11 0.00000e+00
6.48000e+02 1.76263e-11 0.00000e+00
6.49000e+02 1.89088e-11 0.00000e+00
6.50000e+02 1.93207e-11 0.00000e+00
6.51000e+02 1.88533e-11 0.00000e+00
6.52000e+02 2.02493e-11 0.00000e+00
6.53000e+02 1.85711e-11 0.00000e+00
6.54000e+02 1.85307e-11 0.00000e+00
6.55000e+02 1.84155e-11 0.00000e+00
6.56000e+02 2.06655e-11 0.00000e+00
6.57000e+02 2.01961e-11 0.00000e+00
6.58000e+02 1.84403e-11 0.00000e+00
6.59000e+02 1.97615e-11 0.00000e+00
6.60000e+02 1.66953e-11 0.00000e+00
6.61000e+02 1.70173e-11 0.00000e+00
6.62000e+02 1.78408e-11 0.00000e+00
6.63000e+02 1.76569e-11 0.00000e+00
6.64000e+02 1.72367e-11 0.00000e+00
6.65000e+02 1.88077e-11 0.00000e+00
6.66000e+02 1.87691e-11 0.00000e+00
6.67000e+02 1.87496e-11 0.00000e+00
6.68000e+02 1.59329e-11 0.00000e+00
6.69000e+02 1.77410e-11 0.00000e+00
6.70000e+02 1.67136e-11 0.00000e+00
6.71000e+02 1.92857e-11 0.00000e+00
6.72000e+02 1.69019e-11 0.00000e+00
6.73000e+02 1.70067e-11 0.00000e+00
6.74000e+02 1.75552e-11 0.00000e+00
6.75000e+02 1.69281e-11 0.00000e+00
6.76000e+02 1.91276e-11 0.00000e+00
6.77000e+02 1.61284e-11 0.00000e+00
6.78000e+02 1.97040e-11 0.00000e+00
6.79000e+02 1.63907e-11 0.00000e+00
6.80000e+02 1.79371e-11 0.00000e+00
6.81000e+02 1.89056e-11 0.00000e+00
6.82000e+02 1.80761e-11 0.00000e+00
6.83000e+02 1.90923e-11 0.00000e+00
6.84000e+02 1.65650e-11 0.00000e+00
6.85000e+02 1.96364e-11 0.00000e+00
6.86000e+02 1.53439e-11 0.00000e+00
6.87000e+02 1.61846e-11 0.00000e+00
6.88000e+02 1.87161e-11 0.00000e+00
6.89000e+02 1.70876e-11 0.00000e+00
6.90000e+02 1.69053e-11 0.00000e+00
6.91000e+02 1.78821e-11 0.00000e+00
6.92000e+02 1.74135e-11 0.00000e+00
6.93000e+02 1.67886e-11 0.00000e+00
6.94000e+02 1.86877e-11 0.00000e+00
6.95000e+02 1.71422e-11 0.00000e+00
6.96000e+02 1.75758e-11 0.00000e+00
6.97000e+02 1.76663e-11 0.00000e+00
6.98000e+02 1.60313e-11 0.00000e+00
6.99000e+02 1.64427e-11 0.00000e+00
7.00000e+02 1.82995e-11 0.00000e+00
7.01000e+02 1.84906e-11 0.00000e+00
7.02000e+02 1.56486e-11 0.00000e+00
7.03000e+02 1.45385e-11 0.00000e+00
7.04000e+02 1.58260e-11 0.00000e+00
7.05000e+02 1.71600e-11 0.00000e+00
7.06000e+02 1.74361e-11 0.00000e+00
7.07000e+02 1.90612e-11 0.00000e+00
7.08000e+02 1.70031e-11 0.00000e+00
7.09000e+02 1.72745e-11 0.00000e+00
7.10000e+02 1.67690e-11 0.00000e+00
7.11000e+02 1.70683e-11 0.00000e+00
7.12000e+02 1.59775e-11 0.00000e+00
7.13000e+02 1.75941e-11 0.00000e+00
7.14000e+02 1.69860e-11 0.00000e+00
7.15000e+02 1.54367e-11 0.00000e+00
7.16000e+02 1.56764e-11 0.00000e+00
7.17000e+02 1.68663e-11 0.00000e+00
7.18000e+02 1.80096e-11 0.00000e+00
7.19000e+02 1.52948e-11 0.00000e+00
7.20000e+02 1.52666e-11 0.00000e+00
7.21000e+02 1.67432e-11 0.00000e+00
7.22000e+02 1.70524e-11 0.00000e+00
7.23000e+02 1.46030e-11 0.00000e+00
7.24000e+02 1.56743e-11 0.00000e+00
7.25000e+02 1.72888e-11 0.00000e+00
7.26000e+02 1.50155e-11 0.00000e+00
7.27000e+02 1.73457e-11 0.00000e+00
7.28000e+02 1.81160e-11 0.00000e+00
7.29000e+02 1.66824e-11 0.00000e+00
7.30000e+02 1.67466e-11 0.00000e+00
7.31000e+02 1.68504e-11 0.00000e+00
7.32000e+02 1.82267e-11 0.00000e+00
7.33000e+02 1.58710e-11 0.00000e+00
7.34000e+02 1.83124e-11 0.00000e+00
7.35000e+02 1.88133e-11 0.00000e+00
7.36000e+02 1.57281e-11 0.00000e+00
7.37000e+02 1.77180e-11 0.00000e+00
7.38000e+02 1.59960e-11 0.00000e+00
7.39000e+02 1.72088e-11 0.00000e+00
7.40000e+02 1.60437e-11 0.00000e+00
7.41000e+02 1.87279e-11 0.00000e+00
7.42000e+02 1.60067e-11 0.00000e+00
7.43000e+02 1.63211e-11 0.00000e+00
7.44000e+02 1.50529e-11 0.00000e+00
7.45000e+02 1.77132e-11 0.00000e+00
7.46000e+02 1.45386e-11 0.00000e+00
7.47000e+02 1.61775e-11 0.00000e+00
7.48000e+02 1.49129e-11 0.00000e+00
7.49000e+02 1.63770e-11 0.00000e+00
7.50000e+02 1.71695e-11 0.00000e+00
7.51000e+02 1.64220e-11 0.00000e+00
7.52000e+02 1.68063e-11 0.00000e+00
7.53000e+02 1.67984e-11 0.00000e+00
7.54000e+02 1.71367e-11 0.00000e+00
7.55000e+02 1.48620e-11 0.00000e+00
7.56000e+02 1.63543e-11 0.00000e+00
7.57000e+02 1.67116e-11 0.00000e+00
7.58000e+02 1.63274e-11 0.00000e+00
7.59000e+02 1.58877e-11 0.00000e+00
7.60000e+02 1.59743e-11 0.00000e+00
7.61000e+02 1.58015e-11 0.00000e+00
7.62000e+02 1.58586e-11 0.00000e+00
7.63000e+02 1.45913e-11 0.00000e+00
7.64000e+02 1.58457e-11 0.00000e+00
7.65000e+02 1.62697e-11 0.00000e+00
7.66000e+02 1.44396e-11 0.00000e+00
7.67000e+02 1.77379e-11 0.00000e+00
7.68000e+02 1.63167e-11 0.00000e+00
7.69000e+02 1.43954e-11 0.00000e+00
7.70000e+02 1.60012e-11 0.00000e+00
7.71000e+02 1.50994e-11 0.00000e+00
7.72000e+02 1.55909e-11 0.00000e+00
7.73000e+02 1.55516e-11 0.00000e+00
7.74000e+02 1.49342e-11 0.00000e+00
7.75000e+02 1.57770e-11 0.00000e+00
7.76000e+02 1.41183e-11 0.00000e+00
7.77000e+02 1.61822e-11 0.00000e+00
7.78000e+02 1.61892e-11 0.00000e+00
7.79000e+02 1.50239e-11 0.00000e+00
7.80000e+02 1.49426e-11 0.00000e+00
7.81000e+02 1.56365e-11 0.00000e+00
7.82000e+02 1.70789e-11 0.00000e+00
7.83000e+02 1.41593e-11 0.00000e+00
7.84000e+02 1.39977e-11 0.00000e+00
7.85000e+02 1.52206e-11 0.00000e+00
7.86000e+02 1.40629e-11 0.00000e+00
7.87000e+02 1.71309e-11 0.00000e+00
7.88000e+02 1.59740e-11 0.00000e+00
7.89000e+02 1.49155e-11 0.00000e+00
7.90000e+02 1.67211e-11 0.00000e+00
7.91000e+02 1.51997e-11 0.00000e+00
7.92000e+02 1.44692e-11 0.00000e+00
7.93000e+02 1.41772e-11 0.00000e+00
7.94000e+02 1.56312e-11 0.00000e+00
7.95000e+02 1.37488e-11 0.00000e+00
7.96000e+02 1.53548e-11 0.00000e+00
7.97000e+02 1.42651e-11 0.00000e+00
7.98000e+02 1.47848e-11 0.00000e+00
7.99000e+02 1.42498e-11 0.00000e+00
8.00000e+02 1.50212e-11 0.00000e+00
8.01000e+02 1.61805e-11 0.00000e+00
8.02000e+02 1.61120e-11 0.00000e+00
8.03000e+02 1.31898e-11 0.00000e+00
8.04000e+02 1.55844e-11 0.00000e+00
8.05000e+02 1.39893e-11 0.00000e+00
8.06000e+02 1.63912e-11 0.00000e+00
8.07000e+02 1.47640e-11 0.00000e+00
8.08000e+02 1.48078e-11 0.00000e+00
8.09000e+02 1.50775e-11 0.00000e+00
8.10000e+02 1.67141e-11 0.00000e+00
8.11000e+02 1.55881e-11 0.00000e+00
8.12000e+02 1.31469e-11 0.00000e+00
8.13000e+02 1.41947e-11 0.00000e+00
8.14000e+02 1.51241e-11 0.00000e+00
8.15000e+02 1.44808e-11 0.00000e+00
8.16000e+02 1.40580e-11 0.00000e+00
8.17000e+02 1.40691e-11 0.00000e+00
8.18000e+02 1.41103e-11 0.00000e+00
8.19000e+02 1.55451e-11 0.00000e+00
8.20000e+02 1.55097e-11 0.00000e+00
8.21000e+02 1.46039e-11 0.00000e+00
8.22000e+02 1.42745e-11 0.00000e+00
8.23000e+02 1.52274e-11 0.00000e+00
8.24000e+02 1.43302e-11 0.00000e+00
8.25000e+02 1.47298e-11 0.00000e+00
8.26000e+02 1.48932e-11 0.00000e+00
8.27000e+02 1.57961e-11 0.00000e+00
8.28000e+02 1.40510e-11 0.00000e+00
8.29000e+02 1.50934e-11 0.00000e+00
8.30000e+02 1.54734e-11 0.00000e+00
8.31000e+02 1.42888e-11 0.00000e+00
8.32000e+02 1.38804e-11 0.00000e+00
8.33000e+02 1.32925e-11 0.00000e+00
8.34000e+02 1.45165e-11 0.00000e+00
8.35000e+02 1.54940e-11 0.00000e+00
8.36000e+02 1.41716e-11 0.00000e+00
8.37000e+02 1.42877e-11 0.00000e+00
8.38000e+02 1.38546e-11 0.00000e+00
8.39000e+02 1.42740e-11 0.00000e+00
8.40000e+02 1.35784e-11 0.00000e+00
8.41000e+02 1.46645e-11 0.00000e+00
8.42000e+02 1.36546e-11 0.00000e+00
8.43000e+02 1.47626e-11 0.00000e+00
8.44000e+02 1.34992e-11 0.00000e+00
8.45000e+02 1.53768e-11 0.00000e+00
8.46000e+02 1.55889e-11 0.00000e+00
8.47000e+02 1.38781e-11 0.00000e+00
8.48000e+02 1.43528e-11 0.00000e+00
8.49000e+02 1.32736e-11 0.00000e+00
8.50000e+02 1.36960e-11 0.00000e+00
8.51000e+02 1.41232e-11 0.00000e+00
8.52000e+02 1.45657e-11 0.00000e+00
8.53000e+02 1.40864e-11 0.00000e+00
8.54000e+02 1.41360e-11 0.00000e+00
8.55000e+02 1.42724e-11 0.00000e+00
8.56000e+02 1.49107e-11 0.00000e+00
8.57000e+02 1.36799e-11 0.00000e+00
8.58000e+02 1.47110e-11 0.00000e+00
8.59000e+02 1.40788e-11 0.00000e+00
8.60000e+02 1.31713e-11 0.00000e+00
8.61000e+02 1.33719e-11 0.00000e+00
8.62000e+02 1.33840e-11 0.00000e+00
8.63000e+02 1.40532e-11 0.00000e+00
8.64000e+02 1.28732e-11 0.00000e+00
8.65000e+02 1.30484e-11 0.00000e+00
8.66000e+02 1.41420e-11 0.00000e+00
8.67000e+02 1.38824e-11 0.00000e+00
8.68000e+02 1.29668e-11 0.00000e+00
8.69000e+02 1.41195e-11 0.00000e+00
8.70000e+02 1.47429e-11 0.00000e+00
8.71000e+02 1.33603e-11 0.00000e+00
8.72000e+02 1.36264e-11 0.00000e+00
8.73000e+02 1.38148e-11 0.00000e+00
8.74000e+02 1.24289e-11 0.00000e+00
8.75000e+02 1.30369e-11 0.00000e+00
8.76000e+02 1.25582e-11 0.00000e+00
8.77000e+02 1.36625e-11 0.00000e+00
8.78000e+02 1.31446e-11 0.00000e+00
8.79000e+02 1.33206e-11 0.00000e+00
8.80000e+02 1.37438e-11 0.00000e+00
8.81000e+02 1.30472e-11 0.00000e+00
8.82000e+02 1.34755e-11 0.00000e+00
8.83000e+02 1.18207e-11 0.00000e+00
8.84000e+02 1.43487e-11 0.00000e+00
8.85000e+02 1.29691e-11 0.00000e+00
8.86000e+02 1.36996e-11 0.00000e+00
8.87000e+02 1.37949e-11 0.00000e+00
8.88000e+02 1.32053e-11 0.00000e+00
8.89000e+02 1.32727e-11 0.00000e+00
8.90000e+02 1.23170e-11 0.00000e+00
8.91000e+02 1.31980e-11 0.00000e+00
8.92000e+02 1.41355e-11 0.00000e+00
8.93000e+02 1.36930e-11 0.00000e+00
8.94000e+02 1.31189e-11 0.00000e+00
8.95000e+02 1.38263e-11 0.00000e+00
8.96000e+02 1.33675e-11 0.00000e+00
8.97000e+02 1.33605e-11 0.00000e+00
8.98000e+02 1.34860e-11 0.00000e+00
8.99000e+02 1.36394e-11 0.00000e+00
9.00000e+02 1.39468e-11 0.00000e+00
9.01000e+02 1.34600e-11 0.00000e+00
9.02000e+02 1.31999e-11 0.00000e+00
9.03000e+02 1.39224e-11 0.00000e+00
9.04000e+02 1.30645e-11 0.00000e+00
9.05000e+02 1.35661e-11 0.00000e+00
9.06000e+02 1.30597e-11 0.00000e+00
9.07000e+02 1.41827e-11 0.00000e+00
9.08000e+02 1.19713e-11 0.00000e+00
9.09000e+02 1.28826e-11 0.00000e+00
9.10000e+02 1.36712e-11 0.00000e+00
9.11000e+02 1.24172e-11 0.00000e+00
9.12000e+02 1.30885e-11 0.00000e+00
9.13000e+02 1.27828e-11 0.00000e+00
9.14000e+02 1.32128e-11 0.00000e+00
9.15000e+02 1.29735e-11 0.00000e+00
9.16000e+02 1.27303e-11 0.00000e+00
9.17000e+02 1.26395e-11 0.00000e+00
9.18000e+02 1.33008e-11 0.00000e+00
9.19000e+02 1.23526e-11 0.00000e+00
9.20000e+02 1.23435e-11 0.00000e+00
9.21000e+02 1.36059e-11 0.00000e+00
9.22000e+02 1.32715e-11 0.00000e+00
9.23000e+02 1.24881e-11 0.00000e+00
9.24000e+02 1.37403e-11 0.00000e+00
9.25000e+02 1.34512e-11 0.00000e+00
9.26000e+02 1.27090e-11 0.00000e+00
9.27000e+02 1.35072e-11 0.00000e+00
9.28000e+02 1.23495e-11 0.00000e+00
9.29000e+02 1.21778e-11 0.00000e+00
9.30000e+02 1.23761e-11 0.00000e+00
9.31000e+02 1.34054e-11 0.00000e+00
9.32000e+02 1.20895e-11 0.00000e+00
9.33000e+02 1.29234e-11 0.00000e+00
9.34000e+02 1.22601e-11 0.00000e+00
9.35000e+02 1.12263e-11 0.00000e+00
9.36000e+02 1.32685e-11 0.00000e+00
9.37000e+02 1.23386e-11 0.00000e+00
9.38000e+02 1.26004e-11 0.00000e+00
9.39000e+02 1.29288e-11 0.00000e+00
9.40000e+02 1.34915e-11 0.00000e+00
9.41000e+02 1.20121e-11 0.00000e+00
9.42000e+02 1.24138e-11 0.00000e+00
9.43000e+02 1.20603e-11 0.00000e+00
9.44000e+02 1.27506e-11 0.00000e+00
9.45000e+02 1.17529e-11 0.00000e+00
9.46000e+02 1.24273e-11 0.00000e+00
9.47000e+02 1.20559e-11 0.00000e+00
9.48000e+02 1.19679e-11 0.00000e+00
9.49000e+02 1.31842e-11 0.00000e+00
9.50000e+02 1.24110e-11 0.00000e+00
9.51000e+02 1.20484e-11 0.00000e+00
9.52000e+02 1.10525e-11 0.00000e+00
9.53000e+02 1.14759e-11 0.00000e+00
9.54000e+02 1.14630e-11 0.00000e+00
9.55000e+02 1.40656e-11 0.00000e+00
9.56000e+02 1.28339e-11 0.00000e+00
9.57000e+02 1.10083e-11 0.00000e+00
9.58000e+02 1.12154e-11 0.00000e+00
9.59000e+02 1.19630e-11 0.00000e+00
9.60000e+02 1.21219e-11 0.00000e+00
9.61000e+02 1.22368e-11 0.00000e+00
9.62000e+02 1.21602e-11 0.00000e+00
9.63000e+02 1.14905e-11 0.00000e+00
9.64000e+02 1.23170e-11 0.00000e+00
9.65000e+02 1.22179e-11 0.00000e+00
9.66000e+02 1.12013e-11 0.00000e+00
9.67000e+02 1.18464e-11 0.00000e+00
9.68000e+02 1.14720e-11 0.00000e+00
9.69000e+02 1.25339e-11 0.00000e+00
9.70000e+02 1.23089e-11 0.00000e+00
9.71000e+02 1.31202e-11 0.00000e+00
9.72000e+02 1.15175e-11 0.00000e+00
9.73000e+02 1.11069e-11 0.00000e+00
9.74000e+02 1.28121e-11 0.00000e+00
9.75000e+02 1.29142e-11 0.00000e+00
9.76000e+02 1.24609e-11 0.00000e+00
9.77000e+02 1.19153e-11 0.00000e+00
9.78000e+02 1.23926e-11 0.00000e+00
9.79000e+02 1.09682e-11 0.00000e+00
9.80000e+02 1.18691e-11 0.00000e+00
9.81000e+02 1.24843e-11 0.00000e+00
9.82000e+02 1.18813e-11 0.00000e+00
9.83000e+02 1.23310e-11 0.00000e+00
9.84000e+02 1.23544e-11 0.00000e+00
9.85000e+02 1.25877e-11 0.00000e+00
9.86000e+02 1.11858e-11 0.00000e+00
9.87000e+02 1.22131e-11 0.00000e+00
9.88000e+02 1.34988e-11 0.00000e+00
9.89000e+02 1.06131e-11 0.00000e+00
9.90000e+02 1.09872e-11 0.00000e+00
9.91000e+02 1.10954e-11 0.00000e+00
9.92000e+02 1.14833e-11 0.00000e+00
9.93000e+02 1.15604e-11 0.00000e+00
9.94000e+02 1.08444e-11 0.00000e+00
9.95000e+02 1.15064e-11 0.00000e+00
9.96000e+02 1.23600e-11 0.00000e+00
9.97000e+02 1.15617e-11 0.00000e+00
9.98000e+02 1.11856e-11 0.00000e+00
9.99000e+02 1.16280e-11 0.00000e+00
1.00000e+03 1.20499e-11 0.00000e+00
1.00100e+03 1.11457e-11 0.00000e+00
1.00200e+03 1.26188e-11 0.00000e+00
1.00300e+03 1.16480e-11 0.00000e+00
1.00400e+03 1.18118e-11 0.00000e+00
1.00500e+03 1.20157e-11 0.00000e+00
1.00600e+03 1.09271e-11 0.00000e+00
1.00700e+03 1.15815e-11 0.00000e+00
1.00800e+03 1.19386e-11 0.00000e+00
1.00900e+03 1.22289e-11 0.00000e+00
1.01000e+03 1.20065e-11 0.00000e+00
1.01100e+03 1.14095e-11 0.00000e+00
1.01200e+03 1.06768e-11 0.00000e+00
1.01300e+03 1.13945e-11 0.00000e+00
1.01400e+03 1.25836e-11 0.00000e+00
1.01500e+03 1.14079e-11 0.00000e+00
1.01600e+03 1.12797e-11 0.00000e+00
1.01700e+03 1.11203e-11 0.00000e+00
1.01800e+03 1.15293e-11 0.00000e+00
1.01900e+03 1.12338e-11 0.00000e+00
1.02000e+03 1.14772e-11 0.00000e+00
1.02100e+03 1.22592e-11 0.00000e+00
1.02200e+03 1.14901e-11 0.00000e+00
1.02300e+03 1.19819e-11 0.00000e+00
1.02400e+03 1.02515e-11 0.00000e+00
1.02500e+03 1.02462e-11 0.00000e+00
1.02600e+03 1.10986e-11 0.00000e+00
1.02700e+03 1.13514e-11 0.00000e+00
1.02800e+03 1.11635e-11 0.00000e+00
1.02900e+03 1.12554e-11 0.00000e+00
1.03000e+03 1.10032e-11 0.00000e+00
1.03100e+03 1.16304e-11 0.00000e+00
1.03200e+03 1.08003e-11 0.00000e+00
1.03300e+03 1.20018e-11 0.00000e+00
1.03400e+03 1.08793e-11 0.00000e+00
1.03500e+03 1.06414e-11 0.00000e+00
1.03600e+03 1.12153e-11 0.00000e+00
1.03700e+03 1.14272e-11 0.00000e+00
1.03800e+03 1.07536e-11 0.00000e+00
1.03900e+03 1.16959e-11 0.00000e+00
1.04000e+03 1.11775e-11 0.00000e+00
1.04100e+03 1.13428e-11 0.00000e+00
1.04200e+03 1.21969e-11 0.00000e+00
1.04300e+03 1.11867e-11 0.00000e+00
1.04400e+03 1.14558e-11 0.00000e+00
1.04500e+03 1.05635e-11 0.00000e+00
1.04600e+03 1.15439e-11 0.00000e+00
1.04700e+03 1.08757e-11 0.00000e+00
1.04800e+03 1.11816e-11 0.00000e+00
1.04900e+03 1.06089e-11 0.00000e+00
1.05000e+03 1.22405e-11 0.00000e+00
1.05100e+03 1.07416e-11 0.00000e+00
1.05200e+03 1.06639e-11 0.00000e+00
1.05300e+03 1.13834e-11 0.00000e+00
1.05400e+03 1.10942e-11 0.00000e+00
1.05500e+03 1.16432e-11 0.00000e+00
1.05600e+03 1.05539e-11 0.00000e+00
1.05700e+03 1.11012e-11 0.00000e+00
1.05800e+03 1.04872e-11 0.00000e+00
1.05900e+03 1.02544e-11 0.00000e+00
1.06000e+03 1.12034e-11 0.00000e+00
1.06100e+03 1.10488e-11 0.00000e+00
1.06200e+03 1.21162e-11 0.00000e+00
1.06300e+03 1.12343e-11 0.00000e+00
1.06400e+03 1.11874e-11 0.00000e+00
1.06500e+03 1.05029e-11 0.00000e+00
1.06600e+03 1.10725e-11 0.00000e+00
1.06700e+03 1.04711e-11 0.00000e+00
1.06800e+03 1.06324e-11 0.00000e+00
1.06900e+03 9.97380e-12 0.00000e+00
1.07000e+03 9.66872e-12 0.00000e+00
1.07100e+03 9.93846e-12 0.00000e+00
1.07200e+03 1.08859e-11 0.00000e+00
1.07300e+03 1.08365e-11 0.00000e+00
1.07400e+03 1.10244e-11 0.00000e+00
1.07500e+03 1.04971e-11 0.00000e+00
1.07600e+03 1.02699e-11 0.00000e+00
1.07700e+03 1.08355e-11 0.00000e+00
1.07800e+03 1.12613e-11 0.00000e+00
1.07900e+03 1.18402e-11 0.00000e+00
1.08000e+03 1.10521e-11 0.00000e+00
1.08100e+03 1.03466e-11 0.00000e+00
1.08200e+03 1.02794e-11 0.00000e+00
1.08300e+03 9.64134e-12 0.00000e+00
1.08400e+03 1.03010e-11 0.00000e+00
1.08500e+03 1.11995e-11 0.00000e+00
1.08600e+03 1.10992e-11 0.00000e+00
1.08700e+03 1.08369e-11 0.00000e+00
1.08800e+03 1.07766e-11 0.00000e+00
1.08900e+03 1.06913e-11 0.00000e+00
1.09000e+03 1.13454e-11 0.00000e+00
1.09100e+03 9.42688e-12 0.00000e+00
1.09200e+03 1.07179e-11 0.00000e+00
1.09300e+03 1.07155e-11 0.00000e+00
1.09400e+03 1.12990e-11 0.00000e+00
1.09500e+03 1.05197e-11 0.00000e+00
1.09600e+03 1.11055e-11 0.00000e+00
1.09700e+03 1.03100e-11 0.00000e+00
1.09800e+03 1.07508e-11 0.00000e+00
1.09900e+03 1.09429e-11 0.00000e+00
1.10000e+03 1.05160e-11 0.00000e+00
1.10100e+03 1.12595e-11 0.00000e+00
1.10200e+03 1.00776e-11 0.00000e+00
1.10300e+03 1.04018e-11 0.00000e+00
1.10400e+03 1.08288e-11 0.00000e+00
1.10500e+03 9.74069e-12 0.00000e+00
1.10600e+03 1.07483e-11 0.00000e+00
1.10700e+03 1.00591e-11 0.00000e+00
1.10800e+03 1.07924e-11 0.00000e+00
1.10900e+03 1.02043e-11 0.00000e+00
1.11000e+03 9.99090e-12 0.00000e+00
1.11100e+03 1.00303e-11 0.00000e+00
1.11200e+03 1.02542e-11 0.00000e+00
1.11300e+03 1.01239e-11 0.00000e+00
1.11400e+03 9.48822e-12 0.00000e+00
1.11500e+03 1.01507e-11 0.00000e+00
1.11600e+03 9.84613e-12 0.00000e+00
1.11700e+03 1.09131e-11 0.00000e+00
1.11800e+03 1.06373e-11 0.00000e+00
1.11900e+03 1.02772e-11 0.00000e+00
1.12000e+03 9.70741e-12 0.00000e+00
1.12100e+03 1.10175e-11 0.00000e+00
1.12200e+03 1.02277e-11 0.00000e+00
1.12300e+03 1.00327e-11 0.00000e+00
1.12400e+03 9.95529e-12 0.00000e+00
1.12500e+03 1.01800e-11 0.00000e+00
1.12600e+03 9.74791e-12 0.00000e+00
1.12700e+03 1.03138e-11 0.00000e+00
1.12800e+03 1.01078e-11 0.00000e+00
1.12900e+03 1.06877e-11 0.00000e+00
1.13000e+03 9.69717e-12 0.00000e+00
1.13100e+03 1.00527e-11 0.00000e+00
1.13200e+03 9.43006e-12 0.00000e+00
1.13300e+03 1.03693e-11 0.00000e+00
1.13400e+03 9.37086e-12 0.00000e+00
1.13500e+03 9.62194e-12 0.00000e+00
1.13600e+03 9.28377e-12 0.00000e+00
1.13700e+03 1.03537e-11 0.00000e+00
1.13800e+03 1.09245e-11 0.00000e+00
1.13900e+03 1.02402e-11 0.00000e+00
1.14000e+03 1.06389e-11 0.00000e+00
1.14100e+03 1.00715e-11 0.00000e+00
1.14200e+03 9.48109e-12 0.00000e+00
1.14300e+03 9.88004e-12 0.00000e+00
1.14400e+03 9.41237e-12 0.00000e+00
1.14500e+03 1.00481e-11 0.00000e+00
1.14600e+03 9.78023e-12 0.00000e+00
1.14700e+03 1.02834e-11 0.00000e+00
1.14800e+03 9.44574e-12 0.00000e+00
1.14900e+03 9.07687e-12 0.00000e+00
1.15000e+03 1.06814e-11 0.00000e+00
1.15100e+03 9.93845e-12 0.00000e+00
1.15200e+03 9.83820e-12 0.00000e+00
1.15300e+03 1.00948e-11 0.00000e+00
1.15400e+03 1.00371e-11 0.00000e+00
1.15500e+03 9.25241e-12 0.00000e+00
1.15600e+03 9.88794e-12 0.00000e+00
1.15700e+03 1.02916e-11 0.00000e+00
1.15800e+03 9.27850e-12 0.00000e+00
1.15900e+03 9.90753e-12 0.00000e+00
1.16000e+03 8.90804e-12 0.00000e+00
1.16100e+03 9.48929e-12 0.00000e+00
1.16200e+03 9.86076e-12 0.00000e+00
1.16300e+03 9.79555e-12 0.00000e+00
1.16400e+03 9.91123e-12 0.00000e+00
1.16500e+03 9.47719e-12 0.00000e+00
1.16600e+03 1.01389e-11 0.00000e+00
1.16700e+03 9.68338e-12 0.00000e+00
1.16800e+03 9.11566e-12 0.00000e+00
1.16900e+03 1.01374e-11 0.00000e+00
1.17000e+03 9.15822e-12 0.00000e+00
1.17100e+03 9.81985e-12 0.00000e+00
1.17200e+03 1.01256e-11 0.00000e+00
1.17300e+03 9.56625e-12 0.00000e+00
1.17400e+03 1.06837e-11 0.00000e+00
1.17500e+03 9.57302e-12 0.00000e+00
1.17600e+03 9.31721e-12 0.00000e+00
1.17700e+03 9.59633e-12 0.00000e+00
1.17800e+03 9.09050e-12 0.00000e+00
1.17900e+03 8.94279e-12 0.00000e+00
1.18000e+03 9.68490e-12 0.00000e+00
1.18100e+03 9.53854e-12 0.00000e+00
1.18200e+03 9.37942e-12 0.00000e+00
1.18300e+03 9.38170e-12 0.00000e+00
1.18400e+03 9.08293e-12 0.00000e+00
1.18500e+03 9.50768e-12 0.00000e+00
1.18600e+03 9.00019e-12 0.00000e+00
1.18700e+03 9.30877e-12 0.00000e+00
1.18800e+03 9.32398e-12 0.00000e+00
1.18900e+03 9.29321e-12 0.00000e+00
1.19000e+03 9.13038e-12 0.00000e+00
1.19100e+03 1.04170e-11 0.00000e+00
1.19200e+03 9.41517e-12 0.00000e+00
1.19300e+03 8.83543e-12 0.00000e+00
1.19400e+03 9.33257e-12 0.00000e+00
1.19500e+03 9.74318e-12 0.00000e+00
1.19600e+03 9.38432e-12 0.00000e+00
1.19700e+03 1.02286e-11 0.00000e+00
1.19800e+03 9.16666e-12 0.00000e+00
1.19900e+03 9.53942e-12 0.00000e+00
1.20000e+03 8.96534e-12 0.00000e+00
1.20100e+03 9.34929e-12 0.00000e+00
1.20200e+03 8.24358e-12 0.00000e+00
1.20300e+03 9.84540e-12 0.00000e+00
1.20400e+03 9.75275e-12 0.00000e+00
1.20500e+03 9.00626e-12 0.00000e+00
1.20600e+03 9.73353e-12 0.00000e+00
1.20700e+03 9.19895e-12 0.00000e+00
1.20800e+03 9.54366e-12 0.00000e+00
1.20900e+03 8.75436e-12 0.00000e+00
1.21000e+03 9.64610e-12 0.00000e+00
1.21100e+03 8.57828e-12 0.00000e+00
1.21200e+03 9.52414e-12 0.00000e+00
1.21300e+03 9.22295e-12 0.00000e+00
1.21400e+03 8.80549e-12 0.00000e+00
1.21500e+03 9.13596e-12 0.00000e+00
1.21600e+03 9.26469e-12 0.00000e+00
1.21700e+03 8.95526e-12 0.00000e+00
1.21800e+03 8.81608e-12 0.00000e+00
1.21900e+03 9.24435e-12 0.00000e+00
1.22000e+03 9.67997e-12 0.00000e+00
1.22100e+03 9.00041e-12 0.00000e+00
1.22200e+03 9.20040e-12 0.00000e+00
1.22300e+03 8.55618e-12 0.00000e+00
1.22400e+03 9.42704e-12 0.00000e+00
1.22500e+03 8.55483e-12 0.00000e+00
1.22600e+03 9.04108e-12 0.00000e+00
1.22700e+03 8.82501e-12 0.00000e+00
1.22800e+03 9.53821e-12 0.00000e+00
1.22900e+03 9.26252e-12 0.00000e+00
1.23000e+03 8.98262e-12 0.00000e+00
1.23100e+03 9.47483e-12 0.00000e+00
1.23200e+03 9.58352e-12 0.00000e+00
1.23300e+03 8.44914e-12 0.00000e+00
1.23400e+03 9.13175e-12 0.00000e+00
1.23500e+03 8.04649e-12 0.00000e+00
1.23600e+03 9.27641e-12 0.00000e+00
1.23700e+03 9.32641e-12 0.00000e+00
1.23800e+03 8.45442e-12 0.00000e+00
1.23900e+03 8.85566e-12 0.00000e+00
1.24000e+03 8.86324e-12 0.00000e+00
1.24100e+03 8.27137e-12 0.00000e+00
1.24200e+03 8.08856e-12 0.00000e+00
1.24300e+03 8.15310e-12 0.00000e+00
1.24400e+03 9.07294e-12 0.00000e+00
1.24500e+03 8.49662e-12 0.00000e+00
1.24600e+03 7.78768e-12 0.00000e+00
1.24700e+03 9.43400e-12 0.00000e+00
1.24800e+03 8.41347e-12 0.00000e+00
1.24900e+03 8.53435e-12 0.00000e+00
1.25000e+03 8.64153e-12 0.00000e+00
1.25100e+03 8.29248e-12 0.00000e+00
1.25200e+03 8.68134e-12 0.00000e+00
1.25300e+03 9.27402e-12 0.00000e+00
1.25400e+03 8.63011e-12 0.00000e+00
1.25500e+03 7.84380e-12 0.00000e+00
1.25600e+03 8.74996e-12 0.00000e+00
1.25700e+03 8.27646e-12 0.00000e+00
1.25800e+03 9.20754e-12 0.00000e+00
1.25900e+03 8.33988e-12 0.00000e+00
1.26000e+03 8.77428e-12 0.00000e+00
1.26100e+03 9.08904e-12 0.00000e+00
1.26200e+03 9.12933e-12 0.00000e+00
1.26300e+03 8.44856e-12 0.00000e+00
1.26400e+03 8.95779e-12 0.00000e+00
1.26500e+03 8.56560e-12 0.00000e+00
1.26600e+03 9.45319e-12 0.00000e+00
1.26700e+03 8.46672e-12 0.00000e+00
1.26800e+03 9.41916e-12 0.00000e+00
1.26900e+03 8.58628e-12 0.00000e+00
1.27000e+03 8.36692e-12 0.00000e+00
1.27100e+03 8.57750e-12 0.00000e+00
1.27200e+03 9.56629e-12 0.00000e+00
1.27300e+03 8.39775e-12 0.00000e+00
1.27400e+03 8.31070e-12 0.00000e+00
1.27500e+03 8.17553e-12 0.00000e+00
1.27600e+03 8.88843e-12 0.00000e+00
1.27700e+03 8.44678e-12 0.00000e+00
1.27800e+03 7.97041e-12 0.00000e+00
1.27900e+03 8.23766e-12 0.00000e+00
1.28000e+03 9.08754e-12 0.00000e+00
1.28100e+03 8.60078e-12 0.00000e+00
1.28200e+03 8.89755e-12 0.00000e+00
1.28300e+03 8.29288e-12 0.00000e+00
1.28400e+03 8.62202e-12 0.00000e+00
1.28500e+03 8.60761e-12 0.00000e+00
1.28600e+03 7.79175e-12 0.00000e+00
1.28700e+03 7.75593e-12 0.00000e+00
1.28800e+03 8.82964e-12 0.00000e+00
1.28900e+03 8.77977e-12 0.00000e+00
1.29000e+03 8.43028e-12 0.00000e+00
1.29100e+03 7.85249e-12 0.00000e+00
1.29200e+03 8.43085e-12 0.00000e+00
1.29300e+03 8.61455e-12 0.00000e+00
1.29400e+03 9.07379e-12 0.00000e+00
1.29500e+03 8.55003e-12 0.00000e+00
1.29600e+03 7.94564e-12 0.00000e+00
1.29700e+03 7.64061e-12 0.00000e+00
1.29800e+03 7.77884e-12 0.00000e+00
1.29900e+03 8.03764e-12 0.00000e+00
1.30000e+03 7.92605e-12 0.00000e+00
1.30100e+03 8.32646e-12 0.00000e+00
1.30200e+03 8.50156e-12 0.00000e+00
1.30300e+03 8.39293e-12 0.00000e+00
1.30400e+03 8.09009e-12 0.00000e+00
1.30500e+03 8.08493e-12 0.00000e+00
1.30600e+03 8.23857e-12 0.00000e+00
1.30700e+03 7.83014e-12 0.00000e+00
1.30800e+03 7.97213e-12 0.00000e+00
1.30900e+03 8.00723e-12 0.00000e+00
1.31000e+03 8.27076e-12 0.00000e+00
1.31100e+03 8.10838e-12 0.00000e+00
1.31200e+03 8.50339e-12 0.00000e+00
1.31300e+03 7.76777e-12 0.00000e+00
1.31400e+03 7.89512e-12 0.00000e+00
1.31500e+03 7.94759e-12 0.00000e+00
1.31600e+03 7.93396e-12 0.00000e+00
1.31700e+03 8.11022e-12 0.00000e+00
1.31800e+03 8.20960e-12 0.00000e+00
1.31900e+03 7.80875e-12 0.00000e+00
1.32000e+03 7.81370e-12 0.00000e+00
1.32100e+03 8.10846e-12 0.00000e+00
1.32200e+03 8.31559e-12 0.00000e+00
1.32300e+03 8.31871e-12 0.00000e+00
1.32400e+03 8.01051e-12 0.00000e+00
1.32500e+03 7.85313e-12 0.00000e+00
1.32600e+03 7.87382e-12 0.00000e+00
1.32700e+03 7.75547e-12 0.00000e+00
1.32800e+03 7.61873e-12 0.00000e+00
1.32900e+03 7.94241e-12 0.00000e+00
1.33000e+03 7.15239e-12 0.00000e+00
1.33100e+03 7.40036e-12 0.00000e+00
1.33200e+03 8.84223e-12 0.00000e+00
1.33300e+03 8.25124e-12 0.00000e+00
1.33400e+03 7.75761e-12 0.00000e+00
1.33500e+03 7.33823e-12 0.00000e+00
1.33600e+03 8.08426e-12 0.00000e+00
1.33700e+03 7.83407e-12 0.00000e+00
1.33800e+03 7.52899e-12 0.00000e+00
1.33900e+03 7.40014e-12 0.00000e+00
1.34000e+03 8.39354e-12 0.00000e+00
1.34100e+03 7.72971e-12 0.00000e+00
1.34200e+03 8.24158e-12 0.00000e+00
1.34300e+03 8.06723e-12 0.00000e+00
1.34400e+03 8.05934e-12 0.00000e+00
1.34500e+03 7.71650e-12 0.00000e+00
1.34600e+03 7.79436e-12 0.00000e+00
1.34700e+03 7.78890e-12 0.00000e+00
1.34800e+03 7.83647e-12 0.00000e+00
1.34900e+03 7.29143e-12 0.00000e+00
1.35000e+03 7.90788e-12 0.00000e+00
1.35100e+03 7.80996e-12 0.00000e+00
1.35200e+03 7.83576e-12 0.00000e+00
1.35300e+03 7.24858e-12 0.00000e+00
1.35400e+03 7.49655e-12 0.00000e+00
1.35500e+03 7.85756e-12 0.00000e+00
1.35600e+03 8.11168e-12 0.00000e+00
1.35700e+03 7.85053e-12 0.00000e+00
1.35800e+03 7.82162e-12 0.00000e+00
1.35900e+03 7.94918e-12 0.00000e+00
1.36000e+03 7.56061e-12 0.00000e+00
1.36100e+03 8.52144e-12 0.00000e+00
1.36200e+03 7.17755e-12 0.00000e+00
1.36300e+03 7.58760e-12 0.00000e+00
1.36400e+03 7.42577e-12 0.00000e+00
1.36500e+03 7.24077e-12 0.00000e+00
1.36600e+03 7.43193e-12 0.00000e+00
1.36700e+03 7.01907e-12 0.00000e+00
1.36800e+03 7.53447e-12 0.00000e+00
1.36900e+03 7.42995e-12 0.00000e+00
1.37000e+03 7.14197e-12 0.00000e+00
1.37100e+03 7.65651e-12 0.00000e+00
1.37200e+03 7.75232e-12 0.00000e+00
1.37300e+03 7.29086e-12 0.00000e+00
1.37400e+03 7.15768e-12 0.00000e+00
1.37500e+03 7.78400e-12 0.00000e+00
1.37600e+03 7.63345e-12 0.00000e+00
1.37700e+03 6.83523e-12 0.00000e+00
1.37800e+03 7.65534e-12 0.00000e+00
1.37900e+03 7.50641e-12 0.00000e+00
1.38000e+03 7.49822e-12 0.00000e+00
1.38100e+03 7.60972e-12 0.00000e+00
1.38200e+03 8.37111e-12 0.00000e+00
1.38300e+03 7.57375e-12 0.00000e+00
1.38400e+03 6.84795e-12 0.00000e+00
1.38500e+03 7.28539e-12 0.00000e+00
1.38600e+03 8.11269e-12 0.00000e+00
1.38700e+03 7.10918e-12 0.00000e+00
1.38800e+03 7.51889e-12 0.00000e+00
1.38900e+03 7.77731e-12 0.00000e+00
1.39000e+03 7.49446e-12 0.00000e+00
1.39100e+03 7.58587e-12 0.00000e+00
1.39200e+03 7.37553e-12 0.00000e+00
1.39300e+03 7.70421e-12 0.00000e+00
1.39400e+03 8.00677e-12 0.00000e+00
1.39500e+03 7.41203e-12 0.00000e+00
1.39600e+03 7.71201e-12 0.00000e+00
1.39700e+03 6.99574e-12 0.00000e+00
1.39800e+03 7.79684e-12 0.00000e+00
1.39900e+03 7.40577e-12 0.00000e+00
1.40000e+03 7.73253e-12 0.00000e+00
1.40100e+03 7.26962e-12 0.00000e+00
1.40200e+03 7.07976e-12 0.00000e+00
1.40300e+03 7.83711e-12 0.00000e+00
1.40400e+03 7.15929e-12 0.00000e+00
1.40500e+03 6.89853e-12 0.00000e+00
1.40600e+03 7.48178e-12 0.00000e+00
1.40700e+03 7.55098e-12 0.00000e+00
1.40800e+03 7.50055e-12 0.00000e+00
1.40900e+03 6.70297e-12 0.00000e+00
1.41000e+03 7.45416e-12 0.00000e+00
1.41100e+03 7.15236e-12 0.00000e+00
1.41200e+03 7.00904e-12 0.00000e+00
1.41300e+03 6.87037e-12 0.00000e+00
1.41400e+03 7.31486e-12 0.00000e+00
1.41500e+03 7.37121e-12 0.00000e+00
1.41600e+03 7.05052e-12 0.00000e+00
1.41700e+03 7.01988e-12 0.00000e+00
1.41800e+03 7.11325e-12 0.00000e+00
1.41900e+03 7.28637e-12 0.00000e+00
1.42000e+03 7.15180e-12 0.00000e+00
1.42100e+03 6.85896e-12 0.00000e+00
1.42200e+03 7.24053e-12 0.00000e+00
1.42300e+03 6.99450e-12 0.00000e+00
1.42400e+03 6.67449e-12 0.00000e+00
1.42500e+03 6.65935e-12 0.00000e+00
1.42600e+03 7.33577e-12 0.00000e+00
1.42700e+03 6.84621e-12 0.00000e+00
1.42800e+03 6.95805e-12 0.00000e+00
1.42900e+03 6.96460e-12 0.00000e+00
1.43000e+03 7.09388e-12 0.00000e+00
1.43100e+03 6.68177e-12 0.00000e+00
1.43200e+03 6.99032e-12 0.00000e+00
1.43300e+03 7.58823e-12 0.00000e+00
1.43400e+03 7.62565e-12 0.00000e+00
1.43500e+03 6.92442e-12 0.00000e+00
1.43600e+03 7.21207e-12 0.00000e+00
1.43700e+03 6.46582e-12 0.00000e+00
1.43800e+03 7.31737e-12 0.00000e+00
1.43900e+03 7.11419e-12 0.00000e+00
1.44000e+03 6.70604e-12 0.00000e+00
1.44100e+03 7.13974e-12 0.00000e+00
1.44200e+03 6.69340e-12 0.00000e+00
1.44300e+03 6.36631e-12 0.00000e+00
1.44400e+03 7.54133e-12 0.00000e+00
1.44500e+03 7.09641e-12 0.00000e+00
1.44600e+03 6.69057e-12 0.00000e+00
1.44700e+03 7.14998e-12 0.00000e+00
1.44800e+03 6.79654e-12 0.00000e+00
1.44900e+03 6.46764e-12 0.00000e+00
1.45000e+03 7.14462e-12 0.00000e+00
1.45100e+03 6.97343e-12 0.00000e+00
1.45200e+03 7.21597e-12 0.00000e+00
1.45300e+03 6.88535e-12 0.00000e+00
1.45400e+03 7.26353e-12 0.00000e+00
1.45500e+03 7.07289e-12 0.00000e+00
1.45600e+03 7.10484e-12 0.00000e+00
1.45700e+03 6.81562e-12 0.00000e+00
1.45800e+03 7.04604e-12 0.00000e+00
1.45900e+03 7.34773e-12 0.00000e+00
1.46000e+03 6.67688e-12 0.00000e+00
1.46100e+03 6.62382e-12 0.00000e+00
1.46200e+03 6.82755e-12 0.00000e+00
1.46300e+03 6.74478e-12 0.00000e+00
1.46400e+03 6.46421e-12 0.00000e+00
1.46500e+03 7.26445e-12 0.00000e+00
1.46600e+03 6.80093e-12 0.00000e+00
1.46700e+03 6.44721e-12 0.00000e+00
1.46800e+03 7.20337e-12 0.00000e+00
1.46900e+03 6.60535e-12 0.00000e+00
1.47000e+03 6.06549e-12 0.00000e+00
1.47100e+03 6.46359e-12 0.00000e+00
1.47200e+03 7.01770e-12 0.00000e+00
1.47300e+03 6.25846e-12 0.00000e+00
1.47400e+03 7.05573e-12 0.00000e+00
1.47500e+03 6.43853e-12 0.00000e+00
1.47600e+03 7.11403e-12 0.00000e+00
1.47700e+03 6.38189e-12 0.00000e+00
1.47800e+03 7.13368e-12 0.00000e+00
1.47900e+03 6.94313e-12 0.00000e+00
1.48000e+03 6.58218e-12 0.00000e+00
1.48100e+03 6.73702e-12 0.00000e+00
1.48200e+03 6.73379e-12 0.00000e+00
1.48300e+03 6.84696e-12 0.00000e+00
1.48400e+03 6.58230e-12 0.00000e+00
1.48500e+03 6.32450e-12 0.00000e+00
1.48600e+03 6.52144e-12 0.00000e+00
1.48700e+03 6.38006e-12 0.00000e+00
1.48800e+03 6.59080e-12 0.00000e+00
1.48900e+03 6.76016e-12 0.00000e+00
1.49000e+03 6.70658e-12 0.00000e+00
1.49100e+03 6.22944e-12 0.00000e+00
1.49200e+03 6.22526e-12 0.00000e+00
1.49300e+03 6.63617e-12 0.00000e+00
1.49400e+03 6.62310e-12 0.00000e+00
1.49500e+03 6.44825e-12 0.00000e+00
1.49600e+03 6.20168e-12 0.00000e+00
1.49700e+03 6.01696e-12 0.00000e+00
1.49800e+03 6.66138e-12 0.00000e+00
1.49900e+03 6.11744e-12 0.00000e+00
1.50000e+03 6.65815e-12 0.00000e+00
1.50100e+03 6.48606e-12 0.00000e+00
1.50200e+03 6.46965e-12 0.00000e+00
1.50300e+03 6.54192e-12 0.00000e+00
1.50400e+03 6.17984e-12 0.00000e+00
1.50500e+03 6.09953e-12 0.00000e+00
1.50600e+03 6.07529e-12 0.00000e+00
1.50700e+03 6.53509e-12 0.00000e+00
1.50800e+03 6.26353e-12 0.00000e+00
1.50900e+03 6.15810e-12 0.00000e+00
1.51000e+03 6.00091e-12 0.00000e+00
1.51100e+03 6.45203e-12 0.00000e+00
1.51200e+03 6.56850e-12 0.00000e+00
1.51300e+03 6.19580e-12 0.00000e+00
1.51400e+03 6.80482e-12 0.00000e+00
1.51500e+03 6.70340e-12 0.00000e+00
1.51600e+03 5.98187e-12 0.00000e+00
1.51700e+03 6.40887e-12 0.00000e+00
1.51800e+03 6.63563e-12 0.00000e+00
1.51900e+03 6.00386e-12 0.00000e+00
1.52000e+03 6.71229e-12 0.00000e+00
1.52100e+03 6.23094e-12 0.00000e+00
1.52200e+03 6.37491e-12 0.00000e+00
1.52300e+03 6.51666e-12 0.00000e+00
1.52400e+03 6.35961e-12 0.00000e+00
1.52500e+03 6.34253e-12 0.00000e+00
1.52600e+03 6.04461e-12 0.00000e+00
1.52700e+03 6.40435e-12 0.00000e+00
1.52800e+03 6.19210e-12 0.00000e+00
1.52900e+03 6.19544e-12 0.00000e+00
1.53000e+03 6.63610e-12 0.00000e+00
1.53100e+03 6.04024e-12 0.00000e+00
1.53200e+03 5.94683e-12 0.00000e+00
1.53300e+03 6.74065e-12 0.00000e+00
1.53400e+03 5.87600e-12 0.00000e+00
1.53500e+03 6.36297e-12 0.00000e+00
1.53600e+03 5.89164e-12 0.00000e+00
1.53700e+03 6.23746e-12 0.00000e+00
1.53800e+03 6.11059e-12 0.00000e+00
1.53900e+03 6.35880e-12 0.00000e+00
1.54000e+03 6.39023e-12 0.00000e+00
1.54100e+03 5.69927e-12 0.00000e+00
1.54200e+03 6.59596e-12 0.00000e+00
1.54300e+03 5.98102e-12 0.00000e+00
1.54400e+03 6.37505e-12 0.00000e+00
1.54500e+03 6.04293e-12 0.00000e+00
1.54600e+03 5.86541e-12 0.00000e+00
1.54700e+03 6.09003e-12 0.00000e+00
1.54800e+03 6.23222e-12 0.00000e+00
1.54900e+03 5.76930e-12 0.00000e+00
1.55000e+03 6.46117e-12 0.00000e+00
1.55100e+03 6.32285e-12 0.00000e+00
1.55200e+03 6.41924e-12 0.00000e+00
1.55300e+03 5.89017e-12 0.00000e+00
1.55400e+03 6.10320e-12 0.00000e+00
1.55500e+03 6.08462e-12 0.00000e+00
1.55600e+03 5.96911e-12 0.00000e+00
1.55700e+03 5.12975e-12 0.00000e+00
1.55800e+03 5.93322e-12 0.00000e+00
1.55900e+03 6.29926e-12 0.00000e+00
1.56000e+03 6.41765e-12 0.00000e+00
1.56100e+03 6.03812e-12 0.00000e+00
1.56200e+03 6.11487e-12 0.00000e+00
1.56300e+03 6.27616e-12 0.00000e+00
1.56400e+03 5.52743e-12 0.00000e+00
1.56500e+03 6.14598e-12 0.00000e+00
1.56600e+03 5.95104e-12 0.00000e+00
1.56700e+03 5.68372e-12 0.00000e+00
1.56800e+03 5.91717e-12 0.00000e+00
1.56900e+03 5.82292e-12 0.00000e+00
1.57000e+03 6.18028e-12 0.00000e+00
1.57100e+03 5.91003e-12 0.00000e+00
1.57200e+03 5.61262e-12 0.00000e+00
1.57300e+03 5.70168e-12 0.00000e+00
1.57400e+03 6.10559e-12 0.00000e+00
1.57500e+03 5.76676e-12 0.00000e+00
1.57600e+03 5.95085e-12 0.00000e+00
1.57700e+03 5.54603e-12 0.00000e+00
1.57800e+03 5.93652e-12 0.00000e+00
1.57900e+03 5.67175e-12 0.00000e+00
1.58000e+03 6.17778e-12 0.00000e+00
1.58100e+03 6.10618e-12 0.00000e+00
1.58200e+03 5.97721e-12 0.00000e+00
1.58300e+03 6.08852e-12 0.00000e+00
1.58400e+03 5.49343e-12 0.00000e+00
1.58500e+03 6.07782e-12 0.00000e+00
1.58600e+03 6.17212e-12 0.00000e+00
1.58700e+03 5.98919e-12 0.00000e+00
1.58800e+03 5.83422e-12 0.00000e+00
1.58900e+03 5.99084e-12 0.00000e+00
1.59000e+03 5.81700e-12 0.00000e+00
1.59100e+03 5.60195e-12 0.00000e+00
1.59200e+03 6.19717e-12 0.00000e+00
1.59300e+03 5.91934e-12 0.00000e+00
1.59400e+03 5.57180e-12 0.00000e+00
1.59500e+03 5.14804e-12 0.00000e+00
1.59600e+03 6.40696e-12 0.00000e+00
1.59700e+03 5.78695e-12 0.00000e+00
1.59800e+03 5.72000e-12 0.00000e+00
1.59900e+03 5.91548e-12 0.00000e+00
1.60000e+03 5.86466e-12 0.00000e+00
1.60100e+03 5.73035e-12 0.00000e+00
1.60200e+03 5.72688e-12 0.00000e+00
1.60300e+03 5.87470e-12 0.00000e+00
1.60400e+03 5.58724e-12 0.00000e+00
1.60500e+03 6.00889e-12 0.00000e+00
1.60600e+03 5.96632e-12 0.00000e+00
1.60700e+03 5.97577e-12 0.00000e+00
1.60800e+03 5.58025e-12 0.00000e+00
1.60900e+03 5.64497e-12 0.00000e+00
1.61000e+03 5.82362e-12 0.00000e+00
1.61100e+03 5.47031e-12 0.00000e+00
1.61200e+03 5.31013e-12 0.00000e+00
1.61300e+03 5.69456e-12 0.00000e+00
1.61400e+03 5.43504e-12 0.00000e+00
1.61500e+03 5.75703e-12 0.00000e+00
1.61600e+03 5.71652e-12 0.00000e+00
1.61700e+03 5.67457e-12 0.00000e+00
1.61800e+03 6.00651e-12 0.00000e+00
1.61900e+03 5.28067e-12 0.00000e+00
1.62000e+03 5.39223e-12 0.00000e+00
1.62100e+03 5.34906e-12 0.00000e+00
1.62200e+03 5.74866e-12 0.00000e+00
1.62300e+03 5.57629e-12 0.00000e+00
1.62400e+03 5.33917e-12 0.00000e+00
1.62500e+03 5.67106e-12 0.00000e+00
1.62600e+03 5.77429e-12 0.00000e+00
1.62700e+03 5.55650e-12 0.00000e+00
1.62800e+03 6.02663e-12 0.00000e+00
1.62900e+03 5.10986e-12 0.00000e+00
1.63000e+03 5.62580e-12 0.00000e+00
1.63100e+03 5.64024e-12 0.00000e+00
1.63200e+03 5.66382e-12 0.00000e+00
1.63300e+03 5.50466e-12 0.00000e+00
1.63400e+03 5.25597e-12 0.00000e+00
1.63500e+03 5.61506e-12 0.00000e+00
1.63600e+03 5.05557e-12 0.00000e+00
1.63700e+03 6.16250e-12 0.00000e+00
1.63800e+03 5.46779e-12 0.00000e+00
1.63900e+03 5.42516e-12 0.00000e+00
1.64000e+03 5.42674e-12 0.00000e+00
1.64100e+03 5.31994e-12 0.00000e+00
1.64200e+03 6.14109e-12 0.00000e+00
1.64300e+03 5.59209e-12 0.00000e+00
1.64400e+03 5.78270e-12 0.00000e+00
1.64500e+03 5.50779e-12 0.00000e+00
1.64600e+03 5.37124e-12 0.00000e+00
1.64700e+03 5.33777e-12 0.00000e+00
1.64800e+03 5.95617e-12 0.00000e+00
1.64900e+03 5.23923e-12 0.00000e+00
1.65000e+03 5.62804e-12 0.00000e+00
1.65100e+03 5.28022e-12 0.00000e+00
1.65200e+03 5.44015e-12 0.00000e+00
1.65300e+03 5.42947e-12 0.00000e+00
1.65400e+03 5.36276e-12 0.00000e+00
1.65500e+03 5.22250e-12 0.00000e+00
1.65600e+03 5.21814e-12 0.00000e+00
1.65700e+03 5.65478e-12 0.00000e+00
1.65800e+03 5.40443e-12 0.00000e+00
1.65900e+03 5.01191e-12 0.00000e+00
1.66000e+03 5.34881e-12 0.00000e+00
1.66100e+03 5.00166e-12 0.00000e+00
1.66200e+03 4.80931e-12 0.00000e+00
1.66300e+03 5.06540e-12 0.00000e+00
1.66400e+03 4.96955e-12 0.00000e+00
1.66500e+03 5.27473e-12 0.00000e+00
1.66600e+03 5.42521e-12 0.00000e+00
1.66700e+03 4.68994e-12 0.00000e+00
1.66800e+03 5.42520e-12 0.00000e+00
1.66900e+03 4.93095e-12 0.00000e+00
1.67000e+03 5.36954e-12 0.00000e+00
1.67100e+03 5.03577e-12 0.00000e+00
1.67200e+03 4.74592e-12 0.00000e+00
1.67300e+03 5.26474e-12 0.00000e+00
1.67400e+03 5.28794e-12 0.00000e+00
1.67500e+03 5.54205e-12 0.00000e+00
1.67600e+03 4.99232e-12 0.00000e+00
1.67700e+03 5.31488e-12 0.00000e+00
1.67800e+03 5.76416e-12 0.00000e+00
1.67900e+03 5.20755e-12 0.00000e+00
1.68000e+03 4.99795e-12 0.00000e+00
1.68100e+03 4.81732e-12 0.00000e+00
1.68200e+03 5.42543e-12 0.00000e+00
1.68300e+03 5.26828e-12 0.00000e+00
1.68400e+03 5.02787e-12 0.00000e+00
1.68500e+03 4.95684e-12 0.00000e+00
1.68600e+03 5.06528e-12 0.00000e+00
1.68700e+03 5.35511e-12 0.00000e+00
1.68800e+03 5.24687e-12 0.00000e+00
1.68900e+03 5.20397e-12 0.00000e+00
1.69000e+03 4.67669e-12 0.00000e+00
1.69100e+03 4.91264e-12 0.00000e+00
1.69200e+03 5.31520e-12 0.00000e+00
1.69300e+03 4.79899e-12 0.00000e+00
1.69400e+03 4.79095e-12 0.00000e+00
1.69500e+03 5.41163e-12 0.00000e+00
1.69600e+03 4.85794e-12 0.00000e+00
1.69700e+03 4.91897e-12 0.00000e+00
1.69800e+03 5.00051e-12 0.00000e+00
1.69900e+03 4.94366e-12 0.00000e+00
1.70000e+03 4.68996e-12 0.00000e+00
1.70100e+03 4.90511e-12 0.00000e+00
1.70200e+03 4.99042e-12 0.00000e+00
1.70300e+03 5.19342e-12 0.00000e+00
1.70400e+03 5.32686e-12 0.00000e+00
1.70500e+03 4.71984e-12 0.00000e+00
1.70600e+03 4.93890e-12 0.00000e+00
1.70700e+03 5.34142e-12 0.00000e+00
1.70800e+03 4.81379e-12 0.00000e+00
1.70900e+03 4.60296e-12 0.00000e+00
1.71000e+03 4.77328e-12 0.00000e+00
1.71100e+03 4.82744e-12 0.00000e+00
1.71200e+03 5.05492e-12 0.00000e+00
1.71300e+03 5.23354e-12 0.00000e+00
1.71400e+03 4.43120e-12 0.00000e+00
1.71500e+03 4.85335e-12 0.00000e+00
1.71600e+03 5.07469e-12 0.00000e+00
1.71700e+03 4.71292e-12 0.00000e+00
1.71800e+03 5.10878e-12 0.00000e+00
1.71900e+03 4.80998e-12 0.00000e+00
1.72000e+03 5.10094e-12 0.00000e+00
1.72100e+03 4.62435e-12 0.00000e+00
1.72200e+03 5.09240e-12 0.00000e+00
1.72300e+03 4.91022e-12 0.00000e+00
1.72400e+03 4.99365e-12 0.00000e+00
1.72500e+03 4.84320e-12 0.00000e+00
1.72600e+03 4.85577e-12 0.00000e+00
1.72700e+03 5.11742e-12 0.00000e+00
1.72800e+03 4.65312e-12 0.00000e+00
1.72900e+03 5.04908e-12 0.00000e+00
1.73000e+03 4.91690e-12 0.00000e+00
1.73100e+03 4.44916e-12 0.00000e+00
1.73200e+03 4.84141e-12 0.00000e+00
1.73300e+03 4.72476e-12 0.00000e+00
1.73400e+03 4.70222e-12 0.00000e+00
1.73500e+03 4.93351e-12 0.00000e+00
1.73600e+03 4.47921e-12 0.00000e+00
1.73700e+03 5.13093e-12 0.00000e+00
1.73800e+03 4.74310e-12 0.00000e+00
1.73900e+03 4.76660e-12 0.00000e+00
1.74000e+03 4.69020e-12 0.00000e+00
1.74100e+03 4.60204e-12 0.00000e+00
1.74200e+03 4.38177e-12 0.00000e+00
1.74300e+03 4.74317e-12 0.00000e+00
1.74400e+03 5.12162e-12 0.00000e+00
1.74500e+03 4.94383e-12 0.00000e+00
1.74600e+03 4.87354e-12 0.00000e+00
1.74700e+03 4.47256e-12 0.00000e+00
1.74800e+03 4.72081e-12 0.00000e+00
1.74900e+03 4.48962e-12 0.00000e+00
1.75000e+03 4.30715e-12 0.00000e+00
1.75100e+03 4.52523e-12 0.00000e+00
1.75200e+03 5.10618e-12 0.00000e+00
1.75300e+03 4.97274e-12 0.00000e+00
1.75400e+03 4.60060e-12 0.00000e+00
1.75500e+03 4.75378e-12 0.00000e+00
1.75600e+03 4.85729e-12 0.00000e+00
1.75700e+03 4.59210e-12 0.00000e+00
1.75800e+03 5.07165e-12 0.00000e+00
1.75900e+03 4.92864e-12 0.00000e+00
1.76000e+03 4.63533e-12 0.00000e+00
1.76100e+03 5.29191e-12 0.00000e+00
1.76200e+03 4.73443e-12 0.00000e+00
1.76300e+03 4.44844e-12 0.00000e+00
1.76400e+03 4.65824e-12 0.00000e+00
1.76500e+03 5.29656e-12 0.00000e+00
1.76600e+03 4.72913e-12 0.00000e+00
1.76700e+03 4.62660e-12 0.00000e+00
1.76800e+03 4.63622e-12 0.00000e+00
1.76900e+03 4.42228e-12 0.00000e+00
1.77000e+03 4.16397e-12 0.00000e+00
1.77100e+03 4.30037e-12 0.00000e+00
1.77200e+03 4.27830e-12 0.00000e+00
1.77300e+03 5.05485e-12 0.00000e+00
1.77400e+03 4.28572e-12 0.00000e+00
1.77500e+03 4.48216e-12 0.00000e+00
1.77600e+03 4.67387e-12 0.00000e+00
1.77700e+03 4.96180e-12 0.00000e+00
1.77800e+03 4.52863e-12 0.00000e+00
1.77900e+03 4.56414e-12 0.00000e+00
1.78000e+03 4.37530e-12 0.00000e+00
1.78100e+03 4.37856e-12 0.00000e+00
1.78200e+03 4.28981e-12 0.00000e+00
1.78300e+03 4.64673e-12 0.00000e+00
1.78400e+03 4.45042e-12 0.00000e+00
1.78500e+03 4.74351e-12 0.00000e+00
1.78600e+03 4.78328e-12 0.00000e+00
1.78700e+03 4.09893e-12 0.00000e+00
1.78800e+03 4.29433e-12 0.00000e+00
1.78900e+03 4.49000e-12 0.00000e+00
1.79000e+03 3.98561e-12 0.00000e+00
1.79100e+03 4.34345e-12 0.00000e+00
1.79200e+03 4.41091e-12 0.00000e+00
1.79300e+03 4.16471e-12 0.00000e+00
1.79400e+03 4.29193e-12 0.00000e+00
1.79500e+03 4.37013e-12 0.00000e+00
1.79600e+03 4.09816e-12 0.00000e+00
1.79700e+03 4.23181e-12 0.00000e+00
1.79800e+03 4.49605e-12 0.00000e+00
1.79900e+03 4.20756e-12 0.00000e+00
1.80000e+03 4.32267e-12 0.00000e+00
1.80100e+03 4.38979e-12 0.00000e+00
1.80200e+03 4.27577e-12 0.00000e+00
1.80300e+03 4.46728e-12 0.00000e+00
1.80400e+03 4.53757e-12 0.00000e+00
1.80500e+03 4.29558e-12 0.00000e+00
1.80600e+03 4.17682e-12 0.00000e+00
1.80700e+03 4.22579e-12 0.00000e+00
1.80800e+03 4.04673e-12 0.00000e+00
1.80900e+03 4.13563e-12 0.00000e+00
1.81000e+03 4.14296e-12 0.00000e+00
1.81100e+03 4.13377e-12 0.00000e+00
1.81200e+03 4.45619e-12 0.00000e+00
1.81300e+03 3.94051e-12 0.00000e+00
1.81400e+03 4.60719e-12 0.00000e+00
1.81500e+03 3.94298e-12 0.00000e+00
1.81600e+03 3.94643e-12 0.00000e+00
1.81700e+03 4.38936e-12 0.00000e+00
1.81800e+03 4.20315e-12 0.00000e+00
1.81900e+03 4.14152e-12 0.00000e+00
1.82000e+03 4.47629e-12 0.00000e+00
1.82100e+03 4.20024e-12 0.00000e+00
1.82200e+03 4.30664e-12 0.00000e+00
1.82300e+03 4.17866e-12 0.00000e+00
1.82400e+03 4.27238e-12 0.00000e+00
1.82500e+03 4.46450e-12 0.00000e+00
1.82600e+03 4.14396e-12 0.00000e+00
1.82700e+03 3.90530e-12 0.00000e+00
1.82800e+03 4.23441e-12 0.00000e+00
1.82900e+03 4.24433e-12 0.00000e+00
1.83000e+03 3.91262e-12 0.00000e+00
1.83100e+03 3.96101e-12 0.00000e+00
1.83200e+03 3.97176e-12 0.00000e+00
1.83300e+03 4.08334e-12 0.00000e+00
1.83400e+03 4.39635e-12 0.00000e+00
1.83500e+03 4.28257e-12 0.00000e+00
1.83600e+03 4.13627e-12 0.00000e+00
1.83700e+03 4.24841e-12 0.00000e+00
1.83800e+03 4.31656e-12 0.00000e+00
1.83900e+03 4.24973e-12 0.00000e+00
1.84000e+03 4.24020e-12 0.00000e+00
1.84100e+03 4.24577e-12 0.00000e+00
1.84200e+03 4.05434e-12 0.00000e+00
1.84300e+03 4.00180e-12 0.00000e+00
1.84400e+03 4.07029e-12 0.00000e+00
1.84500e+03 3.67824e-12 0.00000e+00
1.84600e+03 3.73725e-12 0.00000e+00
1.84700e+03 4.02604e-12 0.00000e+00
1.84800e+03 3.95855e-12 0.00000e+00
1.84900e+03 4.22782e-12 0.00000e+00
1.85000e+03 4.16310e-12 0.00000e+00
1.85100e+03 3.88583e-12 0.00000e+00
1.85200e+03 3.87336e-12 0.00000e+00
1.85300e+03 4.01905e-12 0.00000e+00
1.85400e+03 3.94061e-12 0.00000e+00
1.85500e+03 4.31335e-12 0.00000e+00
1.85600e+03 3.91015e-12 0.00000e+00
1.85700e+03 3.74039e-12 0.00000e+00
1.85800e+03 3.77435e-12 0.00000e+00
1.85900e+03 4.15295e-12 0.00000e+00
1.86000e+03 3.80958e-12 0.00000e+00
1.86100e+03 3.86645e-12 0.00000e+00
1.86200e+03 4.12624e-12 0.00000e+00
1.86300e+03 3.87144e-12 0.00000e+00
1.86400e+03 4.45702e-12 0.00000e+00
1.86500e+03 4.12674e-12 0.00000e+00
1.86600e+03 4.04406e-12 0.00000e+00
1.86700e+03 4.06307e-12 0.00000e+00
1.86800e+03 3.80867e-12 0.00000e+00
1.86900e+03 3.71563e-12 0.00000e+00
1.87000e+03 3.74786e-12 0.00000e+00
1.87100e+03 3.75964e-12 0.00000e+00
1.87200e+03 3.58107e-12 0.00000e+00
1.87300e+03 4.22700e-12 0.00000e+00
1.87400e+03 3.99769e-12 0.00000e+00
1.87500e+03 3.80032e-12 0.00000e+00
1.87600e+03 3.69334e-12 0.00000e+00
1.87700e+03 4.01658e-12 0.00000e+00
1.87800e+03 4.02553e-12 0.00000e+00
1.87900e+03 3.58935e-12 0.00000e+00
1.88000e+03 3.90284e-12 0.00000e+00
1.88100e+03 3.94434e-12 0.00000e+00
1.88200e+03 3.76418e-12 0.00000e+00
1.88300e+03 4.30259e-12 0.00000e+00
1.88400e+03 3.87085e-12 0.00000e+00
1.88500e+03 3.75952e-12 0.00000e+00
1.88600e+03 3.69656e-12 0.00000e+00
1.88700e+03 4.07480e-12 0.00000e+00
1.88800e+03 3.63070e-12 0.00000e+00
1.88900e+03 4.12488e-12 0.00000e+00
1.89000e+03 3.78792e-12 0.00000e+00
1.89100e+03 3.79793e-12 0.00000e+00
1.89200e+03 3.52823e-12 0.00000e+00
1.89300e+03 3.60393e-12 0.00000e+00
1.89400e+03 3.74653e-12 0.00000e+00
1.89500e+03 3.57324e-12 0.00000e+00
1.89600e+03 3.66720e-12 0.00000e+00
1.89700e+03 3.72086e-12 0.00000e+00
1.89800e+03 3.78244e-12 0.00000e+00
1.89900e+03 3.44538e-12 0.00000e+00
1.90000e+03 3.45379e-12 0.00000e+00
1.90100e+03 3.24040e-12 0.00000e+00
1.90200e+03 4.02342e-12 0.00000e+00
1.90300e+03 3.90026e-12 0.00000e+00
1.90400e+03 3.76863e-12 0.00000e+00
1.90500e+03 3.51874e-12 0.00000e+00
1.90600e+03 3.50424e-12 0.00000e+00
1.90700e+03 3.48046e-12 0.00000e+00
1.90800e+03 3.82722e-12 0.00000e+00
1.90900e+03 3.69251e-12 0.00000e+00
1.91000e+03 3.63834e-12 0.00000e+00
1.91100e+03 3.25702e-12 0.00000e+00
1.91200e+03 3.83871e-12 0.00000e+00
1.91300e+03 3.66730e-12 0.00000e+00
1.91400e+03 3.58573e-12 0.00000e+00
1.91500e+03 3.45951e-12 0.00000e+00
1.91600e+03 3.76718e-12 0.00000e+00
1.91700e+03 3.72843e-12 0.00000e+00
1.91800e+03 3.46344e-12 0.00000e+00
1.91900e+03 3.54031e-12 0.00000e+00
1.92000e+03 3.79551e-12 0.00000e+00
1.92100e+03 3.59977e-12 0.00000e+00
1.92200e+03 3.69652e-12 0.00000e+00
1.92300e+03 3.51744e-12 0.00000e+00
1.92400e+03 3.61660e-12 0.00000e+00
1.92500e+03 3.51660e-12 0.00000e+00
1.92600e+03 3.43906e-12 0.00000e+00
1.92700e+03 3.76790e-12 0.00000e+00
1.92800e+03 3.54873e-12 0.00000e+00
1.92900e+03 3.75144e-12 0.00000e+00
1.93000e+03 3.49779e-12 0.00000e+00
1.93100e+03 3.41046e-12 0.00000e+00
1.93200e+03 3.39381e-12 0.00000e+00
1.93300e+03 3.47810e-12 0.00000e+00
1.93400e+03 3.35554e-12 0.00000e+00
1.93500e+03 3.35121e-12 0.00000e+00
1.93600e+03 3.73841e-12 0.00000e+00
1.93700e+03 3.77641e-12 0.00000e+00
1.93800e+03 3.45930e-12 0.00000e+00
1.93900e+03 3.51735e-12 0.00000e+00
1.94000e+03 3.24458e-12 0.00000e+00
1.94100e+03 3.75258e-12 0.00000e+00
1.94200e+03 3.41802e-12 0.00000e+00
1.94300e+03 3.37788e-12 0.00000e+00
1.94400e+03 3.45232e-12 0.00000e+00
1.94500e+03 3.55302e-12 0.00000e+00
1.94600e+03 3.28869e-12 0.00000e+00
1.94700e+03 3.29838e-12 0.00000e+00
1.94800e+03 3.49439e-12 0.00000e+00
1.94900e+03 3.69926e-12 0.00000e+00
1.95000e+03 3.27661e-12 0.00000e+00
1.95100e+03 3.62681e-12 0.00000e+00
1.95200e+03 3.71797e-12 0.00000e+00
1.95300e+03 3.50056e-12 0.00000e+00
1.95400e+03 3.26379e-12 0.00000e+00
1.95500e+03 3.49665e-12 0.00000e+00
1.95600e+03 3.30391e-12 0.00000e+00
1.95700e+03 3.28671e-12 0.00000e+00
1.95800e+03 3.33046e-12 0.00000e+00
1.95900e+03 3.18553e-12 0.00000e+00
1.96000e+03 3.48028e-12 0.00000e+00
1.96100e+03 3.32072e-12 0.00000e+00
1.96200e+03 3.02781e-12 0.00000e+00
1.96300e+03 3.56646e-12 0.00000e+00
1.96400e+03 3.19343e-12 0.00000e+00
1.96500e+03 3.54983e-12 0.00000e+00
1.96600e+03 3.36044e-12 0.00000e+00
1.96700e+03 3.36298e-12 0.00000e+00
1.96800e+03 3.33279e-12 0.00000e+00
1.96900e+03 3.21421e-12 0.00000e+00
1.97000e+03 3.29214e-12 0.00000e+00
1.97100e+03 3.28853e-12 0.00000e+00
1.97200e+03 3.22399e-12 0.00000e+00
1.97300e+03 3.23610e-12 0.00000e+00
1.97400e+03 3.17468e-12 0.00000e+00
1.97500e+03 3.20612e-12 0.00000e+00
1.97600e+03 3.28620e-12 0.00000e+00
1.97700e+03 3.39414e-12 0.00000e+00
1.97800e+03 3.24652e-12 0.00000e+00
1.97900e+03 3.39070e-12 0.00000e+00
1.98000e+03 3.23776e-12 0.00000e+00
1.98100e+03 3.21586e-12 0.00000e+00
1.98200e+03 3.24142e-12 0.00000e+00
1.98300e+03 3.13308e-12 0.00000e+00
1.98400e+03 3.04291e-12 0.00000e+00
1.98500e+03 3.23506e-12 0.00000e+00
1.98600e+03 3.25630e-12 0.00000e+00
1.98700e+03 3.29446e-12 0.00000e+00
1.98800e+03 3.36422e-12 0.00000e+00
1.98900e+03 3.08226e-12 0.00000e+00
1.99000e+03 3.21968e-12 0.00000e+00
1.99100e+03 3.34854e-12 0.00000e+00
1.99200e+03 3.22225e-12 0.00000e+00
1.99300e+03 3.18730e-12 0.00000e+00
1.99400e+03 3.23916e-12 0.00000e+00
1.99500e+03 3.05065e-12 0.00000e+00
1.99600e+03 3.11366e-12 0.00000e+00
1.99700e+03 3.07412e-12 0.00000e+00
1.99800e+03 3.05273e-12 0.00000e+00
1.99900e+03 3.13177e-12 0.00000e+00
2.00000e+03 3.12867e-12 0.00000e+00
