0.00000e+00 0.00000e+00 0.00000e+00
1.00000e+00 0.00000e+00 0.00000e+00
2.00000e+00 0.00000e+00 0.00000e+00
3.00000e+00 0.00000e+00 0.00000e+00
4.00000e+00 0.00000e+00 0.00000e+00
5.00000e+00 0.00000e+00 0.00000e+00
6.00000e+00 0.00000e+00 0.00000e+00
7.00000e+00 0.00000e+00 0.00000e+00
8.00000e+00 0.00000e+00 0.00000e+00
9.00000e+00 0.00000e+00 0.00000e+00
1.00000e+01 0.00000e+00 0.00000e+00
1.10000e+01 0.00000e+00 0.00000e+00
1.20000e+01 0.00000e+00 0.00000e+00
1.30000e+01 0.00000e+00 0.00000e+00
1.40000e+01 0.00000e+00 0.00000e+00
1.50000e+01 0.00000e+00 0.00000e+00
1.60000e+01 0.00000e+00 0.00000e+00
1.70000e+01 0.00000e+00 0.00000e+00
1.80000e+01 0.00000e+00 0.00000e+00
1.90000e+01 0.00000e+00 0.00000e+00
2.00000e+01 0.00000e+00 0.00000e+00
2.10000e+01 0.00000e+00 0.00000e+00
2.20000e+01 0.00000e+00 0.00000e+00
2.30000e+01 0.00000e+00 0.00000e+00
2.40000e+01 0.00000e+00 0.00000e+00
2.50000e+01 0.00000e+00 0.00000e+00
2.60000e+01 0.00000e+00 0.00000e+00
2.70000e+01 0.00000e+00 0.00000e+00
2.80000e+01 0.00000e+00 0.00000e+00
2.90000e+01 0.00000e+00 0.00000e+00
3.00000e+01 0.00000e+00 0.00000e+00
3.10000e+01 0.00000e+00 0.00000e+00
3.20000e+01 0.00000e+00 0.00000e+00
3.30000e+01 0.00000e+00 0.00000e+00
3.40000e+01 0.00000e+00 0.00000e+00
3.50000e+01 0.00000e+00 0.00000e+00
3.60000e+01 0.00000e+00 0.00000e+00
3.70000e+01 0.00000e+00 0.00000e+00
3.80000e+01 0.00000e+00 0.00000e+00
3.90000e+01 0.00000e+00 0.00000e+00
4.00000e+01 0.00000e+00 0.00000e+00
4.10000e+01 0.00000e+00 0.00000e+00
4.20000e+01 0.00000e+00 0.00000e+00
4.30000e+01 0.00000e+00 0.00000e+00
4.40000e+01 0.00000e+00 0.00000e+00
4.50000e+01 0.00000e+00 0.00000e+00
4.60000e+01 0.00000e+00 0.00000e+00
4.70000e+01 0.00000e+00 0.00000e+00
4.80000e+01 0.00000e+00 0.00000e+00
4.90000e+01 0.00000e+00 0.00000e+00
5.00000e+01 0.00000e+00 0.00000e+00
5.10000e+01 0.00000e+00 0.00000e+00
5.20000e+01 0.00000e+00 0.00000e+00
5.30000e+01 0.00000e+00 0.00000e+00
5.40000e+01 0.00000e+00 0.00000e+00
5.50000e+01 0.00000e+00 0.00000e+00
5.60000e+01 0.00000e+00 0.00000e+00
5.70000e+01 0.00000e+00 0.00000e+00
5.80000e+01 0.00000e+00 0.00000e+00
5.90000e+01 0.00000e+00 0.00000e+00
6.00000e+01 0.00000e+00 0.00000e+00
6.10000e+01 0.00000e+00 0.00000e+00
6.20000e+01 0.00000e+00 0.00000e+00
6.30000e+01 0.00000e+00 0.00000e+00
6.40000e+01 0.00000e+00 0.00000e+00
6.50000e+01 0.00000e+00 0.00000e+00
6.60000e+01 0.00000e+00 0.00000e+00
6.70000e+01 0.00000e+00 0.00000e+00
6.80000e+01 0.00000e+00 0.00000e+00
6.90000e+01 0.00000e+00 0.00000e+00
7.00000e+01 0.00000e+00 0.00000e+00
7.10000e+01 0.00000e+00 0.00000e+00
7.20000e+01 0.00000e+00 0.00000e+00
7.30000e+01 0.00000e+00 0.00000e+00
7.40000e+01 0.00000e+00 0.00000e+00
7.50000e+01 0.00000e+00 0.00000e+00
7.60000e+01 0.00000e+00 0.00000e+00
7.70000e+01 0.00000e+00 0.00000e+00
7.80000e+01 0.00000e+00 0.00000e+00
7.90000e+01 0.00000e+00 0.00000e+00
8.00000e+01 0.00000e+00 0.00000e+00
8.10000e+01 0.00000e+00 0.00000e+00
8.20000e+01 0.00000e+00 0.00000e+00
8.30000e+01 0.00000e+00 0.00000e+00
8.40000e+01 0.00000e+00 0.00000e+00
8.50000e+01 0.00000e+00 0.00000e+00
8.60000e+01 0.00000e+00 0.00000e+00
8.70000e+01 0.00000e+00 0.00000e+00
8.80000e+01 0.00000e+00 0.00000e+00
8.90000e+01 0.00000e+00 0.00000e+00
9.00000e+01 0.00000e+00 0.00000e+00
9.10000e+01 0.00000e+00 0.00000e+00
9.20000e+01 0.00000e+00 0.00000e+00
9.30000e+01 0.00000e+00 0.00000e+00
9.40000e+01 0.00000e+00 0.00000e+00
9.50000e+01 0.00000e+00 0.00000e+00
9.60000e+01 0.00000e+00 0.00000e+00
9.70000e+01 0.00000e+00 0.00000e+00
9.80000e+01 0.00000e+00 0.00000e+00
9.90000e+01 0.00000e+00 0.00000e+00
1.00000e+02 0.00000e+00 0.00000e+00
1.01000e+02 0.00000e+00 0.00000e+00
1.02000e+02 0.00000e+00 0.00000e+00
1.03000e+02 0.00000e+00 0.00000e+00
1.04000e+02 0.00000e+00 0.00000e+00
1.05000e+02 0.00000e+00 0.00000e+00
1.06000e+02 0.00000e+00 0.00000e+00
1.07000e+02 0.00000e+00 0.00000e+00
1.08000e+02 0.00000e+00 0.00000e+00
1.09000e+02 0.00000e+00 0.00000e+00
1.10000e+02 0.00000e+00 0.00000e+00
1.11000e+02 0.00000e+00 0.00000e+00
1.12000e+02 0.00000e+00 0.00000e+00
1.13000e+02 0.00000e+00 0.00000e+00
1.14000e+02 0.00000e+00 0.00000e+00
1.15000e+02 0.00000e+00 0.00000e+00
1.16000e+02 0.00000e+00 0.00000e+00
1.17000e+02 0.00000e+00 0.00000e+00
1.18000e+02 0.00000e+00 0.00000e+00
1.19000e+02 0.00000e+00 0.00000e+00
1.20000e+02 0.00000e+00 0.00000e+00
1.21000e+02 0.00000e+00 0.00000e+00
1.22000e+02 0.00000e+00 0.00000e+00
1.23000e+02 0.00000e+00 0.00000e+00
1.24000e+02 0.00000e+00 0.00000e+00
1.25000e+02 0.00000e+00 0.00000e+00
1.26000e+02 0.00000e+00 0.00000e+00
1.27000e+02 0.00000e+00 0.00000e+00
1.28000e+02 0.00000e+00 0.00000e+00
1.29000e+02 0.00000e+00 0.00000e+00
1.30000e+02 0.00000e+00 0.00000e+00
1.31000e+02 0.00000e+00 0.00000e+00
1.32000e+02 0.00000e+00 0.00000e+00
1.33000e+02 0.00000e+00 0.00000e+00
1.34000e+02 0.00000e+00 0.00000e+00
1.35000e+02 0.00000e+00 0.00000e+00
1.36000e+02 0.00000e+00 0.00000e+00
1.37000e+02 0.00000e+00 0.00000e+00
1.38000e+02 0.00000e+00 0.00000e+00
1.39000e+02 0.00000e+00 0.00000e+00
1.40000e+02 0.00000e+00 0.00000e+00
1.41000e+02 0.00000e+00 0.00000e+00
1.42000e+02 0.00000e+00 0.00000e+00
1.43000e+02 0.00000e+00 0.00000e+00
1.44000e+02 0.00000e+00 0.00000e+00
1.45000e+02 0.00000e+00 0.00000e+00
1.46000e+02 0.00000e+00 0.00000e+00
1.47000e+02 0.00000e+00 0.00000e+00
1.48000e+02 0.00000e+00 0.00000e+00
1.49000e+02 0.00000e+00 0.00000e+00
1.50000e+02 0.00000e+00 0.00000e+00
1.51000e+02 0.00000e+00 0.00000e+00
1.52000e+02 0.00000e+00 0.00000e+00
1.53000e+02 0.00000e+00 0.00000e+00
1.54000e+02 0.00000e+00 0.00000e+00
1.55000e+02 0.00000e+00 0.00000e+00
1.56000e+02 0.00000e+00 0.00000e+00
1.57000e+02 0.00000e+00 0.00000e+00
1.58000e+02 0.00000e+00 0.00000e+00
1.59000e+02 0.00000e+00 0.00000e+00
1.60000e+02 0.00000e+00 0.00000e+00
1.61000e+02 0.00000e+00 0.00000e+00
1.62000e+02 0.00000e+00 0.00000e+00
1.63000e+02 0.00000e+00 0.00000e+00
1.64000e+02 0.00000e+00 0.00000e+00
1.65000e+02 0.00000e+00 0.00000e+00
1.66000e+02 0.00000e+00 0.00000e+00
1.67000e+02 0.00000e+00 0.00000e+00
1.68000e+02 0.00000e+00 0.00000e+00
1.69000e+02 0.00000e+00 0.00000e+00
1.70000e+02 0.00000e+00 0.00000e+00
1.71000e+02 0.00000e+00 0.00000e+00
1.72000e+02 0.00000e+00 0.00000e+00
1.73000e+02 0.00000e+00 0.00000e+00
1.74000e+02 0.00000e+00 0.00000e+00
1.75000e+02 0.00000e+00 0.00000e+00
1.76000e+02 0.00000e+00 0.00000e+00
1.77000e+02 0.00000e+00 0.00000e+00
1.78000e+02 0.00000e+00 0.00000e+00
1.79000e+02 0.00000e+00 0.00000e+00
1.80000e+02 0.00000e+00 0.00000e+00
1.81000e+02 0.00000e+00 0.00000e+00
1.82000e+02 0.00000e+00 0.00000e+00
1.83000e+02 0.00000e+00 0.00000e+00
1.84000e+02 0.00000e+00 0.00000e+00
1.85000e+02 0.00000e+00 0.00000e+00
1.86000e+02 0.00000e+00 0.00000e+00
1.87000e+02 0.00000e+00 0.00000e+00
1.88000e+02 0.00000e+00 0.00000e+00
1.89000e+02 0.00000e+00 0.00000e+00
1.90000e+02 0.00000e+00 0.00000e+00
1.91000e+02 0.00000e+00 0.00000e+00
1.92000e+02 0.00000e+00 0.00000e+00
1.93000e+02 0.00000e+00 0.00000e+00
1.94000e+02 0.00000e+00 0.00000e+00
1.95000e+02 0.00000e+00 0.00000e+00
1.96000e+02 0.00000e+00 0.00000e+00
1.97000e+02 0.00000e+00 0.00000e+00
1.98000e+02 0.00000e+00 0.00000e+00
1.99000e+02 0.00000e+00 0.00000e+00
2.00000e+02 -4.28903e-11 0.00000e+00
2.01000e+02 2.89604e-10 0.00000e+00
2.02000e+02 1.92732e-10 0.00000e+00
2.03000e+02 3.14600e-10 0.00000e+00
2.04000e+02 3.94337e-10 0.00000e+00
2.05000e+02 1.98836e-10 0.00000e+00
2.06000e+02 5.93887e-12 0.00000e+00
2.07000e+02 2.19003e-10 0.00000e+00
2.08000e+02 1.95146e-10 0.00000e+00
2.09000e+02 2.69915e-10 0.00000e+00
2.10000e+02 2.70480e-10 0.00000e+00
2.11000e+02 3.39353e-10 0.00000e+00
2.12000e+02 8.31677e-11 0.00000e+00
2.13000e+02 3.35726e-10 0.00000e+00
2.14000e+02 2.84475e-10 0.00000e+00
2.15000e+02 5.50359e-10 0.00000e+00
2.16000e+02 2.92154e-10 0.00000e+00
2.17000e+02 2.25326e-10 0.00000e+00
2.18000e+02 3.02892e-10 0.00000e+00
2.19000e+02 5.28747e-11 0.00000e+00
2.20000e+02 3.42617e-10 0.00000e+00
2.21000e+02 2.43524e-10 0.00000e+00
2.22000e+02 1.83418e-10 0.00000e+00
2.23000e+02 1.81560e-10 0.00000e+00
2.24000e+02 2.37037e-10 0.00000e+00
2.25000e+02 -1.48101e-10 0.00000e+00
2.26000e+02 3.72076e-10 0.00000e+00
2.27000e+02 2.70448e-10 0.00000e+00
2.28000e+02 5.17779e-11 0.00000e+00
2.29000e+02 6.72736e-11 0.00000e+00
2.30000e+02 3.59621e-10 0.00000e+00
2.31000e+02 1.47548e-10 0.00000e+00
2.32000e+02 2.29722e-10 0.00000e+00
2.33000e+02 4.00257e-10 0.00000e+00
2.34000e+02 1.70475e-11 0.00000e+00
2.35000e+02 2.83202e-10 0.00000e+00
2.36000e+02 1.34058e-10 0.00000e+00
2.37000e+02 2.25817e-10 0.00000e+00
2.38000e+02 2.91572e-10 0.00000e+00
2.39000e+02 -3.42318e-11 0.00000e+00
2.40000e+02 4.10069e-11 0.00000e+00
2.41000e+02 1.30012e-10 0.00000e+00
2.42000e+02 2.40514e-10 0.00000e+00
2.43000e+02 6.72854e-11 0.00000e+00
2.44000e+02 9.63398e-11 0.00000e+00
2.45000e+02 3.66295e-10 0.00000e+00
2.46000e+02 2.52988e-10 0.00000e+00
2.47000e+02 6.52353e-11 0.00000e+00
2.48000e+02 1.63691e-10 0.00000e+00
2.49000e+02 2.09459e-10 0.00000e+00
2.50000e+02 7.16792e-11 0.00000e+00
2.51000e+02 3.50549e-10 0.00000e+00
2.52000e+02 8.17365e-11 0.00000e+00
2.53000e+02 1.84219e-10 0.00000e+00
2.54000e+02 5.56105e-11 0.00000e+00
2.55000e+02 2.44916e-10 0.00000e+00
2.56000e+02 1.83977e-10 0.00000e+00
2.57000e+02 2.07921e-10 0.00000e+00
2.58000e+02 1.93837e-10 0.00000e+00
2.59000e+02 1.75865e-11 0.00000e+00
2.60000e+02 1.62375e-10 0.00000e+00
2.61000e+02 1.63753e-10 0.00000e+00
2.62000e+02 1.61437e-10 0.00000e+00
2.63000e+02 3.51448e-11 0.00000e+00
2.64000e+02 7.30354e-11 0.00000e+00
2.65000e+02 1.61751e-10 0.00000e+00
2.66000e+02 2.29586e-11 0.00000e+00
2.67000e+02 6.70322e-11 0.00000e+00
2.68000e+02 3.33278e-10 0.00000e+00
2.69000e+02 1.28605e-10 0.00000e+00
2.70000e+02 2.69884e-11 0.00000e+00
2.71000e+02 2.53293e-10 0.00000e+00
2.72000e+02 1.17724e-10 0.00000e+00
2.73000e+02 1.54960e-10 0.00000e+00
2.74000e+02 5.96155e-11 0.00000e+00
2.75000e+02 4.48954e-11 0.00000e+00
2.76000e+02 1.72959e-10 0.00000e+00
2.77000e+02 5.03704e-11 0.00000e+00
2.78000e+02 2.10564e-10 0.00000e+00
2.79000e+02 1.16729e-10 0.00000e+00
2.80000e+02 -4.24855e-11 0.00000e+00
2.81000e+02 2.25664e-10 0.00000e+00
2.82000e+02 1.35904e-10 0.00000e+00
2.83000e+02 4.83641e-11 0.00000e+00
2.84000e+02 9.46521e-11 0.00000e+00
2.85000e+02 4.81181e-11 0.00000e+00
2.86000e+02 9.31833e-11 0.00000e+00
2.87000e+02 2.16010e-10 0.00000e+00
2.88000e+02 2.05615e-10 0.00000e+00
2.89000e+02 8.19424e-11 0.00000e+00
2.90000e+02 2.27518e-10 0.00000e+00
2.91000e+02 3.20167e-10 0.00000e+00
2.92000e+02 2.30078e-10 0.00000e+00
2.93000e+02 -3.01501e-11 0.00000e+00
2.94000e+02 1.59430e-10 0.00000e+00
2.95000e+02 -2.12072e-12 0.00000e+00
2.96000e+02 1.80775e-10 0.00000e+00
2.97000e+02 2.04170e-10 0.00000e+00
2.98000e+02 3.56424e-11 0.00000e+00
2.99000e+02 2.45920e-10 0.00000e+00
3.00000e+02 1.00721e-10 0.00000e+00
3.01000e+02 9.47333e-11 0.00000e+00
3.02000e+02 2.33946e-10 0.00000e+00
3.03000e+02 1.20323e-10 0.00000e+00
3.04000e+02 1.40480e-10 0.00000e+00
3.05000e+02 6.33651e-11 0.00000e+00
3.06000e+02 8.19724e-11 0.00000e+00
3.07000e+02 -1.75658e-11 0.00000e+00
3.08000e+02 -2.49413e-12 0.00000e+00
3.09000e+02 2.30346e-10 0.00000e+00
3.10000e+02 2.62513e-10 0.00000e+00
3.11000e+02 1.17224e-10 0.00000e+00
3.12000e+02 1.13396e-10 0.00000e+00
3.13000e+02 2.28227e-10 0.00000e+00
3.14000e+02 1.57231e-10 0.00000e+00
3.15000e+02 2.19604e-10 0.00000e+00
3.16000e+02 1.96762e-10 0.00000e+00
3.17000e+02 2.02072e-10 0.00000e+00
3.18000e+02 2.35378e-10 0.00000e+00
3.19000e+02 9.47005e-11 0.00000e+00
3.20000e+02 1.43397e-10 0.00000e+00
3.21000e+02 1.35889e-10 0.00000e+00
3.22000e+02 2.20791e-10 0.00000e+00
3.23000e+02 2.23863e-10 0.00000e+00
3.24000e+02 8.64116e-12 0.00000e+00
3.25000e+02 -4.17838e-11 0.00000e+00
3.26000e+02 3.11795e-10 0.00000e+00
3.27000e+02 1.71083e-11 0.00000e+00
3.28000e+02 -7.71417e-11 0.00000e+00
3.29000e+02 1.29787e-10 0.00000e+00
3.30000e+02 4.40767e-11 0.00000e+00
3.31000e+02 1.26145e-10 0.00000e+00
3.32000e+02 1.83050e-10 0.00000e+00
3.33000e+02 2.87532e-10 0.00000e+00
3.34000e+02 9.04697e-11 0.00000e+00
3.35000e+02 1.07501e-10 0.00000e+00
3.36000e+02 3.16516e-11 0.00000e+00
3.37000e+02 1.41791e-10 0.00000e+00
3.38000e+02 5.77010e-11 0.00000e+00
3.39000e+02 -7.78821e-12 0.00000e+00
3.40000e+02 4.50103e-11 0.00000e+00
3.41000e+02 3.05004e-10 0.00000e+00
3.42000e+02 1.79897e-10 0.00000e+00
3.43000e+02 -4.60096e-11 0.00000e+00
3.44000e+02 1.28453e-10 0.00000e+00
3.45000e+02 1.36505e-10 0.00000e+00
3.46000e+02 4.83612e-11 0.00000e+00
3.47000e+02 2.08127e-11 0.00000e+00
3.48000e+02 2.01032e-10 0.00000e+00
3.49000e+02 4.19054e-11 0.00000e+00
3.50000e+02 1.17981e-10 0.00000e+00
3.51000e+02 1.11939e-10 0.00000e+00
3.52000e+02 2.87907e-11 0.00000e+00
3.53000e+02 7.51307e-11 0.00000e+00
3.54000e+02 5.60249e-11 0.00000e+00
3.55000e+02 2.47804e-10 0.00000e+00
3.56000e+02 1.81412e-10 0.00000e+00
3.57000e+02 4.66077e-11 0.00000e+00
3.58000e+02 -1.61830e-11 0.00000e+00
3.59000e+02 1.92440e-10 0.00000e+00
3.60000e+02 1.42892e-10 0.00000e+00
3.61000e+02 1.86953e-10 0.00000e+00
3.62000e+02 8.10545e-11 0.00000e+00
3.63000e+02 -1.61008e-12 0.00000e+00
3.64000e+02 4.46127e-11 0.00000e+00
3.65000e+02 9.85699e-12 0.00000e+00
3.66000e+02 6.81750e-11 0.00000e+00
3.67000e+02 7.19964e-11 0.00000e+00
3.68000e+02 5.68749e-11 0.00000e+00
3.69000e+02 7.59981e-11 0.00000e+00
3.70000e+02 2.25664e-10 0.00000e+00
3.71000e+02 1.54638e-10 0.00000e+00
3.72000e+02 3.30088e-11 0.00000e+00
3.73000e+02 2.35484e-10 0.00000e+00
3.74000e+02 1.47108e-10 0.00000e+00
3.75000e+02 1.58504e-10 0.00000e+00
3.76000e+02 6.13150e-11 0.00000e+00
3.77000e+02 1.00388e-10 0.00000e+00
3.78000e+02 1.44647e-10 0.00000e+00
3.79000e+02 6.40700e-11 0.00000e+00
3.80000e+02 6.70162e-11 0.00000e+00
3.81000e+02 1.53364e-10 0.00000e+00
3.82000e+02 1.37619e-10 0.00000e+00
3.83000e+02 2.50390e-10 0.00000e+00
3.84000e+02 1.65479e-10 0.00000e+00
3.85000e+02 4.10630e-11 0.00000e+00
3.86000e+02 3.34211e-11 0.00000e+00
3.87000e+02 7.27913e-11 0.00000e+00
3.88000e+02 1.10786e-10 0.00000e+00
3.89000e+02 2.61136e-10 0.00000e+00
3.90000e+02 1.42568e-10 0.00000e+00
3.91000e+02 1.40719e-10 0.00000e+00
3.92000e+02 7.31471e-11 0.00000e+00
3.93000e+02 1.53891e-10 0.00000e+00
3.94000e+02 1.73520e-10 0.00000e+00
3.95000e+02 1.37532e-10 0.00000e+00
3.96000e+02 1.64148e-10 0.00000e+00
3.97000e+02 1.18642e-10 0.00000e+00
3.98000e+02 9.15408e-11 0.00000e+00
3.99000e+02 1.45971e-10 0.00000e+00
4.00000e+02 1.72766e-11 0.00000e+00
4.01000e+02 7.79002e-11 0.00000e+00
4.02000e+02 7.05497e-11 0.00000e+00
4.03000e+02 7.86219e-11 0.00000e+00
4.04000e+02 1.54273e-10 0.00000e+00
4.05000e+02 -2.07884e-11 0.00000e+00
4.06000e+02 1.04737e-10 0.00000e+00
4.07000e+02 1.70603e-10 0.00000e+00
4.08000e+02 1.43582e-10 0.00000e+00
4.09000e+02 9.95394e-11 0.00000e+00
4.10000e+02 1.35803e-10 0.00000e+00
4.11000e+02 8.79476e-11 0.00000e+00
4.12000e+02 1.05062e-10 0.00000e+00
4.13000e+02 1.45058e-10 0.00000e+00
4.14000e+02 9.62807e-11 0.00000e+00
4.15000e+02 1.19454e-10 0.00000e+00
4.16000e+02 5.79080e-11 0.00000e+00
4.17000e+02 1.37344e-10 0.00000e+00
4.18000e+02 5.15221e-11 0.00000e+00
4.19000e+02 -1.90327e-11 0.00000e+00
4.20000e+02 1.58037e-10 0.00000e+00
4.21000e+02 7.27528e-11 0.00000e+00
4.22000e+02 -4.15769e-12 0.00000e+00
4.23000e+02 3.98733e-11 0.00000e+00
4.24000e+02 -4.77097e-11 0.00000e+00
4.25000e+02 1.08218e-10 0.00000e+00
4.26000e+02 8.25012e-11 0.00000e+00
4.27000e+02 6.11186e-11 0.00000e+00
4.28000e+02 1.39182e-10 0.00000e+00
4.29000e+02 9.51382e-11 0.00000e+00
4.30000e+02 6.12219e-11 0.00000e+00
4.31000e+02 1.28820e-10 0.00000e+00
4.32000e+02 1.00414e-10 0.00000e+00
4.33000e+02 1.52413e-10 0.00000e+00
4.34000e+02 1.88166e-10 0.00000e+00
4.35000e+02 5.65565e-11 0.00000e+00
4.36000e+02 -5.77456e-12 0.00000e+00
4.37000e+02 9.07236e-11 0.00000e+00
4.38000e+02 1.08973e-10 0.00000e+00
4.39000e+02 2.99079e-10 0.00000e+00
4.40000e+02 7.61717e-11 0.00000e+00
4.41000e+02 5.42996e-11 0.00000e+00
4.42000e+02 2.85016e-11 0.00000e+00
4.43000e+02 9.72251e-11 0.00000e+00
4.44000e+02 1.15166e-10 0.00000e+00
4.45000e+02 7.78701e-11 0.00000e+00
4.46000e+02 1.27883e-10 0.00000e+00
4.47000e+02 5.72254e-11 0.00000e+00
4.48000e+02 4.64257e-12 0.00000e+00
4.49000e+02 -1.55356e-12 0.00000e+00
4.50000e+02 8.25902e-11 0.00000e+00
4.51000e+02 1.04046e-10 0.00000e+00
4.52000e+02 7.86313e-11 0.00000e+00
4.53000e+02 1.13168e-10 0.00000e+00
4.54000e+02 9.36810e-11 0.00000e+00
4.55000e+02 2.25864e-12 0.00000e+00
4.56000e+02 1.34546e-10 0.00000e+00
4.57000e+02 1.30254e-10 0.00000e+00
4.58000e+02 1.75361e-10 0.00000e+00
4.59000e+02 6.83658e-11 0.00000e+00
4.60000e+02 3.58229e-11 0.00000e+00
4.61000e+02 3.37099e-11 0.00000e+00
4.62000e+02 1.84366e-10 0.00000e+00
4.63000e+02 -3.24925e-12 0.00000e+00
4.64000e+02 1.02611e-10 0.00000e+00
4.65000e+02 7.21671e-12 0.00000e+00
4.66000e+02 9.30599e-11 0.00000e+00
4.67000e+02 1.12372e-10 0.00000e+00
4.68000e+02 2.48643e-11 0.00000e+00
4.69000e+02 7.25891e-11 0.00000e+00
4.70000e+02 6.34762e-12 0.00000e+00
4.71000e+02 6.52767e-11 0.00000e+00
4.72000e+02 1.03081e-10 0.00000e+00
4.73000e+02 1.22894e-10 0.00000e+00
4.74000e+02 1.13333e-10 0.00000e+00
4.75000e+02 1.14026e-10 0.00000e+00
4.76000e+02 5.82580e-11 0.00000e+00
4.77000e+02 1.88848e-10 0.00000e+00
4.78000e+02 7.25523e-11 0.00000e+00
4.79000e+02 6.99691e-11 0.00000e+00
4.80000e+02 8.48916e-11 0.00000e+00
4.81000e+02 1.13758e-10 0.00000e+00
4.82000e+02 4.09428e-11 0.00000e+00
4.83000e+02 3.00531e-11 0.00000e+00
4.84000e+02 1.04375e-10 0.00000e+00
4.85000e+02 4.01493e-11 0.00000e+00
4.86000e+02 4.93830e-11 0.00000e+00
4.87000e+02 7.16125e-11 0.00000e+00
4.88000e+02 4.61141e-11 0.00000e+00
4.89000e+02 1.05670e-10 0.00000e+00
4.90000e+02 6.35803e-11 0.00000e+00
4.91000e+02 1.23497e-11 0.00000e+00
4.92000e+02 4.53203e-11 0.00000e+00
4.93000e+02 1.10319e-10 0.00000e+00
4.94000e+02 1.83120e-10 0.00000e+00
4.95000e+02 4.46606e-11 0.00000e+00
4.96000e+02 1.52539e-11 0.00000e+00
4.97000e+02 3.83645e-11 0.00000e+00
4.98000e+02 8.14486e-11 0.00000e+00
4.99000e+02 9.13113e-11 0.00000e+00
5.00000e+02 7.35698e-11 0.00000e+00
5.01000e+02 -2.44160e-11 0.00000e+00
5.02000e+02 1.14696e-10 0.00000e+00
5.03000e+02 8.74112e-11 0.00000e+00
5.04000e+02 1.15171e-10 0.00000e+00
5.05000e+02 1.87754e-11 0.00000e+00
5.06000e+02 -1.48776e-11 0.00000e+00
5.07000e+02 4.10889e-11 0.00000e+00
5.08000e+02 6.12732e-11 0.00000e+00
5.09000e+02 2.75724e-11 0.00000e+00
5.10000e+02 -1.59673e-11 0.00000e+00
5.11000e+02 7.79134e-11 0.00000e+00
5.12000e+02 8.54375e-11 0.00000e+00
5.13000e+02 6.42175e-11 0.00000e+00
5.14000e+02 8.79242e-11 0.00000e+00
5.15000e+02 1.86949e-11 0.00000e+00
5.16000e+02 7.97171e-11 0.00000e+00
5.17000e+02 7.94356e-11 0.00000e+00
5.18000e+02 1.56829e-11 0.00000e+00
5.19000e+02 4.00908e-11 0.00000e+00
5.20000e+02 1.42898e-10 0.00000e+00
5.21000e+02 3.40976e-11 0.00000e+00
5.22000e+02 1.43642e-10 0.00000e+00
5.23000e+02 1.64602e-10 0.00000e+00
5.24000e+02 1.61442e-10 0.00000e+00
5.25000e+02 4.42044e-11 0.00000e+00
5.26000e+02 8.13288e-11 0.00000e+00
5.27000e+02 1.54046e-11 0.00000e+00
5.28000e+02 3.94769e-11 0.00000e+00
5.29000e+02 7.49008e-11 0.00000e+00
5.30000e+02 1.32077e-10 0.00000e+00
5.31000e+02 8.20293e-11 0.00000e+00
5.32000e+02 8.60213e-11 0.00000e+00
5.33000e+02 1.21316e-10 0.00000e+00
5.34000e+02 4.90392e-11 0.00000e+00
5.35000e+02 1.00546e-10 0.00000e+00
5.36000e+02 9.76888e-11 0.00000e+00
5.37000e+02 3.22698e-11 0.00000e+00
5.38000e+02 1.82999e-10 0.00000e+00
5.39000e+02 1.22960e-10 0.00000e+00
5.40000e+02 4.62482e-11 0.00000e+00
5.41000e+02 4.71871e-11 0.00000e+00
5.42000e+02 9.26821e-11 0.00000e+00
5.43000e+02 1.06236e-10 0.00000e+00
5.44000e+02 5.70475e-11 0.00000e+00
5.45000e+02 6.21807e-11 0.00000e+00
5.46000e+02 2.01056e-11 0.00000e+00
5.47000e+02 9.06269e-11 0.00000e+00
5.48000e+02 3.82083e-11 0.00000e+00
5.49000e+02 7.20987e-11 0.00000e+00
5.50000e+02 1.79331e-10 0.00000e+00
5.51000e+02 1.90823e-11 0.00000e+00
5.52000e+02 9.50164e-11 0.00000e+00
5.53000e+02 2.41893e-11 0.00000e+00
5.54000e+02 3.98187e-11 0.00000e+00
5.55000e+02 7.15379e-11 0.00000e+00
5.56000e+02 7.63572e-11 0.00000e+00
5.57000e+02 1.29641e-10 0.00000e+00
5.58000e+02 -3.00187e-11 0.00000e+00
5.59000e+02 9.39393e-11 0.00000e+00
5.60000e+02 4.69043e-11 0.00000e+00
5.61000e+02 1.33878e-10 0.00000e+00
5.62000e+02 6.30505e-11 0.00000e+00
5.63000e+02 1.17248e-10 0.00000e+00
5.64000e+02 1.39282e-12 0.00000e+00
5.65000e+02 9.56999e-11 0.00000e+00
5.66000e+02 5.67879e-11 0.00000e+00
5.67000e+02 1.37719e-10 0.00000e+00
5.68000e+02 9.62621e-11 0.00000e+00
5.69000e+02 5.86064e-11 0.00000e+00
5.70000e+02 6.56261e-11 0.00000e+00
5.71000e+02 9.06705e-11 0.00000e+00
5.72000e+02 1.11703e-10 0.00000e+00
5.73000e+02 1.00454e-10 0.00000e+00
5.74000e+02 5.09995e-11 0.00000e+00
5.75000e+02 1.00465e-11 0.00000e+00
5.76000e+02 1.97356e-11 0.00000e+00
5.77000e+02 9.91313e-11 0.00000e+00
5.78000e+02 6.22017e-11 0.00000e+00
5.79000e+02 5.03453e-11 0.00000e+00
5.80000e+02 2.91293e-11 0.00000e+00
5.81000e+02 1.10953e-10 0.00000e+00
5.82000e+02 4.72822e-11 0.00000e+00
5.83000e+02 5.87464e-11 0.00000e+00
5.84000e+02 -4.24482e-11 0.00000e+00
5.85000e+02 1.02715e-10 0.00000e+00
5.86000e+02 1.02285e-10 0.00000e+00
5.87000e+02 5.94176e-11 0.00000e+00
5.88000e+02 1.61964e-10 0.00000e+00
5.89000e+02 1.07237e-10 0.00000e+00
5.90000e+02 1.75308e-10 0.00000e+00
5.91000e+02 2.88061e-11 0.00000e+00
5.92000e+02 1.00987e-10 0.00000e+00
5.93000e+02 3.95822e-11 0.00000e+00
5.94000e+02 6.63552e-11 0.00000e+00
5.95000e+02 1.03459e-10 0.00000e+00
5.96000e+02 1.12970e-10 0.00000e+00
5.97000e+02 -1.44938e-11 0.00000e+00
5.98000e+02 3.43548e-11 0.00000e+00
5.99000e+02 -2.54680e-11 0.00000e+00
6.00000e+02 7.82857e-11 0.00000e+00
6.01000e+02 5.07199e-14 0.00000e+00
6.02000e+02 2.54066e-11 0.00000e+00
6.03000e+02 1.53131e-10 0.00000e+00
6.04000e+02 -1.16204e-12 0.00000e+00
6.05000e+02 1.07451e-10 0.00000e+00
6.06000e+02 1.40302e-10 0.00000e+00
6.07000e+02 3.84133e-11 0.00000e+00
6.08000e+02 7.15337e-11 0.00000e+00
6.09000e+02 5.62068e-11 0.00000e+00
6.10000e+02 1.60123e-11 0.00000e+00
6.11000e+02 4.39487e-11 0.00000e+00
6.12000e+02 7.17856e-11 0.00000e+00
6.13000e+02 8.78005e-11 0.00000e+00
6.14000e+02 2.44738e-11 0.00000e+00
6.15000e+02 5.76280e-11 0.00000e+00
6.16000e+02 1.15783e-11 0.00000e+00
6.17000e+02 1.10300e-10 0.00000e+00
6.18000e+02 1.31634e-10 0.00000e+00
6.19000e+02 5.42027e-11 0.00000e+00
6.20000e+02 3.83839e-12 0.00000e+00
6.21000e+02 1.64917e-11 0.00000e+00
6.22000e+02 9.31455e-11 0.00000e+00
6.23000e+02 6.08100e-11 0.00000e+00
6.24000e+02 8.47119e-11 0.00000e+00
6.25000e+02 1.20287e-10 0.00000e+00
6.26000e+02 1.01765e-10 0.00000e+00
6.27000e+02 1.05746e-10 0.00000e+00
6.28000e+02 4.04926e-11 0.00000e+00
6.29000e+02 9.97746e-11 0.00000e+00
6.30000e+02 -7.19928e-12 0.00000e+00
6.31000e+02 5.63734e-11 0.00000e+00
6.32000e+02 9.29339e-11 0.00000e+00
6.33000e+02 -5.28534e-12 0.00000e+00
6.34000e+02 6.30170e-11 0.00000e+00
6.35000e+02 1.23986e-10 0.00000e+00
6.36000e+02 1.06252e-11 0.00000e+00
6.37000e+02 1.26098e-10 0.00000e+00
6.38000e+02 9.95758e-11 0.00000e+00
6.39000e+02 5.03957e-12 0.00000e+00
6.40000e+02 1.67211e-11 0.00000e+00
6.41000e+02 5.91554e-11 0.00000e+00
6.42000e+02 7.90128e-12 0.00000e+00
6.43000e+02 4.63074e-11 0.00000e+00
6.44000e+02 1.14044e-10 0.00000e+00
6.45000e+02 3.03018e-11 0.00000e+00
6.46000e+02 4.70477e-11 0.00000e+00
6.47000e+02 3.82382e-11 0.00000e+00
6.48000e+02 7.86870e-11 0.00000e+00
6.49000e+02 1.39448e-10 0.00000e+00
6.50000e+02 4.83413e-11 0.00000e+00
6.51000e+02 6.07145e-11 0.00000e+00
6.52000e+02 8.45606e-11 0.00000e+00
6.53000e+02 1.01025e-10 0.00000e+00
6.54000e+02 9.08263e-11 0.00000e+00
6.55000e+02 1.00834e-10 0.00000e+00
6.56000e+02 5.83426e-11 0.00000e+00
6.57000e+02 3.35428e-11 0.00000e+00
6.58000e+02 2.70558e-11 0.00000e+00
6.59000e+02 5.05068e-11 0.00000e+00
6.60000e+02 3.08791e-11 0.00000e+00
6.61000e+02 8.69091e-11 0.00000e+00
6.62000e+02 1.06339e-10 0.00000e+00
6.63000e+02 8.64589e-11 0.00000e+00
6.64000e+02 1.59579e-11 0.00000e+00
6.65000e+02 9.00527e-11 0.00000e+00
6.66000e+02 7.23078e-11 0.00000e+00
6.67000e+02 4.11402e-11 0.00000e+00
6.68000e+02 7.51982e-11 0.00000e+00
6.69000e+02 2.01643e-13 0.00000e+00
6.70000e+02 5.60499e-12 0.00000e+00
6.71000e+02 4.36179e-11 0.00000e+00
6.72000e+02 2.00238e-11 0.00000e+00
6.73000e+02 4.14367e-11 0.00000e+00
6.74000e+02 3.98538e-11 0.00000e+00
6.75000e+02 2.96736e-11 0.00000e+00
6.76000e+02 6.21158e-11 0.00000e+00
6.77000e+02 6.78137e-11 0.00000e+00
6.78000e+02 2.86329e-11 0.00000e+00
6.79000e+02 6.90629e-11 0.00000e+00
6.80000e+02 1.02969e-10 0.00000e+00
6.81000e+02 7.02120e-11 0.00000e+00
6.82000e+02 8.13786e-11 0.00000e+00
6.83000e+02 9.17421e-11 0.00000e+00
6.84000e+02 6.61190e-11 0.00000e+00
6.85000e+02 1.13465e-10 0.00000e+00
6.86000e+02 2.63931e-11 0.00000e+00
6.87000e+02 4.46197e-11 0.00000e+00
6.88000e+02 9.78986e-11 0.00000e+00
6.89000e+02 7.34121e-11 0.00000e+00
6.90000e+02 -1.15453e-11 0.00000e+00
6.91000e+02 3.58867e-11 0.00000e+00
6.92000e+02 1.20667e-10 0.00000e+00
6.93000e+02 1.33380e-11 0.00000e+00
6.94000e+02 8.21198e-11 0.00000e+00
6.95000e+02 2.14432e-11 0.00000e+00
6.96000e+02 6.64565e-11 0.00000e+00
6.97000e+02 4.65515e-11 0.00000e+00
6.98000e+02 5.36068e-11 0.00000e+00
6.99000e+02 1.37257e-11 0.00000e+00
7.00000e+02 3.29053e-11 0.00000e+00
7.01000e+02 3.39229e-11 0.00000e+00
7.02000e+02 8.28975e-11 0.00000e+00
7.03000e+02 8.08309e-11 0.00000e+00
7.04000e+02 -9.77565e-12 0.00000e+00
7.05000e+02 4.91539e-11 0.00000e+00
7.06000e+02 8.32508e-11 0.00000e+00
7.07000e+02 4.86112e-11 0.00000e+00
7.08000e+02 4.71798e-11 0.00000e+00
7.09000e+02 2.09827e-11 0.00000e+00
7.10000e+02 -2.58570e-11 0.00000e+00
7.11000e+02 4.76547e-11 0.00000e+00
7.12000e+02 1.20094e-11 0.00000e+00
7.13000e+02 2.82953e-11 0.00000e+00
7.14000e+02 5.63974e-11 0.00000e+00
7.15000e+02 5.55227e-11 0.00000e+00
7.16000e+02 4.97416e-12 0.00000e+00
7.17000e+02 8.46386e-11 0.00000e+00
7.18000e+02 6.71953e-11 0.00000e+00
7.19000e+02 -9.27155e-12 0.00000e+00
7.20000e+02 5.79436e-11 0.00000e+00
7.21000e+02 6.31887e-11 0.00000e+00
7.22000e+02 7.98789e-11 0.00000e+00
7.23000e+02 2.86320e-11 0.00000e+00
7.24000e+02 1.04786e-11 0.00000e+00
7.25000e+02 5.87286e-11 0.00000e+00
7.26000e+02 6.57836e-11 0.00000e+00
7.27000e+02 3.15051e-11 0.00000e+00
7.28000e+02 2.79982e-11 0.00000e+00
7.29000e+02 2.58905e-11 0.00000e+00
7.30000e+02 6.40571e-11 0.00000e+00
7.31000e+02 5.82171e-11 0.00000e+00
7.32000e+02 1.81763e-11 0.00000e+00
7.33000e+02 3.63208e-11 0.00000e+00
7.34000e+02 3.56543e-11 0.00000e+00
7.35000e+02 9.33124e-11 0.00000e+00
7.36000e+02 5.18797e-11 0.00000e+00
7.37000e+02 6.31690e-11 0.00000e+00
7.38000e+02 5.03293e-11 0.00000e+00
7.39000e+02 1.48763e-12 0.00000e+00
7.40000e+02 3.06264e-11 0.00000e+00
7.41000e+02 4.00519e-11 0.00000e+00
7.42000e+02 5.94970e-11 0.00000e+00
7.43000e+02 8.87054e-11 0.00000e+00
7.44000e+02 7.43361e-12 0.00000e+00
7.45000e+02 3.47842e-11 0.00000e+00
7.46000e+02 6.12352e-11 0.00000e+00
7.47000e+02 2.64283e-11 0.00000e+00
7.48000e+02 1.64417e-11 0.00000e+00
7.49000e+02 4.95011e-11 0.00000e+00
7.50000e+02 3.26188e-11 0.00000e+00
7.51000e+02 4.20302e-11 0.00000e+00
7.52000e+02 -2.54228e-11 0.00000e+00
7.53000e+02 1.67466e-11 0.00000e+00
7.54000e+02 9.97458e-11 0.00000e+00
7.55000e+02 1.61657e-11 0.00000e+00
7.56000e+02 5.82549e-11 0.00000e+00
7.57000e+02 5.16611e-11 0.00000e+00
7.58000e+02 1.40651e-11 0.00000e+00
7.59000e+02 -1.47529e-11 0.00000e+00
7.60000e+02 3.05625e-11 0.00000e+00
7.61000e+02 1.57892e-11 0.00000e+00
7.62000e+02 8.24196e-11 0.00000e+00
7.63000e+02 8.97223e-11 0.00000e+00
7.64000e+02 4.00450e-11 0.00000e+00
7.65000e+02 3.83493e-11 0.00000e+00
7.66000e+02 4.01177e-11 0.00000e+00
7.67000e+02 6.08014e-11 0.00000e+00
7.68000e+02 2.45482e-11 0.00000e+00
7.69000e+02 1.72812e-11 0.00000e+00
7.70000e+02 9.87759e-12 0.00000e+00
7.71000e+02 3.50439e-11 0.00000e+00
7.72000e+02 3.73642e-11 0.00000e+00
7.73000e+02 2.68067e-11 0.00000e+00
7.74000e+02 2.05454e-11 0.00000e+00
7.75000e+02 7.63165e-11 0.00000e+00
7.76000e+02 1.92925e-11 0.00000e+00
7.77000e+02 -7.22826e-12 0.00000e+00
7.78000e+02 6.11891e-11 0.00000e+00
7.79000e+02 1.83456e-11 0.00000e+00
7.80000e+02 4.68729e-11 0.00000e+00
7.81000e+02 -6.23375e-13 0.00000e+00
7.82000e+02 -1.02024e-11 0.00000e+00
7.83000e+02 1.00293e-10 0.00000e+00
7.84000e+02 4.39451e-11 0.00000e+00
7.85000e+02 1.07202e-10 0.00000e+00
7.86000e+02 5.51141e-11 0.00000e+00
7.87000e+02 2.74959e-11 0.00000e+00
7.88000e+02 6.06364e-11 0.00000e+00
7.89000e+02 6.39047e-11 0.00000e+00
7.90000e+02 4.57636e-11 0.00000e+00
7.91000e+02 5.04841e-11 0.00000e+00
7.92000e+02 1.92089e-11 0.00000e+00
7.93000e+02 6.08953e-11 0.00000e+00
7.94000e+02 5.61632e-11 0.00000e+00
7.95000e+02 3.93109e-11 0.00000e+00
7.96000e+02 3.56811e-11 0.00000e+00
7.97000e+02 2.78089e-11 0.00000e+00
7.98000e+02 5.65250e-11 0.00000e+00
7.99000e+02 2.17694e-11 0.00000e+00
8.00000e+02 2.56864e-11 0.00000e+00
8.01000e+02 6.49520e-11 0.00000e+00
8.02000e+02 4.25285e-11 0.00000e+00
8.03000e+02 6.58241e-11 0.00000e+00
8.04000e+02 3.55941e-11 0.00000e+00
8.05000e+02 6.63224e-11 0.00000e+00
8.06000e+02 -2.51040e-12 0.00000e+00
8.07000e+02 4.51908e-11 0.00000e+00
8.08000e+02 2.60748e-11 0.00000e+00
8.09000e+02 7.35901e-11 0.00000e+00
8.10000e+02 3.03774e-11 0.00000e+00
8.11000e+02 2.74918e-11 0.00000e+00
8.12000e+02 1.74493e-11 0.00000e+00
8.13000e+02 1.24846e-11 0.00000e+00
8.14000e+02 6.45409e-11 0.00000e+00
8.15000e+02 8.57390e-11 0.00000e+00
8.16000e+02 6.62009e-11 0.00000e+00
8.17000e+02 5.29064e-12 0.00000e+00
8.18000e+02 3.82197e-11 0.00000e+00
8.19000e+02 8.09906e-11 0.00000e+00
8.20000e+02 6.99775e-11 0.00000e+00
8.21000e+02 1.59753e-11 0.00000e+00
8.22000e+02 6.42982e-11 0.00000e+00
8.23000e+02 5.76677e-11 0.00000e+00
8.24000e+02 4.24286e-11 0.00000e+00
8.25000e+02 5.15437e-11 0.00000e+00
8.26000e+02 6.49195e-11 0.00000e+00
8.27000e+02 3.06924e-11 0.00000e+00
8.28000e+02 3.09587e-11 0.00000e+00
8.29000e+02 1.23691e-11 0.00000e+00
8.30000e+02 6.47596e-11 0.00000e+00
8.31000e+02 3.86518e-11 0.00000e+00
8.32000e+02 4.48046e-11 0.00000e+00
8.33000e+02 8.75770e-11 0.00000e+00
8.34000e+02 5.70056e-11 0.00000e+00
8.35000e+02 5.37120e-11 0.00000e+00
8.36000e+02 5.97178e-11 0.00000e+00
8.37000e+02 3.31658e-11 0.00000e+00
8.38000e+02 8.18421e-11 0.00000e+00
8.39000e+02 7.29235e-11 0.00000e+00
8.40000e+02 2.64534e-11 0.00000e+00
8.41000e+02 4.05476e-11 0.00000e+00
8.42000e+02 4.45777e-11 0.00000e+00
8.43000e+02 1.18515e-11 0.00000e+00
8.44000e+02 1.29024e-11 0.00000e+00
8.45000e+02 4.95488e-11 0.00000e+00
8.46000e+02 5.40018e-11 0.00000e+00
8.47000e+02 5.08149e-11 0.00000e+00
8.48000e+02 4.89915e-11 0.00000e+00
8.49000e+02 6.37198e-11 0.00000e+00
8.50000e+02 1.64830e-11 0.00000e+00
8.51000e+02 6.81171e-11 0.00000e+00
8.52000e+02 4.39033e-11 0.00000e+00
8.53000e+02 1.90857e-11 0.00000e+00
8.54000e+02 2.36193e-11 0.00000e+00
8.55000e+02 6.16941e-11 0.00000e+00
8.56000e+02 8.15591e-11 0.00000e+00
8.57000e+02 7.07729e-11 0.00000e+00
8.58000e+02 3.09130e-11 0.00000e+00
8.59000e+02 9.13921e-11 0.00000e+00
8.60000e+02 4.19602e-11 0.00000e+00
8.61000e+02 6.20553e-11 0.00000e+00
8.62000e+02 7.77924e-11 0.00000e+00
8.63000e+02 3.84933e-11 0.00000e+00
8.64000e+02 1.93689e-11 0.00000e+00
8.65000e+02 8.47962e-11 0.00000e+00
8.66000e+02 2.69715e-11 0.00000e+00
8.67000e+02 4.53056e-11 0.00000e+00
8.68000e+02 2.62615e-11 0.00000e+00
8.69000e+02 5.38490e-11 0.00000e+00
8.70000e+02 6.82678e-12 0.00000e+00
8.71000e+02 3.80247e-11 0.00000e+00
8.72000e+02 5.13156e-11 0.00000e+00
8.73000e+02 4.31313e-11 0.00000e+00
8.74000e+02 6.24572e-11 0.00000e+00
8.75000e+02 3.46209e-11 0.00000e+00
8.76000e+02 4.87965e-11 0.00000e+00
8.77000e+02 5.63220e-11 0.00000e+00
8.78000e+02 9.09024e-11 0.00000e+00
8.79000e+02 1.96021e-11 0.00000e+00
8.80000e+02 4.25558e-11 0.00000e+00
8.81000e+02 4.92814e-11 0.00000e+00
8.82000e+02 2.88743e-11 0.00000e+00
8.83000e+02 3.35032e-11 0.00000e+00
8.84000e+02 8.43421e-11 0.00000e+00
8.85000e+02 5.50042e-11 0.00000e+00
8.86000e+02 1.85531e-11 0.00000e+00
8.87000e+02 6.25285e-11 0.00000e+00
8.88000e+02 4.30267e-11 0.00000e+00
8.89000e+02 4.36473e-11 0.00000e+00
8.90000e+02 2.76581e-11 0.00000e+00
8.91000e+02 5.53393e-11 0.00000e+00
8.92000e+02 4.04675e-11 0.00000e+00
8.93000e+02 8.91706e-12 0.00000e+00
8.94000e+02 2.74646e-11 0.00000e+00
8.95000e+02 5.51114e-11 0.00000e+00
8.96000e+02 3.04509e-11 0.00000e+00
8.97000e+02 3.93060e-11 0.00000e+00
8.98000e+02 5.93781e-11 0.00000e+00
8.99000e+02 4.00334e-11 0.00000e+00
9.00000e+02 1.54408e-11 0.00000e+00
9.01000e+02 7.76700e-11 0.00000e+00
9.02000e+02 4.20901e-11 0.00000e+00
9.03000e+02 3.25166e-11 0.00000e+00
9.04000e+02 1.76887e-11 0.00000e+00
9.05000e+02 2.76384e-11 0.00000e+00
9.06000e+02 4.23786e-11 0.00000e+00
9.07000e+02 7.25965e-11 0.00000e+00
9.08000e+02 6.93369e-11 0.00000e+00
9.09000e+02 5.72138e-11 0.00000e+00
9.10000e+02 5.65075e-11 0.00000e+00
9.11000e+02 3.45117e-11 0.00000e+00
9.12000e+02 4.23344e-11 0.00000e+00
9.13000e+02 4.82109e-11 0.00000e+00
9.14000e+02 4.14973e-11 0.00000e+00
9.15000e+02 4.99429e-12 0.00000e+00
9.16000e+02 6.66134e-11 0.00000e+00
9.17000e+02 7.31430e-11 0.00000e+00
9.18000e+02 1.92975e-11 0.00000e+00
9.19000e+02 5.63758e-11 0.00000e+00
9.20000e+02 5.28331e-11 0.00000e+00
9.21000e+02 1.46826e-11 0.00000e+00
9.22000e+02 6.23207e-11 0.00000e+00
9.23000e+02 6.46370e-11 0.00000e+00
9.24000e+02 4.77468e-11 0.00000e+00
9.25000e+02 2.27272e-11 0.00000e+00
9.26000e+02 6.49631e-11 0.00000e+00
9.27000e+02 2.48798e-11 0.00000e+00
9.28000e+02 3.43294e-11 0.00000e+00
9.29000e+02 5.08074e-11 0.00000e+00
9.30000e+02 4.33642e-11 0.00000e+00
9.31000e+02 3.80838e-11 0.00000e+00
9.32000e+02 2.50409e-11 0.00000e+00
9.33000e+02 5.33584e-11 0.00000e+00
9.34000e+02 4.15199e-11 0.00000e+00
9.35000e+02 5.04283e-11 0.00000e+00
9.36000e+02 3.69740e-11 0.00000e+00
9.37000e+02 7.31411e-11 0.00000e+00
9.38000e+02 4.80678e-11 0.00000e+00
9.39000e+02 7.14196e-11 0.00000e+00
9.40000e+02 6.27977e-11 0.00000e+00
9.41000e+02 3.19766e-11 0.00000e+00
9.42000e+02 6.15850e-11 0.00000e+00
9.43000e+02 1.40750e-11 0.00000e+00
9.44000e+02 5.96295e-11 0.00000e+00
9.45000e+02 6.74245e-11 0.00000e+00
9.46000e+02 3.89111e-11 0.00000e+00
9.47000e+02 8.03630e-11 0.00000e+00
9.48000e+02 1.45117e-11 0.00000e+00
9.49000e+02 2.99852e-11 0.00000e+00
9.50000e+02 3.86512e-11 0.00000e+00
9.51000e+02 3.20231e-11 0.00000e+00
9.52000e+02 -6.03095e-12 0.00000e+00
9.53000e+02 4.29891e-11 0.00000e+00
9.54000e+02 4.63722e-11 0.00000e+00
9.55000e+02 4.42147e-11 0.00000e+00
9.56000e+02 7.32455e-11 0.00000e+00
9.57000e+02 -2.53759e-12 0.00000e+00
9.58000e+02 3.32899e-12 0.00000e+00
9.59000e+02 5.80814e-11 0.00000e+00
9.60000e+02 4.74740e-11 0.00000e+00
9.61000e+02 6.98899e-11 0.00000e+00
9.62000e+02 6.23860e-11 0.00000e+00
9.63000e+02 5.60530e-11 0.00000e+00
9.64000e+02 2.05885e-11 0.00000e+00
9.65000e+02 3.94165e-11 0.00000e+00
9.66000e+02 4.04782e-11 0.00000e+00
9.67000e+02 6.43077e-11 0.00000e+00
9.68000e+02 3.67092e-11 0.00000e+00
9.69000e+02 2.34091e-12 0.00000e+00
9.70000e+02 3.57209e-11 0.00000e+00
9.71000e+02 4.59568e-11 0.00000e+00
9.72000e+02 1.35039e-11 0.00000e+00
9.73000e+02 3.77035e-11 0.00000e+00
9.74000e+02 1.90302e-11 0.00000e+00
9.75000e+02 4.60038e-11 0.00000e+00
9.76000e+02 1.03142e-11 0.00000e+00
9.77000e+02 2.86639e-11 0.00000e+00
9.78000e+02 4.87357e-11 0.00000e+00
9.79000e+02 2.45582e-11 0.00000e+00
9.80000e+02 3.87188e-11 0.00000e+00
9.81000e+02 2.71143e-11 0.00000e+00
9.82000e+02 4.48350e-12 0.00000e+00
9.83000e+02 2.25675e-11 0.00000e+00
9.84000e+02 1.67153e-11 0.00000e+00
9.85000e+02 4.97219e-11 0.00000e+00
9.86000e+02 3.91483e-11 0.00000e+00
9.87000e+02 2.54111e-11 0.00000e+00
9.88000e+02 3.37162e-11 0.00000e+00
9.89000e+02 7.72552e-12 0.00000e+00
9.90000e+02 3.18160e-11 0.00000e+00
9.91000e+02 3.67683e-11 0.00000e+00
9.92000e+02 3.64842e-11 0.00000e+00
9.93000e+02 4.93578e-11 0.00000e+00
9.94000e+02 4.68223e-11 0.00000e+00
9.95000e+02 4.66857e-11 0.00000e+00
9.96000e+02 4.61722e-11 0.00000e+00
9.97000e+02 4.02813e-11 0.00000e+00
9.98000e+02 4.20600e-11 0.00000e+00
9.99000e+02 3.44745e-11 0.00000e+00
1.00000e+03 6.07198e-11 0.00000e+00
1.00100e+03 2.47833e-11 0.00000e+00
1.00200e+03 4.81878e-11 0.00000e+00
1.00300e+03 4.28918e-11 0.00000e+00
1.00400e+03 3.28382e-11 0.00000e+00
1.00500e+03 5.11500e-11 0.00000e+00
1.00600e+03 1.65042e-11 0.00000e+00
1.00700e+03 2.56048e-11 0.00000e+00
1.00800e+03 7.27120e-12 0.00000e+00
1.00900e+03 4.18411e-11 0.00000e+00
1.01000e+03 6.54147e-11 0.00000e+00
1.01100e+03 2.49033e-11 0.00000e+00
1.01200e+03 6.03341e-11 0.00000e+00
1.01300e+03 4.54181e-11 0.00000e+00
1.01400e+03 5.69437e-11 0.00000e+00
1.01500e+03 5.24295e-11 0.00000e+00
1.01600e+03 1.16213e-11 0.00000e+00
1.01700e+03 3.78183e-11 0.00000e+00
1.01800e+03 5.06446e-11 0.00000e+00
1.01900e+03 4.65354e-11 0.00000e+00
1.02000e+03 5.00942e-11 0.00000e+00
1.02100e+03 7.73486e-11 0.00000e+00
1.02200e+03 3.54824e-11 0.00000e+00
1.02300e+03 3.36224e-11 0.00000e+00
1.02400e+03 1.89321e-12 0.00000e+00
1.02500e+03 4.06051e-11 0.00000e+00
1.02600e+03 4.29903e-11 0.00000e+00
1.02700e+03 3.56550e-11 0.00000e+00
1.02800e+03 4.52379e-11 0.00000e+00
1.02900e+03 4.42088e-11 0.00000e+00
1.03000e+03 2.35956e-11 0.00000e+00
1.03100e+03 4.41553e-11 0.00000e+00
1.03200e+03 4.00532e-11 0.00000e+00
1.03300e+03 2.48840e-11 0.00000e+00
1.03400e+03 3.63352e-11 0.00000e+00
1.03500e+03 1.46948e-11 0.00000e+00
1.03600e+03 4.36864e-11 0.00000e+00
1.03700e+03 3.89559e-11 0.00000e+00
1.03800e+03 1.98428e-11 0.00000e+00
1.03900e+03 3.75409e-11 0.00000e+00
1.04000e+03 5.06814e-11 0.00000e+00
1.04100e+03 2.98109e-11 0.00000e+00
1.04200e+03 2.25824e-11 0.00000e+00
1.04300e+03 4.19068e-11 0.00000e+00
1.04400e+03 4.54880e-11 0.00000e+00
1.04500e+03 2.20640e-11 0.00000e+00
1.04600e+03 5.69661e-11 0.00000e+00
1.04700e+03 3.90450e-11 0.00000e+00
1.04800e+03 6.03712e-11 0.00000e+00
1.04900e+03 6.16046e-11 0.00000e+00
1.05000e+03 4.04678e-11 0.00000e+00
1.05100e+03 3.98422e-11 0.00000e+00
1.05200e+03 4.18335e-11 0.00000e+00
1.05300e+03 4.45094e-11 0.00000e+00
1.05400e+03 3.35355e-11 0.00000e+00
1.05500e+03 4.71448e-11 0.00000e+00
1.05600e+03 4.99784e-11 0.00000e+00
1.05700e+03 2.73676e-11 0.00000e+00
1.05800e+03 4.91026e-11 0.00000e+00
1.05900e+03 1.13619e-11 0.00000e+00
1.06000e+03 4.28866e-11 0.00000e+00
1.06100e+03 4.42674e-11 0.00000e+00
1.06200e+03 2.36479e-11 0.00000e+00
1.06300e+03 2.43318e-11 0.00000e+00
1.06400e+03 2.72702e-11 0.00000e+00
1.06500e+03 3.78898e-11 0.00000e+00
1.06600e+03 5.66633e-11 0.00000e+00
1.06700e+03 4.56429e-11 0.00000e+00
1.06800e+03 3.14627e-11 0.00000e+00
1.06900e+03 2.68432e-11 0.00000e+00
1.07000e+03 3.49113e-11 0.00000e+00
1.07100e+03 1.41820e-11 0.00000e+00
1.07200e+03 3.23465e-11 0.00000e+00
1.07300e+03 3.66658e-11 0.00000e+00
1.07400e+03 3.40102e-11 0.00000e+00
1.07500e+03 3.96736e-11 0.00000e+00
1.07600e+03 4.52856e-11 0.00000e+00
1.07700e+03 4.68627e-11 0.00000e+00
1.07800e+03 1.15890e-11 0.00000e+00
1.07900e+03 3.17275e-11 0.00000e+00
1.08000e+03 4.39868e-11 0.00000e+00
1.08100e+03 5.44205e-11 0.00000e+00
1.08200e+03 2.05447e-11 0.00000e+00
1.08300e+03 2.67354e-11 0.00000e+00
1.08400e+03 4.68724e-11 0.00000e+00
1.08500e+03 6.11564e-11 0.00000e+00
1.08600e+03 3.94970e-11 0.00000e+00
1.08700e+03 5.06661e-11 0.00000e+00
1.08800e+03 4.89392e-11 0.00000e+00
1.08900e+03 2.50772e-11 0.00000e+00
1.09000e+03 3.58470e-11 0.00000e+00
1.09100e+03 3.61240e-11 0.00000e+00
1.09200e+03 2.99273e-11 0.00000e+00
1.09300e+03 4.40624e-11 0.00000e+00
1.09400e+03 3.36015e-11 0.00000e+00
1.09500e+03 3.59577e-11 0.00000e+00
1.09600e+03 2.29659e-11 0.00000e+00
1.09700e+03 4.40457e-11 0.00000e+00
1.09800e+03 5.34627e-11 0.00000e+00
1.09900e+03 1.04211e-11 0.00000e+00
1.10000e+03 6.08421e-11 0.00000e+00
1.10100e+03 4.53421e-11 0.00000e+00
1.10200e+03 3.65979e-11 0.00000e+00
1.10300e+03 4.77114e-11 0.00000e+00
1.10400e+03 4.32319e-11 0.00000e+00
1.10500e+03 1.34516e-11 0.00000e+00
1.10600e+03 3.94668e-11 0.00000e+00
1.10700e+03 4.05253e-11 0.00000e+00
1.10800e+03 5.52825e-11 0.00000e+00
1.10900e+03 5.70983e-11 0.00000e+00
1.11000e+03 5.08712e-11 0.00000e+00
1.11100e+03 2.37529e-11 0.00000e+00
1.11200e+03 6.33369e-11 0.00000e+00
1.11300e+03 1.18809e-11 0.00000e+00
1.11400e+03 4.54719e-11 0.00000e+00
1.11500e+03 3.72539e-11 0.00000e+00
1.11600e+03 2.29142e-11 0.00000e+00
1.11700e+03 6.06613e-11 0.00000e+00
1.11800e+03 3.94886e-11 0.00000e+00
1.11900e+03 4.03359e-11 0.00000e+00
1.12000e+03 3.71622e-11 0.00000e+00
1.12100e+03 2.23597e-11 0.00000e+00
1.12200e+03 3.92570e-11 0.00000e+00
1.12300e+03 8.15918e-12 0.00000e+00
1.12400e+03 3.35753e-11 0.00000e+00
1.12500e+03 4.31528e-11 0.00000e+00
1.12600e+03 2.55840e-11 0.00000e+00
1.12700e+03 2.16199e-11 0.00000e+00
1.12800e+03 3.10607e-11 0.00000e+00
1.12900e+03 5.03214e-11 0.00000e+00
1.13000e+03 2.82857e-11 0.00000e+00
1.13100e+03 2.38760e-11 0.00000e+00
1.13200e+03 5.99829e-12 0.00000e+00
1.13300e+03 4.69849e-11 0.00000e+00
1.13400e+03 3.64559e-11 0.00000e+00
1.13500e+03 3.46872e-11 0.00000e+00
1.13600e+03 4.32271e-11 0.00000e+00
1.13700e+03 5.34781e-11 0.00000e+00
1.13800e+03 2.89748e-11 0.00000e+00
1.13900e+03 3.69767e-11 0.00000e+00
1.14000e+03 3.50655e-11 0.00000e+00
1.14100e+03 4.86406e-11 0.00000e+00
1.14200e+03 3.04082e-11 0.00000e+00
1.14300e+03 4.51197e-11 0.00000e+00
1.14400e+03 3.38513e-11 0.00000e+00
1.14500e+03 4.21615e-11 0.00000e+00
1.14600e+03 5.60213e-11 0.00000e+00
1.14700e+03 2.05273e-11 0.00000e+00
1.14800e+03 2.98031e-11 0.00000e+00
1.14900e+03 2.29770e-11 0.00000e+00
1.15000e+03 2.23214e-11 0.00000e+00
1.15100e+03 1.23559e-11 0.00000e+00
1.15200e+03 4.50250e-11 0.00000e+00
1.15300e+03 1.07997e-11 0.00000e+00
1.15400e+03 3.07612e-11 0.00000e+00
1.15500e+03 3.40884e-11 0.00000e+00
1.15600e+03 3.07059e-11 0.00000e+00
1.15700e+03 2.81651e-11 0.00000e+00
1.15800e+03 6.03817e-11 0.00000e+00
1.15900e+03 2.43575e-11 0.00000e+00
1.16000e+03 1.35530e-11 0.00000e+00
1.16100e+03 4.47705e-11 0.00000e+00
1.16200e+03 1.94025e-11 0.00000e+00
1.16300e+03 2.89481e-11 0.00000e+00
1.16400e+03 2.09418e-11 0.00000e+00
1.16500e+03 5.60460e-11 0.00000e+00
1.16600e+03 2.50408e-11 0.00000e+00
1.16700e+03 2.19081e-11 0.00000e+00
1.16800e+03 2.68474e-11 0.00000e+00
1.16900e+03 1.14020e-11 0.00000e+00
1.17000e+03 2.66252e-11 0.00000e+00
1.17100e+03 3.13125e-11 0.00000e+00
1.17200e+03 4.07370e-11 0.00000e+00
1.17300e+03 3.59637e-11 0.00000e+00
1.17400e+03 3.74226e-11 0.00000e+00
1.17500e+03 3.62979e-11 0.00000e+00
1.17600e+03 2.19368e-11 0.00000e+00
1.17700e+03 4.41858e-11 0.00000e+00
1.17800e+03 3.88840e-11 0.00000e+00
1.17900e+03 2.68810e-11 0.00000e+00
1.18000e+03 1.17815e-11 0.00000e+00
1.18100e+03 3.99547e-11 0.00000e+00
1.18200e+03 1.04835e-11 0.00000e+00
1.18300e+03 3.46804e-11 0.00000e+00
1.18400e+03 3.91139e-11 0.00000e+00
1.18500e+03 3.76420e-11 0.00000e+00
1.18600e+03 3.76258e-11 0.00000e+00
1.18700e+03 3.65404e-11 0.00000e+00
1.18800e+03 2.70487e-11 0.00000e+00
1.18900e+03 2.69121e-11 0.00000e+00
1.19000e+03 3.58459e-11 0.00000e+00
1.19100e+03 2.44281e-11 0.00000e+00
1.19200e+03 5.31999e-11 0.00000e+00
1.19300e+03 3.51125e-11 0.00000e+00
1.19400e+03 3.30823e-11 0.00000e+00
1.19500e+03 7.07993e-12 0.00000e+00
1.19600e+03 2.64409e-11 0.00000e+00
1.19700e+03 4.29102e-11 0.00000e+00
1.19800e+03 4.38146e-11 0.00000e+00
1.19900e+03 5.23837e-11 0.00000e+00
1.20000e+03 1.92950e-11 0.00000e+00
1.20100e+03 2.08056e-11 0.00000e+00
1.20200e+03 5.14354e-12 0.00000e+00
1.20300e+03 3.78527e-11 0.00000e+00
1.20400e+03 5.57670e-11 0.00000e+00
1.20500e+03 4.00766e-11 0.00000e+00
1.20600e+03 3.94156e-11 0.00000e+00
1.20700e+03 3.61419e-11 0.00000e+00
1.20800e+03 1.62557e-11 0.00000e+00
1.20900e+03 6.05907e-11 0.00000e+00
1.21000e+03 1.48786e-11 0.00000e+00
1.21100e+03 3.22503e-11 0.00000e+00
1.21200e+03 4.46072e-11 0.00000e+00
1.21300e+03 4.32282e-11 0.00000e+00
1.21400e+03 4.52008e-11 0.00000e+00
1.21500e+03 2.93830e-11 0.00000e+00
1.21600e+03 1.59423e-11 0.00000e+00
1.21700e+03 2.83749e-11 0.00000e+00
1.21800e+03 1.78931e-11 0.00000e+00
1.21900e+03 4.41985e-11 0.00000e+00
1.22000e+03 2.16027e-11 0.00000e+00
1.22100e+03 2.64894e-11 0.00000e+00
1.22200e+03 1.88854e-11 0.00000e+00
1.22300e+03 3.12034e-11 0.00000e+00
1.22400e+03 2.91045e-11 0.00000e+00
1.22500e+03 4.81084e-11 0.00000e+00
1.22600e+03 1.37644e-11 0.00000e+00
1.22700e+03 2.85334e-11 0.00000e+00
1.22800e+03 2.75936e-11 0.00000e+00
1.22900e+03 8.91491e-12 0.00000e+00
1.23000e+03 3.76612e-11 0.00000e+00
1.23100e+03 3.82179e-11 0.00000e+00
1.23200e+03 1.56507e-11 0.00000e+00
1.23300e+03 3.01597e-11 0.00000e+00
1.23400e+03 5.05882e-11 0.00000e+00
1.23500e+03 4.07621e-11 0.00000e+00
1.23600e+03 4.37979e-11 0.00000e+00
1.23700e+03 7.26803e-12 0.00000e+00
1.23800e+03 4.17328e-11 0.00000e+00
1.23900e+03 4.31365e-11 0.00000e+00
1.24000e+03 3.02434e-11 0.00000e+00
1.24100e+03 3.37801e-11 0.00000e+00
1.24200e+03 1.95968e-11 0.00000e+00
1.24300e+03 2.52380e-11 0.00000e+00
1.24400e+03 4.30150e-11 0.00000e+00
1.24500e+03 2.95120e-11 0.00000e+00
1.24600e+03 1.53153e-11 0.00000e+00
1.24700e+03 3.97757e-11 0.00000e+00
1.24800e+03 3.10293e-11 0.00000e+00
1.24900e+03 2.95532e-11 0.00000e+00
1.25000e+03 3.63307e-11 0.00000e+00
1.25100e+03 3.63616e-11 0.00000e+00
1.25200e+03 3.02851e-11 0.00000e+00
1.25300e+03 3.00733e-11 0.00000e+00
1.25400e+03 1.75806e-11 0.00000e+00
1.25500e+03 3.20832e-11 0.00000e+00
1.25600e+03 4.12234e-11 0.00000e+00
1.25700e+03 5.58216e-12 0.00000e+00
1.25800e+03 2.34194e-11 0.00000e+00
1.25900e+03 2.92859e-12 0.00000e+00
1.26000e+03 5.04834e-11 0.00000e+00
1.26100e+03 2.89133e-11 0.00000e+00
1.26200e+03 2.23914e-11 0.00000e+00
1.26300e+03 2.88671e-11 0.00000e+00
1.26400e+03 2.76585e-11 0.00000e+00
1.26500e+03 1.06001e-11 0.00000e+00
1.26600e+03 2.82811e-11 0.00000e+00
1.26700e+03 3.36572e-11 0.00000e+00
1.26800e+03 2.47149e-11 0.00000e+00
1.26900e+03 2.99197e-11 0.00000e+00
1.27000e+03 2.53085e-11 0.00000e+00
1.27100e+03 2.98254e-11 0.00000e+00
1.27200e+03 2.82540e-11 0.00000e+00
1.27300e+03 5.43424e-11 0.00000e+00
1.27400e+03 2.62371e-11 0.00000e+00
1.27500e+03 4.57321e-12 0.00000e+00
1.27600e+03 3.13311e-11 0.00000e+00
1.27700e+03 4.45796e-11 0.00000e+00
1.27800e+03 4.20112e-11 0.00000e+00
1.27900e+03 3.59239e-11 0.00000e+00
1.28000e+03 3.38870e-11 0.00000e+00
1.28100e+03 2.88413e-11 0.00000e+00
1.28200e+03 4.80671e-12 0.00000e+00
1.28300e+03 3.23039e-11 0.00000e+00
1.28400e+03 2.49053e-11 0.00000e+00
1.28500e+03 3.45888e-11 0.00000e+00
1.28600e+03 5.46978e-11 0.00000e+00
1.28700e+03 2.84851e-11 0.00000e+00
1.28800e+03 2.90595e-11 0.00000e+00
1.28900e+03 3.39900e-11 0.00000e+00
1.29000e+03 4.85045e-11 0.00000e+00
1.29100e+03 3.00614e-11 0.00000e+00
1.29200e+03 4.04889e-11 0.00000e+00
1.29300e+03 2.83523e-11 0.00000e+00
1.29400e+03 3.27323e-11 0.00000e+00
1.29500e+03 4.11235e-11 0.00000e+00
1.29600e+03 3.63410e-11 0.00000e+00
1.29700e+03 3.80040e-11 0.00000e+00
1.29800e+03 1.99116e-11 0.00000e+00
1.29900e+03 3.69842e-11 0.00000e+00
1.30000e+03 2.62464e-11 0.00000e+00
1.30100e+03 2.75260e-11 0.00000e+00
1.30200e+03 2.59444e-11 0.00000e+00
1.30300e+03 2.83670e-11 0.00000e+00
1.30400e+03 2.72370e-11 0.00000e+00
1.30500e+03 4.24934e-11 0.00000e+00
1.30600e+03 2.62830e-11 0.00000e+00
1.30700e+03 9.24450e-12 0.00000e+00
1.30800e+03 1.89512e-11 0.00000e+00
1.30900e+03 2.87644e-11 0.00000e+00
1.31000e+03 1.83732e-11 0.00000e+00
1.31100e+03 2.91192e-11 0.00000e+00
1.31200e+03 2.96683e-11 0.00000e+00
1.31300e+03 2.77638e-11 0.00000e+00
1.31400e+03 1.16682e-11 0.00000e+00
1.31500e+03 4.53166e-11 0.00000e+00
1.31600e+03 4.21878e-11 0.00000e+00
1.31700e+03 1.56299e-11 0.00000e+00
1.31800e+03 3.53217e-11 0.00000e+00
1.31900e+03 1.31655e-11 0.00000e+00
1.32000e+03 1.59448e-11 0.00000e+00
1.32100e+03 2.11384e-11 0.00000e+00
1.32200e+03 2.67007e-11 0.00000e+00
1.32300e+03 2.69037e-11 0.00000e+00
1.32400e+03 2.52506e-11 0.00000e+00
1.32500e+03 2.15322e-11 0.00000e+00
1.32600e+03 1.83799e-11 0.00000e+00
1.32700e+03 2.31445e-11 0.00000e+00
1.32800e+03 3.57851e-11 0.00000e+00
1.32900e+03 4.08630e-11 0.00000e+00
1.33000e+03 3.83764e-11 0.00000e+00
1.33100e+03 3.21537e-11 0.00000e+00
1.33200e+03 2.39756e-11 0.00000e+00
1.33300e+03 2.84547e-11 0.00000e+00
1.33400e+03 3.24174e-11 0.00000e+00
1.33500e+03 1.66595e-11 0.00000e+00
1.33600e+03 2.84445e-11 0.00000e+00
1.33700e+03 2.33196e-11 0.00000e+00
1.33800e+03 2.77078e-11 0.00000e+00
1.33900e+03 2.32704e-11 0.00000e+00
1.34000e+03 2.86678e-11 0.00000e+00
1.34100e+03 3.91964e-11 0.00000e+00
1.34200e+03 3.88159e-11 0.00000e+00
1.34300e+03 4.73197e-11 0.00000e+00
1.34400e+03 3.40958e-11 0.00000e+00
1.34500e+03 3.44265e-11 0.00000e+00
1.34600e+03 2.81744e-11 0.00000e+00
1.34700e+03 3.18785e-11 0.00000e+00
1.34800e+03 3.51174e-11 0.00000e+00
1.34900e+03 1.56769e-11 0.00000e+00
1.35000e+03 1.82419e-11 0.00000e+00
1.35100e+03 2.69353e-11 0.00000e+00
1.35200e+03 3.22517e-11 0.00000e+00
1.35300e+03 2.84525e-11 0.00000e+00
1.35400e+03 1.79744e-11 0.00000e+00
1.35500e+03 2.48819e-11 0.00000e+00
1.35600e+03 2.03913e-11 0.00000e+00
1.35700e+03 4.07499e-11 0.00000e+00
1.35800e+03 3.13722e-11 0.00000e+00
1.35900e+03 4.28366e-11 0.00000e+00
1.36000e+03 3.23534e-11 0.00000e+00
1.36100e+03 2.51062e-11 0.00000e+00
1.36200e+03 2.10076e-11 0.00000e+00
1.36300e+03 2.50813e-11 0.00000e+00
1.36400e+03 3.95382e-11 0.00000e+00
1.36500e+03 3.50185e-11 0.00000e+00
1.36600e+03 3.13196e-11 0.00000e+00
1.36700e+03 1.76578e-11 0.00000e+00
1.36800e+03 1.17478e-11 0.00000e+00
1.36900e+03 3.19704e-11 0.00000e+00
1.37000e+03 2.31796e-11 0.00000e+00
1.37100e+03 2.48421e-11 0.00000e+00
1.37200e+03 1.37983e-11 0.00000e+00
1.37300e+03 1.53999e-11 0.00000e+00
1.37400e+03 2.47255e-11 0.00000e+00
1.37500e+03 3.04996e-11 0.00000e+00
1.37600e+03 2.57923e-11 0.00000e+00
1.37700e+03 2.63822e-11 0.00000e+00
1.37800e+03 3.74015e-11 0.00000e+00
1.37900e+03 4.35219e-11 0.00000e+00
1.38000e+03 2.92507e-11 0.00000e+00
1.38100e+03 2.95922e-11 0.00000e+00
1.38200e+03 3.24071e-11 0.00000e+00
1.38300e+03 7.49936e-12 0.00000e+00
1.38400e+03 3.17617e-11 0.00000e+00
1.38500e+03 2.52021e-11 0.00000e+00
1.38600e+03 4.82405e-12 0.00000e+00
1.38700e+03 2.53962e-11 0.00000e+00
1.38800e+03 4.20083e-11 0.00000e+00
1.38900e+03 3.85933e-11 0.00000e+00
1.39000e+03 4.74793e-11 0.00000e+00
1.39100e+03 1.81731e-11 0.00000e+00
1.39200e+03 1.28306e-11 0.00000e+00
1.39300e+03 2.70613e-11 0.00000e+00
1.39400e+03 3.44576e-11 0.00000e+00
1.39500e+03 2.92699e-11 0.00000e+00
1.39600e+03 2.30403e-11 0.00000e+00
1.39700e+03 1.64970e-11 0.00000e+00
1.39800e+03 4.26658e-11 0.00000e+00
1.39900e+03 2.69467e-11 0.00000e+00
1.40000e+03 2.91155e-11 0.00000e+00
1.40100e+03 3.20767e-11 0.00000e+00
1.40200e+03 2.53064e-11 0.00000e+00
1.40300e+03 2.30504e-11 0.00000e+00
1.40400e+03 2.59130e-11 0.00000e+00
1.40500e+03 3.30819e-11 0.00000e+00
1.40600e+03 2.68806e-11 0.00000e+00
1.40700e+03 3.46698e-11 0.00000e+00
1.40800e+03 3.74268e-11 0.00000e+00
1.40900e+03 3.26371e-11 0.00000e+00
1.41000e+03 2.77427e-11 0.00000e+00
1.41100e+03 2.17198e-11 0.00000e+00
1.41200e+03 4.08269e-11 0.00000e+00
1.41300e+03 2.62717e-11 0.00000e+00
1.41400e+03 2.34979e-11 0.00000e+00
1.41500e+03 2.38406e-11 0.00000e+00
1.41600e+03 1.96323e-11 0.00000e+00
1.41700e+03 2.22824e-11 0.00000e+00
1.41800e+03 2.36796e-11 0.00000e+00
1.41900e+03 2.83780e-11 0.00000e+00
1.42000e+03 2.12839e-11 0.00000e+00
1.42100e+03 2.59117e-11 0.00000e+00
1.42200e+03 2.22081e-11 0.00000e+00
1.42300e+03 2.65062e-11 0.00000e+00
1.42400e+03 1.94640e-11 0.00000e+00
1.42500e+03 3.69089e-11 0.00000e+00
1.42600e+03 3.12634e-11 0.00000e+00
1.42700e+03 3.57632e-11 0.00000e+00
1.42800e+03 1.45345e-11 0.00000e+00
1.42900e+03 2.78850e-11 0.00000e+00
1.43000e+03 3.07928e-11 0.00000e+00
1.43100e+03 3.15708e-11 0.00000e+00
1.43200e+03 4.54395e-11 0.00000e+00
1.43300e+03 2.15623e-11 0.00000e+00
1.43400e+03 2.08643e-11 0.00000e+00
1.43500e+03 2.98598e-11 0.00000e+00
1.43600e+03 1.46559e-11 0.00000e+00
1.43700e+03 2.17732e-11 0.00000e+00
1.43800e+03 3.73219e-11 0.00000e+00
1.43900e+03 4.08452e-11 0.00000e+00
1.44000e+03 2.11202e-11 0.00000e+00
1.44100e+03 2.10717e-11 0.00000e+00
1.44200e+03 4.71827e-11 0.00000e+00
1.44300e+03 2.80618e-11 0.00000e+00
1.44400e+03 2.30072e-11 0.00000e+00
1.44500e+03 3.06724e-11 0.00000e+00
1.44600e+03 1.52573e-11 0.00000e+00
1.44700e+03 1.24486e-11 0.00000e+00
1.44800e+03 3.91780e-11 0.00000e+00
1.44900e+03 1.55693e-11 0.00000e+00
1.45000e+03 2.29800e-11 0.00000e+00
1.45100e+03 2.45900e-11 0.00000e+00
1.45200e+03 3.32092e-11 0.00000e+00
1.45300e+03 2.25957e-11 0.00000e+00
1.45400e+03 2.99596e-11 0.00000e+00
1.45500e+03 2.23723e-11 0.00000e+00
1.45600e+03 1.23253e-11 0.00000e+00
1.45700e+03 2.21726e-11 0.00000e+00
1.45800e+03 1.24484e-11 0.00000e+00
1.45900e+03 7.11122e-12 0.00000e+00
1.46000e+03 9.22332e-12 0.00000e+00
1.46100e+03 3.16649e-11 0.00000e+00
1.46200e+03 2.35367e-11 0.00000e+00
1.46300e+03 3.08175e-11 0.00000e+00
1.46400e+03 7.25980e-12 0.00000e+00
1.46500e+03 2.72971e-11 0.00000e+00
1.46600e+03 3.94069e-11 0.00000e+00
1.46700e+03 1.59944e-11 0.00000e+00
1.46800e+03 2.67262e-11 0.00000e+00
1.46900e+03 3.14349e-11 0.00000e+00
1.47000e+03 1.42541e-11 0.00000e+00
1.47100e+03 2.68177e-11 0.00000e+00
1.47200e+03 2.29003e-11 0.00000e+00
1.47300e+03 2.71244e-11 0.00000e+00
1.47400e+03 2.51796e-11 0.00000e+00
1.47500e+03 2.40678e-11 0.00000e+00
1.47600e+03 2.56463e-11 0.00000e+00
1.47700e+03 3.27440e-11 0.00000e+00
1.47800e+03 1.86999e-11 0.00000e+00
1.47900e+03 2.63795e-11 0.00000e+00
1.48000e+03 2.48511e-11 0.00000e+00
1.48100e+03 3.24279e-11 0.00000e+00
1.48200e+03 2.52825e-11 0.00000e+00
1.48300e+03 1.53434e-11 0.00000e+00
1.48400e+03 1.79700e-11 0.00000e+00
1.48500e+03 1.54645e-12 0.00000e+00
1.48600e+03 2.03180e-11 0.00000e+00
1.48700e+03 2.04665e-11 0.00000e+00
1.48800e+03 1.58129e-11 0.00000e+00
1.48900e+03 1.79306e-11 0.00000e+00
1.49000e+03 1.07653e-12 0.00000e+00
1.49100e+03 2.49016e-11 0.00000e+00
1.49200e+03 1.42877e-11 0.00000e+00
1.49300e+03 2.44690e-11 0.00000e+00
1.49400e+03 1.32414e-11 0.00000e+00
1.49500e+03 2.17761e-11 0.00000e+00
1.49600e+03 2.26548e-11 0.00000e+00
1.49700e+03 1.23112e-11 0.00000e+00
1.49800e+03 2.63908e-11 0.00000e+00
1.49900e+03 2.80018e-11 0.00000e+00
1.50000e+03 1.97103e-11 0.00000e+00
1.50100e+03 1.55837e-11 0.00000e+00
1.50200e+03 3.04212e-11 0.00000e+00
1.50300e+03 2.16495e-11 0.00000e+00
1.50400e+03 2.19824e-11 0.00000e+00
1.50500e+03 2.03427e-11 0.00000e+00
1.50600e+03 3.39520e-11 0.00000e+00
1.50700e+03 3.50201e-11 0.00000e+00
1.50800e+03 1.81195e-11 0.00000e+00
1.50900e+03 2.07555e-11 0.00000e+00
1.51000e+03 2.20415e-11 0.00000e+00
1.51100e+03 2.30678e-11 0.00000e+00
1.51200e+03 2.36105e-11 0.00000e+00
1.51300e+03 1.74097e-11 0.00000e+00
1.51400e+03 3.07380e-11 0.00000e+00
1.51500e+03 2.24540e-11 0.00000e+00
1.51600e+03 1.45080e-11 0.00000e+00
1.51700e+03 2.36752e-11 0.00000e+00
1.51800e+03 3.35255e-11 0.00000e+00
1.51900e+03 1.42429e-11 0.00000e+00
1.52000e+03 2.81051e-11 0.00000e+00
1.52100e+03 2.36227e-11 0.00000e+00
1.52200e+03 1.69166e-11 0.00000e+00
1.52300e+03 2.22244e-11 0.00000e+00
1.52400e+03 1.07112e-11 0.00000e+00
1.52500e+03 4.50075e-11 0.00000e+00
1.52600e+03 3.68456e-11 0.00000e+00
1.52700e+03 4.08808e-11 0.00000e+00
1.52800e+03 3.40953e-11 0.00000e+00
1.52900e+03 5.06292e-12 0.00000e+00
1.53000e+03 6.40363e-12 0.00000e+00
1.53100e+03 1.97456e-11 0.00000e+00
1.53200e+03 3.18230e-12 0.00000e+00
1.53300e+03 2.52605e-11 0.00000e+00
1.53400e+03 2.77109e-11 0.00000e+00
1.53500e+03 5.21879e-12 0.00000e+00
1.53600e+03 1.78439e-11 0.00000e+00
1.53700e+03 1.48102e-11 0.00000e+00
1.53800e+03 1.59325e-11 0.00000e+00
1.53900e+03 3.26462e-11 0.00000e+00
1.54000e+03 2.66642e-11 0.00000e+00
1.54100e+03 2.54875e-11 0.00000e+00
1.54200e+03 3.76160e-11 0.00000e+00
1.54300e+03 2.50332e-11 0.00000e+00
1.54400e+03 1.98665e-11 0.00000e+00
1.54500e+03 1.67006e-11 0.00000e+00
1.54600e+03 2.73759e-11 0.00000e+00
1.54700e+03 1.82506e-11 0.00000e+00
1.54800e+03 2.70696e-11 0.00000e+00
1.54900e+03 1.63244e-11 0.00000e+00
1.55000e+03 6.22236e-12 0.00000e+00
1.55100e+03 1.64559e-11 0.00000e+00
1.55200e+03 2.43694e-11 0.00000e+00
1.55300e+03 1.79273e-11 0.00000e+00
1.55400e+03 9.35614e-12 0.00000e+00
1.55500e+03 3.33101e-11 0.00000e+00
1.55600e+03 3.39043e-11 0.00000e+00
1.55700e+03 2.23543e-11 0.00000e+00
1.55800e+03 2.08954e-11 0.00000e+00
1.55900e+03 1.86569e-11 0.00000e+00
1.56000e+03 2.68308e-11 0.00000e+00
1.56100e+03 9.11923e-12 0.00000e+00
1.56200e+03 1.77815e-11 0.00000e+00
1.56300e+03 2.33903e-11 0.00000e+00
1.56400e+03 1.28006e-11 0.00000e+00
1.56500e+03 2.46324e-11 0.00000e+00
1.56600e+03 2.41932e-11 0.00000e+00
1.56700e+03 2.18752e-11 0.00000e+00
1.56800e+03 2.61736e-11 0.00000e+00
1.56900e+03 2.64553e-11 0.00000e+00
1.57000e+03 1.25535e-11 0.00000e+00
1.57100e+03 1.72823e-11 0.00000e+00
1.57200e+03 2.56681e-11 0.00000e+00
1.57300e+03 1.11668e-11 0.00000e+00
1.57400e+03 2.49130e-11 0.00000e+00
1.57500e+03 1.86210e-11 0.00000e+00
1.57600e+03 3.24711e-11 0.00000e+00
1.57700e+03 2.65317e-11 0.00000e+00
1.57800e+03 2.82581e-11 0.00000e+00
1.57900e+03 2.22120e-11 0.00000e+00
1.58000e+03 1.99687e-11 0.00000e+00
1.58100e+03 1.83983e-11 0.00000e+00
1.58200e+03 2.47748e-11 0.00000e+00
1.58300e+03 2.92297e-11 0.00000e+00
1.58400e+03 1.58675e-11 0.00000e+00
1.58500e+03 1.29903e-11 0.00000e+00
1.58600e+03 2.71201e-11 0.00000e+00
1.58700e+03 2.15601e-11 0.00000e+00
1.58800e+03 2.53815e-11 0.00000e+00
1.58900e+03 2.51785e-11 0.00000e+00
1.59000e+03 1.70921e-11 0.00000e+00
1.59100e+03 2.11510e-11 0.00000e+00
1.59200e+03 1.18562e-11 0.00000e+00
1.59300e+03 2.59439e-11 0.00000e+00
1.59400e+03 1.56967e-11 0.00000e+00
1.59500e+03 1.57601e-11 0.00000e+00
1.59600e+03 2.46392e-11 0.00000e+00
1.59700e+03 1.45445e-11 0.00000e+00
1.59800e+03 2.31659e-11 0.00000e+00
1.59900e+03 2.21072e-11 0.00000e+00
1.60000e+03 1.42752e-11 0.00000e+00
1.60100e+03 2.23822e-11 0.00000e+00
1.60200e+03 3.22658e-11 0.00000e+00
1.60300e+03 2.40844e-11 0.00000e+00
1.60400e+03 2.31275e-11 0.00000e+00
1.60500e+03 1.26514e-11 0.00000e+00
1.60600e+03 1.81412e-11 0.00000e+00
1.60700e+03 1.68581e-11 0.00000e+00
1.60800e+03 2.25177e-11 0.00000e+00
1.60900e+03 4.22603e-11 0.00000e+00
1.61000e+03 2.43120e-11 0.00000e+00
1.61100e+03 2.13274e-11 0.00000e+00
1.61200e+03 3.35328e-12 0.00000e+00
1.61300e+03 2.22671e-11 0.00000e+00
1.61400e+03 2.16886e-11 0.00000e+00
1.61500e+03 1.47030e-11 0.00000e+00
1.61600e+03 1.50523e-11 0.00000e+00
1.61700e+03 2.50835e-11 0.00000e+00
1.61800e+03 2.21799e-11 0.00000e+00
1.61900e+03 2.00892e-11 0.00000e+00
1.62000e+03 1.89273e-11 0.00000e+00
1.62100e+03 1.34818e-11 0.00000e+00
1.62200e+03 2.72278e-11 0.00000e+00
1.62300e+03 7.56987e-12 0.00000e+00
1.62400e+03 1.37217e-11 0.00000e+00
1.62500e+03 2.50604e-11 0.00000e+00
1.62600e+03 2.03312e-11 0.00000e+00
1.62700e+03 3.10683e-11 0.00000e+00
1.62800e+03 2.05256e-11 0.00000e+00
1.62900e+03 1.00252e-11 0.00000e+00
1.63000e+03 1.77831e-11 0.00000e+00
1.63100e+03 1.22067e-11 0.00000e+00
1.63200e+03 2.56121e-11 0.00000e+00
1.63300e+03 3.19102e-11 0.00000e+00
1.63400e+03 1.30223e-11 0.00000e+00
1.63500e+03 2.18876e-11 0.00000e+00
1.63600e+03 1.01119e-11 0.00000e+00
1.63700e+03 2.14147e-11 0.00000e+00
1.63800e+03 1.55175e-11 0.00000e+00
1.63900e+03 3.26076e-11 0.00000e+00
1.64000e+03 1.78862e-11 0.00000e+00
1.64100e+03 2.05280e-11 0.00000e+00
1.64200e+03 2.46475e-11 0.00000e+00
1.64300e+03 2.95682e-11 0.00000e+00
1.64400e+03 2.51407e-11 0.00000e+00
1.64500e+03 2.18420e-11 0.00000e+00
1.64600e+03 2.56790e-11 0.00000e+00
1.64700e+03 1.22843e-11 0.00000e+00
1.64800e+03 1.46580e-11 0.00000e+00
1.64900e+03 2.80901e-11 0.00000e+00
1.65000e+03 2.16414e-11 0.00000e+00
1.65100e+03 2.35129e-11 0.00000e+00
1.65200e+03 1.43155e-11 0.00000e+00
1.65300e+03 2.40643e-11 0.00000e+00
1.65400e+03 2.49701e-11 0.00000e+00
1.65500e+03 2.76105e-11 0.00000e+00
1.65600e+03 2.04866e-11 0.00000e+00
1.65700e+03 3.20168e-11 0.00000e+00
1.65800e+03 1.80374e-11 0.00000e+00
1.65900e+03 1.81797e-11 0.00000e+00
1.66000e+03 1.65617e-11 0.00000e+00
1.66100e+03 1.13350e-11 0.00000e+00
1.66200e+03 2.23446e-11 0.00000e+00
1.66300e+03 1.90901e-11 0.00000e+00
1.66400e+03 3.29000e-12 0.00000e+00
1.66500e+03 2.01030e-11 0.00000e+00
1.66600e+03 1.77634e-11 0.00000e+00
1.66700e+03 1.42303e-11 0.00000e+00
1.66800e+03 2.53187e-11 0.00000e+00
1.66900e+03 2.17011e-11 0.00000e+00
1.67000e+03 2.35016e-11 0.00000e+00
1.67100e+03 1.03529e-11 0.00000e+00
1.67200e+03 2.21312e-11 0.00000e+00
1.67300e+03 2.06657e-11 0.00000e+00
1.67400e+03 2.74549e-11 0.00000e+00
1.67500e+03 1.61435e-11 0.00000e+00
1.67600e+03 9.66042e-12 0.00000e+00
1.67700e+03 1.12465e-11 0.00000e+00
1.67800e+03 1.94546e-11 0.00000e+00
1.67900e+03 2.30694e-11 0.00000e+00
1.68000e+03 2.01262e-11 0.00000e+00
1.68100e+03 9.28996e-12 0.00000e+00
1.68200e+03 2.04503e-11 0.00000e+00
1.68300e+03 1.40616e-11 0.00000e+00
1.68400e+03 1.37008e-11 0.00000e+00
1.68500e+03 1.94129e-11 0.00000e+00
1.68600e+03 1.08398e-11 0.00000e+00
1.68700e+03 2.30885e-11 0.00000e+00
1.68800e+03 1.62232e-11 0.00000e+00
1.68900e+03 3.41028e-11 0.00000e+00
1.69000e+03 1.02029e-11 0.00000e+00
1.69100e+03 8.88651e-12 0.00000e+00
1.69200e+03 2.05104e-11 0.00000e+00
1.69300e+03 2.20399e-11 0.00000e+00
1.69400e+03 2.24887e-11 0.00000e+00
1.69500e+03 2.42982e-11 0.00000e+00
1.69600e+03 1.58314e-11 0.00000e+00
1.69700e+03 1.81845e-11 0.00000e+00
1.69800e+03 2.23879e-11 0.00000e+00
1.69900e+03 2.56489e-11 0.00000e+00
1.70000e+03 1.87728e-11 0.00000e+00
1.70100e+03 1.74176e-11 0.00000e+00
1.70200e+03 1.68958e-11 0.00000e+00
1.70300e+03 2.38356e-11 0.00000e+00
1.70400e+03 2.50250e-11 0.00000e+00
1.70500e+03 1.58097e-11 0.00000e+00
1.70600e+03 2.17191e-11 0.00000e+00
1.70700e+03 2.30166e-11 0.00000e+00
1.70800e+03 1.59660e-11 0.00000e+00
1.70900e+03 1.38032e-11 0.00000e+00
1.71000e+03 4.02553e-12 0.00000e+00
1.71100e+03 4.76449e-12 0.00000e+00
1.71200e+03 1.38859e-11 0.00000e+00
1.71300e+03 2.03463e-11 0.00000e+00
1.71400e+03 2.10096e-11 0.00000e+00
1.71500e+03 2.06599e-11 0.00000e+00
1.71600e+03 1.87427e-11 0.00000e+00
1.71700e+03 1.87523e-11 0.00000e+00
1.71800e+03 1.70708e-11 0.00000e+00
1.71900e+03 2.23541e-11 0.00000e+00
1.72000e+03 1.02287e-11 0.00000e+00
1.72100e+03 1.27389e-11 0.00000e+00
1.72200e+03 2.49667e-11 0.00000e+00
1.72300e+03 2.28621e-11 0.00000e+00
1.72400e+03 1.79452e-11 0.00000e+00
1.72500e+03 1.27820e-11 0.00000e+00
1.72600e+03 2.36921e-11 0.00000e+00
1.72700e+03 1.08911e-11 0.00000e+00
1.72800e+03 2.43984e-11 0.00000e+00
1.72900e+03 1.23155e-11 0.00000e+00
1.73000e+03 1.17228e-11 0.00000e+00
1.73100e+03 5.32125e-12 0.00000e+00
1.73200e+03 2.01294e-11 0.00000e+00
1.73300e+03 1.56256e-11 0.00000e+00
1.73400e+03 1.58105e-11 0.00000e+00
1.73500e+03 2.04437e-11 0.00000e+00
1.73600e+03 1.26489e-11 0.00000e+00
1.73700e+03 5.37932e-12 0.00000e+00
1.73800e+03 1.87961e-11 0.00000e+00
1.73900e+03 1.47319e-11 0.00000e+00
1.74000e+03 1.70931e-11 0.00000e+00
1.74100e+03 9.53856e-12 0.00000e+00
1.74200e+03 1.50751e-11 0.00000e+00
1.74300e+03 2.15960e-11 0.00000e+00
1.74400e+03 7.59149e-12 0.00000e+00
1.74500e+03 1.19449e-11 0.00000e+00
1.74600e+03 9.35854e-12 0.00000e+00
1.74700e+03 2.01750e-11 0.00000e+00
1.74800e+03 2.05100e-11 0.00000e+00
1.74900e+03 5.64805e-12 0.00000e+00
1.75000e+03 1.35648e-11 0.00000e+00
1.75100e+03 1.06561e-11 0.00000e+00
1.75200e+03 1.24977e-11 0.00000e+00
1.75300e+03 1.50741e-11 0.00000e+00
1.75400e+03 1.25888e-11 0.00000e+00
1.75500e+03 2.25163e-11 0.00000e+00
1.75600e+03 1.46372e-11 0.00000e+00
1.75700e+03 1.17248e-11 0.00000e+00
1.75800e+03 1.91940e-11 0.00000e+00
1.75900e+03 1.79087e-11 0.00000e+00
1.76000e+03 8.74763e-12 0.00000e+00
1.76100e+03 2.79448e-11 0.00000e+00
1.76200e+03 2.40396e-11 0.00000e+00
1.76300e+03 1.39872e-11 0.00000e+00
1.76400e+03 2.04634e-11 0.00000e+00
1.76500e+03 7.36336e-12 0.00000e+00
1.76600e+03 9.87502e-12 0.00000e+00
1.76700e+03 1.70308e-11 0.00000e+00
1.76800e+03 4.21539e-12 0.00000e+00
1.76900e+03 1.99951e-11 0.00000e+00
1.77000e+03 1.17544e-11 0.00000e+00
1.77100e+03 1.92791e-11 0.00000e+00
1.77200e+03 1.98183e-11 0.00000e+00
1.77300e+03 1.83005e-11 0.00000e+00
1.77400e+03 1.66797e-11 0.00000e+00
1.77500e+03 1.43994e-11 0.00000e+00
1.77600e+03 1.31932e-11 0.00000e+00
1.77700e+03 1.81521e-11 0.00000e+00
1.77800e+03 1.43935e-11 0.00000e+00
1.77900e+03 2.61179e-11 0.00000e+00
1.78000e+03 5.60932e-12 0.00000e+00
1.78100e+03 1.87487e-11 0.00000e+00
1.78200e+03 8.94875e-12 0.00000e+00
1.78300e+03 1.72622e-11 0.00000e+00
1.78400e+03 2.10347e-11 0.00000e+00
1.78500e+03 2.37580e-11 0.00000e+00
1.78600e+03 1.79508e-11 0.00000e+00
1.78700e+03 7.09234e-12 0.00000e+00
1.78800e+03 1.45502e-11 0.00000e+00
1.78900e+03 1.06111e-11 0.00000e+00
1.79000e+03 1.35688e-11 0.00000e+00
1.79100e+03 1.56960e-11 0.00000e+00
1.79200e+03 1.86681e-11 0.00000e+00
1.79300e+03 1.75090e-11 0.00000e+00
1.79400e+03 1.19742e-11 0.00000e+00
1.79500e+03 6.69111e-12 0.00000e+00
1.79600e+03 1.25949e-11 0.00000e+00
1.79700e+03 1.24459e-11 0.00000e+00
1.79800e+03 1.04968e-11 0.00000e+00
1.79900e+03 1.23955e-11 0.00000e+00
1.80000e+03 1.20597e-11 0.00000e+00
1.80100e+03 2.65623e-12 0.00000e+00
1.80200e+03 1.51145e-11 0.00000e+00
1.80300e+03 5.83035e-12 0.00000e+00
1.80400e+03 1.70092e-11 0.00000e+00
1.80500e+03 9.62215e-12 0.00000e+00
1.80600e+03 1.47362e-11 0.00000e+00
1.80700e+03 1.27318e-11 0.00000e+00
1.80800e+03 7.71451e-12 0.00000e+00
1.80900e+03 8.79721e-12 0.00000e+00
1.81000e+03 1.19334e-11 0.00000e+00
1.81100e+03 1.62715e-11 0.00000e+00
1.81200e+03 7.48068e-12 0.00000e+00
1.81300e+03 1.72703e-11 0.00000e+00
1.81400e+03 1.23368e-11 0.00000e+00
1.81500e+03 1.26605e-11 0.00000e+00
1.81600e+03 2.29861e-11 0.00000e+00
1.81700e+03 1.95606e-11 0.00000e+00
1.81800e+03 2.04382e-11 0.00000e+00
1.81900e+03 1.78920e-11 0.00000e+00
1.82000e+03 1.61143e-11 0.00000e+00
1.82100e+03 1.31962e-11 0.00000e+00
1.82200e+03 1.65339e-11 0.00000e+00
1.82300e+03 2.44369e-11 0.00000e+00
1.82400e+03 1.07469e-11 0.00000e+00
1.82500e+03 4.76030e-12 0.00000e+00
1.82600e+03 1.99862e-11 0.00000e+00
1.82700e+03 1.21577e-11 0.00000e+00
1.82800e+03 1.27162e-11 0.00000e+00
1.82900e+03 1.22399e-11 0.00000e+00
1.83000e+03 1.85581e-11 0.00000e+00
1.83100e+03 1.13913e-11 0.00000e+00
1.83200e+03 4.05020e-12 0.00000e+00
1.83300e+03 7.51291e-12 0.00000e+00
1.83400e+03 1.62078e-11 0.00000e+00
1.83500e+03 9.99740e-12 0.00000e+00
1.83600e+03 1.37151e-11 0.00000e+00
1.83700e+03 1.84426e-11 0.00000e+00
1.83800e+03 1.06403e-11 0.00000e+00
1.83900e+03 1.40708e-11 0.00000e+00
1.84000e+03 8.49589e-12 0.00000e+00
1.84100e+03 1.85995e-11 0.00000e+00
1.84200e+03 1.33187e-11 0.00000e+00
1.84300e+03 1.93062e-11 0.00000e+00
1.84400e+03 1.05808e-11 0.00000e+00
1.84500e+03 1.21431e-11 0.00000e+00
1.84600e+03 1.38244e-11 0.00000e+00
1.84700e+03 1.37931e-11 0.00000e+00
1.84800e+03 1.43004e-11 0.00000e+00
1.84900e+03 2.17814e-11 0.00000e+00
1.85000e+03 1.10580e-11 0.00000e+00
1.85100e+03 1.05400e-11 0.00000e+00
1.85200e+03 3.77640e-12 0.00000e+00
1.85300e+03 2.09435e-11 0.00000e+00
1.85400e+03 1.02903e-11 0.00000e+00
1.85500e+03 1.71155e-11 0.00000e+00
1.85600e+03 1.75623e-11 0.00000e+00
1.85700e+03 1.32629e-11 0.00000e+00
1.85800e+03 5.46685e-12 0.00000e+00
1.85900e+03 1.76908e-11 0.00000e+00
1.86000e+03 1.54782e-11 0.00000e+00
1.86100e+03 1.37599e-11 0.00000e+00
1.86200e+03 1.46769e-11 0.00000e+00
1.86300e+03 2.06148e-11 0.00000e+00
1.86400e+03 7.02394e-12 0.00000e+00
1.86500e+03 1.31456e-11 0.00000e+00
1.86600e+03 6.43990e-12 0.00000e+00
1.86700e+03 2.36688e-11 0.00000e+00
1.86800e+03 1.57115e-11 0.00000e+00
1.86900e+03 1.91033e-11 0.00000e+00
1.87000e+03 1.44904e-11 0.00000e+00
1.87100e+03 1.21462e-11 0.00000e+00
1.87200e+03 7.35676e-12 0.00000e+00
1.87300e+03 4.78901e-12 0.00000e+00
1.87400e+03 8.68330e-12 0.00000e+00
1.87500e+03 8.27032e-12 0.00000e+00
1.87600e+03 1.20686e-11 0.00000e+00
1.87700e+03 1.29755e-11 0.00000e+00
1.87800e+03 9.81635e-12 0.00000e+00
1.87900e+03 9.73182e-12 0.00000e+00
1.88000e+03 1.57232e-11 0.00000e+00
1.88100e+03 3.16535e-12 0.00000e+00
1.88200e+03 1.46996e-11 0.00000e+00
1.88300e+03 1.40681e-11 0.00000e+00
1.88400e+03 7.22176e-12 0.00000e+00
1.88500e+03 9.27033e-12 0.00000e+00
1.88600e+03 1.77079e-11 0.00000e+00
1.88700e+03 1.47312e-11 0.00000e+00
1.88800e+03 1.97180e-11 0.00000e+00
1.88900e+03 1.63252e-11 0.00000e+00
1.89000e+03 8.27622e-12 0.00000e+00
1.89100e+03 1.20190e-11 0.00000e+00
1.89200e+03 1.62135e-11 0.00000e+00
1.89300e+03 1.85288e-11 0.00000e+00
1.89400e+03 1.89196e-11 0.00000e+00
1.89500e+03 9.58473e-12 0.00000e+00
1.89600e+03 1.78179e-11 0.00000e+00
1.89700e+03 1.32544e-11 0.00000e+00
1.89800e+03 1.32061e-11 0.00000e+00
1.89900e+03 7.67065e-12 0.00000e+00
1.90000e+03 8.73685e-12 0.00000e+00
1.90100e+03 8.96196e-12 0.00000e+00
1.90200e+03 1.53825e-11 0.00000e+00
1.90300e+03 1.11750e-11 0.00000e+00
1.90400e+03 7.28144e-12 0.00000e+00
1.90500e+03 1.08403e-11 0.00000e+00
1.90600e+03 1.65882e-11 0.00000e+00
1.90700e+03 7.20148e-12 0.00000e+00
1.90800e+03 1.44204e-11 0.00000e+00
1.90900e+03 1.19416e-11 0.00000e+00
1.91000e+03 1.24357e-11 0.00000e+00
1.91100e+03 1.20828e-11 0.00000e+00
1.91200e+03 1.25282e-11 0.00000e+00
1.91300e+03 8.20437e-12 0.00000e+00
1.91400e+03 1.29597e-11 0.00000e+00
1.91500e+03 1.69135e-11 0.00000e+00
1.91600e+03 1.24718e-11 0.00000e+00
1.91700e+03 8.61283e-12 0.00000e+00
1.91800e+03 1.23580e-11 0.00000e+00
1.91900e+03 3.31801e-12 0.00000e+00
1.92000e+03 9.36805e-12 0.00000e+00
1.92100e+03 1.47559e-11 0.00000e+00
1.92200e+03 1.99296e-11 0.00000e+00
1.92300e+03 6.25249e-12 0.00000e+00
1.92400e+03 8.64544e-12 0.00000e+00
1.92500e+03 5.27170e-12 0.00000e+00
1.92600e+03 5.34486e-12 0.00000e+00
1.92700e+03 8.54493e-12 0.00000e+00
1.92800e+03 8.87597e-12 0.00000e+00
1.92900e+03 1.33855e-11 0.00000e+00
1.93000e+03 1.46732e-11 0.00000e+00
1.93100e+03 4.45792e-12 0.00000e+00
1.93200e+03 1.51105e-11 0.00000e+00
1.93300e+03 5.91595e-12 0.00000e+00
1.93400e+03 1.28603e-11 0.00000e+00
1.93500e+03 1.01270e-11 0.00000e+00
1.93600e+03 1.33858e-11 0.00000e+00
1.93700e+03 8.94173e-12 0.00000e+00
1.93800e+03 4.99104e-12 0.00000e+00
1.93900e+03 1.61680e-11 0.00000e+00
1.94000e+03 7.67762e-12 0.00000e+00
1.94100e+03 8.72262e-12 0.00000e+00
1.94200e+03 1.16734e-11 0.00000e+00
1.94300e+03 1.66492e-11 0.00000e+00
1.94400e+03 1.62876e-11 0.00000e+00
1.94500e+03 1.55050e-11 0.00000e+00
1.94600e+03 1.75632e-11 0.00000e+00
1.94700e+03 1.25599e-12 0.00000e+00
1.94800e+03 1.37761e-11 0.00000e+00
1.94900e+03 8.79950e-12 0.00000e+00
1.95000e+03 1.55183e-11 0.00000e+00
1.95100e+03 1.53603e-11 0.00000e+00
1.95200e+03 1.08506e-11 0.00000e+00
1.95300e+03 7.64518e-12 0.00000e+00
1.95400e+03 1.22922e-11 0.00000e+00
1.95500e+03 1.27801e-11 0.00000e+00
1.95600e+03 7.18880e-12 0.00000e+00
1.95700e+03 8.95736e-12 0.00000e+00
1.95800e+03 1.01455e-11 0.00000e+00
1.95900e+03 6.23671e-12 0.00000e+00
1.96000e+03 5.71687e-12 0.00000e+00
1.96100e+03 1.06987e-11 0.00000e+00
1.96200e+03 1.28652e-11 0.00000e+00
1.96300e+03 1.02913e-11 0.00000e+00
1.96400e+03 1.10869e-11 0.00000e+00
1.96500e+03 1.62376e-11 0.00000e+00
1.96600e+03 1.03627e-11 0.00000e+00
1.96700e+03 3.14588e-12 0.00000e+00
1.96800e+03 1.10175e-11 0.00000e+00
1.96900e+03 1.15559e-11 0.00000e+00
1.97000e+03 5.98354e-12 0.00000e+00
1.97100e+03 1.30681e-11 0.00000e+00
1.97200e+03 7.86504e-12 0.00000e+00
1.97300e+03 7.43714e-12 0.00000e+00
1.97400e+03 7.00298e-12 0.00000e+00
1.97500e+03 8.93463e-12 0.00000e+00
1.97600e+03 8.13894e-12 0.00000e+00
1.97700e+03 1.74487e-11 0.00000e+00
1.97800e+03 6.19425e-12 0.00000e+00
1.97900e+03 5.99750e-12 0.00000e+00
1.98000e+03 1.23080e-11 0.00000e+00
1.98100e+03 1.27200e-11 0.00000e+00
1.98200e+03 1.25059e-11 0.00000e+00
1.98300e+03 1.19905e-11 0.00000e+00
1.98400e+03 9.28246e-12 0.00000e+00
1.98500e+03 1.71613e-11 0.00000e+00
1.98600e+03 1.28030e-11 0.00000e+00
1.98700e+03 2.50466e-12 0.00000e+00
1.98800e+03 1.37805e-11 0.00000e+00
1.98900e+03 8.66007e-12 0.00000e+00
1.99000e+03 9.55143e-12 0.00000e+00
1.99100e+03 7.28280e-12 0.00000e+00
1.99200e+03 6.98878e-12 0.00000e+00
1.99300e+03 1.12922e-11 0.00000e+00
1.99400e+03 1.10943e-11 0.00000e+00
1.99500e+03 7.70668e-12 0.00000e+00
1.99600e+03 1.46875e-11 0.00000e+00
1.99700e+03 3.70230e-12 0.00000e+00
1.99800e+03 1.10139e-11 0.00000e+00
1.99900e+03 8.73949e-12 0.00000e+00
2.00000e+03 1.07139e-11 0.00000e+00
