0.00000e+00 0.00000e+00 0.00000e+00
1.00000e+00 0.00000e+00 0.00000e+00
2.00000e+00 0.00000e+00 0.00000e+00
3.00000e+00 0.00000e+00 0.00000e+00
4.00000e+00 0.00000e+00 0.00000e+00
5.00000e+00 0.00000e+00 0.00000e+00
6.00000e+00 0.00000e+00 0.00000e+00
7.00000e+00 0.00000e+00 0.00000e+00
8.00000e+00 0.00000e+00 0.00000e+00
9.00000e+00 0.00000e+00 0.00000e+00
1.00000e+01 0.00000e+00 0.00000e+00
1.10000e+01 0.00000e+00 0.00000e+00
1.20000e+01 0.00000e+00 0.00000e+00
1.30000e+01 0.00000e+00 0.00000e+00
1.40000e+01 0.00000e+00 0.00000e+00
1.50000e+01 0.00000e+00 0.00000e+00
1.60000e+01 0.00000e+00 0.00000e+00
1.70000e+01 0.00000e+00 0.00000e+00
1.80000e+01 0.00000e+00 0.00000e+00
1.90000e+01 0.00000e+00 0.00000e+00
2.00000e+01 0.00000e+00 0.00000e+00
2.10000e+01 0.00000e+00 0.00000e+00
2.20000e+01 0.00000e+00 0.00000e+00
2.30000e+01 0.00000e+00 0.00000e+00
2.40000e+01 0.00000e+00 0.00000e+00
2.50000e+01 0.00000e+00 0.00000e+00
2.60000e+01 0.00000e+00 0.00000e+00
2.70000e+01 0.00000e+00 0.00000e+00
2.80000e+01 0.00000e+00 0.00000e+00
2.90000e+01 0.00000e+00 0.00000e+00
3.00000e+01 0.00000e+00 0.00000e+00
3.10000e+01 0.00000e+00 0.00000e+00
3.20000e+01 0.00000e+00 0.00000e+00
3.30000e+01 0.00000e+00 0.00000e+00
3.40000e+01 0.00000e+00 0.00000e+00
3.50000e+01 0.00000e+00 0.00000e+00
3.60000e+01 0.00000e+00 0.00000e+00
3.70000e+01 0.00000e+00 0.00000e+00
3.80000e+01 0.00000e+00 0.00000e+00
3.90000e+01 0.00000e+00 0.00000e+00
4.00000e+01 0.00000e+00 0.00000e+00
4.10000e+01 0.00000e+00 0.00000e+00
4.20000e+01 0.00000e+00 0.00000e+00
4.30000e+01 0.00000e+00 0.00000e+00
4.40000e+01 0.00000e+00 0.00000e+00
4.50000e+01 0.00000e+00 0.00000e+00
4.60000e+01 0.00000e+00 0.00000e+00
4.70000e+01 0.00000e+00 0.00000e+00
4.80000e+01 0.00000e+00 0.00000e+00
4.90000e+01 0.00000e+00 0.00000e+00
5.00000e+01 0.00000e+00 0.00000e+00
5.10000e+01 0.00000e+00 0.00000e+00
5.20000e+01 0.00000e+00 0.00000e+00
5.30000e+01 0.00000e+00 0.00000e+00
5.40000e+01 0.00000e+00 0.00000e+00
5.50000e+01 0.00000e+00 0.00000e+00
5.60000e+01 0.00000e+00 0.00000e+00
5.70000e+01 0.00000e+00 0.00000e+00
5.80000e+01 0.00000e+00 0.00000e+00
5.90000e+01 0.00000e+00 0.00000e+00
6.00000e+01 0.00000e+00 0.00000e+00
6.10000e+01 0.00000e+00 0.00000e+00
6.20000e+01 0.00000e+00 0.00000e+00
6.30000e+01 0.00000e+00 0.00000e+00
6.40000e+01 0.00000e+00 0.00000e+00
6.50000e+01 0.00000e+00 0.00000e+00
6.60000e+01 0.00000e+00 0.00000e+00
6.70000e+01 0.00000e+00 0.00000e+00
6.80000e+01 0.00000e+00 0.00000e+00
6.90000e+01 0.00000e+00 0.00000e+00
7.00000e+01 0.00000e+00 0.00000e+00
7.10000e+01 0.00000e+00 0.00000e+00
7.20000e+01 0.00000e+00 0.00000e+00
7.30000e+01 0.00000e+00 0.00000e+00
7.40000e+01 0.00000e+00 0.00000e+00
7.50000e+01 0.00000e+00 0.00000e+00
7.60000e+01 0.00000e+00 0.00000e+00
7.70000e+01 0.00000e+00 0.00000e+00
7.80000e+01 0.00000e+00 0.00000e+00
7.90000e+01 0.00000e+00 0.00000e+00
8.00000e+01 0.00000e+00 0.00000e+00
8.10000e+01 0.00000e+00 0.00000e+00
8.20000e+01 0.00000e+00 0.00000e+00
8.30000e+01 0.00000e+00 0.00000e+00
8.40000e+01 0.00000e+00 0.00000e+00
8.50000e+01 0.00000e+00 0.00000e+00
8.60000e+01 0.00000e+00 0.00000e+00
8.70000e+01 0.00000e+00 0.00000e+00
8.80000e+01 0.00000e+00 0.00000e+00
8.90000e+01 0.00000e+00 0.00000e+00
9.00000e+01 0.00000e+00 0.00000e+00
9.10000e+01 0.00000e+00 0.00000e+00
9.20000e+01 0.00000e+00 0.00000e+00
9.30000e+01 0.00000e+00 0.00000e+00
9.40000e+01 0.00000e+00 0.00000e+00
9.50000e+01 0.00000e+00 0.00000e+00
9.60000e+01 0.00000e+00 0.00000e+00
9.70000e+01 0.00000e+00 0.00000e+00
9.80000e+01 0.00000e+00 0.00000e+00
9.90000e+01 0.00000e+00 0.00000e+00
1.00000e+02 7.31174e-12 0.00000e+00
1.01000e+02 7.23493e-12 0.00000e+00
1.02000e+02 6.95548e-12 0.00000e+00
1.03000e+02 6.38382e-12 0.00000e+00
1.04000e+02 6.65785e-12 0.00000e+00
1.05000e+02 7.49467e-12 0.00000e+00
1.06000e+02 5.91954e-12 0.00000e+00
1.07000e+02 5.42482e-12 0.00000e+00
1.08000e+02 5.94212e-12 0.00000e+00
1.09000e+02 5.33341e-12 0.00000e+00
1.10000e+02 6.82008e-12 0.00000e+00
1.11000e+02 6.65797e-12 0.00000e+00
1.12000e+02 6.98700e-12 0.00000e+00
1.13000e+02 8.20112e-12 0.00000e+00
1.14000e+02 6.77084e-12 0.00000e+00
1.15000e+02 7.07230e-12 0.00000e+00
1.16000e+02 5.86798e-12 0.00000e+00
1.17000e+02 6.28127e-12 0.00000e+00
1.18000e+02 4.59246e-12 0.00000e+00
1.19000e+02 6.59626e-12 0.00000e+00
1.20000e+02 5.69361e-12 0.00000e+00
1.21000e+02 7.28063e-12 0.00000e+00
1.22000e+02 5.97604e-12 0.00000e+00
1.23000e+02 6.70452e-12 0.00000e+00
1.24000e+02 6.73574e-12 0.00000e+00
1.25000e+02 5.57785e-12 0.00000e+00
1.26000e+02 5.51308e-12 0.00000e+00
1.27000e+02 6.30044e-12 0.00000e+00
1.28000e+02 6.21087e-12 0.00000e+00
1.29000e+02 5.25770e-12 0.00000e+00
1.30000e+02 5.24567e-12 0.00000e+00
1.31000e+02 5.50288e-12 0.00000e+00
1.32000e+02 4.81204e-12 0.00000e+00
1.33000e+02 5.90988e-12 0.00000e+00
1.34000e+02 5.79101e-12 0.00000e+00
1.35000e+02 4.13218e-12 0.00000e+00
1.36000e+02 4.79703e-12 0.00000e+00
1.37000e+02 4.61478e-12 0.00000e+00
1.38000e+02 6.14475e-12 0.00000e+00
1.39000e+02 5.83743e-12 0.00000e+00
1.40000e+02 5.42565e-12 0.00000e+00
1.41000e+02 5.20307e-12 0.00000e+00
1.42000e+02 5.09763e-12 0.00000e+00
1.43000e+02 5.47072e-12 0.00000e+00
1.44000e+02 4.67846e-12 0.00000e+00
1.45000e+02 4.74941e-12 0.00000e+00
1.46000e+02 4.81978e-12 0.00000e+00
1.47000e+02 4.92236e-12 0.00000e+00
1.48000e+02 5.84397e-12 0.00000e+00
1.49000e+02 4.30832e-12 0.00000e+00
1.50000e+02 4.40926e-12 0.00000e+00
1.51000e+02 4.47556e-12 0.00000e+00
1.52000e+02 5.16046e-12 0.00000e+00
1.53000e+02 4.45125e-12 0.00000e+00
1.54000e+02 5.50121e-12 0.00000e+00
1.55000e+02 5.63875e-12 0.00000e+00
1.56000e+02 4.66030e-12 0.00000e+00
1.57000e+02 5.03124e-12 0.00000e+00
1.58000e+02 3.79224e-12 0.00000e+00
1.59000e+02 4.69492e-12 0.00000e+00
1.60000e+02 4.02874e-12 0.00000e+00
1.61000e+02 3.93167e-12 0.00000e+00
1.62000e+02 4.86027e-12 0.00000e+00
1.63000e+02 4.58312e-12 0.00000e+00
1.64000e+02 3.99502e-12 0.00000e+00
1.65000e+02 4.02167e-12 0.00000e+00
1.66000e+02 4.29899e-12 0.00000e+00
1.67000e+02 4.72559e-12 0.00000e+00
1.68000e+02 3.87226e-12 0.00000e+00
1.69000e+02 4.91881e-12 0.00000e+00
1.70000e+02 4.65228e-12 0.00000e+00
1.71000e+02 4.10552e-12 0.00000e+00
1.72000e+02 4.58612e-12 0.00000e+00
1.73000e+02 4.22675e-12 0.00000e+00
1.74000e+02 3.62188e-12 0.00000e+00
1.75000e+02 4.63704e-12 0.00000e+00
1.76000e+02 4.55729e-12 0.00000e+00
1.77000e+02 3.43901e-12 0.00000e+00
1.78000e+02 4.57275e-12 0.00000e+00
1.79000e+02 4.81533e-12 0.00000e+00
1.80000e+02 4.36649e-12 0.00000e+00
1.81000e+02 4.09562e-12 0.00000e+00
1.82000e+02 4.90283e-12 0.00000e+00
1.83000e+02 3.88659e-12 0.00000e+00
1.84000e+02 4.26302e-12 0.00000e+00
1.85000e+02 4.52840e-12 0.00000e+00
1.86000e+02 3.94704e-12 0.00000e+00
1.87000e+02 4.43944e-12 0.00000e+00
1.88000e+02 4.66870e-12 0.00000e+00
1.89000e+02 4.25277e-12 0.00000e+00
1.90000e+02 4.05835e-12 0.00000e+00
1.91000e+02 3.31189e-12 0.00000e+00
1.92000e+02 3.63592e-12 0.00000e+00
1.93000e+02 4.40351e-12 0.00000e+00
1.94000e+02 3.99502e-12 0.00000e+00
1.95000e+02 4.42189e-12 0.00000e+00
1.96000e+02 3.87826e-12 0.00000e+00
1.97000e+02 2.86724e-12 0.00000e+00
1.98000e+02 3.87928e-12 0.00000e+00
1.99000e+02 3.85763e-12 0.00000e+00
2.00000e+02 4.42388e-12 0.00000e+00
2.01000e+02 3.84777e-12 0.00000e+00
2.02000e+02 4.21308e-12 0.00000e+00
2.03000e+02 4.14657e-12 0.00000e+00
2.04000e+02 4.04067e-12 0.00000e+00
2.05000e+02 3.33131e-12 0.00000e+00
2.06000e+02 4.04767e-12 0.00000e+00
2.07000e+02 4.24842e-12 0.00000e+00
2.08000e+02 3.68858e-12 0.00000e+00
2.09000e+02 3.51143e-12 0.00000e+00
2.10000e+02 4.25554e-12 0.00000e+00
2.11000e+02 3.35269e-12 0.00000e+00
2.12000e+02 4.26288e-12 0.00000e+00
2.13000e+02 3.83785e-12 0.00000e+00
2.14000e+02 4.24778e-12 0.00000e+00
2.15000e+02 3.61670e-12 0.00000e+00
2.16000e+02 3.79927e-12 0.00000e+00
2.17000e+02 3.00681e-12 0.00000e+00
2.18000e+02 3.80246e-12 0.00000e+00
2.19000e+02 3.84468e-12 0.00000e+00
2.20000e+02 3.75220e-12 0.00000e+00
2.21000e+02 4.00878e-12 0.00000e+00
2.22000e+02 3.51333e-12 0.00000e+00
2.23000e+02 3.63016e-12 0.00000e+00
2.24000e+02 3.60238e-12 0.00000e+00
2.25000e+02 4.12265e-12 0.00000e+00
2.26000e+02 4.07825e-12 0.00000e+00
2.27000e+02 3.43560e-12 0.00000e+00
2.28000e+02 3.14971e-12 0.00000e+00
2.29000e+02 3.58158e-12 0.00000e+00
2.30000e+02 3.86531e-12 0.00000e+00
2.31000e+02 3.69145e-12 0.00000e+00
2.32000e+02 3.58152e-12 0.00000e+00
2.33000e+02 3.20666e-12 0.00000e+00
2.34000e+02 4.07450e-12 0.00000e+00
2.35000e+02 3.14960e-12 0.00000e+00
2.36000e+02 3.86093e-12 0.00000e+00
2.37000e+02 3.09532e-12 0.00000e+00
2.38000e+02 3.33829e-12 0.00000e+00
2.39000e+02 3.61431e-12 0.00000e+00
2.40000e+02 3.41126e-12 0.00000e+00
2.41000e+02 3.66973e-12 0.00000e+00
2.42000e+02 3.71995e-12 0.00000e+00
2.43000e+02 3.33751e-12 0.00000e+00
2.44000e+02 3.25544e-12 0.00000e+00
2.45000e+02 3.64175e-12 0.00000e+00
2.46000e+02 3.25522e-12 0.00000e+00
2.47000e+02 3.46303e-12 0.00000e+00
2.48000e+02 3.31811e-12 0.00000e+00
2.49000e+02 3.35865e-12 0.00000e+00
2.50000e+02 2.78500e-12 0.00000e+00
2.51000e+02 3.73640e-12 0.00000e+00
2.52000e+02 3.13725e-12 0.00000e+00
2.53000e+02 3.07295e-12 0.00000e+00
2.54000e+02 3.27737e-12 0.00000e+00
2.55000e+02 3.11747e-12 0.00000e+00
2.56000e+02 3.04127e-12 0.00000e+00
2.57000e+02 3.40708e-12 0.00000e+00
2.58000e+02 3.16295e-12 0.00000e+00
2.59000e+02 3.34639e-12 0.00000e+00
2.60000e+02 3.44308e-12 0.00000e+00
2.61000e+02 3.20044e-12 0.00000e+00
2.62000e+02 3.22025e-12 0.00000e+00
2.63000e+02 3.17982e-12 0.00000e+00
2.64000e+02 3.25727e-12 0.00000e+00
2.65000e+02 3.62323e-12 0.00000e+00
2.66000e+02 3.46830e-12 0.00000e+00
2.67000e+02 3.04973e-12 0.00000e+00
2.68000e+02 2.95743e-12 0.00000e+00
2.69000e+02 2.99523e-12 0.00000e+00
2.70000e+02 3.20520e-12 0.00000e+00
2.71000e+02 2.97735e-12 0.00000e+00
2.72000e+02 3.15263e-12 0.00000e+00
2.73000e+02 3.34908e-12 0.00000e+00
2.74000e+02 3.51405e-12 0.00000e+00
2.75000e+02 3.21002e-12 0.00000e+00
2.76000e+02 2.72324e-12 0.00000e+00
2.77000e+02 3.19975e-12 0.00000e+00
2.78000e+02 3.19821e-12 0.00000e+00
2.79000e+02 2.94702e-12 0.00000e+00
2.80000e+02 2.93693e-12 0.00000e+00
2.81000e+02 3.00148e-12 0.00000e+00
2.82000e+02 3.14757e-12 0.00000e+00
2.83000e+02 2.53825e-12 0.00000e+00
2.84000e+02 2.91620e-12 0.00000e+00
2.85000e+02 3.06460e-12 0.00000e+00
2.86000e+02 3.30937e-12 0.00000e+00
2.87000e+02 2.88904e-12 0.00000e+00
2.88000e+02 2.78260e-12 0.00000e+00
2.89000e+02 2.71795e-12 0.00000e+00
2.90000e+02 2.94655e-12 0.00000e+00
2.91000e+02 2.79401e-12 0.00000e+00
2.92000e+02 3.14303e-12 0.00000e+00
2.93000e+02 2.48241e-12 0.00000e+00
2.94000e+02 3.11579e-12 0.00000e+00
2.95000e+02 3.02411e-12 0.00000e+00
2.96000e+02 3.12640e-12 0.00000e+00
2.97000e+02 2.74141e-12 0.00000e+00
2.98000e+02 2.96486e-12 0.00000e+00
2.99000e+02 2.99805e-12 0.00000e+00
3.00000e+02 2.64540e-12 0.00000e+00
3.01000e+02 2.58103e-12 0.00000e+00
3.02000e+02 2.70214e-12 0.00000e+00
3.03000e+02 2.70886e-12 0.00000e+00
3.04000e+02 2.86578e-12 0.00000e+00
3.05000e+02 2.74053e-12 0.00000e+00
3.06000e+02 3.07090e-12 0.00000e+00
3.07000e+02 2.84520e-12 0.00000e+00
3.08000e+02 2.84276e-12 0.00000e+00
3.09000e+02 2.63050e-12 0.00000e+00
3.10000e+02 3.13055e-12 0.00000e+00
3.11000e+02 2.52677e-12 0.00000e+00
3.12000e+02 2.70540e-12 0.00000e+00
3.13000e+02 3.16850e-12 0.00000e+00
3.14000e+02 2.53503e-12 0.00000e+00
3.15000e+02 2.79095e-12 0.00000e+00
3.16000e+02 2.76165e-12 0.00000e+00
3.17000e+02 2.29758e-12 0.00000e+00
3.18000e+02 2.82574e-12 0.00000e+00
3.19000e+02 2.17111e-12 0.00000e+00
3.20000e+02 2.60833e-12 0.00000e+00
3.21000e+02 2.80156e-12 0.00000e+00
3.22000e+02 2.90317e-12 0.00000e+00
3.23000e+02 2.87182e-12 0.00000e+00
3.24000e+02 2.40073e-12 0.00000e+00
3.25000e+02 2.31702e-12 0.00000e+00
3.26000e+02 2.42732e-12 0.00000e+00
3.27000e+02 2.59751e-12 0.00000e+00
3.28000e+02 2.46821e-12 0.00000e+00
3.29000e+02 2.70540e-12 0.00000e+00
3.30000e+02 2.22906e-12 0.00000e+00
3.31000e+02 2.68820e-12 0.00000e+00
3.32000e+02 2.24430e-12 0.00000e+00
3.33000e+02 2.57282e-12 0.00000e+00
3.34000e+02 2.62922e-12 0.00000e+00
3.35000e+02 2.40244e-12 0.00000e+00
3.36000e+02 2.46748e-12 0.00000e+00
3.37000e+02 2.80070e-12 0.00000e+00
3.38000e+02 2.17269e-12 0.00000e+00
3.39000e+02 2.47024e-12 0.00000e+00
3.40000e+02 2.58598e-12 0.00000e+00
3.41000e+02 2.63836e-12 0.00000e+00
3.42000e+02 2.30951e-12 0.00000e+00
3.43000e+02 2.31819e-12 0.00000e+00
3.44000e+02 2.47762e-12 0.00000e+00
3.45000e+02 2.57968e-12 0.00000e+00
3.46000e+02 2.55378e-12 0.00000e+00
3.47000e+02 2.16219e-12 0.00000e+00
3.48000e+02 2.70295e-12 0.00000e+00
3.49000e+02 2.42659e-12 0.00000e+00
3.50000e+02 2.33509e-12 0.00000e+00
3.51000e+02 2.54381e-12 0.00000e+00
3.52000e+02 2.47326e-12 0.00000e+00
3.53000e+02 2.39727e-12 0.00000e+00
3.54000e+02 2.30503e-12 0.00000e+00
3.55000e+02 2.47960e-12 0.00000e+00
3.56000e+02 2.51279e-12 0.00000e+00
3.57000e+02 2.31109e-12 0.00000e+00
3.58000e+02 2.68050e-12 0.00000e+00
3.59000e+02 2.29791e-12 0.00000e+00
3.60000e+02 2.30386e-12 0.00000e+00
3.61000e+02 2.13498e-12 0.00000e+00
3.62000e+02 2.36773e-12 0.00000e+00
3.63000e+02 2.38058e-12 0.00000e+00
3.64000e+02 2.47262e-12 0.00000e+00
3.65000e+02 2.02221e-12 0.00000e+00
3.66000e+02 2.48965e-12 0.00000e+00
3.67000e+02 2.47274e-12 0.00000e+00
3.68000e+02 2.80093e-12 0.00000e+00
3.69000e+02 2.26408e-12 0.00000e+00
3.70000e+02 2.09040e-12 0.00000e+00
3.71000e+02 2.24342e-12 0.00000e+00
3.72000e+02 2.24886e-12 0.00000e+00
3.73000e+02 2.00966e-12 0.00000e+00
3.74000e+02 2.46214e-12 0.00000e+00
3.75000e+02 2.29127e-12 0.00000e+00
3.76000e+02 2.31110e-12 0.00000e+00
3.77000e+02 2.43501e-12 0.00000e+00
3.78000e+02 2.38226e-12 0.00000e+00
3.79000e+02 2.14970e-12 0.00000e+00
3.80000e+02 2.25427e-12 0.00000e+00
3.81000e+02 2.07590e-12 0.00000e+00
3.82000e+02 2.38301e-12 0.00000e+00
3.83000e+02 2.20090e-12 0.00000e+00
3.84000e+02 2.04483e-12 0.00000e+00
3.85000e+02 2.20203e-12 0.00000e+00
3.86000e+02 2.03842e-12 0.00000e+00
3.87000e+02 2.12000e-12 0.00000e+00
3.88000e+02 2.21650e-12 0.00000e+00
3.89000e+02 2.12968e-12 0.00000e+00
3.90000e+02 2.10085e-12 0.00000e+00
3.91000e+02 2.06927e-12 0.00000e+00
3.92000e+02 2.60452e-12 0.00000e+00
3.93000e+02 2.12541e-12 0.00000e+00
3.94000e+02 1.94975e-12 0.00000e+00
3.95000e+02 2.22002e-12 0.00000e+00
3.96000e+02 2.21588e-12 0.00000e+00
3.97000e+02 2.04314e-12 0.00000e+00
3.98000e+02 2.19269e-12 0.00000e+00
3.99000e+02 2.12011e-12 0.00000e+00
4.00000e+02 2.28281e-12 0.00000e+00
4.01000e+02 2.16988e-12 0.00000e+00
4.02000e+02 2.09218e-12 0.00000e+00
4.03000e+02 2.31957e-12 0.00000e+00
4.04000e+02 2.20134e-12 0.00000e+00
4.05000e+02 2.15121e-12 0.00000e+00
4.06000e+02 1.86694e-12 0.00000e+00
4.07000e+02 1.87237e-12 0.00000e+00
4.08000e+02 2.28376e-12 0.00000e+00
4.09000e+02 1.83094e-12 0.00000e+00
4.10000e+02 2.07925e-12 0.00000e+00
4.11000e+02 2.10836e-12 0.00000e+00
4.12000e+02 1.82284e-12 0.00000e+00
4.13000e+02 2.08819e-12 0.00000e+00
4.14000e+02 2.06598e-12 0.00000e+00
4.15000e+02 2.18610e-12 0.00000e+00
4.16000e+02 1.99518e-12 0.00000e+00
4.17000e+02 1.70478e-12 0.00000e+00
4.18000e+02 1.91131e-12 0.00000e+00
4.19000e+02 2.01976e-12 0.00000e+00
4.20000e+02 2.15600e-12 0.00000e+00
4.21000e+02 1.97676e-12 0.00000e+00
4.22000e+02 1.74949e-12 0.00000e+00
4.23000e+02 1.96224e-12 0.00000e+00
4.24000e+02 1.89249e-12 0.00000e+00
4.25000e+02 1.82558e-12 0.00000e+00
4.26000e+02 1.88770e-12 0.00000e+00
4.27000e+02 2.11662e-12 0.00000e+00
4.28000e+02 1.82609e-12 0.00000e+00
4.29000e+02 1.57702e-12 0.00000e+00
4.30000e+02 1.92300e-12 0.00000e+00
4.31000e+02 1.87687e-12 0.00000e+00
4.32000e+02 1.79913e-12 0.00000e+00
4.33000e+02 1.75257e-12 0.00000e+00
4.34000e+02 2.05522e-12 0.00000e+00
4.35000e+02 1.80713e-12 0.00000e+00
4.36000e+02 1.89818e-12 0.00000e+00
4.37000e+02 1.75393e-12 0.00000e+00
4.38000e+02 1.86363e-12 0.00000e+00
4.39000e+02 1.85348e-12 0.00000e+00
4.40000e+02 1.90814e-12 0.00000e+00
4.41000e+02 1.74328e-12 0.00000e+00
4.42000e+02 1.78558e-12 0.00000e+00
4.43000e+02 1.72458e-12 0.00000e+00
4.44000e+02 1.83857e-12 0.00000e+00
4.45000e+02 1.74437e-12 0.00000e+00
4.46000e+02 1.91175e-12 0.00000e+00
4.47000e+02 1.79344e-12 0.00000e+00
4.48000e+02 1.71459e-12 0.00000e+00
4.49000e+02 1.93072e-12 0.00000e+00
4.50000e+02 1.83823e-12 0.00000e+00
4.51000e+02 1.80406e-12 0.00000e+00
4.52000e+02 1.76108e-12 0.00000e+00
4.53000e+02 1.80766e-12 0.00000e+00
4.54000e+02 1.80019e-12 0.00000e+00
4.55000e+02 1.72830e-12 0.00000e+00
4.56000e+02 1.83899e-12 0.00000e+00
4.57000e+02 1.90331e-12 0.00000e+00
4.58000e+02 1.89568e-12 0.00000e+00
4.59000e+02 1.79366e-12 0.00000e+00
4.60000e+02 1.79551e-12 0.00000e+00
4.61000e+02 1.88531e-12 0.00000e+00
4.62000e+02 1.98326e-12 0.00000e+00
4.63000e+02 1.62372e-12 0.00000e+00
4.64000e+02 1.54533e-12 0.00000e+00
4.65000e+02 1.74879e-12 0.00000e+00
4.66000e+02 1.57133e-12 0.00000e+00
4.67000e+02 1.55583e-12 0.00000e+00
4.68000e+02 1.95431e-12 0.00000e+00
4.69000e+02 1.67400e-12 0.00000e+00
4.70000e+02 1.56822e-12 0.00000e+00
4.71000e+02 1.55256e-12 0.00000e+00
4.72000e+02 1.78448e-12 0.00000e+00
4.73000e+02 1.67763e-12 0.00000e+00
4.74000e+02 1.77994e-12 0.00000e+00
4.75000e+02 1.50401e-12 0.00000e+00
4.76000e+02 1.81424e-12 0.00000e+00
4.77000e+02 1.71052e-12 0.00000e+00
4.78000e+02 1.72283e-12 0.00000e+00
4.79000e+02 1.73971e-12 0.00000e+00
4.80000e+02 1.73380e-12 0.00000e+00
4.81000e+02 1.60692e-12 0.00000e+00
4.82000e+02 1.66663e-12 0.00000e+00
4.83000e+02 1.59629e-12 0.00000e+00
4.84000e+02 1.65635e-12 0.00000e+00
4.85000e+02 1.68498e-12 0.00000e+00
4.86000e+02 1.58483e-12 0.00000e+00
4.87000e+02 1.59527e-12 0.00000e+00
4.88000e+02 1.46492e-12 0.00000e+00
4.89000e+02 1.69053e-12 0.00000e+00
4.90000e+02 1.68094e-12 0.00000e+00
4.91000e+02 1.55011e-12 0.00000e+00
4.92000e+02 1.70541e-12 0.00000e+00
4.93000e+02 1.68015e-12 0.00000e+00
4.94000e+02 1.73530e-12 0.00000e+00
4.95000e+02 1.54507e-12 0.00000e+00
4.96000e+02 1.65641e-12 0.00000e+00
4.97000e+02 1.59447e-12 0.00000e+00
4.98000e+02 1.71766e-12 0.00000e+00
4.99000e+02 1.54750e-12 0.00000e+00
5.00000e+02 1.48194e-12 0.00000e+00
5.01000e+02 1.56013e-12 0.00000e+00
5.02000e+02 1.57123e-12 0.00000e+00
5.03000e+02 1.43143e-12 0.00000e+00
5.04000e+02 1.78406e-12 0.00000e+00
5.05000e+02 1.53918e-12 0.00000e+00
5.06000e+02 1.46311e-12 0.00000e+00
5.07000e+02 1.52073e-12 0.00000e+00
5.08000e+02 1.42810e-12 0.00000e+00
5.09000e+02 1.48204e-12 0.00000e+00
5.10000e+02 1.59211e-12 0.00000e+00
5.11000e+02 1.61779e-12 0.00000e+00
5.12000e+02 1.51306e-12 0.00000e+00
5.13000e+02 1.45737e-12 0.00000e+00
5.14000e+02 1.43995e-12 0.00000e+00
5.15000e+02 1.42151e-12 0.00000e+00
5.16000e+02 1.51369e-12 0.00000e+00
5.17000e+02 1.50346e-12 0.00000e+00
5.18000e+02 1.50649e-12 0.00000e+00
5.19000e+02 1.57381e-12 0.00000e+00
5.20000e+02 1.31288e-12 0.00000e+00
5.21000e+02 1.41259e-12 0.00000e+00
5.22000e+02 1.40844e-12 0.00000e+00
5.23000e+02 1.53819e-12 0.00000e+00
5.24000e+02 1.42345e-12 0.00000e+00
5.25000e+02 1.42066e-12 0.00000e+00
5.26000e+02 1.37298e-12 0.00000e+00
5.27000e+02 1.29019e-12 0.00000e+00
5.28000e+02 1.43167e-12 0.00000e+00
5.29000e+02 1.34953e-12 0.00000e+00
5.30000e+02 1.36937e-12 0.00000e+00
5.31000e+02 1.48765e-12 0.00000e+00
5.32000e+02 1.31511e-12 0.00000e+00
5.33000e+02 1.33609e-12 0.00000e+00
5.34000e+02 1.47255e-12 0.00000e+00
5.35000e+02 1.34195e-12 0.00000e+00
5.36000e+02 1.36952e-12 0.00000e+00
5.37000e+02 1.42709e-12 0.00000e+00
5.38000e+02 1.16431e-12 0.00000e+00
5.39000e+02 1.42175e-12 0.00000e+00
5.40000e+02 1.50210e-12 0.00000e+00
5.41000e+02 1.43691e-12 0.00000e+00
5.42000e+02 1.33289e-12 0.00000e+00
5.43000e+02 1.28585e-12 0.00000e+00
5.44000e+02 1.33640e-12 0.00000e+00
5.45000e+02 1.53894e-12 0.00000e+00
5.46000e+02 1.20063e-12 0.00000e+00
5.47000e+02 1.42811e-12 0.00000e+00
5.48000e+02 1.36411e-12 0.00000e+00
5.49000e+02 1.32306e-12 0.00000e+00
5.50000e+02 1.21903e-12 0.00000e+00
5.51000e+02 1.22461e-12 0.00000e+00
5.52000e+02 1.33546e-12 0.00000e+00
5.53000e+02 1.38963e-12 0.00000e+00
5.54000e+02 1.21527e-12 0.00000e+00
5.55000e+02 1.34087e-12 0.00000e+00
5.56000e+02 1.30838e-12 0.00000e+00
5.57000e+02 1.53194e-12 0.00000e+00
5.58000e+02 1.26832e-12 0.00000e+00
5.59000e+02 1.41109e-12 0.00000e+00
5.60000e+02 1.22840e-12 0.00000e+00
5.61000e+02 1.26609e-12 0.00000e+00
5.62000e+02 1.18533e-12 0.00000e+00
5.63000e+02 1.19284e-12 0.00000e+00
5.64000e+02 1.21896e-12 0.00000e+00
5.65000e+02 1.14053e-12 0.00000e+00
5.66000e+02 1.17525e-12 0.00000e+00
5.67000e+02 1.24716e-12 0.00000e+00
5.68000e+02 1.17237e-12 0.00000e+00
5.69000e+02 1.28520e-12 0.00000e+00
5.70000e+02 1.23651e-12 0.00000e+00
5.71000e+02 1.30903e-12 0.00000e+00
5.72000e+02 1.37863e-12 0.00000e+00
5.73000e+02 1.31471e-12 0.00000e+00
5.74000e+02 1.26300e-12 0.00000e+00
5.75000e+02 1.24359e-12 0.00000e+00
5.76000e+02 1.30039e-12 0.00000e+00
5.77000e+02 1.26829e-12 0.00000e+00
5.78000e+02 1.14578e-12 0.00000e+00
5.79000e+02 1.23746e-12 0.00000e+00
5.80000e+02 1.09913e-12 0.00000e+00
5.81000e+02 1.14193e-12 0.00000e+00
5.82000e+02 1.03769e-12 0.00000e+00
5.83000e+02 1.17857e-12 0.00000e+00
5.84000e+02 1.31457e-12 0.00000e+00
5.85000e+02 1.20118e-12 0.00000e+00
5.86000e+02 1.20033e-12 0.00000e+00
5.87000e+02 1.21181e-12 0.00000e+00
5.88000e+02 1.08721e-12 0.00000e+00
5.89000e+02 1.14051e-12 0.00000e+00
5.90000e+02 1.14139e-12 0.00000e+00
5.91000e+02 1.19383e-12 0.00000e+00
5.92000e+02 1.26176e-12 0.00000e+00
5.93000e+02 1.18729e-12 0.00000e+00
5.94000e+02 1.11664e-12 0.00000e+00
5.95000e+02 1.13988e-12 0.00000e+00
5.96000e+02 1.14045e-12 0.00000e+00
5.97000e+02 1.08895e-12 0.00000e+00
5.98000e+02 1.19561e-12 0.00000e+00
5.99000e+02 1.08944e-12 0.00000e+00
6.00000e+02 1.14572e-12 0.00000e+00
6.01000e+02 1.23215e-12 0.00000e+00
6.02000e+02 1.16952e-12 0.00000e+00
6.03000e+02 1.15230e-12 0.00000e+00
6.04000e+02 1.13506e-12 0.00000e+00
6.05000e+02 1.08625e-12 0.00000e+00
6.06000e+02 1.09374e-12 0.00000e+00
6.07000e+02 1.04394e-12 0.00000e+00
6.08000e+02 1.14038e-12 0.00000e+00
6.09000e+02 1.02858e-12 0.00000e+00
6.10000e+02 1.10639e-12 0.00000e+00
6.11000e+02 1.07532e-12 0.00000e+00
6.12000e+02 1.09471e-12 0.00000e+00
6.13000e+02 1.07056e-12 0.00000e+00
6.14000e+02 1.05058e-12 0.00000e+00
6.15000e+02 1.02678e-12 0.00000e+00
6.16000e+02 1.07846e-12 0.00000e+00
6.17000e+02 1.11499e-12 0.00000e+00
6.18000e+02 9.72275e-13 0.00000e+00
6.19000e+02 1.10036e-12 0.00000e+00
6.20000e+02 1.11007e-12 0.00000e+00
6.21000e+02 1.04330e-12 0.00000e+00
6.22000e+02 1.00021e-12 0.00000e+00
6.23000e+02 1.01283e-12 0.00000e+00
6.24000e+02 1.06247e-12 0.00000e+00
6.25000e+02 1.10208e-12 0.00000e+00
6.26000e+02 1.02495e-12 0.00000e+00
6.27000e+02 1.00238e-12 0.00000e+00
6.28000e+02 1.04167e-12 0.00000e+00
6.29000e+02 1.06709e-12 0.00000e+00
6.30000e+02 9.93320e-13 0.00000e+00
6.31000e+02 1.00093e-12 0.00000e+00
6.32000e+02 1.06467e-12 0.00000e+00
6.33000e+02 1.00965e-12 0.00000e+00
6.34000e+02 1.07190e-12 0.00000e+00
6.35000e+02 1.02291e-12 0.00000e+00
6.36000e+02 1.00465e-12 0.00000e+00
6.37000e+02 1.09962e-12 0.00000e+00
6.38000e+02 9.71856e-13 0.00000e+00
6.39000e+02 1.06065e-12 0.00000e+00
6.40000e+02 1.00035e-12 0.00000e+00
6.41000e+02 1.02670e-12 0.00000e+00
6.42000e+02 9.00882e-13 0.00000e+00
6.43000e+02 1.03337e-12 0.00000e+00
6.44000e+02 1.08633e-12 0.00000e+00
6.45000e+02 9.89995e-13 0.00000e+00
6.46000e+02 1.08962e-12 0.00000e+00
6.47000e+02 9.35266e-13 0.00000e+00
6.48000e+02 9.25336e-13 0.00000e+00
6.49000e+02 8.62528e-13 0.00000e+00
6.50000e+02 1.04332e-12 0.00000e+00
6.51000e+02 9.66371e-13 0.00000e+00
6.52000e+02 9.87938e-13 0.00000e+00
6.53000e+02 9.21484e-13 0.00000e+00
6.54000e+02 9.27969e-13 0.00000e+00
6.55000e+02 9.16394e-13 0.00000e+00
6.56000e+02 1.02759e-12 0.00000e+00
6.57000e+02 9.23615e-13 0.00000e+00
6.58000e+02 9.80752e-13 0.00000e+00
6.59000e+02 9.79596e-13 0.00000e+00
6.60000e+02 8.49567e-13 0.00000e+00
6.61000e+02 8.66464e-13 0.00000e+00
6.62000e+02 9.11666e-13 0.00000e+00
6.63000e+02 8.83801e-13 0.00000e+00
6.64000e+02 9.19375e-13 0.00000e+00
6.65000e+02 9.59305e-13 0.00000e+00
6.66000e+02 8.89834e-13 0.00000e+00
6.67000e+02 9.29938e-13 0.00000e+00
6.68000e+02 8.12791e-13 0.00000e+00
6.69000e+02 9.34933e-13 0.00000e+00
6.70000e+02 9.16137e-13 0.00000e+00
6.71000e+02 9.85193e-13 0.00000e+00
6.72000e+02 8.67716e-13 0.00000e+00
6.73000e+02 8.83314e-13 0.00000e+00
6.74000e+02 8.47290e-13 0.00000e+00
6.75000e+02 7.92526e-13 0.00000e+00
6.76000e+02 9.08362e-13 0.00000e+00
6.77000e+02 8.22408e-13 0.00000e+00
6.78000e+02 1.00986e-12 0.00000e+00
6.79000e+02 8.64265e-13 0.00000e+00
6.80000e+02 8.83589e-13 0.00000e+00
6.81000e+02 9.02356e-13 0.00000e+00
6.82000e+02 8.51922e-13 0.00000e+00
6.83000e+02 8.72490e-13 0.00000e+00
6.84000e+02 8.14355e-13 0.00000e+00
6.85000e+02 9.35796e-13 0.00000e+00
6.86000e+02 7.95333e-13 0.00000e+00
6.87000e+02 8.11138e-13 0.00000e+00
6.88000e+02 8.10618e-13 0.00000e+00
6.89000e+02 7.88855e-13 0.00000e+00
6.90000e+02 8.50286e-13 0.00000e+00
6.91000e+02 8.77410e-13 0.00000e+00
6.92000e+02 8.29943e-13 0.00000e+00
6.93000e+02 9.32648e-13 0.00000e+00
6.94000e+02 8.53910e-13 0.00000e+00
6.95000e+02 9.19374e-13 0.00000e+00
6.96000e+02 8.79620e-13 0.00000e+00
6.97000e+02 8.20919e-13 0.00000e+00
6.98000e+02 8.46218e-13 0.00000e+00
6.99000e+02 8.43577e-13 0.00000e+00
7.00000e+02 8.71664e-13 0.00000e+00
7.01000e+02 8.58294e-13 0.00000e+00
7.02000e+02 8.12754e-13 0.00000e+00
7.03000e+02 6.44134e-13 0.00000e+00
7.04000e+02 7.10015e-13 0.00000e+00
7.05000e+02 7.87225e-13 0.00000e+00
7.06000e+02 8.35218e-13 0.00000e+00
7.07000e+02 8.51027e-13 0.00000e+00
7.08000e+02 7.31140e-13 0.00000e+00
7.09000e+02 7.82314e-13 0.00000e+00
7.10000e+02 8.08117e-13 0.00000e+00
7.11000e+02 7.90767e-13 0.00000e+00
7.12000e+02 7.78355e-13 0.00000e+00
7.13000e+02 7.66915e-13 0.00000e+00
7.14000e+02 7.12333e-13 0.00000e+00
7.15000e+02 7.41116e-13 0.00000e+00
7.16000e+02 7.04302e-13 0.00000e+00
7.17000e+02 7.71844e-13 0.00000e+00
7.18000e+02 7.42223e-13 0.00000e+00
7.19000e+02 7.28101e-13 0.00000e+00
7.20000e+02 7.50705e-13 0.00000e+00
7.21000e+02 7.78846e-13 0.00000e+00
7.22000e+02 8.21863e-13 0.00000e+00
7.23000e+02 7.08614e-13 0.00000e+00
7.24000e+02 7.34419e-13 0.00000e+00
7.25000e+02 8.16772e-13 0.00000e+00
7.26000e+02 6.70156e-13 0.00000e+00
7.27000e+02 8.17639e-13 0.00000e+00
7.28000e+02 6.99719e-13 0.00000e+00
7.29000e+02 7.66410e-13 0.00000e+00
7.30000e+02 7.93878e-13 0.00000e+00
7.31000e+02 7.51186e-13 0.00000e+00
7.32000e+02 7.97122e-13 0.00000e+00
7.33000e+02 7.27544e-13 0.00000e+00
7.34000e+02 8.13620e-13 0.00000e+00
7.35000e+02 7.72366e-13 0.00000e+00
7.36000e+02 7.24158e-13 0.00000e+00
7.37000e+02 7.16929e-13 0.00000e+00
7.38000e+02 7.00687e-13 0.00000e+00
7.39000e+02 7.08194e-13 0.00000e+00
7.40000e+02 7.23323e-13 0.00000e+00
7.41000e+02 7.31418e-13 0.00000e+00
7.42000e+02 6.71783e-13 0.00000e+00
7.43000e+02 7.39340e-13 0.00000e+00
7.44000e+02 6.96380e-13 0.00000e+00
7.45000e+02 7.17621e-13 0.00000e+00
7.46000e+02 6.15276e-13 0.00000e+00
7.47000e+02 6.50122e-13 0.00000e+00
7.48000e+02 6.37573e-13 0.00000e+00
7.49000e+02 6.81954e-13 0.00000e+00
7.50000e+02 7.00965e-13 0.00000e+00
7.51000e+02 7.30974e-13 0.00000e+00
7.52000e+02 6.73559e-13 0.00000e+00
7.53000e+02 6.76852e-13 0.00000e+00
7.54000e+02 6.54362e-13 0.00000e+00
7.55000e+02 6.46398e-13 0.00000e+00
7.56000e+02 6.49128e-13 0.00000e+00
7.57000e+02 7.57733e-13 0.00000e+00
7.58000e+02 6.98571e-13 0.00000e+00
7.59000e+02 7.20502e-13 0.00000e+00
7.60000e+02 7.10599e-13 0.00000e+00
7.61000e+02 7.10700e-13 0.00000e+00
7.62000e+02 6.63129e-13 0.00000e+00
7.63000e+02 6.37566e-13 0.00000e+00
7.64000e+02 6.32687e-13 0.00000e+00
7.65000e+02 6.68434e-13 0.00000e+00
7.66000e+02 6.29592e-13 0.00000e+00
7.67000e+02 6.64134e-13 0.00000e+00
7.68000e+02 6.64851e-13 0.00000e+00
7.69000e+02 5.77871e-13 0.00000e+00
7.70000e+02 6.63177e-13 0.00000e+00
7.71000e+02 6.67228e-13 0.00000e+00
7.72000e+02 6.82220e-13 0.00000e+00
7.73000e+02 6.35805e-13 0.00000e+00
7.74000e+02 6.66788e-13 0.00000e+00
7.75000e+02 6.12851e-13 0.00000e+00
7.76000e+02 6.00714e-13 0.00000e+00
7.77000e+02 6.29345e-13 0.00000e+00
7.78000e+02 6.34488e-13 0.00000e+00
7.79000e+02 6.60317e-13 0.00000e+00
7.80000e+02 6.68021e-13 0.00000e+00
7.81000e+02 6.17087e-13 0.00000e+00
7.82000e+02 6.51088e-13 0.00000e+00
7.83000e+02 5.89526e-13 0.00000e+00
7.84000e+02 5.89425e-13 0.00000e+00
7.85000e+02 6.38269e-13 0.00000e+00
7.86000e+02 5.45865e-13 0.00000e+00
7.87000e+02 6.88365e-13 0.00000e+00
7.88000e+02 6.44468e-13 0.00000e+00
7.89000e+02 5.98325e-13 0.00000e+00
7.90000e+02 5.92523e-13 0.00000e+00
7.91000e+02 5.51146e-13 0.00000e+00
7.92000e+02 6.07257e-13 0.00000e+00
7.93000e+02 5.83252e-13 0.00000e+00
7.94000e+02 5.88656e-13 0.00000e+00
7.95000e+02 5.81371e-13 0.00000e+00
7.96000e+02 6.10939e-13 0.00000e+00
7.97000e+02 5.97996e-13 0.00000e+00
7.98000e+02 5.94555e-13 0.00000e+00
7.99000e+02 5.40654e-13 0.00000e+00
8.00000e+02 6.09772e-13 0.00000e+00
8.01000e+02 6.21465e-13 0.00000e+00
8.02000e+02 5.69308e-13 0.00000e+00
8.03000e+02 5.33021e-13 0.00000e+00
8.04000e+02 5.54974e-13 0.00000e+00
8.05000e+02 5.46902e-13 0.00000e+00
8.06000e+02 5.76611e-13 0.00000e+00
8.07000e+02 5.31409e-13 0.00000e+00
8.08000e+02 5.95051e-13 0.00000e+00
8.09000e+02 5.61552e-13 0.00000e+00
8.10000e+02 5.80642e-13 0.00000e+00
8.11000e+02 5.39671e-13 0.00000e+00
8.12000e+02 5.29456e-13 0.00000e+00
8.13000e+02 5.54468e-13 0.00000e+00
8.14000e+02 5.70156e-13 0.00000e+00
8.15000e+02 5.49388e-13 0.00000e+00
8.16000e+02 5.26786e-13 0.00000e+00
8.17000e+02 4.79399e-13 0.00000e+00
8.18000e+02 5.30178e-13 0.00000e+00
8.19000e+02 5.11278e-13 0.00000e+00
8.20000e+02 5.34681e-13 0.00000e+00
8.21000e+02 5.28853e-13 0.00000e+00
8.22000e+02 5.25204e-13 0.00000e+00
8.23000e+02 5.09851e-13 0.00000e+00
8.24000e+02 5.12497e-13 0.00000e+00
8.25000e+02 5.27700e-13 0.00000e+00
8.26000e+02 5.43340e-13 0.00000e+00
8.27000e+02 5.61289e-13 0.00000e+00
8.28000e+02 5.57549e-13 0.00000e+00
8.29000e+02 5.42322e-13 0.00000e+00
8.30000e+02 5.37508e-13 0.00000e+00
8.31000e+02 5.49212e-13 0.00000e+00
8.32000e+02 4.89808e-13 0.00000e+00
8.33000e+02 4.62645e-13 0.00000e+00
8.34000e+02 5.50925e-13 0.00000e+00
8.35000e+02 5.32158e-13 0.00000e+00
8.36000e+02 4.92861e-13 0.00000e+00
8.37000e+02 4.97804e-13 0.00000e+00
8.38000e+02 4.87482e-13 0.00000e+00
8.39000e+02 5.01099e-13 0.00000e+00
8.40000e+02 5.26765e-13 0.00000e+00
8.41000e+02 5.20251e-13 0.00000e+00
8.42000e+02 4.91736e-13 0.00000e+00
8.43000e+02 5.03882e-13 0.00000e+00
8.44000e+02 5.19351e-13 0.00000e+00
8.45000e+02 5.02542e-13 0.00000e+00
8.46000e+02 5.41363e-13 0.00000e+00
8.47000e+02 4.88242e-13 0.00000e+00
8.48000e+02 5.11615e-13 0.00000e+00
8.49000e+02 4.50535e-13 0.00000e+00
8.50000e+02 4.89406e-13 0.00000e+00
8.51000e+02 5.05383e-13 0.00000e+00
8.52000e+02 4.75626e-13 0.00000e+00
8.53000e+02 4.89789e-13 0.00000e+00
8.54000e+02 4.86107e-13 0.00000e+00
8.55000e+02 4.83954e-13 0.00000e+00
8.56000e+02 4.72926e-13 0.00000e+00
8.57000e+02 4.84750e-13 0.00000e+00
8.58000e+02 5.16213e-13 0.00000e+00
8.59000e+02 4.83606e-13 0.00000e+00
8.60000e+02 4.92472e-13 0.00000e+00
8.61000e+02 4.65090e-13 0.00000e+00
8.62000e+02 4.39013e-13 0.00000e+00
8.63000e+02 4.38305e-13 0.00000e+00
8.64000e+02 4.28694e-13 0.00000e+00
8.65000e+02 4.40236e-13 0.00000e+00
8.66000e+02 4.67163e-13 0.00000e+00
8.67000e+02 4.32217e-13 0.00000e+00
8.68000e+02 4.30146e-13 0.00000e+00
8.69000e+02 4.94123e-13 0.00000e+00
8.70000e+02 4.93462e-13 0.00000e+00
8.71000e+02 4.38327e-13 0.00000e+00
8.72000e+02 4.51594e-13 0.00000e+00
8.73000e+02 4.54408e-13 0.00000e+00
8.74000e+02 4.29728e-13 0.00000e+00
8.75000e+02 4.30580e-13 0.00000e+00
8.76000e+02 4.18843e-13 0.00000e+00
8.77000e+02 4.39005e-13 0.00000e+00
8.78000e+02 4.77091e-13 0.00000e+00
8.79000e+02 4.34499e-13 0.00000e+00
8.80000e+02 4.28867e-13 0.00000e+00
8.81000e+02 3.96813e-13 0.00000e+00
8.82000e+02 4.37837e-13 0.00000e+00
8.83000e+02 4.06214e-13 0.00000e+00
8.84000e+02 4.46405e-13 0.00000e+00
8.85000e+02 4.17348e-13 0.00000e+00
8.86000e+02 4.42608e-13 0.00000e+00
8.87000e+02 4.18279e-13 0.00000e+00
8.88000e+02 4.22339e-13 0.00000e+00
8.89000e+02 4.01246e-13 0.00000e+00
8.90000e+02 4.13108e-13 0.00000e+00
8.91000e+02 4.15895e-13 0.00000e+00
8.92000e+02 4.46536e-13 0.00000e+00
8.93000e+02 4.11149e-13 0.00000e+00
8.94000e+02 3.98725e-13 0.00000e+00
8.95000e+02 4.29837e-13 0.00000e+00
8.96000e+02 3.99182e-13 0.00000e+00
8.97000e+02 4.29919e-13 0.00000e+00
8.98000e+02 4.36062e-13 0.00000e+00
8.99000e+02 4.09311e-13 0.00000e+00
9.00000e+02 3.96223e-13 0.00000e+00
9.01000e+02 4.01645e-13 0.00000e+00
9.02000e+02 4.04494e-13 0.00000e+00
9.03000e+02 4.10776e-13 0.00000e+00
9.04000e+02 3.91061e-13 0.00000e+00
9.05000e+02 4.12792e-13 0.00000e+00
9.06000e+02 3.80711e-13 0.00000e+00
9.07000e+02 4.15359e-13 0.00000e+00
9.08000e+02 3.92493e-13 0.00000e+00
9.09000e+02 4.04955e-13 0.00000e+00
9.10000e+02 3.66322e-13 0.00000e+00
9.11000e+02 3.79223e-13 0.00000e+00
9.12000e+02 4.19963e-13 0.00000e+00
9.13000e+02 3.80000e-13 0.00000e+00
9.14000e+02 3.78987e-13 0.00000e+00
9.15000e+02 3.95267e-13 0.00000e+00
9.16000e+02 3.83808e-13 0.00000e+00
9.17000e+02 3.73728e-13 0.00000e+00
9.18000e+02 4.01417e-13 0.00000e+00
9.19000e+02 3.75377e-13 0.00000e+00
9.20000e+02 3.89235e-13 0.00000e+00
9.21000e+02 3.79652e-13 0.00000e+00
9.22000e+02 3.87216e-13 0.00000e+00
9.23000e+02 3.65247e-13 0.00000e+00
9.24000e+02 3.67274e-13 0.00000e+00
9.25000e+02 3.75641e-13 0.00000e+00
9.26000e+02 3.60331e-13 0.00000e+00
9.27000e+02 4.05586e-13 0.00000e+00
9.28000e+02 3.56963e-13 0.00000e+00
9.29000e+02 3.39732e-13 0.00000e+00
9.30000e+02 3.72845e-13 0.00000e+00
9.31000e+02 3.57007e-13 0.00000e+00
9.32000e+02 3.32959e-13 0.00000e+00
9.33000e+02 3.86866e-13 0.00000e+00
9.34000e+02 3.43426e-13 0.00000e+00
9.35000e+02 3.31496e-13 0.00000e+00
9.36000e+02 3.70938e-13 0.00000e+00
9.37000e+02 3.38620e-13 0.00000e+00
9.38000e+02 3.59718e-13 0.00000e+00
9.39000e+02 3.50101e-13 0.00000e+00
9.40000e+02 3.53106e-13 0.00000e+00
9.41000e+02 3.37317e-13 0.00000e+00
9.42000e+02 3.66032e-13 0.00000e+00
9.43000e+02 3.55416e-13 0.00000e+00
9.44000e+02 3.56489e-13 0.00000e+00
9.45000e+02 3.46865e-13 0.00000e+00
9.46000e+02 3.41722e-13 0.00000e+00
9.47000e+02 3.49310e-13 0.00000e+00
9.48000e+02 3.39295e-13 0.00000e+00
9.49000e+02 3.26440e-13 0.00000e+00
9.50000e+02 3.35836e-13 0.00000e+00
9.51000e+02 3.30172e-13 0.00000e+00
9.52000e+02 3.35493e-13 0.00000e+00
9.53000e+02 3.08501e-13 0.00000e+00
9.54000e+02 3.31446e-13 0.00000e+00
9.55000e+02 3.67244e-13 0.00000e+00
9.56000e+02 3.47289e-13 0.00000e+00
9.57000e+02 2.93763e-13 0.00000e+00
9.58000e+02 3.30967e-13 0.00000e+00
9.59000e+02 3.23467e-13 0.00000e+00
9.60000e+02 3.33268e-13 0.00000e+00
9.61000e+02 3.24007e-13 0.00000e+00
9.62000e+02 3.01492e-13 0.00000e+00
9.63000e+02 3.28038e-13 0.00000e+00
9.64000e+02 3.31437e-13 0.00000e+00
9.65000e+02 3.36607e-13 0.00000e+00
9.66000e+02 3.09637e-13 0.00000e+00
9.67000e+02 3.06600e-13 0.00000e+00
9.68000e+02 3.02512e-13 0.00000e+00
9.69000e+02 2.89361e-13 0.00000e+00
9.70000e+02 3.19303e-13 0.00000e+00
9.71000e+02 3.40036e-13 0.00000e+00
9.72000e+02 3.08359e-13 0.00000e+00
9.73000e+02 2.79499e-13 0.00000e+00
9.74000e+02 3.28332e-13 0.00000e+00
9.75000e+02 3.20175e-13 0.00000e+00
9.76000e+02 2.79874e-13 0.00000e+00
9.77000e+02 3.26300e-13 0.00000e+00
9.78000e+02 2.87496e-13 0.00000e+00
9.79000e+02 2.92995e-13 0.00000e+00
9.80000e+02 2.89660e-13 0.00000e+00
9.81000e+02 2.92652e-13 0.00000e+00
9.82000e+02 3.03403e-13 0.00000e+00
9.83000e+02 3.14752e-13 0.00000e+00
9.84000e+02 3.10709e-13 0.00000e+00
9.85000e+02 3.30439e-13 0.00000e+00
9.86000e+02 3.01704e-13 0.00000e+00
9.87000e+02 3.05570e-13 0.00000e+00
9.88000e+02 2.96253e-13 0.00000e+00
9.89000e+02 2.75973e-13 0.00000e+00
9.90000e+02 2.69583e-13 0.00000e+00
9.91000e+02 2.92404e-13 0.00000e+00
9.92000e+02 2.89668e-13 0.00000e+00
9.93000e+02 2.79747e-13 0.00000e+00
9.94000e+02 2.77736e-13 0.00000e+00
9.95000e+02 2.76162e-13 0.00000e+00
9.96000e+02 2.90572e-13 0.00000e+00
9.97000e+02 2.59207e-13 0.00000e+00
9.98000e+02 2.66866e-13 0.00000e+00
9.99000e+02 2.74515e-13 0.00000e+00
1.00000e+03 2.90836e-13 0.00000e+00
1.00100e+03 2.66854e-13 0.00000e+00
1.00200e+03 2.80750e-13 0.00000e+00
1.00300e+03 2.75685e-13 0.00000e+00
1.00400e+03 2.72894e-13 0.00000e+00
1.00500e+03 2.75336e-13 0.00000e+00
1.00600e+03 2.70437e-13 0.00000e+00
1.00700e+03 2.75830e-13 0.00000e+00
1.00800e+03 2.83685e-13 0.00000e+00
1.00900e+03 2.76347e-13 0.00000e+00
1.01000e+03 2.70241e-13 0.00000e+00
1.01100e+03 2.75672e-13 0.00000e+00
1.01200e+03 2.43624e-13 0.00000e+00
1.01300e+03 2.58904e-13 0.00000e+00
1.01400e+03 2.64998e-13 0.00000e+00
1.01500e+03 2.53954e-13 0.00000e+00
1.01600e+03 2.62526e-13 0.00000e+00
1.01700e+03 2.60068e-13 0.00000e+00
1.01800e+03 2.59327e-13 0.00000e+00
1.01900e+03 2.65313e-13 0.00000e+00
1.02000e+03 2.64151e-13 0.00000e+00
1.02100e+03 2.55833e-13 0.00000e+00
1.02200e+03 2.45091e-13 0.00000e+00
1.02300e+03 2.60895e-13 0.00000e+00
1.02400e+03 2.66508e-13 0.00000e+00
1.02500e+03 2.55417e-13 0.00000e+00
1.02600e+03 2.39057e-13 0.00000e+00
1.02700e+03 2.31332e-13 0.00000e+00
1.02800e+03 2.42899e-13 0.00000e+00
1.02900e+03 2.51042e-13 0.00000e+00
1.03000e+03 2.32998e-13 0.00000e+00
1.03100e+03 2.54526e-13 0.00000e+00
1.03200e+03 2.37133e-13 0.00000e+00
1.03300e+03 2.40386e-13 0.00000e+00
1.03400e+03 2.22884e-13 0.00000e+00
1.03500e+03 2.33916e-13 0.00000e+00
1.03600e+03 2.42408e-13 0.00000e+00
1.03700e+03 2.31034e-13 0.00000e+00
1.03800e+03 2.29768e-13 0.00000e+00
1.03900e+03 2.31980e-13 0.00000e+00
1.04000e+03 2.51573e-13 0.00000e+00
1.04100e+03 2.44619e-13 0.00000e+00
1.04200e+03 2.31538e-13 0.00000e+00
1.04300e+03 2.41862e-13 0.00000e+00
1.04400e+03 2.44337e-13 0.00000e+00
1.04500e+03 2.26423e-13 0.00000e+00
1.04600e+03 2.42356e-13 0.00000e+00
1.04700e+03 2.30255e-13 0.00000e+00
1.04800e+03 2.27124e-13 0.00000e+00
1.04900e+03 2.27491e-13 0.00000e+00
1.05000e+03 2.36224e-13 0.00000e+00
1.05100e+03 2.28415e-13 0.00000e+00
1.05200e+03 2.39280e-13 0.00000e+00
1.05300e+03 2.45591e-13 0.00000e+00
1.05400e+03 2.32507e-13 0.00000e+00
1.05500e+03 2.42984e-13 0.00000e+00
1.05600e+03 2.26869e-13 0.00000e+00
1.05700e+03 2.27612e-13 0.00000e+00
1.05800e+03 2.17195e-13 0.00000e+00
1.05900e+03 2.12325e-13 0.00000e+00
1.06000e+03 2.11901e-13 0.00000e+00
1.06100e+03 2.21640e-13 0.00000e+00
1.06200e+03 2.36681e-13 0.00000e+00
1.06300e+03 2.38946e-13 0.00000e+00
1.06400e+03 2.26841e-13 0.00000e+00
1.06500e+03 2.17151e-13 0.00000e+00
1.06600e+03 2.08305e-13 0.00000e+00
1.06700e+03 1.94731e-13 0.00000e+00
1.06800e+03 2.07825e-13 0.00000e+00
1.06900e+03 2.06563e-13 0.00000e+00
1.07000e+03 2.01825e-13 0.00000e+00
1.07100e+03 2.11063e-13 0.00000e+00
1.07200e+03 2.14233e-13 0.00000e+00
1.07300e+03 1.97399e-13 0.00000e+00
1.07400e+03 2.13431e-13 0.00000e+00
1.07500e+03 2.02115e-13 0.00000e+00
1.07600e+03 1.96649e-13 0.00000e+00
1.07700e+03 2.03753e-13 0.00000e+00
1.07800e+03 2.10763e-13 0.00000e+00
1.07900e+03 2.24484e-13 0.00000e+00
1.08000e+03 2.16212e-13 0.00000e+00
1.08100e+03 1.90122e-13 0.00000e+00
1.08200e+03 1.97403e-13 0.00000e+00
1.08300e+03 1.93840e-13 0.00000e+00
1.08400e+03 1.85896e-13 0.00000e+00
1.08500e+03 2.11803e-13 0.00000e+00
1.08600e+03 1.93348e-13 0.00000e+00
1.08700e+03 2.06994e-13 0.00000e+00
1.08800e+03 2.05182e-13 0.00000e+00
1.08900e+03 1.96278e-13 0.00000e+00
1.09000e+03 1.89379e-13 0.00000e+00
1.09100e+03 1.84260e-13 0.00000e+00
1.09200e+03 1.89523e-13 0.00000e+00
1.09300e+03 2.04769e-13 0.00000e+00
1.09400e+03 1.97283e-13 0.00000e+00
1.09500e+03 1.91868e-13 0.00000e+00
1.09600e+03 1.92642e-13 0.00000e+00
1.09700e+03 1.75869e-13 0.00000e+00
1.09800e+03 1.81789e-13 0.00000e+00
1.09900e+03 1.79120e-13 0.00000e+00
1.10000e+03 1.85900e-13 0.00000e+00
1.10100e+03 1.82483e-13 0.00000e+00
1.10200e+03 1.79523e-13 0.00000e+00
1.10300e+03 1.99259e-13 0.00000e+00
1.10400e+03 1.83251e-13 0.00000e+00
1.10500e+03 1.68440e-13 0.00000e+00
1.10600e+03 1.89991e-13 0.00000e+00
1.10700e+03 1.88090e-13 0.00000e+00
1.10800e+03 1.88698e-13 0.00000e+00
1.10900e+03 1.84654e-13 0.00000e+00
1.11000e+03 1.83498e-13 0.00000e+00
1.11100e+03 1.81963e-13 0.00000e+00
1.11200e+03 1.83642e-13 0.00000e+00
1.11300e+03 1.75795e-13 0.00000e+00
1.11400e+03 1.65490e-13 0.00000e+00
1.11500e+03 1.71387e-13 0.00000e+00
1.11600e+03 1.79680e-13 0.00000e+00
1.11700e+03 1.75591e-13 0.00000e+00
1.11800e+03 1.78079e-13 0.00000e+00
1.11900e+03 1.87511e-13 0.00000e+00
1.12000e+03 1.70201e-13 0.00000e+00
1.12100e+03 1.86738e-13 0.00000e+00
1.12200e+03 1.71067e-13 0.00000e+00
1.12300e+03 1.72417e-13 0.00000e+00
1.12400e+03 1.62970e-13 0.00000e+00
1.12500e+03 1.63876e-13 0.00000e+00
1.12600e+03 1.61662e-13 0.00000e+00
1.12700e+03 1.65475e-13 0.00000e+00
1.12800e+03 1.65844e-13 0.00000e+00
1.12900e+03 1.72943e-13 0.00000e+00
1.13000e+03 1.67344e-13 0.00000e+00
1.13100e+03 1.69063e-13 0.00000e+00
1.13200e+03 1.59229e-13 0.00000e+00
1.13300e+03 1.70088e-13 0.00000e+00
1.13400e+03 1.58732e-13 0.00000e+00
1.13500e+03 1.61997e-13 0.00000e+00
1.13600e+03 1.51583e-13 0.00000e+00
1.13700e+03 1.58893e-13 0.00000e+00
1.13800e+03 1.73671e-13 0.00000e+00
1.13900e+03 1.75145e-13 0.00000e+00
1.14000e+03 1.68270e-13 0.00000e+00
1.14100e+03 1.62244e-13 0.00000e+00
1.14200e+03 1.60070e-13 0.00000e+00
1.14300e+03 1.58635e-13 0.00000e+00
1.14400e+03 1.56542e-13 0.00000e+00
1.14500e+03 1.57000e-13 0.00000e+00
1.14600e+03 1.50827e-13 0.00000e+00
1.14700e+03 1.59841e-13 0.00000e+00
1.14800e+03 1.51892e-13 0.00000e+00
1.14900e+03 1.55104e-13 0.00000e+00
1.15000e+03 1.57786e-13 0.00000e+00
1.15100e+03 1.46181e-13 0.00000e+00
1.15200e+03 1.56859e-13 0.00000e+00
1.15300e+03 1.53580e-13 0.00000e+00
1.15400e+03 1.58719e-13 0.00000e+00
1.15500e+03 1.48501e-13 0.00000e+00
1.15600e+03 1.51322e-13 0.00000e+00
1.15700e+03 1.65820e-13 0.00000e+00
1.15800e+03 1.50785e-13 0.00000e+00
1.15900e+03 1.55822e-13 0.00000e+00
1.16000e+03 1.48344e-13 0.00000e+00
1.16100e+03 1.37888e-13 0.00000e+00
1.16200e+03 1.46758e-13 0.00000e+00
1.16300e+03 1.50666e-13 0.00000e+00
1.16400e+03 1.41156e-13 0.00000e+00
1.16500e+03 1.45662e-13 0.00000e+00
1.16600e+03 1.52218e-13 0.00000e+00
1.16700e+03 1.44185e-13 0.00000e+00
1.16800e+03 1.47851e-13 0.00000e+00
1.16900e+03 1.46732e-13 0.00000e+00
1.17000e+03 1.42568e-13 0.00000e+00
1.17100e+03 1.34581e-13 0.00000e+00
1.17200e+03 1.45953e-13 0.00000e+00
1.17300e+03 1.39308e-13 0.00000e+00
1.17400e+03 1.53098e-13 0.00000e+00
1.17500e+03 1.46567e-13 0.00000e+00
1.17600e+03 1.42479e-13 0.00000e+00
1.17700e+03 1.40816e-13 0.00000e+00
1.17800e+03 1.38876e-13 0.00000e+00
1.17900e+03 1.37696e-13 0.00000e+00
1.18000e+03 1.34880e-13 0.00000e+00
1.18100e+03 1.30795e-13 0.00000e+00
1.18200e+03 1.44582e-13 0.00000e+00
1.18300e+03 1.25525e-13 0.00000e+00
1.18400e+03 1.35471e-13 0.00000e+00
1.18500e+03 1.35519e-13 0.00000e+00
1.18600e+03 1.38782e-13 0.00000e+00
1.18700e+03 1.41970e-13 0.00000e+00
1.18800e+03 1.25113e-13 0.00000e+00
1.18900e+03 1.30880e-13 0.00000e+00
1.19000e+03 1.26191e-13 0.00000e+00
1.19100e+03 1.42949e-13 0.00000e+00
1.19200e+03 1.31546e-13 0.00000e+00
1.19300e+03 1.30219e-13 0.00000e+00
1.19400e+03 1.24909e-13 0.00000e+00
1.19500e+03 1.26149e-13 0.00000e+00
1.19600e+03 1.28856e-13 0.00000e+00
1.19700e+03 1.32476e-13 0.00000e+00
1.19800e+03 1.26261e-13 0.00000e+00
1.19900e+03 1.22641e-13 0.00000e+00
1.20000e+03 1.26611e-13 0.00000e+00
1.20100e+03 1.23893e-13 0.00000e+00
1.20200e+03 1.22219e-13 0.00000e+00
1.20300e+03 1.21151e-13 0.00000e+00
1.20400e+03 1.20208e-13 0.00000e+00
1.20500e+03 1.25741e-13 0.00000e+00
1.20600e+03 1.27985e-13 0.00000e+00
1.20700e+03 1.29782e-13 0.00000e+00
1.20800e+03 1.17267e-13 0.00000e+00
1.20900e+03 1.14343e-13 0.00000e+00
1.21000e+03 1.24326e-13 0.00000e+00
1.21100e+03 1.19862e-13 0.00000e+00
1.21200e+03 1.20255e-13 0.00000e+00
1.21300e+03 1.19345e-13 0.00000e+00
1.21400e+03 1.15607e-13 0.00000e+00
1.21500e+03 1.26951e-13 0.00000e+00
1.21600e+03 1.13078e-13 0.00000e+00
1.21700e+03 1.21251e-13 0.00000e+00
1.21800e+03 1.19956e-13 0.00000e+00
1.21900e+03 1.17782e-13 0.00000e+00
1.22000e+03 1.18933e-13 0.00000e+00
1.22100e+03 1.17967e-13 0.00000e+00
1.22200e+03 1.12715e-13 0.00000e+00
1.22300e+03 1.18710e-13 0.00000e+00
1.22400e+03 1.16345e-13 0.00000e+00
1.22500e+03 1.12095e-13 0.00000e+00
1.22600e+03 1.14317e-13 0.00000e+00
1.22700e+03 1.13151e-13 0.00000e+00
1.22800e+03 1.18439e-13 0.00000e+00
1.22900e+03 1.08930e-13 0.00000e+00
1.23000e+03 1.12166e-13 0.00000e+00
1.23100e+03 1.13994e-13 0.00000e+00
1.23200e+03 1.17040e-13 0.00000e+00
1.23300e+03 1.07745e-13 0.00000e+00
1.23400e+03 1.07445e-13 0.00000e+00
1.23500e+03 9.94607e-14 0.00000e+00
1.23600e+03 1.08460e-13 0.00000e+00
1.23700e+03 1.16176e-13 0.00000e+00
1.23800e+03 9.61091e-14 0.00000e+00
1.23900e+03 1.08572e-13 0.00000e+00
1.24000e+03 1.01595e-13 0.00000e+00
1.24100e+03 1.03582e-13 0.00000e+00
1.24200e+03 1.03915e-13 0.00000e+00
1.24300e+03 9.83393e-14 0.00000e+00
1.24400e+03 9.85966e-14 0.00000e+00
1.24500e+03 1.02709e-13 0.00000e+00
1.24600e+03 9.54225e-14 0.00000e+00
1.24700e+03 1.00540e-13 0.00000e+00
1.24800e+03 9.61978e-14 0.00000e+00
1.24900e+03 1.00760e-13 0.00000e+00
1.25000e+03 1.03000e-13 0.00000e+00
1.25100e+03 9.83224e-14 0.00000e+00
1.25200e+03 9.74651e-14 0.00000e+00
1.25300e+03 1.05290e-13 0.00000e+00
1.25400e+03 1.02120e-13 0.00000e+00
1.25500e+03 9.37152e-14 0.00000e+00
1.25600e+03 9.86553e-14 0.00000e+00
1.25700e+03 9.42616e-14 0.00000e+00
1.25800e+03 9.86066e-14 0.00000e+00
1.25900e+03 9.55735e-14 0.00000e+00
1.26000e+03 9.13855e-14 0.00000e+00
1.26100e+03 9.93429e-14 0.00000e+00
1.26200e+03 9.15239e-14 0.00000e+00
1.26300e+03 9.73341e-14 0.00000e+00
1.26400e+03 9.28092e-14 0.00000e+00
1.26500e+03 9.63516e-14 0.00000e+00
1.26600e+03 9.56185e-14 0.00000e+00
1.26700e+03 9.74355e-14 0.00000e+00
1.26800e+03 9.06991e-14 0.00000e+00
1.26900e+03 9.50801e-14 0.00000e+00
1.27000e+03 9.20959e-14 0.00000e+00
1.27100e+03 9.20160e-14 0.00000e+00
1.27200e+03 1.00007e-13 0.00000e+00
1.27300e+03 9.52950e-14 0.00000e+00
1.27400e+03 9.07122e-14 0.00000e+00
1.27500e+03 9.10507e-14 0.00000e+00
1.27600e+03 9.96281e-14 0.00000e+00
1.27700e+03 8.90896e-14 0.00000e+00
1.27800e+03 8.11348e-14 0.00000e+00
1.27900e+03 8.55538e-14 0.00000e+00
1.28000e+03 8.86799e-14 0.00000e+00
1.28100e+03 9.53948e-14 0.00000e+00
1.28200e+03 9.38857e-14 0.00000e+00
1.28300e+03 8.82732e-14 0.00000e+00
1.28400e+03 8.88607e-14 0.00000e+00
1.28500e+03 8.82001e-14 0.00000e+00
1.28600e+03 8.38485e-14 0.00000e+00
1.28700e+03 8.16859e-14 0.00000e+00
1.28800e+03 8.72727e-14 0.00000e+00
1.28900e+03 8.48260e-14 0.00000e+00
1.29000e+03 8.64048e-14 0.00000e+00
1.29100e+03 8.57605e-14 0.00000e+00
1.29200e+03 8.44012e-14 0.00000e+00
1.29300e+03 8.95427e-14 0.00000e+00
1.29400e+03 9.02083e-14 0.00000e+00
1.29500e+03 8.49239e-14 0.00000e+00
1.29600e+03 8.26320e-14 0.00000e+00
1.29700e+03 8.22688e-14 0.00000e+00
1.29800e+03 7.85478e-14 0.00000e+00
1.29900e+03 8.14970e-14 0.00000e+00
1.30000e+03 8.29489e-14 0.00000e+00
1.30100e+03 7.80753e-14 0.00000e+00
1.30200e+03 8.13820e-14 0.00000e+00
1.30300e+03 7.32150e-14 0.00000e+00
1.30400e+03 7.80609e-14 0.00000e+00
1.30500e+03 7.94504e-14 0.00000e+00
1.30600e+03 8.62261e-14 0.00000e+00
1.30700e+03 7.58521e-14 0.00000e+00
1.30800e+03 7.41472e-14 0.00000e+00
1.30900e+03 7.61470e-14 0.00000e+00
1.31000e+03 7.46926e-14 0.00000e+00
1.31100e+03 7.93139e-14 0.00000e+00
1.31200e+03 7.35328e-14 0.00000e+00
1.31300e+03 7.60618e-14 0.00000e+00
1.31400e+03 7.79707e-14 0.00000e+00
1.31500e+03 7.55495e-14 0.00000e+00
1.31600e+03 7.55665e-14 0.00000e+00
1.31700e+03 7.40313e-14 0.00000e+00
1.31800e+03 7.84426e-14 0.00000e+00
1.31900e+03 7.31363e-14 0.00000e+00
1.32000e+03 7.35095e-14 0.00000e+00
1.32100e+03 7.73623e-14 0.00000e+00
1.32200e+03 6.90302e-14 0.00000e+00
1.32300e+03 7.30801e-14 0.00000e+00
1.32400e+03 7.41537e-14 0.00000e+00
1.32500e+03 7.38649e-14 0.00000e+00
1.32600e+03 6.96773e-14 0.00000e+00
1.32700e+03 7.37154e-14 0.00000e+00
1.32800e+03 7.09203e-14 0.00000e+00
1.32900e+03 7.21988e-14 0.00000e+00
1.33000e+03 7.15603e-14 0.00000e+00
1.33100e+03 6.79968e-14 0.00000e+00
1.33200e+03 7.64528e-14 0.00000e+00
1.33300e+03 7.35576e-14 0.00000e+00
1.33400e+03 6.94615e-14 0.00000e+00
1.33500e+03 6.49694e-14 0.00000e+00
1.33600e+03 7.13661e-14 0.00000e+00
1.33700e+03 6.82779e-14 0.00000e+00
1.33800e+03 6.70230e-14 0.00000e+00
1.33900e+03 6.41571e-14 0.00000e+00
1.34000e+03 6.83373e-14 0.00000e+00
1.34100e+03 6.64632e-14 0.00000e+00
1.34200e+03 6.58167e-14 0.00000e+00
1.34300e+03 6.57583e-14 0.00000e+00
1.34400e+03 6.93871e-14 0.00000e+00
1.34500e+03 6.73125e-14 0.00000e+00
1.34600e+03 6.75385e-14 0.00000e+00
1.34700e+03 6.64453e-14 0.00000e+00
1.34800e+03 6.39710e-14 0.00000e+00
1.34900e+03 6.57127e-14 0.00000e+00
1.35000e+03 6.22852e-14 0.00000e+00
1.35100e+03 6.26015e-14 0.00000e+00
1.35200e+03 6.24306e-14 0.00000e+00
1.35300e+03 6.08960e-14 0.00000e+00
1.35400e+03 5.80929e-14 0.00000e+00
1.35500e+03 6.26380e-14 0.00000e+00
1.35600e+03 6.52782e-14 0.00000e+00
1.35700e+03 6.27279e-14 0.00000e+00
1.35800e+03 5.86810e-14 0.00000e+00
1.35900e+03 6.54278e-14 0.00000e+00
1.36000e+03 6.08068e-14 0.00000e+00
1.36100e+03 6.64891e-14 0.00000e+00
1.36200e+03 6.11237e-14 0.00000e+00
1.36300e+03 5.97052e-14 0.00000e+00
1.36400e+03 6.17538e-14 0.00000e+00
1.36500e+03 5.82598e-14 0.00000e+00
1.36600e+03 5.77632e-14 0.00000e+00
1.36700e+03 6.21158e-14 0.00000e+00
1.36800e+03 6.38925e-14 0.00000e+00
1.36900e+03 5.93849e-14 0.00000e+00
1.37000e+03 5.72331e-14 0.00000e+00
1.37100e+03 5.79080e-14 0.00000e+00
1.37200e+03 5.88998e-14 0.00000e+00
1.37300e+03 5.83771e-14 0.00000e+00
1.37400e+03 5.72952e-14 0.00000e+00
1.37500e+03 5.56221e-14 0.00000e+00
1.37600e+03 5.75446e-14 0.00000e+00
1.37700e+03 5.39056e-14 0.00000e+00
1.37800e+03 5.75752e-14 0.00000e+00
1.37900e+03 5.46122e-14 0.00000e+00
1.38000e+03 5.52875e-14 0.00000e+00
1.38100e+03 5.46353e-14 0.00000e+00
1.38200e+03 5.74350e-14 0.00000e+00
1.38300e+03 5.49528e-14 0.00000e+00
1.38400e+03 5.44153e-14 0.00000e+00
1.38500e+03 5.59869e-14 0.00000e+00
1.38600e+03 5.95157e-14 0.00000e+00
1.38700e+03 5.23199e-14 0.00000e+00
1.38800e+03 5.47406e-14 0.00000e+00
1.38900e+03 5.31603e-14 0.00000e+00
1.39000e+03 5.12044e-14 0.00000e+00
1.39100e+03 5.07875e-14 0.00000e+00
1.39200e+03 5.49282e-14 0.00000e+00
1.39300e+03 5.18663e-14 0.00000e+00
1.39400e+03 5.69039e-14 0.00000e+00
1.39500e+03 5.31869e-14 0.00000e+00
1.39600e+03 5.22468e-14 0.00000e+00
1.39700e+03 5.01890e-14 0.00000e+00
1.39800e+03 5.40416e-14 0.00000e+00
1.39900e+03 5.02349e-14 0.00000e+00
1.40000e+03 5.19486e-14 0.00000e+00
1.40100e+03 5.21110e-14 0.00000e+00
1.40200e+03 5.03844e-14 0.00000e+00
1.40300e+03 5.27421e-14 0.00000e+00
1.40400e+03 4.89062e-14 0.00000e+00
1.40500e+03 4.90802e-14 0.00000e+00
1.40600e+03 5.32299e-14 0.00000e+00
1.40700e+03 5.14459e-14 0.00000e+00
1.40800e+03 4.85265e-14 0.00000e+00
1.40900e+03 4.67446e-14 0.00000e+00
1.41000e+03 5.10601e-14 0.00000e+00
1.41100e+03 4.87553e-14 0.00000e+00
1.41200e+03 5.01581e-14 0.00000e+00
1.41300e+03 4.93813e-14 0.00000e+00
1.41400e+03 4.84100e-14 0.00000e+00
1.41500e+03 4.81389e-14 0.00000e+00
1.41600e+03 4.62101e-14 0.00000e+00
1.41700e+03 4.57874e-14 0.00000e+00
1.41800e+03 4.67781e-14 0.00000e+00
1.41900e+03 4.99653e-14 0.00000e+00
1.42000e+03 4.62571e-14 0.00000e+00
1.42100e+03 4.57505e-14 0.00000e+00
1.42200e+03 4.51927e-14 0.00000e+00
1.42300e+03 4.74257e-14 0.00000e+00
1.42400e+03 4.29415e-14 0.00000e+00
1.42500e+03 4.44207e-14 0.00000e+00
1.42600e+03 4.47479e-14 0.00000e+00
1.42700e+03 4.49158e-14 0.00000e+00
1.42800e+03 4.46216e-14 0.00000e+00
1.42900e+03 4.56934e-14 0.00000e+00
1.43000e+03 4.43974e-14 0.00000e+00
1.43100e+03 4.38431e-14 0.00000e+00
1.43200e+03 4.16907e-14 0.00000e+00
1.43300e+03 4.66541e-14 0.00000e+00
1.43400e+03 4.21118e-14 0.00000e+00
1.43500e+03 4.31558e-14 0.00000e+00
1.43600e+03 4.65967e-14 0.00000e+00
1.43700e+03 4.28433e-14 0.00000e+00
1.43800e+03 4.47572e-14 0.00000e+00
1.43900e+03 4.10817e-14 0.00000e+00
1.44000e+03 4.10108e-14 0.00000e+00
1.44100e+03 4.48107e-14 0.00000e+00
1.44200e+03 4.06077e-14 0.00000e+00
1.44300e+03 4.28179e-14 0.00000e+00
1.44400e+03 4.26490e-14 0.00000e+00
1.44500e+03 4.21551e-14 0.00000e+00
1.44600e+03 4.33725e-14 0.00000e+00
1.44700e+03 4.19305e-14 0.00000e+00
1.44800e+03 4.21329e-14 0.00000e+00
1.44900e+03 3.96247e-14 0.00000e+00
1.45000e+03 4.21991e-14 0.00000e+00
1.45100e+03 3.80659e-14 0.00000e+00
1.45200e+03 4.16559e-14 0.00000e+00
1.45300e+03 3.72638e-14 0.00000e+00
1.45400e+03 3.85915e-14 0.00000e+00
1.45500e+03 3.97380e-14 0.00000e+00
1.45600e+03 3.89761e-14 0.00000e+00
1.45700e+03 3.79055e-14 0.00000e+00
1.45800e+03 3.85911e-14 0.00000e+00
1.45900e+03 3.83466e-14 0.00000e+00
1.46000e+03 3.91349e-14 0.00000e+00
1.46100e+03 4.00398e-14 0.00000e+00
1.46200e+03 3.81734e-14 0.00000e+00
1.46300e+03 3.78511e-14 0.00000e+00
1.46400e+03 3.66434e-14 0.00000e+00
1.46500e+03 3.82608e-14 0.00000e+00
1.46600e+03 3.83827e-14 0.00000e+00
1.46700e+03 3.79172e-14 0.00000e+00
1.46800e+03 3.86911e-14 0.00000e+00
1.46900e+03 3.63444e-14 0.00000e+00
1.47000e+03 3.58226e-14 0.00000e+00
1.47100e+03 3.71721e-14 0.00000e+00
1.47200e+03 3.74468e-14 0.00000e+00
1.47300e+03 3.81156e-14 0.00000e+00
1.47400e+03 3.81348e-14 0.00000e+00
1.47500e+03 3.56650e-14 0.00000e+00
1.47600e+03 3.65028e-14 0.00000e+00
1.47700e+03 3.59982e-14 0.00000e+00
1.47800e+03 3.67041e-14 0.00000e+00
1.47900e+03 3.69683e-14 0.00000e+00
1.48000e+03 3.67603e-14 0.00000e+00
1.48100e+03 3.60494e-14 0.00000e+00
1.48200e+03 3.62887e-14 0.00000e+00
1.48300e+03 3.37815e-14 0.00000e+00
1.48400e+03 3.46467e-14 0.00000e+00
1.48500e+03 3.35261e-14 0.00000e+00
1.48600e+03 3.45538e-14 0.00000e+00
1.48700e+03 3.37523e-14 0.00000e+00
1.48800e+03 3.45254e-14 0.00000e+00
1.48900e+03 3.14543e-14 0.00000e+00
1.49000e+03 3.12387e-14 0.00000e+00
1.49100e+03 3.31862e-14 0.00000e+00
1.49200e+03 3.36870e-14 0.00000e+00
1.49300e+03 3.20417e-14 0.00000e+00
1.49400e+03 3.28280e-14 0.00000e+00
1.49500e+03 3.24567e-14 0.00000e+00
1.49600e+03 3.31898e-14 0.00000e+00
1.49700e+03 3.39264e-14 0.00000e+00
1.49800e+03 3.25038e-14 0.00000e+00
1.49900e+03 2.92854e-14 0.00000e+00
1.50000e+03 3.22813e-14 0.00000e+00
1.50100e+03 3.33528e-14 0.00000e+00
1.50200e+03 3.14933e-14 0.00000e+00
1.50300e+03 3.21104e-14 0.00000e+00
1.50400e+03 3.21313e-14 0.00000e+00
1.50500e+03 3.19891e-14 0.00000e+00
1.50600e+03 3.12060e-14 0.00000e+00
1.50700e+03 3.06478e-14 0.00000e+00
1.50800e+03 2.98951e-14 0.00000e+00
1.50900e+03 2.99196e-14 0.00000e+00
1.51000e+03 3.03332e-14 0.00000e+00
1.51100e+03 2.88405e-14 0.00000e+00
1.51200e+03 3.00337e-14 0.00000e+00
1.51300e+03 2.74275e-14 0.00000e+00
1.51400e+03 3.18241e-14 0.00000e+00
1.51500e+03 3.08848e-14 0.00000e+00
1.51600e+03 3.00624e-14 0.00000e+00
1.51700e+03 2.81418e-14 0.00000e+00
1.51800e+03 3.09266e-14 0.00000e+00
1.51900e+03 2.79074e-14 0.00000e+00
1.52000e+03 2.91371e-14 0.00000e+00
1.52100e+03 2.73832e-14 0.00000e+00
1.52200e+03 2.89154e-14 0.00000e+00
1.52300e+03 2.88312e-14 0.00000e+00
1.52400e+03 2.98021e-14 0.00000e+00
1.52500e+03 2.82760e-14 0.00000e+00
1.52600e+03 2.85257e-14 0.00000e+00
1.52700e+03 2.74249e-14 0.00000e+00
1.52800e+03 2.79724e-14 0.00000e+00
1.52900e+03 2.82709e-14 0.00000e+00
1.53000e+03 2.69630e-14 0.00000e+00
1.53100e+03 2.70727e-14 0.00000e+00
1.53200e+03 2.71523e-14 0.00000e+00
1.53300e+03 2.66957e-14 0.00000e+00
1.53400e+03 2.59547e-14 0.00000e+00
1.53500e+03 2.81720e-14 0.00000e+00
1.53600e+03 2.70743e-14 0.00000e+00
1.53700e+03 2.58722e-14 0.00000e+00
1.53800e+03 2.56534e-14 0.00000e+00
1.53900e+03 2.61919e-14 0.00000e+00
1.54000e+03 2.69163e-14 0.00000e+00
1.54100e+03 2.75335e-14 0.00000e+00
1.54200e+03 2.84168e-14 0.00000e+00
1.54300e+03 2.62803e-14 0.00000e+00
1.54400e+03 2.71009e-14 0.00000e+00
1.54500e+03 2.74436e-14 0.00000e+00
1.54600e+03 2.53772e-14 0.00000e+00
1.54700e+03 2.36753e-14 0.00000e+00
1.54800e+03 2.38797e-14 0.00000e+00
1.54900e+03 2.42981e-14 0.00000e+00
1.55000e+03 2.55815e-14 0.00000e+00
1.55100e+03 2.47677e-14 0.00000e+00
1.55200e+03 2.63593e-14 0.00000e+00
1.55300e+03 2.56620e-14 0.00000e+00
1.55400e+03 2.31637e-14 0.00000e+00
1.55500e+03 2.46124e-14 0.00000e+00
1.55600e+03 2.33629e-14 0.00000e+00
1.55700e+03 2.34394e-14 0.00000e+00
1.55800e+03 2.46428e-14 0.00000e+00
1.55900e+03 2.46728e-14 0.00000e+00
1.56000e+03 2.59487e-14 0.00000e+00
1.56100e+03 2.37402e-14 0.00000e+00
1.56200e+03 2.38487e-14 0.00000e+00
1.56300e+03 2.20296e-14 0.00000e+00
1.56400e+03 2.27990e-14 0.00000e+00
1.56500e+03 2.34119e-14 0.00000e+00
1.56600e+03 2.22369e-14 0.00000e+00
1.56700e+03 2.27850e-14 0.00000e+00
1.56800e+03 2.27288e-14 0.00000e+00
1.56900e+03 2.18937e-14 0.00000e+00
1.57000e+03 2.38033e-14 0.00000e+00
1.57100e+03 2.38153e-14 0.00000e+00
1.57200e+03 2.10196e-14 0.00000e+00
1.57300e+03 2.21938e-14 0.00000e+00
1.57400e+03 2.23113e-14 0.00000e+00
1.57500e+03 2.25462e-14 0.00000e+00
1.57600e+03 2.22867e-14 0.00000e+00
1.57700e+03 2.19322e-14 0.00000e+00
1.57800e+03 2.11094e-14 0.00000e+00
1.57900e+03 2.08541e-14 0.00000e+00
1.58000e+03 2.34316e-14 0.00000e+00
1.58100e+03 2.19684e-14 0.00000e+00
1.58200e+03 2.10200e-14 0.00000e+00
1.58300e+03 2.13331e-14 0.00000e+00
1.58400e+03 2.10946e-14 0.00000e+00
1.58500e+03 2.10174e-14 0.00000e+00
1.58600e+03 2.10910e-14 0.00000e+00
1.58700e+03 2.13596e-14 0.00000e+00
1.58800e+03 1.98579e-14 0.00000e+00
1.58900e+03 2.08732e-14 0.00000e+00
1.59000e+03 2.03155e-14 0.00000e+00
1.59100e+03 1.98482e-14 0.00000e+00
1.59200e+03 2.17411e-14 0.00000e+00
1.59300e+03 2.08593e-14 0.00000e+00
1.59400e+03 1.85863e-14 0.00000e+00
1.59500e+03 1.93212e-14 0.00000e+00
1.59600e+03 2.05416e-14 0.00000e+00
1.59700e+03 1.93385e-14 0.00000e+00
1.59800e+03 2.00278e-14 0.00000e+00
1.59900e+03 1.99434e-14 0.00000e+00
1.60000e+03 1.89212e-14 0.00000e+00
1.60100e+03 1.86560e-14 0.00000e+00
1.60200e+03 2.02610e-14 0.00000e+00
1.60300e+03 2.03502e-14 0.00000e+00
1.60400e+03 2.05456e-14 0.00000e+00
1.60500e+03 2.16427e-14 0.00000e+00
1.60600e+03 1.96170e-14 0.00000e+00
1.60700e+03 1.83951e-14 0.00000e+00
1.60800e+03 1.78112e-14 0.00000e+00
1.60900e+03 1.85973e-14 0.00000e+00
1.61000e+03 1.84400e-14 0.00000e+00
1.61100e+03 1.80979e-14 0.00000e+00
1.61200e+03 1.80288e-14 0.00000e+00
1.61300e+03 1.92310e-14 0.00000e+00
1.61400e+03 1.80996e-14 0.00000e+00
1.61500e+03 1.76945e-14 0.00000e+00
1.61600e+03 1.77885e-14 0.00000e+00
1.61700e+03 1.79863e-14 0.00000e+00
1.61800e+03 1.87197e-14 0.00000e+00
1.61900e+03 1.67810e-14 0.00000e+00
1.62000e+03 1.72723e-14 0.00000e+00
1.62100e+03 1.70298e-14 0.00000e+00
1.62200e+03 1.68681e-14 0.00000e+00
1.62300e+03 1.78817e-14 0.00000e+00
1.62400e+03 1.70653e-14 0.00000e+00
1.62500e+03 1.76287e-14 0.00000e+00
1.62600e+03 1.71974e-14 0.00000e+00
1.62700e+03 1.70922e-14 0.00000e+00
1.62800e+03 1.72781e-14 0.00000e+00
1.62900e+03 1.68177e-14 0.00000e+00
1.63000e+03 1.66940e-14 0.00000e+00
1.63100e+03 1.64263e-14 0.00000e+00
1.63200e+03 1.67064e-14 0.00000e+00
1.63300e+03 1.60488e-14 0.00000e+00
1.63400e+03 1.66456e-14 0.00000e+00
1.63500e+03 1.66075e-14 0.00000e+00
1.63600e+03 1.63983e-14 0.00000e+00
1.63700e+03 1.73840e-14 0.00000e+00
1.63800e+03 1.59091e-14 0.00000e+00
1.63900e+03 1.58715e-14 0.00000e+00
1.64000e+03 1.50884e-14 0.00000e+00
1.64100e+03 1.53543e-14 0.00000e+00
1.64200e+03 1.74444e-14 0.00000e+00
1.64300e+03 1.62992e-14 0.00000e+00
1.64400e+03 1.57685e-14 0.00000e+00
1.64500e+03 1.53180e-14 0.00000e+00
1.64600e+03 1.50291e-14 0.00000e+00
1.64700e+03 1.50500e-14 0.00000e+00
1.64800e+03 1.48976e-14 0.00000e+00
1.64900e+03 1.49803e-14 0.00000e+00
1.65000e+03 1.57140e-14 0.00000e+00
1.65100e+03 1.52699e-14 0.00000e+00
1.65200e+03 1.47180e-14 0.00000e+00
1.65300e+03 1.47887e-14 0.00000e+00
1.65400e+03 1.46574e-14 0.00000e+00
1.65500e+03 1.52541e-14 0.00000e+00
1.65600e+03 1.50823e-14 0.00000e+00
1.65700e+03 1.55208e-14 0.00000e+00
1.65800e+03 1.46662e-14 0.00000e+00
1.65900e+03 1.44113e-14 0.00000e+00
1.66000e+03 1.46260e-14 0.00000e+00
1.66100e+03 1.38300e-14 0.00000e+00
1.66200e+03 1.39189e-14 0.00000e+00
1.66300e+03 1.35312e-14 0.00000e+00
1.66400e+03 1.38171e-14 0.00000e+00
1.66500e+03 1.32227e-14 0.00000e+00
1.66600e+03 1.33334e-14 0.00000e+00
1.66700e+03 1.26535e-14 0.00000e+00
1.66800e+03 1.46194e-14 0.00000e+00
1.66900e+03 1.36504e-14 0.00000e+00
1.67000e+03 1.45515e-14 0.00000e+00
1.67100e+03 1.31273e-14 0.00000e+00
1.67200e+03 1.27648e-14 0.00000e+00
1.67300e+03 1.34882e-14 0.00000e+00
1.67400e+03 1.33896e-14 0.00000e+00
1.67500e+03 1.34641e-14 0.00000e+00
1.67600e+03 1.21544e-14 0.00000e+00
1.67700e+03 1.25939e-14 0.00000e+00
1.67800e+03 1.36591e-14 0.00000e+00
1.67900e+03 1.24620e-14 0.00000e+00
1.68000e+03 1.26332e-14 0.00000e+00
1.68100e+03 1.27113e-14 0.00000e+00
1.68200e+03 1.27916e-14 0.00000e+00
1.68300e+03 1.28779e-14 0.00000e+00
1.68400e+03 1.18735e-14 0.00000e+00
1.68500e+03 1.27437e-14 0.00000e+00
1.68600e+03 1.27442e-14 0.00000e+00
1.68700e+03 1.29243e-14 0.00000e+00
1.68800e+03 1.21603e-14 0.00000e+00
1.68900e+03 1.26448e-14 0.00000e+00
1.69000e+03 1.18032e-14 0.00000e+00
1.69100e+03 1.19523e-14 0.00000e+00
1.69200e+03 1.20942e-14 0.00000e+00
1.69300e+03 1.20244e-14 0.00000e+00
1.69400e+03 1.18986e-14 0.00000e+00
1.69500e+03 1.18263e-14 0.00000e+00
1.69600e+03 1.20839e-14 0.00000e+00
1.69700e+03 1.19545e-14 0.00000e+00
1.69800e+03 1.15457e-14 0.00000e+00
1.69900e+03 1.14869e-14 0.00000e+00
1.70000e+03 1.10534e-14 0.00000e+00
1.70100e+03 1.16492e-14 0.00000e+00
1.70200e+03 1.15237e-14 0.00000e+00
1.70300e+03 1.17006e-14 0.00000e+00
1.70400e+03 1.17559e-14 0.00000e+00
1.70500e+03 1.13358e-14 0.00000e+00
1.70600e+03 1.12830e-14 0.00000e+00
1.70700e+03 1.09743e-14 0.00000e+00
1.70800e+03 1.04624e-14 0.00000e+00
1.70900e+03 1.09906e-14 0.00000e+00
1.71000e+03 1.12042e-14 0.00000e+00
1.71100e+03 1.11236e-14 0.00000e+00
1.71200e+03 1.05736e-14 0.00000e+00
1.71300e+03 1.10683e-14 0.00000e+00
1.71400e+03 9.93360e-15 0.00000e+00
1.71500e+03 1.08608e-14 0.00000e+00
1.71600e+03 1.11034e-14 0.00000e+00
1.71700e+03 1.03495e-14 0.00000e+00
1.71800e+03 1.02746e-14 0.00000e+00
1.71900e+03 1.08094e-14 0.00000e+00
1.72000e+03 1.03395e-14 0.00000e+00
1.72100e+03 9.96229e-15 0.00000e+00
1.72200e+03 1.00583e-14 0.00000e+00
1.72300e+03 1.02199e-14 0.00000e+00
1.72400e+03 1.06320e-14 0.00000e+00
1.72500e+03 1.02925e-14 0.00000e+00
1.72600e+03 9.98974e-15 0.00000e+00
1.72700e+03 1.01752e-14 0.00000e+00
1.72800e+03 9.73054e-15 0.00000e+00
1.72900e+03 9.77591e-15 0.00000e+00
1.73000e+03 1.03782e-14 0.00000e+00
1.73100e+03 9.20983e-15 0.00000e+00
1.73200e+03 9.73875e-15 0.00000e+00
1.73300e+03 9.56968e-15 0.00000e+00
1.73400e+03 9.79930e-15 0.00000e+00
1.73500e+03 9.47592e-15 0.00000e+00
1.73600e+03 1.00905e-14 0.00000e+00
1.73700e+03 1.00421e-14 0.00000e+00
1.73800e+03 9.52938e-15 0.00000e+00
1.73900e+03 9.52033e-15 0.00000e+00
1.74000e+03 9.15289e-15 0.00000e+00
1.74100e+03 8.48071e-15 0.00000e+00
1.74200e+03 9.27882e-15 0.00000e+00
1.74300e+03 9.50996e-15 0.00000e+00
1.74400e+03 9.29464e-15 0.00000e+00
1.74500e+03 8.76616e-15 0.00000e+00
1.74600e+03 9.07687e-15 0.00000e+00
1.74700e+03 8.94249e-15 0.00000e+00
1.74800e+03 9.35272e-15 0.00000e+00
1.74900e+03 8.84552e-15 0.00000e+00
1.75000e+03 8.60198e-15 0.00000e+00
1.75100e+03 8.78114e-15 0.00000e+00
1.75200e+03 8.93254e-15 0.00000e+00
1.75300e+03 8.56752e-15 0.00000e+00
1.75400e+03 8.66964e-15 0.00000e+00
1.75500e+03 8.47376e-15 0.00000e+00
1.75600e+03 8.33453e-15 0.00000e+00
1.75700e+03 8.64102e-15 0.00000e+00
1.75800e+03 8.89862e-15 0.00000e+00
1.75900e+03 8.69865e-15 0.00000e+00
1.76000e+03 8.30537e-15 0.00000e+00
1.76100e+03 8.61978e-15 0.00000e+00
1.76200e+03 8.18711e-15 0.00000e+00
1.76300e+03 7.95131e-15 0.00000e+00
1.76400e+03 8.24920e-15 0.00000e+00
1.76500e+03 8.61309e-15 0.00000e+00
1.76600e+03 8.51350e-15 0.00000e+00
1.76700e+03 7.81289e-15 0.00000e+00
1.76800e+03 8.05065e-15 0.00000e+00
1.76900e+03 7.84654e-15 0.00000e+00
1.77000e+03 7.53615e-15 0.00000e+00
1.77100e+03 7.91657e-15 0.00000e+00
1.77200e+03 7.37203e-15 0.00000e+00
1.77300e+03 8.52017e-15 0.00000e+00
1.77400e+03 7.41592e-15 0.00000e+00
1.77500e+03 7.31718e-15 0.00000e+00
1.77600e+03 8.41684e-15 0.00000e+00
1.77700e+03 7.84263e-15 0.00000e+00
1.77800e+03 7.62617e-15 0.00000e+00
1.77900e+03 7.63698e-15 0.00000e+00
1.78000e+03 7.18612e-15 0.00000e+00
1.78100e+03 7.40490e-15 0.00000e+00
1.78200e+03 7.36276e-15 0.00000e+00
1.78300e+03 7.25148e-15 0.00000e+00
1.78400e+03 7.07713e-15 0.00000e+00
1.78500e+03 7.53657e-15 0.00000e+00
1.78600e+03 7.04924e-15 0.00000e+00
1.78700e+03 7.03408e-15 0.00000e+00
1.78800e+03 7.15278e-15 0.00000e+00
1.78900e+03 7.40193e-15 0.00000e+00
1.79000e+03 7.31541e-15 0.00000e+00
1.79100e+03 6.85716e-15 0.00000e+00
1.79200e+03 7.03479e-15 0.00000e+00
1.79300e+03 6.73614e-15 0.00000e+00
1.79400e+03 7.11904e-15 0.00000e+00
1.79500e+03 6.43009e-15 0.00000e+00
1.79600e+03 6.67638e-15 0.00000e+00
1.79700e+03 6.77149e-15 0.00000e+00
1.79800e+03 6.83310e-15 0.00000e+00
1.79900e+03 6.74498e-15 0.00000e+00
1.80000e+03 6.67061e-15 0.00000e+00
1.80100e+03 6.54365e-15 0.00000e+00
1.80200e+03 6.85717e-15 0.00000e+00
1.80300e+03 6.62884e-15 0.00000e+00
1.80400e+03 6.57901e-15 0.00000e+00
1.80500e+03 6.97921e-15 0.00000e+00
1.80600e+03 6.21229e-15 0.00000e+00
1.80700e+03 6.68030e-15 0.00000e+00
1.80800e+03 6.37851e-15 0.00000e+00
1.80900e+03 6.29345e-15 0.00000e+00
1.81000e+03 6.39884e-15 0.00000e+00
1.81100e+03 6.25540e-15 0.00000e+00
1.81200e+03 6.77001e-15 0.00000e+00
1.81300e+03 6.11418e-15 0.00000e+00
1.81400e+03 6.67711e-15 0.00000e+00
1.81500e+03 6.44234e-15 0.00000e+00
1.81600e+03 6.23787e-15 0.00000e+00
1.81700e+03 6.08525e-15 0.00000e+00
1.81800e+03 5.92017e-15 0.00000e+00
1.81900e+03 6.14813e-15 0.00000e+00
1.82000e+03 6.69996e-15 0.00000e+00
1.82100e+03 5.86944e-15 0.00000e+00
1.82200e+03 6.10323e-15 0.00000e+00
1.82300e+03 5.47014e-15 0.00000e+00
1.82400e+03 5.92971e-15 0.00000e+00
1.82500e+03 5.52545e-15 0.00000e+00
1.82600e+03 5.58338e-15 0.00000e+00
1.82700e+03 5.27822e-15 0.00000e+00
1.82800e+03 6.05213e-15 0.00000e+00
1.82900e+03 5.54632e-15 0.00000e+00
1.83000e+03 5.52765e-15 0.00000e+00
1.83100e+03 5.40067e-15 0.00000e+00
1.83200e+03 5.55724e-15 0.00000e+00
1.83300e+03 5.65507e-15 0.00000e+00
1.83400e+03 5.71597e-15 0.00000e+00
1.83500e+03 5.74269e-15 0.00000e+00
1.83600e+03 5.53068e-15 0.00000e+00
1.83700e+03 5.65883e-15 0.00000e+00
1.83800e+03 5.69673e-15 0.00000e+00
1.83900e+03 5.54857e-15 0.00000e+00
1.84000e+03 5.43132e-15 0.00000e+00
1.84100e+03 5.49359e-15 0.00000e+00
1.84200e+03 5.27718e-15 0.00000e+00
1.84300e+03 4.92706e-15 0.00000e+00
1.84400e+03 5.57806e-15 0.00000e+00
1.84500e+03 5.34474e-15 0.00000e+00
1.84600e+03 5.00593e-15 0.00000e+00
1.84700e+03 5.27975e-15 0.00000e+00
1.84800e+03 5.26212e-15 0.00000e+00
1.84900e+03 5.17198e-15 0.00000e+00
1.85000e+03 5.14959e-15 0.00000e+00
1.85100e+03 5.01010e-15 0.00000e+00
1.85200e+03 4.75268e-15 0.00000e+00
1.85300e+03 5.02489e-15 0.00000e+00
1.85400e+03 4.94854e-15 0.00000e+00
1.85500e+03 5.10502e-15 0.00000e+00
1.85600e+03 5.31723e-15 0.00000e+00
1.85700e+03 4.59985e-15 0.00000e+00
1.85800e+03 4.63059e-15 0.00000e+00
1.85900e+03 4.87512e-15 0.00000e+00
1.86000e+03 4.84385e-15 0.00000e+00
1.86100e+03 4.70627e-15 0.00000e+00
1.86200e+03 4.94734e-15 0.00000e+00
1.86300e+03 4.54146e-15 0.00000e+00
1.86400e+03 4.78319e-15 0.00000e+00
1.86500e+03 4.77236e-15 0.00000e+00
1.86600e+03 4.39143e-15 0.00000e+00
1.86700e+03 4.65047e-15 0.00000e+00
1.86800e+03 4.51441e-15 0.00000e+00
1.86900e+03 4.48345e-15 0.00000e+00
1.87000e+03 4.59960e-15 0.00000e+00
1.87100e+03 4.62656e-15 0.00000e+00
1.87200e+03 4.53988e-15 0.00000e+00
1.87300e+03 4.31519e-15 0.00000e+00
1.87400e+03 4.42277e-15 0.00000e+00
1.87500e+03 4.22317e-15 0.00000e+00
1.87600e+03 4.55038e-15 0.00000e+00
1.87700e+03 4.30949e-15 0.00000e+00
1.87800e+03 4.33870e-15 0.00000e+00
1.87900e+03 4.18037e-15 0.00000e+00
1.88000e+03 4.13513e-15 0.00000e+00
1.88100e+03 4.24446e-15 0.00000e+00
1.88200e+03 4.12606e-15 0.00000e+00
1.88300e+03 4.45550e-15 0.00000e+00
1.88400e+03 4.27822e-15 0.00000e+00
1.88500e+03 4.29106e-15 0.00000e+00
1.88600e+03 3.92905e-15 0.00000e+00
1.88700e+03 4.30568e-15 0.00000e+00
1.88800e+03 3.95180e-15 0.00000e+00
1.88900e+03 4.17705e-15 0.00000e+00
1.89000e+03 4.24460e-15 0.00000e+00
1.89100e+03 4.18481e-15 0.00000e+00
1.89200e+03 3.96876e-15 0.00000e+00
1.89300e+03 3.65821e-15 0.00000e+00
1.89400e+03 4.07074e-15 0.00000e+00
1.89500e+03 3.81217e-15 0.00000e+00
1.89600e+03 3.67125e-15 0.00000e+00
1.89700e+03 3.73563e-15 0.00000e+00
1.89800e+03 3.88958e-15 0.00000e+00
1.89900e+03 3.77611e-15 0.00000e+00
1.90000e+03 3.62534e-15 0.00000e+00
1.90100e+03 3.46035e-15 0.00000e+00
1.90200e+03 3.82773e-15 0.00000e+00
1.90300e+03 3.67141e-15 0.00000e+00
1.90400e+03 3.76579e-15 0.00000e+00
1.90500e+03 3.53832e-15 0.00000e+00
1.90600e+03 3.50708e-15 0.00000e+00
1.90700e+03 3.28074e-15 0.00000e+00
1.90800e+03 3.97047e-15 0.00000e+00
1.90900e+03 3.63209e-15 0.00000e+00
1.91000e+03 3.39471e-15 0.00000e+00
1.91100e+03 3.25958e-15 0.00000e+00
1.91200e+03 3.54033e-15 0.00000e+00
1.91300e+03 3.45005e-15 0.00000e+00
1.91400e+03 3.58810e-15 0.00000e+00
1.91500e+03 3.43500e-15 0.00000e+00
1.91600e+03 3.56548e-15 0.00000e+00
1.91700e+03 3.46992e-15 0.00000e+00
1.91800e+03 3.36750e-15 0.00000e+00
1.91900e+03 3.36085e-15 0.00000e+00
1.92000e+03 3.40125e-15 0.00000e+00
1.92100e+03 3.30496e-15 0.00000e+00
1.92200e+03 3.42491e-15 0.00000e+00
1.92300e+03 3.34853e-15 0.00000e+00
1.92400e+03 3.36056e-15 0.00000e+00
1.92500e+03 3.14663e-15 0.00000e+00
1.92600e+03 3.15565e-15 0.00000e+00
1.92700e+03 3.41891e-15 0.00000e+00
1.92800e+03 3.19845e-15 0.00000e+00
1.92900e+03 3.24360e-15 0.00000e+00
1.93000e+03 3.13040e-15 0.00000e+00
1.93100e+03 3.33329e-15 0.00000e+00
1.93200e+03 3.01069e-15 0.00000e+00
1.93300e+03 3.19153e-15 0.00000e+00
1.93400e+03 3.25504e-15 0.00000e+00
1.93500e+03 2.85908e-15 0.00000e+00
1.93600e+03 3.19536e-15 0.00000e+00
1.93700e+03 3.04295e-15 0.00000e+00
1.93800e+03 3.06081e-15 0.00000e+00
1.93900e+03 3.04993e-15 0.00000e+00
1.94000e+03 2.88793e-15 0.00000e+00
1.94100e+03 3.00628e-15 0.00000e+00
1.94200e+03 2.99399e-15 0.00000e+00
1.94300e+03 2.99587e-15 0.00000e+00
1.94400e+03 3.17474e-15 0.00000e+00
1.94500e+03 2.86019e-15 0.00000e+00
1.94600e+03 2.95211e-15 0.00000e+00
1.94700e+03 2.91346e-15 0.00000e+00
1.94800e+03 2.89947e-15 0.00000e+00
1.94900e+03 3.02226e-15 0.00000e+00
1.95000e+03 2.79535e-15 0.00000e+00
1.95100e+03 2.90306e-15 0.00000e+00
1.95200e+03 2.79962e-15 0.00000e+00
1.95300e+03 2.74502e-15 0.00000e+00
1.95400e+03 2.85442e-15 0.00000e+00
1.95500e+03 2.71739e-15 0.00000e+00
1.95600e+03 2.71485e-15 0.00000e+00
1.95700e+03 2.60278e-15 0.00000e+00
1.95800e+03 2.84480e-15 0.00000e+00
1.95900e+03 2.79747e-15 0.00000e+00
1.96000e+03 2.69566e-15 0.00000e+00
1.96100e+03 2.66567e-15 0.00000e+00
1.96200e+03 2.56907e-15 0.00000e+00
1.96300e+03 2.68706e-15 0.00000e+00
1.96400e+03 2.66020e-15 0.00000e+00
1.96500e+03 2.70363e-15 0.00000e+00
1.96600e+03 2.65062e-15 0.00000e+00
1.96700e+03 2.67493e-15 0.00000e+00
1.96800e+03 2.54193e-15 0.00000e+00
1.96900e+03 2.32944e-15 0.00000e+00
1.97000e+03 2.60071e-15 0.00000e+00
1.97100e+03 2.49299e-15 0.00000e+00
1.97200e+03 2.54051e-15 0.00000e+00
1.97300e+03 2.37214e-15 0.00000e+00
1.97400e+03 2.45070e-15 0.00000e+00
1.97500e+03 2.38911e-15 0.00000e+00
1.97600e+03 2.32880e-15 0.00000e+00
1.97700e+03 2.45151e-15 0.00000e+00
1.97800e+03 2.35083e-15 0.00000e+00
1.97900e+03 2.43453e-15 0.00000e+00
1.98000e+03 2.27927e-15 0.00000e+00
1.98100e+03 2.28662e-15 0.00000e+00
1.98200e+03 2.38741e-15 0.00000e+00
1.98300e+03 2.25598e-15 0.00000e+00
1.98400e+03 2.32244e-15 0.00000e+00
1.98500e+03 2.34486e-15 0.00000e+00
1.98600e+03 2.32416e-15 0.00000e+00
1.98700e+03 2.31209e-15 0.00000e+00
1.98800e+03 2.27777e-15 0.00000e+00
1.98900e+03 2.21007e-15 0.00000e+00
1.99000e+03 2.21353e-15 0.00000e+00
1.99100e+03 2.20779e-15 0.00000e+00
1.99200e+03 2.23380e-15 0.00000e+00
1.99300e+03 2.11802e-15 0.00000e+00
1.99400e+03 2.23618e-15 0.00000e+00
1.99500e+03 2.20806e-15 0.00000e+00
1.99600e+03 2.10064e-15 0.00000e+00
1.99700e+03 2.17382e-15 0.00000e+00
1.99800e+03 1.96384e-15 0.00000e+00
1.99900e+03 2.17304e-15 0.00000e+00
2.00000e+03 2.12766e-15 0.00000e+00
