0.00000e+00 0.00000e+00 0.00000e+00
1.00000e+00 0.00000e+00 0.00000e+00
2.00000e+00 0.00000e+00 0.00000e+00
3.00000e+00 0.00000e+00 0.00000e+00
4.00000e+00 0.00000e+00 0.00000e+00
5.00000e+00 0.00000e+00 0.00000e+00
6.00000e+00 0.00000e+00 0.00000e+00
7.00000e+00 0.00000e+00 0.00000e+00
8.00000e+00 0.00000e+00 0.00000e+00
9.00000e+00 0.00000e+00 0.00000e+00
1.00000e+01 0.00000e+00 0.00000e+00
1.10000e+01 0.00000e+00 0.00000e+00
1.20000e+01 0.00000e+00 0.00000e+00
1.30000e+01 0.00000e+00 0.00000e+00
1.40000e+01 0.00000e+00 0.00000e+00
1.50000e+01 0.00000e+00 0.00000e+00
1.60000e+01 0.00000e+00 0.00000e+00
1.70000e+01 0.00000e+00 0.00000e+00
1.80000e+01 0.00000e+00 0.00000e+00
1.90000e+01 0.00000e+00 0.00000e+00
2.00000e+01 0.00000e+00 0.00000e+00
2.10000e+01 0.00000e+00 0.00000e+00
2.20000e+01 0.00000e+00 0.00000e+00
2.30000e+01 0.00000e+00 0.00000e+00
2.40000e+01 0.00000e+00 0.00000e+00
2.50000e+01 0.00000e+00 0.00000e+00
2.60000e+01 0.00000e+00 0.00000e+00
2.70000e+01 0.00000e+00 0.00000e+00
2.80000e+01 0.00000e+00 0.00000e+00
2.90000e+01 0.00000e+00 0.00000e+00
3.00000e+01 0.00000e+00 0.00000e+00
3.10000e+01 0.00000e+00 0.00000e+00
3.20000e+01 0.00000e+00 0.00000e+00
3.30000e+01 0.00000e+00 0.00000e+00
3.40000e+01 0.00000e+00 0.00000e+00
3.50000e+01 0.00000e+00 0.00000e+00
3.60000e+01 0.00000e+00 0.00000e+00
3.70000e+01 0.00000e+00 0.00000e+00
3.80000e+01 0.00000e+00 0.00000e+00
3.90000e+01 0.00000e+00 0.00000e+00
4.00000e+01 0.00000e+00 0.00000e+00
4.10000e+01 0.00000e+00 0.00000e+00
4.20000e+01 0.00000e+00 0.00000e+00
4.30000e+01 0.00000e+00 0.00000e+00
4.40000e+01 0.00000e+00 0.00000e+00
4.50000e+01 0.00000e+00 0.00000e+00
4.60000e+01 0.00000e+00 0.00000e+00
4.70000e+01 0.00000e+00 0.00000e+00
4.80000e+01 0.00000e+00 0.00000e+00
4.90000e+01 0.00000e+00 0.00000e+00
5.00000e+01 0.00000e+00 0.00000e+00
5.10000e+01 0.00000e+00 0.00000e+00
5.20000e+01 0.00000e+00 0.00000e+00
5.30000e+01 0.00000e+00 0.00000e+00
5.40000e+01 0.00000e+00 0.00000e+00
5.50000e+01 0.00000e+00 0.00000e+00
5.60000e+01 0.00000e+00 0.00000e+00
5.70000e+01 0.00000e+00 0.00000e+00
5.80000e+01 0.00000e+00 0.00000e+00
5.90000e+01 0.00000e+00 0.00000e+00
6.00000e+01 0.00000e+00 0.00000e+00
6.10000e+01 0.00000e+00 0.00000e+00
6.20000e+01 0.00000e+00 0.00000e+00
6.30000e+01 0.00000e+00 0.00000e+00
6.40000e+01 0.00000e+00 0.00000e+00
6.50000e+01 0.00000e+00 0.00000e+00
6.60000e+01 0.00000e+00 0.00000e+00
6.70000e+01 0.00000e+00 0.00000e+00
6.80000e+01 0.00000e+00 0.00000e+00
6.90000e+01 0.00000e+00 0.00000e+00
7.00000e+01 0.00000e+00 0.00000e+00
7.10000e+01 0.00000e+00 0.00000e+00
7.20000e+01 0.00000e+00 0.00000e+00
7.30000e+01 0.00000e+00 0.00000e+00
7.40000e+01 0.00000e+00 0.00000e+00
7.50000e+01 0.00000e+00 0.00000e+00
7.60000e+01 0.00000e+00 0.00000e+00
7.70000e+01 0.00000e+00 0.00000e+00
7.80000e+01 0.00000e+00 0.00000e+00
7.90000e+01 0.00000e+00 0.00000e+00
8.00000e+01 0.00000e+00 0.00000e+00
8.10000e+01 0.00000e+00 0.00000e+00
8.20000e+01 0.00000e+00 0.00000e+00
8.30000e+01 0.00000e+00 0.00000e+00
8.40000e+01 0.00000e+00 0.00000e+00
8.50000e+01 0.00000e+00 0.00000e+00
8.60000e+01 0.00000e+00 0.00000e+00
8.70000e+01 0.00000e+00 0.00000e+00
8.80000e+01 0.00000e+00 0.00000e+00
8.90000e+01 0.00000e+00 0.00000e+00
9.00000e+01 0.00000e+00 0.00000e+00
9.10000e+01 0.00000e+00 0.00000e+00
9.20000e+01 0.00000e+00 0.00000e+00
9.30000e+01 0.00000e+00 0.00000e+00
9.40000e+01 0.00000e+00 0.00000e+00
9.50000e+01 0.00000e+00 0.00000e+00
9.60000e+01 0.00000e+00 0.00000e+00
9.70000e+01 0.00000e+00 0.00000e+00
9.80000e+01 0.00000e+00 0.00000e+00
9.90000e+01 0.00000e+00 0.00000e+00
1.00000e+02 9.49015e-11 0.00000e+00
1.01000e+02 5.68294e-11 0.00000e+00
1.02000e+02 7.37267e-11 0.00000e+00
1.03000e+02 1.06633e-10 0.00000e+00
1.04000e+02 1.32271e-10 0.00000e+00
1.05000e+02 5.42651e-12 0.00000e+00
1.06000e+02 4.14081e-11 0.00000e+00
1.07000e+02 1.16840e-10 0.00000e+00
1.08000e+02 7.54617e-11 0.00000e+00
1.09000e+02 5.28002e-11 0.00000e+00
1.10000e+02 7.50782e-11 0.00000e+00
1.11000e+02 7.68129e-11 0.00000e+00
1.12000e+02 5.88309e-11 0.00000e+00
1.13000e+02 1.25392e-10 0.00000e+00
1.14000e+02 9.94354e-11 0.00000e+00
1.15000e+02 9.48624e-11 0.00000e+00
1.16000e+02 6.62124e-11 0.00000e+00
1.17000e+02 1.46702e-10 0.00000e+00
1.18000e+02 8.21265e-11 0.00000e+00
1.19000e+02 7.31418e-11 0.00000e+00
1.20000e+02 9.03141e-11 0.00000e+00
1.21000e+02 7.77124e-11 0.00000e+00
1.22000e+02 4.86338e-11 0.00000e+00
1.23000e+02 4.06184e-12 0.00000e+00
1.24000e+02 7.41686e-11 0.00000e+00
1.25000e+02 4.09296e-11 0.00000e+00
1.26000e+02 7.42713e-11 0.00000e+00
1.27000e+02 7.59602e-11 0.00000e+00
1.28000e+02 3.69289e-11 0.00000e+00
1.29000e+02 2.69660e-11 0.00000e+00
1.30000e+02 6.14635e-12 0.00000e+00
1.31000e+02 5.02443e-11 0.00000e+00
1.32000e+02 2.98482e-11 0.00000e+00
1.33000e+02 5.71723e-11 0.00000e+00
1.34000e+02 6.20409e-11 0.00000e+00
1.35000e+02 5.03331e-11 0.00000e+00
1.36000e+02 4.85767e-11 0.00000e+00
1.37000e+02 1.00434e-10 0.00000e+00
1.38000e+02 9.50103e-11 0.00000e+00
1.39000e+02 3.69613e-11 0.00000e+00
1.40000e+02 4.67005e-11 0.00000e+00
1.41000e+02 7.30778e-11 0.00000e+00
1.42000e+02 5.48248e-11 0.00000e+00
1.43000e+02 4.87954e-11 0.00000e+00
1.44000e+02 7.72135e-11 0.00000e+00
1.45000e+02 4.36953e-11 0.00000e+00
1.46000e+02 5.26330e-11 0.00000e+00
1.47000e+02 4.69571e-11 0.00000e+00
1.48000e+02 4.13597e-11 0.00000e+00
1.49000e+02 4.49477e-11 0.00000e+00
1.50000e+02 9.27773e-11 0.00000e+00
1.51000e+02 6.91217e-11 0.00000e+00
1.52000e+02 6.83134e-11 0.00000e+00
1.53000e+02 1.54623e-11 0.00000e+00
1.54000e+02 7.55685e-11 0.00000e+00
1.55000e+02 4.27512e-11 0.00000e+00
1.56000e+02 5.76574e-11 0.00000e+00
1.57000e+02 7.36854e-11 0.00000e+00
1.58000e+02 5.25949e-11 0.00000e+00
1.59000e+02 4.47988e-11 0.00000e+00
1.60000e+02 3.52980e-11 0.00000e+00
1.61000e+02 6.21381e-11 0.00000e+00
1.62000e+02 7.05030e-11 0.00000e+00
1.63000e+02 4.56874e-11 0.00000e+00
1.64000e+02 7.17570e-11 0.00000e+00
1.65000e+02 7.02210e-11 0.00000e+00
1.66000e+02 5.34575e-11 0.00000e+00
1.67000e+02 8.35874e-11 0.00000e+00
1.68000e+02 3.24246e-11 0.00000e+00
1.69000e+02 7.66799e-11 0.00000e+00
1.70000e+02 6.28158e-11 0.00000e+00
1.71000e+02 3.94948e-11 0.00000e+00
1.72000e+02 4.34686e-11 0.00000e+00
1.73000e+02 3.53171e-11 0.00000e+00
1.74000e+02 1.92750e-11 0.00000e+00
1.75000e+02 8.87916e-12 0.00000e+00
1.76000e+02 6.03516e-11 0.00000e+00
1.77000e+02 3.39637e-11 0.00000e+00
1.78000e+02 3.35693e-11 0.00000e+00
1.79000e+02 2.86226e-11 0.00000e+00
1.80000e+02 5.64249e-11 0.00000e+00
1.81000e+02 4.22804e-11 0.00000e+00
1.82000e+02 7.04295e-11 0.00000e+00
1.83000e+02 2.79674e-11 0.00000e+00
1.84000e+02 5.37118e-11 0.00000e+00
1.85000e+02 3.58812e-11 0.00000e+00
1.86000e+02 5.48693e-11 0.00000e+00
1.87000e+02 3.97991e-11 0.00000e+00
1.88000e+02 4.26436e-11 0.00000e+00
1.89000e+02 6.19577e-11 0.00000e+00
1.90000e+02 3.30257e-11 0.00000e+00
1.91000e+02 4.07958e-11 0.00000e+00
1.92000e+02 4.54113e-11 0.00000e+00
1.93000e+02 2.12117e-11 0.00000e+00
1.94000e+02 3.07586e-11 0.00000e+00
1.95000e+02 2.05900e-11 0.00000e+00
1.96000e+02 5.23263e-11 0.00000e+00
1.97000e+02 4.91975e-11 0.00000e+00
1.98000e+02 7.38331e-11 0.00000e+00
1.99000e+02 4.50396e-11 0.00000e+00
2.00000e+02 1.67234e-11 0.00000e+00
2.01000e+02 5.05538e-11 0.00000e+00
2.02000e+02 3.73548e-11 0.00000e+00
2.03000e+02 9.31806e-12 0.00000e+00
2.04000e+02 3.17279e-11 0.00000e+00
2.05000e+02 2.44009e-11 0.00000e+00
2.06000e+02 5.00627e-11 0.00000e+00
2.07000e+02 2.17311e-11 0.00000e+00
2.08000e+02 3.03964e-11 0.00000e+00
2.09000e+02 4.01798e-11 0.00000e+00
2.10000e+02 5.74194e-11 0.00000e+00
2.11000e+02 1.42299e-11 0.00000e+00
2.12000e+02 2.45534e-12 0.00000e+00
2.13000e+02 5.71108e-12 0.00000e+00
2.14000e+02 3.77927e-11 0.00000e+00
2.15000e+02 5.77347e-11 0.00000e+00
2.16000e+02 4.58006e-11 0.00000e+00
2.17000e+02 5.15362e-11 0.00000e+00
2.18000e+02 5.56738e-11 0.00000e+00
2.19000e+02 2.07174e-11 0.00000e+00
2.20000e+02 2.58060e-11 0.00000e+00
2.21000e+02 2.40603e-11 0.00000e+00
2.22000e+02 3.11175e-11 0.00000e+00
2.23000e+02 3.50431e-11 0.00000e+00
2.24000e+02 3.85842e-11 0.00000e+00
2.25000e+02 4.19689e-11 0.00000e+00
2.26000e+02 5.93014e-11 0.00000e+00
2.27000e+02 4.13639e-11 0.00000e+00
2.28000e+02 2.81754e-11 0.00000e+00
2.29000e+02 3.13950e-11 0.00000e+00
2.30000e+02 2.20769e-11 0.00000e+00
2.31000e+02 2.86642e-11 0.00000e+00
2.32000e+02 5.38629e-11 0.00000e+00
2.33000e+02 3.31038e-11 0.00000e+00
2.34000e+02 3.78521e-11 0.00000e+00
2.35000e+02 3.03358e-11 0.00000e+00
2.36000e+02 2.42867e-11 0.00000e+00
2.37000e+02 6.54411e-11 0.00000e+00
2.38000e+02 3.71774e-11 0.00000e+00
2.39000e+02 4.26651e-11 0.00000e+00
2.40000e+02 2.75692e-11 0.00000e+00
2.41000e+02 4.81263e-11 0.00000e+00
2.42000e+02 6.31888e-11 0.00000e+00
2.43000e+02 2.42472e-11 0.00000e+00
2.44000e+02 6.16351e-11 0.00000e+00
2.45000e+02 7.95654e-11 0.00000e+00
2.46000e+02 2.63745e-11 0.00000e+00
2.47000e+02 2.61779e-11 0.00000e+00
2.48000e+02 3.61018e-11 0.00000e+00
2.49000e+02 4.30968e-11 0.00000e+00
2.50000e+02 4.67166e-11 0.00000e+00
2.51000e+02 4.04474e-11 0.00000e+00
2.52000e+02 4.44151e-11 0.00000e+00
2.53000e+02 2.40345e-11 0.00000e+00
2.54000e+02 1.00600e-11 0.00000e+00
2.55000e+02 3.82967e-11 0.00000e+00
2.56000e+02 4.65558e-11 0.00000e+00
2.57000e+02 5.80072e-11 0.00000e+00
2.58000e+02 3.31766e-11 0.00000e+00
2.59000e+02 4.33434e-11 0.00000e+00
2.60000e+02 1.71710e-11 0.00000e+00
2.61000e+02 2.68451e-11 0.00000e+00
2.62000e+02 2.41323e-11 0.00000e+00
2.63000e+02 4.37121e-11 0.00000e+00
2.64000e+02 3.12931e-11 0.00000e+00
2.65000e+02 3.74829e-11 0.00000e+00
2.66000e+02 1.02434e-11 0.00000e+00
2.67000e+02 3.91958e-11 0.00000e+00
2.68000e+02 2.86300e-11 0.00000e+00
2.69000e+02 2.00915e-11 0.00000e+00
2.70000e+02 3.10475e-11 0.00000e+00
2.71000e+02 2.18561e-11 0.00000e+00
2.72000e+02 2.55411e-11 0.00000e+00
2.73000e+02 4.18392e-11 0.00000e+00
2.74000e+02 2.57819e-11 0.00000e+00
2.75000e+02 4.58536e-11 0.00000e+00
2.76000e+02 2.84542e-11 0.00000e+00
2.77000e+02 1.37327e-11 0.00000e+00
2.78000e+02 1.73821e-11 0.00000e+00
2.79000e+02 2.65528e-11 0.00000e+00
2.80000e+02 7.94789e-12 0.00000e+00
2.81000e+02 4.27789e-11 0.00000e+00
2.82000e+02 2.53359e-11 0.00000e+00
2.83000e+02 2.22547e-11 0.00000e+00
2.84000e+02 2.49194e-11 0.00000e+00
2.85000e+02 4.49472e-11 0.00000e+00
2.86000e+02 4.17435e-11 0.00000e+00
2.87000e+02 1.85398e-11 0.00000e+00
2.88000e+02 1.20325e-11 0.00000e+00
2.89000e+02 3.26212e-11 0.00000e+00
2.90000e+02 3.17601e-11 0.00000e+00
2.91000e+02 4.07104e-11 0.00000e+00
2.92000e+02 2.58436e-11 0.00000e+00
2.93000e+02 6.91002e-12 0.00000e+00
2.94000e+02 3.24578e-11 0.00000e+00
2.95000e+02 4.01166e-11 0.00000e+00
2.96000e+02 2.25846e-11 0.00000e+00
2.97000e+02 2.47157e-11 0.00000e+00
2.98000e+02 2.80936e-11 0.00000e+00
2.99000e+02 2.59015e-11 0.00000e+00
3.00000e+02 2.31134e-11 0.00000e+00
3.01000e+02 1.72069e-11 0.00000e+00
3.02000e+02 3.64833e-11 0.00000e+00
3.03000e+02 3.19513e-11 0.00000e+00
3.04000e+02 5.30181e-11 0.00000e+00
3.05000e+02 3.16465e-11 0.00000e+00
3.06000e+02 3.72417e-11 0.00000e+00
3.07000e+02 2.95029e-11 0.00000e+00
3.08000e+02 1.87550e-11 0.00000e+00
3.09000e+02 2.98922e-11 0.00000e+00
3.10000e+02 3.68210e-11 0.00000e+00
3.11000e+02 2.82577e-11 0.00000e+00
3.12000e+02 2.15537e-11 0.00000e+00
3.13000e+02 1.96567e-11 0.00000e+00
3.14000e+02 2.32594e-11 0.00000e+00
3.15000e+02 1.89598e-11 0.00000e+00
3.16000e+02 4.15192e-11 0.00000e+00
3.17000e+02 2.43213e-11 0.00000e+00
3.18000e+02 1.08769e-11 0.00000e+00
3.19000e+02 1.70388e-11 0.00000e+00
3.20000e+02 2.08677e-11 0.00000e+00
3.21000e+02 1.80769e-11 0.00000e+00
3.22000e+02 2.23310e-11 0.00000e+00
3.23000e+02 3.90948e-11 0.00000e+00
3.24000e+02 2.55317e-11 0.00000e+00
3.25000e+02 2.24434e-11 0.00000e+00
3.26000e+02 3.47611e-11 0.00000e+00
3.27000e+02 3.07784e-11 0.00000e+00
3.28000e+02 -4.45125e-12 0.00000e+00
3.29000e+02 1.86372e-11 0.00000e+00
3.30000e+02 1.83202e-11 0.00000e+00
3.31000e+02 2.63771e-11 0.00000e+00
3.32000e+02 1.85730e-11 0.00000e+00
3.33000e+02 2.96958e-11 0.00000e+00
3.34000e+02 3.13508e-11 0.00000e+00
3.35000e+02 1.81886e-11 0.00000e+00
3.36000e+02 2.99181e-11 0.00000e+00
3.37000e+02 2.96011e-11 0.00000e+00
3.38000e+02 -6.00369e-13 0.00000e+00
3.39000e+02 8.05902e-12 0.00000e+00
3.40000e+02 1.83045e-11 0.00000e+00
3.41000e+02 2.75388e-11 0.00000e+00
3.42000e+02 1.83168e-11 0.00000e+00
3.43000e+02 2.16610e-11 0.00000e+00
3.44000e+02 1.91339e-11 0.00000e+00
3.45000e+02 2.28912e-11 0.00000e+00
3.46000e+02 2.39477e-11 0.00000e+00
3.47000e+02 2.33955e-12 0.00000e+00
3.48000e+02 2.21307e-11 0.00000e+00
3.49000e+02 8.33407e-12 0.00000e+00
3.50000e+02 1.24792e-11 0.00000e+00
3.51000e+02 1.84598e-11 0.00000e+00
3.52000e+02 2.28407e-11 0.00000e+00
3.53000e+02 1.60835e-11 0.00000e+00
3.54000e+02 2.76287e-11 0.00000e+00
3.55000e+02 2.50208e-11 0.00000e+00
3.56000e+02 3.19909e-11 0.00000e+00
3.57000e+02 1.06473e-11 0.00000e+00
3.58000e+02 9.44075e-12 0.00000e+00
3.59000e+02 2.31113e-11 0.00000e+00
3.60000e+02 1.15949e-11 0.00000e+00
3.61000e+02 2.04093e-11 0.00000e+00
3.62000e+02 2.10852e-11 0.00000e+00
3.63000e+02 7.48804e-12 0.00000e+00
3.64000e+02 2.40879e-11 0.00000e+00
3.65000e+02 2.31594e-11 0.00000e+00
3.66000e+02 1.90500e-11 0.00000e+00
3.67000e+02 1.73164e-11 0.00000e+00
3.68000e+02 3.68599e-11 0.00000e+00
3.69000e+02 1.95444e-11 0.00000e+00
3.70000e+02 2.08320e-11 0.00000e+00
3.71000e+02 2.14988e-11 0.00000e+00
3.72000e+02 1.70864e-11 0.00000e+00
3.73000e+02 2.48562e-11 0.00000e+00
3.74000e+02 2.31778e-11 0.00000e+00
3.75000e+02 3.78958e-11 0.00000e+00
3.76000e+02 2.59461e-11 0.00000e+00
3.77000e+02 2.34473e-11 0.00000e+00
3.78000e+02 2.78049e-11 0.00000e+00
3.79000e+02 1.14506e-11 0.00000e+00
3.80000e+02 1.68100e-11 0.00000e+00
3.81000e+02 1.87871e-11 0.00000e+00
3.82000e+02 1.40938e-11 0.00000e+00
3.83000e+02 3.97138e-11 0.00000e+00
3.84000e+02 2.75639e-11 0.00000e+00
3.85000e+02 2.05363e-11 0.00000e+00
3.86000e+02 2.33838e-11 0.00000e+00
3.87000e+02 2.80578e-11 0.00000e+00
3.88000e+02 2.16358e-11 0.00000e+00
3.89000e+02 1.68176e-11 0.00000e+00
3.90000e+02 2.01093e-11 0.00000e+00
3.91000e+02 2.37323e-11 0.00000e+00
3.92000e+02 2.69501e-11 0.00000e+00
3.93000e+02 2.83485e-11 0.00000e+00
3.94000e+02 1.35983e-11 0.00000e+00
3.95000e+02 1.88854e-11 0.00000e+00
3.96000e+02 2.50840e-11 0.00000e+00
3.97000e+02 2.74765e-11 0.00000e+00
3.98000e+02 2.92173e-11 0.00000e+00
3.99000e+02 2.28222e-11 0.00000e+00
4.00000e+02 1.83283e-11 0.00000e+00
4.01000e+02 1.51725e-11 0.00000e+00
4.02000e+02 1.13593e-11 0.00000e+00
4.03000e+02 1.93752e-11 0.00000e+00
4.04000e+02 2.87598e-11 0.00000e+00
4.05000e+02 1.35269e-11 0.00000e+00
4.06000e+02 1.63274e-11 0.00000e+00
4.07000e+02 2.49779e-11 0.00000e+00
4.08000e+02 2.32252e-11 0.00000e+00
4.09000e+02 2.14015e-11 0.00000e+00
4.10000e+02 1.68268e-11 0.00000e+00
4.11000e+02 1.85783e-11 0.00000e+00
4.12000e+02 1.71213e-11 0.00000e+00
4.13000e+02 2.46742e-11 0.00000e+00
4.14000e+02 1.94295e-11 0.00000e+00
4.15000e+02 1.80118e-11 0.00000e+00
4.16000e+02 1.02527e-11 0.00000e+00
4.17000e+02 1.92501e-11 0.00000e+00
4.18000e+02 1.35782e-11 0.00000e+00
4.19000e+02 1.92405e-11 0.00000e+00
4.20000e+02 1.27198e-11 0.00000e+00
4.21000e+02 1.73001e-11 0.00000e+00
4.22000e+02 1.07503e-11 0.00000e+00
4.23000e+02 1.26970e-11 0.00000e+00
4.24000e+02 1.32150e-11 0.00000e+00
4.25000e+02 1.65993e-11 0.00000e+00
4.26000e+02 1.04623e-11 0.00000e+00
4.27000e+02 1.69220e-11 0.00000e+00
4.28000e+02 1.46286e-11 0.00000e+00
4.29000e+02 1.37082e-11 0.00000e+00
4.30000e+02 2.23697e-11 0.00000e+00
4.31000e+02 1.12753e-11 0.00000e+00
4.32000e+02 1.57970e-11 0.00000e+00
4.33000e+02 1.31765e-11 0.00000e+00
4.34000e+02 1.74468e-11 0.00000e+00
4.35000e+02 1.12667e-11 0.00000e+00
4.36000e+02 1.74350e-11 0.00000e+00
4.37000e+02 1.47283e-11 0.00000e+00
4.38000e+02 1.94739e-11 0.00000e+00
4.39000e+02 2.32595e-11 0.00000e+00
4.40000e+02 1.43399e-11 0.00000e+00
4.41000e+02 1.16491e-11 0.00000e+00
4.42000e+02 1.08373e-11 0.00000e+00
4.43000e+02 1.56237e-11 0.00000e+00
4.44000e+02 1.63594e-11 0.00000e+00
4.45000e+02 1.03142e-11 0.00000e+00
4.46000e+02 2.10846e-11 0.00000e+00
4.47000e+02 1.00973e-11 0.00000e+00
4.48000e+02 2.23439e-12 0.00000e+00
4.49000e+02 9.42013e-12 0.00000e+00
4.50000e+02 1.31872e-11 0.00000e+00
4.51000e+02 9.16213e-12 0.00000e+00
4.52000e+02 1.73654e-11 0.00000e+00
4.53000e+02 2.23881e-11 0.00000e+00
4.54000e+02 2.22158e-11 0.00000e+00
4.55000e+02 2.03737e-11 0.00000e+00
4.56000e+02 2.55700e-11 0.00000e+00
4.57000e+02 1.70000e-11 0.00000e+00
4.58000e+02 1.12163e-11 0.00000e+00
4.59000e+02 1.53594e-11 0.00000e+00
4.60000e+02 1.08619e-11 0.00000e+00
4.61000e+02 1.40612e-11 0.00000e+00
4.62000e+02 2.24649e-11 0.00000e+00
4.63000e+02 1.35339e-11 0.00000e+00
4.64000e+02 1.12244e-11 0.00000e+00
4.65000e+02 9.31353e-12 0.00000e+00
4.66000e+02 1.75571e-11 0.00000e+00
4.67000e+02 1.34029e-11 0.00000e+00
4.68000e+02 9.51290e-12 0.00000e+00
4.69000e+02 1.29117e-11 0.00000e+00
4.70000e+02 1.10781e-11 0.00000e+00
4.71000e+02 8.54839e-12 0.00000e+00
4.72000e+02 1.51792e-11 0.00000e+00
4.73000e+02 1.55804e-11 0.00000e+00
4.74000e+02 8.75193e-12 0.00000e+00
4.75000e+02 1.61499e-11 0.00000e+00
4.76000e+02 1.48007e-11 0.00000e+00
4.77000e+02 1.02849e-11 0.00000e+00
4.78000e+02 1.45448e-11 0.00000e+00
4.79000e+02 1.41563e-11 0.00000e+00
4.80000e+02 1.38950e-11 0.00000e+00
4.81000e+02 1.43466e-11 0.00000e+00
4.82000e+02 1.94920e-11 0.00000e+00
4.83000e+02 9.89669e-12 0.00000e+00
4.84000e+02 8.15377e-12 0.00000e+00
4.85000e+02 1.99240e-11 0.00000e+00
4.86000e+02 1.46026e-11 0.00000e+00
4.87000e+02 1.50111e-11 0.00000e+00
4.88000e+02 1.29223e-11 0.00000e+00
4.89000e+02 9.90635e-12 0.00000e+00
4.90000e+02 1.51070e-11 0.00000e+00
4.91000e+02 1.55755e-11 0.00000e+00
4.92000e+02 1.32121e-11 0.00000e+00
4.93000e+02 1.57067e-11 0.00000e+00
4.94000e+02 1.83728e-11 0.00000e+00
4.95000e+02 1.71682e-11 0.00000e+00
4.96000e+02 1.64590e-11 0.00000e+00
4.97000e+02 1.14273e-11 0.00000e+00
4.98000e+02 1.69169e-11 0.00000e+00
4.99000e+02 1.94175e-11 0.00000e+00
5.00000e+02 1.45634e-11 0.00000e+00
5.01000e+02 1.73909e-11 0.00000e+00
5.02000e+02 1.33194e-11 0.00000e+00
5.03000e+02 1.83587e-11 0.00000e+00
5.04000e+02 1.12135e-11 0.00000e+00
5.05000e+02 1.54824e-11 0.00000e+00
5.06000e+02 1.35407e-11 0.00000e+00
5.07000e+02 9.98287e-12 0.00000e+00
5.08000e+02 1.42360e-11 0.00000e+00
5.09000e+02 1.50379e-11 0.00000e+00
5.10000e+02 8.42011e-12 0.00000e+00
5.11000e+02 1.49197e-11 0.00000e+00
5.12000e+02 1.05909e-11 0.00000e+00
5.13000e+02 1.56427e-11 0.00000e+00
5.14000e+02 1.41928e-11 0.00000e+00
5.15000e+02 1.57791e-11 0.00000e+00
5.16000e+02 7.06683e-12 0.00000e+00
5.17000e+02 1.30895e-11 0.00000e+00
5.18000e+02 1.31640e-11 0.00000e+00
5.19000e+02 1.10118e-11 0.00000e+00
5.20000e+02 1.10902e-11 0.00000e+00
5.21000e+02 9.70095e-12 0.00000e+00
5.22000e+02 1.26369e-11 0.00000e+00
5.23000e+02 1.24131e-11 0.00000e+00
5.24000e+02 1.18023e-11 0.00000e+00
5.25000e+02 8.92686e-12 0.00000e+00
5.26000e+02 5.84499e-12 0.00000e+00
5.27000e+02 1.25215e-11 0.00000e+00
5.28000e+02 1.20523e-11 0.00000e+00
5.29000e+02 1.06396e-11 0.00000e+00
5.30000e+02 1.62109e-11 0.00000e+00
5.31000e+02 1.35234e-11 0.00000e+00
5.32000e+02 8.25257e-12 0.00000e+00
5.33000e+02 1.45534e-11 0.00000e+00
5.34000e+02 1.09496e-11 0.00000e+00
5.35000e+02 8.30249e-12 0.00000e+00
5.36000e+02 1.23349e-11 0.00000e+00
5.37000e+02 4.26753e-12 0.00000e+00
5.38000e+02 1.65183e-11 0.00000e+00
5.39000e+02 1.25583e-11 0.00000e+00
5.40000e+02 1.33485e-11 0.00000e+00
5.41000e+02 1.19839e-11 0.00000e+00
5.42000e+02 1.86908e-11 0.00000e+00
5.43000e+02 1.59553e-11 0.00000e+00
5.44000e+02 1.00052e-11 0.00000e+00
5.45000e+02 1.28316e-11 0.00000e+00
5.46000e+02 1.22608e-11 0.00000e+00
5.47000e+02 1.27975e-11 0.00000e+00
5.48000e+02 1.25791e-11 0.00000e+00
5.49000e+02 1.08155e-11 0.00000e+00
5.50000e+02 1.26151e-11 0.00000e+00
5.51000e+02 9.54564e-12 0.00000e+00
5.52000e+02 1.37535e-11 0.00000e+00
5.53000e+02 3.51395e-12 0.00000e+00
5.54000e+02 8.55189e-12 0.00000e+00
5.55000e+02 8.53661e-12 0.00000e+00
5.56000e+02 1.88003e-11 0.00000e+00
5.57000e+02 1.16224e-11 0.00000e+00
5.58000e+02 8.43125e-12 0.00000e+00
5.59000e+02 1.11484e-11 0.00000e+00
5.60000e+02 6.91858e-12 0.00000e+00
5.61000e+02 1.50988e-11 0.00000e+00
5.62000e+02 1.20170e-11 0.00000e+00
5.63000e+02 1.10040e-11 0.00000e+00
5.64000e+02 8.35598e-12 0.00000e+00
5.65000e+02 1.22422e-11 0.00000e+00
5.66000e+02 8.34372e-12 0.00000e+00
5.67000e+02 1.60010e-11 0.00000e+00
5.68000e+02 1.03094e-11 0.00000e+00
5.69000e+02 3.85484e-12 0.00000e+00
5.70000e+02 9.22811e-12 0.00000e+00
5.71000e+02 7.07237e-12 0.00000e+00
5.72000e+02 1.61577e-11 0.00000e+00
5.73000e+02 1.30814e-11 0.00000e+00
5.74000e+02 1.00302e-11 0.00000e+00
5.75000e+02 6.95050e-12 0.00000e+00
5.76000e+02 7.70219e-12 0.00000e+00
5.77000e+02 9.17398e-12 0.00000e+00
5.78000e+02 9.87944e-12 0.00000e+00
5.79000e+02 1.13347e-11 0.00000e+00
5.80000e+02 5.76060e-12 0.00000e+00
5.81000e+02 8.71287e-12 0.00000e+00
5.82000e+02 9.26762e-12 0.00000e+00
5.83000e+02 9.30424e-12 0.00000e+00
5.84000e+02 4.25158e-12 0.00000e+00
5.85000e+02 1.68687e-11 0.00000e+00
5.86000e+02 1.09636e-11 0.00000e+00
5.87000e+02 1.04871e-11 0.00000e+00
5.88000e+02 1.05604e-11 0.00000e+00
5.89000e+02 9.92417e-12 0.00000e+00
5.90000e+02 1.10343e-11 0.00000e+00
5.91000e+02 7.72077e-12 0.00000e+00
5.92000e+02 1.13441e-11 0.00000e+00
5.93000e+02 1.40827e-11 0.00000e+00
5.94000e+02 1.14335e-11 0.00000e+00
5.95000e+02 1.27175e-11 0.00000e+00
5.96000e+02 1.28132e-11 0.00000e+00
5.97000e+02 9.05019e-12 0.00000e+00
5.98000e+02 1.08369e-11 0.00000e+00
5.99000e+02 7.24906e-12 0.00000e+00
6.00000e+02 1.06793e-11 0.00000e+00
6.01000e+02 8.39746e-12 0.00000e+00
6.02000e+02 7.78372e-12 0.00000e+00
6.03000e+02 6.60290e-12 0.00000e+00
6.04000e+02 8.94273e-12 0.00000e+00
6.05000e+02 1.05286e-11 0.00000e+00
6.06000e+02 3.13586e-12 0.00000e+00
6.07000e+02 1.11207e-11 0.00000e+00
6.08000e+02 1.14576e-11 0.00000e+00
6.09000e+02 1.13127e-11 0.00000e+00
6.10000e+02 1.37816e-11 0.00000e+00
6.11000e+02 6.44766e-12 0.00000e+00
6.12000e+02 6.38438e-12 0.00000e+00
6.13000e+02 8.37358e-12 0.00000e+00
6.14000e+02 9.68115e-12 0.00000e+00
6.15000e+02 1.13348e-11 0.00000e+00
6.16000e+02 5.37459e-12 0.00000e+00
6.17000e+02 8.84492e-12 0.00000e+00
6.18000e+02 1.09530e-11 0.00000e+00
6.19000e+02 9.01724e-12 0.00000e+00
6.20000e+02 8.19142e-12 0.00000e+00
6.21000e+02 5.47759e-12 0.00000e+00
6.22000e+02 8.71735e-12 0.00000e+00
6.23000e+02 1.02804e-11 0.00000e+00
6.24000e+02 1.14492e-11 0.00000e+00
6.25000e+02 1.01551e-11 0.00000e+00
6.26000e+02 7.97323e-12 0.00000e+00
6.27000e+02 1.17943e-11 0.00000e+00
6.28000e+02 1.04554e-11 0.00000e+00
6.29000e+02 9.22126e-12 0.00000e+00
6.30000e+02 7.47383e-12 0.00000e+00
6.31000e+02 8.16576e-12 0.00000e+00
6.32000e+02 7.46662e-12 0.00000e+00
6.33000e+02 9.89438e-12 0.00000e+00
6.34000e+02 1.15260e-11 0.00000e+00
6.35000e+02 7.93202e-12 0.00000e+00
6.36000e+02 8.18961e-12 0.00000e+00
6.37000e+02 1.08165e-11 0.00000e+00
6.38000e+02 1.26266e-11 0.00000e+00
6.39000e+02 1.76787e-12 0.00000e+00
6.40000e+02 7.57589e-12 0.00000e+00
6.41000e+02 1.02987e-11 0.00000e+00
6.42000e+02 7.66525e-12 0.00000e+00
6.43000e+02 8.70828e-12 0.00000e+00
6.44000e+02 9.99664e-12 0.00000e+00
6.45000e+02 9.66191e-12 0.00000e+00
6.46000e+02 8.52916e-12 0.00000e+00
6.47000e+02 6.79367e-12 0.00000e+00
6.48000e+02 8.95022e-12 0.00000e+00
6.49000e+02 8.96725e-12 0.00000e+00
6.50000e+02 1.05784e-11 0.00000e+00
6.51000e+02 9.57518e-12 0.00000e+00
6.52000e+02 1.00897e-11 0.00000e+00
6.53000e+02 9.22609e-12 0.00000e+00
6.54000e+02 1.16462e-11 0.00000e+00
6.55000e+02 1.08268e-11 0.00000e+00
6.56000e+02 5.82066e-12 0.00000e+00
6.57000e+02 9.05713e-12 0.00000e+00
6.58000e+02 8.30451e-12 0.00000e+00
6.59000e+02 1.03393e-11 0.00000e+00
6.60000e+02 9.29965e-12 0.00000e+00
6.61000e+02 7.47776e-12 0.00000e+00
6.62000e+02 8.94927e-12 0.00000e+00
6.63000e+02 9.83806e-12 0.00000e+00
6.64000e+02 7.04027e-12 0.00000e+00
6.65000e+02 7.41255e-12 0.00000e+00
6.66000e+02 9.54565e-12 0.00000e+00
6.67000e+02 7.82047e-12 0.00000e+00
6.68000e+02 6.99393e-12 0.00000e+00
6.69000e+02 8.76809e-12 0.00000e+00
6.70000e+02 9.55404e-12 0.00000e+00
6.71000e+02 8.67047e-12 0.00000e+00
6.72000e+02 4.99858e-12 0.00000e+00
6.73000e+02 7.24867e-12 0.00000e+00
6.74000e+02 6.88167e-12 0.00000e+00
6.75000e+02 8.78968e-12 0.00000e+00
6.76000e+02 8.11958e-12 0.00000e+00
6.77000e+02 7.25880e-12 0.00000e+00
6.78000e+02 7.74795e-12 0.00000e+00
6.79000e+02 8.09092e-12 0.00000e+00
6.80000e+02 7.61976e-12 0.00000e+00
6.81000e+02 8.85720e-12 0.00000e+00
6.82000e+02 8.15409e-12 0.00000e+00
6.83000e+02 8.01644e-12 0.00000e+00
6.84000e+02 8.68442e-12 0.00000e+00
6.85000e+02 1.09576e-11 0.00000e+00
6.86000e+02 8.63173e-12 0.00000e+00
6.87000e+02 7.58313e-12 0.00000e+00
6.88000e+02 1.23489e-11 0.00000e+00
6.89000e+02 9.78269e-12 0.00000e+00
6.90000e+02 6.33354e-12 0.00000e+00
6.91000e+02 6.94929e-12 0.00000e+00
6.92000e+02 8.44255e-12 0.00000e+00
6.93000e+02 7.16624e-12 0.00000e+00
6.94000e+02 6.94896e-12 0.00000e+00
6.95000e+02 8.60606e-12 0.00000e+00
6.96000e+02 7.08173e-12 0.00000e+00
6.97000e+02 8.49900e-12 0.00000e+00
6.98000e+02 5.63277e-12 0.00000e+00
6.99000e+02 4.97101e-12 0.00000e+00
7.00000e+02 8.17097e-12 0.00000e+00
7.01000e+02 8.13745e-12 0.00000e+00
7.02000e+02 4.21498e-12 0.00000e+00
7.03000e+02 6.19377e-12 0.00000e+00
7.04000e+02 8.01205e-12 0.00000e+00
7.05000e+02 6.34416e-12 0.00000e+00
7.06000e+02 6.79707e-12 0.00000e+00
7.07000e+02 7.25797e-12 0.00000e+00
7.08000e+02 9.61523e-12 0.00000e+00
7.09000e+02 9.97778e-12 0.00000e+00
7.10000e+02 4.60512e-12 0.00000e+00
7.11000e+02 7.22294e-12 0.00000e+00
7.12000e+02 8.00160e-12 0.00000e+00
7.13000e+02 6.66526e-12 0.00000e+00
7.14000e+02 8.62659e-12 0.00000e+00
7.15000e+02 7.51585e-12 0.00000e+00
7.16000e+02 7.84532e-12 0.00000e+00
7.17000e+02 5.76010e-12 0.00000e+00
7.18000e+02 8.94980e-12 0.00000e+00
7.19000e+02 4.35062e-12 0.00000e+00
7.20000e+02 3.94298e-12 0.00000e+00
7.21000e+02 5.51573e-12 0.00000e+00
7.22000e+02 8.56518e-12 0.00000e+00
7.23000e+02 5.22976e-12 0.00000e+00
7.24000e+02 5.92244e-12 0.00000e+00
7.25000e+02 7.48495e-12 0.00000e+00
7.26000e+02 7.89668e-12 0.00000e+00
7.27000e+02 7.10820e-12 0.00000e+00
7.28000e+02 7.23531e-12 0.00000e+00
7.29000e+02 5.66571e-12 0.00000e+00
7.30000e+02 7.16288e-12 0.00000e+00
7.31000e+02 8.20451e-12 0.00000e+00
7.32000e+02 8.77833e-12 0.00000e+00
7.33000e+02 5.69521e-12 0.00000e+00
7.34000e+02 6.88180e-12 0.00000e+00
7.35000e+02 1.12392e-11 0.00000e+00
7.36000e+02 4.51113e-12 0.00000e+00
7.37000e+02 9.55874e-12 0.00000e+00
7.38000e+02 7.58397e-12 0.00000e+00
7.39000e+02 6.60809e-12 0.00000e+00
7.40000e+02 7.69427e-12 0.00000e+00
7.41000e+02 7.31861e-12 0.00000e+00
7.42000e+02 8.00085e-12 0.00000e+00
7.43000e+02 7.92096e-12 0.00000e+00
7.44000e+02 4.69133e-12 0.00000e+00
7.45000e+02 8.31965e-12 0.00000e+00
7.46000e+02 7.63292e-12 0.00000e+00
7.47000e+02 5.47184e-12 0.00000e+00
7.48000e+02 5.37837e-12 0.00000e+00
7.49000e+02 6.85088e-12 0.00000e+00
7.50000e+02 6.74174e-12 0.00000e+00
7.51000e+02 6.29630e-12 0.00000e+00
7.52000e+02 6.28280e-12 0.00000e+00
7.53000e+02 5.07367e-12 0.00000e+00
7.54000e+02 8.68466e-12 0.00000e+00
7.55000e+02 6.66796e-12 0.00000e+00
7.56000e+02 5.46105e-12 0.00000e+00
7.57000e+02 3.47769e-12 0.00000e+00
7.58000e+02 6.29834e-12 0.00000e+00
7.59000e+02 4.30621e-12 0.00000e+00
7.60000e+02 4.65204e-12 0.00000e+00
7.61000e+02 6.97378e-12 0.00000e+00
7.62000e+02 7.70588e-12 0.00000e+00
7.63000e+02 6.43274e-12 0.00000e+00
7.64000e+02 6.06110e-12 0.00000e+00
7.65000e+02 4.32380e-12 0.00000e+00
7.66000e+02 4.92178e-12 0.00000e+00
7.67000e+02 6.11188e-12 0.00000e+00
7.68000e+02 6.59242e-12 0.00000e+00
7.69000e+02 6.23826e-12 0.00000e+00
7.70000e+02 4.33505e-12 0.00000e+00
7.71000e+02 5.94600e-12 0.00000e+00
7.72000e+02 4.50109e-12 0.00000e+00
7.73000e+02 5.61403e-12 0.00000e+00
7.74000e+02 6.42988e-12 0.00000e+00
7.75000e+02 5.03704e-12 0.00000e+00
7.76000e+02 6.36577e-12 0.00000e+00
7.77000e+02 6.83097e-12 0.00000e+00
7.78000e+02 6.85359e-12 0.00000e+00
7.79000e+02 3.77644e-12 0.00000e+00
7.80000e+02 6.27323e-12 0.00000e+00
7.81000e+02 5.80076e-12 0.00000e+00
7.82000e+02 4.88818e-12 0.00000e+00
7.83000e+02 5.87393e-12 0.00000e+00
7.84000e+02 5.85858e-12 0.00000e+00
7.85000e+02 5.81675e-12 0.00000e+00
7.86000e+02 4.89355e-12 0.00000e+00
7.87000e+02 6.65560e-12 0.00000e+00
7.88000e+02 6.63165e-12 0.00000e+00
7.89000e+02 5.56398e-12 0.00000e+00
7.90000e+02 5.64314e-12 0.00000e+00
7.91000e+02 5.02229e-12 0.00000e+00
7.92000e+02 4.86073e-12 0.00000e+00
7.93000e+02 6.55004e-12 0.00000e+00
7.94000e+02 6.18447e-12 0.00000e+00
7.95000e+02 4.45389e-12 0.00000e+00
7.96000e+02 6.22436e-12 0.00000e+00
7.97000e+02 4.89066e-12 0.00000e+00
7.98000e+02 6.27773e-12 0.00000e+00
7.99000e+02 5.36809e-12 0.00000e+00
8.00000e+02 4.19684e-12 0.00000e+00
8.01000e+02 6.96201e-12 0.00000e+00
8.02000e+02 3.91631e-12 0.00000e+00
8.03000e+02 5.00935e-12 0.00000e+00
8.04000e+02 3.25645e-12 0.00000e+00
8.05000e+02 4.21327e-12 0.00000e+00
8.06000e+02 6.24187e-12 0.00000e+00
8.07000e+02 5.13360e-12 0.00000e+00
8.08000e+02 5.30399e-12 0.00000e+00
8.09000e+02 5.87494e-12 0.00000e+00
8.10000e+02 6.13079e-12 0.00000e+00
8.11000e+02 4.95462e-12 0.00000e+00
8.12000e+02 5.44221e-12 0.00000e+00
8.13000e+02 6.26668e-12 0.00000e+00
8.14000e+02 5.88027e-12 0.00000e+00
8.15000e+02 3.59637e-12 0.00000e+00
8.16000e+02 4.95705e-12 0.00000e+00
8.17000e+02 5.80870e-12 0.00000e+00
8.18000e+02 3.62280e-12 0.00000e+00
8.19000e+02 7.33263e-12 0.00000e+00
8.20000e+02 7.07923e-12 0.00000e+00
8.21000e+02 3.93677e-12 0.00000e+00
8.22000e+02 5.29305e-12 0.00000e+00
8.23000e+02 6.80586e-12 0.00000e+00
8.24000e+02 4.72603e-12 0.00000e+00
8.25000e+02 5.34888e-12 0.00000e+00
8.26000e+02 6.30960e-12 0.00000e+00
8.27000e+02 6.15839e-12 0.00000e+00
8.28000e+02 2.74657e-12 0.00000e+00
8.29000e+02 4.13111e-12 0.00000e+00
8.30000e+02 4.02960e-12 0.00000e+00
8.31000e+02 4.22001e-12 0.00000e+00
8.32000e+02 4.05428e-12 0.00000e+00
8.33000e+02 6.79760e-12 0.00000e+00
8.34000e+02 5.50077e-12 0.00000e+00
8.35000e+02 6.03761e-12 0.00000e+00
8.36000e+02 4.77786e-12 0.00000e+00
8.37000e+02 4.64293e-12 0.00000e+00
8.38000e+02 4.55058e-12 0.00000e+00
8.39000e+02 5.40816e-12 0.00000e+00
8.40000e+02 4.87483e-12 0.00000e+00
8.41000e+02 4.94483e-12 0.00000e+00
8.42000e+02 4.73628e-12 0.00000e+00
8.43000e+02 4.33805e-12 0.00000e+00
8.44000e+02 4.67525e-12 0.00000e+00
8.45000e+02 5.68516e-12 0.00000e+00
8.46000e+02 4.54520e-12 0.00000e+00
8.47000e+02 5.02051e-12 0.00000e+00
8.48000e+02 3.48734e-12 0.00000e+00
8.49000e+02 4.97933e-12 0.00000e+00
8.50000e+02 3.54362e-12 0.00000e+00
8.51000e+02 4.85359e-12 0.00000e+00
8.52000e+02 5.05328e-12 0.00000e+00
8.53000e+02 4.75729e-12 0.00000e+00
8.54000e+02 4.12423e-12 0.00000e+00
8.55000e+02 5.10492e-12 0.00000e+00
8.56000e+02 4.40238e-12 0.00000e+00
8.57000e+02 4.36501e-12 0.00000e+00
8.58000e+02 6.70524e-12 0.00000e+00
8.59000e+02 5.30228e-12 0.00000e+00
8.60000e+02 3.03535e-12 0.00000e+00
8.61000e+02 4.38169e-12 0.00000e+00
8.62000e+02 3.92270e-12 0.00000e+00
8.63000e+02 4.56545e-12 0.00000e+00
8.64000e+02 2.97979e-12 0.00000e+00
8.65000e+02 5.12925e-12 0.00000e+00
8.66000e+02 4.57882e-12 0.00000e+00
8.67000e+02 4.67603e-12 0.00000e+00
8.68000e+02 3.06318e-12 0.00000e+00
8.69000e+02 4.05373e-12 0.00000e+00
8.70000e+02 4.60392e-12 0.00000e+00
8.71000e+02 3.63893e-12 0.00000e+00
8.72000e+02 3.42078e-12 0.00000e+00
8.73000e+02 5.98601e-12 0.00000e+00
8.74000e+02 4.19381e-12 0.00000e+00
8.75000e+02 4.52428e-12 0.00000e+00
8.76000e+02 2.75189e-12 0.00000e+00
8.77000e+02 5.26047e-12 0.00000e+00
8.78000e+02 4.30577e-12 0.00000e+00
8.79000e+02 3.97348e-12 0.00000e+00
8.80000e+02 4.21829e-12 0.00000e+00
8.81000e+02 4.46084e-12 0.00000e+00
8.82000e+02 3.15434e-12 0.00000e+00
8.83000e+02 4.59393e-12 0.00000e+00
8.84000e+02 3.97845e-12 0.00000e+00
8.85000e+02 3.10656e-12 0.00000e+00
8.86000e+02 4.11048e-12 0.00000e+00
8.87000e+02 4.03799e-12 0.00000e+00
8.88000e+02 4.97526e-12 0.00000e+00
8.89000e+02 3.19361e-12 0.00000e+00
8.90000e+02 3.62021e-12 0.00000e+00
8.91000e+02 2.96338e-12 0.00000e+00
8.92000e+02 3.97272e-12 0.00000e+00
8.93000e+02 2.58585e-12 0.00000e+00
8.94000e+02 4.35165e-12 0.00000e+00
8.95000e+02 4.63702e-12 0.00000e+00
8.96000e+02 3.92041e-12 0.00000e+00
8.97000e+02 3.93997e-12 0.00000e+00
8.98000e+02 3.36759e-12 0.00000e+00
8.99000e+02 3.54946e-12 0.00000e+00
9.00000e+02 3.68291e-12 0.00000e+00
9.01000e+02 4.35324e-12 0.00000e+00
9.02000e+02 4.16501e-12 0.00000e+00
9.03000e+02 4.04472e-12 0.00000e+00
9.04000e+02 4.57123e-12 0.00000e+00
9.05000e+02 3.28856e-12 0.00000e+00
9.06000e+02 4.79869e-12 0.00000e+00
9.07000e+02 3.86264e-12 0.00000e+00
9.08000e+02 3.57539e-12 0.00000e+00
9.09000e+02 2.91506e-12 0.00000e+00
9.10000e+02 3.34021e-12 0.00000e+00
9.11000e+02 4.55142e-12 0.00000e+00
9.12000e+02 4.12776e-12 0.00000e+00
9.13000e+02 3.11051e-12 0.00000e+00
9.14000e+02 4.49381e-12 0.00000e+00
9.15000e+02 3.62418e-12 0.00000e+00
9.16000e+02 4.44766e-12 0.00000e+00
9.17000e+02 4.16103e-12 0.00000e+00
9.18000e+02 3.11770e-12 0.00000e+00
9.19000e+02 3.89129e-12 0.00000e+00
9.20000e+02 3.05196e-12 0.00000e+00
9.21000e+02 3.30645e-12 0.00000e+00
9.22000e+02 2.92143e-12 0.00000e+00
9.23000e+02 2.48489e-12 0.00000e+00
9.24000e+02 3.96846e-12 0.00000e+00
9.25000e+02 3.76118e-12 0.00000e+00
9.26000e+02 3.36051e-12 0.00000e+00
9.27000e+02 3.58149e-12 0.00000e+00
9.28000e+02 3.19753e-12 0.00000e+00
9.29000e+02 4.04977e-12 0.00000e+00
9.30000e+02 3.18461e-12 0.00000e+00
9.31000e+02 3.72231e-12 0.00000e+00
9.32000e+02 2.99706e-12 0.00000e+00
9.33000e+02 3.44804e-12 0.00000e+00
9.34000e+02 3.99383e-12 0.00000e+00
9.35000e+02 3.30483e-12 0.00000e+00
9.36000e+02 3.79366e-12 0.00000e+00
9.37000e+02 4.34044e-12 0.00000e+00
9.38000e+02 3.55063e-12 0.00000e+00
9.39000e+02 3.39673e-12 0.00000e+00
9.40000e+02 3.78286e-12 0.00000e+00
9.41000e+02 3.92486e-12 0.00000e+00
9.42000e+02 2.83212e-12 0.00000e+00
9.43000e+02 4.10715e-12 0.00000e+00
9.44000e+02 2.07166e-12 0.00000e+00
9.45000e+02 3.46991e-12 0.00000e+00
9.46000e+02 3.39963e-12 0.00000e+00
9.47000e+02 3.22735e-12 0.00000e+00
9.48000e+02 2.26324e-12 0.00000e+00
9.49000e+02 3.28687e-12 0.00000e+00
9.50000e+02 3.34420e-12 0.00000e+00
9.51000e+02 2.55074e-12 0.00000e+00
9.52000e+02 2.22303e-12 0.00000e+00
9.53000e+02 2.93985e-12 0.00000e+00
9.54000e+02 3.66323e-12 0.00000e+00
9.55000e+02 3.71240e-12 0.00000e+00
9.56000e+02 3.73638e-12 0.00000e+00
9.57000e+02 2.92845e-12 0.00000e+00
9.58000e+02 2.12228e-12 0.00000e+00
9.59000e+02 3.28243e-12 0.00000e+00
9.60000e+02 3.17667e-12 0.00000e+00
9.61000e+02 3.00994e-12 0.00000e+00
9.62000e+02 3.51664e-12 0.00000e+00
9.63000e+02 3.32531e-12 0.00000e+00
9.64000e+02 2.68239e-12 0.00000e+00
9.65000e+02 2.65242e-12 0.00000e+00
9.66000e+02 3.47177e-12 0.00000e+00
9.67000e+02 2.83114e-12 0.00000e+00
9.68000e+02 3.01346e-12 0.00000e+00
9.69000e+02 2.50589e-12 0.00000e+00
9.70000e+02 3.13346e-12 0.00000e+00
9.71000e+02 2.74459e-12 0.00000e+00
9.72000e+02 3.42756e-12 0.00000e+00
9.73000e+02 2.77966e-12 0.00000e+00
9.74000e+02 3.24291e-12 0.00000e+00
9.75000e+02 3.32094e-12 0.00000e+00
9.76000e+02 3.69661e-12 0.00000e+00
9.77000e+02 2.44212e-12 0.00000e+00
9.78000e+02 4.53822e-12 0.00000e+00
9.79000e+02 2.67453e-12 0.00000e+00
9.80000e+02 2.78914e-12 0.00000e+00
9.81000e+02 2.82364e-12 0.00000e+00
9.82000e+02 2.66680e-12 0.00000e+00
9.83000e+02 2.79046e-12 0.00000e+00
9.84000e+02 3.20246e-12 0.00000e+00
9.85000e+02 4.03217e-12 0.00000e+00
9.86000e+02 2.90908e-12 0.00000e+00
9.87000e+02 2.12717e-12 0.00000e+00
9.88000e+02 3.14835e-12 0.00000e+00
9.89000e+02 1.89404e-12 0.00000e+00
9.90000e+02 2.16687e-12 0.00000e+00
9.91000e+02 2.75498e-12 0.00000e+00
9.92000e+02 2.67740e-12 0.00000e+00
9.93000e+02 3.57140e-12 0.00000e+00
9.94000e+02 2.38235e-12 0.00000e+00
9.95000e+02 2.58797e-12 0.00000e+00
9.96000e+02 2.96961e-12 0.00000e+00
9.97000e+02 2.60859e-12 0.00000e+00
9.98000e+02 2.78400e-12 0.00000e+00
9.99000e+02 2.08424e-12 0.00000e+00
1.00000e+03 3.11259e-12 0.00000e+00
1.00100e+03 2.50866e-12 0.00000e+00
1.00200e+03 3.36242e-12 0.00000e+00
1.00300e+03 2.45885e-12 0.00000e+00
1.00400e+03 2.51592e-12 0.00000e+00
1.00500e+03 2.99972e-12 0.00000e+00
1.00600e+03 2.69873e-12 0.00000e+00
1.00700e+03 2.66428e-12 0.00000e+00
1.00800e+03 2.96377e-12 0.00000e+00
1.00900e+03 3.27456e-12 0.00000e+00
1.01000e+03 3.66298e-12 0.00000e+00
1.01100e+03 1.85885e-12 0.00000e+00
1.01200e+03 2.44493e-12 0.00000e+00
1.01300e+03 2.21591e-12 0.00000e+00
1.01400e+03 3.03258e-12 0.00000e+00
1.01500e+03 3.16129e-12 0.00000e+00
1.01600e+03 1.83663e-12 0.00000e+00
1.01700e+03 2.71184e-12 0.00000e+00
1.01800e+03 2.54627e-12 0.00000e+00
1.01900e+03 2.82562e-12 0.00000e+00
1.02000e+03 2.63811e-12 0.00000e+00
1.02100e+03 3.01893e-12 0.00000e+00
1.02200e+03 2.50935e-12 0.00000e+00
1.02300e+03 3.34035e-12 0.00000e+00
1.02400e+03 1.84039e-12 0.00000e+00
1.02500e+03 2.81456e-12 0.00000e+00
1.02600e+03 2.48197e-12 0.00000e+00
1.02700e+03 2.42383e-12 0.00000e+00
1.02800e+03 2.45507e-12 0.00000e+00
1.02900e+03 2.24179e-12 0.00000e+00
1.03000e+03 2.49384e-12 0.00000e+00
1.03100e+03 3.03034e-12 0.00000e+00
1.03200e+03 2.20954e-12 0.00000e+00
1.03300e+03 2.41329e-12 0.00000e+00
1.03400e+03 2.76805e-12 0.00000e+00
1.03500e+03 1.72589e-12 0.00000e+00
1.03600e+03 2.80291e-12 0.00000e+00
1.03700e+03 2.16943e-12 0.00000e+00
1.03800e+03 2.14742e-12 0.00000e+00
1.03900e+03 2.89127e-12 0.00000e+00
1.04000e+03 1.99020e-12 0.00000e+00
1.04100e+03 2.49774e-12 0.00000e+00
1.04200e+03 1.97520e-12 0.00000e+00
1.04300e+03 1.86094e-12 0.00000e+00
1.04400e+03 1.99296e-12 0.00000e+00
1.04500e+03 2.33678e-12 0.00000e+00
1.04600e+03 2.81036e-12 0.00000e+00
1.04700e+03 1.92176e-12 0.00000e+00
1.04800e+03 2.71715e-12 0.00000e+00
1.04900e+03 1.82482e-12 0.00000e+00
1.05000e+03 3.24084e-12 0.00000e+00
1.05100e+03 1.78948e-12 0.00000e+00
1.05200e+03 2.04252e-12 0.00000e+00
1.05300e+03 2.56481e-12 0.00000e+00
1.05400e+03 2.03593e-12 0.00000e+00
1.05500e+03 2.26120e-12 0.00000e+00
1.05600e+03 2.00818e-12 0.00000e+00
1.05700e+03 2.44690e-12 0.00000e+00
1.05800e+03 2.73549e-12 0.00000e+00
1.05900e+03 1.30824e-12 0.00000e+00
1.06000e+03 1.99892e-12 0.00000e+00
1.06100e+03 2.23507e-12 0.00000e+00
1.06200e+03 2.80290e-12 0.00000e+00
1.06300e+03 2.50495e-12 0.00000e+00
1.06400e+03 2.37098e-12 0.00000e+00
1.06500e+03 2.37292e-12 0.00000e+00
1.06600e+03 1.99131e-12 0.00000e+00
1.06700e+03 1.90311e-12 0.00000e+00
1.06800e+03 2.08573e-12 0.00000e+00
1.06900e+03 1.66764e-12 0.00000e+00
1.07000e+03 2.28931e-12 0.00000e+00
1.07100e+03 1.76489e-12 0.00000e+00
1.07200e+03 2.10629e-12 0.00000e+00
1.07300e+03 1.80099e-12 0.00000e+00
1.07400e+03 1.80908e-12 0.00000e+00
1.07500e+03 2.17943e-12 0.00000e+00
1.07600e+03 2.32471e-12 0.00000e+00
1.07700e+03 2.10183e-12 0.00000e+00
1.07800e+03 1.88260e-12 0.00000e+00
1.07900e+03 2.00781e-12 0.00000e+00
1.08000e+03 1.91308e-12 0.00000e+00
1.08100e+03 1.88592e-12 0.00000e+00
1.08200e+03 1.91700e-12 0.00000e+00
1.08300e+03 1.83500e-12 0.00000e+00
1.08400e+03 2.10759e-12 0.00000e+00
1.08500e+03 2.01731e-12 0.00000e+00
1.08600e+03 1.89164e-12 0.00000e+00
1.08700e+03 2.13430e-12 0.00000e+00
1.08800e+03 1.99266e-12 0.00000e+00
1.08900e+03 1.99088e-12 0.00000e+00
1.09000e+03 2.46862e-12 0.00000e+00
1.09100e+03 1.76834e-12 0.00000e+00
1.09200e+03 1.51396e-12 0.00000e+00
1.09300e+03 1.62886e-12 0.00000e+00
1.09400e+03 1.91337e-12 0.00000e+00
1.09500e+03 1.99143e-12 0.00000e+00
1.09600e+03 1.88304e-12 0.00000e+00
1.09700e+03 1.65569e-12 0.00000e+00
1.09800e+03 2.73967e-12 0.00000e+00
1.09900e+03 1.98235e-12 0.00000e+00
1.10000e+03 2.19339e-12 0.00000e+00
1.10100e+03 2.11038e-12 0.00000e+00
1.10200e+03 1.59970e-12 0.00000e+00
1.10300e+03 1.79191e-12 0.00000e+00
1.10400e+03 2.27334e-12 0.00000e+00
1.10500e+03 1.86057e-12 0.00000e+00
1.10600e+03 1.76020e-12 0.00000e+00
1.10700e+03 1.62434e-12 0.00000e+00
1.10800e+03 1.97731e-12 0.00000e+00
1.10900e+03 2.34841e-12 0.00000e+00
1.11000e+03 1.97351e-12 0.00000e+00
1.11100e+03 1.74402e-12 0.00000e+00
1.11200e+03 1.63285e-12 0.00000e+00
1.11300e+03 1.96093e-12 0.00000e+00
1.11400e+03 1.32724e-12 0.00000e+00
1.11500e+03 1.86641e-12 0.00000e+00
1.11600e+03 1.40300e-12 0.00000e+00
1.11700e+03 2.31385e-12 0.00000e+00
1.11800e+03 2.18834e-12 0.00000e+00
1.11900e+03 1.96560e-12 0.00000e+00
1.12000e+03 2.06632e-12 0.00000e+00
1.12100e+03 1.65760e-12 0.00000e+00
1.12200e+03 2.04085e-12 0.00000e+00
1.12300e+03 1.66285e-12 0.00000e+00
1.12400e+03 1.80196e-12 0.00000e+00
1.12500e+03 2.09753e-12 0.00000e+00
1.12600e+03 1.60280e-12 0.00000e+00
1.12700e+03 1.83229e-12 0.00000e+00
1.12800e+03 1.89689e-12 0.00000e+00
1.12900e+03 1.60132e-12 0.00000e+00
1.13000e+03 1.83589e-12 0.00000e+00
1.13100e+03 1.85346e-12 0.00000e+00
1.13200e+03 1.63651e-12 0.00000e+00
1.13300e+03 1.91433e-12 0.00000e+00
1.13400e+03 1.61979e-12 0.00000e+00
1.13500e+03 1.56260e-12 0.00000e+00
1.13600e+03 1.41871e-12 0.00000e+00
1.13700e+03 1.73721e-12 0.00000e+00
1.13800e+03 1.92476e-12 0.00000e+00
1.13900e+03 1.68209e-12 0.00000e+00
1.14000e+03 1.92040e-12 0.00000e+00
1.14100e+03 1.99366e-12 0.00000e+00
1.14200e+03 1.74971e-12 0.00000e+00
1.14300e+03 1.74222e-12 0.00000e+00
1.14400e+03 1.66696e-12 0.00000e+00
1.14500e+03 1.57896e-12 0.00000e+00
1.14600e+03 1.64810e-12 0.00000e+00
1.14700e+03 1.87019e-12 0.00000e+00
1.14800e+03 1.37640e-12 0.00000e+00
1.14900e+03 1.58082e-12 0.00000e+00
1.15000e+03 1.89839e-12 0.00000e+00
1.15100e+03 1.65933e-12 0.00000e+00
1.15200e+03 1.67455e-12 0.00000e+00
1.15300e+03 1.90610e-12 0.00000e+00
1.15400e+03 1.94737e-12 0.00000e+00
1.15500e+03 1.51796e-12 0.00000e+00
1.15600e+03 1.74148e-12 0.00000e+00
1.15700e+03 1.44175e-12 0.00000e+00
1.15800e+03 1.35456e-12 0.00000e+00
1.15900e+03 1.30632e-12 0.00000e+00
1.16000e+03 1.08308e-12 0.00000e+00
1.16100e+03 1.36294e-12 0.00000e+00
1.16200e+03 1.33995e-12 0.00000e+00
1.16300e+03 1.58859e-12 0.00000e+00
1.16400e+03 1.52344e-12 0.00000e+00
1.16500e+03 1.85789e-12 0.00000e+00
1.16600e+03 1.46620e-12 0.00000e+00
1.16700e+03 1.32786e-12 0.00000e+00
1.16800e+03 1.56521e-12 0.00000e+00
1.16900e+03 1.61723e-12 0.00000e+00
1.17000e+03 1.37334e-12 0.00000e+00
1.17100e+03 1.44452e-12 0.00000e+00
1.17200e+03 1.64248e-12 0.00000e+00
1.17300e+03 1.38890e-12 0.00000e+00
1.17400e+03 1.82719e-12 0.00000e+00
1.17500e+03 1.43941e-12 0.00000e+00
1.17600e+03 1.15879e-12 0.00000e+00
1.17700e+03 1.33081e-12 0.00000e+00
1.17800e+03 1.60032e-12 0.00000e+00
1.17900e+03 1.61944e-12 0.00000e+00
1.18000e+03 1.38147e-12 0.00000e+00
1.18100e+03 1.68414e-12 0.00000e+00
1.18200e+03 1.31631e-12 0.00000e+00
1.18300e+03 1.15999e-12 0.00000e+00
1.18400e+03 1.33678e-12 0.00000e+00
1.18500e+03 1.28852e-12 0.00000e+00
1.18600e+03 1.31196e-12 0.00000e+00
1.18700e+03 1.36238e-12 0.00000e+00
1.18800e+03 1.50378e-12 0.00000e+00
1.18900e+03 1.61256e-12 0.00000e+00
1.19000e+03 1.25349e-12 0.00000e+00
1.19100e+03 1.19480e-12 0.00000e+00
1.19200e+03 1.66323e-12 0.00000e+00
1.19300e+03 1.11173e-12 0.00000e+00
1.19400e+03 1.40560e-12 0.00000e+00
1.19500e+03 9.34871e-13 0.00000e+00
1.19600e+03 1.15702e-12 0.00000e+00
1.19700e+03 1.41830e-12 0.00000e+00
1.19800e+03 1.54888e-12 0.00000e+00
1.19900e+03 1.40574e-12 0.00000e+00
1.20000e+03 9.62120e-13 0.00000e+00
1.20100e+03 1.20091e-12 0.00000e+00
1.20200e+03 9.49453e-13 0.00000e+00
1.20300e+03 1.41670e-12 0.00000e+00
1.20400e+03 1.48945e-12 0.00000e+00
1.20500e+03 1.40760e-12 0.00000e+00
1.20600e+03 1.55774e-12 0.00000e+00
1.20700e+03 1.00406e-12 0.00000e+00
1.20800e+03 1.49167e-12 0.00000e+00
1.20900e+03 1.27178e-12 0.00000e+00
1.21000e+03 1.05002e-12 0.00000e+00
1.21100e+03 1.41555e-12 0.00000e+00
1.21200e+03 1.38997e-12 0.00000e+00
1.21300e+03 1.17306e-12 0.00000e+00
1.21400e+03 1.03203e-12 0.00000e+00
1.21500e+03 1.06896e-12 0.00000e+00
1.21600e+03 1.13830e-12 0.00000e+00
1.21700e+03 1.03240e-12 0.00000e+00
1.21800e+03 1.31454e-12 0.00000e+00
1.21900e+03 1.06845e-12 0.00000e+00
1.22000e+03 1.10645e-12 0.00000e+00
1.22100e+03 1.18669e-12 0.00000e+00
1.22200e+03 1.16353e-12 0.00000e+00
1.22300e+03 9.62443e-13 0.00000e+00
1.22400e+03 1.25626e-12 0.00000e+00
1.22500e+03 1.36903e-12 0.00000e+00
1.22600e+03 9.20399e-13 0.00000e+00
1.22700e+03 1.15422e-12 0.00000e+00
1.22800e+03 1.36239e-12 0.00000e+00
1.22900e+03 9.93505e-13 0.00000e+00
1.23000e+03 9.99507e-13 0.00000e+00
1.23100e+03 1.16880e-12 0.00000e+00
1.23200e+03 1.19566e-12 0.00000e+00
1.23300e+03 9.87940e-13 0.00000e+00
1.23400e+03 9.68480e-13 0.00000e+00
1.23500e+03 1.27388e-12 0.00000e+00
1.23600e+03 1.10730e-12 0.00000e+00
1.23700e+03 1.08143e-12 0.00000e+00
1.23800e+03 1.02660e-12 0.00000e+00
1.23900e+03 1.05321e-12 0.00000e+00
1.24000e+03 1.22559e-12 0.00000e+00
1.24100e+03 1.12298e-12 0.00000e+00
1.24200e+03 8.99853e-13 0.00000e+00
1.24300e+03 1.13141e-12 0.00000e+00
1.24400e+03 9.37788e-13 0.00000e+00
1.24500e+03 1.13310e-12 0.00000e+00
1.24600e+03 9.84792e-13 0.00000e+00
1.24700e+03 1.45464e-12 0.00000e+00
1.24800e+03 6.28542e-13 0.00000e+00
1.24900e+03 1.04664e-12 0.00000e+00
1.25000e+03 9.74870e-13 0.00000e+00
1.25100e+03 9.09507e-13 0.00000e+00
1.25200e+03 1.13712e-12 0.00000e+00
1.25300e+03 9.90882e-13 0.00000e+00
1.25400e+03 1.17873e-12 0.00000e+00
1.25500e+03 9.59317e-13 0.00000e+00
1.25600e+03 1.18894e-12 0.00000e+00
1.25700e+03 6.91401e-13 0.00000e+00
1.25800e+03 1.07059e-12 0.00000e+00
1.25900e+03 1.16703e-12 0.00000e+00
1.26000e+03 9.88309e-13 0.00000e+00
1.26100e+03 1.07697e-12 0.00000e+00
1.26200e+03 8.91893e-13 0.00000e+00
1.26300e+03 8.93662e-13 0.00000e+00
1.26400e+03 9.86011e-13 0.00000e+00
1.26500e+03 7.69211e-13 0.00000e+00
1.26600e+03 9.21728e-13 0.00000e+00
1.26700e+03 9.22807e-13 0.00000e+00
1.26800e+03 1.09359e-12 0.00000e+00
1.26900e+03 1.00534e-12 0.00000e+00
1.27000e+03 9.14483e-13 0.00000e+00
1.27100e+03 1.00518e-12 0.00000e+00
1.27200e+03 1.22624e-12 0.00000e+00
1.27300e+03 8.57111e-13 0.00000e+00
1.27400e+03 8.20662e-13 0.00000e+00
1.27500e+03 7.11243e-13 0.00000e+00
1.27600e+03 9.72482e-13 0.00000e+00
1.27700e+03 1.10924e-12 0.00000e+00
1.27800e+03 1.04941e-12 0.00000e+00
1.27900e+03 9.49995e-13 0.00000e+00
1.28000e+03 1.10133e-12 0.00000e+00
1.28100e+03 8.65939e-13 0.00000e+00
1.28200e+03 7.90040e-13 0.00000e+00
1.28300e+03 8.05983e-13 0.00000e+00
1.28400e+03 8.98066e-13 0.00000e+00
1.28500e+03 8.40929e-13 0.00000e+00
1.28600e+03 9.32123e-13 0.00000e+00
1.28700e+03 8.10682e-13 0.00000e+00
1.28800e+03 1.10368e-12 0.00000e+00
1.28900e+03 9.85023e-13 0.00000e+00
1.29000e+03 7.60507e-13 0.00000e+00
1.29100e+03 8.46171e-13 0.00000e+00
1.29200e+03 1.11084e-12 0.00000e+00
1.29300e+03 1.08497e-12 0.00000e+00
1.29400e+03 1.04507e-12 0.00000e+00
1.29500e+03 9.62684e-13 0.00000e+00
1.29600e+03 8.07650e-13 0.00000e+00
1.29700e+03 7.26592e-13 0.00000e+00
1.29800e+03 4.92824e-13 0.00000e+00
1.29900e+03 8.72312e-13 0.00000e+00
1.30000e+03 1.07703e-12 0.00000e+00
1.30100e+03 6.39040e-13 0.00000e+00
1.30200e+03 9.82103e-13 0.00000e+00
1.30300e+03 1.02923e-12 0.00000e+00
1.30400e+03 8.77079e-13 0.00000e+00
1.30500e+03 7.65223e-13 0.00000e+00
1.30600e+03 8.68358e-13 0.00000e+00
1.30700e+03 7.99946e-13 0.00000e+00
1.30800e+03 8.34368e-13 0.00000e+00
1.30900e+03 8.75353e-13 0.00000e+00
1.31000e+03 6.84468e-13 0.00000e+00
1.31100e+03 8.55820e-13 0.00000e+00
1.31200e+03 7.84977e-13 0.00000e+00
1.31300e+03 8.20861e-13 0.00000e+00
1.31400e+03 6.14857e-13 0.00000e+00
1.31500e+03 1.00973e-12 0.00000e+00
1.31600e+03 6.60647e-13 0.00000e+00
1.31700e+03 6.73573e-13 0.00000e+00
1.31800e+03 9.29577e-13 0.00000e+00
1.31900e+03 7.61762e-13 0.00000e+00
1.32000e+03 7.99453e-13 0.00000e+00
1.32100e+03 6.74945e-13 0.00000e+00
1.32200e+03 7.09816e-13 0.00000e+00
1.32300e+03 8.10508e-13 0.00000e+00
1.32400e+03 7.17738e-13 0.00000e+00
1.32500e+03 8.61631e-13 0.00000e+00
1.32600e+03 7.43180e-13 0.00000e+00
1.32700e+03 5.94761e-13 0.00000e+00
1.32800e+03 8.83207e-13 0.00000e+00
1.32900e+03 5.84103e-13 0.00000e+00
1.33000e+03 7.02078e-13 0.00000e+00
1.33100e+03 7.60556e-13 0.00000e+00
1.33200e+03 9.54379e-13 0.00000e+00
1.33300e+03 7.18140e-13 0.00000e+00
1.33400e+03 7.37634e-13 0.00000e+00
1.33500e+03 7.52728e-13 0.00000e+00
1.33600e+03 7.17498e-13 0.00000e+00
1.33700e+03 7.25521e-13 0.00000e+00
1.33800e+03 7.30703e-13 0.00000e+00
1.33900e+03 6.75386e-13 0.00000e+00
1.34000e+03 6.52360e-13 0.00000e+00
1.34100e+03 7.41630e-13 0.00000e+00
1.34200e+03 7.16559e-13 0.00000e+00
1.34300e+03 7.71780e-13 0.00000e+00
1.34400e+03 7.52224e-13 0.00000e+00
1.34500e+03 6.39895e-13 0.00000e+00
1.34600e+03 6.31676e-13 0.00000e+00
1.34700e+03 6.40955e-13 0.00000e+00
1.34800e+03 8.04349e-13 0.00000e+00
1.34900e+03 6.37771e-13 0.00000e+00
1.35000e+03 7.80663e-13 0.00000e+00
1.35100e+03 8.04471e-13 0.00000e+00
1.35200e+03 8.70754e-13 0.00000e+00
1.35300e+03 5.92587e-13 0.00000e+00
1.35400e+03 6.24990e-13 0.00000e+00
1.35500e+03 6.88526e-13 0.00000e+00
1.35600e+03 6.59238e-13 0.00000e+00
1.35700e+03 7.25216e-13 0.00000e+00
1.35800e+03 7.81977e-13 0.00000e+00
1.35900e+03 7.47640e-13 0.00000e+00
1.36000e+03 7.14229e-13 0.00000e+00
1.36100e+03 7.61035e-13 0.00000e+00
1.36200e+03 8.00978e-13 0.00000e+00
1.36300e+03 6.34277e-13 0.00000e+00
1.36400e+03 6.69663e-13 0.00000e+00
1.36500e+03 6.94271e-13 0.00000e+00
1.36600e+03 5.37630e-13 0.00000e+00
1.36700e+03 6.23704e-13 0.00000e+00
1.36800e+03 5.49299e-13 0.00000e+00
1.36900e+03 5.06444e-13 0.00000e+00
1.37000e+03 6.53518e-13 0.00000e+00
1.37100e+03 6.27713e-13 0.00000e+00
1.37200e+03 6.59877e-13 0.00000e+00
1.37300e+03 5.99007e-13 0.00000e+00
1.37400e+03 5.02722e-13 0.00000e+00
1.37500e+03 6.01425e-13 0.00000e+00
1.37600e+03 5.90915e-13 0.00000e+00
1.37700e+03 5.71027e-13 0.00000e+00
1.37800e+03 6.82284e-13 0.00000e+00
1.37900e+03 7.92876e-13 0.00000e+00
1.38000e+03 5.73390e-13 0.00000e+00
1.38100e+03 8.25448e-13 0.00000e+00
1.38200e+03 7.42565e-13 0.00000e+00
1.38300e+03 6.44851e-13 0.00000e+00
1.38400e+03 5.40005e-13 0.00000e+00
1.38500e+03 6.08559e-13 0.00000e+00
1.38600e+03 6.83783e-13 0.00000e+00
1.38700e+03 6.40414e-13 0.00000e+00
1.38800e+03 5.19763e-13 0.00000e+00
1.38900e+03 5.75050e-13 0.00000e+00
1.39000e+03 6.28017e-13 0.00000e+00
1.39100e+03 5.17596e-13 0.00000e+00
1.39200e+03 4.80985e-13 0.00000e+00
1.39300e+03 6.33592e-13 0.00000e+00
1.39400e+03 6.64019e-13 0.00000e+00
1.39500e+03 6.29616e-13 0.00000e+00
1.39600e+03 5.82389e-13 0.00000e+00
1.39700e+03 5.80520e-13 0.00000e+00
1.39800e+03 6.41090e-13 0.00000e+00
1.39900e+03 6.38715e-13 0.00000e+00
1.40000e+03 6.90611e-13 0.00000e+00
1.40100e+03 5.75190e-13 0.00000e+00
1.40200e+03 5.34277e-13 0.00000e+00
1.40300e+03 5.87570e-13 0.00000e+00
1.40400e+03 3.62564e-13 0.00000e+00
1.40500e+03 4.90828e-13 0.00000e+00
1.40600e+03 5.04581e-13 0.00000e+00
1.40700e+03 5.07073e-13 0.00000e+00
1.40800e+03 5.80078e-13 0.00000e+00
1.40900e+03 5.63844e-13 0.00000e+00
1.41000e+03 4.85539e-13 0.00000e+00
1.41100e+03 5.21572e-13 0.00000e+00
1.41200e+03 4.35906e-13 0.00000e+00
1.41300e+03 5.61422e-13 0.00000e+00
1.41400e+03 5.13624e-13 0.00000e+00
1.41500e+03 6.21167e-13 0.00000e+00
1.41600e+03 5.77165e-13 0.00000e+00
1.41700e+03 5.08414e-13 0.00000e+00
1.41800e+03 4.08675e-13 0.00000e+00
1.41900e+03 5.81542e-13 0.00000e+00
1.42000e+03 5.13985e-13 0.00000e+00
1.42100e+03 4.44719e-13 0.00000e+00
1.42200e+03 5.50554e-13 0.00000e+00
1.42300e+03 4.43506e-13 0.00000e+00
1.42400e+03 4.96811e-13 0.00000e+00
1.42500e+03 5.26203e-13 0.00000e+00
1.42600e+03 4.82011e-13 0.00000e+00
1.42700e+03 4.63290e-13 0.00000e+00
1.42800e+03 3.94164e-13 0.00000e+00
1.42900e+03 4.58895e-13 0.00000e+00
1.43000e+03 5.34711e-13 0.00000e+00
1.43100e+03 4.26953e-13 0.00000e+00
1.43200e+03 5.25043e-13 0.00000e+00
1.43300e+03 5.29139e-13 0.00000e+00
1.43400e+03 5.53961e-13 0.00000e+00
1.43500e+03 3.83423e-13 0.00000e+00
1.43600e+03 4.37274e-13 0.00000e+00
1.43700e+03 4.65148e-13 0.00000e+00
1.43800e+03 4.95051e-13 0.00000e+00
1.43900e+03 5.12559e-13 0.00000e+00
1.44000e+03 4.74828e-13 0.00000e+00
1.44100e+03 4.75169e-13 0.00000e+00
1.44200e+03 5.34763e-13 0.00000e+00
1.44300e+03 4.41228e-13 0.00000e+00
1.44400e+03 4.99011e-13 0.00000e+00
1.44500e+03 5.20191e-13 0.00000e+00
1.44600e+03 3.92542e-13 0.00000e+00
1.44700e+03 4.18101e-13 0.00000e+00
1.44800e+03 4.92890e-13 0.00000e+00
1.44900e+03 4.06473e-13 0.00000e+00
1.45000e+03 5.12148e-13 0.00000e+00
1.45100e+03 4.59397e-13 0.00000e+00
1.45200e+03 4.88362e-13 0.00000e+00
1.45300e+03 4.81207e-13 0.00000e+00
1.45400e+03 4.24443e-13 0.00000e+00
1.45500e+03 5.37639e-13 0.00000e+00
1.45600e+03 4.18773e-13 0.00000e+00
1.45700e+03 4.72883e-13 0.00000e+00
1.45800e+03 4.33596e-13 0.00000e+00
1.45900e+03 4.27571e-13 0.00000e+00
1.46000e+03 4.05478e-13 0.00000e+00
1.46100e+03 3.97864e-13 0.00000e+00
1.46200e+03 4.41711e-13 0.00000e+00
1.46300e+03 4.10910e-13 0.00000e+00
1.46400e+03 3.81846e-13 0.00000e+00
1.46500e+03 4.79418e-13 0.00000e+00
1.46600e+03 4.28364e-13 0.00000e+00
1.46700e+03 3.81153e-13 0.00000e+00
1.46800e+03 4.59425e-13 0.00000e+00
1.46900e+03 4.22350e-13 0.00000e+00
1.47000e+03 3.20264e-13 0.00000e+00
1.47100e+03 3.26480e-13 0.00000e+00
1.47200e+03 4.28300e-13 0.00000e+00
1.47300e+03 3.69605e-13 0.00000e+00
1.47400e+03 4.44893e-13 0.00000e+00
1.47500e+03 4.48488e-13 0.00000e+00
1.47600e+03 4.88871e-13 0.00000e+00
1.47700e+03 3.85614e-13 0.00000e+00
1.47800e+03 4.18841e-13 0.00000e+00
1.47900e+03 4.18015e-13 0.00000e+00
1.48000e+03 4.41730e-13 0.00000e+00
1.48100e+03 4.25881e-13 0.00000e+00
1.48200e+03 4.53116e-13 0.00000e+00
1.48300e+03 4.93886e-13 0.00000e+00
1.48400e+03 2.94756e-13 0.00000e+00
1.48500e+03 3.18905e-13 0.00000e+00
1.48600e+03 3.83352e-13 0.00000e+00
1.48700e+03 3.84086e-13 0.00000e+00
1.48800e+03 3.40790e-13 0.00000e+00
1.48900e+03 4.28599e-13 0.00000e+00
1.49000e+03 3.42910e-13 0.00000e+00
1.49100e+03 3.34543e-13 0.00000e+00
1.49200e+03 3.42030e-13 0.00000e+00
1.49300e+03 3.96330e-13 0.00000e+00
1.49400e+03 3.33721e-13 0.00000e+00
1.49500e+03 4.02704e-13 0.00000e+00
1.49600e+03 2.80277e-13 0.00000e+00
1.49700e+03 2.91965e-13 0.00000e+00
1.49800e+03 4.03692e-13 0.00000e+00
1.49900e+03 3.19756e-13 0.00000e+00
1.50000e+03 3.86011e-13 0.00000e+00
1.50100e+03 3.60707e-13 0.00000e+00
1.50200e+03 3.34617e-13 0.00000e+00
1.50300e+03 3.62536e-13 0.00000e+00
1.50400e+03 3.34558e-13 0.00000e+00
1.50500e+03 2.98557e-13 0.00000e+00
1.50600e+03 4.13258e-13 0.00000e+00
1.50700e+03 3.05459e-13 0.00000e+00
1.50800e+03 3.37191e-13 0.00000e+00
1.50900e+03 3.31678e-13 0.00000e+00
1.51000e+03 3.66359e-13 0.00000e+00
1.51100e+03 2.68025e-13 0.00000e+00
1.51200e+03 2.98802e-13 0.00000e+00
1.51300e+03 3.68350e-13 0.00000e+00
1.51400e+03 3.30252e-13 0.00000e+00
1.51500e+03 3.72493e-13 0.00000e+00
1.51600e+03 2.73533e-13 0.00000e+00
1.51700e+03 3.16514e-13 0.00000e+00
1.51800e+03 3.31788e-13 0.00000e+00
1.51900e+03 2.67539e-13 0.00000e+00
1.52000e+03 4.39118e-13 0.00000e+00
1.52100e+03 3.37955e-13 0.00000e+00
1.52200e+03 3.14216e-13 0.00000e+00
1.52300e+03 3.01153e-13 0.00000e+00
1.52400e+03 2.98229e-13 0.00000e+00
1.52500e+03 3.64675e-13 0.00000e+00
1.52600e+03 3.31199e-13 0.00000e+00
1.52700e+03 3.77345e-13 0.00000e+00
1.52800e+03 3.46959e-13 0.00000e+00
1.52900e+03 2.71835e-13 0.00000e+00
1.53000e+03 3.48254e-13 0.00000e+00
1.53100e+03 2.97262e-13 0.00000e+00
1.53200e+03 2.36876e-13 0.00000e+00
1.53300e+03 3.74344e-13 0.00000e+00
1.53400e+03 2.52667e-13 0.00000e+00
1.53500e+03 3.04996e-13 0.00000e+00
1.53600e+03 2.31674e-13 0.00000e+00
1.53700e+03 2.39602e-13 0.00000e+00
1.53800e+03 3.29467e-13 0.00000e+00
1.53900e+03 3.56370e-13 0.00000e+00
1.54000e+03 2.95625e-13 0.00000e+00
1.54100e+03 3.09975e-13 0.00000e+00
1.54200e+03 3.65203e-13 0.00000e+00
1.54300e+03 2.75420e-13 0.00000e+00
1.54400e+03 2.49532e-13 0.00000e+00
1.54500e+03 2.66656e-13 0.00000e+00
1.54600e+03 2.93726e-13 0.00000e+00
1.54700e+03 2.74177e-13 0.00000e+00
1.54800e+03 2.98179e-13 0.00000e+00
1.54900e+03 2.14808e-13 0.00000e+00
1.55000e+03 2.35881e-13 0.00000e+00
1.55100e+03 3.23457e-13 0.00000e+00
1.55200e+03 2.93444e-13 0.00000e+00
1.55300e+03 2.58916e-13 0.00000e+00
1.55400e+03 2.72930e-13 0.00000e+00
1.55500e+03 2.84410e-13 0.00000e+00
1.55600e+03 2.74811e-13 0.00000e+00
1.55700e+03 2.42828e-13 0.00000e+00
1.55800e+03 2.66217e-13 0.00000e+00
1.55900e+03 3.18243e-13 0.00000e+00
1.56000e+03 2.64425e-13 0.00000e+00
1.56100e+03 2.28549e-13 0.00000e+00
1.56200e+03 2.61824e-13 0.00000e+00
1.56300e+03 3.31354e-13 0.00000e+00
1.56400e+03 2.15945e-13 0.00000e+00
1.56500e+03 2.95404e-13 0.00000e+00
1.56600e+03 2.61420e-13 0.00000e+00
1.56700e+03 2.53232e-13 0.00000e+00
1.56800e+03 2.72477e-13 0.00000e+00
1.56900e+03 2.68130e-13 0.00000e+00
1.57000e+03 2.41907e-13 0.00000e+00
1.57100e+03 2.43367e-13 0.00000e+00
1.57200e+03 2.50997e-13 0.00000e+00
1.57300e+03 2.33248e-13 0.00000e+00
1.57400e+03 2.45196e-13 0.00000e+00
1.57500e+03 2.68617e-13 0.00000e+00
1.57600e+03 2.30125e-13 0.00000e+00
1.57700e+03 1.25042e-13 0.00000e+00
1.57800e+03 2.66155e-13 0.00000e+00
1.57900e+03 2.48093e-13 0.00000e+00
1.58000e+03 2.54082e-13 0.00000e+00
1.58100e+03 2.70039e-13 0.00000e+00
1.58200e+03 2.67864e-13 0.00000e+00
1.58300e+03 2.49805e-13 0.00000e+00
1.58400e+03 2.35188e-13 0.00000e+00
1.58500e+03 2.51037e-13 0.00000e+00
1.58600e+03 3.04785e-13 0.00000e+00
1.58700e+03 2.38753e-13 0.00000e+00
1.58800e+03 2.57615e-13 0.00000e+00
1.58900e+03 2.40643e-13 0.00000e+00
1.59000e+03 2.38545e-13 0.00000e+00
1.59100e+03 1.72527e-13 0.00000e+00
1.59200e+03 2.33440e-13 0.00000e+00
1.59300e+03 2.21027e-13 0.00000e+00
1.59400e+03 2.19585e-13 0.00000e+00
1.59500e+03 2.29464e-13 0.00000e+00
1.59600e+03 2.37632e-13 0.00000e+00
1.59700e+03 2.09994e-13 0.00000e+00
1.59800e+03 2.38702e-13 0.00000e+00
1.59900e+03 2.05556e-13 0.00000e+00
1.60000e+03 2.73427e-13 0.00000e+00
1.60100e+03 1.61107e-13 0.00000e+00
1.60200e+03 2.71269e-13 0.00000e+00
1.60300e+03 2.18623e-13 0.00000e+00
1.60400e+03 1.95619e-13 0.00000e+00
1.60500e+03 1.98598e-13 0.00000e+00
1.60600e+03 2.32706e-13 0.00000e+00
1.60700e+03 2.21323e-13 0.00000e+00
1.60800e+03 2.37713e-13 0.00000e+00
1.60900e+03 2.54618e-13 0.00000e+00
1.61000e+03 2.38574e-13 0.00000e+00
1.61100e+03 2.14593e-13 0.00000e+00
1.61200e+03 1.82618e-13 0.00000e+00
1.61300e+03 2.05102e-13 0.00000e+00
1.61400e+03 1.96438e-13 0.00000e+00
1.61500e+03 1.74485e-13 0.00000e+00
1.61600e+03 2.45200e-13 0.00000e+00
1.61700e+03 2.49850e-13 0.00000e+00
1.61800e+03 2.16821e-13 0.00000e+00
1.61900e+03 1.59228e-13 0.00000e+00
1.62000e+03 2.21807e-13 0.00000e+00
1.62100e+03 1.97187e-13 0.00000e+00
1.62200e+03 2.19308e-13 0.00000e+00
1.62300e+03 2.05943e-13 0.00000e+00
1.62400e+03 1.95486e-13 0.00000e+00
1.62500e+03 2.11730e-13 0.00000e+00
1.62600e+03 2.04532e-13 0.00000e+00
1.62700e+03 2.14047e-13 0.00000e+00
1.62800e+03 2.38471e-13 0.00000e+00
1.62900e+03 2.17239e-13 0.00000e+00
1.63000e+03 2.16778e-13 0.00000e+00
1.63100e+03 2.27990e-13 0.00000e+00
1.63200e+03 1.81041e-13 0.00000e+00
1.63300e+03 2.13196e-13 0.00000e+00
1.63400e+03 1.61648e-13 0.00000e+00
1.63500e+03 2.24092e-13 0.00000e+00
1.63600e+03 1.46679e-13 0.00000e+00
1.63700e+03 2.27391e-13 0.00000e+00
1.63800e+03 1.94623e-13 0.00000e+00
1.63900e+03 2.09964e-13 0.00000e+00
1.64000e+03 1.87068e-13 0.00000e+00
1.64100e+03 1.65333e-13 0.00000e+00
1.64200e+03 2.35344e-13 0.00000e+00
1.64300e+03 1.80805e-13 0.00000e+00
1.64400e+03 2.05675e-13 0.00000e+00
1.64500e+03 2.02921e-13 0.00000e+00
1.64600e+03 1.57616e-13 0.00000e+00
1.64700e+03 1.76694e-13 0.00000e+00
1.64800e+03 1.88872e-13 0.00000e+00
1.64900e+03 1.85893e-13 0.00000e+00
1.65000e+03 1.83082e-13 0.00000e+00
1.65100e+03 1.97942e-13 0.00000e+00
1.65200e+03 1.62173e-13 0.00000e+00
1.65300e+03 1.80862e-13 0.00000e+00
1.65400e+03 1.92291e-13 0.00000e+00
1.65500e+03 1.55508e-13 0.00000e+00
1.65600e+03 1.84148e-13 0.00000e+00
1.65700e+03 1.94419e-13 0.00000e+00
1.65800e+03 1.78734e-13 0.00000e+00
1.65900e+03 1.31127e-13 0.00000e+00
1.66000e+03 1.44932e-13 0.00000e+00
1.66100e+03 1.21343e-13 0.00000e+00
1.66200e+03 1.28323e-13 0.00000e+00
1.66300e+03 1.73212e-13 0.00000e+00
1.66400e+03 1.37393e-13 0.00000e+00
1.66500e+03 1.68152e-13 0.00000e+00
1.66600e+03 1.72948e-13 0.00000e+00
1.66700e+03 1.25997e-13 0.00000e+00
1.66800e+03 1.51708e-13 0.00000e+00
1.66900e+03 1.40307e-13 0.00000e+00
1.67000e+03 1.87001e-13 0.00000e+00
1.67100e+03 1.48309e-13 0.00000e+00
1.67200e+03 1.39421e-13 0.00000e+00
1.67300e+03 1.55073e-13 0.00000e+00
1.67400e+03 1.51137e-13 0.00000e+00
1.67500e+03 1.78002e-13 0.00000e+00
1.67600e+03 1.37334e-13 0.00000e+00
1.67700e+03 1.77140e-13 0.00000e+00
1.67800e+03 1.66336e-13 0.00000e+00
1.67900e+03 1.44196e-13 0.00000e+00
1.68000e+03 1.43800e-13 0.00000e+00
1.68100e+03 1.45020e-13 0.00000e+00
1.68200e+03 1.57167e-13 0.00000e+00
1.68300e+03 1.41517e-13 0.00000e+00
1.68400e+03 1.67109e-13 0.00000e+00
1.68500e+03 1.47063e-13 0.00000e+00
1.68600e+03 1.42291e-13 0.00000e+00
1.68700e+03 1.39488e-13 0.00000e+00
1.68800e+03 1.45340e-13 0.00000e+00
1.68900e+03 1.55922e-13 0.00000e+00
1.69000e+03 1.11770e-13 0.00000e+00
1.69100e+03 1.51802e-13 0.00000e+00
1.69200e+03 1.63394e-13 0.00000e+00
1.69300e+03 1.53930e-13 0.00000e+00
1.69400e+03 1.20039e-13 0.00000e+00
1.69500e+03 1.56863e-13 0.00000e+00
1.69600e+03 1.32536e-13 0.00000e+00
1.69700e+03 1.28833e-13 0.00000e+00
1.69800e+03 1.45900e-13 0.00000e+00
1.69900e+03 1.30108e-13 0.00000e+00
1.70000e+03 1.27963e-13 0.00000e+00
1.70100e+03 1.35942e-13 0.00000e+00
1.70200e+03 1.54037e-13 0.00000e+00
1.70300e+03 1.50254e-13 0.00000e+00
1.70400e+03 1.38263e-13 0.00000e+00
1.70500e+03 1.16382e-13 0.00000e+00
1.70600e+03 1.02085e-13 0.00000e+00
1.70700e+03 1.68067e-13 0.00000e+00
1.70800e+03 1.19185e-13 0.00000e+00
1.70900e+03 1.03335e-13 0.00000e+00
1.71000e+03 1.04182e-13 0.00000e+00
1.71100e+03 1.27898e-13 0.00000e+00
1.71200e+03 1.18532e-13 0.00000e+00
1.71300e+03 1.44197e-13 0.00000e+00
1.71400e+03 1.02860e-13 0.00000e+00
1.71500e+03 1.10198e-13 0.00000e+00
1.71600e+03 1.47477e-13 0.00000e+00
1.71700e+03 1.40737e-13 0.00000e+00
1.71800e+03 1.33041e-13 0.00000e+00
1.71900e+03 1.17986e-13 0.00000e+00
1.72000e+03 9.92949e-14 0.00000e+00
1.72100e+03 1.21928e-13 0.00000e+00
1.72200e+03 1.50364e-13 0.00000e+00
1.72300e+03 1.20469e-13 0.00000e+00
1.72400e+03 1.21730e-13 0.00000e+00
1.72500e+03 1.16261e-13 0.00000e+00
1.72600e+03 1.12135e-13 0.00000e+00
1.72700e+03 1.22162e-13 0.00000e+00
1.72800e+03 1.18565e-13 0.00000e+00
1.72900e+03 1.25152e-13 0.00000e+00
1.73000e+03 9.84991e-14 0.00000e+00
1.73100e+03 8.62582e-14 0.00000e+00
1.73200e+03 1.20400e-13 0.00000e+00
1.73300e+03 1.01573e-13 0.00000e+00
1.73400e+03 1.18620e-13 0.00000e+00
1.73500e+03 1.27602e-13 0.00000e+00
1.73600e+03 9.80835e-14 0.00000e+00
1.73700e+03 1.17564e-13 0.00000e+00
1.73800e+03 1.26392e-13 0.00000e+00
1.73900e+03 1.00231e-13 0.00000e+00
1.74000e+03 1.07885e-13 0.00000e+00
1.74100e+03 1.03184e-13 0.00000e+00
1.74200e+03 9.21678e-14 0.00000e+00
1.74300e+03 9.07760e-14 0.00000e+00
1.74400e+03 1.24878e-13 0.00000e+00
1.74500e+03 1.18972e-13 0.00000e+00
1.74600e+03 1.31770e-13 0.00000e+00
1.74700e+03 9.96340e-14 0.00000e+00
1.74800e+03 1.16123e-13 0.00000e+00
1.74900e+03 9.57907e-14 0.00000e+00
1.75000e+03 8.84936e-14 0.00000e+00
1.75100e+03 8.70081e-14 0.00000e+00
1.75200e+03 1.25342e-13 0.00000e+00
1.75300e+03 1.36327e-13 0.00000e+00
1.75400e+03 1.07850e-13 0.00000e+00
1.75500e+03 1.16131e-13 0.00000e+00
1.75600e+03 1.07141e-13 0.00000e+00
1.75700e+03 1.07459e-13 0.00000e+00
1.75800e+03 1.11796e-13 0.00000e+00
1.75900e+03 1.05256e-13 0.00000e+00
1.76000e+03 8.77040e-14 0.00000e+00
1.76100e+03 1.28065e-13 0.00000e+00
1.76200e+03 1.00029e-13 0.00000e+00
1.76300e+03 9.23308e-14 0.00000e+00
1.76400e+03 9.95166e-14 0.00000e+00
1.76500e+03 1.10842e-13 0.00000e+00
1.76600e+03 8.52784e-14 0.00000e+00
1.76700e+03 1.05121e-13 0.00000e+00
1.76800e+03 8.57063e-14 0.00000e+00
1.76900e+03 9.43057e-14 0.00000e+00
1.77000e+03 8.53604e-14 0.00000e+00
1.77100e+03 8.89431e-14 0.00000e+00
1.77200e+03 1.07543e-13 0.00000e+00
1.77300e+03 1.22590e-13 0.00000e+00
1.77400e+03 9.25313e-14 0.00000e+00
1.77500e+03 8.74321e-14 0.00000e+00
1.77600e+03 1.06002e-13 0.00000e+00
1.77700e+03 1.08296e-13 0.00000e+00
1.77800e+03 9.48403e-14 0.00000e+00
1.77900e+03 9.34125e-14 0.00000e+00
1.78000e+03 9.11818e-14 0.00000e+00
1.78100e+03 7.98507e-14 0.00000e+00
1.78200e+03 8.63643e-14 0.00000e+00
1.78300e+03 9.78630e-14 0.00000e+00
1.78400e+03 9.76140e-14 0.00000e+00
1.78500e+03 1.07462e-13 0.00000e+00
1.78600e+03 1.03364e-13 0.00000e+00
1.78700e+03 7.63594e-14 0.00000e+00
1.78800e+03 1.03708e-13 0.00000e+00
1.78900e+03 7.98176e-14 0.00000e+00
1.79000e+03 6.28292e-14 0.00000e+00
1.79100e+03 7.97991e-14 0.00000e+00
1.79200e+03 8.06662e-14 0.00000e+00
1.79300e+03 7.60917e-14 0.00000e+00
1.79400e+03 8.14159e-14 0.00000e+00
1.79500e+03 8.27502e-14 0.00000e+00
1.79600e+03 7.90299e-14 0.00000e+00
1.79700e+03 7.35547e-14 0.00000e+00
1.79800e+03 8.27929e-14 0.00000e+00
1.79900e+03 8.63514e-14 0.00000e+00
1.80000e+03 7.27086e-14 0.00000e+00
1.80100e+03 6.52131e-14 0.00000e+00
1.80200e+03 7.89458e-14 0.00000e+00
1.80300e+03 6.20980e-14 0.00000e+00
1.80400e+03 7.41481e-14 0.00000e+00
1.80500e+03 7.01177e-14 0.00000e+00
1.80600e+03 7.95251e-14 0.00000e+00
1.80700e+03 8.80134e-14 0.00000e+00
1.80800e+03 7.01056e-14 0.00000e+00
1.80900e+03 6.05410e-14 0.00000e+00
1.81000e+03 7.16296e-14 0.00000e+00
1.81100e+03 7.34842e-14 0.00000e+00
1.81200e+03 7.75977e-14 0.00000e+00
1.81300e+03 6.34329e-14 0.00000e+00
1.81400e+03 7.64621e-14 0.00000e+00
1.81500e+03 7.43200e-14 0.00000e+00
1.81600e+03 7.76249e-14 0.00000e+00
1.81700e+03 8.04724e-14 0.00000e+00
1.81800e+03 8.10496e-14 0.00000e+00
1.81900e+03 6.32092e-14 0.00000e+00
1.82000e+03 7.48076e-14 0.00000e+00
1.82100e+03 8.09636e-14 0.00000e+00
1.82200e+03 8.17826e-14 0.00000e+00
1.82300e+03 7.29778e-14 0.00000e+00
1.82400e+03 7.00015e-14 0.00000e+00
1.82500e+03 7.75798e-14 0.00000e+00
1.82600e+03 7.06104e-14 0.00000e+00
1.82700e+03 6.86407e-14 0.00000e+00
1.82800e+03 7.36094e-14 0.00000e+00
1.82900e+03 7.76075e-14 0.00000e+00
1.83000e+03 7.44416e-14 0.00000e+00
1.83100e+03 6.76122e-14 0.00000e+00
1.83200e+03 6.38200e-14 0.00000e+00
1.83300e+03 7.14248e-14 0.00000e+00
1.83400e+03 7.79106e-14 0.00000e+00
1.83500e+03 6.25285e-14 0.00000e+00
1.83600e+03 7.76661e-14 0.00000e+00
1.83700e+03 7.10735e-14 0.00000e+00
1.83800e+03 6.10366e-14 0.00000e+00
1.83900e+03 6.15636e-14 0.00000e+00
1.84000e+03 5.90098e-14 0.00000e+00
1.84100e+03 7.27634e-14 0.00000e+00
1.84200e+03 5.69528e-14 0.00000e+00
1.84300e+03 6.84412e-14 0.00000e+00
1.84400e+03 6.19476e-14 0.00000e+00
1.84500e+03 6.07085e-14 0.00000e+00
1.84600e+03 5.35042e-14 0.00000e+00
1.84700e+03 7.32939e-14 0.00000e+00
1.84800e+03 6.73804e-14 0.00000e+00
1.84900e+03 7.20665e-14 0.00000e+00
1.85000e+03 5.92867e-14 0.00000e+00
1.85100e+03 5.10362e-14 0.00000e+00
1.85200e+03 5.62322e-14 0.00000e+00
1.85300e+03 6.36042e-14 0.00000e+00
1.85400e+03 5.19204e-14 0.00000e+00
1.85500e+03 7.48242e-14 0.00000e+00
1.85600e+03 6.13192e-14 0.00000e+00
1.85700e+03 4.95407e-14 0.00000e+00
1.85800e+03 4.56594e-14 0.00000e+00
1.85900e+03 6.97558e-14 0.00000e+00
1.86000e+03 5.05571e-14 0.00000e+00
1.86100e+03 5.76769e-14 0.00000e+00
1.86200e+03 6.14276e-14 0.00000e+00
1.86300e+03 6.22474e-14 0.00000e+00
1.86400e+03 6.93064e-14 0.00000e+00
1.86500e+03 5.63403e-14 0.00000e+00
1.86600e+03 6.55441e-14 0.00000e+00
1.86700e+03 6.10426e-14 0.00000e+00
1.86800e+03 5.52541e-14 0.00000e+00
1.86900e+03 4.94681e-14 0.00000e+00
1.87000e+03 5.63894e-14 0.00000e+00
1.87100e+03 5.06382e-14 0.00000e+00
1.87200e+03 4.88224e-14 0.00000e+00
1.87300e+03 5.76619e-14 0.00000e+00
1.87400e+03 5.81998e-14 0.00000e+00
1.87500e+03 5.61505e-14 0.00000e+00
1.87600e+03 5.06524e-14 0.00000e+00
1.87700e+03 5.09050e-14 0.00000e+00
1.87800e+03 6.21710e-14 0.00000e+00
1.87900e+03 4.73932e-14 0.00000e+00
1.88000e+03 5.03307e-14 0.00000e+00
1.88100e+03 5.09423e-14 0.00000e+00
1.88200e+03 6.16237e-14 0.00000e+00
1.88300e+03 6.38263e-14 0.00000e+00
1.88400e+03 5.47403e-14 0.00000e+00
1.88500e+03 5.12559e-14 0.00000e+00
1.88600e+03 4.63700e-14 0.00000e+00
1.88700e+03 5.67737e-14 0.00000e+00
1.88800e+03 5.43486e-14 0.00000e+00
1.88900e+03 5.43329e-14 0.00000e+00
1.89000e+03 4.69604e-14 0.00000e+00
1.89100e+03 4.63480e-14 0.00000e+00
1.89200e+03 4.57859e-14 0.00000e+00
1.89300e+03 5.17483e-14 0.00000e+00
1.89400e+03 5.11128e-14 0.00000e+00
1.89500e+03 4.14138e-14 0.00000e+00
1.89600e+03 4.33341e-14 0.00000e+00
1.89700e+03 4.78780e-14 0.00000e+00
1.89800e+03 3.97838e-14 0.00000e+00
1.89900e+03 4.13188e-14 0.00000e+00
1.90000e+03 4.91486e-14 0.00000e+00
1.90100e+03 3.89720e-14 0.00000e+00
1.90200e+03 5.76002e-14 0.00000e+00
1.90300e+03 4.61980e-14 0.00000e+00
1.90400e+03 4.25036e-14 0.00000e+00
1.90500e+03 4.93791e-14 0.00000e+00
1.90600e+03 4.14350e-14 0.00000e+00
1.90700e+03 4.13104e-14 0.00000e+00
1.90800e+03 5.20150e-14 0.00000e+00
1.90900e+03 4.16075e-14 0.00000e+00
1.91000e+03 4.61667e-14 0.00000e+00
1.91100e+03 4.13197e-14 0.00000e+00
1.91200e+03 3.91708e-14 0.00000e+00
1.91300e+03 4.36349e-14 0.00000e+00
1.91400e+03 3.98379e-14 0.00000e+00
1.91500e+03 4.68073e-14 0.00000e+00
1.91600e+03 4.56031e-14 0.00000e+00
1.91700e+03 3.67659e-14 0.00000e+00
1.91800e+03 4.21112e-14 0.00000e+00
1.91900e+03 4.18882e-14 0.00000e+00
1.92000e+03 4.18286e-14 0.00000e+00
1.92100e+03 4.67192e-14 0.00000e+00
1.92200e+03 4.44324e-14 0.00000e+00
1.92300e+03 3.77795e-14 0.00000e+00
1.92400e+03 2.80159e-14 0.00000e+00
1.92500e+03 3.81242e-14 0.00000e+00
1.92600e+03 3.68129e-14 0.00000e+00
1.92700e+03 4.48002e-14 0.00000e+00
1.92800e+03 3.69377e-14 0.00000e+00
1.92900e+03 4.33594e-14 0.00000e+00
1.93000e+03 4.05386e-14 0.00000e+00
1.93100e+03 3.59387e-14 0.00000e+00
1.93200e+03 3.34210e-14 0.00000e+00
1.93300e+03 4.04355e-14 0.00000e+00
1.93400e+03 3.87598e-14 0.00000e+00
1.93500e+03 3.80112e-14 0.00000e+00
1.93600e+03 4.56140e-14 0.00000e+00
1.93700e+03 4.33525e-14 0.00000e+00
1.93800e+03 3.93256e-14 0.00000e+00
1.93900e+03 3.99787e-14 0.00000e+00
1.94000e+03 3.67646e-14 0.00000e+00
1.94100e+03 3.85533e-14 0.00000e+00
1.94200e+03 4.35096e-14 0.00000e+00
1.94300e+03 3.59135e-14 0.00000e+00
1.94400e+03 3.38358e-14 0.00000e+00
1.94500e+03 3.63067e-14 0.00000e+00
1.94600e+03 3.42671e-14 0.00000e+00
1.94700e+03 3.22922e-14 0.00000e+00
1.94800e+03 3.16191e-14 0.00000e+00
1.94900e+03 4.23408e-14 0.00000e+00
1.95000e+03 3.64509e-14 0.00000e+00
1.95100e+03 4.17787e-14 0.00000e+00
1.95200e+03 3.81538e-14 0.00000e+00
1.95300e+03 3.70464e-14 0.00000e+00
1.95400e+03 3.10820e-14 0.00000e+00
1.95500e+03 3.86880e-14 0.00000e+00
1.95600e+03 3.30562e-14 0.00000e+00
1.95700e+03 3.93324e-14 0.00000e+00
1.95800e+03 3.18926e-14 0.00000e+00
1.95900e+03 3.07643e-14 0.00000e+00
1.96000e+03 3.10831e-14 0.00000e+00
1.96100e+03 3.53539e-14 0.00000e+00
1.96200e+03 3.55151e-14 0.00000e+00
1.96300e+03 3.71564e-14 0.00000e+00
1.96400e+03 2.59174e-14 0.00000e+00
1.96500e+03 3.23478e-14 0.00000e+00
1.96600e+03 3.05862e-14 0.00000e+00
1.96700e+03 2.90198e-14 0.00000e+00
1.96800e+03 2.75169e-14 0.00000e+00
1.96900e+03 2.89066e-14 0.00000e+00
1.97000e+03 2.96470e-14 0.00000e+00
1.97100e+03 3.43417e-14 0.00000e+00
1.97200e+03 3.30362e-14 0.00000e+00
1.97300e+03 2.87551e-14 0.00000e+00
1.97400e+03 3.19330e-14 0.00000e+00
1.97500e+03 2.93300e-14 0.00000e+00
1.97600e+03 2.70238e-14 0.00000e+00
1.97700e+03 3.49483e-14 0.00000e+00
1.97800e+03 2.81817e-14 0.00000e+00
1.97900e+03 3.53646e-14 0.00000e+00
1.98000e+03 2.48254e-14 0.00000e+00
1.98100e+03 2.80822e-14 0.00000e+00
1.98200e+03 3.34230e-14 0.00000e+00
1.98300e+03 2.49507e-14 0.00000e+00
1.98400e+03 2.33685e-14 0.00000e+00
1.98500e+03 3.15301e-14 0.00000e+00
1.98600e+03 2.77085e-14 0.00000e+00
1.98700e+03 2.53846e-14 0.00000e+00
1.98800e+03 3.14277e-14 0.00000e+00
1.98900e+03 2.56416e-14 0.00000e+00
1.99000e+03 2.59779e-14 0.00000e+00
1.99100e+03 3.09272e-14 0.00000e+00
1.99200e+03 2.71479e-14 0.00000e+00
1.99300e+03 2.76713e-14 0.00000e+00
1.99400e+03 2.53872e-14 0.00000e+00
1.99500e+03 2.22178e-14 0.00000e+00
1.99600e+03 2.95405e-14 0.00000e+00
1.99700e+03 2.39576e-14 0.00000e+00
1.99800e+03 2.54305e-14 0.00000e+00
1.99900e+03 2.68460e-14 0.00000e+00
2.00000e+03 2.74043e-14 0.00000e+00
