0.00000e+00 0.00000e+00 0.00000e+00
1.00000e+00 0.00000e+00 0.00000e+00
2.00000e+00 0.00000e+00 0.00000e+00
3.00000e+00 0.00000e+00 0.00000e+00
4.00000e+00 0.00000e+00 0.00000e+00
5.00000e+00 0.00000e+00 0.00000e+00
6.00000e+00 0.00000e+00 0.00000e+00
7.00000e+00 0.00000e+00 0.00000e+00
8.00000e+00 0.00000e+00 0.00000e+00
9.00000e+00 0.00000e+00 0.00000e+00
1.00000e+01 0.00000e+00 0.00000e+00
1.10000e+01 0.00000e+00 0.00000e+00
1.20000e+01 0.00000e+00 0.00000e+00
1.30000e+01 0.00000e+00 0.00000e+00
1.40000e+01 0.00000e+00 0.00000e+00
1.50000e+01 0.00000e+00 0.00000e+00
1.60000e+01 0.00000e+00 0.00000e+00
1.70000e+01 0.00000e+00 0.00000e+00
1.80000e+01 0.00000e+00 0.00000e+00
1.90000e+01 0.00000e+00 0.00000e+00
2.00000e+01 0.00000e+00 0.00000e+00
2.10000e+01 0.00000e+00 0.00000e+00
2.20000e+01 0.00000e+00 0.00000e+00
2.30000e+01 0.00000e+00 0.00000e+00
2.40000e+01 0.00000e+00 0.00000e+00
2.50000e+01 0.00000e+00 0.00000e+00
2.60000e+01 0.00000e+00 0.00000e+00
2.70000e+01 0.00000e+00 0.00000e+00
2.80000e+01 0.00000e+00 0.00000e+00
2.90000e+01 0.00000e+00 0.00000e+00
3.00000e+01 0.00000e+00 0.00000e+00
3.10000e+01 0.00000e+00 0.00000e+00
3.20000e+01 0.00000e+00 0.00000e+00
3.30000e+01 0.00000e+00 0.00000e+00
3.40000e+01 0.00000e+00 0.00000e+00
3.50000e+01 0.00000e+00 0.00000e+00
3.60000e+01 0.00000e+00 0.00000e+00
3.70000e+01 0.00000e+00 0.00000e+00
3.80000e+01 0.00000e+00 0.00000e+00
3.90000e+01 0.00000e+00 0.00000e+00
4.00000e+01 0.00000e+00 0.00000e+00
4.10000e+01 0.00000e+00 0.00000e+00
4.20000e+01 0.00000e+00 0.00000e+00
4.30000e+01 0.00000e+00 0.00000e+00
4.40000e+01 0.00000e+00 0.00000e+00
4.50000e+01 0.00000e+00 0.00000e+00
4.60000e+01 0.00000e+00 0.00000e+00
4.70000e+01 0.00000e+00 0.00000e+00
4.80000e+01 0.00000e+00 0.00000e+00
4.90000e+01 0.00000e+00 0.00000e+00
5.00000e+01 0.00000e+00 0.00000e+00
5.10000e+01 0.00000e+00 0.00000e+00
5.20000e+01 0.00000e+00 0.00000e+00
5.30000e+01 0.00000e+00 0.00000e+00
5.40000e+01 0.00000e+00 0.00000e+00
5.50000e+01 0.00000e+00 0.00000e+00
5.60000e+01 0.00000e+00 0.00000e+00
5.70000e+01 0.00000e+00 0.00000e+00
5.80000e+01 0.00000e+00 0.00000e+00
5.90000e+01 0.00000e+00 0.00000e+00
6.00000e+01 0.00000e+00 0.00000e+00
6.10000e+01 0.00000e+00 0.00000e+00
6.20000e+01 0.00000e+00 0.00000e+00
6.30000e+01 0.00000e+00 0.00000e+00
6.40000e+01 0.00000e+00 0.00000e+00
6.50000e+01 0.00000e+00 0.00000e+00
6.60000e+01 0.00000e+00 0.00000e+00
6.70000e+01 0.00000e+00 0.00000e+00
6.80000e+01 0.00000e+00 0.00000e+00
6.90000e+01 0.00000e+00 0.00000e+00
7.00000e+01 0.00000e+00 0.00000e+00
7.10000e+01 0.00000e+00 0.00000e+00
7.20000e+01 0.00000e+00 0.00000e+00
7.30000e+01 0.00000e+00 0.00000e+00
7.40000e+01 0.00000e+00 0.00000e+00
7.50000e+01 0.00000e+00 0.00000e+00
7.60000e+01 0.00000e+00 0.00000e+00
7.70000e+01 0.00000e+00 0.00000e+00
7.80000e+01 0.00000e+00 0.00000e+00
7.90000e+01 0.00000e+00 0.00000e+00
8.00000e+01 0.00000e+00 0.00000e+00
8.10000e+01 0.00000e+00 0.00000e+00
8.20000e+01 0.00000e+00 0.00000e+00
8.30000e+01 0.00000e+00 0.00000e+00
8.40000e+01 0.00000e+00 0.00000e+00
8.50000e+01 0.00000e+00 0.00000e+00
8.60000e+01 0.00000e+00 0.00000e+00
8.70000e+01 0.00000e+00 0.00000e+00
8.80000e+01 0.00000e+00 0.00000e+00
8.90000e+01 0.00000e+00 0.00000e+00
9.00000e+01 0.00000e+00 0.00000e+00
9.10000e+01 0.00000e+00 0.00000e+00
9.20000e+01 0.00000e+00 0.00000e+00
9.30000e+01 0.00000e+00 0.00000e+00
9.40000e+01 0.00000e+00 0.00000e+00
9.50000e+01 0.00000e+00 0.00000e+00
9.60000e+01 0.00000e+00 0.00000e+00
9.70000e+01 0.00000e+00 0.00000e+00
9.80000e+01 0.00000e+00 0.00000e+00
9.90000e+01 0.00000e+00 0.00000e+00
1.00000e+02 1.16753e-12 0.00000e+00
1.01000e+02 1.03800e-10 0.00000e+00
1.02000e+02 6.09412e-11 0.00000e+00
1.03000e+02 1.74872e-10 0.00000e+00
1.04000e+02 1.54792e-10 0.00000e+00
1.05000e+02 -3.92790e-12 0.00000e+00
1.06000e+02 8.10206e-11 0.00000e+00
1.07000e+02 4.47589e-11 0.00000e+00
1.08000e+02 1.06957e-10 0.00000e+00
1.09000e+02 8.27390e-11 0.00000e+00
1.10000e+02 5.43867e-11 0.00000e+00
1.11000e+02 5.74939e-12 0.00000e+00
1.12000e+02 6.03166e-11 0.00000e+00
1.13000e+02 3.21569e-12 0.00000e+00
1.14000e+02 1.33013e-10 0.00000e+00
1.15000e+02 1.61696e-10 0.00000e+00
1.16000e+02 -7.99014e-11 0.00000e+00
1.17000e+02 5.53692e-11 0.00000e+00
1.18000e+02 5.45933e-11 0.00000e+00
1.19000e+02 1.22453e-10 0.00000e+00
1.20000e+02 2.40906e-10 0.00000e+00
1.21000e+02 1.43329e-11 0.00000e+00
1.22000e+02 9.75719e-11 0.00000e+00
1.23000e+02 3.33310e-11 0.00000e+00
1.24000e+02 8.66788e-11 0.00000e+00
1.25000e+02 8.45108e-11 0.00000e+00
1.26000e+02 6.55456e-11 0.00000e+00
1.27000e+02 2.88483e-11 0.00000e+00
1.28000e+02 6.28600e-11 0.00000e+00
1.29000e+02 5.91253e-11 0.00000e+00
1.30000e+02 9.85246e-11 0.00000e+00
1.31000e+02 6.29609e-11 0.00000e+00
1.32000e+02 3.14976e-11 0.00000e+00
1.33000e+02 6.16065e-11 0.00000e+00
1.34000e+02 1.86146e-10 0.00000e+00
1.35000e+02 -3.95544e-11 0.00000e+00
1.36000e+02 4.65039e-11 0.00000e+00
1.37000e+02 9.85837e-11 0.00000e+00
1.38000e+02 8.81832e-11 0.00000e+00
1.39000e+02 6.74878e-11 0.00000e+00
1.40000e+02 5.52965e-11 0.00000e+00
1.41000e+02 1.15016e-10 0.00000e+00
1.42000e+02 8.00324e-11 0.00000e+00
1.43000e+02 8.71684e-11 0.00000e+00
1.44000e+02 4.02886e-11 0.00000e+00
1.45000e+02 4.61851e-11 0.00000e+00
1.46000e+02 1.27579e-10 0.00000e+00
1.47000e+02 2.65835e-11 0.00000e+00
1.48000e+02 1.32379e-10 0.00000e+00
1.49000e+02 4.12369e-11 0.00000e+00
1.50000e+02 8.61449e-11 0.00000e+00
1.51000e+02 8.83805e-11 0.00000e+00
1.52000e+02 3.63673e-11 0.00000e+00
1.53000e+02 8.09304e-11 0.00000e+00
1.54000e+02 4.54265e-11 0.00000e+00
1.55000e+02 8.34079e-11 0.00000e+00
1.56000e+02 1.27108e-10 0.00000e+00
1.57000e+02 1.01020e-10 0.00000e+00
1.58000e+02 6.34900e-11 0.00000e+00
1.59000e+02 -2.27540e-11 0.00000e+00
1.60000e+02 8.69466e-11 0.00000e+00
1.61000e+02 1.40478e-11 0.00000e+00
1.62000e+02 6.69176e-11 0.00000e+00
1.63000e+02 6.34861e-11 0.00000e+00
1.64000e+02 8.07426e-11 0.00000e+00
1.65000e+02 2.91971e-12 0.00000e+00
1.66000e+02 1.80720e-11 0.00000e+00
1.67000e+02 4.66675e-11 0.00000e+00
1.68000e+02 6.93321e-11 0.00000e+00
1.69000e+02 7.70709e-11 0.00000e+00
1.70000e+02 2.85850e-11 0.00000e+00
1.71000e+02 3.61944e-11 0.00000e+00
1.72000e+02 6.99418e-11 0.00000e+00
1.73000e+02 3.24824e-11 0.00000e+00
1.74000e+02 4.58964e-11 0.00000e+00
1.75000e+02 8.11680e-12 0.00000e+00
1.76000e+02 4.48884e-11 0.00000e+00
1.77000e+02 -1.21263e-12 0.00000e+00
1.78000e+02 -1.80302e-11 0.00000e+00
1.79000e+02 8.00032e-11 0.00000e+00
1.80000e+02 9.46363e-11 0.00000e+00
1.81000e+02 5.64703e-11 0.00000e+00
1.82000e+02 8.17328e-11 0.00000e+00
1.83000e+02 1.00444e-10 0.00000e+00
1.84000e+02 8.02767e-11 0.00000e+00
1.85000e+02 1.33154e-11 0.00000e+00
1.86000e+02 1.45137e-11 0.00000e+00
1.87000e+02 3.87410e-11 0.00000e+00
1.88000e+02 7.18332e-11 0.00000e+00
1.89000e+02 6.06135e-11 0.00000e+00
1.90000e+02 6.45825e-11 0.00000e+00
1.91000e+02 2.58622e-12 0.00000e+00
1.92000e+02 2.14799e-11 0.00000e+00
1.93000e+02 1.19213e-10 0.00000e+00
1.94000e+02 6.97226e-11 0.00000e+00
1.95000e+02 2.16442e-11 0.00000e+00
1.96000e+02 1.13787e-12 0.00000e+00
1.97000e+02 7.64221e-11 0.00000e+00
1.98000e+02 4.23326e-11 0.00000e+00
1.99000e+02 8.23411e-11 0.00000e+00
2.00000e+02 4.38074e-11 0.00000e+00
2.01000e+02 4.84087e-11 0.00000e+00
2.02000e+02 5.64078e-12 0.00000e+00
2.03000e+02 2.69314e-11 0.00000e+00
2.04000e+02 3.39891e-11 0.00000e+00
2.05000e+02 -2.62379e-12 0.00000e+00
2.06000e+02 1.40889e-11 0.00000e+00
2.07000e+02 3.31170e-11 0.00000e+00
2.08000e+02 1.95865e-11 0.00000e+00
2.09000e+02 8.40667e-11 0.00000e+00
2.10000e+02 9.57878e-11 0.00000e+00
2.11000e+02 4.77701e-11 0.00000e+00
2.12000e+02 1.50389e-11 0.00000e+00
2.13000e+02 2.11521e-11 0.00000e+00
2.14000e+02 4.31408e-11 0.00000e+00
2.15000e+02 8.96865e-11 0.00000e+00
2.16000e+02 5.27669e-11 0.00000e+00
2.17000e+02 3.48484e-11 0.00000e+00
2.18000e+02 3.79053e-11 0.00000e+00
2.19000e+02 3.58425e-11 0.00000e+00
2.20000e+02 2.01725e-11 0.00000e+00
2.21000e+02 4.01217e-11 0.00000e+00
2.22000e+02 -1.38401e-11 0.00000e+00
2.23000e+02 3.29737e-11 0.00000e+00
2.24000e+02 1.06080e-10 0.00000e+00
2.25000e+02 -4.39282e-11 0.00000e+00
2.26000e+02 2.72074e-11 0.00000e+00
2.27000e+02 5.74498e-11 0.00000e+00
2.28000e+02 5.35925e-12 0.00000e+00
2.29000e+02 1.91218e-12 0.00000e+00
2.30000e+02 8.42926e-11 0.00000e+00
2.31000e+02 1.49612e-11 0.00000e+00
2.32000e+02 1.40183e-11 0.00000e+00
2.33000e+02 7.42727e-11 0.00000e+00
2.34000e+02 4.31313e-11 0.00000e+00
2.35000e+02 2.96394e-11 0.00000e+00
2.36000e+02 2.33853e-11 0.00000e+00
2.37000e+02 2.47419e-11 0.00000e+00
2.38000e+02 3.89804e-11 0.00000e+00
2.39000e+02 1.66751e-11 0.00000e+00
2.40000e+02 5.63507e-11 0.00000e+00
2.41000e+02 2.17979e-11 0.00000e+00
2.42000e+02 4.12994e-11 0.00000e+00
2.43000e+02 2.47516e-11 0.00000e+00
2.44000e+02 1.79176e-11 0.00000e+00
2.45000e+02 5.34121e-11 0.00000e+00
2.46000e+02 4.75218e-11 0.00000e+00
2.47000e+02 9.18019e-12 0.00000e+00
2.48000e+02 8.14846e-11 0.00000e+00
2.49000e+02 5.60745e-11 0.00000e+00
2.50000e+02 4.91103e-11 0.00000e+00
2.51000e+02 6.51735e-11 0.00000e+00
2.52000e+02 2.93594e-11 0.00000e+00
2.53000e+02 2.48648e-11 0.00000e+00
2.54000e+02 -2.94582e-13 0.00000e+00
2.55000e+02 1.58055e-11 0.00000e+00
2.56000e+02 4.82149e-11 0.00000e+00
2.57000e+02 3.80114e-11 0.00000e+00
2.58000e+02 5.73469e-11 0.00000e+00
2.59000e+02 3.58302e-11 0.00000e+00
2.60000e+02 2.24935e-11 0.00000e+00
2.61000e+02 4.06652e-11 0.00000e+00
2.62000e+02 4.71401e-11 0.00000e+00
2.63000e+02 2.06338e-11 0.00000e+00
2.64000e+02 1.10546e-13 0.00000e+00
2.65000e+02 5.87576e-11 0.00000e+00
2.66000e+02 3.69844e-11 0.00000e+00
2.67000e+02 6.42558e-11 0.00000e+00
2.68000e+02 7.26694e-12 0.00000e+00
2.69000e+02 1.73422e-11 0.00000e+00
2.70000e+02 1.75255e-11 0.00000e+00
2.71000e+02 3.61552e-11 0.00000e+00
2.72000e+02 4.27708e-11 0.00000e+00
2.73000e+02 1.97615e-11 0.00000e+00
2.74000e+02 1.31154e-12 0.00000e+00
2.75000e+02 2.69762e-11 0.00000e+00
2.76000e+02 7.34073e-12 0.00000e+00
2.77000e+02 4.76532e-11 0.00000e+00
2.78000e+02 1.87178e-11 0.00000e+00
2.79000e+02 3.69151e-11 0.00000e+00
2.80000e+02 3.71404e-11 0.00000e+00
2.81000e+02 1.63941e-11 0.00000e+00
2.82000e+02 1.22930e-11 0.00000e+00
2.83000e+02 2.97566e-11 0.00000e+00
2.84000e+02 2.40313e-11 0.00000e+00
2.85000e+02 3.52717e-11 0.00000e+00
2.86000e+02 6.46140e-11 0.00000e+00
2.87000e+02 6.62316e-11 0.00000e+00
2.88000e+02 3.25348e-11 0.00000e+00
2.89000e+02 2.62441e-11 0.00000e+00
2.90000e+02 8.66267e-11 0.00000e+00
2.91000e+02 5.59240e-12 0.00000e+00
2.92000e+02 6.85364e-11 0.00000e+00
2.93000e+02 2.74131e-11 0.00000e+00
2.94000e+02 5.21917e-11 0.00000e+00
2.95000e+02 2.63117e-11 0.00000e+00
2.96000e+02 2.10845e-11 0.00000e+00
2.97000e+02 1.33332e-11 0.00000e+00
2.98000e+02 6.04371e-11 0.00000e+00
2.99000e+02 4.20465e-11 0.00000e+00
3.00000e+02 8.80953e-12 0.00000e+00
3.01000e+02 2.11736e-11 0.00000e+00
3.02000e+02 4.05812e-11 0.00000e+00
3.03000e+02 9.79961e-12 0.00000e+00
3.04000e+02 4.66208e-11 0.00000e+00
3.05000e+02 2.97522e-11 0.00000e+00
3.06000e+02 2.31819e-11 0.00000e+00
3.07000e+02 9.98431e-12 0.00000e+00
3.08000e+02 6.50236e-11 0.00000e+00
3.09000e+02 5.62689e-11 0.00000e+00
3.10000e+02 3.56194e-12 0.00000e+00
3.11000e+02 3.71724e-11 0.00000e+00
3.12000e+02 1.98857e-11 0.00000e+00
3.13000e+02 4.58409e-11 0.00000e+00
3.14000e+02 1.30884e-11 0.00000e+00
3.15000e+02 1.56096e-11 0.00000e+00
3.16000e+02 4.26514e-11 0.00000e+00
3.17000e+02 3.72207e-11 0.00000e+00
3.18000e+02 6.63901e-11 0.00000e+00
3.19000e+02 3.34187e-11 0.00000e+00
3.20000e+02 -6.75799e-12 0.00000e+00
3.21000e+02 1.96085e-11 0.00000e+00
3.22000e+02 2.00453e-11 0.00000e+00
3.23000e+02 3.79202e-11 0.00000e+00
3.24000e+02 3.50094e-11 0.00000e+00
3.25000e+02 4.26342e-11 0.00000e+00
3.26000e+02 4.94679e-11 0.00000e+00
3.27000e+02 -1.22524e-11 0.00000e+00
3.28000e+02 3.00792e-11 0.00000e+00
3.29000e+02 2.56989e-11 0.00000e+00
3.30000e+02 5.11545e-11 0.00000e+00
3.31000e+02 4.88589e-11 0.00000e+00
3.32000e+02 3.06500e-11 0.00000e+00
3.33000e+02 1.25402e-11 0.00000e+00
3.34000e+02 7.72554e-12 0.00000e+00
3.35000e+02 5.08182e-11 0.00000e+00
3.36000e+02 4.54566e-11 0.00000e+00
3.37000e+02 2.28405e-11 0.00000e+00
3.38000e+02 1.58693e-11 0.00000e+00
3.39000e+02 1.51914e-11 0.00000e+00
3.40000e+02 3.77206e-12 0.00000e+00
3.41000e+02 3.26757e-11 0.00000e+00
3.42000e+02 -8.77674e-13 0.00000e+00
3.43000e+02 1.01541e-11 0.00000e+00
3.44000e+02 4.16234e-11 0.00000e+00
3.45000e+02 5.19684e-11 0.00000e+00
3.46000e+02 3.65639e-11 0.00000e+00
3.47000e+02 6.78427e-12 0.00000e+00
3.48000e+02 1.54974e-11 0.00000e+00
3.49000e+02 3.92573e-11 0.00000e+00
3.50000e+02 3.65850e-11 0.00000e+00
3.51000e+02 2.52144e-11 0.00000e+00
3.52000e+02 5.55959e-13 0.00000e+00
3.53000e+02 3.69212e-11 0.00000e+00
3.54000e+02 3.94778e-11 0.00000e+00
3.55000e+02 4.72087e-11 0.00000e+00
3.56000e+02 -1.66780e-12 0.00000e+00
3.57000e+02 3.27742e-11 0.00000e+00
3.58000e+02 4.03691e-11 0.00000e+00
3.59000e+02 2.45328e-11 0.00000e+00
3.60000e+02 2.97613e-11 0.00000e+00
3.61000e+02 2.32330e-11 0.00000e+00
3.62000e+02 3.31879e-11 0.00000e+00
3.63000e+02 3.99618e-11 0.00000e+00
3.64000e+02 4.87345e-12 0.00000e+00
3.65000e+02 1.42593e-11 0.00000e+00
3.66000e+02 2.01188e-11 0.00000e+00
3.67000e+02 3.57501e-11 0.00000e+00
3.68000e+02 1.94422e-11 0.00000e+00
3.69000e+02 3.53007e-11 0.00000e+00
3.70000e+02 4.08642e-11 0.00000e+00
3.71000e+02 9.70869e-12 0.00000e+00
3.72000e+02 3.92725e-11 0.00000e+00
3.73000e+02 4.25519e-11 0.00000e+00
3.74000e+02 2.12922e-11 0.00000e+00
3.75000e+02 3.27162e-11 0.00000e+00
3.76000e+02 2.29533e-11 0.00000e+00
3.77000e+02 5.25666e-11 0.00000e+00
3.78000e+02 2.61162e-11 0.00000e+00
3.79000e+02 3.56916e-11 0.00000e+00
3.80000e+02 2.01824e-11 0.00000e+00
3.81000e+02 4.14121e-11 0.00000e+00
3.82000e+02 5.20851e-11 0.00000e+00
3.83000e+02 5.20894e-11 0.00000e+00
3.84000e+02 2.01940e-11 0.00000e+00
3.85000e+02 2.78488e-11 0.00000e+00
3.86000e+02 1.50316e-11 0.00000e+00
3.87000e+02 3.67988e-11 0.00000e+00
3.88000e+02 4.50648e-11 0.00000e+00
3.89000e+02 1.57397e-11 0.00000e+00
3.90000e+02 4.04705e-11 0.00000e+00
3.91000e+02 3.84543e-11 0.00000e+00
3.92000e+02 1.09980e-11 0.00000e+00
3.93000e+02 3.77441e-12 0.00000e+00
3.94000e+02 4.46169e-11 0.00000e+00
3.95000e+02 1.76713e-11 0.00000e+00
3.96000e+02 1.52064e-11 0.00000e+00
3.97000e+02 3.17771e-11 0.00000e+00
3.98000e+02 2.87553e-11 0.00000e+00
3.99000e+02 6.34126e-12 0.00000e+00
4.00000e+02 2.05908e-11 0.00000e+00
4.01000e+02 5.23463e-12 0.00000e+00
4.02000e+02 4.55294e-11 0.00000e+00
4.03000e+02 3.28908e-11 0.00000e+00
4.04000e+02 3.60365e-11 0.00000e+00
4.05000e+02 8.85526e-12 0.00000e+00
4.06000e+02 1.84315e-11 0.00000e+00
4.07000e+02 3.38638e-11 0.00000e+00
4.08000e+02 1.75905e-11 0.00000e+00
4.09000e+02 2.17509e-11 0.00000e+00
4.10000e+02 3.09364e-11 0.00000e+00
4.11000e+02 3.89075e-11 0.00000e+00
4.12000e+02 2.28995e-11 0.00000e+00
4.13000e+02 5.11926e-12 0.00000e+00
4.14000e+02 4.34379e-11 0.00000e+00
4.15000e+02 2.97202e-11 0.00000e+00
4.16000e+02 1.90481e-11 0.00000e+00
4.17000e+02 3.52445e-11 0.00000e+00
4.18000e+02 2.43908e-11 0.00000e+00
4.19000e+02 2.49753e-11 0.00000e+00
4.20000e+02 2.62176e-11 0.00000e+00
4.21000e+02 9.35204e-12 0.00000e+00
4.22000e+02 8.27388e-12 0.00000e+00
4.23000e+02 1.68348e-11 0.00000e+00
4.24000e+02 2.33527e-11 0.00000e+00
4.25000e+02 8.85875e-12 0.00000e+00
4.26000e+02 2.46650e-11 0.00000e+00
4.27000e+02 4.38875e-11 0.00000e+00
4.28000e+02 2.27934e-11 0.00000e+00
4.29000e+02 1.28768e-11 0.00000e+00
4.30000e+02 4.45330e-11 0.00000e+00
4.31000e+02 1.66348e-11 0.00000e+00
4.32000e+02 1.68056e-11 0.00000e+00
4.33000e+02 2.18692e-11 0.00000e+00
4.34000e+02 2.57761e-11 0.00000e+00
4.35000e+02 2.78416e-11 0.00000e+00
4.36000e+02 -1.43259e-11 0.00000e+00
4.37000e+02 1.21940e-11 0.00000e+00
4.38000e+02 2.13556e-11 0.00000e+00
4.39000e+02 3.06276e-11 0.00000e+00
4.40000e+02 2.34720e-11 0.00000e+00
4.41000e+02 9.46193e-12 0.00000e+00
4.42000e+02 1.67919e-11 0.00000e+00
4.43000e+02 2.77420e-11 0.00000e+00
4.44000e+02 2.93173e-11 0.00000e+00
4.45000e+02 1.87104e-11 0.00000e+00
4.46000e+02 2.26568e-11 0.00000e+00
4.47000e+02 1.32938e-11 0.00000e+00
4.48000e+02 2.52868e-11 0.00000e+00
4.49000e+02 2.70568e-11 0.00000e+00
4.50000e+02 1.18843e-11 0.00000e+00
4.51000e+02 2.33706e-11 0.00000e+00
4.52000e+02 2.24481e-11 0.00000e+00
4.53000e+02 7.08705e-12 0.00000e+00
4.54000e+02 1.66388e-11 0.00000e+00
4.55000e+02 1.00322e-11 0.00000e+00
4.56000e+02 1.88596e-11 0.00000e+00
4.57000e+02 1.50722e-11 0.00000e+00
4.58000e+02 1.99231e-11 0.00000e+00
4.59000e+02 3.72669e-11 0.00000e+00
4.60000e+02 1.79902e-11 0.00000e+00
4.61000e+02 1.46717e-12 0.00000e+00
4.62000e+02 1.12684e-11 0.00000e+00
4.63000e+02 2.80751e-11 0.00000e+00
4.64000e+02 3.41091e-11 0.00000e+00
4.65000e+02 1.06581e-11 0.00000e+00
4.66000e+02 1.55760e-11 0.00000e+00
4.67000e+02 4.14604e-11 0.00000e+00
4.68000e+02 1.64624e-11 0.00000e+00
4.69000e+02 2.12747e-11 0.00000e+00
4.70000e+02 1.58000e-11 0.00000e+00
4.71000e+02 6.41710e-12 0.00000e+00
4.72000e+02 3.30485e-11 0.00000e+00
4.73000e+02 2.94473e-11 0.00000e+00
4.74000e+02 3.24260e-11 0.00000e+00
4.75000e+02 4.93997e-11 0.00000e+00
4.76000e+02 2.16941e-11 0.00000e+00
4.77000e+02 1.09868e-11 0.00000e+00
4.78000e+02 2.27569e-11 0.00000e+00
4.79000e+02 2.06443e-11 0.00000e+00
4.80000e+02 1.99099e-11 0.00000e+00
4.81000e+02 3.06983e-11 0.00000e+00
4.82000e+02 3.34811e-12 0.00000e+00
4.83000e+02 2.06576e-11 0.00000e+00
4.84000e+02 3.89330e-11 0.00000e+00
4.85000e+02 7.61169e-12 0.00000e+00
4.86000e+02 5.02556e-11 0.00000e+00
4.87000e+02 2.32347e-11 0.00000e+00
4.88000e+02 2.12292e-11 0.00000e+00
4.89000e+02 2.79444e-11 0.00000e+00
4.90000e+02 3.04674e-11 0.00000e+00
4.91000e+02 2.62662e-11 0.00000e+00
4.92000e+02 1.10958e-11 0.00000e+00
4.93000e+02 2.91315e-11 0.00000e+00
4.94000e+02 2.61019e-11 0.00000e+00
4.95000e+02 3.16127e-11 0.00000e+00
4.96000e+02 7.27299e-12 0.00000e+00
4.97000e+02 1.85114e-11 0.00000e+00
4.98000e+02 2.58818e-11 0.00000e+00
4.99000e+02 1.90754e-11 0.00000e+00
5.00000e+02 1.09294e-11 0.00000e+00
5.01000e+02 7.57229e-12 0.00000e+00
5.02000e+02 3.62173e-11 0.00000e+00
5.03000e+02 7.40505e-12 0.00000e+00
5.04000e+02 2.84214e-11 0.00000e+00
5.05000e+02 -1.49296e-12 0.00000e+00
5.06000e+02 1.86178e-11 0.00000e+00
5.07000e+02 9.54644e-12 0.00000e+00
5.08000e+02 1.92918e-11 0.00000e+00
5.09000e+02 1.08475e-11 0.00000e+00
5.10000e+02 1.77459e-11 0.00000e+00
5.11000e+02 1.71123e-11 0.00000e+00
5.12000e+02 3.59910e-11 0.00000e+00
5.13000e+02 1.35127e-11 0.00000e+00
5.14000e+02 2.67858e-11 0.00000e+00
5.15000e+02 6.86773e-12 0.00000e+00
5.16000e+02 9.24539e-12 0.00000e+00
5.17000e+02 1.68144e-11 0.00000e+00
5.18000e+02 2.31257e-11 0.00000e+00
5.19000e+02 2.39291e-11 0.00000e+00
5.20000e+02 1.96537e-11 0.00000e+00
5.21000e+02 2.00604e-11 0.00000e+00
5.22000e+02 3.52426e-11 0.00000e+00
5.23000e+02 3.40036e-11 0.00000e+00
5.24000e+02 2.77751e-11 0.00000e+00
5.25000e+02 7.56889e-12 0.00000e+00
5.26000e+02 1.33067e-11 0.00000e+00
5.27000e+02 1.74846e-11 0.00000e+00
5.28000e+02 3.32330e-11 0.00000e+00
5.29000e+02 2.43304e-11 0.00000e+00
5.30000e+02 1.74968e-11 0.00000e+00
5.31000e+02 2.29081e-11 0.00000e+00
5.32000e+02 1.50686e-11 0.00000e+00
5.33000e+02 2.69745e-11 0.00000e+00
5.34000e+02 2.21977e-11 0.00000e+00
5.35000e+02 1.62954e-11 0.00000e+00
5.36000e+02 2.29878e-11 0.00000e+00
5.37000e+02 4.58629e-12 0.00000e+00
5.38000e+02 3.81798e-11 0.00000e+00
5.39000e+02 3.53812e-11 0.00000e+00
5.40000e+02 2.34918e-11 0.00000e+00
5.41000e+02 2.40293e-11 0.00000e+00
5.42000e+02 7.89769e-12 0.00000e+00
5.43000e+02 1.32474e-11 0.00000e+00
5.44000e+02 1.68993e-11 0.00000e+00
5.45000e+02 4.25735e-11 0.00000e+00
5.46000e+02 1.92439e-11 0.00000e+00
5.47000e+02 1.36164e-11 0.00000e+00
5.48000e+02 1.08480e-11 0.00000e+00
5.49000e+02 7.39352e-12 0.00000e+00
5.50000e+02 1.54839e-11 0.00000e+00
5.51000e+02 1.25877e-11 0.00000e+00
5.52000e+02 1.75032e-11 0.00000e+00
5.53000e+02 1.62694e-11 0.00000e+00
5.54000e+02 1.61788e-11 0.00000e+00
5.55000e+02 4.41017e-12 0.00000e+00
5.56000e+02 2.98376e-11 0.00000e+00
5.57000e+02 2.70417e-11 0.00000e+00
5.58000e+02 2.85610e-11 0.00000e+00
5.59000e+02 2.62480e-11 0.00000e+00
5.60000e+02 2.07308e-11 0.00000e+00
5.61000e+02 3.03651e-11 0.00000e+00
5.62000e+02 1.68530e-11 0.00000e+00
5.63000e+02 3.28721e-11 0.00000e+00
5.64000e+02 2.08951e-11 0.00000e+00
5.65000e+02 1.28528e-11 0.00000e+00
5.66000e+02 4.95363e-12 0.00000e+00
5.67000e+02 9.44101e-12 0.00000e+00
5.68000e+02 1.70905e-11 0.00000e+00
5.69000e+02 1.33079e-11 0.00000e+00
5.70000e+02 1.59293e-11 0.00000e+00
5.71000e+02 2.23955e-11 0.00000e+00
5.72000e+02 2.35529e-11 0.00000e+00
5.73000e+02 2.60594e-11 0.00000e+00
5.74000e+02 1.20916e-11 0.00000e+00
5.75000e+02 1.92051e-11 0.00000e+00
5.76000e+02 1.22003e-11 0.00000e+00
5.77000e+02 2.38244e-11 0.00000e+00
5.78000e+02 1.33599e-11 0.00000e+00
5.79000e+02 1.63353e-11 0.00000e+00
5.80000e+02 2.79292e-12 0.00000e+00
5.81000e+02 1.62056e-11 0.00000e+00
5.82000e+02 1.27623e-11 0.00000e+00
5.83000e+02 1.77973e-11 0.00000e+00
5.84000e+02 2.01187e-11 0.00000e+00
5.85000e+02 2.03685e-11 0.00000e+00
5.86000e+02 2.08411e-11 0.00000e+00
5.87000e+02 1.92058e-11 0.00000e+00
5.88000e+02 2.61712e-11 0.00000e+00
5.89000e+02 1.98426e-11 0.00000e+00
5.90000e+02 3.19614e-11 0.00000e+00
5.91000e+02 1.88605e-11 0.00000e+00
5.92000e+02 2.42881e-11 0.00000e+00
5.93000e+02 2.19865e-11 0.00000e+00
5.94000e+02 1.32565e-11 0.00000e+00
5.95000e+02 2.20527e-11 0.00000e+00
5.96000e+02 1.19794e-11 0.00000e+00
5.97000e+02 6.50182e-12 0.00000e+00
5.98000e+02 1.74101e-11 0.00000e+00
5.99000e+02 1.34865e-11 0.00000e+00
6.00000e+02 1.75038e-11 0.00000e+00
6.01000e+02 2.34302e-11 0.00000e+00
6.02000e+02 1.30403e-11 0.00000e+00
6.03000e+02 1.34251e-11 0.00000e+00
6.04000e+02 1.53326e-11 0.00000e+00
6.05000e+02 2.06038e-11 0.00000e+00
6.06000e+02 2.15015e-11 0.00000e+00
6.07000e+02 2.12771e-11 0.00000e+00
6.08000e+02 1.57110e-11 0.00000e+00
6.09000e+02 2.09180e-11 0.00000e+00
6.10000e+02 1.82776e-11 0.00000e+00
6.11000e+02 1.92107e-11 0.00000e+00
6.12000e+02 1.95515e-11 0.00000e+00
6.13000e+02 6.88951e-12 0.00000e+00
6.14000e+02 2.01527e-11 0.00000e+00
6.15000e+02 1.56312e-11 0.00000e+00
6.16000e+02 1.04679e-11 0.00000e+00
6.17000e+02 1.95999e-11 0.00000e+00
6.18000e+02 1.86763e-11 0.00000e+00
6.19000e+02 2.19140e-11 0.00000e+00
6.20000e+02 1.44589e-11 0.00000e+00
6.21000e+02 2.22578e-11 0.00000e+00
6.22000e+02 1.86514e-11 0.00000e+00
6.23000e+02 2.04333e-11 0.00000e+00
6.24000e+02 8.15889e-12 0.00000e+00
6.25000e+02 2.34060e-11 0.00000e+00
6.26000e+02 9.91394e-12 0.00000e+00
6.27000e+02 2.40979e-11 0.00000e+00
6.28000e+02 1.41212e-11 0.00000e+00
6.29000e+02 9.85902e-12 0.00000e+00
6.30000e+02 -1.66488e-12 0.00000e+00
6.31000e+02 5.98529e-12 0.00000e+00
6.32000e+02 1.38099e-11 0.00000e+00
6.33000e+02 4.40007e-12 0.00000e+00
6.34000e+02 1.40348e-11 0.00000e+00
6.35000e+02 1.49374e-11 0.00000e+00
6.36000e+02 1.01558e-11 0.00000e+00
6.37000e+02 1.90856e-11 0.00000e+00
6.38000e+02 1.96526e-11 0.00000e+00
6.39000e+02 3.27685e-12 0.00000e+00
6.40000e+02 4.81923e-12 0.00000e+00
6.41000e+02 2.05123e-11 0.00000e+00
6.42000e+02 6.09673e-12 0.00000e+00
6.43000e+02 1.27261e-11 0.00000e+00
6.44000e+02 1.62022e-11 0.00000e+00
6.45000e+02 3.34643e-12 0.00000e+00
6.46000e+02 1.82339e-11 0.00000e+00
6.47000e+02 7.69448e-12 0.00000e+00
6.48000e+02 1.77209e-11 0.00000e+00
6.49000e+02 2.24953e-11 0.00000e+00
6.50000e+02 1.60040e-11 0.00000e+00
6.51000e+02 2.38577e-11 0.00000e+00
6.52000e+02 1.47394e-11 0.00000e+00
6.53000e+02 6.92565e-12 0.00000e+00
6.54000e+02 3.93395e-12 0.00000e+00
6.55000e+02 1.47006e-11 0.00000e+00
6.56000e+02 2.19453e-11 0.00000e+00
6.57000e+02 2.51032e-11 0.00000e+00
6.58000e+02 9.97063e-12 0.00000e+00
6.59000e+02 1.15103e-11 0.00000e+00
6.60000e+02 1.15339e-11 0.00000e+00
6.61000e+02 7.53346e-12 0.00000e+00
6.62000e+02 1.60764e-11 0.00000e+00
6.63000e+02 2.46837e-11 0.00000e+00
6.64000e+02 1.40459e-11 0.00000e+00
6.65000e+02 1.53195e-11 0.00000e+00
6.66000e+02 2.72552e-11 0.00000e+00
6.67000e+02 2.32957e-11 0.00000e+00
6.68000e+02 1.35454e-11 0.00000e+00
6.69000e+02 1.52340e-11 0.00000e+00
6.70000e+02 1.03597e-11 0.00000e+00
6.71000e+02 2.18724e-11 0.00000e+00
6.72000e+02 1.17849e-11 0.00000e+00
6.73000e+02 1.47050e-11 0.00000e+00
6.74000e+02 2.19448e-11 0.00000e+00
6.75000e+02 2.16790e-11 0.00000e+00
6.76000e+02 1.40547e-11 0.00000e+00
6.77000e+02 1.93738e-11 0.00000e+00
6.78000e+02 1.97900e-11 0.00000e+00
6.79000e+02 3.10919e-12 0.00000e+00
6.80000e+02 2.44310e-11 0.00000e+00
6.81000e+02 2.05591e-11 0.00000e+00
6.82000e+02 1.98893e-11 0.00000e+00
6.83000e+02 1.67428e-11 0.00000e+00
6.84000e+02 1.84588e-11 0.00000e+00
6.85000e+02 2.55178e-11 0.00000e+00
6.86000e+02 8.90827e-12 0.00000e+00
6.87000e+02 2.03399e-11 0.00000e+00
6.88000e+02 1.21775e-11 0.00000e+00
6.89000e+02 2.03122e-11 0.00000e+00
6.90000e+02 1.16582e-11 0.00000e+00
6.91000e+02 1.79461e-11 0.00000e+00
6.92000e+02 2.35014e-11 0.00000e+00
6.93000e+02 1.56183e-11 0.00000e+00
6.94000e+02 1.18042e-11 0.00000e+00
6.95000e+02 1.60699e-11 0.00000e+00
6.96000e+02 1.75834e-11 0.00000e+00
6.97000e+02 1.00756e-11 0.00000e+00
6.98000e+02 6.45948e-12 0.00000e+00
6.99000e+02 6.33524e-12 0.00000e+00
7.00000e+02 1.52545e-11 0.00000e+00
7.01000e+02 9.90464e-12 0.00000e+00
7.02000e+02 1.90544e-11 0.00000e+00
7.03000e+02 1.19299e-11 0.00000e+00
7.04000e+02 1.31469e-11 0.00000e+00
7.05000e+02 1.32635e-11 0.00000e+00
7.06000e+02 1.12069e-11 0.00000e+00
7.07000e+02 1.65368e-11 0.00000e+00
7.08000e+02 1.38993e-11 0.00000e+00
7.09000e+02 6.90974e-12 0.00000e+00
7.10000e+02 1.03770e-11 0.00000e+00
7.11000e+02 1.84342e-11 0.00000e+00
7.12000e+02 1.02146e-11 0.00000e+00
7.13000e+02 6.57605e-12 0.00000e+00
7.14000e+02 9.38596e-12 0.00000e+00
7.15000e+02 1.26868e-11 0.00000e+00
7.16000e+02 1.35468e-11 0.00000e+00
7.17000e+02 1.17900e-11 0.00000e+00
7.18000e+02 1.48693e-11 0.00000e+00
7.19000e+02 1.07658e-11 0.00000e+00
7.20000e+02 8.30944e-12 0.00000e+00
7.21000e+02 1.08329e-11 0.00000e+00
7.22000e+02 1.74632e-11 0.00000e+00
7.23000e+02 7.42528e-12 0.00000e+00
7.24000e+02 1.16644e-11 0.00000e+00
7.25000e+02 2.78742e-11 0.00000e+00
7.26000e+02 1.24390e-11 0.00000e+00
7.27000e+02 1.11714e-11 0.00000e+00
7.28000e+02 7.79220e-12 0.00000e+00
7.29000e+02 1.38787e-11 0.00000e+00
7.30000e+02 1.11365e-11 0.00000e+00
7.31000e+02 1.20241e-11 0.00000e+00
7.32000e+02 5.89622e-12 0.00000e+00
7.33000e+02 1.47020e-11 0.00000e+00
7.34000e+02 1.46836e-11 0.00000e+00
7.35000e+02 1.74354e-11 0.00000e+00
7.36000e+02 1.88420e-11 0.00000e+00
7.37000e+02 1.37167e-11 0.00000e+00
7.38000e+02 1.76274e-11 0.00000e+00
7.39000e+02 9.16117e-12 0.00000e+00
7.40000e+02 1.36287e-11 0.00000e+00
7.41000e+02 9.42363e-12 0.00000e+00
7.42000e+02 1.46312e-11 0.00000e+00
7.43000e+02 1.54878e-11 0.00000e+00
7.44000e+02 4.78137e-12 0.00000e+00
7.45000e+02 3.31599e-12 0.00000e+00
7.46000e+02 1.72197e-11 0.00000e+00
7.47000e+02 8.38440e-12 0.00000e+00
7.48000e+02 1.59001e-11 0.00000e+00
7.49000e+02 9.76782e-12 0.00000e+00
7.50000e+02 9.55944e-12 0.00000e+00
7.51000e+02 1.45581e-11 0.00000e+00
7.52000e+02 9.13395e-12 0.00000e+00
7.53000e+02 1.67831e-11 0.00000e+00
7.54000e+02 2.19112e-11 0.00000e+00
7.55000e+02 1.23324e-11 0.00000e+00
7.56000e+02 9.36692e-12 0.00000e+00
7.57000e+02 1.54508e-11 0.00000e+00
7.58000e+02 1.66571e-11 0.00000e+00
7.59000e+02 1.78192e-11 0.00000e+00
7.60000e+02 1.30417e-11 0.00000e+00
7.61000e+02 1.69598e-11 0.00000e+00
7.62000e+02 1.49343e-11 0.00000e+00
7.63000e+02 1.16923e-11 0.00000e+00
7.64000e+02 1.45829e-11 0.00000e+00
7.65000e+02 1.44752e-11 0.00000e+00
7.66000e+02 1.49745e-11 0.00000e+00
7.67000e+02 1.52227e-11 0.00000e+00
7.68000e+02 1.29497e-11 0.00000e+00
7.69000e+02 2.76260e-12 0.00000e+00
7.70000e+02 1.10618e-11 0.00000e+00
7.71000e+02 1.58230e-11 0.00000e+00
7.72000e+02 1.15361e-11 0.00000e+00
7.73000e+02 1.40808e-11 0.00000e+00
7.74000e+02 1.17922e-11 0.00000e+00
7.75000e+02 1.32007e-11 0.00000e+00
7.76000e+02 9.70632e-12 0.00000e+00
7.77000e+02 8.17015e-12 0.00000e+00
7.78000e+02 1.33987e-11 0.00000e+00
7.79000e+02 8.80443e-12 0.00000e+00
7.80000e+02 1.35501e-11 0.00000e+00
7.81000e+02 6.69239e-12 0.00000e+00
7.82000e+02 1.58580e-11 0.00000e+00
7.83000e+02 1.21622e-11 0.00000e+00
7.84000e+02 9.52358e-12 0.00000e+00
7.85000e+02 1.22480e-11 0.00000e+00
7.86000e+02 1.13873e-11 0.00000e+00
7.87000e+02 1.22212e-11 0.00000e+00
7.88000e+02 1.63005e-11 0.00000e+00
7.89000e+02 1.23484e-11 0.00000e+00
7.90000e+02 1.11007e-11 0.00000e+00
7.91000e+02 1.57953e-11 0.00000e+00
7.92000e+02 1.43401e-11 0.00000e+00
7.93000e+02 1.26660e-11 0.00000e+00
7.94000e+02 1.24899e-11 0.00000e+00
7.95000e+02 3.50671e-12 0.00000e+00
7.96000e+02 1.20911e-11 0.00000e+00
7.97000e+02 1.15155e-11 0.00000e+00
7.98000e+02 1.34159e-11 0.00000e+00
7.99000e+02 9.03400e-12 0.00000e+00
8.00000e+02 8.13527e-12 0.00000e+00
8.01000e+02 1.07077e-11 0.00000e+00
8.02000e+02 9.40594e-12 0.00000e+00
8.03000e+02 1.02370e-11 0.00000e+00
8.04000e+02 1.47823e-11 0.00000e+00
8.05000e+02 9.70217e-12 0.00000e+00
8.06000e+02 1.66392e-11 0.00000e+00
8.07000e+02 1.09977e-11 0.00000e+00
8.08000e+02 1.04020e-11 0.00000e+00
8.09000e+02 9.02065e-12 0.00000e+00
8.10000e+02 7.67090e-12 0.00000e+00
8.11000e+02 1.55025e-11 0.00000e+00
8.12000e+02 5.33433e-12 0.00000e+00
8.13000e+02 1.24352e-11 0.00000e+00
8.14000e+02 8.53101e-12 0.00000e+00
8.15000e+02 1.47121e-11 0.00000e+00
8.16000e+02 1.78204e-11 0.00000e+00
8.17000e+02 7.36391e-12 0.00000e+00
8.18000e+02 7.32641e-12 0.00000e+00
8.19000e+02 1.76721e-11 0.00000e+00
8.20000e+02 1.44214e-11 0.00000e+00
8.21000e+02 4.59602e-12 0.00000e+00
8.22000e+02 1.30553e-11 0.00000e+00
8.23000e+02 9.83399e-12 0.00000e+00
8.24000e+02 1.06841e-11 0.00000e+00
8.25000e+02 1.48093e-11 0.00000e+00
8.26000e+02 9.75280e-12 0.00000e+00
8.27000e+02 9.10747e-12 0.00000e+00
8.28000e+02 1.00285e-11 0.00000e+00
8.29000e+02 1.08019e-11 0.00000e+00
8.30000e+02 1.63880e-11 0.00000e+00
8.31000e+02 9.15960e-12 0.00000e+00
8.32000e+02 1.48974e-11 0.00000e+00
8.33000e+02 1.11003e-11 0.00000e+00
8.34000e+02 1.62653e-11 0.00000e+00
8.35000e+02 1.24599e-11 0.00000e+00
8.36000e+02 1.35219e-11 0.00000e+00
8.37000e+02 1.43053e-11 0.00000e+00
8.38000e+02 1.21170e-11 0.00000e+00
8.39000e+02 1.26749e-11 0.00000e+00
8.40000e+02 1.08369e-11 0.00000e+00
8.41000e+02 1.25289e-11 0.00000e+00
8.42000e+02 1.24395e-11 0.00000e+00
8.43000e+02 8.29692e-12 0.00000e+00
8.44000e+02 1.39429e-11 0.00000e+00
8.45000e+02 1.40054e-11 0.00000e+00
8.46000e+02 1.17623e-11 0.00000e+00
8.47000e+02 1.23377e-11 0.00000e+00
8.48000e+02 1.32497e-11 0.00000e+00
8.49000e+02 8.53036e-12 0.00000e+00
8.50000e+02 7.15924e-12 0.00000e+00
8.51000e+02 1.00955e-11 0.00000e+00
8.52000e+02 9.08019e-12 0.00000e+00
8.53000e+02 7.08602e-12 0.00000e+00
8.54000e+02 8.71972e-12 0.00000e+00
8.55000e+02 1.30537e-11 0.00000e+00
8.56000e+02 1.88100e-11 0.00000e+00
8.57000e+02 1.31296e-11 0.00000e+00
8.58000e+02 8.93106e-12 0.00000e+00
8.59000e+02 1.61104e-11 0.00000e+00
8.60000e+02 1.11857e-11 0.00000e+00
8.61000e+02 1.10873e-11 0.00000e+00
8.62000e+02 5.60701e-12 0.00000e+00
8.63000e+02 7.60835e-12 0.00000e+00
8.64000e+02 1.05754e-11 0.00000e+00
8.65000e+02 9.54795e-12 0.00000e+00
8.66000e+02 1.50306e-11 0.00000e+00
8.67000e+02 9.44759e-12 0.00000e+00
8.68000e+02 9.86948e-12 0.00000e+00
8.69000e+02 9.09337e-12 0.00000e+00
8.70000e+02 1.28470e-11 0.00000e+00
8.71000e+02 8.16504e-12 0.00000e+00
8.72000e+02 5.98135e-12 0.00000e+00
8.73000e+02 1.34600e-11 0.00000e+00
8.74000e+02 9.11822e-12 0.00000e+00
8.75000e+02 9.92918e-12 0.00000e+00
8.76000e+02 1.30378e-11 0.00000e+00
8.77000e+02 1.20356e-11 0.00000e+00
8.78000e+02 1.35719e-11 0.00000e+00
8.79000e+02 8.53615e-12 0.00000e+00
8.80000e+02 1.07001e-11 0.00000e+00
8.81000e+02 1.50842e-11 0.00000e+00
8.82000e+02 5.03919e-12 0.00000e+00
8.83000e+02 2.97696e-12 0.00000e+00
8.84000e+02 1.39516e-11 0.00000e+00
8.85000e+02 9.67613e-12 0.00000e+00
8.86000e+02 5.73070e-12 0.00000e+00
8.87000e+02 1.11494e-11 0.00000e+00
8.88000e+02 7.56087e-12 0.00000e+00
8.89000e+02 1.59168e-11 0.00000e+00
8.90000e+02 1.11487e-11 0.00000e+00
8.91000e+02 8.87748e-12 0.00000e+00
8.92000e+02 6.25911e-12 0.00000e+00
8.93000e+02 4.77790e-12 0.00000e+00
8.94000e+02 4.56664e-12 0.00000e+00
8.95000e+02 8.52542e-12 0.00000e+00
8.96000e+02 1.52762e-11 0.00000e+00
8.97000e+02 6.72086e-12 0.00000e+00
8.98000e+02 1.42679e-11 0.00000e+00
8.99000e+02 1.41191e-11 0.00000e+00
9.00000e+02 8.77547e-12 0.00000e+00
9.01000e+02 1.22430e-11 0.00000e+00
9.02000e+02 1.10692e-11 0.00000e+00
9.03000e+02 6.76248e-12 0.00000e+00
9.04000e+02 1.00569e-11 0.00000e+00
9.05000e+02 1.26166e-11 0.00000e+00
9.06000e+02 1.25722e-11 0.00000e+00
9.07000e+02 1.56938e-11 0.00000e+00
9.08000e+02 1.02280e-11 0.00000e+00
9.09000e+02 1.04351e-11 0.00000e+00
9.10000e+02 1.13367e-11 0.00000e+00
9.11000e+02 9.58191e-12 0.00000e+00
9.12000e+02 9.29019e-12 0.00000e+00
9.13000e+02 1.15079e-11 0.00000e+00
9.14000e+02 6.90523e-12 0.00000e+00
9.15000e+02 8.50247e-12 0.00000e+00
9.16000e+02 1.36710e-11 0.00000e+00
9.17000e+02 8.41339e-12 0.00000e+00
9.18000e+02 7.34994e-12 0.00000e+00
9.19000e+02 1.02806e-11 0.00000e+00
9.20000e+02 1.04241e-11 0.00000e+00
9.21000e+02 1.23978e-11 0.00000e+00
9.22000e+02 1.15828e-11 0.00000e+00
9.23000e+02 9.65024e-12 0.00000e+00
9.24000e+02 1.49252e-11 0.00000e+00
9.25000e+02 5.92504e-12 0.00000e+00
9.26000e+02 1.24610e-11 0.00000e+00
9.27000e+02 1.27589e-11 0.00000e+00
9.28000e+02 9.75011e-12 0.00000e+00
9.29000e+02 1.21737e-11 0.00000e+00
9.30000e+02 1.15819e-11 0.00000e+00
9.31000e+02 8.59293e-12 0.00000e+00
9.32000e+02 1.04979e-11 0.00000e+00
9.33000e+02 5.98323e-12 0.00000e+00
9.34000e+02 1.04732e-11 0.00000e+00
9.35000e+02 8.04346e-12 0.00000e+00
9.36000e+02 1.22317e-11 0.00000e+00
9.37000e+02 1.22179e-11 0.00000e+00
9.38000e+02 1.35146e-11 0.00000e+00
9.39000e+02 5.54094e-12 0.00000e+00
9.40000e+02 1.72537e-11 0.00000e+00
9.41000e+02 1.10722e-11 0.00000e+00
9.42000e+02 1.28920e-11 0.00000e+00
9.43000e+02 8.08183e-12 0.00000e+00
9.44000e+02 9.44572e-12 0.00000e+00
9.45000e+02 1.20657e-11 0.00000e+00
9.46000e+02 7.00936e-12 0.00000e+00
9.47000e+02 1.75323e-11 0.00000e+00
9.48000e+02 3.56040e-12 0.00000e+00
9.49000e+02 1.05836e-11 0.00000e+00
9.50000e+02 9.16810e-12 0.00000e+00
9.51000e+02 9.92678e-12 0.00000e+00
9.52000e+02 4.23012e-12 0.00000e+00
9.53000e+02 1.26859e-11 0.00000e+00
9.54000e+02 1.09734e-11 0.00000e+00
9.55000e+02 1.45705e-11 0.00000e+00
9.56000e+02 1.00698e-11 0.00000e+00
9.57000e+02 6.28438e-12 0.00000e+00
9.58000e+02 7.94657e-12 0.00000e+00
9.59000e+02 8.67330e-12 0.00000e+00
9.60000e+02 1.07738e-11 0.00000e+00
9.61000e+02 1.22041e-11 0.00000e+00
9.62000e+02 9.06797e-12 0.00000e+00
9.63000e+02 9.33071e-12 0.00000e+00
9.64000e+02 8.34888e-12 0.00000e+00
9.65000e+02 1.19207e-11 0.00000e+00
9.66000e+02 7.15831e-12 0.00000e+00
9.67000e+02 1.19671e-11 0.00000e+00
9.68000e+02 1.11628e-11 0.00000e+00
9.69000e+02 7.03799e-12 0.00000e+00
9.70000e+02 7.56024e-12 0.00000e+00
9.71000e+02 9.13302e-12 0.00000e+00
9.72000e+02 1.69737e-12 0.00000e+00
9.73000e+02 9.04332e-12 0.00000e+00
9.74000e+02 9.55701e-12 0.00000e+00
9.75000e+02 8.49588e-12 0.00000e+00
9.76000e+02 5.61880e-12 0.00000e+00
9.77000e+02 1.17118e-11 0.00000e+00
9.78000e+02 1.02449e-11 0.00000e+00
9.79000e+02 6.43818e-12 0.00000e+00
9.80000e+02 1.05877e-11 0.00000e+00
9.81000e+02 9.28565e-12 0.00000e+00
9.82000e+02 9.01772e-12 0.00000e+00
9.83000e+02 6.12424e-12 0.00000e+00
9.84000e+02 1.24699e-11 0.00000e+00
9.85000e+02 1.10335e-11 0.00000e+00
9.86000e+02 1.06272e-11 0.00000e+00
9.87000e+02 9.63280e-12 0.00000e+00
9.88000e+02 1.28993e-11 0.00000e+00
9.89000e+02 4.87176e-12 0.00000e+00
9.90000e+02 5.99781e-12 0.00000e+00
9.91000e+02 5.97998e-12 0.00000e+00
9.92000e+02 1.38835e-11 0.00000e+00
9.93000e+02 5.15771e-12 0.00000e+00
9.94000e+02 8.98561e-12 0.00000e+00
9.95000e+02 7.64477e-12 0.00000e+00
9.96000e+02 8.95832e-12 0.00000e+00
9.97000e+02 7.27541e-12 0.00000e+00
9.98000e+02 8.25981e-12 0.00000e+00
9.99000e+02 7.70708e-12 0.00000e+00
1.00000e+03 1.05861e-11 0.00000e+00
1.00100e+03 8.39487e-12 0.00000e+00
1.00200e+03 1.11747e-11 0.00000e+00
1.00300e+03 8.11814e-12 0.00000e+00
1.00400e+03 7.98120e-12 0.00000e+00
1.00500e+03 1.13109e-11 0.00000e+00
1.00600e+03 6.61407e-12 0.00000e+00
1.00700e+03 6.15714e-12 0.00000e+00
1.00800e+03 8.73033e-12 0.00000e+00
1.00900e+03 1.07547e-11 0.00000e+00
1.01000e+03 4.00642e-12 0.00000e+00
1.01100e+03 8.33745e-12 0.00000e+00
1.01200e+03 6.19665e-12 0.00000e+00
1.01300e+03 5.49090e-12 0.00000e+00
1.01400e+03 8.30782e-12 0.00000e+00
1.01500e+03 8.83616e-12 0.00000e+00
1.01600e+03 6.36133e-12 0.00000e+00
1.01700e+03 6.79497e-12 0.00000e+00
1.01800e+03 1.20443e-11 0.00000e+00
1.01900e+03 7.85997e-12 0.00000e+00
1.02000e+03 7.13409e-12 0.00000e+00
1.02100e+03 1.00652e-11 0.00000e+00
1.02200e+03 7.59115e-12 0.00000e+00
1.02300e+03 8.92224e-12 0.00000e+00
1.02400e+03 4.18501e-12 0.00000e+00
1.02500e+03 6.19140e-12 0.00000e+00
1.02600e+03 6.22255e-12 0.00000e+00
1.02700e+03 8.30965e-12 0.00000e+00
1.02800e+03 7.75564e-12 0.00000e+00
1.02900e+03 7.80316e-12 0.00000e+00
1.03000e+03 8.85886e-12 0.00000e+00
1.03100e+03 6.34812e-12 0.00000e+00
1.03200e+03 5.99890e-12 0.00000e+00
1.03300e+03 1.19342e-11 0.00000e+00
1.03400e+03 8.89333e-12 0.00000e+00
1.03500e+03 5.88359e-12 0.00000e+00
1.03600e+03 9.94434e-12 0.00000e+00
1.03700e+03 7.15324e-12 0.00000e+00
1.03800e+03 8.58049e-12 0.00000e+00
1.03900e+03 8.98974e-12 0.00000e+00
1.04000e+03 7.59814e-12 0.00000e+00
1.04100e+03 7.40226e-12 0.00000e+00
1.04200e+03 6.10025e-12 0.00000e+00
1.04300e+03 8.68579e-12 0.00000e+00
1.04400e+03 9.05680e-12 0.00000e+00
1.04500e+03 3.90767e-12 0.00000e+00
1.04600e+03 1.12466e-11 0.00000e+00
1.04700e+03 9.00314e-12 0.00000e+00
1.04800e+03 1.04848e-11 0.00000e+00
1.04900e+03 9.59069e-12 0.00000e+00
1.05000e+03 5.32968e-12 0.00000e+00
1.05100e+03 5.47116e-12 0.00000e+00
1.05200e+03 7.12257e-12 0.00000e+00
1.05300e+03 5.77004e-12 0.00000e+00
1.05400e+03 7.71337e-12 0.00000e+00
1.05500e+03 6.29767e-12 0.00000e+00
1.05600e+03 7.40561e-12 0.00000e+00
1.05700e+03 4.58354e-12 0.00000e+00
1.05800e+03 6.72130e-12 0.00000e+00
1.05900e+03 5.85229e-12 0.00000e+00
1.06000e+03 6.49515e-12 0.00000e+00
1.06100e+03 9.34660e-12 0.00000e+00
1.06200e+03 9.65281e-12 0.00000e+00
1.06300e+03 4.88048e-12 0.00000e+00
1.06400e+03 8.94977e-12 0.00000e+00
1.06500e+03 6.46932e-12 0.00000e+00
1.06600e+03 5.71852e-12 0.00000e+00
1.06700e+03 7.74581e-12 0.00000e+00
1.06800e+03 7.96702e-12 0.00000e+00
1.06900e+03 1.17132e-11 0.00000e+00
1.07000e+03 6.68426e-12 0.00000e+00
1.07100e+03 7.02315e-12 0.00000e+00
1.07200e+03 6.15121e-12 0.00000e+00
1.07300e+03 1.06848e-11 0.00000e+00
1.07400e+03 5.96047e-12 0.00000e+00
1.07500e+03 9.34249e-12 0.00000e+00
1.07600e+03 1.02440e-11 0.00000e+00
1.07700e+03 8.82765e-12 0.00000e+00
1.07800e+03 8.13336e-12 0.00000e+00
1.07900e+03 8.40578e-12 0.00000e+00
1.08000e+03 8.76043e-12 0.00000e+00
1.08100e+03 9.12292e-12 0.00000e+00
1.08200e+03 7.18446e-12 0.00000e+00
1.08300e+03 3.63512e-12 0.00000e+00
1.08400e+03 6.50670e-12 0.00000e+00
1.08500e+03 9.51058e-12 0.00000e+00
1.08600e+03 6.79606e-12 0.00000e+00
1.08700e+03 8.39840e-12 0.00000e+00
1.08800e+03 8.25930e-12 0.00000e+00
1.08900e+03 6.50140e-12 0.00000e+00
1.09000e+03 6.81021e-12 0.00000e+00
1.09100e+03 5.67211e-12 0.00000e+00
1.09200e+03 5.97312e-12 0.00000e+00
1.09300e+03 7.21481e-12 0.00000e+00
1.09400e+03 6.72259e-12 0.00000e+00
1.09500e+03 9.46775e-12 0.00000e+00
1.09600e+03 8.88664e-12 0.00000e+00
1.09700e+03 3.92391e-12 0.00000e+00
1.09800e+03 9.08959e-12 0.00000e+00
1.09900e+03 6.11702e-12 0.00000e+00
1.10000e+03 8.81625e-12 0.00000e+00
1.10100e+03 1.03078e-11 0.00000e+00
1.10200e+03 6.23996e-12 0.00000e+00
1.10300e+03 8.96880e-12 0.00000e+00
1.10400e+03 6.55756e-12 0.00000e+00
1.10500e+03 4.37784e-12 0.00000e+00
1.10600e+03 1.00557e-11 0.00000e+00
1.10700e+03 3.19371e-12 0.00000e+00
1.10800e+03 6.69567e-12 0.00000e+00
1.10900e+03 5.43026e-12 0.00000e+00
1.11000e+03 7.06308e-12 0.00000e+00
1.11100e+03 3.97359e-12 0.00000e+00
1.11200e+03 9.38193e-12 0.00000e+00
1.11300e+03 6.02184e-12 0.00000e+00
1.11400e+03 1.00843e-11 0.00000e+00
1.11500e+03 7.55359e-12 0.00000e+00
1.11600e+03 4.15179e-12 0.00000e+00
1.11700e+03 7.28568e-12 0.00000e+00
1.11800e+03 6.30080e-12 0.00000e+00
1.11900e+03 8.54285e-12 0.00000e+00
1.12000e+03 7.05545e-12 0.00000e+00
1.12100e+03 6.84642e-12 0.00000e+00
1.12200e+03 6.95921e-12 0.00000e+00
1.12300e+03 4.52676e-12 0.00000e+00
1.12400e+03 1.03821e-11 0.00000e+00
1.12500e+03 8.14255e-12 0.00000e+00
1.12600e+03 8.64964e-12 0.00000e+00
1.12700e+03 6.98140e-12 0.00000e+00
1.12800e+03 6.97406e-12 0.00000e+00
1.12900e+03 6.13288e-12 0.00000e+00
1.13000e+03 5.52934e-12 0.00000e+00
1.13100e+03 5.50552e-12 0.00000e+00
1.13200e+03 4.83840e-12 0.00000e+00
1.13300e+03 5.91244e-12 0.00000e+00
1.13400e+03 3.12702e-12 0.00000e+00
1.13500e+03 7.71159e-12 0.00000e+00
1.13600e+03 6.49635e-12 0.00000e+00
1.13700e+03 4.26020e-12 0.00000e+00
1.13800e+03 8.92934e-12 0.00000e+00
1.13900e+03 7.78729e-12 0.00000e+00
1.14000e+03 7.29507e-12 0.00000e+00
1.14100e+03 5.55010e-12 0.00000e+00
1.14200e+03 6.61109e-12 0.00000e+00
1.14300e+03 6.50972e-12 0.00000e+00
1.14400e+03 7.81937e-12 0.00000e+00
1.14500e+03 9.34525e-12 0.00000e+00
1.14600e+03 5.92698e-12 0.00000e+00
1.14700e+03 5.62888e-12 0.00000e+00
1.14800e+03 6.48486e-12 0.00000e+00
1.14900e+03 5.29554e-12 0.00000e+00
1.15000e+03 9.21374e-12 0.00000e+00
1.15100e+03 3.97363e-12 0.00000e+00
1.15200e+03 6.37228e-12 0.00000e+00
1.15300e+03 5.19782e-12 0.00000e+00
1.15400e+03 4.96851e-12 0.00000e+00
1.15500e+03 5.04722e-12 0.00000e+00
1.15600e+03 7.75777e-12 0.00000e+00
1.15700e+03 4.45194e-12 0.00000e+00
1.15800e+03 7.52378e-12 0.00000e+00
1.15900e+03 5.17876e-12 0.00000e+00
1.16000e+03 4.40508e-12 0.00000e+00
1.16100e+03 7.53084e-12 0.00000e+00
1.16200e+03 4.64242e-12 0.00000e+00
1.16300e+03 6.21544e-12 0.00000e+00
1.16400e+03 6.12127e-12 0.00000e+00
1.16500e+03 9.86095e-12 0.00000e+00
1.16600e+03 7.05027e-12 0.00000e+00
1.16700e+03 3.64630e-12 0.00000e+00
1.16800e+03 6.29845e-12 0.00000e+00
1.16900e+03 3.15614e-12 0.00000e+00
1.17000e+03 6.50913e-12 0.00000e+00
1.17100e+03 5.39431e-12 0.00000e+00
1.17200e+03 5.49392e-12 0.00000e+00
1.17300e+03 7.79550e-12 0.00000e+00
1.17400e+03 9.27773e-12 0.00000e+00
1.17500e+03 6.96131e-12 0.00000e+00
1.17600e+03 5.61782e-12 0.00000e+00
1.17700e+03 7.73453e-12 0.00000e+00
1.17800e+03 5.36491e-12 0.00000e+00
1.17900e+03 4.45194e-12 0.00000e+00
1.18000e+03 7.49729e-12 0.00000e+00
1.18100e+03 7.18466e-12 0.00000e+00
1.18200e+03 7.63841e-12 0.00000e+00
1.18300e+03 7.34193e-12 0.00000e+00
1.18400e+03 4.79193e-12 0.00000e+00
1.18500e+03 7.57965e-12 0.00000e+00
1.18600e+03 5.89381e-12 0.00000e+00
1.18700e+03 5.28577e-12 0.00000e+00
1.18800e+03 5.76572e-12 0.00000e+00
1.18900e+03 4.56998e-12 0.00000e+00
1.19000e+03 7.33552e-12 0.00000e+00
1.19100e+03 7.77733e-12 0.00000e+00
1.19200e+03 4.85362e-12 0.00000e+00
1.19300e+03 4.23501e-12 0.00000e+00
1.19400e+03 5.83061e-12 0.00000e+00
1.19500e+03 4.94812e-12 0.00000e+00
1.19600e+03 5.90833e-12 0.00000e+00
1.19700e+03 7.75074e-12 0.00000e+00
1.19800e+03 6.26140e-12 0.00000e+00
1.19900e+03 4.40215e-12 0.00000e+00
1.20000e+03 5.54512e-12 0.00000e+00
1.20100e+03 6.89325e-12 0.00000e+00
1.20200e+03 4.74405e-12 0.00000e+00
1.20300e+03 6.94775e-12 0.00000e+00
1.20400e+03 7.25487e-12 0.00000e+00
1.20500e+03 4.93502e-12 0.00000e+00
1.20600e+03 5.91989e-12 0.00000e+00
1.20700e+03 5.70109e-12 0.00000e+00
1.20800e+03 2.60195e-12 0.00000e+00
1.20900e+03 8.84848e-12 0.00000e+00
1.21000e+03 5.47538e-12 0.00000e+00
1.21100e+03 2.51101e-12 0.00000e+00
1.21200e+03 6.36834e-12 0.00000e+00
1.21300e+03 5.85236e-12 0.00000e+00
1.21400e+03 6.67643e-12 0.00000e+00
1.21500e+03 5.64077e-12 0.00000e+00
1.21600e+03 5.16701e-12 0.00000e+00
1.21700e+03 7.80933e-12 0.00000e+00
1.21800e+03 4.59765e-12 0.00000e+00
1.21900e+03 6.91603e-12 0.00000e+00
1.22000e+03 7.03328e-12 0.00000e+00
1.22100e+03 6.42469e-12 0.00000e+00
1.22200e+03 4.50377e-12 0.00000e+00
1.22300e+03 5.53029e-12 0.00000e+00
1.22400e+03 6.57345e-12 0.00000e+00
1.22500e+03 5.94643e-12 0.00000e+00
1.22600e+03 4.24124e-12 0.00000e+00
1.22700e+03 3.22334e-12 0.00000e+00
1.22800e+03 7.80356e-12 0.00000e+00
1.22900e+03 5.73856e-12 0.00000e+00
1.23000e+03 5.66188e-12 0.00000e+00
1.23100e+03 8.81921e-12 0.00000e+00
1.23200e+03 6.52311e-12 0.00000e+00
1.23300e+03 4.66904e-12 0.00000e+00
1.23400e+03 7.08855e-12 0.00000e+00
1.23500e+03 4.63617e-12 0.00000e+00
1.23600e+03 5.91272e-12 0.00000e+00
1.23700e+03 5.44789e-12 0.00000e+00
1.23800e+03 7.57783e-12 0.00000e+00
1.23900e+03 4.96836e-12 0.00000e+00
1.24000e+03 5.40360e-12 0.00000e+00
1.24100e+03 3.76783e-12 0.00000e+00
1.24200e+03 4.45143e-12 0.00000e+00
1.24300e+03 4.88214e-12 0.00000e+00
1.24400e+03 5.51061e-12 0.00000e+00
1.24500e+03 4.79761e-12 0.00000e+00
1.24600e+03 3.31277e-12 0.00000e+00
1.24700e+03 6.55179e-12 0.00000e+00
1.24800e+03 7.06977e-12 0.00000e+00
1.24900e+03 4.90801e-12 0.00000e+00
1.25000e+03 7.30502e-12 0.00000e+00
1.25100e+03 5.24559e-12 0.00000e+00
1.25200e+03 6.45459e-12 0.00000e+00
1.25300e+03 8.26563e-12 0.00000e+00
1.25400e+03 8.10951e-12 0.00000e+00
1.25500e+03 5.14220e-12 0.00000e+00
1.25600e+03 6.77789e-12 0.00000e+00
1.25700e+03 4.31023e-12 0.00000e+00
1.25800e+03 4.39969e-12 0.00000e+00
1.25900e+03 4.21338e-12 0.00000e+00
1.26000e+03 7.98759e-12 0.00000e+00
1.26100e+03 7.50331e-12 0.00000e+00
1.26200e+03 4.33022e-12 0.00000e+00
1.26300e+03 4.50793e-12 0.00000e+00
1.26400e+03 5.36073e-12 0.00000e+00
1.26500e+03 5.77052e-12 0.00000e+00
1.26600e+03 6.54080e-12 0.00000e+00
1.26700e+03 7.25091e-12 0.00000e+00
1.26800e+03 5.82591e-12 0.00000e+00
1.26900e+03 4.38795e-12 0.00000e+00
1.27000e+03 5.13375e-12 0.00000e+00
1.27100e+03 6.32751e-12 0.00000e+00
1.27200e+03 5.71416e-12 0.00000e+00
1.27300e+03 5.95527e-12 0.00000e+00
1.27400e+03 4.29899e-12 0.00000e+00
1.27500e+03 4.39524e-12 0.00000e+00
1.27600e+03 5.99669e-12 0.00000e+00
1.27700e+03 5.32217e-12 0.00000e+00
1.27800e+03 5.37254e-12 0.00000e+00
1.27900e+03 6.39282e-12 0.00000e+00
1.28000e+03 5.84632e-12 0.00000e+00
1.28100e+03 5.80919e-12 0.00000e+00
1.28200e+03 6.50758e-12 0.00000e+00
1.28300e+03 4.85634e-12 0.00000e+00
1.28400e+03 7.85863e-12 0.00000e+00
1.28500e+03 6.88126e-12 0.00000e+00
1.28600e+03 5.16382e-12 0.00000e+00
1.28700e+03 6.67899e-12 0.00000e+00
1.28800e+03 3.36893e-12 0.00000e+00
1.28900e+03 5.03285e-12 0.00000e+00
1.29000e+03 5.53584e-12 0.00000e+00
1.29100e+03 5.09163e-12 0.00000e+00
1.29200e+03 5.29989e-12 0.00000e+00
1.29300e+03 5.25857e-12 0.00000e+00
1.29400e+03 4.12199e-12 0.00000e+00
1.29500e+03 7.71798e-12 0.00000e+00
1.29600e+03 5.29630e-12 0.00000e+00
1.29700e+03 5.32716e-12 0.00000e+00
1.29800e+03 4.14867e-12 0.00000e+00
1.29900e+03 5.57564e-12 0.00000e+00
1.30000e+03 4.51332e-12 0.00000e+00
1.30100e+03 7.51409e-12 0.00000e+00
1.30200e+03 6.05102e-12 0.00000e+00
1.30300e+03 5.21741e-12 0.00000e+00
1.30400e+03 5.89907e-12 0.00000e+00
1.30500e+03 6.02492e-12 0.00000e+00
1.30600e+03 4.03797e-12 0.00000e+00
1.30700e+03 3.05008e-12 0.00000e+00
1.30800e+03 4.75102e-12 0.00000e+00
1.30900e+03 5.15108e-12 0.00000e+00
1.31000e+03 3.50481e-12 0.00000e+00
1.31100e+03 5.09539e-12 0.00000e+00
1.31200e+03 4.76725e-12 0.00000e+00
1.31300e+03 3.98912e-12 0.00000e+00
1.31400e+03 3.16622e-12 0.00000e+00
1.31500e+03 5.61960e-12 0.00000e+00
1.31600e+03 4.72320e-12 0.00000e+00
1.31700e+03 3.86936e-12 0.00000e+00
1.31800e+03 5.26337e-12 0.00000e+00
1.31900e+03 4.54631e-12 0.00000e+00
1.32000e+03 3.18406e-12 0.00000e+00
1.32100e+03 5.69987e-12 0.00000e+00
1.32200e+03 5.79281e-12 0.00000e+00
1.32300e+03 5.98644e-12 0.00000e+00
1.32400e+03 4.06529e-12 0.00000e+00
1.32500e+03 4.16347e-12 0.00000e+00
1.32600e+03 3.20439e-12 0.00000e+00
1.32700e+03 5.19470e-12 0.00000e+00
1.32800e+03 4.02032e-12 0.00000e+00
1.32900e+03 4.68405e-12 0.00000e+00
1.33000e+03 5.11555e-12 0.00000e+00
1.33100e+03 3.93935e-12 0.00000e+00
1.33200e+03 4.58110e-12 0.00000e+00
1.33300e+03 4.58812e-12 0.00000e+00
1.33400e+03 5.49482e-12 0.00000e+00
1.33500e+03 3.90163e-12 0.00000e+00
1.33600e+03 3.37511e-12 0.00000e+00
1.33700e+03 3.67006e-12 0.00000e+00
1.33800e+03 6.01888e-12 0.00000e+00
1.33900e+03 4.02040e-12 0.00000e+00
1.34000e+03 5.81994e-12 0.00000e+00
1.34100e+03 4.74419e-12 0.00000e+00
1.34200e+03 3.23605e-12 0.00000e+00
1.34300e+03 5.43922e-12 0.00000e+00
1.34400e+03 4.84446e-12 0.00000e+00
1.34500e+03 4.81862e-12 0.00000e+00
1.34600e+03 4.71778e-12 0.00000e+00
1.34700e+03 4.52183e-12 0.00000e+00
1.34800e+03 3.45664e-12 0.00000e+00
1.34900e+03 2.39076e-12 0.00000e+00
1.35000e+03 4.31188e-12 0.00000e+00
1.35100e+03 5.67172e-12 0.00000e+00
1.35200e+03 4.46555e-12 0.00000e+00
1.35300e+03 5.42558e-12 0.00000e+00
1.35400e+03 3.73560e-12 0.00000e+00
1.35500e+03 4.54309e-12 0.00000e+00
1.35600e+03 3.64660e-12 0.00000e+00
1.35700e+03 4.87525e-12 0.00000e+00
1.35800e+03 4.77557e-12 0.00000e+00
1.35900e+03 5.60195e-12 0.00000e+00
1.36000e+03 2.62704e-12 0.00000e+00
1.36100e+03 5.26051e-12 0.00000e+00
1.36200e+03 4.82501e-12 0.00000e+00
1.36300e+03 5.50728e-12 0.00000e+00
1.36400e+03 3.68549e-12 0.00000e+00
1.36500e+03 4.64463e-12 0.00000e+00
1.36600e+03 5.37662e-12 0.00000e+00
1.36700e+03 4.09202e-12 0.00000e+00
1.36800e+03 4.14711e-12 0.00000e+00
1.36900e+03 4.80449e-12 0.00000e+00
1.37000e+03 4.68315e-12 0.00000e+00
1.37100e+03 5.22486e-12 0.00000e+00
1.37200e+03 3.99929e-12 0.00000e+00
1.37300e+03 4.39283e-12 0.00000e+00
1.37400e+03 5.73182e-12 0.00000e+00
1.37500e+03 5.70896e-12 0.00000e+00
1.37600e+03 4.58197e-12 0.00000e+00
1.37700e+03 4.26299e-12 0.00000e+00
1.37800e+03 7.05390e-12 0.00000e+00
1.37900e+03 5.16603e-12 0.00000e+00
1.38000e+03 4.97149e-12 0.00000e+00
1.38100e+03 2.70361e-12 0.00000e+00
1.38200e+03 5.12998e-12 0.00000e+00
1.38300e+03 4.82131e-12 0.00000e+00
1.38400e+03 4.56698e-12 0.00000e+00
1.38500e+03 3.24500e-12 0.00000e+00
1.38600e+03 3.51698e-12 0.00000e+00
1.38700e+03 4.05030e-12 0.00000e+00
1.38800e+03 3.88801e-12 0.00000e+00
1.38900e+03 5.81734e-12 0.00000e+00
1.39000e+03 5.36557e-12 0.00000e+00
1.39100e+03 5.52813e-12 0.00000e+00
1.39200e+03 3.69858e-12 0.00000e+00
1.39300e+03 5.29131e-12 0.00000e+00
1.39400e+03 2.98257e-12 0.00000e+00
1.39500e+03 4.23023e-12 0.00000e+00
1.39600e+03 5.67506e-12 0.00000e+00
1.39700e+03 3.46200e-12 0.00000e+00
1.39800e+03 6.66070e-12 0.00000e+00
1.39900e+03 4.67869e-12 0.00000e+00
1.40000e+03 4.40978e-12 0.00000e+00
1.40100e+03 5.59797e-12 0.00000e+00
1.40200e+03 4.75656e-12 0.00000e+00
1.40300e+03 3.52905e-12 0.00000e+00
1.40400e+03 4.93381e-12 0.00000e+00
1.40500e+03 4.08420e-12 0.00000e+00
1.40600e+03 4.07896e-12 0.00000e+00
1.40700e+03 5.95821e-12 0.00000e+00
1.40800e+03 5.11110e-12 0.00000e+00
1.40900e+03 3.21289e-12 0.00000e+00
1.41000e+03 4.90016e-12 0.00000e+00
1.41100e+03 3.58703e-12 0.00000e+00
1.41200e+03 4.55326e-12 0.00000e+00
1.41300e+03 3.93546e-12 0.00000e+00
1.41400e+03 2.92417e-12 0.00000e+00
1.41500e+03 3.95949e-12 0.00000e+00
1.41600e+03 4.76393e-12 0.00000e+00
1.41700e+03 5.27619e-12 0.00000e+00
1.41800e+03 3.86875e-12 0.00000e+00
1.41900e+03 1.67565e-12 0.00000e+00
1.42000e+03 3.67846e-12 0.00000e+00
1.42100e+03 3.53579e-12 0.00000e+00
1.42200e+03 2.71013e-12 0.00000e+00
1.42300e+03 6.02289e-12 0.00000e+00
1.42400e+03 3.47403e-12 0.00000e+00
1.42500e+03 4.59817e-12 0.00000e+00
1.42600e+03 5.42988e-12 0.00000e+00
1.42700e+03 4.17147e-12 0.00000e+00
1.42800e+03 3.82785e-12 0.00000e+00
1.42900e+03 3.87915e-12 0.00000e+00
1.43000e+03 3.22173e-12 0.00000e+00
1.43100e+03 3.39439e-12 0.00000e+00
1.43200e+03 3.68395e-12 0.00000e+00
1.43300e+03 4.91057e-12 0.00000e+00
1.43400e+03 4.26623e-12 0.00000e+00
1.43500e+03 5.37843e-12 0.00000e+00
1.43600e+03 3.83546e-12 0.00000e+00
1.43700e+03 2.64543e-12 0.00000e+00
1.43800e+03 4.64095e-12 0.00000e+00
1.43900e+03 4.22755e-12 0.00000e+00
1.44000e+03 4.23372e-12 0.00000e+00
1.44100e+03 5.16079e-12 0.00000e+00
1.44200e+03 5.00821e-12 0.00000e+00
1.44300e+03 4.42564e-12 0.00000e+00
1.44400e+03 4.29813e-12 0.00000e+00
1.44500e+03 3.74395e-12 0.00000e+00
1.44600e+03 2.74681e-12 0.00000e+00
1.44700e+03 2.88435e-12 0.00000e+00
1.44800e+03 4.22719e-12 0.00000e+00
1.44900e+03 3.57560e-12 0.00000e+00
1.45000e+03 3.84639e-12 0.00000e+00
1.45100e+03 3.44426e-12 0.00000e+00
1.45200e+03 4.39811e-12 0.00000e+00
1.45300e+03 3.23602e-12 0.00000e+00
1.45400e+03 3.30042e-12 0.00000e+00
1.45500e+03 3.86701e-12 0.00000e+00
1.45600e+03 3.07712e-12 0.00000e+00
1.45700e+03 4.40589e-12 0.00000e+00
1.45800e+03 4.44309e-12 0.00000e+00
1.45900e+03 2.04709e-12 0.00000e+00
1.46000e+03 1.95564e-12 0.00000e+00
1.46100e+03 3.60686e-12 0.00000e+00
1.46200e+03 4.22902e-12 0.00000e+00
1.46300e+03 4.08164e-12 0.00000e+00
1.46400e+03 1.96156e-12 0.00000e+00
1.46500e+03 5.56760e-12 0.00000e+00
1.46600e+03 3.62123e-12 0.00000e+00
1.46700e+03 4.03030e-12 0.00000e+00
1.46800e+03 5.15564e-12 0.00000e+00
1.46900e+03 3.96153e-12 0.00000e+00
1.47000e+03 2.30905e-12 0.00000e+00
1.47100e+03 3.56972e-12 0.00000e+00
1.47200e+03 2.45339e-12 0.00000e+00
1.47300e+03 4.07500e-12 0.00000e+00
1.47400e+03 3.95557e-12 0.00000e+00
1.47500e+03 4.88370e-12 0.00000e+00
1.47600e+03 2.75954e-12 0.00000e+00
1.47700e+03 3.96444e-12 0.00000e+00
1.47800e+03 4.11584e-12 0.00000e+00
1.47900e+03 4.96452e-12 0.00000e+00
1.48000e+03 4.42997e-12 0.00000e+00
1.48100e+03 3.95870e-12 0.00000e+00
1.48200e+03 3.74079e-12 0.00000e+00
1.48300e+03 2.69039e-12 0.00000e+00
1.48400e+03 3.85921e-12 0.00000e+00
1.48500e+03 3.90025e-12 0.00000e+00
1.48600e+03 4.07121e-12 0.00000e+00
1.48700e+03 3.76937e-12 0.00000e+00
1.48800e+03 4.45950e-12 0.00000e+00
1.48900e+03 3.66151e-12 0.00000e+00
1.49000e+03 3.47542e-12 0.00000e+00
1.49100e+03 3.55852e-12 0.00000e+00
1.49200e+03 3.42553e-12 0.00000e+00
1.49300e+03 3.36776e-12 0.00000e+00
1.49400e+03 3.67366e-12 0.00000e+00
1.49500e+03 4.34529e-12 0.00000e+00
1.49600e+03 2.99231e-12 0.00000e+00
1.49700e+03 2.61898e-12 0.00000e+00
1.49800e+03 4.76156e-12 0.00000e+00
1.49900e+03 3.11226e-12 0.00000e+00
1.50000e+03 4.75105e-12 0.00000e+00
1.50100e+03 2.88451e-12 0.00000e+00
1.50200e+03 4.17713e-12 0.00000e+00
1.50300e+03 4.78372e-12 0.00000e+00
1.50400e+03 3.02793e-12 0.00000e+00
1.50500e+03 3.57335e-12 0.00000e+00
1.50600e+03 4.08856e-12 0.00000e+00
1.50700e+03 3.42352e-12 0.00000e+00
1.50800e+03 3.45895e-12 0.00000e+00
1.50900e+03 2.45071e-12 0.00000e+00
1.51000e+03 3.64422e-12 0.00000e+00
1.51100e+03 3.75117e-12 0.00000e+00
1.51200e+03 4.09000e-12 0.00000e+00
1.51300e+03 2.13028e-12 0.00000e+00
1.51400e+03 2.83214e-12 0.00000e+00
1.51500e+03 3.04830e-12 0.00000e+00
1.51600e+03 2.97033e-12 0.00000e+00
1.51700e+03 3.79613e-12 0.00000e+00
1.51800e+03 3.62828e-12 0.00000e+00
1.51900e+03 2.31100e-12 0.00000e+00
1.52000e+03 3.27000e-12 0.00000e+00
1.52100e+03 4.19453e-12 0.00000e+00
1.52200e+03 4.35233e-12 0.00000e+00
1.52300e+03 2.80081e-12 0.00000e+00
1.52400e+03 2.70140e-12 0.00000e+00
1.52500e+03 4.26672e-12 0.00000e+00
1.52600e+03 4.47617e-12 0.00000e+00
1.52700e+03 4.84166e-12 0.00000e+00
1.52800e+03 4.26489e-12 0.00000e+00
1.52900e+03 2.69923e-12 0.00000e+00
1.53000e+03 3.91548e-12 0.00000e+00
1.53100e+03 2.90566e-12 0.00000e+00
1.53200e+03 2.84760e-12 0.00000e+00
1.53300e+03 3.18552e-12 0.00000e+00
1.53400e+03 2.37615e-12 0.00000e+00
1.53500e+03 2.71413e-12 0.00000e+00
1.53600e+03 3.12359e-12 0.00000e+00
1.53700e+03 2.45210e-12 0.00000e+00
1.53800e+03 4.54905e-12 0.00000e+00
1.53900e+03 3.21025e-12 0.00000e+00
1.54000e+03 3.99450e-12 0.00000e+00
1.54100e+03 3.58775e-12 0.00000e+00
1.54200e+03 3.51133e-12 0.00000e+00
1.54300e+03 3.53254e-12 0.00000e+00
1.54400e+03 3.68671e-12 0.00000e+00
1.54500e+03 3.23779e-12 0.00000e+00
1.54600e+03 5.56904e-12 0.00000e+00
1.54700e+03 3.73264e-12 0.00000e+00
1.54800e+03 4.47372e-12 0.00000e+00
1.54900e+03 4.01851e-12 0.00000e+00
1.55000e+03 3.71110e-12 0.00000e+00
1.55100e+03 2.56882e-12 0.00000e+00
1.55200e+03 3.50276e-12 0.00000e+00
1.55300e+03 3.70833e-12 0.00000e+00
1.55400e+03 2.55764e-12 0.00000e+00
1.55500e+03 2.90479e-12 0.00000e+00
1.55600e+03 3.35700e-12 0.00000e+00
1.55700e+03 2.96712e-12 0.00000e+00
1.55800e+03 3.39536e-12 0.00000e+00
1.55900e+03 3.08078e-12 0.00000e+00
1.56000e+03 2.71186e-12 0.00000e+00
1.56100e+03 2.12678e-12 0.00000e+00
1.56200e+03 3.29699e-12 0.00000e+00
1.56300e+03 3.77491e-12 0.00000e+00
1.56400e+03 2.78335e-12 0.00000e+00
1.56500e+03 3.05912e-12 0.00000e+00
1.56600e+03 3.47391e-12 0.00000e+00
1.56700e+03 2.48658e-12 0.00000e+00
1.56800e+03 4.06349e-12 0.00000e+00
1.56900e+03 3.11408e-12 0.00000e+00
1.57000e+03 3.67786e-12 0.00000e+00
1.57100e+03 3.23974e-12 0.00000e+00
1.57200e+03 3.28360e-12 0.00000e+00
1.57300e+03 2.77076e-12 0.00000e+00
1.57400e+03 3.75786e-12 0.00000e+00
1.57500e+03 3.52216e-12 0.00000e+00
1.57600e+03 3.49580e-12 0.00000e+00
1.57700e+03 3.41660e-12 0.00000e+00
1.57800e+03 3.71748e-12 0.00000e+00
1.57900e+03 3.12173e-12 0.00000e+00
1.58000e+03 2.66167e-12 0.00000e+00
1.58100e+03 2.81582e-12 0.00000e+00
1.58200e+03 4.17089e-12 0.00000e+00
1.58300e+03 4.46475e-12 0.00000e+00
1.58400e+03 2.88531e-12 0.00000e+00
1.58500e+03 3.26796e-12 0.00000e+00
1.58600e+03 3.09337e-12 0.00000e+00
1.58700e+03 2.47246e-12 0.00000e+00
1.58800e+03 2.33617e-12 0.00000e+00
1.58900e+03 3.02329e-12 0.00000e+00
1.59000e+03 4.06202e-12 0.00000e+00
1.59100e+03 2.19511e-12 0.00000e+00
1.59200e+03 2.60631e-12 0.00000e+00
1.59300e+03 3.25493e-12 0.00000e+00
1.59400e+03 2.48335e-12 0.00000e+00
1.59500e+03 2.07821e-12 0.00000e+00
1.59600e+03 2.99245e-12 0.00000e+00
1.59700e+03 3.37208e-12 0.00000e+00
1.59800e+03 3.85220e-12 0.00000e+00
1.59900e+03 2.50683e-12 0.00000e+00
1.60000e+03 2.13235e-12 0.00000e+00
1.60100e+03 3.73646e-12 0.00000e+00
1.60200e+03 3.37296e-12 0.00000e+00
1.60300e+03 3.11406e-12 0.00000e+00
1.60400e+03 2.88854e-12 0.00000e+00
1.60500e+03 2.61355e-12 0.00000e+00
1.60600e+03 3.38189e-12 0.00000e+00
1.60700e+03 3.10834e-12 0.00000e+00
1.60800e+03 2.82280e-12 0.00000e+00
1.60900e+03 2.65746e-12 0.00000e+00
1.61000e+03 3.02896e-12 0.00000e+00
1.61100e+03 2.64910e-12 0.00000e+00
1.61200e+03 1.88443e-12 0.00000e+00
1.61300e+03 2.95079e-12 0.00000e+00
1.61400e+03 2.98275e-12 0.00000e+00
1.61500e+03 1.84790e-12 0.00000e+00
1.61600e+03 3.04374e-12 0.00000e+00
1.61700e+03 3.81895e-12 0.00000e+00
1.61800e+03 2.96745e-12 0.00000e+00
1.61900e+03 2.89960e-12 0.00000e+00
1.62000e+03 2.46493e-12 0.00000e+00
1.62100e+03 1.82926e-12 0.00000e+00
1.62200e+03 3.99653e-12 0.00000e+00
1.62300e+03 2.89836e-12 0.00000e+00
1.62400e+03 2.95192e-12 0.00000e+00
1.62500e+03 3.10619e-12 0.00000e+00
1.62600e+03 2.54602e-12 0.00000e+00
1.62700e+03 3.12082e-12 0.00000e+00
1.62800e+03 2.98064e-12 0.00000e+00
1.62900e+03 1.91894e-12 0.00000e+00
1.63000e+03 3.30735e-12 0.00000e+00
1.63100e+03 2.81346e-12 0.00000e+00
1.63200e+03 3.35913e-12 0.00000e+00
1.63300e+03 3.84331e-12 0.00000e+00
1.63400e+03 2.93929e-12 0.00000e+00
1.63500e+03 1.81428e-12 0.00000e+00
1.63600e+03 3.04055e-12 0.00000e+00
1.63700e+03 3.56982e-12 0.00000e+00
1.63800e+03 2.72987e-12 0.00000e+00
1.63900e+03 3.57204e-12 0.00000e+00
1.64000e+03 2.34334e-12 0.00000e+00
1.64100e+03 2.52083e-12 0.00000e+00
1.64200e+03 3.19044e-12 0.00000e+00
1.64300e+03 3.17306e-12 0.00000e+00
1.64400e+03 3.57758e-12 0.00000e+00
1.64500e+03 2.33278e-12 0.00000e+00
1.64600e+03 1.99837e-12 0.00000e+00
1.64700e+03 2.42019e-12 0.00000e+00
1.64800e+03 2.83782e-12 0.00000e+00
1.64900e+03 2.47791e-12 0.00000e+00
1.65000e+03 2.59704e-12 0.00000e+00
1.65100e+03 2.91988e-12 0.00000e+00
1.65200e+03 1.95044e-12 0.00000e+00
1.65300e+03 2.54539e-12 0.00000e+00
1.65400e+03 2.72080e-12 0.00000e+00
1.65500e+03 3.52600e-12 0.00000e+00
1.65600e+03 1.71166e-12 0.00000e+00
1.65700e+03 3.33003e-12 0.00000e+00
1.65800e+03 2.44363e-12 0.00000e+00
1.65900e+03 2.07866e-12 0.00000e+00
1.66000e+03 2.48357e-12 0.00000e+00
1.66100e+03 2.63787e-12 0.00000e+00
1.66200e+03 1.94722e-12 0.00000e+00
1.66300e+03 3.16765e-12 0.00000e+00
1.66400e+03 1.40662e-12 0.00000e+00
1.66500e+03 2.25105e-12 0.00000e+00
1.66600e+03 2.94304e-12 0.00000e+00
1.66700e+03 2.89137e-12 0.00000e+00
1.66800e+03 2.91528e-12 0.00000e+00
1.66900e+03 2.77785e-12 0.00000e+00
1.67000e+03 2.14943e-12 0.00000e+00
1.67100e+03 2.48169e-12 0.00000e+00
1.67200e+03 2.65262e-12 0.00000e+00
1.67300e+03 2.16764e-12 0.00000e+00
1.67400e+03 2.92190e-12 0.00000e+00
1.67500e+03 2.85506e-12 0.00000e+00
1.67600e+03 2.35032e-12 0.00000e+00
1.67700e+03 2.69045e-12 0.00000e+00
1.67800e+03 2.96628e-12 0.00000e+00
1.67900e+03 1.39211e-12 0.00000e+00
1.68000e+03 2.79935e-12 0.00000e+00
1.68100e+03 2.33215e-12 0.00000e+00
1.68200e+03 3.46963e-12 0.00000e+00
1.68300e+03 2.24018e-12 0.00000e+00
1.68400e+03 1.97177e-12 0.00000e+00
1.68500e+03 2.36311e-12 0.00000e+00
1.68600e+03 2.66467e-12 0.00000e+00
1.68700e+03 1.95943e-12 0.00000e+00
1.68800e+03 2.86743e-12 0.00000e+00
1.68900e+03 3.26047e-12 0.00000e+00
1.69000e+03 2.31812e-12 0.00000e+00
1.69100e+03 2.50013e-12 0.00000e+00
1.69200e+03 2.55048e-12 0.00000e+00
1.69300e+03 2.23794e-12 0.00000e+00
1.69400e+03 3.00644e-12 0.00000e+00
1.69500e+03 2.59320e-12 0.00000e+00
1.69600e+03 2.66656e-12 0.00000e+00
1.69700e+03 2.55197e-12 0.00000e+00
1.69800e+03 2.39651e-12 0.00000e+00
1.69900e+03 2.52289e-12 0.00000e+00
1.70000e+03 1.92915e-12 0.00000e+00
1.70100e+03 2.63419e-12 0.00000e+00
1.70200e+03 1.78351e-12 0.00000e+00
1.70300e+03 3.51187e-12 0.00000e+00
1.70400e+03 2.57675e-12 0.00000e+00
1.70500e+03 1.89703e-12 0.00000e+00
1.70600e+03 1.92057e-12 0.00000e+00
1.70700e+03 2.90249e-12 0.00000e+00
1.70800e+03 3.26247e-12 0.00000e+00
1.70900e+03 2.24447e-12 0.00000e+00
1.71000e+03 1.48902e-12 0.00000e+00
1.71100e+03 1.57391e-12 0.00000e+00
1.71200e+03 2.74093e-12 0.00000e+00
1.71300e+03 2.57384e-12 0.00000e+00
1.71400e+03 3.08832e-12 0.00000e+00
1.71500e+03 2.20699e-12 0.00000e+00
1.71600e+03 1.95175e-12 0.00000e+00
1.71700e+03 1.71392e-12 0.00000e+00
1.71800e+03 2.34143e-12 0.00000e+00
1.71900e+03 1.56641e-12 0.00000e+00
1.72000e+03 2.62563e-12 0.00000e+00
1.72100e+03 2.24650e-12 0.00000e+00
1.72200e+03 2.44528e-12 0.00000e+00
1.72300e+03 2.52723e-12 0.00000e+00
1.72400e+03 2.54654e-12 0.00000e+00
1.72500e+03 2.21550e-12 0.00000e+00
1.72600e+03 2.42045e-12 0.00000e+00
1.72700e+03 1.87825e-12 0.00000e+00
1.72800e+03 2.64037e-12 0.00000e+00
1.72900e+03 1.17780e-12 0.00000e+00
1.73000e+03 2.82789e-12 0.00000e+00
1.73100e+03 1.62085e-12 0.00000e+00
1.73200e+03 1.64991e-12 0.00000e+00
1.73300e+03 2.77335e-12 0.00000e+00
1.73400e+03 1.75439e-12 0.00000e+00
1.73500e+03 1.14602e-12 0.00000e+00
1.73600e+03 1.90999e-12 0.00000e+00
1.73700e+03 2.13374e-12 0.00000e+00
1.73800e+03 2.19672e-12 0.00000e+00
1.73900e+03 2.59164e-12 0.00000e+00
1.74000e+03 2.58033e-12 0.00000e+00
1.74100e+03 1.82693e-12 0.00000e+00
1.74200e+03 1.31203e-12 0.00000e+00
1.74300e+03 2.40362e-12 0.00000e+00
1.74400e+03 1.69709e-12 0.00000e+00
1.74500e+03 2.02336e-12 0.00000e+00
1.74600e+03 1.93908e-12 0.00000e+00
1.74700e+03 1.81824e-12 0.00000e+00
1.74800e+03 1.83888e-12 0.00000e+00
1.74900e+03 1.27960e-12 0.00000e+00
1.75000e+03 2.12264e-12 0.00000e+00
1.75100e+03 1.59681e-12 0.00000e+00
1.75200e+03 1.43105e-12 0.00000e+00
1.75300e+03 2.54438e-12 0.00000e+00
1.75400e+03 1.46132e-12 0.00000e+00
1.75500e+03 2.37651e-12 0.00000e+00
1.75600e+03 2.24597e-12 0.00000e+00
1.75700e+03 2.20114e-12 0.00000e+00
1.75800e+03 2.75682e-12 0.00000e+00
1.75900e+03 2.65635e-12 0.00000e+00
1.76000e+03 1.89211e-12 0.00000e+00
1.76100e+03 2.27396e-12 0.00000e+00
1.76200e+03 1.88716e-12 0.00000e+00
1.76300e+03 1.66582e-12 0.00000e+00
1.76400e+03 2.16583e-12 0.00000e+00
1.76500e+03 1.78236e-12 0.00000e+00
1.76600e+03 1.77305e-12 0.00000e+00
1.76700e+03 1.89885e-12 0.00000e+00
1.76800e+03 2.25017e-12 0.00000e+00
1.76900e+03 1.98154e-12 0.00000e+00
1.77000e+03 2.00678e-12 0.00000e+00
1.77100e+03 1.71680e-12 0.00000e+00
1.77200e+03 2.19216e-12 0.00000e+00
1.77300e+03 1.73721e-12 0.00000e+00
1.77400e+03 1.11351e-12 0.00000e+00
1.77500e+03 2.40859e-12 0.00000e+00
1.77600e+03 1.96935e-12 0.00000e+00
1.77700e+03 1.78431e-12 0.00000e+00
1.77800e+03 2.36847e-12 0.00000e+00
1.77900e+03 1.94554e-12 0.00000e+00
1.78000e+03 2.25346e-12 0.00000e+00
1.78100e+03 1.74736e-12 0.00000e+00
1.78200e+03 9.11355e-13 0.00000e+00
1.78300e+03 2.03223e-12 0.00000e+00
1.78400e+03 2.15630e-12 0.00000e+00
1.78500e+03 2.63818e-12 0.00000e+00
1.78600e+03 1.74680e-12 0.00000e+00
1.78700e+03 1.56656e-12 0.00000e+00
1.78800e+03 1.60180e-12 0.00000e+00
1.78900e+03 2.18322e-12 0.00000e+00
1.79000e+03 1.50741e-12 0.00000e+00
1.79100e+03 1.09341e-12 0.00000e+00
1.79200e+03 1.91180e-12 0.00000e+00
1.79300e+03 1.40154e-12 0.00000e+00
1.79400e+03 1.70499e-12 0.00000e+00
1.79500e+03 7.69867e-13 0.00000e+00
1.79600e+03 2.80329e-12 0.00000e+00
1.79700e+03 1.39097e-12 0.00000e+00
1.79800e+03 1.87859e-12 0.00000e+00
1.79900e+03 1.64680e-12 0.00000e+00
1.80000e+03 2.13664e-12 0.00000e+00
1.80100e+03 1.18206e-12 0.00000e+00
1.80200e+03 1.51519e-12 0.00000e+00
1.80300e+03 2.21987e-12 0.00000e+00
1.80400e+03 2.27728e-12 0.00000e+00
1.80500e+03 1.96581e-12 0.00000e+00
1.80600e+03 1.82615e-12 0.00000e+00
1.80700e+03 1.96865e-12 0.00000e+00
1.80800e+03 9.37043e-13 0.00000e+00
1.80900e+03 1.73466e-12 0.00000e+00
1.81000e+03 1.29738e-12 0.00000e+00
1.81100e+03 2.22195e-12 0.00000e+00
1.81200e+03 1.76300e-12 0.00000e+00
1.81300e+03 1.59698e-12 0.00000e+00
1.81400e+03 1.64464e-12 0.00000e+00
1.81500e+03 1.68304e-12 0.00000e+00
1.81600e+03 2.31281e-12 0.00000e+00
1.81700e+03 1.96464e-12 0.00000e+00
1.81800e+03 2.17048e-12 0.00000e+00
1.81900e+03 1.96133e-12 0.00000e+00
1.82000e+03 1.93261e-12 0.00000e+00
1.82100e+03 1.85087e-12 0.00000e+00
1.82200e+03 1.80763e-12 0.00000e+00
1.82300e+03 2.13382e-12 0.00000e+00
1.82400e+03 1.59527e-12 0.00000e+00
1.82500e+03 1.40716e-12 0.00000e+00
1.82600e+03 1.78162e-12 0.00000e+00
1.82700e+03 1.22112e-12 0.00000e+00
1.82800e+03 1.99268e-12 0.00000e+00
1.82900e+03 1.37347e-12 0.00000e+00
1.83000e+03 1.44607e-12 0.00000e+00
1.83100e+03 1.29694e-12 0.00000e+00
1.83200e+03 1.96900e-12 0.00000e+00
1.83300e+03 1.56909e-12 0.00000e+00
1.83400e+03 1.91446e-12 0.00000e+00
1.83500e+03 1.52828e-12 0.00000e+00
1.83600e+03 1.91054e-12 0.00000e+00
1.83700e+03 2.24623e-12 0.00000e+00
1.83800e+03 2.14671e-12 0.00000e+00
1.83900e+03 1.79580e-12 0.00000e+00
1.84000e+03 2.09639e-12 0.00000e+00
1.84100e+03 2.04636e-12 0.00000e+00
1.84200e+03 1.43184e-12 0.00000e+00
1.84300e+03 1.72948e-12 0.00000e+00
1.84400e+03 1.50829e-12 0.00000e+00
1.84500e+03 2.03751e-12 0.00000e+00
1.84600e+03 1.68032e-12 0.00000e+00
1.84700e+03 1.31322e-12 0.00000e+00
1.84800e+03 1.29526e-12 0.00000e+00
1.84900e+03 2.10576e-12 0.00000e+00
1.85000e+03 1.83356e-12 0.00000e+00
1.85100e+03 9.07548e-13 0.00000e+00
1.85200e+03 6.37464e-13 0.00000e+00
1.85300e+03 1.46095e-12 0.00000e+00
1.85400e+03 1.98009e-12 0.00000e+00
1.85500e+03 1.60114e-12 0.00000e+00
1.85600e+03 1.80394e-12 0.00000e+00
1.85700e+03 1.72142e-12 0.00000e+00
1.85800e+03 9.12871e-13 0.00000e+00
1.85900e+03 1.96181e-12 0.00000e+00
1.86000e+03 1.72886e-12 0.00000e+00
1.86100e+03 1.54414e-12 0.00000e+00
1.86200e+03 1.63670e-12 0.00000e+00
1.86300e+03 1.92630e-12 0.00000e+00
1.86400e+03 1.65058e-12 0.00000e+00
1.86500e+03 1.53889e-12 0.00000e+00
1.86600e+03 1.43602e-12 0.00000e+00
1.86700e+03 2.01357e-12 0.00000e+00
1.86800e+03 1.78005e-12 0.00000e+00
1.86900e+03 1.26782e-12 0.00000e+00
1.87000e+03 1.31315e-12 0.00000e+00
1.87100e+03 1.48853e-12 0.00000e+00
1.87200e+03 1.75168e-12 0.00000e+00
1.87300e+03 1.05518e-12 0.00000e+00
1.87400e+03 1.55551e-12 0.00000e+00
1.87500e+03 1.23462e-12 0.00000e+00
1.87600e+03 1.49330e-12 0.00000e+00
1.87700e+03 1.40314e-12 0.00000e+00
1.87800e+03 1.60500e-12 0.00000e+00
1.87900e+03 2.12819e-12 0.00000e+00
1.88000e+03 1.38478e-12 0.00000e+00
1.88100e+03 1.41310e-12 0.00000e+00
1.88200e+03 1.38684e-12 0.00000e+00
1.88300e+03 1.60266e-12 0.00000e+00
1.88400e+03 1.78429e-12 0.00000e+00
1.88500e+03 1.29066e-12 0.00000e+00
1.88600e+03 1.33007e-12 0.00000e+00
1.88700e+03 2.28620e-12 0.00000e+00
1.88800e+03 1.95798e-12 0.00000e+00
1.88900e+03 2.11329e-12 0.00000e+00
1.89000e+03 9.56125e-13 0.00000e+00
1.89100e+03 1.47806e-12 0.00000e+00
1.89200e+03 1.84643e-12 0.00000e+00
1.89300e+03 1.64565e-12 0.00000e+00
1.89400e+03 1.72310e-12 0.00000e+00
1.89500e+03 1.01048e-12 0.00000e+00
1.89600e+03 1.70402e-12 0.00000e+00
1.89700e+03 1.52216e-12 0.00000e+00
1.89800e+03 1.16256e-12 0.00000e+00
1.89900e+03 1.37812e-12 0.00000e+00
1.90000e+03 8.39651e-13 0.00000e+00
1.90100e+03 1.11809e-12 0.00000e+00
1.90200e+03 2.11664e-12 0.00000e+00
1.90300e+03 1.79768e-12 0.00000e+00
1.90400e+03 1.32855e-12 0.00000e+00
1.90500e+03 1.27095e-12 0.00000e+00
1.90600e+03 1.92766e-12 0.00000e+00
1.90700e+03 1.14362e-12 0.00000e+00
1.90800e+03 1.39762e-12 0.00000e+00
1.90900e+03 1.57881e-12 0.00000e+00
1.91000e+03 1.27179e-12 0.00000e+00
1.91100e+03 1.26943e-12 0.00000e+00
1.91200e+03 1.26096e-12 0.00000e+00
1.91300e+03 1.42895e-12 0.00000e+00
1.91400e+03 1.47320e-12 0.00000e+00
1.91500e+03 1.26424e-12 0.00000e+00
1.91600e+03 1.53084e-12 0.00000e+00
1.91700e+03 1.29559e-12 0.00000e+00
1.91800e+03 1.24170e-12 0.00000e+00
1.91900e+03 1.40505e-12 0.00000e+00
1.92000e+03 1.17825e-12 0.00000e+00
1.92100e+03 1.54756e-12 0.00000e+00
1.92200e+03 1.52203e-12 0.00000e+00
1.92300e+03 1.11721e-12 0.00000e+00
1.92400e+03 1.78181e-12 0.00000e+00
1.92500e+03 1.15724e-12 0.00000e+00
1.92600e+03 7.28334e-13 0.00000e+00
1.92700e+03 1.30052e-12 0.00000e+00
1.92800e+03 1.36578e-12 0.00000e+00
1.92900e+03 1.68002e-12 0.00000e+00
1.93000e+03 1.57882e-12 0.00000e+00
1.93100e+03 1.08843e-12 0.00000e+00
1.93200e+03 1.76978e-12 0.00000e+00
1.93300e+03 9.86524e-13 0.00000e+00
1.93400e+03 1.19374e-12 0.00000e+00
1.93500e+03 1.14419e-12 0.00000e+00
1.93600e+03 1.29536e-12 0.00000e+00
1.93700e+03 1.46255e-12 0.00000e+00
1.93800e+03 8.67195e-13 0.00000e+00
1.93900e+03 1.34896e-12 0.00000e+00
1.94000e+03 8.03897e-13 0.00000e+00
1.94100e+03 1.40261e-12 0.00000e+00
1.94200e+03 1.36152e-12 0.00000e+00
1.94300e+03 1.46187e-12 0.00000e+00
1.94400e+03 1.37033e-12 0.00000e+00
1.94500e+03 1.60278e-12 0.00000e+00
1.94600e+03 1.29798e-12 0.00000e+00
1.94700e+03 9.68207e-13 0.00000e+00
1.94800e+03 1.72627e-12 0.00000e+00
1.94900e+03 1.23704e-12 0.00000e+00
1.95000e+03 1.03620e-12 0.00000e+00
1.95100e+03 1.51522e-12 0.00000e+00
1.95200e+03 1.50795e-12 0.00000e+00
1.95300e+03 1.15247e-12 0.00000e+00
1.95400e+03 8.43967e-13 0.00000e+00
1.95500e+03 1.38703e-12 0.00000e+00
1.95600e+03 1.10563e-12 0.00000e+00
1.95700e+03 1.26722e-12 0.00000e+00
1.95800e+03 1.14795e-12 0.00000e+00
1.95900e+03 9.49127e-13 0.00000e+00
1.96000e+03 8.86770e-13 0.00000e+00
1.96100e+03 1.25103e-12 0.00000e+00
1.96200e+03 1.01137e-12 0.00000e+00
1.96300e+03 1.46453e-12 0.00000e+00
1.96400e+03 1.26651e-12 0.00000e+00
1.96500e+03 1.43635e-12 0.00000e+00
1.96600e+03 1.66313e-12 0.00000e+00
1.96700e+03 7.91368e-13 0.00000e+00
1.96800e+03 1.19834e-12 0.00000e+00
1.96900e+03 1.45137e-12 0.00000e+00
1.97000e+03 1.22561e-12 0.00000e+00
1.97100e+03 7.88498e-13 0.00000e+00
1.97200e+03 9.68857e-13 0.00000e+00
1.97300e+03 6.57162e-13 0.00000e+00
1.97400e+03 9.46392e-13 0.00000e+00
1.97500e+03 1.38135e-12 0.00000e+00
1.97600e+03 1.18502e-12 0.00000e+00
1.97700e+03 1.60154e-12 0.00000e+00
1.97800e+03 9.83694e-13 0.00000e+00
1.97900e+03 8.29946e-13 0.00000e+00
1.98000e+03 1.17907e-12 0.00000e+00
1.98100e+03 1.11203e-12 0.00000e+00
1.98200e+03 1.00798e-12 0.00000e+00
1.98300e+03 1.58114e-12 0.00000e+00
1.98400e+03 1.26466e-12 0.00000e+00
1.98500e+03 1.30319e-12 0.00000e+00
1.98600e+03 1.01375e-12 0.00000e+00
1.98700e+03 9.22303e-13 0.00000e+00
1.98800e+03 1.31185e-12 0.00000e+00
1.98900e+03 1.30697e-12 0.00000e+00
1.99000e+03 1.07225e-12 0.00000e+00
1.99100e+03 1.00727e-12 0.00000e+00
1.99200e+03 9.51142e-13 0.00000e+00
1.99300e+03 1.38624e-12 0.00000e+00
1.99400e+03 1.55941e-12 0.00000e+00
1.99500e+03 1.00318e-12 0.00000e+00
1.99600e+03 1.33644e-12 0.00000e+00
1.99700e+03 8.64890e-13 0.00000e+00
1.99800e+03 1.06014e-12 0.00000e+00
1.99900e+03 8.30981e-13 0.00000e+00
2.00000e+03 1.21411e-12 0.00000e+00
