0.00000e+00 0.00000e+00 0.00000e+00
1.00000e+00 0.00000e+00 0.00000e+00
2.00000e+00 0.00000e+00 0.00000e+00
3.00000e+00 0.00000e+00 0.00000e+00
4.00000e+00 0.00000e+00 0.00000e+00
5.00000e+00 0.00000e+00 0.00000e+00
6.00000e+00 0.00000e+00 0.00000e+00
7.00000e+00 0.00000e+00 0.00000e+00
8.00000e+00 0.00000e+00 0.00000e+00
9.00000e+00 0.00000e+00 0.00000e+00
1.00000e+01 0.00000e+00 0.00000e+00
1.10000e+01 0.00000e+00 0.00000e+00
1.20000e+01 0.00000e+00 0.00000e+00
1.30000e+01 0.00000e+00 0.00000e+00
1.40000e+01 0.00000e+00 0.00000e+00
1.50000e+01 0.00000e+00 0.00000e+00
1.60000e+01 0.00000e+00 0.00000e+00
1.70000e+01 0.00000e+00 0.00000e+00
1.80000e+01 0.00000e+00 0.00000e+00
1.90000e+01 0.00000e+00 0.00000e+00
2.00000e+01 0.00000e+00 0.00000e+00
2.10000e+01 0.00000e+00 0.00000e+00
2.20000e+01 0.00000e+00 0.00000e+00
2.30000e+01 0.00000e+00 0.00000e+00
2.40000e+01 0.00000e+00 0.00000e+00
2.50000e+01 0.00000e+00 0.00000e+00
2.60000e+01 0.00000e+00 0.00000e+00
2.70000e+01 0.00000e+00 0.00000e+00
2.80000e+01 0.00000e+00 0.00000e+00
2.90000e+01 0.00000e+00 0.00000e+00
3.00000e+01 0.00000e+00 0.00000e+00
3.10000e+01 0.00000e+00 0.00000e+00
3.20000e+01 0.00000e+00 0.00000e+00
3.30000e+01 0.00000e+00 0.00000e+00
3.40000e+01 0.00000e+00 0.00000e+00
3.50000e+01 0.00000e+00 0.00000e+00
3.60000e+01 0.00000e+00 0.00000e+00
3.70000e+01 0.00000e+00 0.00000e+00
3.80000e+01 0.00000e+00 0.00000e+00
3.90000e+01 0.00000e+00 0.00000e+00
4.00000e+01 0.00000e+00 0.00000e+00
4.10000e+01 0.00000e+00 0.00000e+00
4.20000e+01 0.00000e+00 0.00000e+00
4.30000e+01 0.00000e+00 0.00000e+00
4.40000e+01 0.00000e+00 0.00000e+00
4.50000e+01 0.00000e+00 0.00000e+00
4.60000e+01 0.00000e+00 0.00000e+00
4.70000e+01 0.00000e+00 0.00000e+00
4.80000e+01 0.00000e+00 0.00000e+00
4.90000e+01 0.00000e+00 0.00000e+00
5.00000e+01 0.00000e+00 0.00000e+00
5.10000e+01 0.00000e+00 0.00000e+00
5.20000e+01 0.00000e+00 0.00000e+00
5.30000e+01 0.00000e+00 0.00000e+00
5.40000e+01 0.00000e+00 0.00000e+00
5.50000e+01 0.00000e+00 0.00000e+00
5.60000e+01 0.00000e+00 0.00000e+00
5.70000e+01 0.00000e+00 0.00000e+00
5.80000e+01 0.00000e+00 0.00000e+00
5.90000e+01 0.00000e+00 0.00000e+00
6.00000e+01 0.00000e+00 0.00000e+00
6.10000e+01 0.00000e+00 0.00000e+00
6.20000e+01 0.00000e+00 0.00000e+00
6.30000e+01 0.00000e+00 0.00000e+00
6.40000e+01 0.00000e+00 0.00000e+00
6.50000e+01 0.00000e+00 0.00000e+00
6.60000e+01 0.00000e+00 0.00000e+00
6.70000e+01 0.00000e+00 0.00000e+00
6.80000e+01 0.00000e+00 0.00000e+00
6.90000e+01 0.00000e+00 0.00000e+00
7.00000e+01 0.00000e+00 0.00000e+00
7.10000e+01 0.00000e+00 0.00000e+00
7.20000e+01 0.00000e+00 0.00000e+00
7.30000e+01 0.00000e+00 0.00000e+00
7.40000e+01 0.00000e+00 0.00000e+00
7.50000e+01 0.00000e+00 0.00000e+00
7.60000e+01 0.00000e+00 0.00000e+00
7.70000e+01 0.00000e+00 0.00000e+00
7.80000e+01 0.00000e+00 0.00000e+00
7.90000e+01 0.00000e+00 0.00000e+00
8.00000e+01 0.00000e+00 0.00000e+00
8.10000e+01 0.00000e+00 0.00000e+00
8.20000e+01 0.00000e+00 0.00000e+00
8.30000e+01 0.00000e+00 0.00000e+00
8.40000e+01 0.00000e+00 0.00000e+00
8.50000e+01 0.00000e+00 0.00000e+00
8.60000e+01 0.00000e+00 0.00000e+00
8.70000e+01 0.00000e+00 0.00000e+00
8.80000e+01 0.00000e+00 0.00000e+00
8.90000e+01 0.00000e+00 0.00000e+00
9.00000e+01 0.00000e+00 0.00000e+00
9.10000e+01 0.00000e+00 0.00000e+00
9.20000e+01 0.00000e+00 0.00000e+00
9.30000e+01 0.00000e+00 0.00000e+00
9.40000e+01 0.00000e+00 0.00000e+00
9.50000e+01 0.00000e+00 0.00000e+00
9.60000e+01 0.00000e+00 0.00000e+00
9.70000e+01 0.00000e+00 0.00000e+00
9.80000e+01 0.00000e+00 0.00000e+00
9.90000e+01 0.00000e+00 0.00000e+00
1.00000e+02 1.72058e-11 0.00000e+00
1.01000e+02 2.49141e-11 0.00000e+00
1.02000e+02 1.96939e-11 0.00000e+00
1.03000e+02 1.71782e-11 0.00000e+00
1.04000e+02 1.89928e-11 0.00000e+00
1.05000e+02 2.20022e-11 0.00000e+00
1.06000e+02 2.01255e-11 0.00000e+00
1.07000e+02 2.09552e-11 0.00000e+00
1.08000e+02 2.01780e-11 0.00000e+00
1.09000e+02 2.54032e-11 0.00000e+00
1.10000e+02 2.36070e-11 0.00000e+00
1.11000e+02 2.62818e-11 0.00000e+00
1.12000e+02 1.83112e-11 0.00000e+00
1.13000e+02 3.06711e-11 0.00000e+00
1.14000e+02 2.41198e-11 0.00000e+00
1.15000e+02 2.69394e-11 0.00000e+00
1.16000e+02 2.04471e-11 0.00000e+00
1.17000e+02 1.99687e-11 0.00000e+00
1.18000e+02 1.54709e-11 0.00000e+00
1.19000e+02 2.02623e-11 0.00000e+00
1.20000e+02 2.05423e-11 0.00000e+00
1.21000e+02 2.04602e-11 0.00000e+00
1.22000e+02 2.00071e-11 0.00000e+00
1.23000e+02 1.91934e-11 0.00000e+00
1.24000e+02 2.26351e-11 0.00000e+00
1.25000e+02 1.72221e-11 0.00000e+00
1.26000e+02 1.45310e-11 0.00000e+00
1.27000e+02 2.00142e-11 0.00000e+00
1.28000e+02 1.77931e-11 0.00000e+00
1.29000e+02 1.40540e-11 0.00000e+00
1.30000e+02 1.61362e-11 0.00000e+00
1.31000e+02 2.16225e-11 0.00000e+00
1.32000e+02 1.50768e-11 0.00000e+00
1.33000e+02 1.79209e-11 0.00000e+00
1.34000e+02 1.85300e-11 0.00000e+00
1.35000e+02 1.31898e-11 0.00000e+00
1.36000e+02 1.79896e-11 0.00000e+00
1.37000e+02 1.51468e-11 0.00000e+00
1.38000e+02 1.86470e-11 0.00000e+00
1.39000e+02 1.62322e-11 0.00000e+00
1.40000e+02 1.57763e-11 0.00000e+00
1.41000e+02 1.69272e-11 0.00000e+00
1.42000e+02 1.54184e-11 0.00000e+00
1.43000e+02 1.77329e-11 0.00000e+00
1.44000e+02 1.55738e-11 0.00000e+00
1.45000e+02 1.80131e-11 0.00000e+00
1.46000e+02 1.88406e-11 0.00000e+00
1.47000e+02 1.33292e-11 0.00000e+00
1.48000e+02 1.75866e-11 0.00000e+00
1.49000e+02 1.41120e-11 0.00000e+00
1.50000e+02 1.78701e-11 0.00000e+00
1.51000e+02 1.44265e-11 0.00000e+00
1.52000e+02 1.35461e-11 0.00000e+00
1.53000e+02 1.29404e-11 0.00000e+00
1.54000e+02 1.72324e-11 0.00000e+00
1.55000e+02 1.52496e-11 0.00000e+00
1.56000e+02 1.19806e-11 0.00000e+00
1.57000e+02 1.58873e-11 0.00000e+00
1.58000e+02 1.32470e-11 0.00000e+00
1.59000e+02 1.39743e-11 0.00000e+00
1.60000e+02 1.50670e-11 0.00000e+00
1.61000e+02 1.29475e-11 0.00000e+00
1.62000e+02 1.44559e-11 0.00000e+00
1.63000e+02 1.41559e-11 0.00000e+00
1.64000e+02 1.64694e-11 0.00000e+00
1.65000e+02 1.04224e-11 0.00000e+00
1.66000e+02 1.19959e-11 0.00000e+00
1.67000e+02 1.61410e-11 0.00000e+00
1.68000e+02 1.16374e-11 0.00000e+00
1.69000e+02 1.51056e-11 0.00000e+00
1.70000e+02 1.66235e-11 0.00000e+00
1.71000e+02 1.39581e-11 0.00000e+00
1.72000e+02 1.42495e-11 0.00000e+00
1.73000e+02 1.46064e-11 0.00000e+00
1.74000e+02 1.13892e-11 0.00000e+00
1.75000e+02 1.36983e-11 0.00000e+00
1.76000e+02 1.41049e-11 0.00000e+00
1.77000e+02 1.10612e-11 0.00000e+00
1.78000e+02 1.31818e-11 0.00000e+00
1.79000e+02 1.42137e-11 0.00000e+00
1.80000e+02 1.61842e-11 0.00000e+00
1.81000e+02 1.23581e-11 0.00000e+00
1.82000e+02 1.62559e-11 0.00000e+00
1.83000e+02 1.22393e-11 0.00000e+00
1.84000e+02 1.45586e-11 0.00000e+00
1.85000e+02 1.39077e-11 0.00000e+00
1.86000e+02 1.27933e-11 0.00000e+00
1.87000e+02 1.26839e-11 0.00000e+00
1.88000e+02 1.51968e-11 0.00000e+00
1.89000e+02 1.31047e-11 0.00000e+00
1.90000e+02 1.08887e-11 0.00000e+00
1.91000e+02 8.75707e-12 0.00000e+00
1.92000e+02 1.00824e-11 0.00000e+00
1.93000e+02 1.27236e-11 0.00000e+00
1.94000e+02 1.09690e-11 0.00000e+00
1.95000e+02 1.12254e-11 0.00000e+00
1.96000e+02 1.09316e-11 0.00000e+00
1.97000e+02 8.77229e-12 0.00000e+00
1.98000e+02 1.35444e-11 0.00000e+00
1.99000e+02 1.14921e-11 0.00000e+00
2.00000e+02 1.08962e-11 0.00000e+00
2.01000e+02 1.19466e-11 0.00000e+00
2.02000e+02 9.32897e-12 0.00000e+00
2.03000e+02 1.23717e-11 0.00000e+00
2.04000e+02 1.09401e-11 0.00000e+00
2.05000e+02 9.67363e-12 0.00000e+00
2.06000e+02 1.35093e-11 0.00000e+00
2.07000e+02 1.02791e-11 0.00000e+00
2.08000e+02 1.09542e-11 0.00000e+00
2.09000e+02 8.96055e-12 0.00000e+00
2.10000e+02 1.41172e-11 0.00000e+00
2.11000e+02 9.79486e-12 0.00000e+00
2.12000e+02 1.23487e-11 0.00000e+00
2.13000e+02 9.53338e-12 0.00000e+00
2.14000e+02 1.08455e-11 0.00000e+00
2.15000e+02 9.70116e-12 0.00000e+00
2.16000e+02 1.22029e-11 0.00000e+00
2.17000e+02 1.08937e-11 0.00000e+00
2.18000e+02 1.18770e-11 0.00000e+00
2.19000e+02 1.15650e-11 0.00000e+00
2.20000e+02 9.41650e-12 0.00000e+00
2.21000e+02 1.07561e-11 0.00000e+00
2.22000e+02 1.06678e-11 0.00000e+00
2.23000e+02 1.03218e-11 0.00000e+00
2.24000e+02 1.13426e-11 0.00000e+00
2.25000e+02 1.07893e-11 0.00000e+00
2.26000e+02 1.10300e-11 0.00000e+00
2.27000e+02 1.06176e-11 0.00000e+00
2.28000e+02 9.34632e-12 0.00000e+00
2.29000e+02 1.14097e-11 0.00000e+00
2.30000e+02 1.04718e-11 0.00000e+00
2.31000e+02 1.22545e-11 0.00000e+00
2.32000e+02 1.04168e-11 0.00000e+00
2.33000e+02 9.67150e-12 0.00000e+00
2.34000e+02 1.01268e-11 0.00000e+00
2.35000e+02 9.71224e-12 0.00000e+00
2.36000e+02 1.00352e-11 0.00000e+00
2.37000e+02 8.27856e-12 0.00000e+00
2.38000e+02 9.18539e-12 0.00000e+00
2.39000e+02 1.05094e-11 0.00000e+00
2.40000e+02 9.37560e-12 0.00000e+00
2.41000e+02 1.19098e-11 0.00000e+00
2.42000e+02 1.05708e-11 0.00000e+00
2.43000e+02 9.55573e-12 0.00000e+00
2.44000e+02 8.30210e-12 0.00000e+00
2.45000e+02 1.10758e-11 0.00000e+00
2.46000e+02 1.05030e-11 0.00000e+00
2.47000e+02 9.29249e-12 0.00000e+00
2.48000e+02 9.51052e-12 0.00000e+00
2.49000e+02 9.43335e-12 0.00000e+00
2.50000e+02 8.95973e-12 0.00000e+00
2.51000e+02 1.10457e-11 0.00000e+00
2.52000e+02 9.37616e-12 0.00000e+00
2.53000e+02 8.59534e-12 0.00000e+00
2.54000e+02 9.75875e-12 0.00000e+00
2.55000e+02 9.23735e-12 0.00000e+00
2.56000e+02 8.54283e-12 0.00000e+00
2.57000e+02 9.04487e-12 0.00000e+00
2.58000e+02 8.29577e-12 0.00000e+00
2.59000e+02 9.71723e-12 0.00000e+00
2.60000e+02 1.07243e-11 0.00000e+00
2.61000e+02 9.39029e-12 0.00000e+00
2.62000e+02 8.41007e-12 0.00000e+00
2.63000e+02 1.01982e-11 0.00000e+00
2.64000e+02 8.72010e-12 0.00000e+00
2.65000e+02 9.58334e-12 0.00000e+00
2.66000e+02 9.36500e-12 0.00000e+00
2.67000e+02 1.02258e-11 0.00000e+00
2.68000e+02 8.19503e-12 0.00000e+00
2.69000e+02 8.97088e-12 0.00000e+00
2.70000e+02 9.66151e-12 0.00000e+00
2.71000e+02 9.08664e-12 0.00000e+00
2.72000e+02 7.84415e-12 0.00000e+00
2.73000e+02 9.66909e-12 0.00000e+00
2.74000e+02 9.99209e-12 0.00000e+00
2.75000e+02 8.69300e-12 0.00000e+00
2.76000e+02 7.96123e-12 0.00000e+00
2.77000e+02 7.90697e-12 0.00000e+00
2.78000e+02 9.12041e-12 0.00000e+00
2.79000e+02 9.11896e-12 0.00000e+00
2.80000e+02 7.79251e-12 0.00000e+00
2.81000e+02 9.46472e-12 0.00000e+00
2.82000e+02 8.01342e-12 0.00000e+00
2.83000e+02 7.02592e-12 0.00000e+00
2.84000e+02 8.03481e-12 0.00000e+00
2.85000e+02 9.26023e-12 0.00000e+00
2.86000e+02 1.06044e-11 0.00000e+00
2.87000e+02 8.05887e-12 0.00000e+00
2.88000e+02 9.16255e-12 0.00000e+00
2.89000e+02 7.37273e-12 0.00000e+00
2.90000e+02 9.66553e-12 0.00000e+00
2.91000e+02 7.56558e-12 0.00000e+00
2.92000e+02 8.41520e-12 0.00000e+00
2.93000e+02 7.29473e-12 0.00000e+00
2.94000e+02 8.16260e-12 0.00000e+00
2.95000e+02 8.72894e-12 0.00000e+00
2.96000e+02 9.21277e-12 0.00000e+00
2.97000e+02 7.29723e-12 0.00000e+00
2.98000e+02 9.32303e-12 0.00000e+00
2.99000e+02 8.64171e-12 0.00000e+00
3.00000e+02 7.28803e-12 0.00000e+00
3.01000e+02 7.93399e-12 0.00000e+00
3.02000e+02 8.63846e-12 0.00000e+00
3.03000e+02 7.66632e-12 0.00000e+00
3.04000e+02 8.38463e-12 0.00000e+00
3.05000e+02 7.73670e-12 0.00000e+00
3.06000e+02 9.47053e-12 0.00000e+00
3.07000e+02 8.70712e-12 0.00000e+00
3.08000e+02 8.51804e-12 0.00000e+00
3.09000e+02 8.98440e-12 0.00000e+00
3.10000e+02 9.31664e-12 0.00000e+00
3.11000e+02 6.82484e-12 0.00000e+00
3.12000e+02 8.02054e-12 0.00000e+00
3.13000e+02 8.77668e-12 0.00000e+00
3.14000e+02 6.40531e-12 0.00000e+00
3.15000e+02 7.13781e-12 0.00000e+00
3.16000e+02 8.24097e-12 0.00000e+00
3.17000e+02 6.93414e-12 0.00000e+00
3.18000e+02 8.13229e-12 0.00000e+00
3.19000e+02 6.98661e-12 0.00000e+00
3.20000e+02 7.62370e-12 0.00000e+00
3.21000e+02 7.81610e-12 0.00000e+00
3.22000e+02 8.52655e-12 0.00000e+00
3.23000e+02 7.95548e-12 0.00000e+00
3.24000e+02 6.52030e-12 0.00000e+00
3.25000e+02 6.93038e-12 0.00000e+00
3.26000e+02 6.88043e-12 0.00000e+00
3.27000e+02 7.98152e-12 0.00000e+00
3.28000e+02 6.78539e-12 0.00000e+00
3.29000e+02 7.42171e-12 0.00000e+00
3.30000e+02 6.52559e-12 0.00000e+00
3.31000e+02 8.35739e-12 0.00000e+00
3.32000e+02 5.97062e-12 0.00000e+00
3.33000e+02 6.95410e-12 0.00000e+00
3.34000e+02 7.90661e-12 0.00000e+00
3.35000e+02 7.70234e-12 0.00000e+00
3.36000e+02 8.33340e-12 0.00000e+00
3.37000e+02 9.14352e-12 0.00000e+00
3.38000e+02 6.43362e-12 0.00000e+00
3.39000e+02 7.04478e-12 0.00000e+00
3.40000e+02 7.13305e-12 0.00000e+00
3.41000e+02 7.86905e-12 0.00000e+00
3.42000e+02 6.70831e-12 0.00000e+00
3.43000e+02 6.88974e-12 0.00000e+00
3.44000e+02 7.17512e-12 0.00000e+00
3.45000e+02 6.83436e-12 0.00000e+00
3.46000e+02 7.41074e-12 0.00000e+00
3.47000e+02 5.40672e-12 0.00000e+00
3.48000e+02 7.01290e-12 0.00000e+00
3.49000e+02 6.65744e-12 0.00000e+00
3.50000e+02 6.71459e-12 0.00000e+00
3.51000e+02 6.61327e-12 0.00000e+00
3.52000e+02 7.80480e-12 0.00000e+00
3.53000e+02 6.58362e-12 0.00000e+00
3.54000e+02 6.48092e-12 0.00000e+00
3.55000e+02 6.80805e-12 0.00000e+00
3.56000e+02 7.08044e-12 0.00000e+00
3.57000e+02 5.67426e-12 0.00000e+00
3.58000e+02 7.82080e-12 0.00000e+00
3.59000e+02 6.06908e-12 0.00000e+00
3.60000e+02 6.69428e-12 0.00000e+00
3.61000e+02 6.14685e-12 0.00000e+00
3.62000e+02 7.01566e-12 0.00000e+00
3.63000e+02 6.65957e-12 0.00000e+00
3.64000e+02 6.12441e-12 0.00000e+00
3.65000e+02 5.91515e-12 0.00000e+00
3.66000e+02 6.80101e-12 0.00000e+00
3.67000e+02 6.85845e-12 0.00000e+00
3.68000e+02 7.89355e-12 0.00000e+00
3.69000e+02 6.63377e-12 0.00000e+00
3.70000e+02 6.30895e-12 0.00000e+00
3.71000e+02 5.68335e-12 0.00000e+00
3.72000e+02 6.65452e-12 0.00000e+00
3.73000e+02 6.05792e-12 0.00000e+00
3.74000e+02 6.72367e-12 0.00000e+00
3.75000e+02 6.45137e-12 0.00000e+00
3.76000e+02 6.76922e-12 0.00000e+00
3.77000e+02 6.56044e-12 0.00000e+00
3.78000e+02 7.00156e-12 0.00000e+00
3.79000e+02 5.54761e-12 0.00000e+00
3.80000e+02 7.00008e-12 0.00000e+00
3.81000e+02 6.20679e-12 0.00000e+00
3.82000e+02 6.67026e-12 0.00000e+00
3.83000e+02 7.40111e-12 0.00000e+00
3.84000e+02 5.77821e-12 0.00000e+00
3.85000e+02 5.89006e-12 0.00000e+00
3.86000e+02 5.67080e-12 0.00000e+00
3.87000e+02 6.14499e-12 0.00000e+00
3.88000e+02 6.44793e-12 0.00000e+00
3.89000e+02 6.03698e-12 0.00000e+00
3.90000e+02 5.90789e-12 0.00000e+00
3.91000e+02 5.39314e-12 0.00000e+00
3.92000e+02 7.46902e-12 0.00000e+00
3.93000e+02 6.21434e-12 0.00000e+00
3.94000e+02 5.14704e-12 0.00000e+00
3.95000e+02 5.86333e-12 0.00000e+00
3.96000e+02 6.47568e-12 0.00000e+00
3.97000e+02 6.31256e-12 0.00000e+00
3.98000e+02 6.43223e-12 0.00000e+00
3.99000e+02 5.74093e-12 0.00000e+00
4.00000e+02 5.39529e-12 0.00000e+00
4.01000e+02 6.36177e-12 0.00000e+00
4.02000e+02 5.72152e-12 0.00000e+00
4.03000e+02 6.31893e-12 0.00000e+00
4.04000e+02 6.19598e-12 0.00000e+00
4.05000e+02 6.23726e-12 0.00000e+00
4.06000e+02 5.22329e-12 0.00000e+00
4.07000e+02 6.51442e-12 0.00000e+00
4.08000e+02 6.04572e-12 0.00000e+00
4.09000e+02 5.33409e-12 0.00000e+00
4.10000e+02 5.47299e-12 0.00000e+00
4.11000e+02 6.25566e-12 0.00000e+00
4.12000e+02 4.74998e-12 0.00000e+00
4.13000e+02 6.17270e-12 0.00000e+00
4.14000e+02 6.16908e-12 0.00000e+00
4.15000e+02 5.65587e-12 0.00000e+00
4.16000e+02 5.61814e-12 0.00000e+00
4.17000e+02 4.87605e-12 0.00000e+00
4.18000e+02 5.18971e-12 0.00000e+00
4.19000e+02 5.64974e-12 0.00000e+00
4.20000e+02 5.56835e-12 0.00000e+00
4.21000e+02 5.38111e-12 0.00000e+00
4.22000e+02 4.67298e-12 0.00000e+00
4.23000e+02 5.16032e-12 0.00000e+00
4.24000e+02 5.88681e-12 0.00000e+00
4.25000e+02 5.18953e-12 0.00000e+00
4.26000e+02 5.08391e-12 0.00000e+00
4.27000e+02 6.01353e-12 0.00000e+00
4.28000e+02 4.70264e-12 0.00000e+00
4.29000e+02 4.27618e-12 0.00000e+00
4.30000e+02 5.47652e-12 0.00000e+00
4.31000e+02 5.05548e-12 0.00000e+00
4.32000e+02 5.24132e-12 0.00000e+00
4.33000e+02 4.55620e-12 0.00000e+00
4.34000e+02 6.31149e-12 0.00000e+00
4.35000e+02 5.11207e-12 0.00000e+00
4.36000e+02 5.48834e-12 0.00000e+00
4.37000e+02 5.37174e-12 0.00000e+00
4.38000e+02 4.99546e-12 0.00000e+00
4.39000e+02 5.31120e-12 0.00000e+00
4.40000e+02 5.48852e-12 0.00000e+00
4.41000e+02 4.40105e-12 0.00000e+00
4.42000e+02 5.36153e-12 0.00000e+00
4.43000e+02 5.10246e-12 0.00000e+00
4.44000e+02 5.50541e-12 0.00000e+00
4.45000e+02 5.33597e-12 0.00000e+00
4.46000e+02 4.80842e-12 0.00000e+00
4.47000e+02 4.64424e-12 0.00000e+00
4.48000e+02 5.41660e-12 0.00000e+00
4.49000e+02 5.73659e-12 0.00000e+00
4.50000e+02 5.56822e-12 0.00000e+00
4.51000e+02 5.48998e-12 0.00000e+00
4.52000e+02 5.90153e-12 0.00000e+00
4.53000e+02 5.60913e-12 0.00000e+00
4.54000e+02 4.84216e-12 0.00000e+00
4.55000e+02 4.94351e-12 0.00000e+00
4.56000e+02 4.80877e-12 0.00000e+00
4.57000e+02 5.10800e-12 0.00000e+00
4.58000e+02 5.11063e-12 0.00000e+00
4.59000e+02 4.90517e-12 0.00000e+00
4.60000e+02 4.66164e-12 0.00000e+00
4.61000e+02 5.48158e-12 0.00000e+00
4.62000e+02 5.57434e-12 0.00000e+00
4.63000e+02 4.74593e-12 0.00000e+00
4.64000e+02 4.45977e-12 0.00000e+00
4.65000e+02 4.45028e-12 0.00000e+00
4.66000e+02 4.29137e-12 0.00000e+00
4.67000e+02 4.68276e-12 0.00000e+00
4.68000e+02 5.50710e-12 0.00000e+00
4.69000e+02 4.52090e-12 0.00000e+00
4.70000e+02 4.52885e-12 0.00000e+00
4.71000e+02 4.25779e-12 0.00000e+00
4.72000e+02 5.42575e-12 0.00000e+00
4.73000e+02 4.48021e-12 0.00000e+00
4.74000e+02 5.06577e-12 0.00000e+00
4.75000e+02 4.72448e-12 0.00000e+00
4.76000e+02 4.82113e-12 0.00000e+00
4.77000e+02 4.53915e-12 0.00000e+00
4.78000e+02 5.06761e-12 0.00000e+00
4.79000e+02 5.28188e-12 0.00000e+00
4.80000e+02 4.65324e-12 0.00000e+00
4.81000e+02 4.63351e-12 0.00000e+00
4.82000e+02 4.70422e-12 0.00000e+00
4.83000e+02 4.95587e-12 0.00000e+00
4.84000e+02 5.22490e-12 0.00000e+00
4.85000e+02 4.42418e-12 0.00000e+00
4.86000e+02 4.16774e-12 0.00000e+00
4.87000e+02 4.81100e-12 0.00000e+00
4.88000e+02 3.91310e-12 0.00000e+00
4.89000e+02 4.80712e-12 0.00000e+00
4.90000e+02 4.90662e-12 0.00000e+00
4.91000e+02 4.33001e-12 0.00000e+00
4.92000e+02 5.00054e-12 0.00000e+00
4.93000e+02 5.53714e-12 0.00000e+00
4.94000e+02 5.23722e-12 0.00000e+00
4.95000e+02 4.58304e-12 0.00000e+00
4.96000e+02 4.97886e-12 0.00000e+00
4.97000e+02 4.51469e-12 0.00000e+00
4.98000e+02 4.74215e-12 0.00000e+00
4.99000e+02 4.52577e-12 0.00000e+00
5.00000e+02 4.09326e-12 0.00000e+00
5.01000e+02 4.61157e-12 0.00000e+00
5.02000e+02 4.81012e-12 0.00000e+00
5.03000e+02 4.30559e-12 0.00000e+00
5.04000e+02 4.71330e-12 0.00000e+00
5.05000e+02 4.54579e-12 0.00000e+00
5.06000e+02 4.11879e-12 0.00000e+00
5.07000e+02 4.35226e-12 0.00000e+00
5.08000e+02 4.77790e-12 0.00000e+00
5.09000e+02 4.43662e-12 0.00000e+00
5.10000e+02 4.50254e-12 0.00000e+00
5.11000e+02 4.38568e-12 0.00000e+00
5.12000e+02 4.67862e-12 0.00000e+00
5.13000e+02 4.09549e-12 0.00000e+00
5.14000e+02 4.14897e-12 0.00000e+00
5.15000e+02 3.88684e-12 0.00000e+00
5.16000e+02 4.04954e-12 0.00000e+00
5.17000e+02 4.44515e-12 0.00000e+00
5.18000e+02 3.95961e-12 0.00000e+00
5.19000e+02 4.71185e-12 0.00000e+00
5.20000e+02 4.04494e-12 0.00000e+00
5.21000e+02 3.90233e-12 0.00000e+00
5.22000e+02 4.09415e-12 0.00000e+00
5.23000e+02 4.21748e-12 0.00000e+00
5.24000e+02 3.72586e-12 0.00000e+00
5.25000e+02 4.36326e-12 0.00000e+00
5.26000e+02 3.61168e-12 0.00000e+00
5.27000e+02 3.76751e-12 0.00000e+00
5.28000e+02 4.28795e-12 0.00000e+00
5.29000e+02 4.03244e-12 0.00000e+00
5.30000e+02 3.83896e-12 0.00000e+00
5.31000e+02 4.09960e-12 0.00000e+00
5.32000e+02 3.84205e-12 0.00000e+00
5.33000e+02 4.14731e-12 0.00000e+00
5.34000e+02 4.14596e-12 0.00000e+00
5.35000e+02 3.70244e-12 0.00000e+00
5.36000e+02 4.46592e-12 0.00000e+00
5.37000e+02 4.07213e-12 0.00000e+00
5.38000e+02 3.37952e-12 0.00000e+00
5.39000e+02 4.20325e-12 0.00000e+00
5.40000e+02 4.42237e-12 0.00000e+00
5.41000e+02 4.41752e-12 0.00000e+00
5.42000e+02 3.83939e-12 0.00000e+00
5.43000e+02 3.54032e-12 0.00000e+00
5.44000e+02 3.72324e-12 0.00000e+00
5.45000e+02 4.76076e-12 0.00000e+00
5.46000e+02 3.59133e-12 0.00000e+00
5.47000e+02 4.06022e-12 0.00000e+00
5.48000e+02 3.93471e-12 0.00000e+00
5.49000e+02 3.95501e-12 0.00000e+00
5.50000e+02 3.70424e-12 0.00000e+00
5.51000e+02 3.52624e-12 0.00000e+00
5.52000e+02 3.97991e-12 0.00000e+00
5.53000e+02 3.98043e-12 0.00000e+00
5.54000e+02 3.49016e-12 0.00000e+00
5.55000e+02 3.26887e-12 0.00000e+00
5.56000e+02 4.19568e-12 0.00000e+00
5.57000e+02 4.00521e-12 0.00000e+00
5.58000e+02 3.44728e-12 0.00000e+00
5.59000e+02 3.98143e-12 0.00000e+00
5.60000e+02 3.58996e-12 0.00000e+00
5.61000e+02 3.89699e-12 0.00000e+00
5.62000e+02 3.36678e-12 0.00000e+00
5.63000e+02 3.89603e-12 0.00000e+00
5.64000e+02 3.67273e-12 0.00000e+00
5.65000e+02 3.59544e-12 0.00000e+00
5.66000e+02 3.32933e-12 0.00000e+00
5.67000e+02 3.30521e-12 0.00000e+00
5.68000e+02 3.37323e-12 0.00000e+00
5.69000e+02 3.58958e-12 0.00000e+00
5.70000e+02 3.54073e-12 0.00000e+00
5.71000e+02 3.84012e-12 0.00000e+00
5.72000e+02 4.03087e-12 0.00000e+00
5.73000e+02 3.95975e-12 0.00000e+00
5.74000e+02 3.42523e-12 0.00000e+00
5.75000e+02 3.19657e-12 0.00000e+00
5.76000e+02 3.57423e-12 0.00000e+00
5.77000e+02 3.44402e-12 0.00000e+00
5.78000e+02 3.46643e-12 0.00000e+00
5.79000e+02 3.57986e-12 0.00000e+00
5.80000e+02 3.27547e-12 0.00000e+00
5.81000e+02 3.36861e-12 0.00000e+00
5.82000e+02 3.03454e-12 0.00000e+00
5.83000e+02 3.35501e-12 0.00000e+00
5.84000e+02 3.74065e-12 0.00000e+00
5.85000e+02 3.60587e-12 0.00000e+00
5.86000e+02 3.16406e-12 0.00000e+00
5.87000e+02 3.61165e-12 0.00000e+00
5.88000e+02 3.01058e-12 0.00000e+00
5.89000e+02 3.22689e-12 0.00000e+00
5.90000e+02 3.36399e-12 0.00000e+00
5.91000e+02 3.62739e-12 0.00000e+00
5.92000e+02 3.71571e-12 0.00000e+00
5.93000e+02 3.86656e-12 0.00000e+00
5.94000e+02 3.38926e-12 0.00000e+00
5.95000e+02 3.37426e-12 0.00000e+00
5.96000e+02 3.49935e-12 0.00000e+00
5.97000e+02 2.94098e-12 0.00000e+00
5.98000e+02 3.11088e-12 0.00000e+00
5.99000e+02 3.32038e-12 0.00000e+00
6.00000e+02 3.46428e-12 0.00000e+00
6.01000e+02 3.54038e-12 0.00000e+00
6.02000e+02 3.33511e-12 0.00000e+00
6.03000e+02 3.48271e-12 0.00000e+00
6.04000e+02 3.28114e-12 0.00000e+00
6.05000e+02 3.00934e-12 0.00000e+00
6.06000e+02 3.14538e-12 0.00000e+00
6.07000e+02 3.08310e-12 0.00000e+00
6.08000e+02 3.32282e-12 0.00000e+00
6.09000e+02 2.86358e-12 0.00000e+00
6.10000e+02 3.36825e-12 0.00000e+00
6.11000e+02 3.03493e-12 0.00000e+00
6.12000e+02 3.36590e-12 0.00000e+00
6.13000e+02 3.13129e-12 0.00000e+00
6.14000e+02 3.14124e-12 0.00000e+00
6.15000e+02 3.11332e-12 0.00000e+00
6.16000e+02 3.05812e-12 0.00000e+00
6.17000e+02 3.24672e-12 0.00000e+00
6.18000e+02 2.95598e-12 0.00000e+00
6.19000e+02 3.07240e-12 0.00000e+00
6.20000e+02 3.44657e-12 0.00000e+00
6.21000e+02 3.14454e-12 0.00000e+00
6.22000e+02 2.83755e-12 0.00000e+00
6.23000e+02 3.21040e-12 0.00000e+00
6.24000e+02 3.41448e-12 0.00000e+00
6.25000e+02 2.91029e-12 0.00000e+00
6.26000e+02 2.82870e-12 0.00000e+00
6.27000e+02 3.07496e-12 0.00000e+00
6.28000e+02 3.21511e-12 0.00000e+00
6.29000e+02 3.14172e-12 0.00000e+00
6.30000e+02 2.98629e-12 0.00000e+00
6.31000e+02 3.00749e-12 0.00000e+00
6.32000e+02 3.13138e-12 0.00000e+00
6.33000e+02 2.67447e-12 0.00000e+00
6.34000e+02 2.99320e-12 0.00000e+00
6.35000e+02 3.13874e-12 0.00000e+00
6.36000e+02 3.30653e-12 0.00000e+00
6.37000e+02 3.14462e-12 0.00000e+00
6.38000e+02 2.92906e-12 0.00000e+00
6.39000e+02 2.91753e-12 0.00000e+00
6.40000e+02 3.03931e-12 0.00000e+00
6.41000e+02 3.06645e-12 0.00000e+00
6.42000e+02 2.71585e-12 0.00000e+00
6.43000e+02 2.96561e-12 0.00000e+00
6.44000e+02 3.32946e-12 0.00000e+00
6.45000e+02 2.86054e-12 0.00000e+00
6.46000e+02 3.16304e-12 0.00000e+00
6.47000e+02 2.79411e-12 0.00000e+00
6.48000e+02 2.65026e-12 0.00000e+00
6.49000e+02 2.72057e-12 0.00000e+00
6.50000e+02 3.09270e-12 0.00000e+00
6.51000e+02 2.76941e-12 0.00000e+00
6.52000e+02 3.14057e-12 0.00000e+00
6.53000e+02 2.89419e-12 0.00000e+00
6.54000e+02 2.85614e-12 0.00000e+00
6.55000e+02 2.73873e-12 0.00000e+00
6.56000e+02 3.16949e-12 0.00000e+00
6.57000e+02 3.01587e-12 0.00000e+00
6.58000e+02 2.88942e-12 0.00000e+00
6.59000e+02 3.01992e-12 0.00000e+00
6.60000e+02 2.52871e-12 0.00000e+00
6.61000e+02 2.61355e-12 0.00000e+00
6.62000e+02 2.81572e-12 0.00000e+00
6.63000e+02 2.63878e-12 0.00000e+00
6.64000e+02 2.72145e-12 0.00000e+00
6.65000e+02 2.87061e-12 0.00000e+00
6.66000e+02 2.86661e-12 0.00000e+00
6.67000e+02 2.91823e-12 0.00000e+00
6.68000e+02 2.32200e-12 0.00000e+00
6.69000e+02 2.81765e-12 0.00000e+00
6.70000e+02 2.55314e-12 0.00000e+00
6.71000e+02 3.02205e-12 0.00000e+00
6.72000e+02 2.56273e-12 0.00000e+00
6.73000e+02 2.58037e-12 0.00000e+00
6.74000e+02 2.62659e-12 0.00000e+00
6.75000e+02 2.48410e-12 0.00000e+00
6.76000e+02 2.81015e-12 0.00000e+00
6.77000e+02 2.41512e-12 0.00000e+00
6.78000e+02 2.93958e-12 0.00000e+00
6.79000e+02 2.44515e-12 0.00000e+00
6.80000e+02 2.69477e-12 0.00000e+00
6.81000e+02 2.73222e-12 0.00000e+00
6.82000e+02 2.64225e-12 0.00000e+00
6.83000e+02 2.75466e-12 0.00000e+00
6.84000e+02 2.48220e-12 0.00000e+00
6.85000e+02 2.87312e-12 0.00000e+00
6.86000e+02 2.25381e-12 0.00000e+00
6.87000e+02 2.38742e-12 0.00000e+00
6.88000e+02 2.61865e-12 0.00000e+00
6.89000e+02 2.36253e-12 0.00000e+00
6.90000e+02 2.55093e-12 0.00000e+00
6.91000e+02 2.63136e-12 0.00000e+00
6.92000e+02 2.49816e-12 0.00000e+00
6.93000e+02 2.61017e-12 0.00000e+00
6.94000e+02 2.78805e-12 0.00000e+00
6.95000e+02 2.59132e-12 0.00000e+00
6.96000e+02 2.58147e-12 0.00000e+00
6.97000e+02 2.50014e-12 0.00000e+00
6.98000e+02 2.35401e-12 0.00000e+00
6.99000e+02 2.35109e-12 0.00000e+00
7.00000e+02 2.64098e-12 0.00000e+00
7.01000e+02 2.54375e-12 0.00000e+00
7.02000e+02 2.29691e-12 0.00000e+00
7.03000e+02 2.03436e-12 0.00000e+00
7.04000e+02 2.24288e-12 0.00000e+00
7.05000e+02 2.42645e-12 0.00000e+00
7.06000e+02 2.42627e-12 0.00000e+00
7.07000e+02 2.66575e-12 0.00000e+00
7.08000e+02 2.24122e-12 0.00000e+00
7.09000e+02 2.52641e-12 0.00000e+00
7.10000e+02 2.52360e-12 0.00000e+00
7.11000e+02 2.41515e-12 0.00000e+00
7.12000e+02 2.23571e-12 0.00000e+00
7.13000e+02 2.47926e-12 0.00000e+00
7.14000e+02 2.34738e-12 0.00000e+00
7.15000e+02 2.21310e-12 0.00000e+00
7.16000e+02 2.15663e-12 0.00000e+00
7.17000e+02 2.28673e-12 0.00000e+00
7.18000e+02 2.48799e-12 0.00000e+00
7.19000e+02 2.15962e-12 0.00000e+00
7.20000e+02 2.18784e-12 0.00000e+00
7.21000e+02 2.23195e-12 0.00000e+00
7.22000e+02 2.43078e-12 0.00000e+00
7.23000e+02 2.07587e-12 0.00000e+00
7.24000e+02 2.07772e-12 0.00000e+00
7.25000e+02 2.30566e-12 0.00000e+00
7.26000e+02 1.96130e-12 0.00000e+00
7.27000e+02 2.40497e-12 0.00000e+00
7.28000e+02 2.41463e-12 0.00000e+00
7.29000e+02 2.39513e-12 0.00000e+00
7.30000e+02 2.34486e-12 0.00000e+00
7.31000e+02 2.32204e-12 0.00000e+00
7.32000e+02 2.45186e-12 0.00000e+00
7.33000e+02 2.16083e-12 0.00000e+00
7.34000e+02 2.46406e-12 0.00000e+00
7.35000e+02 2.54972e-12 0.00000e+00
7.36000e+02 2.11514e-12 0.00000e+00
7.37000e+02 2.21764e-12 0.00000e+00
7.38000e+02 2.10416e-12 0.00000e+00
7.39000e+02 2.21130e-12 0.00000e+00
7.40000e+02 2.13714e-12 0.00000e+00
7.41000e+02 2.48615e-12 0.00000e+00
7.42000e+02 2.10407e-12 0.00000e+00
7.43000e+02 2.22107e-12 0.00000e+00
7.44000e+02 2.02701e-12 0.00000e+00
7.45000e+02 2.27619e-12 0.00000e+00
7.46000e+02 1.91957e-12 0.00000e+00
7.47000e+02 2.04110e-12 0.00000e+00
7.48000e+02 2.01401e-12 0.00000e+00
7.49000e+02 2.10068e-12 0.00000e+00
7.50000e+02 2.23048e-12 0.00000e+00
7.51000e+02 2.16779e-12 0.00000e+00
7.52000e+02 2.11539e-12 0.00000e+00
7.53000e+02 2.13263e-12 0.00000e+00
7.54000e+02 2.15418e-12 0.00000e+00
7.55000e+02 1.93271e-12 0.00000e+00
7.56000e+02 2.03231e-12 0.00000e+00
7.57000e+02 2.24954e-12 0.00000e+00
7.58000e+02 2.14302e-12 0.00000e+00
7.59000e+02 2.05063e-12 0.00000e+00
7.60000e+02 2.16892e-12 0.00000e+00
7.61000e+02 2.08038e-12 0.00000e+00
7.62000e+02 2.02653e-12 0.00000e+00
7.63000e+02 1.91771e-12 0.00000e+00
7.64000e+02 1.95234e-12 0.00000e+00
7.65000e+02 2.05012e-12 0.00000e+00
7.66000e+02 1.85353e-12 0.00000e+00
7.67000e+02 2.17779e-12 0.00000e+00
7.68000e+02 1.98472e-12 0.00000e+00
7.69000e+02 1.75310e-12 0.00000e+00
7.70000e+02 2.00336e-12 0.00000e+00
7.71000e+02 2.07058e-12 0.00000e+00
7.72000e+02 2.00108e-12 0.00000e+00
7.73000e+02 1.91290e-12 0.00000e+00
7.74000e+02 1.93104e-12 0.00000e+00
7.75000e+02 1.93811e-12 0.00000e+00
7.76000e+02 1.73165e-12 0.00000e+00
7.77000e+02 1.98128e-12 0.00000e+00
7.78000e+02 1.96678e-12 0.00000e+00
7.79000e+02 1.89130e-12 0.00000e+00
7.80000e+02 1.91015e-12 0.00000e+00
7.81000e+02 1.91111e-12 0.00000e+00
7.82000e+02 2.08152e-12 0.00000e+00
7.83000e+02 1.75774e-12 0.00000e+00
7.84000e+02 1.79818e-12 0.00000e+00
7.85000e+02 1.82822e-12 0.00000e+00
7.86000e+02 1.70163e-12 0.00000e+00
7.87000e+02 2.18363e-12 0.00000e+00
7.88000e+02 1.97234e-12 0.00000e+00
7.89000e+02 1.76383e-12 0.00000e+00
7.90000e+02 1.95443e-12 0.00000e+00
7.91000e+02 1.71680e-12 0.00000e+00
7.92000e+02 1.76749e-12 0.00000e+00
7.93000e+02 1.70237e-12 0.00000e+00
7.94000e+02 1.85179e-12 0.00000e+00
7.95000e+02 1.68487e-12 0.00000e+00
7.96000e+02 1.88848e-12 0.00000e+00
7.97000e+02 1.83088e-12 0.00000e+00
7.98000e+02 1.79406e-12 0.00000e+00
7.99000e+02 1.64380e-12 0.00000e+00
8.00000e+02 1.88812e-12 0.00000e+00
8.01000e+02 1.98650e-12 0.00000e+00
8.02000e+02 1.81565e-12 0.00000e+00
8.03000e+02 1.55966e-12 0.00000e+00
8.04000e+02 1.75458e-12 0.00000e+00
8.05000e+02 1.50480e-12 0.00000e+00
8.06000e+02 1.87671e-12 0.00000e+00
8.07000e+02 1.69625e-12 0.00000e+00
8.08000e+02 1.72808e-12 0.00000e+00
8.09000e+02 1.80161e-12 0.00000e+00
8.10000e+02 1.91228e-12 0.00000e+00
8.11000e+02 1.75758e-12 0.00000e+00
8.12000e+02 1.64026e-12 0.00000e+00
8.13000e+02 1.69895e-12 0.00000e+00
8.14000e+02 1.78983e-12 0.00000e+00
8.15000e+02 1.58346e-12 0.00000e+00
8.16000e+02 1.66684e-12 0.00000e+00
8.17000e+02 1.60378e-12 0.00000e+00
8.18000e+02 1.58939e-12 0.00000e+00
8.19000e+02 1.68290e-12 0.00000e+00
8.20000e+02 1.72173e-12 0.00000e+00
8.21000e+02 1.64140e-12 0.00000e+00
8.22000e+02 1.62480e-12 0.00000e+00
8.23000e+02 1.62559e-12 0.00000e+00
8.24000e+02 1.63769e-12 0.00000e+00
8.25000e+02 1.65006e-12 0.00000e+00
8.26000e+02 1.62948e-12 0.00000e+00
8.27000e+02 1.83195e-12 0.00000e+00
8.28000e+02 1.63578e-12 0.00000e+00
8.29000e+02 1.67729e-12 0.00000e+00
8.30000e+02 1.73364e-12 0.00000e+00
8.31000e+02 1.66038e-12 0.00000e+00
8.32000e+02 1.59359e-12 0.00000e+00
8.33000e+02 1.40547e-12 0.00000e+00
8.34000e+02 1.62125e-12 0.00000e+00
8.35000e+02 1.68505e-12 0.00000e+00
8.36000e+02 1.57519e-12 0.00000e+00
8.37000e+02 1.59483e-12 0.00000e+00
8.38000e+02 1.50993e-12 0.00000e+00
8.39000e+02 1.61151e-12 0.00000e+00
8.40000e+02 1.53723e-12 0.00000e+00
8.41000e+02 1.58943e-12 0.00000e+00
8.42000e+02 1.50326e-12 0.00000e+00
8.43000e+02 1.61705e-12 0.00000e+00
8.44000e+02 1.48523e-12 0.00000e+00
8.45000e+02 1.59971e-12 0.00000e+00
8.46000e+02 1.75597e-12 0.00000e+00
8.47000e+02 1.48647e-12 0.00000e+00
8.48000e+02 1.56922e-12 0.00000e+00
8.49000e+02 1.40664e-12 0.00000e+00
8.50000e+02 1.45075e-12 0.00000e+00
8.51000e+02 1.50619e-12 0.00000e+00
8.52000e+02 1.56344e-12 0.00000e+00
8.53000e+02 1.50771e-12 0.00000e+00
8.54000e+02 1.51136e-12 0.00000e+00
8.55000e+02 1.50077e-12 0.00000e+00
8.56000e+02 1.55369e-12 0.00000e+00
8.57000e+02 1.48603e-12 0.00000e+00
8.58000e+02 1.58528e-12 0.00000e+00
8.59000e+02 1.51711e-12 0.00000e+00
8.60000e+02 1.44399e-12 0.00000e+00
8.61000e+02 1.40887e-12 0.00000e+00
8.62000e+02 1.31312e-12 0.00000e+00
8.63000e+02 1.42273e-12 0.00000e+00
8.64000e+02 1.35989e-12 0.00000e+00
8.65000e+02 1.33216e-12 0.00000e+00
8.66000e+02 1.50735e-12 0.00000e+00
8.67000e+02 1.34012e-12 0.00000e+00
8.68000e+02 1.29793e-12 0.00000e+00
8.69000e+02 1.50798e-12 0.00000e+00
8.70000e+02 1.51733e-12 0.00000e+00
8.71000e+02 1.34360e-12 0.00000e+00
8.72000e+02 1.39293e-12 0.00000e+00
8.73000e+02 1.44801e-12 0.00000e+00
8.74000e+02 1.27837e-12 0.00000e+00
8.75000e+02 1.38158e-12 0.00000e+00
8.76000e+02 1.28466e-12 0.00000e+00
8.77000e+02 1.41521e-12 0.00000e+00
8.78000e+02 1.42696e-12 0.00000e+00
8.79000e+02 1.30169e-12 0.00000e+00
8.80000e+02 1.40460e-12 0.00000e+00
8.81000e+02 1.22948e-12 0.00000e+00
8.82000e+02 1.37583e-12 0.00000e+00
8.83000e+02 1.21337e-12 0.00000e+00
8.84000e+02 1.38320e-12 0.00000e+00
8.85000e+02 1.28147e-12 0.00000e+00
8.86000e+02 1.38914e-12 0.00000e+00
8.87000e+02 1.33754e-12 0.00000e+00
8.88000e+02 1.33046e-12 0.00000e+00
8.89000e+02 1.27461e-12 0.00000e+00
8.90000e+02 1.30105e-12 0.00000e+00
8.91000e+02 1.34184e-12 0.00000e+00
8.92000e+02 1.40047e-12 0.00000e+00
8.93000e+02 1.38925e-12 0.00000e+00
8.94000e+02 1.28735e-12 0.00000e+00
8.95000e+02 1.34729e-12 0.00000e+00
8.96000e+02 1.30872e-12 0.00000e+00
8.97000e+02 1.32618e-12 0.00000e+00
8.98000e+02 1.33264e-12 0.00000e+00
8.99000e+02 1.29762e-12 0.00000e+00
9.00000e+02 1.32530e-12 0.00000e+00
9.01000e+02 1.25667e-12 0.00000e+00
9.02000e+02 1.26135e-12 0.00000e+00
9.03000e+02 1.32681e-12 0.00000e+00
9.04000e+02 1.20677e-12 0.00000e+00
9.05000e+02 1.32417e-12 0.00000e+00
9.06000e+02 1.18547e-12 0.00000e+00
9.07000e+02 1.38555e-12 0.00000e+00
9.08000e+02 1.16678e-12 0.00000e+00
9.09000e+02 1.24494e-12 0.00000e+00
9.10000e+02 1.21257e-12 0.00000e+00
9.11000e+02 1.15747e-12 0.00000e+00
9.12000e+02 1.24415e-12 0.00000e+00
9.13000e+02 1.19327e-12 0.00000e+00
9.14000e+02 1.21520e-12 0.00000e+00
9.15000e+02 1.25129e-12 0.00000e+00
9.16000e+02 1.20285e-12 0.00000e+00
9.17000e+02 1.16456e-12 0.00000e+00
9.18000e+02 1.24255e-12 0.00000e+00
9.19000e+02 1.21235e-12 0.00000e+00
9.20000e+02 1.17036e-12 0.00000e+00
9.21000e+02 1.23119e-12 0.00000e+00
9.22000e+02 1.23962e-12 0.00000e+00
9.23000e+02 1.13445e-12 0.00000e+00
9.24000e+02 1.23974e-12 0.00000e+00
9.25000e+02 1.21314e-12 0.00000e+00
9.26000e+02 1.12132e-12 0.00000e+00
9.27000e+02 1.23803e-12 0.00000e+00
9.28000e+02 1.07140e-12 0.00000e+00
9.29000e+02 1.11738e-12 0.00000e+00
9.30000e+02 1.16398e-12 0.00000e+00
9.31000e+02 1.22034e-12 0.00000e+00
9.32000e+02 1.09416e-12 0.00000e+00
9.33000e+02 1.13881e-12 0.00000e+00
9.34000e+02 1.05783e-12 0.00000e+00
9.35000e+02 9.81782e-13 0.00000e+00
9.36000e+02 1.25841e-12 0.00000e+00
9.37000e+02 1.06932e-12 0.00000e+00
9.38000e+02 1.11502e-12 0.00000e+00
9.39000e+02 1.13127e-12 0.00000e+00
9.40000e+02 1.17361e-12 0.00000e+00
9.41000e+02 1.09998e-12 0.00000e+00
9.42000e+02 1.13557e-12 0.00000e+00
9.43000e+02 1.09496e-12 0.00000e+00
9.44000e+02 1.10582e-12 0.00000e+00
9.45000e+02 1.05070e-12 0.00000e+00
9.46000e+02 1.10262e-12 0.00000e+00
9.47000e+02 1.05535e-12 0.00000e+00
9.48000e+02 1.06084e-12 0.00000e+00
9.49000e+02 1.11337e-12 0.00000e+00
9.50000e+02 1.08710e-12 0.00000e+00
9.51000e+02 1.03446e-12 0.00000e+00
9.52000e+02 9.81121e-13 0.00000e+00
9.53000e+02 9.92844e-13 0.00000e+00
9.54000e+02 1.01603e-12 0.00000e+00
9.55000e+02 1.15979e-12 0.00000e+00
9.56000e+02 1.08016e-12 0.00000e+00
9.57000e+02 9.78751e-13 0.00000e+00
9.58000e+02 9.31994e-13 0.00000e+00
9.59000e+02 1.02463e-12 0.00000e+00
9.60000e+02 1.04367e-12 0.00000e+00
9.61000e+02 1.04079e-12 0.00000e+00
9.62000e+02 9.58793e-13 0.00000e+00
9.63000e+02 1.00014e-12 0.00000e+00
9.64000e+02 1.04650e-12 0.00000e+00
9.65000e+02 1.04394e-12 0.00000e+00
9.66000e+02 9.80971e-13 0.00000e+00
9.67000e+02 9.68741e-13 0.00000e+00
9.68000e+02 9.11224e-13 0.00000e+00
9.69000e+02 1.00627e-12 0.00000e+00
9.70000e+02 9.80180e-13 0.00000e+00
9.71000e+02 1.14765e-12 0.00000e+00
9.72000e+02 1.01114e-12 0.00000e+00
9.73000e+02 9.05956e-13 0.00000e+00
9.74000e+02 1.11413e-12 0.00000e+00
9.75000e+02 1.03454e-12 0.00000e+00
9.76000e+02 9.46855e-13 0.00000e+00
9.77000e+02 1.05159e-12 0.00000e+00
9.78000e+02 9.79288e-13 0.00000e+00
9.79000e+02 8.81853e-13 0.00000e+00
9.80000e+02 9.80059e-13 0.00000e+00
9.81000e+02 9.67290e-13 0.00000e+00
9.82000e+02 9.49981e-13 0.00000e+00
9.83000e+02 9.98488e-13 0.00000e+00
9.84000e+02 1.01963e-12 0.00000e+00
9.85000e+02 1.03185e-12 0.00000e+00
9.86000e+02 9.15494e-13 0.00000e+00
9.87000e+02 9.91090e-13 0.00000e+00
9.88000e+02 1.06073e-12 0.00000e+00
9.89000e+02 8.62531e-13 0.00000e+00
9.90000e+02 8.82288e-13 0.00000e+00
9.91000e+02 9.11330e-13 0.00000e+00
9.92000e+02 9.42267e-13 0.00000e+00
9.93000e+02 8.93960e-13 0.00000e+00
9.94000e+02 8.60102e-13 0.00000e+00
9.95000e+02 8.70970e-13 0.00000e+00
9.96000e+02 9.71344e-13 0.00000e+00
9.97000e+02 8.69973e-13 0.00000e+00
9.98000e+02 8.60827e-13 0.00000e+00
9.99000e+02 8.98911e-13 0.00000e+00
1.00000e+03 9.33803e-13 0.00000e+00
1.00100e+03 8.36159e-13 0.00000e+00
1.00200e+03 9.32037e-13 0.00000e+00
1.00300e+03 8.89375e-13 0.00000e+00
1.00400e+03 8.93600e-13 0.00000e+00
1.00500e+03 9.18755e-13 0.00000e+00
1.00600e+03 8.30503e-13 0.00000e+00
1.00700e+03 8.86134e-13 0.00000e+00
1.00800e+03 9.36074e-13 0.00000e+00
1.00900e+03 9.18333e-13 0.00000e+00
1.01000e+03 8.92316e-13 0.00000e+00
1.01100e+03 8.63779e-13 0.00000e+00
1.01200e+03 8.10755e-13 0.00000e+00
1.01300e+03 8.13364e-13 0.00000e+00
1.01400e+03 9.00937e-13 0.00000e+00
1.01500e+03 8.57095e-13 0.00000e+00
1.01600e+03 7.95880e-13 0.00000e+00
1.01700e+03 8.35269e-13 0.00000e+00
1.01800e+03 8.32390e-13 0.00000e+00
1.01900e+03 8.43011e-13 0.00000e+00
1.02000e+03 8.49997e-13 0.00000e+00
1.02100e+03 8.64814e-13 0.00000e+00
1.02200e+03 8.16858e-13 0.00000e+00
1.02300e+03 8.53576e-13 0.00000e+00
1.02400e+03 7.97159e-13 0.00000e+00
1.02500e+03 7.65016e-13 0.00000e+00
1.02600e+03 7.89832e-13 0.00000e+00
1.02700e+03 7.46516e-13 0.00000e+00
1.02800e+03 7.57380e-13 0.00000e+00
1.02900e+03 8.00528e-13 0.00000e+00
1.03000e+03 7.58765e-13 0.00000e+00
1.03100e+03 8.29959e-13 0.00000e+00
1.03200e+03 7.65879e-13 0.00000e+00
1.03300e+03 8.24560e-13 0.00000e+00
1.03400e+03 7.55680e-13 0.00000e+00
1.03500e+03 7.58148e-13 0.00000e+00
1.03600e+03 7.92845e-13 0.00000e+00
1.03700e+03 7.95126e-13 0.00000e+00
1.03800e+03 7.46140e-13 0.00000e+00
1.03900e+03 7.82086e-13 0.00000e+00
1.04000e+03 7.78524e-13 0.00000e+00
1.04100e+03 7.63268e-13 0.00000e+00
1.04200e+03 8.31618e-13 0.00000e+00
1.04300e+03 7.93051e-13 0.00000e+00
1.04400e+03 7.97243e-13 0.00000e+00
1.04500e+03 7.44389e-13 0.00000e+00
1.04600e+03 8.24755e-13 0.00000e+00
1.04700e+03 7.33124e-13 0.00000e+00
1.04800e+03 7.75048e-13 0.00000e+00
1.04900e+03 7.16277e-13 0.00000e+00
1.05000e+03 8.19515e-13 0.00000e+00
1.05100e+03 7.16068e-13 0.00000e+00
1.05200e+03 7.72401e-13 0.00000e+00
1.05300e+03 7.83885e-13 0.00000e+00
1.05400e+03 7.35872e-13 0.00000e+00
1.05500e+03 8.04072e-13 0.00000e+00
1.05600e+03 7.14792e-13 0.00000e+00
1.05700e+03 7.38983e-13 0.00000e+00
1.05800e+03 6.42128e-13 0.00000e+00
1.05900e+03 7.04149e-13 0.00000e+00
1.06000e+03 7.08058e-13 0.00000e+00
1.06100e+03 7.24053e-13 0.00000e+00
1.06200e+03 8.17522e-13 0.00000e+00
1.06300e+03 7.66260e-13 0.00000e+00
1.06400e+03 7.29153e-13 0.00000e+00
1.06500e+03 6.82469e-13 0.00000e+00
1.06600e+03 7.18775e-13 0.00000e+00
1.06700e+03 6.47232e-13 0.00000e+00
1.06800e+03 6.67344e-13 0.00000e+00
1.06900e+03 6.70818e-13 0.00000e+00
1.07000e+03 6.51252e-13 0.00000e+00
1.07100e+03 6.89155e-13 0.00000e+00
1.07200e+03 7.00144e-13 0.00000e+00
1.07300e+03 6.48737e-13 0.00000e+00
1.07400e+03 7.02622e-13 0.00000e+00
1.07500e+03 6.75071e-13 0.00000e+00
1.07600e+03 6.27682e-13 0.00000e+00
1.07700e+03 6.95806e-13 0.00000e+00
1.07800e+03 6.90432e-13 0.00000e+00
1.07900e+03 7.32486e-13 0.00000e+00
1.08000e+03 6.82518e-13 0.00000e+00
1.08100e+03 6.41332e-13 0.00000e+00
1.08200e+03 6.70682e-13 0.00000e+00
1.08300e+03 6.11794e-13 0.00000e+00
1.08400e+03 6.53648e-13 0.00000e+00
1.08500e+03 7.06836e-13 0.00000e+00
1.08600e+03 6.59730e-13 0.00000e+00
1.08700e+03 6.75713e-13 0.00000e+00
1.08800e+03 6.78208e-13 0.00000e+00
1.08900e+03 6.35403e-13 0.00000e+00
1.09000e+03 6.87512e-13 0.00000e+00
1.09100e+03 5.82599e-13 0.00000e+00
1.09200e+03 6.43163e-13 0.00000e+00
1.09300e+03 6.77502e-13 0.00000e+00
1.09400e+03 6.66400e-13 0.00000e+00
1.09500e+03 6.34358e-13 0.00000e+00
1.09600e+03 6.66434e-13 0.00000e+00
1.09700e+03 5.97199e-13 0.00000e+00
1.09800e+03 6.23900e-13 0.00000e+00
1.09900e+03 6.26268e-13 0.00000e+00
1.10000e+03 6.09248e-13 0.00000e+00
1.10100e+03 6.26958e-13 0.00000e+00
1.10200e+03 5.86599e-13 0.00000e+00
1.10300e+03 6.14551e-13 0.00000e+00
1.10400e+03 6.22063e-13 0.00000e+00
1.10500e+03 5.67612e-13 0.00000e+00
1.10600e+03 6.36009e-13 0.00000e+00
1.10700e+03 5.89425e-13 0.00000e+00
1.10800e+03 6.15579e-13 0.00000e+00
1.10900e+03 5.97759e-13 0.00000e+00
1.11000e+03 6.02480e-13 0.00000e+00
1.11100e+03 6.13309e-13 0.00000e+00
1.11200e+03 5.96692e-13 0.00000e+00
1.11300e+03 5.84535e-13 0.00000e+00
1.11400e+03 5.32666e-13 0.00000e+00
1.11500e+03 5.67696e-13 0.00000e+00
1.11600e+03 5.77527e-13 0.00000e+00
1.11700e+03 6.02790e-13 0.00000e+00
1.11800e+03 5.80836e-13 0.00000e+00
1.11900e+03 5.79061e-13 0.00000e+00
1.12000e+03 5.41435e-13 0.00000e+00
1.12100e+03 5.92505e-13 0.00000e+00
1.12200e+03 5.65498e-13 0.00000e+00
1.12300e+03 5.66904e-13 0.00000e+00
1.12400e+03 5.52894e-13 0.00000e+00
1.12500e+03 5.41142e-13 0.00000e+00
1.12600e+03 5.56695e-13 0.00000e+00
1.12700e+03 5.57078e-13 0.00000e+00
1.12800e+03 5.68136e-13 0.00000e+00
1.12900e+03 5.86367e-13 0.00000e+00
1.13000e+03 5.54002e-13 0.00000e+00
1.13100e+03 5.59904e-13 0.00000e+00
1.13200e+03 5.28350e-13 0.00000e+00
1.13300e+03 5.67011e-13 0.00000e+00
1.13400e+03 5.26296e-13 0.00000e+00
1.13500e+03 5.21722e-13 0.00000e+00
1.13600e+03 4.92746e-13 0.00000e+00
1.13700e+03 5.21637e-13 0.00000e+00
1.13800e+03 5.71001e-13 0.00000e+00
1.13900e+03 5.56381e-13 0.00000e+00
1.14000e+03 5.79191e-13 0.00000e+00
1.14100e+03 5.23063e-13 0.00000e+00
1.14200e+03 5.25668e-13 0.00000e+00
1.14300e+03 5.28138e-13 0.00000e+00
1.14400e+03 5.12754e-13 0.00000e+00
1.14500e+03 5.31028e-13 0.00000e+00
1.14600e+03 5.11726e-13 0.00000e+00
1.14700e+03 5.39414e-13 0.00000e+00
1.14800e+03 5.11725e-13 0.00000e+00
1.14900e+03 4.96084e-13 0.00000e+00
1.15000e+03 5.32898e-13 0.00000e+00
1.15100e+03 5.07106e-13 0.00000e+00
1.15200e+03 4.92920e-13 0.00000e+00
1.15300e+03 5.20246e-13 0.00000e+00
1.15400e+03 5.12351e-13 0.00000e+00
1.15500e+03 4.78489e-13 0.00000e+00
1.15600e+03 5.12487e-13 0.00000e+00
1.15700e+03 5.32358e-13 0.00000e+00
1.15800e+03 4.64135e-13 0.00000e+00
1.15900e+03 5.08173e-13 0.00000e+00
1.16000e+03 4.53015e-13 0.00000e+00
1.16100e+03 4.84921e-13 0.00000e+00
1.16200e+03 4.86489e-13 0.00000e+00
1.16300e+03 4.95065e-13 0.00000e+00
1.16400e+03 4.74364e-13 0.00000e+00
1.16500e+03 4.78464e-13 0.00000e+00
1.16600e+03 5.18145e-13 0.00000e+00
1.16700e+03 4.77256e-13 0.00000e+00
1.16800e+03 4.79416e-13 0.00000e+00
1.16900e+03 5.01015e-13 0.00000e+00
1.17000e+03 4.46891e-13 0.00000e+00
1.17100e+03 4.60851e-13 0.00000e+00
1.17200e+03 4.95475e-13 0.00000e+00
1.17300e+03 4.61966e-13 0.00000e+00
1.17400e+03 5.19203e-13 0.00000e+00
1.17500e+03 4.77995e-13 0.00000e+00
1.17600e+03 4.54241e-13 0.00000e+00
1.17700e+03 4.62412e-13 0.00000e+00
1.17800e+03 4.49294e-13 0.00000e+00
1.17900e+03 4.27302e-13 0.00000e+00
1.18000e+03 4.66340e-13 0.00000e+00
1.18100e+03 4.61948e-13 0.00000e+00
1.18200e+03 4.69774e-13 0.00000e+00
1.18300e+03 4.36837e-13 0.00000e+00
1.18400e+03 4.27204e-13 0.00000e+00
1.18500e+03 4.50566e-13 0.00000e+00
1.18600e+03 4.28287e-13 0.00000e+00
1.18700e+03 4.65722e-13 0.00000e+00
1.18800e+03 4.22958e-13 0.00000e+00
1.18900e+03 4.28737e-13 0.00000e+00
1.19000e+03 4.34938e-13 0.00000e+00
1.19100e+03 4.91190e-13 0.00000e+00
1.19200e+03 4.46889e-13 0.00000e+00
1.19300e+03 4.28593e-13 0.00000e+00
1.19400e+03 4.24646e-13 0.00000e+00
1.19500e+03 4.34368e-13 0.00000e+00
1.19600e+03 4.44884e-13 0.00000e+00
1.19700e+03 4.57141e-13 0.00000e+00
1.19800e+03 4.23862e-13 0.00000e+00
1.19900e+03 4.26175e-13 0.00000e+00
1.20000e+03 4.12442e-13 0.00000e+00
1.20100e+03 4.26366e-13 0.00000e+00
1.20200e+03 3.74834e-13 0.00000e+00
1.20300e+03 4.31876e-13 0.00000e+00
1.20400e+03 4.27776e-13 0.00000e+00
1.20500e+03 4.22225e-13 0.00000e+00
1.20600e+03 4.42545e-13 0.00000e+00
1.20700e+03 4.28438e-13 0.00000e+00
1.20800e+03 4.23644e-13 0.00000e+00
1.20900e+03 3.80390e-13 0.00000e+00
1.21000e+03 4.24663e-13 0.00000e+00
1.21100e+03 3.81286e-13 0.00000e+00
1.21200e+03 4.25871e-13 0.00000e+00
1.21300e+03 4.07726e-13 0.00000e+00
1.21400e+03 3.87734e-13 0.00000e+00
1.21500e+03 4.12408e-13 0.00000e+00
1.21600e+03 3.99204e-13 0.00000e+00
1.21700e+03 3.95606e-13 0.00000e+00
1.21800e+03 3.80558e-13 0.00000e+00
1.21900e+03 3.96520e-13 0.00000e+00
1.22000e+03 4.13016e-13 0.00000e+00
1.22100e+03 3.88267e-13 0.00000e+00
1.22200e+03 3.91752e-13 0.00000e+00
1.22300e+03 3.82275e-13 0.00000e+00
1.22400e+03 3.99450e-13 0.00000e+00
1.22500e+03 3.67015e-13 0.00000e+00
1.22600e+03 3.84476e-13 0.00000e+00
1.22700e+03 3.69526e-13 0.00000e+00
1.22800e+03 4.03370e-13 0.00000e+00
1.22900e+03 3.81890e-13 0.00000e+00
1.23000e+03 3.73591e-13 0.00000e+00
1.23100e+03 3.86280e-13 0.00000e+00
1.23200e+03 4.02306e-13 0.00000e+00
1.23300e+03 3.43464e-13 0.00000e+00
1.23400e+03 3.71663e-13 0.00000e+00
1.23500e+03 3.27820e-13 0.00000e+00
1.23600e+03 3.92433e-13 0.00000e+00
1.23700e+03 3.71482e-13 0.00000e+00
1.23800e+03 3.32703e-13 0.00000e+00
1.23900e+03 3.57168e-13 0.00000e+00
1.24000e+03 3.65155e-13 0.00000e+00
1.24100e+03 3.27706e-13 0.00000e+00
1.24200e+03 3.41270e-13 0.00000e+00
1.24300e+03 3.35012e-13 0.00000e+00
1.24400e+03 3.55886e-13 0.00000e+00
1.24500e+03 3.45533e-13 0.00000e+00
1.24600e+03 3.05243e-13 0.00000e+00
1.24700e+03 3.65152e-13 0.00000e+00
1.24800e+03 3.28307e-13 0.00000e+00
1.24900e+03 3.35557e-13 0.00000e+00
1.25000e+03 3.37374e-13 0.00000e+00
1.25100e+03 3.16848e-13 0.00000e+00
1.25200e+03 3.33564e-13 0.00000e+00
1.25300e+03 3.57776e-13 0.00000e+00
1.25400e+03 3.45150e-13 0.00000e+00
1.25500e+03 3.10705e-13 0.00000e+00
1.25600e+03 3.25805e-13 0.00000e+00
1.25700e+03 3.13253e-13 0.00000e+00
1.25800e+03 3.49627e-13 0.00000e+00
1.25900e+03 3.21826e-13 0.00000e+00
1.26000e+03 3.22885e-13 0.00000e+00
1.26100e+03 3.53207e-13 0.00000e+00
1.26200e+03 3.28766e-13 0.00000e+00
1.26300e+03 3.29210e-13 0.00000e+00
1.26400e+03 3.24239e-13 0.00000e+00
1.26500e+03 3.21513e-13 0.00000e+00
1.26600e+03 3.44292e-13 0.00000e+00
1.26700e+03 3.18575e-13 0.00000e+00
1.26800e+03 3.26177e-13 0.00000e+00
1.26900e+03 3.20690e-13 0.00000e+00
1.27000e+03 3.11498e-13 0.00000e+00
1.27100e+03 3.18967e-13 0.00000e+00
1.27200e+03 3.52653e-13 0.00000e+00
1.27300e+03 3.11320e-13 0.00000e+00
1.27400e+03 2.96659e-13 0.00000e+00
1.27500e+03 2.94699e-13 0.00000e+00
1.27600e+03 3.35006e-13 0.00000e+00
1.27700e+03 2.99875e-13 0.00000e+00
1.27800e+03 2.84560e-13 0.00000e+00
1.27900e+03 2.97047e-13 0.00000e+00
1.28000e+03 3.10680e-13 0.00000e+00
1.28100e+03 3.08732e-13 0.00000e+00
1.28200e+03 3.29157e-13 0.00000e+00
1.28300e+03 3.00213e-13 0.00000e+00
1.28400e+03 3.02005e-13 0.00000e+00
1.28500e+03 3.05047e-13 0.00000e+00
1.28600e+03 2.82184e-13 0.00000e+00
1.28700e+03 2.77444e-13 0.00000e+00
1.28800e+03 3.09742e-13 0.00000e+00
1.28900e+03 3.00738e-13 0.00000e+00
1.29000e+03 2.93911e-13 0.00000e+00
1.29100e+03 2.77005e-13 0.00000e+00
1.29200e+03 2.90352e-13 0.00000e+00
1.29300e+03 2.95722e-13 0.00000e+00
1.29400e+03 3.14065e-13 0.00000e+00
1.29500e+03 2.98515e-13 0.00000e+00
1.29600e+03 2.79442e-13 0.00000e+00
1.29700e+03 2.69927e-13 0.00000e+00
1.29800e+03 2.71458e-13 0.00000e+00
1.29900e+03 2.69049e-13 0.00000e+00
1.30000e+03 2.74274e-13 0.00000e+00
1.30100e+03 2.72975e-13 0.00000e+00
1.30200e+03 2.92546e-13 0.00000e+00
1.30300e+03 2.63387e-13 0.00000e+00
1.30400e+03 2.71660e-13 0.00000e+00
1.30500e+03 2.70346e-13 0.00000e+00
1.30600e+03 2.76395e-13 0.00000e+00
1.30700e+03 2.60935e-13 0.00000e+00
1.30800e+03 2.61117e-13 0.00000e+00
1.30900e+03 2.69782e-13 0.00000e+00
1.31000e+03 2.55591e-13 0.00000e+00
1.31100e+03 2.70332e-13 0.00000e+00
1.31200e+03 2.69615e-13 0.00000e+00
1.31300e+03 2.53913e-13 0.00000e+00
1.31400e+03 2.64030e-13 0.00000e+00
1.31500e+03 2.47630e-13 0.00000e+00
1.31600e+03 2.64412e-13 0.00000e+00
1.31700e+03 2.52740e-13 0.00000e+00
1.31800e+03 2.63243e-13 0.00000e+00
1.31900e+03 2.48729e-13 0.00000e+00
1.32000e+03 2.47896e-13 0.00000e+00
1.32100e+03 2.61247e-13 0.00000e+00
1.32200e+03 2.54345e-13 0.00000e+00
1.32300e+03 2.66275e-13 0.00000e+00
1.32400e+03 2.49852e-13 0.00000e+00
1.32500e+03 2.47720e-13 0.00000e+00
1.32600e+03 2.45268e-13 0.00000e+00
1.32700e+03 2.52649e-13 0.00000e+00
1.32800e+03 2.48868e-13 0.00000e+00
1.32900e+03 2.47132e-13 0.00000e+00
1.33000e+03 2.37866e-13 0.00000e+00
1.33100e+03 2.32311e-13 0.00000e+00
1.33200e+03 2.65485e-13 0.00000e+00
1.33300e+03 2.59453e-13 0.00000e+00
1.33400e+03 2.47292e-13 0.00000e+00
1.33500e+03 2.31983e-13 0.00000e+00
1.33600e+03 2.44177e-13 0.00000e+00
1.33700e+03 2.40731e-13 0.00000e+00
1.33800e+03 2.29875e-13 0.00000e+00
1.33900e+03 2.14974e-13 0.00000e+00
1.34000e+03 2.44794e-13 0.00000e+00
1.34100e+03 2.30740e-13 0.00000e+00
1.34200e+03 2.32965e-13 0.00000e+00
1.34300e+03 2.35042e-13 0.00000e+00
1.34400e+03 2.43384e-13 0.00000e+00
1.34500e+03 2.27826e-13 0.00000e+00
1.34600e+03 2.31690e-13 0.00000e+00
1.34700e+03 2.23910e-13 0.00000e+00
1.34800e+03 2.27051e-13 0.00000e+00
1.34900e+03 2.15219e-13 0.00000e+00
1.35000e+03 2.20761e-13 0.00000e+00
1.35100e+03 2.19148e-13 0.00000e+00
1.35200e+03 2.20106e-13 0.00000e+00
1.35300e+03 2.08275e-13 0.00000e+00
1.35400e+03 2.13561e-13 0.00000e+00
1.35500e+03 2.26024e-13 0.00000e+00
1.35600e+03 2.30472e-13 0.00000e+00
1.35700e+03 2.21542e-13 0.00000e+00
1.35800e+03 2.16797e-13 0.00000e+00
1.35900e+03 2.23461e-13 0.00000e+00
1.36000e+03 2.11318e-13 0.00000e+00
1.36100e+03 2.36366e-13 0.00000e+00
1.36200e+03 1.95531e-13 0.00000e+00
1.36300e+03 2.10423e-13 0.00000e+00
1.36400e+03 2.07387e-13 0.00000e+00
1.36500e+03 1.98366e-13 0.00000e+00
1.36600e+03 2.02814e-13 0.00000e+00
1.36700e+03 1.98097e-13 0.00000e+00
1.36800e+03 2.17669e-13 0.00000e+00
1.36900e+03 2.02447e-13 0.00000e+00
1.37000e+03 2.00019e-13 0.00000e+00
1.37100e+03 2.03421e-13 0.00000e+00
1.37200e+03 2.13238e-13 0.00000e+00
1.37300e+03 1.96546e-13 0.00000e+00
1.37400e+03 2.00181e-13 0.00000e+00
1.37500e+03 2.02932e-13 0.00000e+00
1.37600e+03 1.99353e-13 0.00000e+00
1.37700e+03 1.79190e-13 0.00000e+00
1.37800e+03 2.04846e-13 0.00000e+00
1.37900e+03 1.93780e-13 0.00000e+00
1.38000e+03 1.92272e-13 0.00000e+00
1.38100e+03 1.98262e-13 0.00000e+00
1.38200e+03 2.16684e-13 0.00000e+00
1.38300e+03 1.92645e-13 0.00000e+00
1.38400e+03 1.79716e-13 0.00000e+00
1.38500e+03 1.87767e-13 0.00000e+00
1.38600e+03 2.15016e-13 0.00000e+00
1.38700e+03 1.74170e-13 0.00000e+00
1.38800e+03 1.88978e-13 0.00000e+00
1.38900e+03 1.98660e-13 0.00000e+00
1.39000e+03 1.81920e-13 0.00000e+00
1.39100e+03 1.92213e-13 0.00000e+00
1.39200e+03 1.89035e-13 0.00000e+00
1.39300e+03 1.88934e-13 0.00000e+00
1.39400e+03 1.96534e-13 0.00000e+00
1.39500e+03 1.85078e-13 0.00000e+00
1.39600e+03 1.91474e-13 0.00000e+00
1.39700e+03 1.76492e-13 0.00000e+00
1.39800e+03 1.89401e-13 0.00000e+00
1.39900e+03 1.84518e-13 0.00000e+00
1.40000e+03 1.89696e-13 0.00000e+00
1.40100e+03 1.80311e-13 0.00000e+00
1.40200e+03 1.75580e-13 0.00000e+00
1.40300e+03 1.88847e-13 0.00000e+00
1.40400e+03 1.71172e-13 0.00000e+00
1.40500e+03 1.67436e-13 0.00000e+00
1.40600e+03 1.82022e-13 0.00000e+00
1.40700e+03 1.80339e-13 0.00000e+00
1.40800e+03 1.70631e-13 0.00000e+00
1.40900e+03 1.64658e-13 0.00000e+00
1.41000e+03 1.78528e-13 0.00000e+00
1.41100e+03 1.69569e-13 0.00000e+00
1.41200e+03 1.69901e-13 0.00000e+00
1.41300e+03 1.71665e-13 0.00000e+00
1.41400e+03 1.73499e-13 0.00000e+00
1.41500e+03 1.67519e-13 0.00000e+00
1.41600e+03 1.68290e-13 0.00000e+00
1.41700e+03 1.66573e-13 0.00000e+00
1.41800e+03 1.60355e-13 0.00000e+00
1.41900e+03 1.77757e-13 0.00000e+00
1.42000e+03 1.66510e-13 0.00000e+00
1.42100e+03 1.58667e-13 0.00000e+00
1.42200e+03 1.60221e-13 0.00000e+00
1.42300e+03 1.58287e-13 0.00000e+00
1.42400e+03 1.54741e-13 0.00000e+00
1.42500e+03 1.52866e-13 0.00000e+00
1.42600e+03 1.62755e-13 0.00000e+00
1.42700e+03 1.57358e-13 0.00000e+00
1.42800e+03 1.55834e-13 0.00000e+00
1.42900e+03 1.56080e-13 0.00000e+00
1.43000e+03 1.59547e-13 0.00000e+00
1.43100e+03 1.45215e-13 0.00000e+00
1.43200e+03 1.55339e-13 0.00000e+00
1.43300e+03 1.66793e-13 0.00000e+00
1.43400e+03 1.63503e-13 0.00000e+00
1.43500e+03 1.52560e-13 0.00000e+00
1.43600e+03 1.66000e-13 0.00000e+00
1.43700e+03 1.42245e-13 0.00000e+00
1.43800e+03 1.57521e-13 0.00000e+00
1.43900e+03 1.50769e-13 0.00000e+00
1.44000e+03 1.45693e-13 0.00000e+00
1.44100e+03 1.57170e-13 0.00000e+00
1.44200e+03 1.45189e-13 0.00000e+00
1.44300e+03 1.42479e-13 0.00000e+00
1.44400e+03 1.58233e-13 0.00000e+00
1.44500e+03 1.48287e-13 0.00000e+00
1.44600e+03 1.50426e-13 0.00000e+00
1.44700e+03 1.51321e-13 0.00000e+00
1.44800e+03 1.50129e-13 0.00000e+00
1.44900e+03 1.35036e-13 0.00000e+00
1.45000e+03 1.50448e-13 0.00000e+00
1.45100e+03 1.39910e-13 0.00000e+00
1.45200e+03 1.49528e-13 0.00000e+00
1.45300e+03 1.39115e-13 0.00000e+00
1.45400e+03 1.43281e-13 0.00000e+00
1.45500e+03 1.46733e-13 0.00000e+00
1.45600e+03 1.42770e-13 0.00000e+00
1.45700e+03 1.38871e-13 0.00000e+00
1.45800e+03 1.43830e-13 0.00000e+00
1.45900e+03 1.41978e-13 0.00000e+00
1.46000e+03 1.35953e-13 0.00000e+00
1.46100e+03 1.34327e-13 0.00000e+00
1.46200e+03 1.36117e-13 0.00000e+00
1.46300e+03 1.33156e-13 0.00000e+00
1.46400e+03 1.29516e-13 0.00000e+00
1.46500e+03 1.39648e-13 0.00000e+00
1.46600e+03 1.35672e-13 0.00000e+00
1.46700e+03 1.31288e-13 0.00000e+00
1.46800e+03 1.42568e-13 0.00000e+00
1.46900e+03 1.24460e-13 0.00000e+00
1.47000e+03 1.22682e-13 0.00000e+00
1.47100e+03 1.26094e-13 0.00000e+00
1.47200e+03 1.35514e-13 0.00000e+00
1.47300e+03 1.28859e-13 0.00000e+00
1.47400e+03 1.32128e-13 0.00000e+00
1.47500e+03 1.24990e-13 0.00000e+00
1.47600e+03 1.32607e-13 0.00000e+00
1.47700e+03 1.24487e-13 0.00000e+00
1.47800e+03 1.38259e-13 0.00000e+00
1.47900e+03 1.34539e-13 0.00000e+00
1.48000e+03 1.29324e-13 0.00000e+00
1.48100e+03 1.28261e-13 0.00000e+00
1.48200e+03 1.28186e-13 0.00000e+00
1.48300e+03 1.26559e-13 0.00000e+00
1.48400e+03 1.17155e-13 0.00000e+00
1.48500e+03 1.18035e-13 0.00000e+00
1.48600e+03 1.16095e-13 0.00000e+00
1.48700e+03 1.19370e-13 0.00000e+00
1.48800e+03 1.22085e-13 0.00000e+00
1.48900e+03 1.20120e-13 0.00000e+00
1.49000e+03 1.19609e-13 0.00000e+00
1.49100e+03 1.12994e-13 0.00000e+00
1.49200e+03 1.15024e-13 0.00000e+00
1.49300e+03 1.20042e-13 0.00000e+00
1.49400e+03 1.18353e-13 0.00000e+00
1.49500e+03 1.17447e-13 0.00000e+00
1.49600e+03 1.14275e-13 0.00000e+00
1.49700e+03 1.14882e-13 0.00000e+00
1.49800e+03 1.16061e-13 0.00000e+00
1.49900e+03 9.95455e-14 0.00000e+00
1.50000e+03 1.15910e-13 0.00000e+00
1.50100e+03 1.14476e-13 0.00000e+00
1.50200e+03 1.09671e-13 0.00000e+00
1.50300e+03 1.15152e-13 0.00000e+00
1.50400e+03 1.10015e-13 0.00000e+00
1.50500e+03 1.08812e-13 0.00000e+00
1.50600e+03 1.07241e-13 0.00000e+00
1.50700e+03 1.12657e-13 0.00000e+00
1.50800e+03 1.07861e-13 0.00000e+00
1.50900e+03 1.06062e-13 0.00000e+00
1.51000e+03 1.03096e-13 0.00000e+00
1.51100e+03 1.09700e-13 0.00000e+00
1.51200e+03 1.09012e-13 0.00000e+00
1.51300e+03 1.02366e-13 0.00000e+00
1.51400e+03 1.13943e-13 0.00000e+00
1.51500e+03 1.11098e-13 0.00000e+00
1.51600e+03 1.00872e-13 0.00000e+00
1.51700e+03 1.02626e-13 0.00000e+00
1.51800e+03 1.11180e-13 0.00000e+00
1.51900e+03 1.00265e-13 0.00000e+00
1.52000e+03 1.06731e-13 0.00000e+00
1.52100e+03 1.02537e-13 0.00000e+00
1.52200e+03 1.02393e-13 0.00000e+00
1.52300e+03 1.05214e-13 0.00000e+00
1.52400e+03 1.03381e-13 0.00000e+00
1.52500e+03 1.02241e-13 0.00000e+00
1.52600e+03 9.67651e-14 0.00000e+00
1.52700e+03 1.00745e-13 0.00000e+00
1.52800e+03 1.00215e-13 0.00000e+00
1.52900e+03 1.01079e-13 0.00000e+00
1.53000e+03 1.01542e-13 0.00000e+00
1.53100e+03 9.33037e-14 0.00000e+00
1.53200e+03 9.68841e-14 0.00000e+00
1.53300e+03 1.06626e-13 0.00000e+00
1.53400e+03 9.06741e-14 0.00000e+00
1.53500e+03 9.70999e-14 0.00000e+00
1.53600e+03 9.43321e-14 0.00000e+00
1.53700e+03 9.44929e-14 0.00000e+00
1.53800e+03 9.13054e-14 0.00000e+00
1.53900e+03 9.87232e-14 0.00000e+00
1.54000e+03 9.84124e-14 0.00000e+00
1.54100e+03 9.07400e-14 0.00000e+00
1.54200e+03 1.02517e-13 0.00000e+00
1.54300e+03 8.92523e-14 0.00000e+00
1.54400e+03 9.73530e-14 0.00000e+00
1.54500e+03 9.19817e-14 0.00000e+00
1.54600e+03 8.84587e-14 0.00000e+00
1.54700e+03 8.84242e-14 0.00000e+00
1.54800e+03 8.74418e-14 0.00000e+00
1.54900e+03 8.85133e-14 0.00000e+00
1.55000e+03 9.77436e-14 0.00000e+00
1.55100e+03 9.09367e-14 0.00000e+00
1.55200e+03 9.45470e-14 0.00000e+00
1.55300e+03 9.08910e-14 0.00000e+00
1.55400e+03 8.91515e-14 0.00000e+00
1.55500e+03 8.90446e-14 0.00000e+00
1.55600e+03 8.22800e-14 0.00000e+00
1.55700e+03 7.74733e-14 0.00000e+00
1.55800e+03 8.29836e-14 0.00000e+00
1.55900e+03 8.92790e-14 0.00000e+00
1.56000e+03 9.31681e-14 0.00000e+00
1.56100e+03 8.85454e-14 0.00000e+00
1.56200e+03 8.50234e-14 0.00000e+00
1.56300e+03 8.64439e-14 0.00000e+00
1.56400e+03 7.95628e-14 0.00000e+00
1.56500e+03 8.68504e-14 0.00000e+00
1.56600e+03 8.24134e-14 0.00000e+00
1.56700e+03 8.10047e-14 0.00000e+00
1.56800e+03 8.25515e-14 0.00000e+00
1.56900e+03 8.16512e-14 0.00000e+00
1.57000e+03 8.67411e-14 0.00000e+00
1.57100e+03 8.51493e-14 0.00000e+00
1.57200e+03 7.49886e-14 0.00000e+00
1.57300e+03 7.87962e-14 0.00000e+00
1.57400e+03 8.23597e-14 0.00000e+00
1.57500e+03 7.90376e-14 0.00000e+00
1.57600e+03 7.88539e-14 0.00000e+00
1.57700e+03 7.57479e-14 0.00000e+00
1.57800e+03 7.68147e-14 0.00000e+00
1.57900e+03 7.72784e-14 0.00000e+00
1.58000e+03 8.38590e-14 0.00000e+00
1.58100e+03 8.12746e-14 0.00000e+00
1.58200e+03 7.84882e-14 0.00000e+00
1.58300e+03 8.02979e-14 0.00000e+00
1.58400e+03 7.29890e-14 0.00000e+00
1.58500e+03 7.97590e-14 0.00000e+00
1.58600e+03 8.17833e-14 0.00000e+00
1.58700e+03 8.09955e-14 0.00000e+00
1.58800e+03 7.55137e-14 0.00000e+00
1.58900e+03 7.57725e-14 0.00000e+00
1.59000e+03 7.34599e-14 0.00000e+00
1.59100e+03 6.87254e-14 0.00000e+00
1.59200e+03 7.76528e-14 0.00000e+00
1.59300e+03 7.36052e-14 0.00000e+00
1.59400e+03 6.61419e-14 0.00000e+00
1.59500e+03 6.85632e-14 0.00000e+00
1.59600e+03 7.79505e-14 0.00000e+00
1.59700e+03 6.99008e-14 0.00000e+00
1.59800e+03 6.93864e-14 0.00000e+00
1.59900e+03 7.41259e-14 0.00000e+00
1.60000e+03 7.19237e-14 0.00000e+00
1.60100e+03 6.90933e-14 0.00000e+00
1.60200e+03 7.26189e-14 0.00000e+00
1.60300e+03 7.48716e-14 0.00000e+00
1.60400e+03 7.24107e-14 0.00000e+00
1.60500e+03 7.61050e-14 0.00000e+00
1.60600e+03 7.25814e-14 0.00000e+00
1.60700e+03 7.29342e-14 0.00000e+00
1.60800e+03 6.60200e-14 0.00000e+00
1.60900e+03 6.63276e-14 0.00000e+00
1.61000e+03 7.13560e-14 0.00000e+00
1.61100e+03 6.43761e-14 0.00000e+00
1.61200e+03 6.37704e-14 0.00000e+00
1.61300e+03 6.67534e-14 0.00000e+00
1.61400e+03 6.35266e-14 0.00000e+00
1.61500e+03 6.73924e-14 0.00000e+00
1.61600e+03 6.33271e-14 0.00000e+00
1.61700e+03 6.55049e-14 0.00000e+00
1.61800e+03 6.87129e-14 0.00000e+00
1.61900e+03 6.11561e-14 0.00000e+00
1.62000e+03 6.35084e-14 0.00000e+00
1.62100e+03 6.04202e-14 0.00000e+00
1.62200e+03 6.57798e-14 0.00000e+00
1.62300e+03 6.47610e-14 0.00000e+00
1.62400e+03 6.09724e-14 0.00000e+00
1.62500e+03 6.35668e-14 0.00000e+00
1.62600e+03 6.55003e-14 0.00000e+00
1.62700e+03 6.34899e-14 0.00000e+00
1.62800e+03 6.66676e-14 0.00000e+00
1.62900e+03 5.78228e-14 0.00000e+00
1.63000e+03 6.13491e-14 0.00000e+00
1.63100e+03 6.33496e-14 0.00000e+00
1.63200e+03 6.16112e-14 0.00000e+00
1.63300e+03 6.13828e-14 0.00000e+00
1.63400e+03 5.66535e-14 0.00000e+00
1.63500e+03 6.23722e-14 0.00000e+00
1.63600e+03 5.75155e-14 0.00000e+00
1.63700e+03 6.39402e-14 0.00000e+00
1.63800e+03 5.91092e-14 0.00000e+00
1.63900e+03 5.86381e-14 0.00000e+00
1.64000e+03 5.56386e-14 0.00000e+00
1.64100e+03 5.76538e-14 0.00000e+00
1.64200e+03 6.45571e-14 0.00000e+00
1.64300e+03 5.87492e-14 0.00000e+00
1.64400e+03 5.92462e-14 0.00000e+00
1.64500e+03 5.70563e-14 0.00000e+00
1.64600e+03 5.62313e-14 0.00000e+00
1.64700e+03 5.33322e-14 0.00000e+00
1.64800e+03 5.90131e-14 0.00000e+00
1.64900e+03 5.44072e-14 0.00000e+00
1.65000e+03 5.65198e-14 0.00000e+00
1.65100e+03 5.43904e-14 0.00000e+00
1.65200e+03 5.50733e-14 0.00000e+00
1.65300e+03 5.57808e-14 0.00000e+00
1.65400e+03 5.35970e-14 0.00000e+00
1.65500e+03 5.29395e-14 0.00000e+00
1.65600e+03 5.48874e-14 0.00000e+00
1.65700e+03 5.68380e-14 0.00000e+00
1.65800e+03 5.38056e-14 0.00000e+00
1.65900e+03 5.10332e-14 0.00000e+00
1.66000e+03 5.41934e-14 0.00000e+00
1.66100e+03 5.02850e-14 0.00000e+00
1.66200e+03 4.89801e-14 0.00000e+00
1.66300e+03 5.11687e-14 0.00000e+00
1.66400e+03 4.88100e-14 0.00000e+00
1.66500e+03 4.89278e-14 0.00000e+00
1.66600e+03 5.04527e-14 0.00000e+00
1.66700e+03 4.54618e-14 0.00000e+00
1.66800e+03 5.23043e-14 0.00000e+00
1.66900e+03 4.81232e-14 0.00000e+00
1.67000e+03 5.28854e-14 0.00000e+00
1.67100e+03 4.77192e-14 0.00000e+00
1.67200e+03 4.47061e-14 0.00000e+00
1.67300e+03 4.94924e-14 0.00000e+00
1.67400e+03 4.88145e-14 0.00000e+00
1.67500e+03 5.20331e-14 0.00000e+00
1.67600e+03 4.50041e-14 0.00000e+00
1.67700e+03 4.93139e-14 0.00000e+00
1.67800e+03 5.19011e-14 0.00000e+00
1.67900e+03 4.65152e-14 0.00000e+00
1.68000e+03 4.48984e-14 0.00000e+00
1.68100e+03 4.41248e-14 0.00000e+00
1.68200e+03 4.76107e-14 0.00000e+00
1.68300e+03 4.72454e-14 0.00000e+00
1.68400e+03 4.55788e-14 0.00000e+00
1.68500e+03 4.53240e-14 0.00000e+00
1.68600e+03 4.62220e-14 0.00000e+00
1.68700e+03 4.87992e-14 0.00000e+00
1.68800e+03 4.60244e-14 0.00000e+00
1.68900e+03 4.61704e-14 0.00000e+00
1.69000e+03 4.08310e-14 0.00000e+00
1.69100e+03 4.46047e-14 0.00000e+00
1.69200e+03 4.62489e-14 0.00000e+00
1.69300e+03 4.25899e-14 0.00000e+00
1.69400e+03 4.26436e-14 0.00000e+00
1.69500e+03 4.53455e-14 0.00000e+00
1.69600e+03 4.32744e-14 0.00000e+00
1.69700e+03 4.21715e-14 0.00000e+00
1.69800e+03 4.34040e-14 0.00000e+00
1.69900e+03 4.17733e-14 0.00000e+00
1.70000e+03 4.12279e-14 0.00000e+00
1.70100e+03 4.30084e-14 0.00000e+00
1.70200e+03 4.28348e-14 0.00000e+00
1.70300e+03 4.35034e-14 0.00000e+00
1.70400e+03 4.35497e-14 0.00000e+00
1.70500e+03 4.16243e-14 0.00000e+00
1.70600e+03 4.16229e-14 0.00000e+00
1.70700e+03 4.31515e-14 0.00000e+00
1.70800e+03 3.80508e-14 0.00000e+00
1.70900e+03 4.01918e-14 0.00000e+00
1.71000e+03 3.83542e-14 0.00000e+00
1.71100e+03 3.97413e-14 0.00000e+00
1.71200e+03 4.08194e-14 0.00000e+00
1.71300e+03 4.20885e-14 0.00000e+00
1.71400e+03 3.60679e-14 0.00000e+00
1.71500e+03 3.88479e-14 0.00000e+00
1.71600e+03 4.04846e-14 0.00000e+00
1.71700e+03 3.74091e-14 0.00000e+00
1.71800e+03 3.96601e-14 0.00000e+00
1.71900e+03 3.94278e-14 0.00000e+00
1.72000e+03 3.89672e-14 0.00000e+00
1.72100e+03 3.55431e-14 0.00000e+00
1.72200e+03 3.88136e-14 0.00000e+00
1.72300e+03 3.77784e-14 0.00000e+00
1.72400e+03 4.07477e-14 0.00000e+00
1.72500e+03 3.85956e-14 0.00000e+00
1.72600e+03 3.75920e-14 0.00000e+00
1.72700e+03 3.93681e-14 0.00000e+00
1.72800e+03 3.64106e-14 0.00000e+00
1.72900e+03 3.84864e-14 0.00000e+00
1.73000e+03 3.77954e-14 0.00000e+00
1.73100e+03 3.35268e-14 0.00000e+00
1.73200e+03 3.64041e-14 0.00000e+00
1.73300e+03 3.53050e-14 0.00000e+00
1.73400e+03 3.48504e-14 0.00000e+00
1.73500e+03 3.63495e-14 0.00000e+00
1.73600e+03 3.48315e-14 0.00000e+00
1.73700e+03 3.85488e-14 0.00000e+00
1.73800e+03 3.49779e-14 0.00000e+00
1.73900e+03 3.44062e-14 0.00000e+00
1.74000e+03 3.38651e-14 0.00000e+00
1.74100e+03 3.31679e-14 0.00000e+00
1.74200e+03 3.24087e-14 0.00000e+00
1.74300e+03 3.44363e-14 0.00000e+00
1.74400e+03 3.57774e-14 0.00000e+00
1.74500e+03 3.53006e-14 0.00000e+00
1.74600e+03 3.34970e-14 0.00000e+00
1.74700e+03 3.19612e-14 0.00000e+00
1.74800e+03 3.31776e-14 0.00000e+00
1.74900e+03 3.23223e-14 0.00000e+00
1.75000e+03 3.10091e-14 0.00000e+00
1.75100e+03 3.20637e-14 0.00000e+00
1.75200e+03 3.44631e-14 0.00000e+00
1.75300e+03 3.44226e-14 0.00000e+00
1.75400e+03 3.07308e-14 0.00000e+00
1.75500e+03 3.17864e-14 0.00000e+00
1.75600e+03 3.31989e-14 0.00000e+00
1.75700e+03 3.12650e-14 0.00000e+00
1.75800e+03 3.34565e-14 0.00000e+00
1.75900e+03 3.32009e-14 0.00000e+00
1.76000e+03 3.20688e-14 0.00000e+00
1.76100e+03 3.39794e-14 0.00000e+00
1.76200e+03 3.10125e-14 0.00000e+00
1.76300e+03 2.97309e-14 0.00000e+00
1.76400e+03 3.09200e-14 0.00000e+00
1.76500e+03 3.43263e-14 0.00000e+00
1.76600e+03 3.11901e-14 0.00000e+00
1.76700e+03 2.96258e-14 0.00000e+00
1.76800e+03 3.01696e-14 0.00000e+00
1.76900e+03 2.89275e-14 0.00000e+00
1.77000e+03 2.81664e-14 0.00000e+00
1.77100e+03 2.95072e-14 0.00000e+00
1.77200e+03 2.81852e-14 0.00000e+00
1.77300e+03 3.34722e-14 0.00000e+00
1.77400e+03 2.76939e-14 0.00000e+00
1.77500e+03 2.84486e-14 0.00000e+00
1.77600e+03 3.03139e-14 0.00000e+00
1.77700e+03 3.03521e-14 0.00000e+00
1.77800e+03 2.85322e-14 0.00000e+00
1.77900e+03 2.88948e-14 0.00000e+00
1.78000e+03 2.69058e-14 0.00000e+00
1.78100e+03 2.84854e-14 0.00000e+00
1.78200e+03 2.70435e-14 0.00000e+00
1.78300e+03 2.75477e-14 0.00000e+00
1.78400e+03 2.70343e-14 0.00000e+00
1.78500e+03 2.92459e-14 0.00000e+00
1.78600e+03 2.83090e-14 0.00000e+00
1.78700e+03 2.48504e-14 0.00000e+00
1.78800e+03 2.73481e-14 0.00000e+00
1.78900e+03 2.70273e-14 0.00000e+00
1.79000e+03 2.50125e-14 0.00000e+00
1.79100e+03 2.55033e-14 0.00000e+00
1.79200e+03 2.57264e-14 0.00000e+00
1.79300e+03 2.51646e-14 0.00000e+00
1.79400e+03 2.58938e-14 0.00000e+00
1.79500e+03 2.52983e-14 0.00000e+00
1.79600e+03 2.45471e-14 0.00000e+00
1.79700e+03 2.59196e-14 0.00000e+00
1.79800e+03 2.63869e-14 0.00000e+00
1.79900e+03 2.56004e-14 0.00000e+00
1.80000e+03 2.51686e-14 0.00000e+00
1.80100e+03 2.46925e-14 0.00000e+00
1.80200e+03 2.51765e-14 0.00000e+00
1.80300e+03 2.53436e-14 0.00000e+00
1.80400e+03 2.56756e-14 0.00000e+00
1.80500e+03 2.58312e-14 0.00000e+00
1.80600e+03 2.31581e-14 0.00000e+00
1.80700e+03 2.40579e-14 0.00000e+00
1.80800e+03 2.38923e-14 0.00000e+00
1.80900e+03 2.27200e-14 0.00000e+00
1.81000e+03 2.30806e-14 0.00000e+00
1.81100e+03 2.23982e-14 0.00000e+00
1.81200e+03 2.49076e-14 0.00000e+00
1.81300e+03 2.14945e-14 0.00000e+00
1.81400e+03 2.60150e-14 0.00000e+00
1.81500e+03 2.32500e-14 0.00000e+00
1.81600e+03 2.24999e-14 0.00000e+00
1.81700e+03 2.35238e-14 0.00000e+00
1.81800e+03 2.29421e-14 0.00000e+00
1.81900e+03 2.25281e-14 0.00000e+00
1.82000e+03 2.50955e-14 0.00000e+00
1.82100e+03 2.17449e-14 0.00000e+00
1.82200e+03 2.32707e-14 0.00000e+00
1.82300e+03 2.11102e-14 0.00000e+00
1.82400e+03 2.28754e-14 0.00000e+00
1.82500e+03 2.24290e-14 0.00000e+00
1.82600e+03 2.09430e-14 0.00000e+00
1.82700e+03 1.95490e-14 0.00000e+00
1.82800e+03 2.26099e-14 0.00000e+00
1.82900e+03 2.12428e-14 0.00000e+00
1.83000e+03 2.03843e-14 0.00000e+00
1.83100e+03 2.02299e-14 0.00000e+00
1.83200e+03 2.06166e-14 0.00000e+00
1.83300e+03 2.08442e-14 0.00000e+00
1.83400e+03 2.17575e-14 0.00000e+00
1.83500e+03 2.17140e-14 0.00000e+00
1.83600e+03 2.15240e-14 0.00000e+00
1.83700e+03 2.18787e-14 0.00000e+00
1.83800e+03 2.17393e-14 0.00000e+00
1.83900e+03 2.02031e-14 0.00000e+00
1.84000e+03 2.14501e-14 0.00000e+00
1.84100e+03 2.12267e-14 0.00000e+00
1.84200e+03 1.89202e-14 0.00000e+00
1.84300e+03 1.87496e-14 0.00000e+00
1.84400e+03 2.00586e-14 0.00000e+00
1.84500e+03 1.85744e-14 0.00000e+00
1.84600e+03 1.82828e-14 0.00000e+00
1.84700e+03 1.93001e-14 0.00000e+00
1.84800e+03 1.89248e-14 0.00000e+00
1.84900e+03 2.00704e-14 0.00000e+00
1.85000e+03 1.97282e-14 0.00000e+00
1.85100e+03 1.83351e-14 0.00000e+00
1.85200e+03 1.85917e-14 0.00000e+00
1.85300e+03 1.88175e-14 0.00000e+00
1.85400e+03 1.86709e-14 0.00000e+00
1.85500e+03 1.91299e-14 0.00000e+00
1.85600e+03 1.86542e-14 0.00000e+00
1.85700e+03 1.75755e-14 0.00000e+00
1.85800e+03 1.77275e-14 0.00000e+00
1.85900e+03 1.83610e-14 0.00000e+00
1.86000e+03 1.82580e-14 0.00000e+00
1.86100e+03 1.81139e-14 0.00000e+00
1.86200e+03 1.85028e-14 0.00000e+00
1.86300e+03 1.74956e-14 0.00000e+00
1.86400e+03 1.98953e-14 0.00000e+00
1.86500e+03 1.86239e-14 0.00000e+00
1.86600e+03 1.74923e-14 0.00000e+00
1.86700e+03 1.73986e-14 0.00000e+00
1.86800e+03 1.68748e-14 0.00000e+00
1.86900e+03 1.62899e-14 0.00000e+00
1.87000e+03 1.63962e-14 0.00000e+00
1.87100e+03 1.71974e-14 0.00000e+00
1.87200e+03 1.57046e-14 0.00000e+00
1.87300e+03 1.73909e-14 0.00000e+00
1.87400e+03 1.69541e-14 0.00000e+00
1.87500e+03 1.62284e-14 0.00000e+00
1.87600e+03 1.58891e-14 0.00000e+00
1.87700e+03 1.67171e-14 0.00000e+00
1.87800e+03 1.69370e-14 0.00000e+00
1.87900e+03 1.52410e-14 0.00000e+00
1.88000e+03 1.60727e-14 0.00000e+00
1.88100e+03 1.63578e-14 0.00000e+00
1.88200e+03 1.53785e-14 0.00000e+00
1.88300e+03 1.76614e-14 0.00000e+00
1.88400e+03 1.61500e-14 0.00000e+00
1.88500e+03 1.52661e-14 0.00000e+00
1.88600e+03 1.47459e-14 0.00000e+00
1.88700e+03 1.61921e-14 0.00000e+00
1.88800e+03 1.49138e-14 0.00000e+00
1.88900e+03 1.66192e-14 0.00000e+00
1.89000e+03 1.57052e-14 0.00000e+00
1.89100e+03 1.55893e-14 0.00000e+00
1.89200e+03 1.46389e-14 0.00000e+00
1.89300e+03 1.40046e-14 0.00000e+00
1.89400e+03 1.46382e-14 0.00000e+00
1.89500e+03 1.42308e-14 0.00000e+00
1.89600e+03 1.40364e-14 0.00000e+00
1.89700e+03 1.43429e-14 0.00000e+00
1.89800e+03 1.50832e-14 0.00000e+00
1.89900e+03 1.40147e-14 0.00000e+00
1.90000e+03 1.38365e-14 0.00000e+00
1.90100e+03 1.29447e-14 0.00000e+00
1.90200e+03 1.52464e-14 0.00000e+00
1.90300e+03 1.44535e-14 0.00000e+00
1.90400e+03 1.45301e-14 0.00000e+00
1.90500e+03 1.35082e-14 0.00000e+00
1.90600e+03 1.36137e-14 0.00000e+00
1.90700e+03 1.32462e-14 0.00000e+00
1.90800e+03 1.51913e-14 0.00000e+00
1.90900e+03 1.44159e-14 0.00000e+00
1.91000e+03 1.37027e-14 0.00000e+00
1.91100e+03 1.20872e-14 0.00000e+00
1.91200e+03 1.39872e-14 0.00000e+00
1.91300e+03 1.31845e-14 0.00000e+00
1.91400e+03 1.28902e-14 0.00000e+00
1.91500e+03 1.29190e-14 0.00000e+00
1.91600e+03 1.39655e-14 0.00000e+00
1.91700e+03 1.35782e-14 0.00000e+00
1.91800e+03 1.25851e-14 0.00000e+00
1.91900e+03 1.28454e-14 0.00000e+00
1.92000e+03 1.35651e-14 0.00000e+00
1.92100e+03 1.24277e-14 0.00000e+00
1.92200e+03 1.30080e-14 0.00000e+00
1.92300e+03 1.30333e-14 0.00000e+00
1.92400e+03 1.28181e-14 0.00000e+00
1.92500e+03 1.23741e-14 0.00000e+00
1.92600e+03 1.25746e-14 0.00000e+00
1.92700e+03 1.33067e-14 0.00000e+00
1.92800e+03 1.23950e-14 0.00000e+00
1.92900e+03 1.28007e-14 0.00000e+00
1.93000e+03 1.17093e-14 0.00000e+00
1.93100e+03 1.21562e-14 0.00000e+00
1.93200e+03 1.15592e-14 0.00000e+00
1.93300e+03 1.19701e-14 0.00000e+00
1.93400e+03 1.19315e-14 0.00000e+00
1.93500e+03 1.13864e-14 0.00000e+00
1.93600e+03 1.23597e-14 0.00000e+00
1.93700e+03 1.22354e-14 0.00000e+00
1.93800e+03 1.16453e-14 0.00000e+00
1.93900e+03 1.18456e-14 0.00000e+00
1.94000e+03 1.07983e-14 0.00000e+00
1.94100e+03 1.18589e-14 0.00000e+00
1.94200e+03 1.16135e-14 0.00000e+00
1.94300e+03 1.11840e-14 0.00000e+00
1.94400e+03 1.16313e-14 0.00000e+00
1.94500e+03 1.13179e-14 0.00000e+00
1.94600e+03 1.08522e-14 0.00000e+00
1.94700e+03 1.04269e-14 0.00000e+00
1.94800e+03 1.10658e-14 0.00000e+00
1.94900e+03 1.18986e-14 0.00000e+00
1.95000e+03 1.03150e-14 0.00000e+00
1.95100e+03 1.12531e-14 0.00000e+00
1.95200e+03 1.15850e-14 0.00000e+00
1.95300e+03 1.04710e-14 0.00000e+00
1.95400e+03 1.06869e-14 0.00000e+00
1.95500e+03 1.06607e-14 0.00000e+00
1.95600e+03 1.01515e-14 0.00000e+00
1.95700e+03 1.02109e-14 0.00000e+00
1.95800e+03 1.06800e-14 0.00000e+00
1.95900e+03 1.03787e-14 0.00000e+00
1.96000e+03 1.04678e-14 0.00000e+00
1.96100e+03 1.00222e-14 0.00000e+00
1.96200e+03 9.19798e-15 0.00000e+00
1.96300e+03 1.02100e-14 0.00000e+00
1.96400e+03 9.75368e-15 0.00000e+00
1.96500e+03 1.05425e-14 0.00000e+00
1.96600e+03 1.02730e-14 0.00000e+00
1.96700e+03 1.02232e-14 0.00000e+00
1.96800e+03 9.86179e-15 0.00000e+00
1.96900e+03 9.28799e-15 0.00000e+00
1.97000e+03 9.95822e-15 0.00000e+00
1.97100e+03 9.48123e-15 0.00000e+00
1.97200e+03 9.72697e-15 0.00000e+00
1.97300e+03 9.34887e-15 0.00000e+00
1.97400e+03 9.29602e-15 0.00000e+00
1.97500e+03 9.17212e-15 0.00000e+00
1.97600e+03 9.11061e-15 0.00000e+00
1.97700e+03 9.49922e-15 0.00000e+00
1.97800e+03 9.35860e-15 0.00000e+00
1.97900e+03 9.53455e-15 0.00000e+00
1.98000e+03 8.74202e-15 0.00000e+00
1.98100e+03 9.07834e-15 0.00000e+00
1.98200e+03 9.12682e-15 0.00000e+00
1.98300e+03 8.54734e-15 0.00000e+00
1.98400e+03 8.55483e-15 0.00000e+00
1.98500e+03 8.47897e-15 0.00000e+00
1.98600e+03 9.06081e-15 0.00000e+00
1.98700e+03 8.66347e-15 0.00000e+00
1.98800e+03 9.03118e-15 0.00000e+00
1.98900e+03 8.22961e-15 0.00000e+00
1.99000e+03 8.50872e-15 0.00000e+00
1.99100e+03 8.74550e-15 0.00000e+00
1.99200e+03 8.54329e-15 0.00000e+00
1.99300e+03 8.40920e-15 0.00000e+00
1.99400e+03 8.58749e-15 0.00000e+00
1.99500e+03 8.34356e-15 0.00000e+00
1.99600e+03 8.22164e-15 0.00000e+00
1.99700e+03 8.18668e-15 0.00000e+00
1.99800e+03 7.57563e-15 0.00000e+00
1.99900e+03 8.07723e-15 0.00000e+00
2.00000e+03 7.91152e-15 0.00000e+00
