0.00000e+00 0.00000e+00 0.00000e+00
1.00000e+00 0.00000e+00 0.00000e+00
2.00000e+00 0.00000e+00 0.00000e+00
3.00000e+00 0.00000e+00 0.00000e+00
4.00000e+00 0.00000e+00 0.00000e+00
5.00000e+00 0.00000e+00 0.00000e+00
6.00000e+00 0.00000e+00 0.00000e+00
7.00000e+00 0.00000e+00 0.00000e+00
8.00000e+00 0.00000e+00 0.00000e+00
9.00000e+00 0.00000e+00 0.00000e+00
1.00000e+01 0.00000e+00 0.00000e+00
1.10000e+01 0.00000e+00 0.00000e+00
1.20000e+01 0.00000e+00 0.00000e+00
1.30000e+01 0.00000e+00 0.00000e+00
1.40000e+01 0.00000e+00 0.00000e+00
1.50000e+01 0.00000e+00 0.00000e+00
1.60000e+01 0.00000e+00 0.00000e+00
1.70000e+01 0.00000e+00 0.00000e+00
1.80000e+01 0.00000e+00 0.00000e+00
1.90000e+01 0.00000e+00 0.00000e+00
2.00000e+01 0.00000e+00 0.00000e+00
2.10000e+01 0.00000e+00 0.00000e+00
2.20000e+01 0.00000e+00 0.00000e+00
2.30000e+01 0.00000e+00 0.00000e+00
2.40000e+01 0.00000e+00 0.00000e+00
2.50000e+01 0.00000e+00 0.00000e+00
2.60000e+01 0.00000e+00 0.00000e+00
2.70000e+01 0.00000e+00 0.00000e+00
2.80000e+01 0.00000e+00 0.00000e+00
2.90000e+01 0.00000e+00 0.00000e+00
3.00000e+01 0.00000e+00 0.00000e+00
3.10000e+01 0.00000e+00 0.00000e+00
3.20000e+01 0.00000e+00 0.00000e+00
3.30000e+01 0.00000e+00 0.00000e+00
3.40000e+01 0.00000e+00 0.00000e+00
3.50000e+01 0.00000e+00 0.00000e+00
3.60000e+01 0.00000e+00 0.00000e+00
3.70000e+01 0.00000e+00 0.00000e+00
3.80000e+01 0.00000e+00 0.00000e+00
3.90000e+01 0.00000e+00 0.00000e+00
4.00000e+01 0.00000e+00 0.00000e+00
4.10000e+01 0.00000e+00 0.00000e+00
4.20000e+01 0.00000e+00 0.00000e+00
4.30000e+01 0.00000e+00 0.00000e+00
4.40000e+01 0.00000e+00 0.00000e+00
4.50000e+01 0.00000e+00 0.00000e+00
4.60000e+01 0.00000e+00 0.00000e+00
4.70000e+01 0.00000e+00 0.00000e+00
4.80000e+01 0.00000e+00 0.00000e+00
4.90000e+01 0.00000e+00 0.00000e+00
5.00000e+01 0.00000e+00 0.00000e+00
5.10000e+01 0.00000e+00 0.00000e+00
5.20000e+01 0.00000e+00 0.00000e+00
5.30000e+01 0.00000e+00 0.00000e+00
5.40000e+01 0.00000e+00 0.00000e+00
5.50000e+01 0.00000e+00 0.00000e+00
5.60000e+01 0.00000e+00 0.00000e+00
5.70000e+01 0.00000e+00 0.00000e+00
5.80000e+01 0.00000e+00 0.00000e+00
5.90000e+01 0.00000e+00 0.00000e+00
6.00000e+01 0.00000e+00 0.00000e+00
6.10000e+01 0.00000e+00 0.00000e+00
6.20000e+01 0.00000e+00 0.00000e+00
6.30000e+01 0.00000e+00 0.00000e+00
6.40000e+01 0.00000e+00 0.00000e+00
6.50000e+01 0.00000e+00 0.00000e+00
6.60000e+01 0.00000e+00 0.00000e+00
6.70000e+01 0.00000e+00 0.00000e+00
6.80000e+01 0.00000e+00 0.00000e+00
6.90000e+01 0.00000e+00 0.00000e+00
7.00000e+01 0.00000e+00 0.00000e+00
7.10000e+01 0.00000e+00 0.00000e+00
7.20000e+01 0.00000e+00 0.00000e+00
7.30000e+01 0.00000e+00 0.00000e+00
7.40000e+01 0.00000e+00 0.00000e+00
7.50000e+01 0.00000e+00 0.00000e+00
7.60000e+01 0.00000e+00 0.00000e+00
7.70000e+01 0.00000e+00 0.00000e+00
7.80000e+01 0.00000e+00 0.00000e+00
7.90000e+01 0.00000e+00 0.00000e+00
8.00000e+01 0.00000e+00 0.00000e+00
8.10000e+01 0.00000e+00 0.00000e+00
8.20000e+01 0.00000e+00 0.00000e+00
8.30000e+01 0.00000e+00 0.00000e+00
8.40000e+01 0.00000e+00 0.00000e+00
8.50000e+01 0.00000e+00 0.00000e+00
8.60000e+01 0.00000e+00 0.00000e+00
8.70000e+01 0.00000e+00 0.00000e+00
8.80000e+01 0.00000e+00 0.00000e+00
8.90000e+01 0.00000e+00 0.00000e+00
9.00000e+01 0.00000e+00 0.00000e+00
9.10000e+01 0.00000e+00 0.00000e+00
9.20000e+01 0.00000e+00 0.00000e+00
9.30000e+01 0.00000e+00 0.00000e+00
9.40000e+01 0.00000e+00 0.00000e+00
9.50000e+01 0.00000e+00 0.00000e+00
9.60000e+01 0.00000e+00 0.00000e+00
9.70000e+01 0.00000e+00 0.00000e+00
9.80000e+01 0.00000e+00 0.00000e+00
9.90000e+01 0.00000e+00 0.00000e+00
1.00000e+02 1.31317e-10 0.00000e+00
1.01000e+02 1.19859e-10 0.00000e+00
1.02000e+02 1.42424e-10 0.00000e+00
1.03000e+02 1.66561e-10 0.00000e+00
1.04000e+02 2.25823e-10 0.00000e+00
1.05000e+02 6.94610e-11 0.00000e+00
1.06000e+02 1.70199e-10 0.00000e+00
1.07000e+02 1.79650e-10 0.00000e+00
1.08000e+02 1.71270e-10 0.00000e+00
1.09000e+02 8.00663e-11 0.00000e+00
1.10000e+02 1.87728e-10 0.00000e+00
1.11000e+02 1.23992e-10 0.00000e+00
1.12000e+02 1.31818e-10 0.00000e+00
1.13000e+02 2.16084e-10 0.00000e+00
1.14000e+02 1.54910e-10 0.00000e+00
1.15000e+02 1.83639e-10 0.00000e+00
1.16000e+02 1.13545e-10 0.00000e+00
1.17000e+02 2.03633e-10 0.00000e+00
1.18000e+02 1.36693e-10 0.00000e+00
1.19000e+02 1.21628e-10 0.00000e+00
1.20000e+02 1.66248e-10 0.00000e+00
1.21000e+02 1.68413e-10 0.00000e+00
1.22000e+02 1.10020e-10 0.00000e+00
1.23000e+02 7.38044e-11 0.00000e+00
1.24000e+02 1.23791e-10 0.00000e+00
1.25000e+02 5.90558e-11 0.00000e+00
1.26000e+02 1.32350e-10 0.00000e+00
1.27000e+02 1.40736e-10 0.00000e+00
1.28000e+02 9.94873e-11 0.00000e+00
1.29000e+02 8.70599e-11 0.00000e+00
1.30000e+02 8.06091e-11 0.00000e+00
1.31000e+02 1.08144e-10 0.00000e+00
1.32000e+02 5.05913e-11 0.00000e+00
1.33000e+02 9.03323e-11 0.00000e+00
1.34000e+02 1.21052e-10 0.00000e+00
1.35000e+02 1.01353e-10 0.00000e+00
1.36000e+02 8.80226e-11 0.00000e+00
1.37000e+02 1.55069e-10 0.00000e+00
1.38000e+02 1.10425e-10 0.00000e+00
1.39000e+02 1.10235e-10 0.00000e+00
1.40000e+02 8.58459e-11 0.00000e+00
1.41000e+02 1.30855e-10 0.00000e+00
1.42000e+02 1.23827e-10 0.00000e+00
1.43000e+02 1.04055e-10 0.00000e+00
1.44000e+02 1.13572e-10 0.00000e+00
1.45000e+02 1.20864e-10 0.00000e+00
1.46000e+02 9.50725e-11 0.00000e+00
1.47000e+02 1.04853e-10 0.00000e+00
1.48000e+02 7.41824e-11 0.00000e+00
1.49000e+02 8.88410e-11 0.00000e+00
1.50000e+02 1.46282e-10 0.00000e+00
1.51000e+02 1.17574e-10 0.00000e+00
1.52000e+02 1.19032e-10 0.00000e+00
1.53000e+02 5.74133e-11 0.00000e+00
1.54000e+02 1.42865e-10 0.00000e+00
1.55000e+02 1.01181e-10 0.00000e+00
1.56000e+02 1.14875e-10 0.00000e+00
1.57000e+02 1.68092e-10 0.00000e+00
1.58000e+02 9.82640e-11 0.00000e+00
1.59000e+02 9.08434e-11 0.00000e+00
1.60000e+02 8.22174e-11 0.00000e+00
1.61000e+02 7.44107e-11 0.00000e+00
1.62000e+02 1.10455e-10 0.00000e+00
1.63000e+02 9.37913e-11 0.00000e+00
1.64000e+02 1.12108e-10 0.00000e+00
1.65000e+02 1.18871e-10 0.00000e+00
1.66000e+02 9.01482e-11 0.00000e+00
1.67000e+02 1.37898e-10 0.00000e+00
1.68000e+02 9.14367e-11 0.00000e+00
1.69000e+02 9.94106e-11 0.00000e+00
1.70000e+02 1.29649e-10 0.00000e+00
1.71000e+02 9.11650e-11 0.00000e+00
1.72000e+02 1.09706e-10 0.00000e+00
1.73000e+02 6.72489e-11 0.00000e+00
1.74000e+02 4.16306e-11 0.00000e+00
1.75000e+02 4.63580e-11 0.00000e+00
1.76000e+02 1.19478e-10 0.00000e+00
1.77000e+02 7.19455e-11 0.00000e+00
1.78000e+02 6.72190e-11 0.00000e+00
1.79000e+02 7.98683e-11 0.00000e+00
1.80000e+02 1.04207e-10 0.00000e+00
1.81000e+02 9.46732e-11 0.00000e+00
1.82000e+02 1.18990e-10 0.00000e+00
1.83000e+02 6.00319e-11 0.00000e+00
1.84000e+02 8.77453e-11 0.00000e+00
1.85000e+02 6.12414e-11 0.00000e+00
1.86000e+02 9.71509e-11 0.00000e+00
1.87000e+02 7.15929e-11 0.00000e+00
1.88000e+02 8.74577e-11 0.00000e+00
1.89000e+02 1.04604e-10 0.00000e+00
1.90000e+02 7.98174e-11 0.00000e+00
1.91000e+02 8.64682e-11 0.00000e+00
1.92000e+02 6.54910e-11 0.00000e+00
1.93000e+02 6.81270e-11 0.00000e+00
1.94000e+02 8.22991e-11 0.00000e+00
1.95000e+02 5.19600e-11 0.00000e+00
1.96000e+02 1.03807e-10 0.00000e+00
1.97000e+02 7.96142e-11 0.00000e+00
1.98000e+02 1.00853e-10 0.00000e+00
1.99000e+02 8.27620e-11 0.00000e+00
2.00000e+02 5.08782e-11 0.00000e+00
2.01000e+02 7.46232e-11 0.00000e+00
2.02000e+02 8.33372e-11 0.00000e+00
2.03000e+02 6.09573e-11 0.00000e+00
2.04000e+02 8.18043e-11 0.00000e+00
2.05000e+02 6.14652e-11 0.00000e+00
2.06000e+02 8.99261e-11 0.00000e+00
2.07000e+02 4.66727e-11 0.00000e+00
2.08000e+02 7.22430e-11 0.00000e+00
2.09000e+02 7.60141e-11 0.00000e+00
2.10000e+02 9.47464e-11 0.00000e+00
2.11000e+02 5.01470e-11 0.00000e+00
2.12000e+02 4.89445e-11 0.00000e+00
2.13000e+02 5.22428e-11 0.00000e+00
2.14000e+02 7.62905e-11 0.00000e+00
2.15000e+02 1.10371e-10 0.00000e+00
2.16000e+02 6.51732e-11 0.00000e+00
2.17000e+02 1.00474e-10 0.00000e+00
2.18000e+02 1.05198e-10 0.00000e+00
2.19000e+02 4.39989e-11 0.00000e+00
2.20000e+02 6.50489e-11 0.00000e+00
2.21000e+02 5.17972e-11 0.00000e+00
2.22000e+02 8.12157e-11 0.00000e+00
2.23000e+02 6.40088e-11 0.00000e+00
2.24000e+02 7.42919e-11 0.00000e+00
2.25000e+02 7.11084e-11 0.00000e+00
2.26000e+02 1.03091e-10 0.00000e+00
2.27000e+02 7.17028e-11 0.00000e+00
2.28000e+02 6.23849e-11 0.00000e+00
2.29000e+02 7.20152e-11 0.00000e+00
2.30000e+02 6.42943e-11 0.00000e+00
2.31000e+02 7.58455e-11 0.00000e+00
2.32000e+02 9.25674e-11 0.00000e+00
2.33000e+02 7.23107e-11 0.00000e+00
2.34000e+02 7.18313e-11 0.00000e+00
2.35000e+02 5.67449e-11 0.00000e+00
2.36000e+02 6.26812e-11 0.00000e+00
2.37000e+02 9.07625e-11 0.00000e+00
2.38000e+02 5.73568e-11 0.00000e+00
2.39000e+02 8.04327e-11 0.00000e+00
2.40000e+02 4.48911e-11 0.00000e+00
2.41000e+02 7.97674e-11 0.00000e+00
2.42000e+02 1.15548e-10 0.00000e+00
2.43000e+02 6.38103e-11 0.00000e+00
2.44000e+02 9.88003e-11 0.00000e+00
2.45000e+02 1.24968e-10 0.00000e+00
2.46000e+02 7.12356e-11 0.00000e+00
2.47000e+02 4.89959e-11 0.00000e+00
2.48000e+02 7.17365e-11 0.00000e+00
2.49000e+02 6.97465e-11 0.00000e+00
2.50000e+02 6.61966e-11 0.00000e+00
2.51000e+02 8.55194e-11 0.00000e+00
2.52000e+02 5.86581e-11 0.00000e+00
2.53000e+02 4.70907e-11 0.00000e+00
2.54000e+02 3.65102e-11 0.00000e+00
2.55000e+02 7.31351e-11 0.00000e+00
2.56000e+02 6.86208e-11 0.00000e+00
2.57000e+02 8.19304e-11 0.00000e+00
2.58000e+02 7.72195e-11 0.00000e+00
2.59000e+02 6.26398e-11 0.00000e+00
2.60000e+02 4.73034e-11 0.00000e+00
2.61000e+02 7.10149e-11 0.00000e+00
2.62000e+02 4.16081e-11 0.00000e+00
2.63000e+02 7.78881e-11 0.00000e+00
2.64000e+02 5.62284e-11 0.00000e+00
2.65000e+02 5.39493e-11 0.00000e+00
2.66000e+02 3.45930e-11 0.00000e+00
2.67000e+02 6.30601e-11 0.00000e+00
2.68000e+02 5.61222e-11 0.00000e+00
2.69000e+02 5.90856e-11 0.00000e+00
2.70000e+02 6.72196e-11 0.00000e+00
2.71000e+02 4.25209e-11 0.00000e+00
2.72000e+02 5.83141e-11 0.00000e+00
2.73000e+02 7.20178e-11 0.00000e+00
2.74000e+02 3.65464e-11 0.00000e+00
2.75000e+02 6.63448e-11 0.00000e+00
2.76000e+02 4.92016e-11 0.00000e+00
2.77000e+02 3.64177e-11 0.00000e+00
2.78000e+02 4.56092e-11 0.00000e+00
2.79000e+02 4.06756e-11 0.00000e+00
2.80000e+02 1.68215e-11 0.00000e+00
2.81000e+02 7.74631e-11 0.00000e+00
2.82000e+02 5.15837e-11 0.00000e+00
2.83000e+02 4.57379e-11 0.00000e+00
2.84000e+02 4.90367e-11 0.00000e+00
2.85000e+02 7.99514e-11 0.00000e+00
2.86000e+02 6.51348e-11 0.00000e+00
2.87000e+02 5.09438e-11 0.00000e+00
2.88000e+02 2.84337e-11 0.00000e+00
2.89000e+02 5.65088e-11 0.00000e+00
2.90000e+02 6.63547e-11 0.00000e+00
2.91000e+02 6.85989e-11 0.00000e+00
2.92000e+02 6.93704e-11 0.00000e+00
2.93000e+02 3.36451e-11 0.00000e+00
2.94000e+02 6.45966e-11 0.00000e+00
2.95000e+02 6.56136e-11 0.00000e+00
2.96000e+02 4.47827e-11 0.00000e+00
2.97000e+02 4.94165e-11 0.00000e+00
2.98000e+02 4.83393e-11 0.00000e+00
2.99000e+02 4.97862e-11 0.00000e+00
3.00000e+02 5.68237e-11 0.00000e+00
3.01000e+02 3.82358e-11 0.00000e+00
3.02000e+02 6.71178e-11 0.00000e+00
3.03000e+02 5.27660e-11 0.00000e+00
3.04000e+02 8.73450e-11 0.00000e+00
3.05000e+02 5.82619e-11 0.00000e+00
3.06000e+02 6.97253e-11 0.00000e+00
3.07000e+02 5.46695e-11 0.00000e+00
3.08000e+02 5.46866e-11 0.00000e+00
3.09000e+02 6.36796e-11 0.00000e+00
3.10000e+02 8.21707e-11 0.00000e+00
3.11000e+02 5.05205e-11 0.00000e+00
3.12000e+02 3.50129e-11 0.00000e+00
3.13000e+02 5.70805e-11 0.00000e+00
3.14000e+02 5.47738e-11 0.00000e+00
3.15000e+02 5.15250e-11 0.00000e+00
3.16000e+02 6.22769e-11 0.00000e+00
3.17000e+02 4.32604e-11 0.00000e+00
3.18000e+02 1.93640e-11 0.00000e+00
3.19000e+02 5.20299e-11 0.00000e+00
3.20000e+02 3.86184e-11 0.00000e+00
3.21000e+02 4.55065e-11 0.00000e+00
3.22000e+02 4.31323e-11 0.00000e+00
3.23000e+02 7.95242e-11 0.00000e+00
3.24000e+02 5.39597e-11 0.00000e+00
3.25000e+02 3.88882e-11 0.00000e+00
3.26000e+02 6.44044e-11 0.00000e+00
3.27000e+02 6.53008e-11 0.00000e+00
3.28000e+02 2.32045e-11 0.00000e+00
3.29000e+02 3.71705e-11 0.00000e+00
3.30000e+02 3.62777e-11 0.00000e+00
3.31000e+02 4.60338e-11 0.00000e+00
3.32000e+02 3.24386e-11 0.00000e+00
3.33000e+02 6.95162e-11 0.00000e+00
3.34000e+02 5.11665e-11 0.00000e+00
3.35000e+02 4.58865e-11 0.00000e+00
3.36000e+02 5.35384e-11 0.00000e+00
3.37000e+02 6.41801e-11 0.00000e+00
3.38000e+02 1.14293e-11 0.00000e+00
3.39000e+02 4.43295e-11 0.00000e+00
3.40000e+02 4.24756e-11 0.00000e+00
3.41000e+02 5.51241e-11 0.00000e+00
3.42000e+02 4.58464e-11 0.00000e+00
3.43000e+02 4.97982e-11 0.00000e+00
3.44000e+02 4.53718e-11 0.00000e+00
3.45000e+02 5.52147e-11 0.00000e+00
3.46000e+02 5.31340e-11 0.00000e+00
3.47000e+02 1.82101e-11 0.00000e+00
3.48000e+02 3.74537e-11 0.00000e+00
3.49000e+02 3.75230e-11 0.00000e+00
3.50000e+02 2.81544e-11 0.00000e+00
3.51000e+02 4.69612e-11 0.00000e+00
3.52000e+02 4.59043e-11 0.00000e+00
3.53000e+02 3.95102e-11 0.00000e+00
3.54000e+02 5.68174e-11 0.00000e+00
3.55000e+02 5.42205e-11 0.00000e+00
3.56000e+02 6.17699e-11 0.00000e+00
3.57000e+02 2.48384e-11 0.00000e+00
3.58000e+02 3.37883e-11 0.00000e+00
3.59000e+02 4.88462e-11 0.00000e+00
3.60000e+02 3.69746e-11 0.00000e+00
3.61000e+02 3.72728e-11 0.00000e+00
3.62000e+02 4.41672e-11 0.00000e+00
3.63000e+02 2.98128e-11 0.00000e+00
3.64000e+02 3.29051e-11 0.00000e+00
3.65000e+02 4.58843e-11 0.00000e+00
3.66000e+02 5.05698e-11 0.00000e+00
3.67000e+02 3.92489e-11 0.00000e+00
3.68000e+02 6.52517e-11 0.00000e+00
3.69000e+02 4.52004e-11 0.00000e+00
3.70000e+02 4.06565e-11 0.00000e+00
3.71000e+02 5.09929e-11 0.00000e+00
3.72000e+02 5.50302e-11 0.00000e+00
3.73000e+02 4.79800e-11 0.00000e+00
3.74000e+02 4.16639e-11 0.00000e+00
3.75000e+02 6.34839e-11 0.00000e+00
3.76000e+02 4.41024e-11 0.00000e+00
3.77000e+02 3.83311e-11 0.00000e+00
3.78000e+02 5.09655e-11 0.00000e+00
3.79000e+02 3.36768e-11 0.00000e+00
3.80000e+02 3.73036e-11 0.00000e+00
3.81000e+02 3.72901e-11 0.00000e+00
3.82000e+02 3.44444e-11 0.00000e+00
3.83000e+02 7.51180e-11 0.00000e+00
3.84000e+02 5.25985e-11 0.00000e+00
3.85000e+02 4.65357e-11 0.00000e+00
3.86000e+02 4.14149e-11 0.00000e+00
3.87000e+02 4.75707e-11 0.00000e+00
3.88000e+02 3.10431e-11 0.00000e+00
3.89000e+02 3.90202e-11 0.00000e+00
3.90000e+02 3.56598e-11 0.00000e+00
3.91000e+02 3.86182e-11 0.00000e+00
3.92000e+02 5.67025e-11 0.00000e+00
3.93000e+02 5.46128e-11 0.00000e+00
3.94000e+02 3.88119e-11 0.00000e+00
3.95000e+02 4.23642e-11 0.00000e+00
3.96000e+02 4.89888e-11 0.00000e+00
3.97000e+02 5.51347e-11 0.00000e+00
3.98000e+02 6.20013e-11 0.00000e+00
3.99000e+02 4.20324e-11 0.00000e+00
4.00000e+02 4.52470e-11 0.00000e+00
4.01000e+02 3.63066e-11 0.00000e+00
4.02000e+02 2.34397e-11 0.00000e+00
4.03000e+02 4.87935e-11 0.00000e+00
4.04000e+02 4.94432e-11 0.00000e+00
4.05000e+02 2.63592e-11 0.00000e+00
4.06000e+02 3.70042e-11 0.00000e+00
4.07000e+02 5.35700e-11 0.00000e+00
4.08000e+02 5.53941e-11 0.00000e+00
4.09000e+02 4.15523e-11 0.00000e+00
4.10000e+02 2.97781e-11 0.00000e+00
4.11000e+02 3.67070e-11 0.00000e+00
4.12000e+02 4.12054e-11 0.00000e+00
4.13000e+02 4.56540e-11 0.00000e+00
4.14000e+02 3.92826e-11 0.00000e+00
4.15000e+02 3.85785e-11 0.00000e+00
4.16000e+02 3.33562e-11 0.00000e+00
4.17000e+02 4.16560e-11 0.00000e+00
4.18000e+02 2.98056e-11 0.00000e+00
4.19000e+02 3.58462e-11 0.00000e+00
4.20000e+02 2.86445e-11 0.00000e+00
4.21000e+02 4.18037e-11 0.00000e+00
4.22000e+02 2.77774e-11 0.00000e+00
4.23000e+02 4.16815e-11 0.00000e+00
4.24000e+02 3.65268e-11 0.00000e+00
4.25000e+02 3.39586e-11 0.00000e+00
4.26000e+02 3.18961e-11 0.00000e+00
4.27000e+02 3.33829e-11 0.00000e+00
4.28000e+02 3.93322e-11 0.00000e+00
4.29000e+02 3.02473e-11 0.00000e+00
4.30000e+02 3.32182e-11 0.00000e+00
4.31000e+02 3.48082e-11 0.00000e+00
4.32000e+02 3.71843e-11 0.00000e+00
4.33000e+02 2.26313e-11 0.00000e+00
4.34000e+02 3.67966e-11 0.00000e+00
4.35000e+02 3.79475e-11 0.00000e+00
4.36000e+02 3.30458e-11 0.00000e+00
4.37000e+02 4.19828e-11 0.00000e+00
4.38000e+02 4.69370e-11 0.00000e+00
4.39000e+02 4.96256e-11 0.00000e+00
4.40000e+02 3.04098e-11 0.00000e+00
4.41000e+02 3.39685e-11 0.00000e+00
4.42000e+02 3.76082e-11 0.00000e+00
4.43000e+02 4.22311e-11 0.00000e+00
4.44000e+02 3.27174e-11 0.00000e+00
4.45000e+02 3.47681e-11 0.00000e+00
4.46000e+02 4.34664e-11 0.00000e+00
4.47000e+02 2.91218e-11 0.00000e+00
4.48000e+02 1.33413e-11 0.00000e+00
4.49000e+02 2.42899e-11 0.00000e+00
4.50000e+02 3.37273e-11 0.00000e+00
4.51000e+02 2.80162e-11 0.00000e+00
4.52000e+02 4.11484e-11 0.00000e+00
4.53000e+02 4.37097e-11 0.00000e+00
4.54000e+02 4.11357e-11 0.00000e+00
4.55000e+02 3.83292e-11 0.00000e+00
4.56000e+02 4.20982e-11 0.00000e+00
4.57000e+02 3.92245e-11 0.00000e+00
4.58000e+02 2.58160e-11 0.00000e+00
4.59000e+02 3.08051e-11 0.00000e+00
4.60000e+02 2.91046e-11 0.00000e+00
4.61000e+02 3.45583e-11 0.00000e+00
4.62000e+02 4.55284e-11 0.00000e+00
4.63000e+02 2.94160e-11 0.00000e+00
4.64000e+02 2.04288e-11 0.00000e+00
4.65000e+02 2.97531e-11 0.00000e+00
4.66000e+02 3.73599e-11 0.00000e+00
4.67000e+02 3.59742e-11 0.00000e+00
4.68000e+02 2.91616e-11 0.00000e+00
4.69000e+02 2.85969e-11 0.00000e+00
4.70000e+02 3.19784e-11 0.00000e+00
4.71000e+02 2.50180e-11 0.00000e+00
4.72000e+02 3.10776e-11 0.00000e+00
4.73000e+02 3.49487e-11 0.00000e+00
4.74000e+02 2.35133e-11 0.00000e+00
4.75000e+02 3.78472e-11 0.00000e+00
4.76000e+02 2.76239e-11 0.00000e+00
4.77000e+02 2.81412e-11 0.00000e+00
4.78000e+02 3.40823e-11 0.00000e+00
4.79000e+02 3.66287e-11 0.00000e+00
4.80000e+02 3.64858e-11 0.00000e+00
4.81000e+02 3.19823e-11 0.00000e+00
4.82000e+02 4.11753e-11 0.00000e+00
4.83000e+02 2.22994e-11 0.00000e+00
4.84000e+02 2.39205e-11 0.00000e+00
4.85000e+02 4.05562e-11 0.00000e+00
4.86000e+02 3.66400e-11 0.00000e+00
4.87000e+02 3.10241e-11 0.00000e+00
4.88000e+02 2.85342e-11 0.00000e+00
4.89000e+02 2.69498e-11 0.00000e+00
4.90000e+02 3.28006e-11 0.00000e+00
4.91000e+02 3.73875e-11 0.00000e+00
4.92000e+02 2.90711e-11 0.00000e+00
4.93000e+02 3.53985e-11 0.00000e+00
4.94000e+02 4.63941e-11 0.00000e+00
4.95000e+02 3.31412e-11 0.00000e+00
4.96000e+02 4.20842e-11 0.00000e+00
4.97000e+02 3.12396e-11 0.00000e+00
4.98000e+02 3.91639e-11 0.00000e+00
4.99000e+02 4.23878e-11 0.00000e+00
5.00000e+02 2.94485e-11 0.00000e+00
5.01000e+02 3.22822e-11 0.00000e+00
5.02000e+02 3.71479e-11 0.00000e+00
5.03000e+02 4.27212e-11 0.00000e+00
5.04000e+02 3.16919e-11 0.00000e+00
5.05000e+02 3.74982e-11 0.00000e+00
5.06000e+02 3.27714e-11 0.00000e+00
5.07000e+02 2.92520e-11 0.00000e+00
5.08000e+02 3.34713e-11 0.00000e+00
5.09000e+02 3.81677e-11 0.00000e+00
5.10000e+02 2.63157e-11 0.00000e+00
5.11000e+02 3.77441e-11 0.00000e+00
5.12000e+02 3.19021e-11 0.00000e+00
5.13000e+02 3.71938e-11 0.00000e+00
5.14000e+02 3.44338e-11 0.00000e+00
5.15000e+02 3.57901e-11 0.00000e+00
5.16000e+02 2.22751e-11 0.00000e+00
5.17000e+02 3.59742e-11 0.00000e+00
5.18000e+02 3.50155e-11 0.00000e+00
5.19000e+02 3.02786e-11 0.00000e+00
5.20000e+02 3.09926e-11 0.00000e+00
5.21000e+02 2.51211e-11 0.00000e+00
5.22000e+02 2.89336e-11 0.00000e+00
5.23000e+02 3.22868e-11 0.00000e+00
5.24000e+02 2.90444e-11 0.00000e+00
5.25000e+02 2.77505e-11 0.00000e+00
5.26000e+02 1.92900e-11 0.00000e+00
5.27000e+02 3.00095e-11 0.00000e+00
5.28000e+02 2.70142e-11 0.00000e+00
5.29000e+02 2.87746e-11 0.00000e+00
5.30000e+02 3.61976e-11 0.00000e+00
5.31000e+02 3.19321e-11 0.00000e+00
5.32000e+02 2.04444e-11 0.00000e+00
5.33000e+02 3.66658e-11 0.00000e+00
5.34000e+02 2.98879e-11 0.00000e+00
5.35000e+02 2.42314e-11 0.00000e+00
5.36000e+02 3.02274e-11 0.00000e+00
5.37000e+02 2.24254e-11 0.00000e+00
5.38000e+02 3.31451e-11 0.00000e+00
5.39000e+02 3.32176e-11 0.00000e+00
5.40000e+02 3.14970e-11 0.00000e+00
5.41000e+02 2.51645e-11 0.00000e+00
5.42000e+02 4.18134e-11 0.00000e+00
5.43000e+02 3.27442e-11 0.00000e+00
5.44000e+02 2.35208e-11 0.00000e+00
5.45000e+02 3.10100e-11 0.00000e+00
5.46000e+02 3.11181e-11 0.00000e+00
5.47000e+02 3.23877e-11 0.00000e+00
5.48000e+02 3.18922e-11 0.00000e+00
5.49000e+02 3.01600e-11 0.00000e+00
5.50000e+02 3.04321e-11 0.00000e+00
5.51000e+02 2.52482e-11 0.00000e+00
5.52000e+02 3.75129e-11 0.00000e+00
5.53000e+02 1.55217e-11 0.00000e+00
5.54000e+02 2.99934e-11 0.00000e+00
5.55000e+02 1.95246e-11 0.00000e+00
5.56000e+02 4.51219e-11 0.00000e+00
5.57000e+02 2.86671e-11 0.00000e+00
5.58000e+02 2.05472e-11 0.00000e+00
5.59000e+02 3.18484e-11 0.00000e+00
5.60000e+02 3.03925e-11 0.00000e+00
5.61000e+02 3.48465e-11 0.00000e+00
5.62000e+02 3.37652e-11 0.00000e+00
5.63000e+02 2.89868e-11 0.00000e+00
5.64000e+02 2.59806e-11 0.00000e+00
5.65000e+02 2.92268e-11 0.00000e+00
5.66000e+02 1.57422e-11 0.00000e+00
5.67000e+02 3.62157e-11 0.00000e+00
5.68000e+02 2.80337e-11 0.00000e+00
5.69000e+02 1.59253e-11 0.00000e+00
5.70000e+02 2.76958e-11 0.00000e+00
5.71000e+02 2.31488e-11 0.00000e+00
5.72000e+02 3.85904e-11 0.00000e+00
5.73000e+02 3.21050e-11 0.00000e+00
5.74000e+02 2.77448e-11 0.00000e+00
5.75000e+02 2.33659e-11 0.00000e+00
5.76000e+02 2.17838e-11 0.00000e+00
5.77000e+02 2.66729e-11 0.00000e+00
5.78000e+02 2.40635e-11 0.00000e+00
5.79000e+02 3.26270e-11 0.00000e+00
5.80000e+02 1.89515e-11 0.00000e+00
5.81000e+02 2.41182e-11 0.00000e+00
5.82000e+02 2.58846e-11 0.00000e+00
5.83000e+02 2.51866e-11 0.00000e+00
5.84000e+02 2.12356e-11 0.00000e+00
5.85000e+02 3.85746e-11 0.00000e+00
5.86000e+02 3.11840e-11 0.00000e+00
5.87000e+02 2.78672e-11 0.00000e+00
5.88000e+02 2.15626e-11 0.00000e+00
5.89000e+02 3.04691e-11 0.00000e+00
5.90000e+02 3.42223e-11 0.00000e+00
5.91000e+02 2.55006e-11 0.00000e+00
5.92000e+02 2.37535e-11 0.00000e+00
5.93000e+02 3.55714e-11 0.00000e+00
5.94000e+02 2.93042e-11 0.00000e+00
5.95000e+02 3.09589e-11 0.00000e+00
5.96000e+02 3.17381e-11 0.00000e+00
5.97000e+02 3.10102e-11 0.00000e+00
5.98000e+02 2.94218e-11 0.00000e+00
5.99000e+02 2.24868e-11 0.00000e+00
6.00000e+02 3.03405e-11 0.00000e+00
6.01000e+02 1.29367e-11 0.00000e+00
6.02000e+02 2.23120e-11 0.00000e+00
6.03000e+02 2.60056e-11 0.00000e+00
6.04000e+02 2.90384e-11 0.00000e+00
6.05000e+02 2.58031e-11 0.00000e+00
6.06000e+02 1.68415e-11 0.00000e+00
6.07000e+02 2.80371e-11 0.00000e+00
6.08000e+02 3.35648e-11 0.00000e+00
6.09000e+02 2.75079e-11 0.00000e+00
6.10000e+02 3.05758e-11 0.00000e+00
6.11000e+02 1.95141e-11 0.00000e+00
6.12000e+02 2.32445e-11 0.00000e+00
6.13000e+02 2.55381e-11 0.00000e+00
6.14000e+02 2.92198e-11 0.00000e+00
6.15000e+02 2.42285e-11 0.00000e+00
6.16000e+02 2.09203e-11 0.00000e+00
6.17000e+02 2.47786e-11 0.00000e+00
6.18000e+02 3.06762e-11 0.00000e+00
6.19000e+02 2.74258e-11 0.00000e+00
6.20000e+02 2.78202e-11 0.00000e+00
6.21000e+02 2.42439e-11 0.00000e+00
6.22000e+02 2.86127e-11 0.00000e+00
6.23000e+02 2.92190e-11 0.00000e+00
6.24000e+02 3.34224e-11 0.00000e+00
6.25000e+02 2.77421e-11 0.00000e+00
6.26000e+02 2.16290e-11 0.00000e+00
6.27000e+02 2.78589e-11 0.00000e+00
6.28000e+02 2.94727e-11 0.00000e+00
6.29000e+02 2.69632e-11 0.00000e+00
6.30000e+02 2.11634e-11 0.00000e+00
6.31000e+02 2.53779e-11 0.00000e+00
6.32000e+02 2.53343e-11 0.00000e+00
6.33000e+02 2.85159e-11 0.00000e+00
6.34000e+02 3.04969e-11 0.00000e+00
6.35000e+02 2.24154e-11 0.00000e+00
6.36000e+02 2.28133e-11 0.00000e+00
6.37000e+02 3.26366e-11 0.00000e+00
6.38000e+02 3.10836e-11 0.00000e+00
6.39000e+02 1.52094e-11 0.00000e+00
6.40000e+02 2.20600e-11 0.00000e+00
6.41000e+02 3.29176e-11 0.00000e+00
6.42000e+02 2.26652e-11 0.00000e+00
6.43000e+02 2.64995e-11 0.00000e+00
6.44000e+02 2.80209e-11 0.00000e+00
6.45000e+02 2.34754e-11 0.00000e+00
6.46000e+02 2.85288e-11 0.00000e+00
6.47000e+02 1.85984e-11 0.00000e+00
6.48000e+02 2.53846e-11 0.00000e+00
6.49000e+02 2.74627e-11 0.00000e+00
6.50000e+02 2.83216e-11 0.00000e+00
6.51000e+02 2.67516e-11 0.00000e+00
6.52000e+02 3.81574e-11 0.00000e+00
6.53000e+02 2.46510e-11 0.00000e+00
6.54000e+02 3.36639e-11 0.00000e+00
6.55000e+02 2.47932e-11 0.00000e+00
6.56000e+02 2.24237e-11 0.00000e+00
6.57000e+02 2.88062e-11 0.00000e+00
6.58000e+02 2.46951e-11 0.00000e+00
6.59000e+02 3.18509e-11 0.00000e+00
6.60000e+02 2.22233e-11 0.00000e+00
6.61000e+02 2.35365e-11 0.00000e+00
6.62000e+02 2.16436e-11 0.00000e+00
6.63000e+02 2.73567e-11 0.00000e+00
6.64000e+02 2.36219e-11 0.00000e+00
6.65000e+02 2.39462e-11 0.00000e+00
6.66000e+02 2.38049e-11 0.00000e+00
6.67000e+02 2.53230e-11 0.00000e+00
6.68000e+02 2.07493e-11 0.00000e+00
6.69000e+02 2.29677e-11 0.00000e+00
6.70000e+02 2.42887e-11 0.00000e+00
6.71000e+02 2.54163e-11 0.00000e+00
6.72000e+02 1.68293e-11 0.00000e+00
6.73000e+02 1.83554e-11 0.00000e+00
6.74000e+02 2.25085e-11 0.00000e+00
6.75000e+02 2.45775e-11 0.00000e+00
6.76000e+02 2.48902e-11 0.00000e+00
6.77000e+02 1.86898e-11 0.00000e+00
6.78000e+02 2.32730e-11 0.00000e+00
6.79000e+02 2.38473e-11 0.00000e+00
6.80000e+02 2.39812e-11 0.00000e+00
6.81000e+02 2.89543e-11 0.00000e+00
6.82000e+02 2.51597e-11 0.00000e+00
6.83000e+02 2.76452e-11 0.00000e+00
6.84000e+02 2.48351e-11 0.00000e+00
6.85000e+02 3.31218e-11 0.00000e+00
6.86000e+02 2.70262e-11 0.00000e+00
6.87000e+02 2.24295e-11 0.00000e+00
6.88000e+02 3.39912e-11 0.00000e+00
6.89000e+02 2.63421e-11 0.00000e+00
6.90000e+02 2.35833e-11 0.00000e+00
6.91000e+02 2.48774e-11 0.00000e+00
6.92000e+02 2.65663e-11 0.00000e+00
6.93000e+02 2.35631e-11 0.00000e+00
6.94000e+02 2.16460e-11 0.00000e+00
6.95000e+02 2.42445e-11 0.00000e+00
6.96000e+02 2.63266e-11 0.00000e+00
6.97000e+02 2.48241e-11 0.00000e+00
6.98000e+02 2.14810e-11 0.00000e+00
6.99000e+02 1.95441e-11 0.00000e+00
7.00000e+02 2.32974e-11 0.00000e+00
7.01000e+02 3.14168e-11 0.00000e+00
7.02000e+02 1.42971e-11 0.00000e+00
7.03000e+02 1.97551e-11 0.00000e+00
7.04000e+02 2.75599e-11 0.00000e+00
7.05000e+02 2.03671e-11 0.00000e+00
7.06000e+02 2.16099e-11 0.00000e+00
7.07000e+02 2.40288e-11 0.00000e+00
7.08000e+02 2.80475e-11 0.00000e+00
7.09000e+02 3.02041e-11 0.00000e+00
7.10000e+02 2.06543e-11 0.00000e+00
7.11000e+02 2.07815e-11 0.00000e+00
7.12000e+02 2.27353e-11 0.00000e+00
7.13000e+02 2.51387e-11 0.00000e+00
7.14000e+02 2.68667e-11 0.00000e+00
7.15000e+02 2.42203e-11 0.00000e+00
7.16000e+02 2.62687e-11 0.00000e+00
7.17000e+02 2.14912e-11 0.00000e+00
7.18000e+02 2.78024e-11 0.00000e+00
7.19000e+02 1.61116e-11 0.00000e+00
7.20000e+02 1.84151e-11 0.00000e+00
7.21000e+02 2.10023e-11 0.00000e+00
7.22000e+02 2.67571e-11 0.00000e+00
7.23000e+02 1.97114e-11 0.00000e+00
7.24000e+02 2.18634e-11 0.00000e+00
7.25000e+02 2.73492e-11 0.00000e+00
7.26000e+02 2.37059e-11 0.00000e+00
7.27000e+02 2.48862e-11 0.00000e+00
7.28000e+02 2.46566e-11 0.00000e+00
7.29000e+02 2.09384e-11 0.00000e+00
7.30000e+02 2.52008e-11 0.00000e+00
7.31000e+02 2.75104e-11 0.00000e+00
7.32000e+02 3.00724e-11 0.00000e+00
7.33000e+02 2.11746e-11 0.00000e+00
7.34000e+02 2.36883e-11 0.00000e+00
7.35000e+02 3.24855e-11 0.00000e+00
7.36000e+02 1.57947e-11 0.00000e+00
7.37000e+02 2.78571e-11 0.00000e+00
7.38000e+02 2.31667e-11 0.00000e+00
7.39000e+02 2.54133e-11 0.00000e+00
7.40000e+02 2.71483e-11 0.00000e+00
7.41000e+02 2.65739e-11 0.00000e+00
7.42000e+02 2.74822e-11 0.00000e+00
7.43000e+02 2.62593e-11 0.00000e+00
7.44000e+02 1.76569e-11 0.00000e+00
7.45000e+02 2.50915e-11 0.00000e+00
7.46000e+02 2.37370e-11 0.00000e+00
7.47000e+02 2.22464e-11 0.00000e+00
7.48000e+02 1.77939e-11 0.00000e+00
7.49000e+02 2.36489e-11 0.00000e+00
7.50000e+02 2.18529e-11 0.00000e+00
7.51000e+02 2.44877e-11 0.00000e+00
7.52000e+02 2.15771e-11 0.00000e+00
7.53000e+02 2.11064e-11 0.00000e+00
7.54000e+02 2.69247e-11 0.00000e+00
7.55000e+02 2.19896e-11 0.00000e+00
7.56000e+02 2.05021e-11 0.00000e+00
7.57000e+02 1.56323e-11 0.00000e+00
7.58000e+02 2.00092e-11 0.00000e+00
7.59000e+02 1.88365e-11 0.00000e+00
7.60000e+02 1.63984e-11 0.00000e+00
7.61000e+02 2.32992e-11 0.00000e+00
7.62000e+02 2.23987e-11 0.00000e+00
7.63000e+02 2.55428e-11 0.00000e+00
7.64000e+02 2.38315e-11 0.00000e+00
7.65000e+02 1.78121e-11 0.00000e+00
7.66000e+02 2.07608e-11 0.00000e+00
7.67000e+02 2.20847e-11 0.00000e+00
7.68000e+02 2.55130e-11 0.00000e+00
7.69000e+02 2.14326e-11 0.00000e+00
7.70000e+02 1.78219e-11 0.00000e+00
7.71000e+02 2.18412e-11 0.00000e+00
7.72000e+02 1.76494e-11 0.00000e+00
7.73000e+02 2.00007e-11 0.00000e+00
7.74000e+02 2.43198e-11 0.00000e+00
7.75000e+02 1.83028e-11 0.00000e+00
7.76000e+02 2.03320e-11 0.00000e+00
7.77000e+02 2.06888e-11 0.00000e+00
7.78000e+02 2.47715e-11 0.00000e+00
7.79000e+02 1.93725e-11 0.00000e+00
7.80000e+02 2.05520e-11 0.00000e+00
7.81000e+02 2.25527e-11 0.00000e+00
7.82000e+02 2.08113e-11 0.00000e+00
7.83000e+02 2.10132e-11 0.00000e+00
7.84000e+02 1.73047e-11 0.00000e+00
7.85000e+02 2.08104e-11 0.00000e+00
7.86000e+02 1.63551e-11 0.00000e+00
7.87000e+02 2.28781e-11 0.00000e+00
7.88000e+02 2.58111e-11 0.00000e+00
7.89000e+02 2.09149e-11 0.00000e+00
7.90000e+02 1.94441e-11 0.00000e+00
7.91000e+02 2.02732e-11 0.00000e+00
7.92000e+02 2.15155e-11 0.00000e+00
7.93000e+02 2.03981e-11 0.00000e+00
7.94000e+02 2.30485e-11 0.00000e+00
7.95000e+02 1.68749e-11 0.00000e+00
7.96000e+02 2.64225e-11 0.00000e+00
7.97000e+02 2.17441e-11 0.00000e+00
7.98000e+02 2.12161e-11 0.00000e+00
7.99000e+02 1.83512e-11 0.00000e+00
8.00000e+02 1.45257e-11 0.00000e+00
8.01000e+02 2.35745e-11 0.00000e+00
8.02000e+02 2.08234e-11 0.00000e+00
8.03000e+02 2.20835e-11 0.00000e+00
8.04000e+02 1.57679e-11 0.00000e+00
8.05000e+02 1.72911e-11 0.00000e+00
8.06000e+02 2.48863e-11 0.00000e+00
8.07000e+02 2.00879e-11 0.00000e+00
8.08000e+02 1.92286e-11 0.00000e+00
8.09000e+02 1.93693e-11 0.00000e+00
8.10000e+02 2.54609e-11 0.00000e+00
8.11000e+02 1.97864e-11 0.00000e+00
8.12000e+02 1.80867e-11 0.00000e+00
8.13000e+02 2.40606e-11 0.00000e+00
8.14000e+02 2.24988e-11 0.00000e+00
8.15000e+02 1.70163e-11 0.00000e+00
8.16000e+02 2.22650e-11 0.00000e+00
8.17000e+02 2.33791e-11 0.00000e+00
8.18000e+02 1.93367e-11 0.00000e+00
8.19000e+02 2.70438e-11 0.00000e+00
8.20000e+02 2.56855e-11 0.00000e+00
8.21000e+02 1.63506e-11 0.00000e+00
8.22000e+02 2.30962e-11 0.00000e+00
8.23000e+02 2.50699e-11 0.00000e+00
8.24000e+02 1.74377e-11 0.00000e+00
8.25000e+02 1.93539e-11 0.00000e+00
8.26000e+02 2.42999e-11 0.00000e+00
8.27000e+02 2.16681e-11 0.00000e+00
8.28000e+02 1.25390e-11 0.00000e+00
8.29000e+02 2.03114e-11 0.00000e+00
8.30000e+02 1.93946e-11 0.00000e+00
8.31000e+02 1.90006e-11 0.00000e+00
8.32000e+02 1.41011e-11 0.00000e+00
8.33000e+02 2.38860e-11 0.00000e+00
8.34000e+02 2.17826e-11 0.00000e+00
8.35000e+02 2.48252e-11 0.00000e+00
8.36000e+02 2.02978e-11 0.00000e+00
8.37000e+02 1.92244e-11 0.00000e+00
8.38000e+02 1.82597e-11 0.00000e+00
8.39000e+02 2.36210e-11 0.00000e+00
8.40000e+02 2.08587e-11 0.00000e+00
8.41000e+02 2.06276e-11 0.00000e+00
8.42000e+02 1.77879e-11 0.00000e+00
8.43000e+02 1.97196e-11 0.00000e+00
8.44000e+02 1.85059e-11 0.00000e+00
8.45000e+02 2.58589e-11 0.00000e+00
8.46000e+02 1.91330e-11 0.00000e+00
8.47000e+02 2.04637e-11 0.00000e+00
8.48000e+02 1.45517e-11 0.00000e+00
8.49000e+02 1.79957e-11 0.00000e+00
8.50000e+02 1.73248e-11 0.00000e+00
8.51000e+02 1.98860e-11 0.00000e+00
8.52000e+02 2.07745e-11 0.00000e+00
8.53000e+02 1.93706e-11 0.00000e+00
8.54000e+02 1.85158e-11 0.00000e+00
8.55000e+02 2.20412e-11 0.00000e+00
8.56000e+02 2.04816e-11 0.00000e+00
8.57000e+02 1.68643e-11 0.00000e+00
8.58000e+02 2.65398e-11 0.00000e+00
8.59000e+02 2.28436e-11 0.00000e+00
8.60000e+02 1.57784e-11 0.00000e+00
8.61000e+02 1.87808e-11 0.00000e+00
8.62000e+02 1.93419e-11 0.00000e+00
8.63000e+02 2.00901e-11 0.00000e+00
8.64000e+02 1.52123e-11 0.00000e+00
8.65000e+02 2.27409e-11 0.00000e+00
8.66000e+02 2.23180e-11 0.00000e+00
8.67000e+02 1.65976e-11 0.00000e+00
8.68000e+02 1.61700e-11 0.00000e+00
8.69000e+02 1.88755e-11 0.00000e+00
8.70000e+02 2.16966e-11 0.00000e+00
8.71000e+02 1.93304e-11 0.00000e+00
8.72000e+02 1.76513e-11 0.00000e+00
8.73000e+02 2.48085e-11 0.00000e+00
8.74000e+02 1.94342e-11 0.00000e+00
8.75000e+02 1.74251e-11 0.00000e+00
8.76000e+02 1.50874e-11 0.00000e+00
8.77000e+02 2.39612e-11 0.00000e+00
8.78000e+02 2.01509e-11 0.00000e+00
8.79000e+02 1.76196e-11 0.00000e+00
8.80000e+02 1.84702e-11 0.00000e+00
8.81000e+02 1.92931e-11 0.00000e+00
8.82000e+02 1.71137e-11 0.00000e+00
8.83000e+02 2.00530e-11 0.00000e+00
8.84000e+02 2.01445e-11 0.00000e+00
8.85000e+02 1.78623e-11 0.00000e+00
8.86000e+02 1.89369e-11 0.00000e+00
8.87000e+02 1.86860e-11 0.00000e+00
8.88000e+02 1.93312e-11 0.00000e+00
8.89000e+02 1.70063e-11 0.00000e+00
8.90000e+02 1.53639e-11 0.00000e+00
8.91000e+02 1.48782e-11 0.00000e+00
8.92000e+02 2.05946e-11 0.00000e+00
8.93000e+02 1.57035e-11 0.00000e+00
8.94000e+02 1.76209e-11 0.00000e+00
8.95000e+02 2.10332e-11 0.00000e+00
8.96000e+02 1.97547e-11 0.00000e+00
8.97000e+02 1.54504e-11 0.00000e+00
8.98000e+02 1.49357e-11 0.00000e+00
8.99000e+02 1.87168e-11 0.00000e+00
9.00000e+02 1.96389e-11 0.00000e+00
9.01000e+02 1.94610e-11 0.00000e+00
9.02000e+02 2.15359e-11 0.00000e+00
9.03000e+02 1.99913e-11 0.00000e+00
9.04000e+02 1.86379e-11 0.00000e+00
9.05000e+02 1.77868e-11 0.00000e+00
9.06000e+02 2.31153e-11 0.00000e+00
9.07000e+02 1.92606e-11 0.00000e+00
9.08000e+02 1.63622e-11 0.00000e+00
9.09000e+02 1.59145e-11 0.00000e+00
9.10000e+02 1.84757e-11 0.00000e+00
9.11000e+02 2.09643e-11 0.00000e+00
9.12000e+02 2.13926e-11 0.00000e+00
9.13000e+02 1.69295e-11 0.00000e+00
9.14000e+02 2.12838e-11 0.00000e+00
9.15000e+02 1.80770e-11 0.00000e+00
9.16000e+02 2.06677e-11 0.00000e+00
9.17000e+02 1.87298e-11 0.00000e+00
9.18000e+02 1.66144e-11 0.00000e+00
9.19000e+02 1.87208e-11 0.00000e+00
9.20000e+02 1.78655e-11 0.00000e+00
9.21000e+02 1.98403e-11 0.00000e+00
9.22000e+02 1.67362e-11 0.00000e+00
9.23000e+02 1.54501e-11 0.00000e+00
9.24000e+02 1.99917e-11 0.00000e+00
9.25000e+02 2.02591e-11 0.00000e+00
9.26000e+02 1.78781e-11 0.00000e+00
9.27000e+02 1.75918e-11 0.00000e+00
9.28000e+02 1.78817e-11 0.00000e+00
9.29000e+02 1.72158e-11 0.00000e+00
9.30000e+02 1.63091e-11 0.00000e+00
9.31000e+02 1.84585e-11 0.00000e+00
9.32000e+02 1.85846e-11 0.00000e+00
9.33000e+02 1.98048e-11 0.00000e+00
9.34000e+02 2.03799e-11 0.00000e+00
9.35000e+02 1.55709e-11 0.00000e+00
9.36000e+02 1.73954e-11 0.00000e+00
9.37000e+02 2.17775e-11 0.00000e+00
9.38000e+02 1.75041e-11 0.00000e+00
9.39000e+02 1.95986e-11 0.00000e+00
9.40000e+02 2.15885e-11 0.00000e+00
9.41000e+02 1.81747e-11 0.00000e+00
9.42000e+02 1.48655e-11 0.00000e+00
9.43000e+02 1.97203e-11 0.00000e+00
9.44000e+02 1.29303e-11 0.00000e+00
9.45000e+02 1.66098e-11 0.00000e+00
9.46000e+02 1.77069e-11 0.00000e+00
9.47000e+02 1.68693e-11 0.00000e+00
9.48000e+02 1.31845e-11 0.00000e+00
9.49000e+02 1.78831e-11 0.00000e+00
9.50000e+02 1.83060e-11 0.00000e+00
9.51000e+02 1.54620e-11 0.00000e+00
9.52000e+02 1.23238e-11 0.00000e+00
9.53000e+02 1.54303e-11 0.00000e+00
9.54000e+02 1.81260e-11 0.00000e+00
9.55000e+02 1.90339e-11 0.00000e+00
9.56000e+02 1.89415e-11 0.00000e+00
9.57000e+02 1.37253e-11 0.00000e+00
9.58000e+02 1.13690e-11 0.00000e+00
9.59000e+02 2.04796e-11 0.00000e+00
9.60000e+02 1.73824e-11 0.00000e+00
9.61000e+02 1.79329e-11 0.00000e+00
9.62000e+02 1.86497e-11 0.00000e+00
9.63000e+02 1.67998e-11 0.00000e+00
9.64000e+02 1.41928e-11 0.00000e+00
9.65000e+02 1.66464e-11 0.00000e+00
9.66000e+02 1.57775e-11 0.00000e+00
9.67000e+02 1.55596e-11 0.00000e+00
9.68000e+02 1.40504e-11 0.00000e+00
9.69000e+02 1.67902e-11 0.00000e+00
9.70000e+02 1.58746e-11 0.00000e+00
9.71000e+02 1.74002e-11 0.00000e+00
9.72000e+02 1.80872e-11 0.00000e+00
9.73000e+02 1.66357e-11 0.00000e+00
9.74000e+02 1.75053e-11 0.00000e+00
9.75000e+02 1.97494e-11 0.00000e+00
9.76000e+02 2.00065e-11 0.00000e+00
9.77000e+02 1.66552e-11 0.00000e+00
9.78000e+02 2.47296e-11 0.00000e+00
9.79000e+02 1.52350e-11 0.00000e+00
9.80000e+02 1.72955e-11 0.00000e+00
9.81000e+02 1.76326e-11 0.00000e+00
9.82000e+02 1.65415e-11 0.00000e+00
9.83000e+02 1.61692e-11 0.00000e+00
9.84000e+02 1.53480e-11 0.00000e+00
9.85000e+02 2.05623e-11 0.00000e+00
9.86000e+02 1.48136e-11 0.00000e+00
9.87000e+02 1.33139e-11 0.00000e+00
9.88000e+02 1.73302e-11 0.00000e+00
9.89000e+02 1.09660e-11 0.00000e+00
9.90000e+02 1.36707e-11 0.00000e+00
9.91000e+02 1.53021e-11 0.00000e+00
9.92000e+02 1.73475e-11 0.00000e+00
9.93000e+02 1.99971e-11 0.00000e+00
9.94000e+02 1.50453e-11 0.00000e+00
9.95000e+02 1.61147e-11 0.00000e+00
9.96000e+02 1.79998e-11 0.00000e+00
9.97000e+02 1.53006e-11 0.00000e+00
9.98000e+02 1.65960e-11 0.00000e+00
9.99000e+02 1.53997e-11 0.00000e+00
1.00000e+03 1.61321e-11 0.00000e+00
1.00100e+03 1.62365e-11 0.00000e+00
1.00200e+03 1.94274e-11 0.00000e+00
1.00300e+03 1.24928e-11 0.00000e+00
1.00400e+03 1.61941e-11 0.00000e+00
1.00500e+03 1.73486e-11 0.00000e+00
1.00600e+03 1.63448e-11 0.00000e+00
1.00700e+03 1.53180e-11 0.00000e+00
1.00800e+03 1.84805e-11 0.00000e+00
1.00900e+03 1.77422e-11 0.00000e+00
1.01000e+03 2.16153e-11 0.00000e+00
1.01100e+03 1.26883e-11 0.00000e+00
1.01200e+03 1.48071e-11 0.00000e+00
1.01300e+03 1.95215e-11 0.00000e+00
1.01400e+03 1.77955e-11 0.00000e+00
1.01500e+03 1.86160e-11 0.00000e+00
1.01600e+03 1.33229e-11 0.00000e+00
1.01700e+03 1.61962e-11 0.00000e+00
1.01800e+03 1.59928e-11 0.00000e+00
1.01900e+03 1.57172e-11 0.00000e+00
1.02000e+03 1.65052e-11 0.00000e+00
1.02100e+03 1.89424e-11 0.00000e+00
1.02200e+03 1.59420e-11 0.00000e+00
1.02300e+03 2.20984e-11 0.00000e+00
1.02400e+03 1.17756e-11 0.00000e+00
1.02500e+03 1.71349e-11 0.00000e+00
1.02600e+03 1.75779e-11 0.00000e+00
1.02700e+03 1.50801e-11 0.00000e+00
1.02800e+03 1.73819e-11 0.00000e+00
1.02900e+03 1.55329e-11 0.00000e+00
1.03000e+03 1.52559e-11 0.00000e+00
1.03100e+03 1.93738e-11 0.00000e+00
1.03200e+03 1.46876e-11 0.00000e+00
1.03300e+03 1.53863e-11 0.00000e+00
1.03400e+03 1.55636e-11 0.00000e+00
1.03500e+03 1.48767e-11 0.00000e+00
1.03600e+03 1.77655e-11 0.00000e+00
1.03700e+03 1.46176e-11 0.00000e+00
1.03800e+03 1.39627e-11 0.00000e+00
1.03900e+03 1.84592e-11 0.00000e+00
1.04000e+03 1.26979e-11 0.00000e+00
1.04100e+03 1.60858e-11 0.00000e+00
1.04200e+03 1.48898e-11 0.00000e+00
1.04300e+03 1.51789e-11 0.00000e+00
1.04400e+03 1.42055e-11 0.00000e+00
1.04500e+03 1.35285e-11 0.00000e+00
1.04600e+03 1.68158e-11 0.00000e+00
1.04700e+03 1.34573e-11 0.00000e+00
1.04800e+03 1.45656e-11 0.00000e+00
1.04900e+03 1.31914e-11 0.00000e+00
1.05000e+03 1.96104e-11 0.00000e+00
1.05100e+03 1.35593e-11 0.00000e+00
1.05200e+03 1.38778e-11 0.00000e+00
1.05300e+03 1.80619e-11 0.00000e+00
1.05400e+03 1.50010e-11 0.00000e+00
1.05500e+03 1.64105e-11 0.00000e+00
1.05600e+03 1.48083e-11 0.00000e+00
1.05700e+03 1.64833e-11 0.00000e+00
1.05800e+03 1.66202e-11 0.00000e+00
1.05900e+03 1.22258e-11 0.00000e+00
1.06000e+03 1.37238e-11 0.00000e+00
1.06100e+03 1.70049e-11 0.00000e+00
1.06200e+03 1.88912e-11 0.00000e+00
1.06300e+03 1.76370e-11 0.00000e+00
1.06400e+03 1.63893e-11 0.00000e+00
1.06500e+03 1.55776e-11 0.00000e+00
1.06600e+03 1.49801e-11 0.00000e+00
1.06700e+03 1.30844e-11 0.00000e+00
1.06800e+03 1.43960e-11 0.00000e+00
1.06900e+03 1.27367e-11 0.00000e+00
1.07000e+03 1.70084e-11 0.00000e+00
1.07100e+03 1.35723e-11 0.00000e+00
1.07200e+03 1.52905e-11 0.00000e+00
1.07300e+03 1.47343e-11 0.00000e+00
1.07400e+03 1.35628e-11 0.00000e+00
1.07500e+03 1.56181e-11 0.00000e+00
1.07600e+03 1.54737e-11 0.00000e+00
1.07700e+03 1.55542e-11 0.00000e+00
1.07800e+03 1.46909e-11 0.00000e+00
1.07900e+03 1.57440e-11 0.00000e+00
1.08000e+03 1.46696e-11 0.00000e+00
1.08100e+03 1.51531e-11 0.00000e+00
1.08200e+03 1.39325e-11 0.00000e+00
1.08300e+03 1.42981e-11 0.00000e+00
1.08400e+03 1.50798e-11 0.00000e+00
1.08500e+03 1.54660e-11 0.00000e+00
1.08600e+03 1.42965e-11 0.00000e+00
1.08700e+03 1.43085e-11 0.00000e+00
1.08800e+03 1.42885e-11 0.00000e+00
1.08900e+03 1.51419e-11 0.00000e+00
1.09000e+03 1.93499e-11 0.00000e+00
1.09100e+03 1.31211e-11 0.00000e+00
1.09200e+03 1.37837e-11 0.00000e+00
1.09300e+03 1.40455e-11 0.00000e+00
1.09400e+03 1.64482e-11 0.00000e+00
1.09500e+03 1.35756e-11 0.00000e+00
1.09600e+03 1.44792e-11 0.00000e+00
1.09700e+03 1.26852e-11 0.00000e+00
1.09800e+03 1.76384e-11 0.00000e+00
1.09900e+03 1.54956e-11 0.00000e+00
1.10000e+03 1.40748e-11 0.00000e+00
1.10100e+03 1.73899e-11 0.00000e+00
1.10200e+03 1.27097e-11 0.00000e+00
1.10300e+03 1.55053e-11 0.00000e+00
1.10400e+03 1.75529e-11 0.00000e+00
1.10500e+03 1.62767e-11 0.00000e+00
1.10600e+03 1.45823e-11 0.00000e+00
1.10700e+03 1.31947e-11 0.00000e+00
1.10800e+03 1.51704e-11 0.00000e+00
1.10900e+03 1.71658e-11 0.00000e+00
1.11000e+03 1.39724e-11 0.00000e+00
1.11100e+03 1.40586e-11 0.00000e+00
1.11200e+03 1.40628e-11 0.00000e+00
1.11300e+03 1.54292e-11 0.00000e+00
1.11400e+03 1.23439e-11 0.00000e+00
1.11500e+03 1.43758e-11 0.00000e+00
1.11600e+03 1.36586e-11 0.00000e+00
1.11700e+03 1.68974e-11 0.00000e+00
1.11800e+03 1.68362e-11 0.00000e+00
1.11900e+03 1.42184e-11 0.00000e+00
1.12000e+03 1.65964e-11 0.00000e+00
1.12100e+03 1.44731e-11 0.00000e+00
1.12200e+03 1.65090e-11 0.00000e+00
1.12300e+03 1.33279e-11 0.00000e+00
1.12400e+03 1.24312e-11 0.00000e+00
1.12500e+03 1.70325e-11 0.00000e+00
1.12600e+03 1.13574e-11 0.00000e+00
1.12700e+03 1.53200e-11 0.00000e+00
1.12800e+03 1.52848e-11 0.00000e+00
1.12900e+03 1.43261e-11 0.00000e+00
1.13000e+03 1.51981e-11 0.00000e+00
1.13100e+03 1.52667e-11 0.00000e+00
1.13200e+03 1.27248e-11 0.00000e+00
1.13300e+03 1.63201e-11 0.00000e+00
1.13400e+03 1.32305e-11 0.00000e+00
1.13500e+03 1.39560e-11 0.00000e+00
1.13600e+03 1.24598e-11 0.00000e+00
1.13700e+03 1.42814e-11 0.00000e+00
1.13800e+03 1.60432e-11 0.00000e+00
1.13900e+03 1.27692e-11 0.00000e+00
1.14000e+03 1.60776e-11 0.00000e+00
1.14100e+03 1.52188e-11 0.00000e+00
1.14200e+03 1.48313e-11 0.00000e+00
1.14300e+03 1.49455e-11 0.00000e+00
1.14400e+03 1.43928e-11 0.00000e+00
1.14500e+03 1.31251e-11 0.00000e+00
1.14600e+03 1.50369e-11 0.00000e+00
1.14700e+03 1.56274e-11 0.00000e+00
1.14800e+03 1.24764e-11 0.00000e+00
1.14900e+03 1.18307e-11 0.00000e+00
1.15000e+03 1.70224e-11 0.00000e+00
1.15100e+03 1.33065e-11 0.00000e+00
1.15200e+03 1.28087e-11 0.00000e+00
1.15300e+03 1.56223e-11 0.00000e+00
1.15400e+03 1.64418e-11 0.00000e+00
1.15500e+03 1.35562e-11 0.00000e+00
1.15600e+03 1.52324e-11 0.00000e+00
1.15700e+03 1.21889e-11 0.00000e+00
1.15800e+03 1.22730e-11 0.00000e+00
1.15900e+03 1.26817e-11 0.00000e+00
1.16000e+03 1.24847e-11 0.00000e+00
1.16100e+03 1.13958e-11 0.00000e+00
1.16200e+03 1.40693e-11 0.00000e+00
1.16300e+03 1.50539e-11 0.00000e+00
1.16400e+03 1.40769e-11 0.00000e+00
1.16500e+03 1.44524e-11 0.00000e+00
1.16600e+03 1.34317e-11 0.00000e+00
1.16700e+03 1.32293e-11 0.00000e+00
1.16800e+03 1.31323e-11 0.00000e+00
1.16900e+03 1.52275e-11 0.00000e+00
1.17000e+03 1.29869e-11 0.00000e+00
1.17100e+03 1.44740e-11 0.00000e+00
1.17200e+03 1.56682e-11 0.00000e+00
1.17300e+03 1.23099e-11 0.00000e+00
1.17400e+03 1.68851e-11 0.00000e+00
1.17500e+03 1.36126e-11 0.00000e+00
1.17600e+03 1.30684e-11 0.00000e+00
1.17700e+03 1.36612e-11 0.00000e+00
1.17800e+03 1.47720e-11 0.00000e+00
1.17900e+03 1.55365e-11 0.00000e+00
1.18000e+03 1.38417e-11 0.00000e+00
1.18100e+03 1.44230e-11 0.00000e+00
1.18200e+03 1.22552e-11 0.00000e+00
1.18300e+03 1.37785e-11 0.00000e+00
1.18400e+03 1.33412e-11 0.00000e+00
1.18500e+03 1.45375e-11 0.00000e+00
1.18600e+03 1.24733e-11 0.00000e+00
1.18700e+03 1.16253e-11 0.00000e+00
1.18800e+03 1.40856e-11 0.00000e+00
1.18900e+03 1.51459e-11 0.00000e+00
1.19000e+03 1.30355e-11 0.00000e+00
1.19100e+03 1.32309e-11 0.00000e+00
1.19200e+03 1.62479e-11 0.00000e+00
1.19300e+03 1.11674e-11 0.00000e+00
1.19400e+03 1.41087e-11 0.00000e+00
1.19500e+03 9.47274e-12 0.00000e+00
1.19600e+03 1.09541e-11 0.00000e+00
1.19700e+03 1.50569e-11 0.00000e+00
1.19800e+03 1.46497e-11 0.00000e+00
1.19900e+03 1.35457e-11 0.00000e+00
1.20000e+03 1.03715e-11 0.00000e+00
1.20100e+03 1.18320e-11 0.00000e+00
1.20200e+03 1.10360e-11 0.00000e+00
1.20300e+03 1.27135e-11 0.00000e+00
1.20400e+03 1.37375e-11 0.00000e+00
1.20500e+03 1.36416e-11 0.00000e+00
1.20600e+03 1.62901e-11 0.00000e+00
1.20700e+03 9.63117e-12 0.00000e+00
1.20800e+03 1.48512e-11 0.00000e+00
1.20900e+03 1.29191e-11 0.00000e+00
1.21000e+03 1.20882e-11 0.00000e+00
1.21100e+03 1.42287e-11 0.00000e+00
1.21200e+03 1.43774e-11 0.00000e+00
1.21300e+03 1.27958e-11 0.00000e+00
1.21400e+03 1.10833e-11 0.00000e+00
1.21500e+03 1.19409e-11 0.00000e+00
1.21600e+03 1.22714e-11 0.00000e+00
1.21700e+03 1.11359e-11 0.00000e+00
1.21800e+03 1.18523e-11 0.00000e+00
1.21900e+03 1.25505e-11 0.00000e+00
1.22000e+03 1.22156e-11 0.00000e+00
1.22100e+03 1.29438e-11 0.00000e+00
1.22200e+03 1.22068e-11 0.00000e+00
1.22300e+03 1.04268e-11 0.00000e+00
1.22400e+03 1.30677e-11 0.00000e+00
1.22500e+03 1.34133e-11 0.00000e+00
1.22600e+03 1.13529e-11 0.00000e+00
1.22700e+03 1.42689e-11 0.00000e+00
1.22800e+03 1.50844e-11 0.00000e+00
1.22900e+03 1.21482e-11 0.00000e+00
1.23000e+03 1.17740e-11 0.00000e+00
1.23100e+03 1.17812e-11 0.00000e+00
1.23200e+03 1.39401e-11 0.00000e+00
1.23300e+03 1.17624e-11 0.00000e+00
1.23400e+03 1.22121e-11 0.00000e+00
1.23500e+03 1.28158e-11 0.00000e+00
1.23600e+03 1.34410e-11 0.00000e+00
1.23700e+03 1.23828e-11 0.00000e+00
1.23800e+03 1.16435e-11 0.00000e+00
1.23900e+03 1.24837e-11 0.00000e+00
1.24000e+03 1.33154e-11 0.00000e+00
1.24100e+03 1.23284e-11 0.00000e+00
1.24200e+03 9.63004e-12 0.00000e+00
1.24300e+03 1.18636e-11 0.00000e+00
1.24400e+03 1.14213e-11 0.00000e+00
1.24500e+03 1.20849e-11 0.00000e+00
1.24600e+03 1.22385e-11 0.00000e+00
1.24700e+03 1.52375e-11 0.00000e+00
1.24800e+03 9.22460e-12 0.00000e+00
1.24900e+03 1.20740e-11 0.00000e+00
1.25000e+03 1.06720e-11 0.00000e+00
1.25100e+03 1.26169e-11 0.00000e+00
1.25200e+03 1.24319e-11 0.00000e+00
1.25300e+03 1.21266e-11 0.00000e+00
1.25400e+03 1.27492e-11 0.00000e+00
1.25500e+03 1.10772e-11 0.00000e+00
1.25600e+03 1.29026e-11 0.00000e+00
1.25700e+03 9.26448e-12 0.00000e+00
1.25800e+03 1.39053e-11 0.00000e+00
1.25900e+03 1.38811e-11 0.00000e+00
1.26000e+03 1.19148e-11 0.00000e+00
1.26100e+03 1.29267e-11 0.00000e+00
1.26200e+03 1.09327e-11 0.00000e+00
1.26300e+03 1.05457e-11 0.00000e+00
1.26400e+03 1.27005e-11 0.00000e+00
1.26500e+03 1.09078e-11 0.00000e+00
1.26600e+03 1.24989e-11 0.00000e+00
1.26700e+03 1.19241e-11 0.00000e+00
1.26800e+03 1.41940e-11 0.00000e+00
1.26900e+03 1.19145e-11 0.00000e+00
1.27000e+03 1.08605e-11 0.00000e+00
1.27100e+03 1.28712e-11 0.00000e+00
1.27200e+03 1.51427e-11 0.00000e+00
1.27300e+03 1.08280e-11 0.00000e+00
1.27400e+03 1.04168e-11 0.00000e+00
1.27500e+03 1.07393e-11 0.00000e+00
1.27600e+03 1.28537e-11 0.00000e+00
1.27700e+03 1.42009e-11 0.00000e+00
1.27800e+03 1.26846e-11 0.00000e+00
1.27900e+03 1.27272e-11 0.00000e+00
1.28000e+03 1.35432e-11 0.00000e+00
1.28100e+03 1.20507e-11 0.00000e+00
1.28200e+03 1.04365e-11 0.00000e+00
1.28300e+03 1.03865e-11 0.00000e+00
1.28400e+03 1.19462e-11 0.00000e+00
1.28500e+03 9.44351e-12 0.00000e+00
1.28600e+03 1.19485e-11 0.00000e+00
1.28700e+03 1.02684e-11 0.00000e+00
1.28800e+03 1.26583e-11 0.00000e+00
1.28900e+03 1.18442e-11 0.00000e+00
1.29000e+03 1.01264e-11 0.00000e+00
1.29100e+03 1.09714e-11 0.00000e+00
1.29200e+03 1.30774e-11 0.00000e+00
1.29300e+03 1.30049e-11 0.00000e+00
1.29400e+03 1.30518e-11 0.00000e+00
1.29500e+03 1.19361e-11 0.00000e+00
1.29600e+03 1.13303e-11 0.00000e+00
1.29700e+03 1.02384e-11 0.00000e+00
1.29800e+03 8.60337e-12 0.00000e+00
1.29900e+03 1.19787e-11 0.00000e+00
1.30000e+03 1.27745e-11 0.00000e+00
1.30100e+03 9.53658e-12 0.00000e+00
1.30200e+03 1.27581e-11 0.00000e+00
1.30300e+03 1.33533e-11 0.00000e+00
1.30400e+03 1.29071e-11 0.00000e+00
1.30500e+03 1.00383e-11 0.00000e+00
1.30600e+03 1.28683e-11 0.00000e+00
1.30700e+03 1.07664e-11 0.00000e+00
1.30800e+03 1.03290e-11 0.00000e+00
1.30900e+03 1.19246e-11 0.00000e+00
1.31000e+03 1.05982e-11 0.00000e+00
1.31100e+03 1.14863e-11 0.00000e+00
1.31200e+03 1.12214e-11 0.00000e+00
1.31300e+03 1.20695e-11 0.00000e+00
1.31400e+03 9.40858e-12 0.00000e+00
1.31500e+03 1.27555e-11 0.00000e+00
1.31600e+03 1.01481e-11 0.00000e+00
1.31700e+03 1.10058e-11 0.00000e+00
1.31800e+03 1.27425e-11 0.00000e+00
1.31900e+03 1.07385e-11 0.00000e+00
1.32000e+03 1.17128e-11 0.00000e+00
1.32100e+03 1.07441e-11 0.00000e+00
1.32200e+03 1.10268e-11 0.00000e+00
1.32300e+03 1.11990e-11 0.00000e+00
1.32400e+03 1.11568e-11 0.00000e+00
1.32500e+03 1.16425e-11 0.00000e+00
1.32600e+03 9.93420e-12 0.00000e+00
1.32700e+03 8.91041e-12 0.00000e+00
1.32800e+03 1.16949e-11 0.00000e+00
1.32900e+03 1.02338e-11 0.00000e+00
1.33000e+03 1.04061e-11 0.00000e+00
1.33100e+03 1.13704e-11 0.00000e+00
1.33200e+03 1.36624e-11 0.00000e+00
1.33300e+03 1.10793e-11 0.00000e+00
1.33400e+03 1.08616e-11 0.00000e+00
1.33500e+03 1.10877e-11 0.00000e+00
1.33600e+03 1.04650e-11 0.00000e+00
1.33700e+03 1.04748e-11 0.00000e+00
1.33800e+03 1.11847e-11 0.00000e+00
1.33900e+03 1.08704e-11 0.00000e+00
1.34000e+03 9.91631e-12 0.00000e+00
1.34100e+03 1.19810e-11 0.00000e+00
1.34200e+03 1.19512e-11 0.00000e+00
1.34300e+03 1.23151e-11 0.00000e+00
1.34400e+03 1.22422e-11 0.00000e+00
1.34500e+03 1.04543e-11 0.00000e+00
1.34600e+03 1.09591e-11 0.00000e+00
1.34700e+03 9.99822e-12 0.00000e+00
1.34800e+03 1.31978e-11 0.00000e+00
1.34900e+03 1.07371e-11 0.00000e+00
1.35000e+03 1.18543e-11 0.00000e+00
1.35100e+03 1.25651e-11 0.00000e+00
1.35200e+03 1.27281e-11 0.00000e+00
1.35300e+03 9.12206e-12 0.00000e+00
1.35400e+03 1.09613e-11 0.00000e+00
1.35500e+03 1.09701e-11 0.00000e+00
1.35600e+03 1.01590e-11 0.00000e+00
1.35700e+03 1.08666e-11 0.00000e+00
1.35800e+03 1.17713e-11 0.00000e+00
1.35900e+03 1.24505e-11 0.00000e+00
1.36000e+03 1.10524e-11 0.00000e+00
1.36100e+03 1.21711e-11 0.00000e+00
1.36200e+03 1.21000e-11 0.00000e+00
1.36300e+03 1.13895e-11 0.00000e+00
1.36400e+03 1.08555e-11 0.00000e+00
1.36500e+03 1.04662e-11 0.00000e+00
1.36600e+03 9.41100e-12 0.00000e+00
1.36700e+03 1.02375e-11 0.00000e+00
1.36800e+03 9.56314e-12 0.00000e+00
1.36900e+03 8.86795e-12 0.00000e+00
1.37000e+03 1.03889e-11 0.00000e+00
1.37100e+03 1.00989e-11 0.00000e+00
1.37200e+03 1.09026e-11 0.00000e+00
1.37300e+03 1.03741e-11 0.00000e+00
1.37400e+03 8.73319e-12 0.00000e+00
1.37500e+03 1.07638e-11 0.00000e+00
1.37600e+03 1.08821e-11 0.00000e+00
1.37700e+03 1.02254e-11 0.00000e+00
1.37800e+03 1.16853e-11 0.00000e+00
1.37900e+03 1.35972e-11 0.00000e+00
1.38000e+03 1.08131e-11 0.00000e+00
1.38100e+03 1.30905e-11 0.00000e+00
1.38200e+03 1.26281e-11 0.00000e+00
1.38300e+03 1.08680e-11 0.00000e+00
1.38400e+03 9.35881e-12 0.00000e+00
1.38500e+03 1.06647e-11 0.00000e+00
1.38600e+03 1.20106e-11 0.00000e+00
1.38700e+03 1.15024e-11 0.00000e+00
1.38800e+03 9.10246e-12 0.00000e+00
1.38900e+03 1.03267e-11 0.00000e+00
1.39000e+03 1.07389e-11 0.00000e+00
1.39100e+03 9.58916e-12 0.00000e+00
1.39200e+03 9.38026e-12 0.00000e+00
1.39300e+03 1.17998e-11 0.00000e+00
1.39400e+03 1.17561e-11 0.00000e+00
1.39500e+03 1.11232e-11 0.00000e+00
1.39600e+03 1.19588e-11 0.00000e+00
1.39700e+03 1.02200e-11 0.00000e+00
1.39800e+03 1.17226e-11 0.00000e+00
1.39900e+03 1.15012e-11 0.00000e+00
1.40000e+03 1.32718e-11 0.00000e+00
1.40100e+03 9.77187e-12 0.00000e+00
1.40200e+03 9.55030e-12 0.00000e+00
1.40300e+03 1.18104e-11 0.00000e+00
1.40400e+03 8.06958e-12 0.00000e+00
1.40500e+03 9.37611e-12 0.00000e+00
1.40600e+03 9.37234e-12 0.00000e+00
1.40700e+03 1.06562e-11 0.00000e+00
1.40800e+03 1.14695e-11 0.00000e+00
1.40900e+03 1.05257e-11 0.00000e+00
1.41000e+03 9.01427e-12 0.00000e+00
1.41100e+03 1.00627e-11 0.00000e+00
1.41200e+03 8.43451e-12 0.00000e+00
1.41300e+03 1.02485e-11 0.00000e+00
1.41400e+03 1.02362e-11 0.00000e+00
1.41500e+03 1.18706e-11 0.00000e+00
1.41600e+03 1.06691e-11 0.00000e+00
1.41700e+03 9.23708e-12 0.00000e+00
1.41800e+03 9.31020e-12 0.00000e+00
1.41900e+03 1.07997e-11 0.00000e+00
1.42000e+03 9.38419e-12 0.00000e+00
1.42100e+03 9.38579e-12 0.00000e+00
1.42200e+03 1.15054e-11 0.00000e+00
1.42300e+03 8.29391e-12 0.00000e+00
1.42400e+03 9.25549e-12 0.00000e+00
1.42500e+03 1.02254e-11 0.00000e+00
1.42600e+03 9.02531e-12 0.00000e+00
1.42700e+03 8.85676e-12 0.00000e+00
1.42800e+03 9.43317e-12 0.00000e+00
1.42900e+03 9.76285e-12 0.00000e+00
1.43000e+03 1.02454e-11 0.00000e+00
1.43100e+03 8.50785e-12 0.00000e+00
1.43200e+03 9.25059e-12 0.00000e+00
1.43300e+03 1.03343e-11 0.00000e+00
1.43400e+03 1.07208e-11 0.00000e+00
1.43500e+03 8.87328e-12 0.00000e+00
1.43600e+03 9.71448e-12 0.00000e+00
1.43700e+03 1.01870e-11 0.00000e+00
1.43800e+03 1.05300e-11 0.00000e+00
1.43900e+03 9.83437e-12 0.00000e+00
1.44000e+03 9.95344e-12 0.00000e+00
1.44100e+03 9.42779e-12 0.00000e+00
1.44200e+03 1.10177e-11 0.00000e+00
1.44300e+03 9.79476e-12 0.00000e+00
1.44400e+03 1.15008e-11 0.00000e+00
1.44500e+03 9.96761e-12 0.00000e+00
1.44600e+03 8.33582e-12 0.00000e+00
1.44700e+03 9.51117e-12 0.00000e+00
1.44800e+03 1.18235e-11 0.00000e+00
1.44900e+03 8.26659e-12 0.00000e+00
1.45000e+03 1.14769e-11 0.00000e+00
1.45100e+03 1.05848e-11 0.00000e+00
1.45200e+03 1.00014e-11 0.00000e+00
1.45300e+03 9.91237e-12 0.00000e+00
1.45400e+03 9.63663e-12 0.00000e+00
1.45500e+03 1.09234e-11 0.00000e+00
1.45600e+03 9.81955e-12 0.00000e+00
1.45700e+03 9.30326e-12 0.00000e+00
1.45800e+03 9.77216e-12 0.00000e+00
1.45900e+03 9.88923e-12 0.00000e+00
1.46000e+03 8.80946e-12 0.00000e+00
1.46100e+03 9.32555e-12 0.00000e+00
1.46200e+03 9.60542e-12 0.00000e+00
1.46300e+03 9.46679e-12 0.00000e+00
1.46400e+03 8.46870e-12 0.00000e+00
1.46500e+03 1.00906e-11 0.00000e+00
1.46600e+03 9.44394e-12 0.00000e+00
1.46700e+03 9.42140e-12 0.00000e+00
1.46800e+03 1.00863e-11 0.00000e+00
1.46900e+03 9.75482e-12 0.00000e+00
1.47000e+03 8.04507e-12 0.00000e+00
1.47100e+03 8.08679e-12 0.00000e+00
1.47200e+03 1.04682e-11 0.00000e+00
1.47300e+03 8.82723e-12 0.00000e+00
1.47400e+03 9.87857e-12 0.00000e+00
1.47500e+03 1.00035e-11 0.00000e+00
1.47600e+03 1.14921e-11 0.00000e+00
1.47700e+03 8.66243e-12 0.00000e+00
1.47800e+03 9.65733e-12 0.00000e+00
1.47900e+03 9.40355e-12 0.00000e+00
1.48000e+03 9.67653e-12 0.00000e+00
1.48100e+03 9.18549e-12 0.00000e+00
1.48200e+03 1.06486e-11 0.00000e+00
1.48300e+03 1.13743e-11 0.00000e+00
1.48400e+03 7.84439e-12 0.00000e+00
1.48500e+03 7.67376e-12 0.00000e+00
1.48600e+03 9.56979e-12 0.00000e+00
1.48700e+03 9.10652e-12 0.00000e+00
1.48800e+03 8.25707e-12 0.00000e+00
1.48900e+03 1.01784e-11 0.00000e+00
1.49000e+03 9.04439e-12 0.00000e+00
1.49100e+03 8.33823e-12 0.00000e+00
1.49200e+03 9.12325e-12 0.00000e+00
1.49300e+03 9.91247e-12 0.00000e+00
1.49400e+03 7.91477e-12 0.00000e+00
1.49500e+03 9.45583e-12 0.00000e+00
1.49600e+03 7.69888e-12 0.00000e+00
1.49700e+03 7.19324e-12 0.00000e+00
1.49800e+03 1.03066e-11 0.00000e+00
1.49900e+03 8.86992e-12 0.00000e+00
1.50000e+03 9.70476e-12 0.00000e+00
1.50100e+03 8.99449e-12 0.00000e+00
1.50200e+03 8.93365e-12 0.00000e+00
1.50300e+03 9.00076e-12 0.00000e+00
1.50400e+03 8.61188e-12 0.00000e+00
1.50500e+03 8.37136e-12 0.00000e+00
1.50600e+03 1.06825e-11 0.00000e+00
1.50700e+03 9.15765e-12 0.00000e+00
1.50800e+03 8.77983e-12 0.00000e+00
1.50900e+03 8.62754e-12 0.00000e+00
1.51000e+03 9.56898e-12 0.00000e+00
1.51100e+03 6.99904e-12 0.00000e+00
1.51200e+03 9.00076e-12 0.00000e+00
1.51300e+03 9.40181e-12 0.00000e+00
1.51400e+03 8.50592e-12 0.00000e+00
1.51500e+03 9.47348e-12 0.00000e+00
1.51600e+03 7.58088e-12 0.00000e+00
1.51700e+03 9.09276e-12 0.00000e+00
1.51800e+03 9.14006e-12 0.00000e+00
1.51900e+03 7.44330e-12 0.00000e+00
1.52000e+03 1.06315e-11 0.00000e+00
1.52100e+03 8.45338e-12 0.00000e+00
1.52200e+03 8.82279e-12 0.00000e+00
1.52300e+03 9.22649e-12 0.00000e+00
1.52400e+03 8.15050e-12 0.00000e+00
1.52500e+03 9.60936e-12 0.00000e+00
1.52600e+03 8.67221e-12 0.00000e+00
1.52700e+03 9.73910e-12 0.00000e+00
1.52800e+03 9.32087e-12 0.00000e+00
1.52900e+03 7.96129e-12 0.00000e+00
1.53000e+03 1.00486e-11 0.00000e+00
1.53100e+03 8.28568e-12 0.00000e+00
1.53200e+03 6.89263e-12 0.00000e+00
1.53300e+03 1.08704e-11 0.00000e+00
1.53400e+03 7.72751e-12 0.00000e+00
1.53500e+03 9.33170e-12 0.00000e+00
1.53600e+03 6.87553e-12 0.00000e+00
1.53700e+03 7.87028e-12 0.00000e+00
1.53800e+03 9.50287e-12 0.00000e+00
1.53900e+03 9.09221e-12 0.00000e+00
1.54000e+03 9.35226e-12 0.00000e+00
1.54100e+03 8.47838e-12 0.00000e+00
1.54200e+03 1.03598e-11 0.00000e+00
1.54300e+03 8.51421e-12 0.00000e+00
1.54400e+03 8.87200e-12 0.00000e+00
1.54500e+03 7.69711e-12 0.00000e+00
1.54600e+03 7.65270e-12 0.00000e+00
1.54700e+03 8.78227e-12 0.00000e+00
1.54800e+03 9.88959e-12 0.00000e+00
1.54900e+03 6.90596e-12 0.00000e+00
1.55000e+03 7.66218e-12 0.00000e+00
1.55100e+03 1.00270e-11 0.00000e+00
1.55200e+03 8.62416e-12 0.00000e+00
1.55300e+03 7.84479e-12 0.00000e+00
1.55400e+03 8.42209e-12 0.00000e+00
1.55500e+03 9.10509e-12 0.00000e+00
1.55600e+03 8.07549e-12 0.00000e+00
1.55700e+03 7.23321e-12 0.00000e+00
1.55800e+03 8.08910e-12 0.00000e+00
1.55900e+03 9.85172e-12 0.00000e+00
1.56000e+03 8.36379e-12 0.00000e+00
1.56100e+03 7.59285e-12 0.00000e+00
1.56200e+03 8.49794e-12 0.00000e+00
1.56300e+03 9.70401e-12 0.00000e+00
1.56400e+03 6.66336e-12 0.00000e+00
1.56500e+03 9.57854e-12 0.00000e+00
1.56600e+03 8.32473e-12 0.00000e+00
1.56700e+03 8.18957e-12 0.00000e+00
1.56800e+03 8.67820e-12 0.00000e+00
1.56900e+03 7.61911e-12 0.00000e+00
1.57000e+03 8.11438e-12 0.00000e+00
1.57100e+03 7.76777e-12 0.00000e+00
1.57200e+03 8.69074e-12 0.00000e+00
1.57300e+03 8.08500e-12 0.00000e+00
1.57400e+03 8.48669e-12 0.00000e+00
1.57500e+03 9.42374e-12 0.00000e+00
1.57600e+03 8.09630e-12 0.00000e+00
1.57700e+03 5.78914e-12 0.00000e+00
1.57800e+03 8.69299e-12 0.00000e+00
1.57900e+03 8.06004e-12 0.00000e+00
1.58000e+03 8.10610e-12 0.00000e+00
1.58100e+03 8.61710e-12 0.00000e+00
1.58200e+03 9.41425e-12 0.00000e+00
1.58300e+03 8.50326e-12 0.00000e+00
1.58400e+03 8.48366e-12 0.00000e+00
1.58500e+03 8.38513e-12 0.00000e+00
1.58600e+03 9.42715e-12 0.00000e+00
1.58700e+03 7.83134e-12 0.00000e+00
1.58800e+03 8.96839e-12 0.00000e+00
1.58900e+03 8.25551e-12 0.00000e+00
1.59000e+03 8.19287e-12 0.00000e+00
1.59100e+03 7.02994e-12 0.00000e+00
1.59200e+03 8.58621e-12 0.00000e+00
1.59300e+03 8.22126e-12 0.00000e+00
1.59400e+03 7.30423e-12 0.00000e+00
1.59500e+03 7.60491e-12 0.00000e+00
1.59600e+03 8.37895e-12 0.00000e+00
1.59700e+03 7.49377e-12 0.00000e+00
1.59800e+03 8.78538e-12 0.00000e+00
1.59900e+03 7.36597e-12 0.00000e+00
1.60000e+03 9.65429e-12 0.00000e+00
1.60100e+03 7.06394e-12 0.00000e+00
1.60200e+03 8.97621e-12 0.00000e+00
1.60300e+03 8.16784e-12 0.00000e+00
1.60400e+03 7.30887e-12 0.00000e+00
1.60500e+03 7.63722e-12 0.00000e+00
1.60600e+03 7.91921e-12 0.00000e+00
1.60700e+03 8.42131e-12 0.00000e+00
1.60800e+03 8.98050e-12 0.00000e+00
1.60900e+03 9.53143e-12 0.00000e+00
1.61000e+03 8.49876e-12 0.00000e+00
1.61100e+03 7.76509e-12 0.00000e+00
1.61200e+03 6.68797e-12 0.00000e+00
1.61300e+03 8.03016e-12 0.00000e+00
1.61400e+03 7.01466e-12 0.00000e+00
1.61500e+03 6.67158e-12 0.00000e+00
1.61600e+03 9.22906e-12 0.00000e+00
1.61700e+03 9.64356e-12 0.00000e+00
1.61800e+03 8.75233e-12 0.00000e+00
1.61900e+03 6.56002e-12 0.00000e+00
1.62000e+03 8.49769e-12 0.00000e+00
1.62100e+03 8.12294e-12 0.00000e+00
1.62200e+03 8.57880e-12 0.00000e+00
1.62300e+03 8.17001e-12 0.00000e+00
1.62400e+03 7.97672e-12 0.00000e+00
1.62500e+03 8.79940e-12 0.00000e+00
1.62600e+03 7.66605e-12 0.00000e+00
1.62700e+03 8.47974e-12 0.00000e+00
1.62800e+03 9.48912e-12 0.00000e+00
1.62900e+03 8.11257e-12 0.00000e+00
1.63000e+03 8.42937e-12 0.00000e+00
1.63100e+03 9.16582e-12 0.00000e+00
1.63200e+03 7.99758e-12 0.00000e+00
1.63300e+03 8.17198e-12 0.00000e+00
1.63400e+03 7.01612e-12 0.00000e+00
1.63500e+03 8.55145e-12 0.00000e+00
1.63600e+03 6.30610e-12 0.00000e+00
1.63700e+03 9.52043e-12 0.00000e+00
1.63800e+03 8.35412e-12 0.00000e+00
1.63900e+03 8.36257e-12 0.00000e+00
1.64000e+03 8.38316e-12 0.00000e+00
1.64100e+03 7.26648e-12 0.00000e+00
1.64200e+03 9.19663e-12 0.00000e+00
1.64300e+03 7.63253e-12 0.00000e+00
1.64400e+03 8.25832e-12 0.00000e+00
1.64500e+03 8.61706e-12 0.00000e+00
1.64600e+03 7.62515e-12 0.00000e+00
1.64700e+03 8.01251e-12 0.00000e+00
1.64800e+03 8.69305e-12 0.00000e+00
1.64900e+03 7.50998e-12 0.00000e+00
1.65000e+03 8.25334e-12 0.00000e+00
1.65100e+03 7.82347e-12 0.00000e+00
1.65200e+03 7.21285e-12 0.00000e+00
1.65300e+03 8.12786e-12 0.00000e+00
1.65400e+03 8.37671e-12 0.00000e+00
1.65500e+03 7.23381e-12 0.00000e+00
1.65600e+03 8.09791e-12 0.00000e+00
1.65700e+03 9.30050e-12 0.00000e+00
1.65800e+03 7.36388e-12 0.00000e+00
1.65900e+03 6.34365e-12 0.00000e+00
1.66000e+03 7.42143e-12 0.00000e+00
1.66100e+03 5.88497e-12 0.00000e+00
1.66200e+03 6.71423e-12 0.00000e+00
1.66300e+03 7.30138e-12 0.00000e+00
1.66400e+03 6.19283e-12 0.00000e+00
1.66500e+03 8.06066e-12 0.00000e+00
1.66600e+03 8.14098e-12 0.00000e+00
1.66700e+03 5.92867e-12 0.00000e+00
1.66800e+03 7.61337e-12 0.00000e+00
1.66900e+03 6.32490e-12 0.00000e+00
1.67000e+03 8.75723e-12 0.00000e+00
1.67100e+03 6.91721e-12 0.00000e+00
1.67200e+03 6.52011e-12 0.00000e+00
1.67300e+03 7.54782e-12 0.00000e+00
1.67400e+03 8.04809e-12 0.00000e+00
1.67500e+03 8.52232e-12 0.00000e+00
1.67600e+03 7.04456e-12 0.00000e+00
1.67700e+03 7.96356e-12 0.00000e+00
1.67800e+03 8.54291e-12 0.00000e+00
1.67900e+03 7.48645e-12 0.00000e+00
1.68000e+03 7.64115e-12 0.00000e+00
1.68100e+03 6.66809e-12 0.00000e+00
1.68200e+03 7.81639e-12 0.00000e+00
1.68300e+03 7.14146e-12 0.00000e+00
1.68400e+03 8.20559e-12 0.00000e+00
1.68500e+03 6.25469e-12 0.00000e+00
1.68600e+03 7.41929e-12 0.00000e+00
1.68700e+03 7.50104e-12 0.00000e+00
1.68800e+03 7.27765e-12 0.00000e+00
1.68900e+03 8.04404e-12 0.00000e+00
1.69000e+03 5.76230e-12 0.00000e+00
1.69100e+03 7.41462e-12 0.00000e+00
1.69200e+03 8.63054e-12 0.00000e+00
1.69300e+03 7.33454e-12 0.00000e+00
1.69400e+03 6.37377e-12 0.00000e+00
1.69500e+03 7.83799e-12 0.00000e+00
1.69600e+03 6.98771e-12 0.00000e+00
1.69700e+03 7.20331e-12 0.00000e+00
1.69800e+03 6.71901e-12 0.00000e+00
1.69900e+03 7.00667e-12 0.00000e+00
1.70000e+03 6.67863e-12 0.00000e+00
1.70100e+03 7.41631e-12 0.00000e+00
1.70200e+03 7.73174e-12 0.00000e+00
1.70300e+03 7.67358e-12 0.00000e+00
1.70400e+03 7.93035e-12 0.00000e+00
1.70500e+03 6.44553e-12 0.00000e+00
1.70600e+03 6.17972e-12 0.00000e+00
1.70700e+03 8.78586e-12 0.00000e+00
1.70800e+03 6.97960e-12 0.00000e+00
1.70900e+03 5.70544e-12 0.00000e+00
1.71000e+03 5.58760e-12 0.00000e+00
1.71100e+03 7.19925e-12 0.00000e+00
1.71200e+03 6.55294e-12 0.00000e+00
1.71300e+03 7.48610e-12 0.00000e+00
1.71400e+03 6.08474e-12 0.00000e+00
1.71500e+03 6.10990e-12 0.00000e+00
1.71600e+03 8.59778e-12 0.00000e+00
1.71700e+03 8.01397e-12 0.00000e+00
1.71800e+03 7.59450e-12 0.00000e+00
1.71900e+03 6.29174e-12 0.00000e+00
1.72000e+03 5.94342e-12 0.00000e+00
1.72100e+03 6.89108e-12 0.00000e+00
1.72200e+03 7.78088e-12 0.00000e+00
1.72300e+03 7.28650e-12 0.00000e+00
1.72400e+03 6.98810e-12 0.00000e+00
1.72500e+03 6.41034e-12 0.00000e+00
1.72600e+03 6.74824e-12 0.00000e+00
1.72700e+03 7.34678e-12 0.00000e+00
1.72800e+03 6.89193e-12 0.00000e+00
1.72900e+03 7.57726e-12 0.00000e+00
1.73000e+03 6.40582e-12 0.00000e+00
1.73100e+03 5.36041e-12 0.00000e+00
1.73200e+03 6.91266e-12 0.00000e+00
1.73300e+03 6.71386e-12 0.00000e+00
1.73400e+03 6.73769e-12 0.00000e+00
1.73500e+03 7.83935e-12 0.00000e+00
1.73600e+03 6.42387e-12 0.00000e+00
1.73700e+03 7.27401e-12 0.00000e+00
1.73800e+03 7.55708e-12 0.00000e+00
1.73900e+03 6.51385e-12 0.00000e+00
1.74000e+03 6.92209e-12 0.00000e+00
1.74100e+03 6.30910e-12 0.00000e+00
1.74200e+03 5.73176e-12 0.00000e+00
1.74300e+03 5.93380e-12 0.00000e+00
1.74400e+03 7.25815e-12 0.00000e+00
1.74500e+03 7.04886e-12 0.00000e+00
1.74600e+03 7.48906e-12 0.00000e+00
1.74700e+03 6.46629e-12 0.00000e+00
1.74800e+03 7.37217e-12 0.00000e+00
1.74900e+03 6.60716e-12 0.00000e+00
1.75000e+03 5.69997e-12 0.00000e+00
1.75100e+03 5.80356e-12 0.00000e+00
1.75200e+03 8.50940e-12 0.00000e+00
1.75300e+03 8.10941e-12 0.00000e+00
1.75400e+03 7.09455e-12 0.00000e+00
1.75500e+03 7.44370e-12 0.00000e+00
1.75600e+03 7.19995e-12 0.00000e+00
1.75700e+03 7.03983e-12 0.00000e+00
1.75800e+03 7.07406e-12 0.00000e+00
1.75900e+03 6.42609e-12 0.00000e+00
1.76000e+03 6.28664e-12 0.00000e+00
1.76100e+03 8.37838e-12 0.00000e+00
1.76200e+03 7.06111e-12 0.00000e+00
1.76300e+03 5.93236e-12 0.00000e+00
1.76400e+03 5.98976e-12 0.00000e+00
1.76500e+03 7.00779e-12 0.00000e+00
1.76600e+03 6.64180e-12 0.00000e+00
1.76700e+03 6.92474e-12 0.00000e+00
1.76800e+03 6.19409e-12 0.00000e+00
1.76900e+03 6.10549e-12 0.00000e+00
1.77000e+03 5.49417e-12 0.00000e+00
1.77100e+03 6.05893e-12 0.00000e+00
1.77200e+03 6.60162e-12 0.00000e+00
1.77300e+03 7.98873e-12 0.00000e+00
1.77400e+03 6.45238e-12 0.00000e+00
1.77500e+03 6.02070e-12 0.00000e+00
1.77600e+03 7.21252e-12 0.00000e+00
1.77700e+03 7.00233e-12 0.00000e+00
1.77800e+03 6.93796e-12 0.00000e+00
1.77900e+03 6.93165e-12 0.00000e+00
1.78000e+03 6.45214e-12 0.00000e+00
1.78100e+03 5.45182e-12 0.00000e+00
1.78200e+03 6.19655e-12 0.00000e+00
1.78300e+03 6.90950e-12 0.00000e+00
1.78400e+03 7.09845e-12 0.00000e+00
1.78500e+03 7.23904e-12 0.00000e+00
1.78600e+03 7.65294e-12 0.00000e+00
1.78700e+03 5.65254e-12 0.00000e+00
1.78800e+03 6.93668e-12 0.00000e+00
1.78900e+03 6.21918e-12 0.00000e+00
1.79000e+03 5.04414e-12 0.00000e+00
1.79100e+03 5.65051e-12 0.00000e+00
1.79200e+03 6.38847e-12 0.00000e+00
1.79300e+03 5.81044e-12 0.00000e+00
1.79400e+03 6.08717e-12 0.00000e+00
1.79500e+03 6.24266e-12 0.00000e+00
1.79600e+03 5.81135e-12 0.00000e+00
1.79700e+03 5.88932e-12 0.00000e+00
1.79800e+03 6.63558e-12 0.00000e+00
1.79900e+03 6.14004e-12 0.00000e+00
1.80000e+03 5.47063e-12 0.00000e+00
1.80100e+03 5.58815e-12 0.00000e+00
1.80200e+03 6.05260e-12 0.00000e+00
1.80300e+03 5.67041e-12 0.00000e+00
1.80400e+03 5.63485e-12 0.00000e+00
1.80500e+03 5.78206e-12 0.00000e+00
1.80600e+03 6.05683e-12 0.00000e+00
1.80700e+03 6.61658e-12 0.00000e+00
1.80800e+03 5.62970e-12 0.00000e+00
1.80900e+03 4.73052e-12 0.00000e+00
1.81000e+03 6.00780e-12 0.00000e+00
1.81100e+03 6.27272e-12 0.00000e+00
1.81200e+03 6.26073e-12 0.00000e+00
1.81300e+03 5.37098e-12 0.00000e+00
1.81400e+03 6.52594e-12 0.00000e+00
1.81500e+03 5.92249e-12 0.00000e+00
1.81600e+03 5.77679e-12 0.00000e+00
1.81700e+03 7.10032e-12 0.00000e+00
1.81800e+03 6.22319e-12 0.00000e+00
1.81900e+03 5.50095e-12 0.00000e+00
1.82000e+03 6.37023e-12 0.00000e+00
1.82100e+03 6.94467e-12 0.00000e+00
1.82200e+03 6.36772e-12 0.00000e+00
1.82300e+03 5.90460e-12 0.00000e+00
1.82400e+03 5.46420e-12 0.00000e+00
1.82500e+03 6.58190e-12 0.00000e+00
1.82600e+03 5.57071e-12 0.00000e+00
1.82700e+03 5.86939e-12 0.00000e+00
1.82800e+03 6.33026e-12 0.00000e+00
1.82900e+03 6.18770e-12 0.00000e+00
1.83000e+03 6.35187e-12 0.00000e+00
1.83100e+03 5.43977e-12 0.00000e+00
1.83200e+03 5.11259e-12 0.00000e+00
1.83300e+03 6.72859e-12 0.00000e+00
1.83400e+03 6.83671e-12 0.00000e+00
1.83500e+03 6.03909e-12 0.00000e+00
1.83600e+03 6.69323e-12 0.00000e+00
1.83700e+03 6.63994e-12 0.00000e+00
1.83800e+03 5.58893e-12 0.00000e+00
1.83900e+03 5.80694e-12 0.00000e+00
1.84000e+03 5.28171e-12 0.00000e+00
1.84100e+03 6.89042e-12 0.00000e+00
1.84200e+03 5.29764e-12 0.00000e+00
1.84300e+03 6.30296e-12 0.00000e+00
1.84400e+03 5.69271e-12 0.00000e+00
1.84500e+03 5.43912e-12 0.00000e+00
1.84600e+03 5.04182e-12 0.00000e+00
1.84700e+03 6.44519e-12 0.00000e+00
1.84800e+03 6.22984e-12 0.00000e+00
1.84900e+03 6.39652e-12 0.00000e+00
1.85000e+03 5.33320e-12 0.00000e+00
1.85100e+03 5.04559e-12 0.00000e+00
1.85200e+03 5.12089e-12 0.00000e+00
1.85300e+03 6.32291e-12 0.00000e+00
1.85400e+03 5.41268e-12 0.00000e+00
1.85500e+03 6.64007e-12 0.00000e+00
1.85600e+03 5.91030e-12 0.00000e+00
1.85700e+03 4.60967e-12 0.00000e+00
1.85800e+03 4.95417e-12 0.00000e+00
1.85900e+03 6.88295e-12 0.00000e+00
1.86000e+03 5.47648e-12 0.00000e+00
1.86100e+03 5.88598e-12 0.00000e+00
1.86200e+03 6.18819e-12 0.00000e+00
1.86300e+03 5.86800e-12 0.00000e+00
1.86400e+03 6.96653e-12 0.00000e+00
1.86500e+03 5.78521e-12 0.00000e+00
1.86600e+03 6.42492e-12 0.00000e+00
1.86700e+03 6.23731e-12 0.00000e+00
1.86800e+03 5.70092e-12 0.00000e+00
1.86900e+03 5.33967e-12 0.00000e+00
1.87000e+03 5.57603e-12 0.00000e+00
1.87100e+03 5.24663e-12 0.00000e+00
1.87200e+03 5.09595e-12 0.00000e+00
1.87300e+03 6.08135e-12 0.00000e+00
1.87400e+03 5.99094e-12 0.00000e+00
1.87500e+03 5.50812e-12 0.00000e+00
1.87600e+03 5.00894e-12 0.00000e+00
1.87700e+03 5.83203e-12 0.00000e+00
1.87800e+03 6.32599e-12 0.00000e+00
1.87900e+03 5.07410e-12 0.00000e+00
1.88000e+03 5.62974e-12 0.00000e+00
1.88100e+03 5.92804e-12 0.00000e+00
1.88200e+03 6.77712e-12 0.00000e+00
1.88300e+03 6.98885e-12 0.00000e+00
1.88400e+03 5.81399e-12 0.00000e+00
1.88500e+03 5.95586e-12 0.00000e+00
1.88600e+03 5.10413e-12 0.00000e+00
1.88700e+03 6.05177e-12 0.00000e+00
1.88800e+03 5.49150e-12 0.00000e+00
1.88900e+03 6.37772e-12 0.00000e+00
1.89000e+03 5.49551e-12 0.00000e+00
1.89100e+03 5.24299e-12 0.00000e+00
1.89200e+03 5.01038e-12 0.00000e+00
1.89300e+03 5.97823e-12 0.00000e+00
1.89400e+03 5.53250e-12 0.00000e+00
1.89500e+03 4.52546e-12 0.00000e+00
1.89600e+03 4.90195e-12 0.00000e+00
1.89700e+03 5.48276e-12 0.00000e+00
1.89800e+03 4.64022e-12 0.00000e+00
1.89900e+03 4.70076e-12 0.00000e+00
1.90000e+03 5.22982e-12 0.00000e+00
1.90100e+03 4.50322e-12 0.00000e+00
1.90200e+03 6.46057e-12 0.00000e+00
1.90300e+03 5.15282e-12 0.00000e+00
1.90400e+03 5.02627e-12 0.00000e+00
1.90500e+03 5.78829e-12 0.00000e+00
1.90600e+03 5.26300e-12 0.00000e+00
1.90700e+03 5.04535e-12 0.00000e+00
1.90800e+03 5.87289e-12 0.00000e+00
1.90900e+03 4.51013e-12 0.00000e+00
1.91000e+03 5.62311e-12 0.00000e+00
1.91100e+03 4.71560e-12 0.00000e+00
1.91200e+03 4.67003e-12 0.00000e+00
1.91300e+03 5.45872e-12 0.00000e+00
1.91400e+03 5.14643e-12 0.00000e+00
1.91500e+03 5.39769e-12 0.00000e+00
1.91600e+03 5.01159e-12 0.00000e+00
1.91700e+03 4.50575e-12 0.00000e+00
1.91800e+03 5.36539e-12 0.00000e+00
1.91900e+03 5.18514e-12 0.00000e+00
1.92000e+03 5.21548e-12 0.00000e+00
1.92100e+03 5.51418e-12 0.00000e+00
1.92200e+03 5.72498e-12 0.00000e+00
1.92300e+03 4.98435e-12 0.00000e+00
1.92400e+03 3.89708e-12 0.00000e+00
1.92500e+03 4.91924e-12 0.00000e+00
1.92600e+03 4.38779e-12 0.00000e+00
1.92700e+03 5.44118e-12 0.00000e+00
1.92800e+03 4.85304e-12 0.00000e+00
1.92900e+03 5.47693e-12 0.00000e+00
1.93000e+03 5.29730e-12 0.00000e+00
1.93100e+03 4.67573e-12 0.00000e+00
1.93200e+03 4.59804e-12 0.00000e+00
1.93300e+03 5.48903e-12 0.00000e+00
1.93400e+03 5.11354e-12 0.00000e+00
1.93500e+03 4.78728e-12 0.00000e+00
1.93600e+03 6.11594e-12 0.00000e+00
1.93700e+03 5.76256e-12 0.00000e+00
1.93800e+03 5.28096e-12 0.00000e+00
1.93900e+03 5.23507e-12 0.00000e+00
1.94000e+03 4.59383e-12 0.00000e+00
1.94100e+03 5.56324e-12 0.00000e+00
1.94200e+03 5.60979e-12 0.00000e+00
1.94300e+03 4.51225e-12 0.00000e+00
1.94400e+03 4.75459e-12 0.00000e+00
1.94500e+03 4.88839e-12 0.00000e+00
1.94600e+03 4.58873e-12 0.00000e+00
1.94700e+03 4.45953e-12 0.00000e+00
1.94800e+03 4.64681e-12 0.00000e+00
1.94900e+03 5.80510e-12 0.00000e+00
1.95000e+03 5.00688e-12 0.00000e+00
1.95100e+03 5.74374e-12 0.00000e+00
1.95200e+03 5.21399e-12 0.00000e+00
1.95300e+03 5.61166e-12 0.00000e+00
1.95400e+03 4.40749e-12 0.00000e+00
1.95500e+03 5.45410e-12 0.00000e+00
1.95600e+03 4.76890e-12 0.00000e+00
1.95700e+03 5.42032e-12 0.00000e+00
1.95800e+03 4.71554e-12 0.00000e+00
1.95900e+03 4.42249e-12 0.00000e+00
1.96000e+03 4.40318e-12 0.00000e+00
1.96100e+03 5.66782e-12 0.00000e+00
1.96200e+03 4.84558e-12 0.00000e+00
1.96300e+03 5.67336e-12 0.00000e+00
1.96400e+03 4.01171e-12 0.00000e+00
1.96500e+03 4.87469e-12 0.00000e+00
1.96600e+03 4.43657e-12 0.00000e+00
1.96700e+03 4.49296e-12 0.00000e+00
1.96800e+03 4.24009e-12 0.00000e+00
1.96900e+03 4.41049e-12 0.00000e+00
1.97000e+03 4.30899e-12 0.00000e+00
1.97100e+03 4.80555e-12 0.00000e+00
1.97200e+03 4.84750e-12 0.00000e+00
1.97300e+03 4.45977e-12 0.00000e+00
1.97400e+03 4.71931e-12 0.00000e+00
1.97500e+03 4.53010e-12 0.00000e+00
1.97600e+03 4.48898e-12 0.00000e+00
1.97700e+03 5.33967e-12 0.00000e+00
1.97800e+03 4.40483e-12 0.00000e+00
1.97900e+03 5.34257e-12 0.00000e+00
1.98000e+03 4.21410e-12 0.00000e+00
1.98100e+03 4.52442e-12 0.00000e+00
1.98200e+03 5.19743e-12 0.00000e+00
1.98300e+03 4.48578e-12 0.00000e+00
1.98400e+03 4.08776e-12 0.00000e+00
1.98500e+03 4.88473e-12 0.00000e+00
1.98600e+03 4.53288e-12 0.00000e+00
1.98700e+03 4.40629e-12 0.00000e+00
1.98800e+03 4.94645e-12 0.00000e+00
1.98900e+03 4.28321e-12 0.00000e+00
1.99000e+03 4.22474e-12 0.00000e+00
1.99100e+03 4.78538e-12 0.00000e+00
1.99200e+03 4.33710e-12 0.00000e+00
1.99300e+03 4.53849e-12 0.00000e+00
1.99400e+03 4.44261e-12 0.00000e+00
1.99500e+03 3.62107e-12 0.00000e+00
1.99600e+03 4.62929e-12 0.00000e+00
1.99700e+03 3.99919e-12 0.00000e+00
1.99800e+03 4.43449e-12 0.00000e+00
1.99900e+03 4.94925e-12 0.00000e+00
2.00000e+03 4.78971e-12 0.00000e+00
