0.00000e+00 0.00000e+00 0.00000e+00
1.00000e+00 0.00000e+00 0.00000e+00
2.00000e+00 0.00000e+00 0.00000e+00
3.00000e+00 0.00000e+00 0.00000e+00
4.00000e+00 0.00000e+00 0.00000e+00
5.00000e+00 0.00000e+00 0.00000e+00
6.00000e+00 0.00000e+00 0.00000e+00
7.00000e+00 0.00000e+00 0.00000e+00
8.00000e+00 0.00000e+00 0.00000e+00
9.00000e+00 0.00000e+00 0.00000e+00
1.00000e+01 0.00000e+00 0.00000e+00
1.10000e+01 0.00000e+00 0.00000e+00
1.20000e+01 0.00000e+00 0.00000e+00
1.30000e+01 0.00000e+00 0.00000e+00
1.40000e+01 0.00000e+00 0.00000e+00
1.50000e+01 0.00000e+00 0.00000e+00
1.60000e+01 0.00000e+00 0.00000e+00
1.70000e+01 0.00000e+00 0.00000e+00
1.80000e+01 0.00000e+00 0.00000e+00
1.90000e+01 0.00000e+00 0.00000e+00
2.00000e+01 0.00000e+00 0.00000e+00
2.10000e+01 0.00000e+00 0.00000e+00
2.20000e+01 0.00000e+00 0.00000e+00
2.30000e+01 0.00000e+00 0.00000e+00
2.40000e+01 0.00000e+00 0.00000e+00
2.50000e+01 0.00000e+00 0.00000e+00
2.60000e+01 0.00000e+00 0.00000e+00
2.70000e+01 0.00000e+00 0.00000e+00
2.80000e+01 0.00000e+00 0.00000e+00
2.90000e+01 0.00000e+00 0.00000e+00
3.00000e+01 0.00000e+00 0.00000e+00
3.10000e+01 0.00000e+00 0.00000e+00
3.20000e+01 0.00000e+00 0.00000e+00
3.30000e+01 0.00000e+00 0.00000e+00
3.40000e+01 0.00000e+00 0.00000e+00
3.50000e+01 0.00000e+00 0.00000e+00
3.60000e+01 0.00000e+00 0.00000e+00
3.70000e+01 0.00000e+00 0.00000e+00
3.80000e+01 0.00000e+00 0.00000e+00
3.90000e+01 0.00000e+00 0.00000e+00
4.00000e+01 0.00000e+00 0.00000e+00
4.10000e+01 0.00000e+00 0.00000e+00
4.20000e+01 0.00000e+00 0.00000e+00
4.30000e+01 0.00000e+00 0.00000e+00
4.40000e+01 0.00000e+00 0.00000e+00
4.50000e+01 0.00000e+00 0.00000e+00
4.60000e+01 0.00000e+00 0.00000e+00
4.70000e+01 0.00000e+00 0.00000e+00
4.80000e+01 0.00000e+00 0.00000e+00
4.90000e+01 0.00000e+00 0.00000e+00
5.00000e+01 0.00000e+00 0.00000e+00
5.10000e+01 0.00000e+00 0.00000e+00
5.20000e+01 0.00000e+00 0.00000e+00
5.30000e+01 0.00000e+00 0.00000e+00
5.40000e+01 0.00000e+00 0.00000e+00
5.50000e+01 0.00000e+00 0.00000e+00
5.60000e+01 0.00000e+00 0.00000e+00
5.70000e+01 0.00000e+00 0.00000e+00
5.80000e+01 0.00000e+00 0.00000e+00
5.90000e+01 0.00000e+00 0.00000e+00
6.00000e+01 0.00000e+00 0.00000e+00
6.10000e+01 0.00000e+00 0.00000e+00
6.20000e+01 0.00000e+00 0.00000e+00
6.30000e+01 0.00000e+00 0.00000e+00
6.40000e+01 0.00000e+00 0.00000e+00
6.50000e+01 0.00000e+00 0.00000e+00
6.60000e+01 0.00000e+00 0.00000e+00
6.70000e+01 0.00000e+00 0.00000e+00
6.80000e+01 0.00000e+00 0.00000e+00
6.90000e+01 0.00000e+00 0.00000e+00
7.00000e+01 0.00000e+00 0.00000e+00
7.10000e+01 0.00000e+00 0.00000e+00
7.20000e+01 0.00000e+00 0.00000e+00
7.30000e+01 0.00000e+00 0.00000e+00
7.40000e+01 0.00000e+00 0.00000e+00
7.50000e+01 0.00000e+00 0.00000e+00
7.60000e+01 0.00000e+00 0.00000e+00
7.70000e+01 0.00000e+00 0.00000e+00
7.80000e+01 0.00000e+00 0.00000e+00
7.90000e+01 0.00000e+00 0.00000e+00
8.00000e+01 0.00000e+00 0.00000e+00
8.10000e+01 0.00000e+00 0.00000e+00
8.20000e+01 0.00000e+00 0.00000e+00
8.30000e+01 0.00000e+00 0.00000e+00
8.40000e+01 0.00000e+00 0.00000e+00
8.50000e+01 0.00000e+00 0.00000e+00
8.60000e+01 0.00000e+00 0.00000e+00
8.70000e+01 0.00000e+00 0.00000e+00
8.80000e+01 0.00000e+00 0.00000e+00
8.90000e+01 0.00000e+00 0.00000e+00
9.00000e+01 0.00000e+00 0.00000e+00
9.10000e+01 0.00000e+00 0.00000e+00
9.20000e+01 0.00000e+00 0.00000e+00
9.30000e+01 0.00000e+00 0.00000e+00
9.40000e+01 0.00000e+00 0.00000e+00
9.50000e+01 0.00000e+00 0.00000e+00
9.60000e+01 0.00000e+00 0.00000e+00
9.70000e+01 0.00000e+00 0.00000e+00
9.80000e+01 0.00000e+00 0.00000e+00
9.90000e+01 0.00000e+00 0.00000e+00
1.00000e+02 4.83835e-11 0.00000e+00
1.01000e+02 1.26730e-10 0.00000e+00
1.02000e+02 1.09827e-10 0.00000e+00
1.03000e+02 2.31834e-10 0.00000e+00
1.04000e+02 1.84589e-10 0.00000e+00
1.05000e+02 5.44020e-11 0.00000e+00
1.06000e+02 1.36820e-10 0.00000e+00
1.07000e+02 9.75008e-11 0.00000e+00
1.08000e+02 1.22365e-10 0.00000e+00
1.09000e+02 1.30385e-10 0.00000e+00
1.10000e+02 8.00990e-11 0.00000e+00
1.11000e+02 4.47099e-11 0.00000e+00
1.12000e+02 7.13178e-11 0.00000e+00
1.13000e+02 5.04060e-11 0.00000e+00
1.14000e+02 1.81592e-10 0.00000e+00
1.15000e+02 2.21934e-10 0.00000e+00
1.16000e+02 -4.34255e-11 0.00000e+00
1.17000e+02 8.16922e-11 0.00000e+00
1.18000e+02 8.54543e-11 0.00000e+00
1.19000e+02 1.54791e-10 0.00000e+00
1.20000e+02 2.89584e-10 0.00000e+00
1.21000e+02 4.71018e-11 0.00000e+00
1.22000e+02 1.37393e-10 0.00000e+00
1.23000e+02 7.67642e-11 0.00000e+00
1.24000e+02 1.23023e-10 0.00000e+00
1.25000e+02 1.12560e-10 0.00000e+00
1.26000e+02 9.79170e-11 0.00000e+00
1.27000e+02 4.96752e-11 0.00000e+00
1.28000e+02 1.13362e-10 0.00000e+00
1.29000e+02 6.92714e-11 0.00000e+00
1.30000e+02 1.23742e-10 0.00000e+00
1.31000e+02 1.00180e-10 0.00000e+00
1.32000e+02 4.11628e-11 0.00000e+00
1.33000e+02 8.52378e-11 0.00000e+00
1.34000e+02 2.09891e-10 0.00000e+00
1.35000e+02 -1.59855e-11 0.00000e+00
1.36000e+02 5.88048e-11 0.00000e+00
1.37000e+02 1.41088e-10 0.00000e+00
1.38000e+02 1.15765e-10 0.00000e+00
1.39000e+02 1.03395e-10 0.00000e+00
1.40000e+02 8.87862e-11 0.00000e+00
1.41000e+02 1.63609e-10 0.00000e+00
1.42000e+02 1.15104e-10 0.00000e+00
1.43000e+02 1.03980e-10 0.00000e+00
1.44000e+02 7.08417e-11 0.00000e+00
1.45000e+02 7.34994e-11 0.00000e+00
1.46000e+02 1.58489e-10 0.00000e+00
1.47000e+02 6.13275e-11 0.00000e+00
1.48000e+02 1.57112e-10 0.00000e+00
1.49000e+02 6.65201e-11 0.00000e+00
1.50000e+02 1.21300e-10 0.00000e+00
1.51000e+02 1.10266e-10 0.00000e+00
1.52000e+02 5.54944e-11 0.00000e+00
1.53000e+02 1.05367e-10 0.00000e+00
1.54000e+02 7.93836e-11 0.00000e+00
1.55000e+02 1.18833e-10 0.00000e+00
1.56000e+02 1.53072e-10 0.00000e+00
1.57000e+02 1.28929e-10 0.00000e+00
1.58000e+02 7.83530e-11 0.00000e+00
1.59000e+02 -1.24163e-11 0.00000e+00
1.60000e+02 1.29952e-10 0.00000e+00
1.61000e+02 3.69577e-11 0.00000e+00
1.62000e+02 8.99274e-11 0.00000e+00
1.63000e+02 7.91516e-11 0.00000e+00
1.64000e+02 1.14164e-10 0.00000e+00
1.65000e+02 3.20982e-11 0.00000e+00
1.66000e+02 4.31301e-11 0.00000e+00
1.67000e+02 7.01568e-11 0.00000e+00
1.68000e+02 1.00194e-10 0.00000e+00
1.69000e+02 1.05815e-10 0.00000e+00
1.70000e+02 4.62706e-11 0.00000e+00
1.71000e+02 4.63067e-11 0.00000e+00
1.72000e+02 8.48189e-11 0.00000e+00
1.73000e+02 5.74471e-11 0.00000e+00
1.74000e+02 6.79486e-11 0.00000e+00
1.75000e+02 1.78243e-11 0.00000e+00
1.76000e+02 6.45831e-11 0.00000e+00
1.77000e+02 9.95450e-12 0.00000e+00
1.78000e+02 -9.93619e-12 0.00000e+00
1.79000e+02 1.06881e-10 0.00000e+00
1.80000e+02 1.16628e-10 0.00000e+00
1.81000e+02 8.87989e-11 0.00000e+00
1.82000e+02 1.10189e-10 0.00000e+00
1.83000e+02 1.18025e-10 0.00000e+00
1.84000e+02 1.21824e-10 0.00000e+00
1.85000e+02 2.23521e-11 0.00000e+00
1.86000e+02 4.95244e-11 0.00000e+00
1.87000e+02 6.24206e-11 0.00000e+00
1.88000e+02 8.32055e-11 0.00000e+00
1.89000e+02 8.11363e-11 0.00000e+00
1.90000e+02 8.72064e-11 0.00000e+00
1.91000e+02 9.01641e-12 0.00000e+00
1.92000e+02 4.07347e-11 0.00000e+00
1.93000e+02 1.42632e-10 0.00000e+00
1.94000e+02 9.57166e-11 0.00000e+00
1.95000e+02 4.08766e-11 0.00000e+00
1.96000e+02 1.43974e-11 0.00000e+00
1.97000e+02 9.75845e-11 0.00000e+00
1.98000e+02 5.51723e-11 0.00000e+00
1.99000e+02 1.05803e-10 0.00000e+00
2.00000e+02 6.95326e-11 0.00000e+00
2.01000e+02 6.99766e-11 0.00000e+00
2.02000e+02 1.77531e-11 0.00000e+00
2.03000e+02 4.80236e-11 0.00000e+00
2.04000e+02 5.94874e-11 0.00000e+00
2.05000e+02 1.27338e-11 0.00000e+00
2.06000e+02 3.71895e-11 0.00000e+00
2.07000e+02 4.86579e-11 0.00000e+00
2.08000e+02 4.22686e-11 0.00000e+00
2.09000e+02 1.13597e-10 0.00000e+00
2.10000e+02 1.23527e-10 0.00000e+00
2.11000e+02 6.35301e-11 0.00000e+00
2.12000e+02 2.25746e-11 0.00000e+00
2.13000e+02 4.17063e-11 0.00000e+00
2.14000e+02 5.96983e-11 0.00000e+00
2.15000e+02 1.19452e-10 0.00000e+00
2.16000e+02 6.75768e-11 0.00000e+00
2.17000e+02 5.08339e-11 0.00000e+00
2.18000e+02 6.02270e-11 0.00000e+00
2.19000e+02 4.89802e-11 0.00000e+00
2.20000e+02 3.98163e-11 0.00000e+00
2.21000e+02 5.86997e-11 0.00000e+00
2.22000e+02 8.80082e-13 0.00000e+00
2.23000e+02 4.57972e-11 0.00000e+00
2.24000e+02 1.29532e-10 0.00000e+00
2.25000e+02 -4.12905e-11 0.00000e+00
2.26000e+02 4.35202e-11 0.00000e+00
2.27000e+02 8.47756e-11 0.00000e+00
2.28000e+02 1.80405e-11 0.00000e+00
2.29000e+02 1.51695e-11 0.00000e+00
2.30000e+02 1.08623e-10 0.00000e+00
2.31000e+02 3.94550e-11 0.00000e+00
2.32000e+02 2.69478e-11 0.00000e+00
2.33000e+02 9.68376e-11 0.00000e+00
2.34000e+02 5.44951e-11 0.00000e+00
2.35000e+02 4.91867e-11 0.00000e+00
2.36000e+02 4.30201e-11 0.00000e+00
2.37000e+02 3.81690e-11 0.00000e+00
2.38000e+02 5.54366e-11 0.00000e+00
2.39000e+02 2.72693e-11 0.00000e+00
2.40000e+02 6.41766e-11 0.00000e+00
2.41000e+02 3.55065e-11 0.00000e+00
2.42000e+02 5.95300e-11 0.00000e+00
2.43000e+02 3.50720e-11 0.00000e+00
2.44000e+02 2.89364e-11 0.00000e+00
2.45000e+02 6.70428e-11 0.00000e+00
2.46000e+02 6.26223e-11 0.00000e+00
2.47000e+02 2.02721e-11 0.00000e+00
2.48000e+02 1.04703e-10 0.00000e+00
2.49000e+02 7.98931e-11 0.00000e+00
2.50000e+02 6.40959e-11 0.00000e+00
2.51000e+02 9.30065e-11 0.00000e+00
2.52000e+02 4.20431e-11 0.00000e+00
2.53000e+02 3.66320e-11 0.00000e+00
2.54000e+02 1.11693e-11 0.00000e+00
2.55000e+02 2.86456e-11 0.00000e+00
2.56000e+02 7.05508e-11 0.00000e+00
2.57000e+02 5.36560e-11 0.00000e+00
2.58000e+02 7.81823e-11 0.00000e+00
2.59000e+02 5.46829e-11 0.00000e+00
2.60000e+02 3.59929e-11 0.00000e+00
2.61000e+02 5.46127e-11 0.00000e+00
2.62000e+02 5.97023e-11 0.00000e+00
2.63000e+02 4.05621e-11 0.00000e+00
2.64000e+02 1.83707e-11 0.00000e+00
2.65000e+02 7.55174e-11 0.00000e+00
2.66000e+02 4.71038e-11 0.00000e+00
2.67000e+02 8.65019e-11 0.00000e+00
2.68000e+02 1.51333e-11 0.00000e+00
2.69000e+02 3.17851e-11 0.00000e+00
2.70000e+02 3.26963e-11 0.00000e+00
2.71000e+02 4.89842e-11 0.00000e+00
2.72000e+02 5.40058e-11 0.00000e+00
2.73000e+02 3.59227e-11 0.00000e+00
2.74000e+02 1.47779e-11 0.00000e+00
2.75000e+02 4.15270e-11 0.00000e+00
2.76000e+02 2.00687e-11 0.00000e+00
2.77000e+02 6.24350e-11 0.00000e+00
2.78000e+02 3.66763e-11 0.00000e+00
2.79000e+02 5.50272e-11 0.00000e+00
2.80000e+02 5.44005e-11 0.00000e+00
2.81000e+02 2.93315e-11 0.00000e+00
2.82000e+02 2.39111e-11 0.00000e+00
2.83000e+02 4.11073e-11 0.00000e+00
2.84000e+02 4.13716e-11 0.00000e+00
2.85000e+02 4.98642e-11 0.00000e+00
2.86000e+02 7.70256e-11 0.00000e+00
2.87000e+02 9.08554e-11 0.00000e+00
2.88000e+02 4.68567e-11 0.00000e+00
2.89000e+02 3.87834e-11 0.00000e+00
2.90000e+02 1.12792e-10 0.00000e+00
2.91000e+02 1.88075e-11 0.00000e+00
2.92000e+02 8.83706e-11 0.00000e+00
2.93000e+02 4.07273e-11 0.00000e+00
2.94000e+02 7.08824e-11 0.00000e+00
2.95000e+02 3.97866e-11 0.00000e+00
2.96000e+02 3.28774e-11 0.00000e+00
2.97000e+02 2.52610e-11 0.00000e+00
2.98000e+02 7.80076e-11 0.00000e+00
2.99000e+02 6.45870e-11 0.00000e+00
3.00000e+02 2.28586e-11 0.00000e+00
3.01000e+02 3.13124e-11 0.00000e+00
3.02000e+02 5.71737e-11 0.00000e+00
3.03000e+02 1.67638e-11 0.00000e+00
3.04000e+02 6.35555e-11 0.00000e+00
3.05000e+02 4.53872e-11 0.00000e+00
3.06000e+02 3.60349e-11 0.00000e+00
3.07000e+02 1.96126e-11 0.00000e+00
3.08000e+02 8.72740e-11 0.00000e+00
3.09000e+02 7.64400e-11 0.00000e+00
3.10000e+02 1.80027e-11 0.00000e+00
3.11000e+02 4.76176e-11 0.00000e+00
3.12000e+02 2.86899e-11 0.00000e+00
3.13000e+02 5.83799e-11 0.00000e+00
3.14000e+02 2.47578e-11 0.00000e+00
3.15000e+02 3.26761e-11 0.00000e+00
3.16000e+02 5.46256e-11 0.00000e+00
3.17000e+02 4.88751e-11 0.00000e+00
3.18000e+02 8.79961e-11 0.00000e+00
3.19000e+02 5.09424e-11 0.00000e+00
3.20000e+02 -2.64713e-12 0.00000e+00
3.21000e+02 3.08956e-11 0.00000e+00
3.22000e+02 3.08651e-11 0.00000e+00
3.23000e+02 4.96849e-11 0.00000e+00
3.24000e+02 4.70097e-11 0.00000e+00
3.25000e+02 5.48981e-11 0.00000e+00
3.26000e+02 6.83718e-11 0.00000e+00
3.27000e+02 -3.24347e-12 0.00000e+00
3.28000e+02 4.49928e-11 0.00000e+00
3.29000e+02 4.03411e-11 0.00000e+00
3.30000e+02 6.72475e-11 0.00000e+00
3.31000e+02 6.45670e-11 0.00000e+00
3.32000e+02 4.09044e-11 0.00000e+00
3.33000e+02 2.42791e-11 0.00000e+00
3.34000e+02 1.60030e-11 0.00000e+00
3.35000e+02 6.88347e-11 0.00000e+00
3.36000e+02 6.05417e-11 0.00000e+00
3.37000e+02 3.12356e-11 0.00000e+00
3.38000e+02 2.64800e-11 0.00000e+00
3.39000e+02 3.14857e-11 0.00000e+00
3.40000e+02 1.18351e-11 0.00000e+00
3.41000e+02 4.75954e-11 0.00000e+00
3.42000e+02 8.69721e-12 0.00000e+00
3.43000e+02 2.22434e-11 0.00000e+00
3.44000e+02 5.53673e-11 0.00000e+00
3.45000e+02 6.52532e-11 0.00000e+00
3.46000e+02 5.74964e-11 0.00000e+00
3.47000e+02 1.26720e-11 0.00000e+00
3.48000e+02 2.82928e-11 0.00000e+00
3.49000e+02 5.04392e-11 0.00000e+00
3.50000e+02 4.83301e-11 0.00000e+00
3.51000e+02 3.88130e-11 0.00000e+00
3.52000e+02 1.08685e-11 0.00000e+00
3.53000e+02 4.70087e-11 0.00000e+00
3.54000e+02 5.73528e-11 0.00000e+00
3.55000e+02 6.24560e-11 0.00000e+00
3.56000e+02 7.78319e-12 0.00000e+00
3.57000e+02 4.23031e-11 0.00000e+00
3.58000e+02 5.71294e-11 0.00000e+00
3.59000e+02 4.01431e-11 0.00000e+00
3.60000e+02 4.02783e-11 0.00000e+00
3.61000e+02 3.18200e-11 0.00000e+00
3.62000e+02 4.53009e-11 0.00000e+00
3.63000e+02 5.21253e-11 0.00000e+00
3.64000e+02 1.14418e-11 0.00000e+00
3.65000e+02 2.35931e-11 0.00000e+00
3.66000e+02 2.92170e-11 0.00000e+00
3.67000e+02 4.64491e-11 0.00000e+00
3.68000e+02 3.32069e-11 0.00000e+00
3.69000e+02 5.09683e-11 0.00000e+00
3.70000e+02 5.31723e-11 0.00000e+00
3.71000e+02 1.85989e-11 0.00000e+00
3.72000e+02 5.38258e-11 0.00000e+00
3.73000e+02 6.14940e-11 0.00000e+00
3.74000e+02 3.16100e-11 0.00000e+00
3.75000e+02 4.65555e-11 0.00000e+00
3.76000e+02 3.40705e-11 0.00000e+00
3.77000e+02 6.61249e-11 0.00000e+00
3.78000e+02 3.81417e-11 0.00000e+00
3.79000e+02 4.71033e-11 0.00000e+00
3.80000e+02 2.68020e-11 0.00000e+00
3.81000e+02 5.35987e-11 0.00000e+00
3.82000e+02 6.73823e-11 0.00000e+00
3.83000e+02 6.93348e-11 0.00000e+00
3.84000e+02 2.90023e-11 0.00000e+00
3.85000e+02 3.94037e-11 0.00000e+00
3.86000e+02 2.60937e-11 0.00000e+00
3.87000e+02 4.90199e-11 0.00000e+00
3.88000e+02 6.20644e-11 0.00000e+00
3.89000e+02 2.59579e-11 0.00000e+00
3.90000e+02 6.17345e-11 0.00000e+00
3.91000e+02 5.30666e-11 0.00000e+00
3.92000e+02 2.31552e-11 0.00000e+00
3.93000e+02 1.01356e-11 0.00000e+00
3.94000e+02 5.57150e-11 0.00000e+00
3.95000e+02 2.60803e-11 0.00000e+00
3.96000e+02 2.43711e-11 0.00000e+00
3.97000e+02 4.30315e-11 0.00000e+00
3.98000e+02 4.62808e-11 0.00000e+00
3.99000e+02 1.35945e-11 0.00000e+00
4.00000e+02 3.12019e-11 0.00000e+00
4.01000e+02 1.65163e-11 0.00000e+00
4.02000e+02 6.02533e-11 0.00000e+00
4.03000e+02 4.58223e-11 0.00000e+00
4.04000e+02 4.63069e-11 0.00000e+00
4.05000e+02 2.27241e-11 0.00000e+00
4.06000e+02 2.92572e-11 0.00000e+00
4.07000e+02 4.33867e-11 0.00000e+00
4.08000e+02 2.89590e-11 0.00000e+00
4.09000e+02 2.93720e-11 0.00000e+00
4.10000e+02 4.39129e-11 0.00000e+00
4.11000e+02 5.03827e-11 0.00000e+00
4.12000e+02 3.23768e-11 0.00000e+00
4.13000e+02 1.52763e-11 0.00000e+00
4.14000e+02 5.59360e-11 0.00000e+00
4.15000e+02 3.96671e-11 0.00000e+00
4.16000e+02 2.84401e-11 0.00000e+00
4.17000e+02 4.59927e-11 0.00000e+00
4.18000e+02 3.10938e-11 0.00000e+00
4.19000e+02 3.67151e-11 0.00000e+00
4.20000e+02 3.86153e-11 0.00000e+00
4.21000e+02 2.29314e-11 0.00000e+00
4.22000e+02 1.46206e-11 0.00000e+00
4.23000e+02 2.54994e-11 0.00000e+00
4.24000e+02 3.90228e-11 0.00000e+00
4.25000e+02 1.93207e-11 0.00000e+00
4.26000e+02 3.59811e-11 0.00000e+00
4.27000e+02 6.19471e-11 0.00000e+00
4.28000e+02 3.35131e-11 0.00000e+00
4.29000e+02 2.51186e-11 0.00000e+00
4.30000e+02 5.58049e-11 0.00000e+00
4.31000e+02 2.22694e-11 0.00000e+00
4.32000e+02 2.94295e-11 0.00000e+00
4.33000e+02 3.28467e-11 0.00000e+00
4.34000e+02 3.95240e-11 0.00000e+00
4.35000e+02 3.66068e-11 0.00000e+00
4.36000e+02 -9.20452e-12 0.00000e+00
4.37000e+02 2.58641e-11 0.00000e+00
4.38000e+02 3.45133e-11 0.00000e+00
4.39000e+02 4.53929e-11 0.00000e+00
4.40000e+02 3.49596e-11 0.00000e+00
4.41000e+02 1.85706e-11 0.00000e+00
4.42000e+02 2.55813e-11 0.00000e+00
4.43000e+02 4.12760e-11 0.00000e+00
4.44000e+02 4.29240e-11 0.00000e+00
4.45000e+02 3.00259e-11 0.00000e+00
4.46000e+02 3.30698e-11 0.00000e+00
4.47000e+02 2.37090e-11 0.00000e+00
4.48000e+02 4.05036e-11 0.00000e+00
4.49000e+02 4.02849e-11 0.00000e+00
4.50000e+02 2.14927e-11 0.00000e+00
4.51000e+02 3.53994e-11 0.00000e+00
4.52000e+02 3.44712e-11 0.00000e+00
4.53000e+02 1.79156e-11 0.00000e+00
4.54000e+02 2.46197e-11 0.00000e+00
4.55000e+02 1.79069e-11 0.00000e+00
4.56000e+02 2.95124e-11 0.00000e+00
4.57000e+02 2.64521e-11 0.00000e+00
4.58000e+02 2.86901e-11 0.00000e+00
4.59000e+02 4.95925e-11 0.00000e+00
4.60000e+02 3.08603e-11 0.00000e+00
4.61000e+02 8.36878e-12 0.00000e+00
4.62000e+02 2.10260e-11 0.00000e+00
4.63000e+02 3.69487e-11 0.00000e+00
4.64000e+02 4.65962e-11 0.00000e+00
4.65000e+02 1.83588e-11 0.00000e+00
4.66000e+02 2.54724e-11 0.00000e+00
4.67000e+02 5.23866e-11 0.00000e+00
4.68000e+02 2.64688e-11 0.00000e+00
4.69000e+02 3.00592e-11 0.00000e+00
4.70000e+02 2.32543e-11 0.00000e+00
4.71000e+02 1.84952e-11 0.00000e+00
4.72000e+02 4.61568e-11 0.00000e+00
4.73000e+02 4.19604e-11 0.00000e+00
4.74000e+02 4.47395e-11 0.00000e+00
4.75000e+02 6.30165e-11 0.00000e+00
4.76000e+02 2.98861e-11 0.00000e+00
4.77000e+02 1.89799e-11 0.00000e+00
4.78000e+02 3.50262e-11 0.00000e+00
4.79000e+02 3.08127e-11 0.00000e+00
4.80000e+02 3.20139e-11 0.00000e+00
4.81000e+02 4.12218e-11 0.00000e+00
4.82000e+02 9.15466e-12 0.00000e+00
4.83000e+02 3.08361e-11 0.00000e+00
4.84000e+02 5.27787e-11 0.00000e+00
4.85000e+02 1.57894e-11 0.00000e+00
4.86000e+02 6.62720e-11 0.00000e+00
4.87000e+02 3.18209e-11 0.00000e+00
4.88000e+02 2.93560e-11 0.00000e+00
4.89000e+02 4.27082e-11 0.00000e+00
4.90000e+02 3.87307e-11 0.00000e+00
4.91000e+02 3.84314e-11 0.00000e+00
4.92000e+02 2.03107e-11 0.00000e+00
4.93000e+02 3.98281e-11 0.00000e+00
4.94000e+02 3.82927e-11 0.00000e+00
4.95000e+02 4.40794e-11 0.00000e+00
4.96000e+02 1.87973e-11 0.00000e+00
4.97000e+02 2.56535e-11 0.00000e+00
4.98000e+02 3.50369e-11 0.00000e+00
4.99000e+02 2.75033e-11 0.00000e+00
5.00000e+02 1.90032e-11 0.00000e+00
5.01000e+02 1.32809e-11 0.00000e+00
5.02000e+02 4.86784e-11 0.00000e+00
5.03000e+02 1.01444e-11 0.00000e+00
5.04000e+02 4.25809e-11 0.00000e+00
5.05000e+02 6.54474e-12 0.00000e+00
5.06000e+02 2.72482e-11 0.00000e+00
5.07000e+02 1.81543e-11 0.00000e+00
5.08000e+02 2.95375e-11 0.00000e+00
5.09000e+02 2.07473e-11 0.00000e+00
5.10000e+02 2.87191e-11 0.00000e+00
5.11000e+02 2.50030e-11 0.00000e+00
5.12000e+02 4.94542e-11 0.00000e+00
5.13000e+02 2.42504e-11 0.00000e+00
5.14000e+02 4.08065e-11 0.00000e+00
5.15000e+02 1.32047e-11 0.00000e+00
5.16000e+02 1.75262e-11 0.00000e+00
5.17000e+02 2.52790e-11 0.00000e+00
5.18000e+02 3.58660e-11 0.00000e+00
5.19000e+02 3.61698e-11 0.00000e+00
5.20000e+02 3.03455e-11 0.00000e+00
5.21000e+02 2.90025e-11 0.00000e+00
5.22000e+02 4.99050e-11 0.00000e+00
5.23000e+02 4.86356e-11 0.00000e+00
5.24000e+02 3.99493e-11 0.00000e+00
5.25000e+02 1.60592e-11 0.00000e+00
5.26000e+02 1.93306e-11 0.00000e+00
5.27000e+02 2.29065e-11 0.00000e+00
5.28000e+02 4.70275e-11 0.00000e+00
5.29000e+02 3.41219e-11 0.00000e+00
5.30000e+02 2.47565e-11 0.00000e+00
5.31000e+02 2.91072e-11 0.00000e+00
5.32000e+02 2.30516e-11 0.00000e+00
5.33000e+02 3.70848e-11 0.00000e+00
5.34000e+02 3.12680e-11 0.00000e+00
5.35000e+02 2.31692e-11 0.00000e+00
5.36000e+02 3.48322e-11 0.00000e+00
5.37000e+02 1.32153e-11 0.00000e+00
5.38000e+02 5.01669e-11 0.00000e+00
5.39000e+02 5.08321e-11 0.00000e+00
5.40000e+02 3.34674e-11 0.00000e+00
5.41000e+02 3.37134e-11 0.00000e+00
5.42000e+02 1.41955e-11 0.00000e+00
5.43000e+02 1.99879e-11 0.00000e+00
5.44000e+02 2.55023e-11 0.00000e+00
5.45000e+02 5.59273e-11 0.00000e+00
5.46000e+02 3.10481e-11 0.00000e+00
5.47000e+02 2.04032e-11 0.00000e+00
5.48000e+02 1.70950e-11 0.00000e+00
5.49000e+02 1.86838e-11 0.00000e+00
5.50000e+02 2.81956e-11 0.00000e+00
5.51000e+02 2.12231e-11 0.00000e+00
5.52000e+02 2.55971e-11 0.00000e+00
5.53000e+02 2.39966e-11 0.00000e+00
5.54000e+02 2.19114e-11 0.00000e+00
5.55000e+02 1.00375e-11 0.00000e+00
5.56000e+02 4.24277e-11 0.00000e+00
5.57000e+02 3.90754e-11 0.00000e+00
5.58000e+02 3.81498e-11 0.00000e+00
5.59000e+02 3.83995e-11 0.00000e+00
5.60000e+02 3.11609e-11 0.00000e+00
5.61000e+02 4.29172e-11 0.00000e+00
5.62000e+02 2.48912e-11 0.00000e+00
5.63000e+02 4.49779e-11 0.00000e+00
5.64000e+02 2.97569e-11 0.00000e+00
5.65000e+02 2.02436e-11 0.00000e+00
5.66000e+02 9.41024e-12 0.00000e+00
5.67000e+02 1.79903e-11 0.00000e+00
5.68000e+02 2.84624e-11 0.00000e+00
5.69000e+02 2.25001e-11 0.00000e+00
5.70000e+02 2.52300e-11 0.00000e+00
5.71000e+02 3.30090e-11 0.00000e+00
5.72000e+02 3.44597e-11 0.00000e+00
5.73000e+02 3.72287e-11 0.00000e+00
5.74000e+02 2.03351e-11 0.00000e+00
5.75000e+02 2.61603e-11 0.00000e+00
5.76000e+02 2.11714e-11 0.00000e+00
5.77000e+02 3.56655e-11 0.00000e+00
5.78000e+02 2.26973e-11 0.00000e+00
5.79000e+02 2.49594e-11 0.00000e+00
5.80000e+02 8.00537e-12 0.00000e+00
5.81000e+02 2.59606e-11 0.00000e+00
5.82000e+02 1.97114e-11 0.00000e+00
5.83000e+02 2.68521e-11 0.00000e+00
5.84000e+02 3.04425e-11 0.00000e+00
5.85000e+02 2.79024e-11 0.00000e+00
5.86000e+02 3.24948e-11 0.00000e+00
5.87000e+02 2.76223e-11 0.00000e+00
5.88000e+02 3.80687e-11 0.00000e+00
5.89000e+02 3.05154e-11 0.00000e+00
5.90000e+02 4.37442e-11 0.00000e+00
5.91000e+02 2.90004e-11 0.00000e+00
5.92000e+02 3.52911e-11 0.00000e+00
5.93000e+02 3.24554e-11 0.00000e+00
5.94000e+02 1.99016e-11 0.00000e+00
5.95000e+02 3.24138e-11 0.00000e+00
5.96000e+02 1.85514e-11 0.00000e+00
5.97000e+02 1.36796e-11 0.00000e+00
5.98000e+02 2.71868e-11 0.00000e+00
5.99000e+02 2.15217e-11 0.00000e+00
6.00000e+02 2.73720e-11 0.00000e+00
6.01000e+02 3.27032e-11 0.00000e+00
6.02000e+02 2.29072e-11 0.00000e+00
6.03000e+02 2.23835e-11 0.00000e+00
6.04000e+02 2.47761e-11 0.00000e+00
6.05000e+02 2.93527e-11 0.00000e+00
6.06000e+02 3.04400e-11 0.00000e+00
6.07000e+02 2.95651e-11 0.00000e+00
6.08000e+02 2.37759e-11 0.00000e+00
6.09000e+02 3.03161e-11 0.00000e+00
6.10000e+02 2.56870e-11 0.00000e+00
6.11000e+02 2.93212e-11 0.00000e+00
6.12000e+02 2.66945e-11 0.00000e+00
6.13000e+02 1.43245e-11 0.00000e+00
6.14000e+02 2.90880e-11 0.00000e+00
6.15000e+02 2.30553e-11 0.00000e+00
6.16000e+02 1.84660e-11 0.00000e+00
6.17000e+02 3.04086e-11 0.00000e+00
6.18000e+02 2.99688e-11 0.00000e+00
6.19000e+02 3.21648e-11 0.00000e+00
6.20000e+02 2.04105e-11 0.00000e+00
6.21000e+02 3.20106e-11 0.00000e+00
6.22000e+02 3.09059e-11 0.00000e+00
6.23000e+02 3.19764e-11 0.00000e+00
6.24000e+02 1.64269e-11 0.00000e+00
6.25000e+02 3.33502e-11 0.00000e+00
6.26000e+02 1.83306e-11 0.00000e+00
6.27000e+02 3.80755e-11 0.00000e+00
6.28000e+02 2.03478e-11 0.00000e+00
6.29000e+02 1.45301e-11 0.00000e+00
6.30000e+02 1.80578e-12 0.00000e+00
6.31000e+02 1.22112e-11 0.00000e+00
6.32000e+02 2.32162e-11 0.00000e+00
6.33000e+02 1.01622e-11 0.00000e+00
6.34000e+02 1.98838e-11 0.00000e+00
6.35000e+02 2.40192e-11 0.00000e+00
6.36000e+02 1.49091e-11 0.00000e+00
6.37000e+02 3.06003e-11 0.00000e+00
6.38000e+02 2.93421e-11 0.00000e+00
6.39000e+02 9.30174e-12 0.00000e+00
6.40000e+02 1.02788e-11 0.00000e+00
6.41000e+02 3.24091e-11 0.00000e+00
6.42000e+02 1.04224e-11 0.00000e+00
6.43000e+02 2.06371e-11 0.00000e+00
6.44000e+02 2.66876e-11 0.00000e+00
6.45000e+02 1.06967e-11 0.00000e+00
6.46000e+02 2.70304e-11 0.00000e+00
6.47000e+02 1.38984e-11 0.00000e+00
6.48000e+02 2.81774e-11 0.00000e+00
6.49000e+02 3.22560e-11 0.00000e+00
6.50000e+02 2.39818e-11 0.00000e+00
6.51000e+02 3.42556e-11 0.00000e+00
6.52000e+02 2.28927e-11 0.00000e+00
6.53000e+02 1.45324e-11 0.00000e+00
6.54000e+02 1.08193e-11 0.00000e+00
6.55000e+02 2.38135e-11 0.00000e+00
6.56000e+02 3.23809e-11 0.00000e+00
6.57000e+02 3.75448e-11 0.00000e+00
6.58000e+02 1.94039e-11 0.00000e+00
6.59000e+02 1.91117e-11 0.00000e+00
6.60000e+02 1.67884e-11 0.00000e+00
6.61000e+02 1.22295e-11 0.00000e+00
6.62000e+02 2.32194e-11 0.00000e+00
6.63000e+02 3.47249e-11 0.00000e+00
6.64000e+02 2.30077e-11 0.00000e+00
6.65000e+02 2.23758e-11 0.00000e+00
6.66000e+02 3.97525e-11 0.00000e+00
6.67000e+02 3.51462e-11 0.00000e+00
6.68000e+02 2.19760e-11 0.00000e+00
6.69000e+02 2.27969e-11 0.00000e+00
6.70000e+02 1.72505e-11 0.00000e+00
6.71000e+02 3.29816e-11 0.00000e+00
6.72000e+02 1.93681e-11 0.00000e+00
6.73000e+02 2.32291e-11 0.00000e+00
6.74000e+02 3.30600e-11 0.00000e+00
6.75000e+02 3.08514e-11 0.00000e+00
6.76000e+02 2.22119e-11 0.00000e+00
6.77000e+02 3.06198e-11 0.00000e+00
6.78000e+02 3.02458e-11 0.00000e+00
6.79000e+02 8.90444e-12 0.00000e+00
6.80000e+02 3.82573e-11 0.00000e+00
6.81000e+02 3.09717e-11 0.00000e+00
6.82000e+02 3.14017e-11 0.00000e+00
6.83000e+02 2.66901e-11 0.00000e+00
6.84000e+02 2.63005e-11 0.00000e+00
6.85000e+02 3.80529e-11 0.00000e+00
6.86000e+02 1.48108e-11 0.00000e+00
6.87000e+02 3.06184e-11 0.00000e+00
6.88000e+02 2.00019e-11 0.00000e+00
6.89000e+02 2.99552e-11 0.00000e+00
6.90000e+02 1.91452e-11 0.00000e+00
6.91000e+02 2.63705e-11 0.00000e+00
6.92000e+02 3.61060e-11 0.00000e+00
6.93000e+02 2.40968e-11 0.00000e+00
6.94000e+02 2.02118e-11 0.00000e+00
6.95000e+02 2.29685e-11 0.00000e+00
6.96000e+02 2.81058e-11 0.00000e+00
6.97000e+02 1.60015e-11 0.00000e+00
6.98000e+02 1.33932e-11 0.00000e+00
6.99000e+02 1.15593e-11 0.00000e+00
7.00000e+02 2.21685e-11 0.00000e+00
7.01000e+02 1.62245e-11 0.00000e+00
7.02000e+02 2.96070e-11 0.00000e+00
7.03000e+02 2.03305e-11 0.00000e+00
7.04000e+02 2.03401e-11 0.00000e+00
7.05000e+02 2.33485e-11 0.00000e+00
7.06000e+02 1.87983e-11 0.00000e+00
7.07000e+02 2.48705e-11 0.00000e+00
7.08000e+02 2.11790e-11 0.00000e+00
7.09000e+02 1.38911e-11 0.00000e+00
7.10000e+02 1.45634e-11 0.00000e+00
7.11000e+02 2.88740e-11 0.00000e+00
7.12000e+02 1.63148e-11 0.00000e+00
7.13000e+02 1.21791e-11 0.00000e+00
7.14000e+02 1.65642e-11 0.00000e+00
7.15000e+02 2.08965e-11 0.00000e+00
7.16000e+02 2.30146e-11 0.00000e+00
7.17000e+02 1.87759e-11 0.00000e+00
7.18000e+02 2.40589e-11 0.00000e+00
7.19000e+02 1.88757e-11 0.00000e+00
7.20000e+02 1.46303e-11 0.00000e+00
7.21000e+02 1.85720e-11 0.00000e+00
7.22000e+02 2.53978e-11 0.00000e+00
7.23000e+02 1.43923e-11 0.00000e+00
7.24000e+02 1.90385e-11 0.00000e+00
7.25000e+02 4.12646e-11 0.00000e+00
7.26000e+02 1.98124e-11 0.00000e+00
7.27000e+02 1.81840e-11 0.00000e+00
7.28000e+02 1.41089e-11 0.00000e+00
7.29000e+02 2.34560e-11 0.00000e+00
7.30000e+02 2.05782e-11 0.00000e+00
7.31000e+02 1.92878e-11 0.00000e+00
7.32000e+02 1.19194e-11 0.00000e+00
7.33000e+02 2.17288e-11 0.00000e+00
7.34000e+02 2.32683e-11 0.00000e+00
7.35000e+02 2.60155e-11 0.00000e+00
7.36000e+02 3.16297e-11 0.00000e+00
7.37000e+02 2.27314e-11 0.00000e+00
7.38000e+02 2.88748e-11 0.00000e+00
7.39000e+02 1.47860e-11 0.00000e+00
7.40000e+02 2.34704e-11 0.00000e+00
7.41000e+02 1.63745e-11 0.00000e+00
7.42000e+02 2.23736e-11 0.00000e+00
7.43000e+02 2.45688e-11 0.00000e+00
7.44000e+02 1.20261e-11 0.00000e+00
7.45000e+02 8.79300e-12 0.00000e+00
7.46000e+02 2.61607e-11 0.00000e+00
7.47000e+02 1.42025e-11 0.00000e+00
7.48000e+02 2.56919e-11 0.00000e+00
7.49000e+02 1.57598e-11 0.00000e+00
7.50000e+02 1.58678e-11 0.00000e+00
7.51000e+02 2.19033e-11 0.00000e+00
7.52000e+02 1.57086e-11 0.00000e+00
7.53000e+02 2.56789e-11 0.00000e+00
7.54000e+02 3.43829e-11 0.00000e+00
7.55000e+02 1.79692e-11 0.00000e+00
7.56000e+02 1.66376e-11 0.00000e+00
7.57000e+02 2.50891e-11 0.00000e+00
7.58000e+02 2.64733e-11 0.00000e+00
7.59000e+02 2.79205e-11 0.00000e+00
7.60000e+02 2.00428e-11 0.00000e+00
7.61000e+02 2.45719e-11 0.00000e+00
7.62000e+02 2.37226e-11 0.00000e+00
7.63000e+02 1.92911e-11 0.00000e+00
7.64000e+02 2.29716e-11 0.00000e+00
7.65000e+02 2.06856e-11 0.00000e+00
7.66000e+02 2.30347e-11 0.00000e+00
7.67000e+02 2.49477e-11 0.00000e+00
7.68000e+02 2.02929e-11 0.00000e+00
7.69000e+02 7.20159e-12 0.00000e+00
7.70000e+02 1.83526e-11 0.00000e+00
7.71000e+02 2.57624e-11 0.00000e+00
7.72000e+02 1.91073e-11 0.00000e+00
7.73000e+02 2.40033e-11 0.00000e+00
7.74000e+02 1.84462e-11 0.00000e+00
7.75000e+02 2.06604e-11 0.00000e+00
7.76000e+02 1.81312e-11 0.00000e+00
7.77000e+02 1.37092e-11 0.00000e+00
7.78000e+02 2.05918e-11 0.00000e+00
7.79000e+02 1.68824e-11 0.00000e+00
7.80000e+02 2.18953e-11 0.00000e+00
7.81000e+02 1.19144e-11 0.00000e+00
7.82000e+02 2.44257e-11 0.00000e+00
7.83000e+02 2.03468e-11 0.00000e+00
7.84000e+02 1.57875e-11 0.00000e+00
7.85000e+02 2.09641e-11 0.00000e+00
7.86000e+02 2.00235e-11 0.00000e+00
7.87000e+02 1.95967e-11 0.00000e+00
7.88000e+02 2.55974e-11 0.00000e+00
7.89000e+02 1.90819e-11 0.00000e+00
7.90000e+02 1.81124e-11 0.00000e+00
7.91000e+02 2.53135e-11 0.00000e+00
7.92000e+02 2.26796e-11 0.00000e+00
7.93000e+02 2.02387e-11 0.00000e+00
7.94000e+02 2.08686e-11 0.00000e+00
7.95000e+02 7.71103e-12 0.00000e+00
7.96000e+02 2.04844e-11 0.00000e+00
7.97000e+02 1.89064e-11 0.00000e+00
7.98000e+02 2.19339e-11 0.00000e+00
7.99000e+02 1.52281e-11 0.00000e+00
8.00000e+02 1.40089e-11 0.00000e+00
8.01000e+02 1.84240e-11 0.00000e+00
8.02000e+02 1.57129e-11 0.00000e+00
8.03000e+02 1.61476e-11 0.00000e+00
8.04000e+02 2.35350e-11 0.00000e+00
8.05000e+02 1.61196e-11 0.00000e+00
8.06000e+02 2.56593e-11 0.00000e+00
8.07000e+02 1.86410e-11 0.00000e+00
8.08000e+02 1.69684e-11 0.00000e+00
8.09000e+02 1.58635e-11 0.00000e+00
8.10000e+02 1.40300e-11 0.00000e+00
8.11000e+02 2.64621e-11 0.00000e+00
8.12000e+02 1.05705e-11 0.00000e+00
8.13000e+02 1.89265e-11 0.00000e+00
8.14000e+02 1.53214e-11 0.00000e+00
8.15000e+02 2.40968e-11 0.00000e+00
8.16000e+02 2.71672e-11 0.00000e+00
8.17000e+02 1.21295e-11 0.00000e+00
8.18000e+02 1.26404e-11 0.00000e+00
8.19000e+02 2.77903e-11 0.00000e+00
8.20000e+02 2.41455e-11 0.00000e+00
8.21000e+02 1.03422e-11 0.00000e+00
8.22000e+02 2.05795e-11 0.00000e+00
8.23000e+02 1.73961e-11 0.00000e+00
8.24000e+02 1.76874e-11 0.00000e+00
8.25000e+02 2.31424e-11 0.00000e+00
8.26000e+02 1.72142e-11 0.00000e+00
8.27000e+02 1.45769e-11 0.00000e+00
8.28000e+02 1.75316e-11 0.00000e+00
8.29000e+02 1.73123e-11 0.00000e+00
8.30000e+02 2.58897e-11 0.00000e+00
8.31000e+02 1.74977e-11 0.00000e+00
8.32000e+02 2.40522e-11 0.00000e+00
8.33000e+02 1.92803e-11 0.00000e+00
8.34000e+02 2.59985e-11 0.00000e+00
8.35000e+02 2.22113e-11 0.00000e+00
8.36000e+02 2.06069e-11 0.00000e+00
8.37000e+02 2.31412e-11 0.00000e+00
8.38000e+02 2.09194e-11 0.00000e+00
8.39000e+02 1.95678e-11 0.00000e+00
8.40000e+02 1.92075e-11 0.00000e+00
8.41000e+02 2.15431e-11 0.00000e+00
8.42000e+02 2.09083e-11 0.00000e+00
8.43000e+02 1.48867e-11 0.00000e+00
8.44000e+02 2.23165e-11 0.00000e+00
8.45000e+02 2.21379e-11 0.00000e+00
8.46000e+02 2.02865e-11 0.00000e+00
8.47000e+02 2.04127e-11 0.00000e+00
8.48000e+02 2.13547e-11 0.00000e+00
8.49000e+02 1.53665e-11 0.00000e+00
8.50000e+02 1.19961e-11 0.00000e+00
8.51000e+02 1.74845e-11 0.00000e+00
8.52000e+02 1.66914e-11 0.00000e+00
8.53000e+02 1.30121e-11 0.00000e+00
8.54000e+02 1.59922e-11 0.00000e+00
8.55000e+02 2.20958e-11 0.00000e+00
8.56000e+02 3.02423e-11 0.00000e+00
8.57000e+02 2.30045e-11 0.00000e+00
8.58000e+02 1.40057e-11 0.00000e+00
8.59000e+02 2.44261e-11 0.00000e+00
8.60000e+02 1.96822e-11 0.00000e+00
8.61000e+02 1.91365e-11 0.00000e+00
8.62000e+02 1.08252e-11 0.00000e+00
8.63000e+02 1.39677e-11 0.00000e+00
8.64000e+02 1.75041e-11 0.00000e+00
8.65000e+02 1.64001e-11 0.00000e+00
8.66000e+02 2.48844e-11 0.00000e+00
8.67000e+02 1.71742e-11 0.00000e+00
8.68000e+02 1.65098e-11 0.00000e+00
8.69000e+02 1.59881e-11 0.00000e+00
8.70000e+02 2.20169e-11 0.00000e+00
8.71000e+02 1.53392e-11 0.00000e+00
8.72000e+02 1.24139e-11 0.00000e+00
8.73000e+02 2.09089e-11 0.00000e+00
8.74000e+02 1.43465e-11 0.00000e+00
8.75000e+02 1.71397e-11 0.00000e+00
8.76000e+02 2.11706e-11 0.00000e+00
8.77000e+02 1.91459e-11 0.00000e+00
8.78000e+02 2.33713e-11 0.00000e+00
8.79000e+02 1.51620e-11 0.00000e+00
8.80000e+02 1.90979e-11 0.00000e+00
8.81000e+02 2.64535e-11 0.00000e+00
8.82000e+02 1.06025e-11 0.00000e+00
8.83000e+02 7.52019e-12 0.00000e+00
8.84000e+02 2.42295e-11 0.00000e+00
8.85000e+02 1.64897e-11 0.00000e+00
8.86000e+02 1.14676e-11 0.00000e+00
8.87000e+02 1.82170e-11 0.00000e+00
8.88000e+02 1.28975e-11 0.00000e+00
8.89000e+02 2.45896e-11 0.00000e+00
8.90000e+02 1.89596e-11 0.00000e+00
8.91000e+02 1.57504e-11 0.00000e+00
8.92000e+02 1.13699e-11 0.00000e+00
8.93000e+02 1.02197e-11 0.00000e+00
8.94000e+02 9.13253e-12 0.00000e+00
8.95000e+02 1.51831e-11 0.00000e+00
8.96000e+02 2.38232e-11 0.00000e+00
8.97000e+02 1.23135e-11 0.00000e+00
8.98000e+02 2.45601e-11 0.00000e+00
8.99000e+02 2.32139e-11 0.00000e+00
9.00000e+02 1.70945e-11 0.00000e+00
9.01000e+02 2.16040e-11 0.00000e+00
9.02000e+02 1.93072e-11 0.00000e+00
9.03000e+02 1.18579e-11 0.00000e+00
9.04000e+02 1.81696e-11 0.00000e+00
9.05000e+02 2.15066e-11 0.00000e+00
9.06000e+02 2.13081e-11 0.00000e+00
9.07000e+02 2.67240e-11 0.00000e+00
9.08000e+02 1.66252e-11 0.00000e+00
9.09000e+02 1.93041e-11 0.00000e+00
9.10000e+02 1.92156e-11 0.00000e+00
9.11000e+02 1.82521e-11 0.00000e+00
9.12000e+02 1.54477e-11 0.00000e+00
9.13000e+02 2.01457e-11 0.00000e+00
9.14000e+02 1.36259e-11 0.00000e+00
9.15000e+02 1.60032e-11 0.00000e+00
9.16000e+02 2.17493e-11 0.00000e+00
9.17000e+02 1.45569e-11 0.00000e+00
9.18000e+02 1.26299e-11 0.00000e+00
9.19000e+02 1.77868e-11 0.00000e+00
9.20000e+02 1.75929e-11 0.00000e+00
9.21000e+02 2.13751e-11 0.00000e+00
9.22000e+02 1.88880e-11 0.00000e+00
9.23000e+02 1.90076e-11 0.00000e+00
9.24000e+02 2.56556e-11 0.00000e+00
9.25000e+02 1.22541e-11 0.00000e+00
9.26000e+02 2.10296e-11 0.00000e+00
9.27000e+02 2.08414e-11 0.00000e+00
9.28000e+02 1.76862e-11 0.00000e+00
9.29000e+02 1.97744e-11 0.00000e+00
9.30000e+02 2.01244e-11 0.00000e+00
9.31000e+02 1.68691e-11 0.00000e+00
9.32000e+02 1.73905e-11 0.00000e+00
9.33000e+02 1.18496e-11 0.00000e+00
9.34000e+02 1.84663e-11 0.00000e+00
9.35000e+02 1.40500e-11 0.00000e+00
9.36000e+02 2.04288e-11 0.00000e+00
9.37000e+02 2.11608e-11 0.00000e+00
9.38000e+02 2.29790e-11 0.00000e+00
9.39000e+02 1.06748e-11 0.00000e+00
9.40000e+02 2.79186e-11 0.00000e+00
9.41000e+02 1.93918e-11 0.00000e+00
9.42000e+02 2.23566e-11 0.00000e+00
9.43000e+02 1.29057e-11 0.00000e+00
9.44000e+02 1.72738e-11 0.00000e+00
9.45000e+02 2.05624e-11 0.00000e+00
9.46000e+02 1.35739e-11 0.00000e+00
9.47000e+02 2.93276e-11 0.00000e+00
9.48000e+02 7.37756e-12 0.00000e+00
9.49000e+02 1.81615e-11 0.00000e+00
9.50000e+02 1.55548e-11 0.00000e+00
9.51000e+02 1.78895e-11 0.00000e+00
9.52000e+02 9.40871e-12 0.00000e+00
9.53000e+02 2.13034e-11 0.00000e+00
9.54000e+02 1.71208e-11 0.00000e+00
9.55000e+02 2.41196e-11 0.00000e+00
9.56000e+02 1.96749e-11 0.00000e+00
9.57000e+02 1.08359e-11 0.00000e+00
9.58000e+02 1.50724e-11 0.00000e+00
9.59000e+02 1.47891e-11 0.00000e+00
9.60000e+02 1.90476e-11 0.00000e+00
9.61000e+02 2.11704e-11 0.00000e+00
9.62000e+02 1.57263e-11 0.00000e+00
9.63000e+02 1.70898e-11 0.00000e+00
9.64000e+02 1.52564e-11 0.00000e+00
9.65000e+02 2.10923e-11 0.00000e+00
9.66000e+02 1.26697e-11 0.00000e+00
9.67000e+02 2.14972e-11 0.00000e+00
9.68000e+02 1.81828e-11 0.00000e+00
9.69000e+02 1.31188e-11 0.00000e+00
9.70000e+02 1.34460e-11 0.00000e+00
9.71000e+02 1.60508e-11 0.00000e+00
9.72000e+02 4.71146e-12 0.00000e+00
9.73000e+02 1.43826e-11 0.00000e+00
9.74000e+02 1.65052e-11 0.00000e+00
9.75000e+02 1.72906e-11 0.00000e+00
9.76000e+02 1.05346e-11 0.00000e+00
9.77000e+02 1.93653e-11 0.00000e+00
9.78000e+02 1.69063e-11 0.00000e+00
9.79000e+02 1.22234e-11 0.00000e+00
9.80000e+02 1.96682e-11 0.00000e+00
9.81000e+02 1.60401e-11 0.00000e+00
9.82000e+02 1.61401e-11 0.00000e+00
9.83000e+02 1.22203e-11 0.00000e+00
9.84000e+02 2.20382e-11 0.00000e+00
9.85000e+02 1.96827e-11 0.00000e+00
9.86000e+02 1.82399e-11 0.00000e+00
9.87000e+02 1.75951e-11 0.00000e+00
9.88000e+02 2.33433e-11 0.00000e+00
9.89000e+02 1.06924e-11 0.00000e+00
9.90000e+02 1.08582e-11 0.00000e+00
9.91000e+02 1.23553e-11 0.00000e+00
9.92000e+02 2.36148e-11 0.00000e+00
9.93000e+02 1.01700e-11 0.00000e+00
9.94000e+02 1.58655e-11 0.00000e+00
9.95000e+02 1.47501e-11 0.00000e+00
9.96000e+02 1.75745e-11 0.00000e+00
9.97000e+02 1.41529e-11 0.00000e+00
9.98000e+02 1.57755e-11 0.00000e+00
9.99000e+02 1.53929e-11 0.00000e+00
1.00000e+03 1.88199e-11 0.00000e+00
1.00100e+03 1.42835e-11 0.00000e+00
1.00200e+03 2.06401e-11 0.00000e+00
1.00300e+03 1.48632e-11 0.00000e+00
1.00400e+03 1.36744e-11 0.00000e+00
1.00500e+03 2.05056e-11 0.00000e+00
1.00600e+03 1.12633e-11 0.00000e+00
1.00700e+03 1.27477e-11 0.00000e+00
1.00800e+03 1.51635e-11 0.00000e+00
1.00900e+03 1.92446e-11 0.00000e+00
1.01000e+03 9.16345e-12 0.00000e+00
1.01100e+03 1.50605e-11 0.00000e+00
1.01200e+03 1.13338e-11 0.00000e+00
1.01300e+03 1.16448e-11 0.00000e+00
1.01400e+03 1.50532e-11 0.00000e+00
1.01500e+03 1.65801e-11 0.00000e+00
1.01600e+03 1.24826e-11 0.00000e+00
1.01700e+03 1.33308e-11 0.00000e+00
1.01800e+03 2.05381e-11 0.00000e+00
1.01900e+03 1.51211e-11 0.00000e+00
1.02000e+03 1.37643e-11 0.00000e+00
1.02100e+03 1.76808e-11 0.00000e+00
1.02200e+03 1.46752e-11 0.00000e+00
1.02300e+03 1.67082e-11 0.00000e+00
1.02400e+03 8.65595e-12 0.00000e+00
1.02500e+03 1.09400e-11 0.00000e+00
1.02600e+03 1.26814e-11 0.00000e+00
1.02700e+03 1.43562e-11 0.00000e+00
1.02800e+03 1.45671e-11 0.00000e+00
1.02900e+03 1.45247e-11 0.00000e+00
1.03000e+03 1.76415e-11 0.00000e+00
1.03100e+03 1.29776e-11 0.00000e+00
1.03200e+03 1.22975e-11 0.00000e+00
1.03300e+03 2.15620e-11 0.00000e+00
1.03400e+03 1.63938e-11 0.00000e+00
1.03500e+03 1.12362e-11 0.00000e+00
1.03600e+03 1.83042e-11 0.00000e+00
1.03700e+03 1.42993e-11 0.00000e+00
1.03800e+03 1.56341e-11 0.00000e+00
1.03900e+03 1.60691e-11 0.00000e+00
1.04000e+03 1.47324e-11 0.00000e+00
1.04100e+03 1.47480e-11 0.00000e+00
1.04200e+03 1.28159e-11 0.00000e+00
1.04300e+03 1.60152e-11 0.00000e+00
1.04400e+03 1.81372e-11 0.00000e+00
1.04500e+03 8.28763e-12 0.00000e+00
1.04600e+03 2.09873e-11 0.00000e+00
1.04700e+03 1.77281e-11 0.00000e+00
1.04800e+03 1.83069e-11 0.00000e+00
1.04900e+03 1.82310e-11 0.00000e+00
1.05000e+03 9.66962e-12 0.00000e+00
1.05100e+03 1.18542e-11 0.00000e+00
1.05200e+03 1.31825e-11 0.00000e+00
1.05300e+03 9.70083e-12 0.00000e+00
1.05400e+03 1.44436e-11 0.00000e+00
1.05500e+03 1.21755e-11 0.00000e+00
1.05600e+03 1.40107e-11 0.00000e+00
1.05700e+03 9.83794e-12 0.00000e+00
1.05800e+03 1.36360e-11 0.00000e+00
1.05900e+03 1.07785e-11 0.00000e+00
1.06000e+03 1.36877e-11 0.00000e+00
1.06100e+03 1.79951e-11 0.00000e+00
1.06200e+03 1.66541e-11 0.00000e+00
1.06300e+03 9.52983e-12 0.00000e+00
1.06400e+03 1.71629e-11 0.00000e+00
1.06500e+03 1.24751e-11 0.00000e+00
1.06600e+03 1.18101e-11 0.00000e+00
1.06700e+03 1.38821e-11 0.00000e+00
1.06800e+03 1.40256e-11 0.00000e+00
1.06900e+03 2.03126e-11 0.00000e+00
1.07000e+03 1.32957e-11 0.00000e+00
1.07100e+03 1.29421e-11 0.00000e+00
1.07200e+03 1.18060e-11 0.00000e+00
1.07300e+03 1.96282e-11 0.00000e+00
1.07400e+03 1.15955e-11 0.00000e+00
1.07500e+03 1.79523e-11 0.00000e+00
1.07600e+03 1.88217e-11 0.00000e+00
1.07700e+03 1.57043e-11 0.00000e+00
1.07800e+03 1.58373e-11 0.00000e+00
1.07900e+03 1.61935e-11 0.00000e+00
1.08000e+03 1.59933e-11 0.00000e+00
1.08100e+03 1.74309e-11 0.00000e+00
1.08200e+03 1.36500e-11 0.00000e+00
1.08300e+03 8.81632e-12 0.00000e+00
1.08400e+03 1.29224e-11 0.00000e+00
1.08500e+03 1.79696e-11 0.00000e+00
1.08600e+03 1.25340e-11 0.00000e+00
1.08700e+03 1.60936e-11 0.00000e+00
1.08800e+03 1.52738e-11 0.00000e+00
1.08900e+03 1.44803e-11 0.00000e+00
1.09000e+03 1.41291e-11 0.00000e+00
1.09100e+03 1.10621e-11 0.00000e+00
1.09200e+03 1.22592e-11 0.00000e+00
1.09300e+03 1.35088e-11 0.00000e+00
1.09400e+03 1.24742e-11 0.00000e+00
1.09500e+03 1.85427e-11 0.00000e+00
1.09600e+03 1.76134e-11 0.00000e+00
1.09700e+03 8.16773e-12 0.00000e+00
1.09800e+03 1.62116e-11 0.00000e+00
1.09900e+03 1.21840e-11 0.00000e+00
1.10000e+03 1.63909e-11 0.00000e+00
1.10100e+03 1.93666e-11 0.00000e+00
1.10200e+03 1.20505e-11 0.00000e+00
1.10300e+03 1.71042e-11 0.00000e+00
1.10400e+03 1.28529e-11 0.00000e+00
1.10500e+03 9.36851e-12 0.00000e+00
1.10600e+03 1.96901e-11 0.00000e+00
1.10700e+03 7.32817e-12 0.00000e+00
1.10800e+03 1.22211e-11 0.00000e+00
1.10900e+03 1.09647e-11 0.00000e+00
1.11000e+03 1.51524e-11 0.00000e+00
1.11100e+03 9.51760e-12 0.00000e+00
1.11200e+03 1.65031e-11 0.00000e+00
1.11300e+03 1.18266e-11 0.00000e+00
1.11400e+03 1.89872e-11 0.00000e+00
1.11500e+03 1.52444e-11 0.00000e+00
1.11600e+03 9.41821e-12 0.00000e+00
1.11700e+03 1.44111e-11 0.00000e+00
1.11800e+03 1.23937e-11 0.00000e+00
1.11900e+03 1.60704e-11 0.00000e+00
1.12000e+03 1.37745e-11 0.00000e+00
1.12100e+03 1.41050e-11 0.00000e+00
1.12200e+03 1.33932e-11 0.00000e+00
1.12300e+03 8.98745e-12 0.00000e+00
1.12400e+03 2.01101e-11 0.00000e+00
1.12500e+03 1.62158e-11 0.00000e+00
1.12600e+03 1.68193e-11 0.00000e+00
1.12700e+03 1.36670e-11 0.00000e+00
1.12800e+03 1.39589e-11 0.00000e+00
1.12900e+03 1.13833e-11 0.00000e+00
1.13000e+03 1.10875e-11 0.00000e+00
1.13100e+03 1.03880e-11 0.00000e+00
1.13200e+03 9.57409e-12 0.00000e+00
1.13300e+03 1.19261e-11 0.00000e+00
1.13400e+03 7.52548e-12 0.00000e+00
1.13500e+03 1.53300e-11 0.00000e+00
1.13600e+03 1.28306e-11 0.00000e+00
1.13700e+03 1.01198e-11 0.00000e+00
1.13800e+03 1.78492e-11 0.00000e+00
1.13900e+03 1.58855e-11 0.00000e+00
1.14000e+03 1.34488e-11 0.00000e+00
1.14100e+03 1.07453e-11 0.00000e+00
1.14200e+03 1.23455e-11 0.00000e+00
1.14300e+03 1.23360e-11 0.00000e+00
1.14400e+03 1.57444e-11 0.00000e+00
1.14500e+03 1.77705e-11 0.00000e+00
1.14600e+03 1.19960e-11 0.00000e+00
1.14700e+03 1.02270e-11 0.00000e+00
1.14800e+03 1.29199e-11 0.00000e+00
1.14900e+03 9.98961e-12 0.00000e+00
1.15000e+03 1.81553e-11 0.00000e+00
1.15100e+03 9.10463e-12 0.00000e+00
1.15200e+03 1.44699e-11 0.00000e+00
1.15300e+03 1.08044e-11 0.00000e+00
1.15400e+03 1.08197e-11 0.00000e+00
1.15500e+03 1.14508e-11 0.00000e+00
1.15600e+03 1.56287e-11 0.00000e+00
1.15700e+03 1.03580e-11 0.00000e+00
1.15800e+03 1.47860e-11 0.00000e+00
1.15900e+03 1.14459e-11 0.00000e+00
1.16000e+03 9.85786e-12 0.00000e+00
1.16100e+03 1.42688e-11 0.00000e+00
1.16200e+03 1.04784e-11 0.00000e+00
1.16300e+03 1.38766e-11 0.00000e+00
1.16400e+03 1.36093e-11 0.00000e+00
1.16500e+03 1.93989e-11 0.00000e+00
1.16600e+03 1.38594e-11 0.00000e+00
1.16700e+03 8.22036e-12 0.00000e+00
1.16800e+03 1.26776e-11 0.00000e+00
1.16900e+03 8.12807e-12 0.00000e+00
1.17000e+03 1.44244e-11 0.00000e+00
1.17100e+03 1.10726e-11 0.00000e+00
1.17200e+03 1.11461e-11 0.00000e+00
1.17300e+03 1.49557e-11 0.00000e+00
1.17400e+03 1.86790e-11 0.00000e+00
1.17500e+03 1.40272e-11 0.00000e+00
1.17600e+03 1.13844e-11 0.00000e+00
1.17700e+03 1.56118e-11 0.00000e+00
1.17800e+03 1.12259e-11 0.00000e+00
1.17900e+03 1.00833e-11 0.00000e+00
1.18000e+03 1.48287e-11 0.00000e+00
1.18100e+03 1.38255e-11 0.00000e+00
1.18200e+03 1.55457e-11 0.00000e+00
1.18300e+03 1.40620e-11 0.00000e+00
1.18400e+03 1.05705e-11 0.00000e+00
1.18500e+03 1.58246e-11 0.00000e+00
1.18600e+03 1.28950e-11 0.00000e+00
1.18700e+03 1.05532e-11 0.00000e+00
1.18800e+03 1.21692e-11 0.00000e+00
1.18900e+03 9.68305e-12 0.00000e+00
1.19000e+03 1.55778e-11 0.00000e+00
1.19100e+03 1.62123e-11 0.00000e+00
1.19200e+03 1.05653e-11 0.00000e+00
1.19300e+03 9.02541e-12 0.00000e+00
1.19400e+03 1.17858e-11 0.00000e+00
1.19500e+03 1.00710e-11 0.00000e+00
1.19600e+03 1.30138e-11 0.00000e+00
1.19700e+03 1.51759e-11 0.00000e+00
1.19800e+03 1.23133e-11 0.00000e+00
1.19900e+03 8.82375e-12 0.00000e+00
1.20000e+03 1.17362e-11 0.00000e+00
1.20100e+03 1.29541e-11 0.00000e+00
1.20200e+03 9.91635e-12 0.00000e+00
1.20300e+03 1.38477e-11 0.00000e+00
1.20400e+03 1.51552e-11 0.00000e+00
1.20500e+03 1.14805e-11 0.00000e+00
1.20600e+03 1.18945e-11 0.00000e+00
1.20700e+03 1.20477e-11 0.00000e+00
1.20800e+03 6.65329e-12 0.00000e+00
1.20900e+03 1.72456e-11 0.00000e+00
1.21000e+03 1.22080e-11 0.00000e+00
1.21100e+03 6.38291e-12 0.00000e+00
1.21200e+03 1.32483e-11 0.00000e+00
1.21300e+03 1.17869e-11 0.00000e+00
1.21400e+03 1.44190e-11 0.00000e+00
1.21500e+03 1.10768e-11 0.00000e+00
1.21600e+03 1.05449e-11 0.00000e+00
1.21700e+03 1.57631e-11 0.00000e+00
1.21800e+03 9.16153e-12 0.00000e+00
1.21900e+03 1.39647e-11 0.00000e+00
1.22000e+03 1.50652e-11 0.00000e+00
1.22100e+03 1.25486e-11 0.00000e+00
1.22200e+03 9.11958e-12 0.00000e+00
1.22300e+03 1.19880e-11 0.00000e+00
1.22400e+03 1.26070e-11 0.00000e+00
1.22500e+03 1.26599e-11 0.00000e+00
1.22600e+03 8.98417e-12 0.00000e+00
1.22700e+03 7.96433e-12 0.00000e+00
1.22800e+03 1.61879e-11 0.00000e+00
1.22900e+03 1.15432e-11 0.00000e+00
1.23000e+03 1.25277e-11 0.00000e+00
1.23100e+03 1.78451e-11 0.00000e+00
1.23200e+03 1.31191e-11 0.00000e+00
1.23300e+03 1.02165e-11 0.00000e+00
1.23400e+03 1.46907e-11 0.00000e+00
1.23500e+03 9.54078e-12 0.00000e+00
1.23600e+03 1.25562e-11 0.00000e+00
1.23700e+03 1.13731e-11 0.00000e+00
1.23800e+03 1.57662e-11 0.00000e+00
1.23900e+03 1.03836e-11 0.00000e+00
1.24000e+03 1.21538e-11 0.00000e+00
1.24100e+03 8.30817e-12 0.00000e+00
1.24200e+03 9.31761e-12 0.00000e+00
1.24300e+03 9.77246e-12 0.00000e+00
1.24400e+03 1.23680e-11 0.00000e+00
1.24500e+03 9.16891e-12 0.00000e+00
1.24600e+03 7.80942e-12 0.00000e+00
1.24700e+03 1.43853e-11 0.00000e+00
1.24800e+03 1.52449e-11 0.00000e+00
1.24900e+03 1.08162e-11 0.00000e+00
1.25000e+03 1.48296e-11 0.00000e+00
1.25100e+03 1.14966e-11 0.00000e+00
1.25200e+03 1.29433e-11 0.00000e+00
1.25300e+03 1.69516e-11 0.00000e+00
1.25400e+03 1.78073e-11 0.00000e+00
1.25500e+03 1.05710e-11 0.00000e+00
1.25600e+03 1.37576e-11 0.00000e+00
1.25700e+03 9.13882e-12 0.00000e+00
1.25800e+03 9.52015e-12 0.00000e+00
1.25900e+03 8.57291e-12 0.00000e+00
1.26000e+03 1.74980e-11 0.00000e+00
1.26100e+03 1.54495e-11 0.00000e+00
1.26200e+03 9.80792e-12 0.00000e+00
1.26300e+03 1.03314e-11 0.00000e+00
1.26400e+03 1.20161e-11 0.00000e+00
1.26500e+03 1.25330e-11 0.00000e+00
1.26600e+03 1.43504e-11 0.00000e+00
1.26700e+03 1.46357e-11 0.00000e+00
1.26800e+03 1.20310e-11 0.00000e+00
1.26900e+03 9.02915e-12 0.00000e+00
1.27000e+03 1.06322e-11 0.00000e+00
1.27100e+03 1.34836e-11 0.00000e+00
1.27200e+03 1.24080e-11 0.00000e+00
1.27300e+03 1.23472e-11 0.00000e+00
1.27400e+03 9.20226e-12 0.00000e+00
1.27500e+03 1.00325e-11 0.00000e+00
1.27600e+03 1.24802e-11 0.00000e+00
1.27700e+03 1.19057e-11 0.00000e+00
1.27800e+03 1.09452e-11 0.00000e+00
1.27900e+03 1.35512e-11 0.00000e+00
1.28000e+03 1.25481e-11 0.00000e+00
1.28100e+03 1.33104e-11 0.00000e+00
1.28200e+03 1.40357e-11 0.00000e+00
1.28300e+03 1.15108e-11 0.00000e+00
1.28400e+03 1.65264e-11 0.00000e+00
1.28500e+03 1.45496e-11 0.00000e+00
1.28600e+03 1.15255e-11 0.00000e+00
1.28700e+03 1.44753e-11 0.00000e+00
1.28800e+03 7.99195e-12 0.00000e+00
1.28900e+03 1.11205e-11 0.00000e+00
1.29000e+03 1.20888e-11 0.00000e+00
1.29100e+03 1.13850e-11 0.00000e+00
1.29200e+03 1.18728e-11 0.00000e+00
1.29300e+03 1.19641e-11 0.00000e+00
1.29400e+03 9.72158e-12 0.00000e+00
1.29500e+03 1.60218e-11 0.00000e+00
1.29600e+03 1.12470e-11 0.00000e+00
1.29700e+03 1.13278e-11 0.00000e+00
1.29800e+03 9.36838e-12 0.00000e+00
1.29900e+03 1.15703e-11 0.00000e+00
1.30000e+03 9.89669e-12 0.00000e+00
1.30100e+03 1.62498e-11 0.00000e+00
1.30200e+03 1.31807e-11 0.00000e+00
1.30300e+03 1.08694e-11 0.00000e+00
1.30400e+03 1.30686e-11 0.00000e+00
1.30500e+03 1.33883e-11 0.00000e+00
1.30600e+03 9.22956e-12 0.00000e+00
1.30700e+03 7.34095e-12 0.00000e+00
1.30800e+03 1.02905e-11 0.00000e+00
1.30900e+03 1.18358e-11 0.00000e+00
1.31000e+03 8.72332e-12 0.00000e+00
1.31100e+03 1.18781e-11 0.00000e+00
1.31200e+03 1.08045e-11 0.00000e+00
1.31300e+03 9.09119e-12 0.00000e+00
1.31400e+03 7.28518e-12 0.00000e+00
1.31500e+03 1.26946e-11 0.00000e+00
1.31600e+03 1.06654e-11 0.00000e+00
1.31700e+03 8.97808e-12 0.00000e+00
1.31800e+03 1.19581e-11 0.00000e+00
1.31900e+03 1.08298e-11 0.00000e+00
1.32000e+03 7.31773e-12 0.00000e+00
1.32100e+03 1.23212e-11 0.00000e+00
1.32200e+03 1.34780e-11 0.00000e+00
1.32300e+03 1.31495e-11 0.00000e+00
1.32400e+03 9.42797e-12 0.00000e+00
1.32500e+03 8.56396e-12 0.00000e+00
1.32600e+03 7.56783e-12 0.00000e+00
1.32700e+03 1.19043e-11 0.00000e+00
1.32800e+03 9.21775e-12 0.00000e+00
1.32900e+03 1.14608e-11 0.00000e+00
1.33000e+03 1.13634e-11 0.00000e+00
1.33100e+03 8.61019e-12 0.00000e+00
1.33200e+03 9.91181e-12 0.00000e+00
1.33300e+03 1.02574e-11 0.00000e+00
1.33400e+03 1.27779e-11 0.00000e+00
1.33500e+03 8.79488e-12 0.00000e+00
1.33600e+03 7.86592e-12 0.00000e+00
1.33700e+03 9.14655e-12 0.00000e+00
1.33800e+03 1.35235e-11 0.00000e+00
1.33900e+03 9.29725e-12 0.00000e+00
1.34000e+03 1.30414e-11 0.00000e+00
1.34100e+03 1.13305e-11 0.00000e+00
1.34200e+03 7.94976e-12 0.00000e+00
1.34300e+03 1.21231e-11 0.00000e+00
1.34400e+03 1.10031e-11 0.00000e+00
1.34500e+03 1.11221e-11 0.00000e+00
1.34600e+03 1.08328e-11 0.00000e+00
1.34700e+03 1.06232e-11 0.00000e+00
1.34800e+03 7.96285e-12 0.00000e+00
1.34900e+03 6.41412e-12 0.00000e+00
1.35000e+03 9.58995e-12 0.00000e+00
1.35100e+03 1.29442e-11 0.00000e+00
1.35200e+03 1.06207e-11 0.00000e+00
1.35300e+03 1.20220e-11 0.00000e+00
1.35400e+03 8.82584e-12 0.00000e+00
1.35500e+03 1.08881e-11 0.00000e+00
1.35600e+03 8.98526e-12 0.00000e+00
1.35700e+03 1.11232e-11 0.00000e+00
1.35800e+03 1.04170e-11 0.00000e+00
1.35900e+03 1.23429e-11 0.00000e+00
1.36000e+03 6.39876e-12 0.00000e+00
1.36100e+03 1.19296e-11 0.00000e+00
1.36200e+03 1.13582e-11 0.00000e+00
1.36300e+03 1.21652e-11 0.00000e+00
1.36400e+03 9.12572e-12 0.00000e+00
1.36500e+03 1.06985e-11 0.00000e+00
1.36600e+03 1.27886e-11 0.00000e+00
1.36700e+03 9.20261e-12 0.00000e+00
1.36800e+03 9.22180e-12 0.00000e+00
1.36900e+03 1.11257e-11 0.00000e+00
1.37000e+03 1.02238e-11 0.00000e+00
1.37100e+03 1.19632e-11 0.00000e+00
1.37200e+03 9.35958e-12 0.00000e+00
1.37300e+03 1.04171e-11 0.00000e+00
1.37400e+03 1.31012e-11 0.00000e+00
1.37500e+03 1.30072e-11 0.00000e+00
1.37600e+03 1.03264e-11 0.00000e+00
1.37700e+03 9.22899e-12 0.00000e+00
1.37800e+03 1.55662e-11 0.00000e+00
1.37900e+03 1.20903e-11 0.00000e+00
1.38000e+03 1.27176e-11 0.00000e+00
1.38100e+03 6.53553e-12 0.00000e+00
1.38200e+03 1.16960e-11 0.00000e+00
1.38300e+03 1.04679e-11 0.00000e+00
1.38400e+03 1.07255e-11 0.00000e+00
1.38500e+03 8.11176e-12 0.00000e+00
1.38600e+03 8.39450e-12 0.00000e+00
1.38700e+03 9.61039e-12 0.00000e+00
1.38800e+03 9.54321e-12 0.00000e+00
1.38900e+03 1.30563e-11 0.00000e+00
1.39000e+03 1.24549e-11 0.00000e+00
1.39100e+03 1.23155e-11 0.00000e+00
1.39200e+03 9.39797e-12 0.00000e+00
1.39300e+03 1.19815e-11 0.00000e+00
1.39400e+03 7.89188e-12 0.00000e+00
1.39500e+03 9.92064e-12 0.00000e+00
1.39600e+03 1.38324e-11 0.00000e+00
1.39700e+03 7.63143e-12 0.00000e+00
1.39800e+03 1.47417e-11 0.00000e+00
1.39900e+03 1.07662e-11 0.00000e+00
1.40000e+03 1.01117e-11 0.00000e+00
1.40100e+03 1.23464e-11 0.00000e+00
1.40200e+03 1.12568e-11 0.00000e+00
1.40300e+03 8.00435e-12 0.00000e+00
1.40400e+03 1.13450e-11 0.00000e+00
1.40500e+03 9.34960e-12 0.00000e+00
1.40600e+03 9.58556e-12 0.00000e+00
1.40700e+03 1.39041e-11 0.00000e+00
1.40800e+03 1.21133e-11 0.00000e+00
1.40900e+03 7.87743e-12 0.00000e+00
1.41000e+03 1.16415e-11 0.00000e+00
1.41100e+03 9.28480e-12 0.00000e+00
1.41200e+03 1.02109e-11 0.00000e+00
1.41300e+03 8.99048e-12 0.00000e+00
1.41400e+03 7.49182e-12 0.00000e+00
1.41500e+03 9.11072e-12 0.00000e+00
1.41600e+03 1.08550e-11 0.00000e+00
1.41700e+03 1.20425e-11 0.00000e+00
1.41800e+03 1.00017e-11 0.00000e+00
1.41900e+03 4.55426e-12 0.00000e+00
1.42000e+03 9.22382e-12 0.00000e+00
1.42100e+03 9.34529e-12 0.00000e+00
1.42200e+03 7.29725e-12 0.00000e+00
1.42300e+03 1.36912e-11 0.00000e+00
1.42400e+03 8.50665e-12 0.00000e+00
1.42500e+03 1.10984e-11 0.00000e+00
1.42600e+03 1.29173e-11 0.00000e+00
1.42700e+03 1.03561e-11 0.00000e+00
1.42800e+03 9.24893e-12 0.00000e+00
1.42900e+03 9.44431e-12 0.00000e+00
1.43000e+03 8.30808e-12 0.00000e+00
1.43100e+03 8.53746e-12 0.00000e+00
1.43200e+03 8.94291e-12 0.00000e+00
1.43300e+03 1.16110e-11 0.00000e+00
1.43400e+03 1.00734e-11 0.00000e+00
1.43500e+03 1.28901e-11 0.00000e+00
1.43600e+03 9.43262e-12 0.00000e+00
1.43700e+03 7.10018e-12 0.00000e+00
1.43800e+03 1.07690e-11 0.00000e+00
1.43900e+03 1.05393e-11 0.00000e+00
1.44000e+03 9.79410e-12 0.00000e+00
1.44100e+03 1.22574e-11 0.00000e+00
1.44200e+03 1.15906e-11 0.00000e+00
1.44300e+03 1.09775e-11 0.00000e+00
1.44400e+03 1.04305e-11 0.00000e+00
1.44500e+03 9.32027e-12 0.00000e+00
1.44600e+03 7.03083e-12 0.00000e+00
1.44700e+03 7.50213e-12 0.00000e+00
1.44800e+03 1.01332e-11 0.00000e+00
1.44900e+03 8.71560e-12 0.00000e+00
1.45000e+03 9.10657e-12 0.00000e+00
1.45100e+03 8.57121e-12 0.00000e+00
1.45200e+03 1.08954e-11 0.00000e+00
1.45300e+03 8.29542e-12 0.00000e+00
1.45400e+03 8.92668e-12 0.00000e+00
1.45500e+03 9.26024e-12 0.00000e+00
1.45600e+03 7.97912e-12 0.00000e+00
1.45700e+03 1.05370e-11 0.00000e+00
1.45800e+03 1.08798e-11 0.00000e+00
1.45900e+03 6.12363e-12 0.00000e+00
1.46000e+03 4.93295e-12 0.00000e+00
1.46100e+03 9.04738e-12 0.00000e+00
1.46200e+03 1.06573e-11 0.00000e+00
1.46300e+03 9.74212e-12 0.00000e+00
1.46400e+03 5.19382e-12 0.00000e+00
1.46500e+03 1.39827e-11 0.00000e+00
1.46600e+03 8.84618e-12 0.00000e+00
1.46700e+03 1.01830e-11 0.00000e+00
1.46800e+03 1.24239e-11 0.00000e+00
1.46900e+03 1.00144e-11 0.00000e+00
1.47000e+03 5.57159e-12 0.00000e+00
1.47100e+03 9.05762e-12 0.00000e+00
1.47200e+03 6.19236e-12 0.00000e+00
1.47300e+03 9.79450e-12 0.00000e+00
1.47400e+03 9.93584e-12 0.00000e+00
1.47500e+03 1.20186e-11 0.00000e+00
1.47600e+03 7.83978e-12 0.00000e+00
1.47700e+03 9.96776e-12 0.00000e+00
1.47800e+03 9.56746e-12 0.00000e+00
1.47900e+03 1.25746e-11 0.00000e+00
1.48000e+03 1.09903e-11 0.00000e+00
1.48100e+03 9.78779e-12 0.00000e+00
1.48200e+03 9.36441e-12 0.00000e+00
1.48300e+03 7.36753e-12 0.00000e+00
1.48400e+03 9.58953e-12 0.00000e+00
1.48500e+03 1.02228e-11 0.00000e+00
1.48600e+03 1.03104e-11 0.00000e+00
1.48700e+03 9.23809e-12 0.00000e+00
1.48800e+03 1.12487e-11 0.00000e+00
1.48900e+03 9.61261e-12 0.00000e+00
1.49000e+03 9.39833e-12 0.00000e+00
1.49100e+03 8.50096e-12 0.00000e+00
1.49200e+03 8.30695e-12 0.00000e+00
1.49300e+03 9.35918e-12 0.00000e+00
1.49400e+03 8.89013e-12 0.00000e+00
1.49500e+03 1.07536e-11 0.00000e+00
1.49600e+03 8.57982e-12 0.00000e+00
1.49700e+03 6.45930e-12 0.00000e+00
1.49800e+03 1.18783e-11 0.00000e+00
1.49900e+03 8.39382e-12 0.00000e+00
1.50000e+03 1.17935e-11 0.00000e+00
1.50100e+03 7.62743e-12 0.00000e+00
1.50200e+03 1.04849e-11 0.00000e+00
1.50300e+03 1.16942e-11 0.00000e+00
1.50400e+03 7.40616e-12 0.00000e+00
1.50500e+03 9.49905e-12 0.00000e+00
1.50600e+03 1.06057e-11 0.00000e+00
1.50700e+03 8.85408e-12 0.00000e+00
1.50800e+03 8.50956e-12 0.00000e+00
1.50900e+03 6.26472e-12 0.00000e+00
1.51000e+03 9.16429e-12 0.00000e+00
1.51100e+03 9.89752e-12 0.00000e+00
1.51200e+03 1.01829e-11 0.00000e+00
1.51300e+03 5.64342e-12 0.00000e+00
1.51400e+03 7.56444e-12 0.00000e+00
1.51500e+03 8.18208e-12 0.00000e+00
1.51600e+03 7.69317e-12 0.00000e+00
1.51700e+03 9.77721e-12 0.00000e+00
1.51800e+03 9.44190e-12 0.00000e+00
1.51900e+03 6.52395e-12 0.00000e+00
1.52000e+03 8.77471e-12 0.00000e+00
1.52100e+03 1.05822e-11 0.00000e+00
1.52200e+03 1.09717e-11 0.00000e+00
1.52300e+03 7.52603e-12 0.00000e+00
1.52400e+03 7.36809e-12 0.00000e+00
1.52500e+03 1.12585e-11 0.00000e+00
1.52600e+03 1.13677e-11 0.00000e+00
1.52700e+03 1.21548e-11 0.00000e+00
1.52800e+03 1.08759e-11 0.00000e+00
1.52900e+03 6.93886e-12 0.00000e+00
1.53000e+03 1.01209e-11 0.00000e+00
1.53100e+03 7.95010e-12 0.00000e+00
1.53200e+03 7.46888e-12 0.00000e+00
1.53300e+03 8.52311e-12 0.00000e+00
1.53400e+03 6.24612e-12 0.00000e+00
1.53500e+03 7.54892e-12 0.00000e+00
1.53600e+03 8.40210e-12 0.00000e+00
1.53700e+03 7.23054e-12 0.00000e+00
1.53800e+03 1.16772e-11 0.00000e+00
1.53900e+03 8.96863e-12 0.00000e+00
1.54000e+03 1.01545e-11 0.00000e+00
1.54100e+03 9.14588e-12 0.00000e+00
1.54200e+03 9.58655e-12 0.00000e+00
1.54300e+03 9.44707e-12 0.00000e+00
1.54400e+03 9.98641e-12 0.00000e+00
1.54500e+03 8.68579e-12 0.00000e+00
1.54600e+03 1.40140e-11 0.00000e+00
1.54700e+03 9.63991e-12 0.00000e+00
1.54800e+03 1.14527e-11 0.00000e+00
1.54900e+03 1.09344e-11 0.00000e+00
1.55000e+03 1.00817e-11 0.00000e+00
1.55100e+03 6.65806e-12 0.00000e+00
1.55200e+03 9.34749e-12 0.00000e+00
1.55300e+03 9.96351e-12 0.00000e+00
1.55400e+03 7.48983e-12 0.00000e+00
1.55500e+03 7.57088e-12 0.00000e+00
1.55600e+03 9.37614e-12 0.00000e+00
1.55700e+03 8.33300e-12 0.00000e+00
1.55800e+03 9.69330e-12 0.00000e+00
1.55900e+03 8.37942e-12 0.00000e+00
1.56000e+03 7.27504e-12 0.00000e+00
1.56100e+03 6.02037e-12 0.00000e+00
1.56200e+03 9.34626e-12 0.00000e+00
1.56300e+03 9.77265e-12 0.00000e+00
1.56400e+03 8.03435e-12 0.00000e+00
1.56500e+03 7.91526e-12 0.00000e+00
1.56600e+03 8.97348e-12 0.00000e+00
1.56700e+03 6.89604e-12 0.00000e+00
1.56800e+03 1.04933e-11 0.00000e+00
1.56900e+03 8.36842e-12 0.00000e+00
1.57000e+03 9.96959e-12 0.00000e+00
1.57100e+03 9.33060e-12 0.00000e+00
1.57200e+03 8.87212e-12 0.00000e+00
1.57300e+03 7.55403e-12 0.00000e+00
1.57400e+03 1.06117e-11 0.00000e+00
1.57500e+03 9.39092e-12 0.00000e+00
1.57600e+03 9.46737e-12 0.00000e+00
1.57700e+03 8.69053e-12 0.00000e+00
1.57800e+03 9.94285e-12 0.00000e+00
1.57900e+03 8.42797e-12 0.00000e+00
1.58000e+03 7.11948e-12 0.00000e+00
1.58100e+03 7.51848e-12 0.00000e+00
1.58200e+03 1.11593e-11 0.00000e+00
1.58300e+03 1.21197e-11 0.00000e+00
1.58400e+03 7.93284e-12 0.00000e+00
1.58500e+03 8.90920e-12 0.00000e+00
1.58600e+03 8.45251e-12 0.00000e+00
1.58700e+03 6.82423e-12 0.00000e+00
1.58800e+03 6.25026e-12 0.00000e+00
1.58900e+03 8.04602e-12 0.00000e+00
1.59000e+03 1.08696e-11 0.00000e+00
1.59100e+03 6.20527e-12 0.00000e+00
1.59200e+03 7.44152e-12 0.00000e+00
1.59300e+03 9.05912e-12 0.00000e+00
1.59400e+03 6.72891e-12 0.00000e+00
1.59500e+03 6.24153e-12 0.00000e+00
1.59600e+03 8.92841e-12 0.00000e+00
1.59700e+03 9.37435e-12 0.00000e+00
1.59800e+03 1.09472e-11 0.00000e+00
1.59900e+03 7.34775e-12 0.00000e+00
1.60000e+03 5.65587e-12 0.00000e+00
1.60100e+03 9.93766e-12 0.00000e+00
1.60200e+03 9.18120e-12 0.00000e+00
1.60300e+03 8.85864e-12 0.00000e+00
1.60400e+03 8.28585e-12 0.00000e+00
1.60500e+03 7.22711e-12 0.00000e+00
1.60600e+03 9.64547e-12 0.00000e+00
1.60700e+03 8.94720e-12 0.00000e+00
1.60800e+03 8.01803e-12 0.00000e+00
1.60900e+03 7.58953e-12 0.00000e+00
1.61000e+03 8.24852e-12 0.00000e+00
1.61100e+03 7.56157e-12 0.00000e+00
1.61200e+03 5.43774e-12 0.00000e+00
1.61300e+03 8.56098e-12 0.00000e+00
1.61400e+03 8.18328e-12 0.00000e+00
1.61500e+03 5.64912e-12 0.00000e+00
1.61600e+03 8.46854e-12 0.00000e+00
1.61700e+03 1.02256e-11 0.00000e+00
1.61800e+03 8.19734e-12 0.00000e+00
1.61900e+03 8.32139e-12 0.00000e+00
1.62000e+03 7.11057e-12 0.00000e+00
1.62100e+03 5.42341e-12 0.00000e+00
1.62200e+03 1.10488e-11 0.00000e+00
1.62300e+03 8.04589e-12 0.00000e+00
1.62400e+03 8.26234e-12 0.00000e+00
1.62500e+03 8.81590e-12 0.00000e+00
1.62600e+03 7.51350e-12 0.00000e+00
1.62700e+03 8.56117e-12 0.00000e+00
1.62800e+03 8.33971e-12 0.00000e+00
1.62900e+03 5.48333e-12 0.00000e+00
1.63000e+03 9.49805e-12 0.00000e+00
1.63100e+03 7.78180e-12 0.00000e+00
1.63200e+03 9.36256e-12 0.00000e+00
1.63300e+03 1.05461e-11 0.00000e+00
1.63400e+03 8.17468e-12 0.00000e+00
1.63500e+03 5.78847e-12 0.00000e+00
1.63600e+03 8.93607e-12 0.00000e+00
1.63700e+03 1.00657e-11 0.00000e+00
1.63800e+03 7.47555e-12 0.00000e+00
1.63900e+03 1.01201e-11 0.00000e+00
1.64000e+03 7.27811e-12 0.00000e+00
1.64100e+03 7.17652e-12 0.00000e+00
1.64200e+03 9.45719e-12 0.00000e+00
1.64300e+03 8.57751e-12 0.00000e+00
1.64400e+03 9.91647e-12 0.00000e+00
1.64500e+03 6.76732e-12 0.00000e+00
1.64600e+03 5.80562e-12 0.00000e+00
1.64700e+03 7.40811e-12 0.00000e+00
1.64800e+03 7.85032e-12 0.00000e+00
1.64900e+03 7.22743e-12 0.00000e+00
1.65000e+03 7.72680e-12 0.00000e+00
1.65100e+03 8.66871e-12 0.00000e+00
1.65200e+03 5.46588e-12 0.00000e+00
1.65300e+03 7.77238e-12 0.00000e+00
1.65400e+03 7.94804e-12 0.00000e+00
1.65500e+03 1.02691e-11 0.00000e+00
1.65600e+03 4.99107e-12 0.00000e+00
1.65700e+03 9.55641e-12 0.00000e+00
1.65800e+03 7.10485e-12 0.00000e+00
1.65900e+03 6.30213e-12 0.00000e+00
1.66000e+03 7.53557e-12 0.00000e+00
1.66100e+03 7.90524e-12 0.00000e+00
1.66200e+03 6.11896e-12 0.00000e+00
1.66300e+03 9.12454e-12 0.00000e+00
1.66400e+03 4.63540e-12 0.00000e+00
1.66500e+03 7.06175e-12 0.00000e+00
1.66600e+03 8.83151e-12 0.00000e+00
1.66700e+03 8.17486e-12 0.00000e+00
1.66800e+03 8.77127e-12 0.00000e+00
1.66900e+03 8.19032e-12 0.00000e+00
1.67000e+03 6.46025e-12 0.00000e+00
1.67100e+03 7.20924e-12 0.00000e+00
1.67200e+03 7.66219e-12 0.00000e+00
1.67300e+03 6.54270e-12 0.00000e+00
1.67400e+03 8.83259e-12 0.00000e+00
1.67500e+03 8.34871e-12 0.00000e+00
1.67600e+03 7.26978e-12 0.00000e+00
1.67700e+03 7.49929e-12 0.00000e+00
1.67800e+03 9.09636e-12 0.00000e+00
1.67900e+03 4.67167e-12 0.00000e+00
1.68000e+03 8.34377e-12 0.00000e+00
1.68100e+03 7.04921e-12 0.00000e+00
1.68200e+03 1.01289e-11 0.00000e+00
1.68300e+03 6.87237e-12 0.00000e+00
1.68400e+03 6.04337e-12 0.00000e+00
1.68500e+03 7.33798e-12 0.00000e+00
1.68600e+03 8.21793e-12 0.00000e+00
1.68700e+03 6.47711e-12 0.00000e+00
1.68800e+03 8.83045e-12 0.00000e+00
1.68900e+03 9.91586e-12 0.00000e+00
1.69000e+03 6.86778e-12 0.00000e+00
1.69100e+03 7.53341e-12 0.00000e+00
1.69200e+03 7.71087e-12 0.00000e+00
1.69300e+03 6.80279e-12 0.00000e+00
1.69400e+03 9.15123e-12 0.00000e+00
1.69500e+03 8.31309e-12 0.00000e+00
1.69600e+03 7.56219e-12 0.00000e+00
1.69700e+03 7.72451e-12 0.00000e+00
1.69800e+03 7.14197e-12 0.00000e+00
1.69900e+03 7.44592e-12 0.00000e+00
1.70000e+03 5.64542e-12 0.00000e+00
1.70100e+03 7.89367e-12 0.00000e+00
1.70200e+03 5.77060e-12 0.00000e+00
1.70300e+03 1.08035e-11 0.00000e+00
1.70400e+03 8.04009e-12 0.00000e+00
1.70500e+03 5.59101e-12 0.00000e+00
1.70600e+03 6.38271e-12 0.00000e+00
1.70700e+03 8.67683e-12 0.00000e+00
1.70800e+03 9.65393e-12 0.00000e+00
1.70900e+03 6.77963e-12 0.00000e+00
1.71000e+03 4.97469e-12 0.00000e+00
1.71100e+03 4.86601e-12 0.00000e+00
1.71200e+03 8.50205e-12 0.00000e+00
1.71300e+03 7.74440e-12 0.00000e+00
1.71400e+03 9.36710e-12 0.00000e+00
1.71500e+03 6.71182e-12 0.00000e+00
1.71600e+03 6.06562e-12 0.00000e+00
1.71700e+03 5.23665e-12 0.00000e+00
1.71800e+03 6.99644e-12 0.00000e+00
1.71900e+03 4.84742e-12 0.00000e+00
1.72000e+03 8.23201e-12 0.00000e+00
1.72100e+03 6.69450e-12 0.00000e+00
1.72200e+03 7.59177e-12 0.00000e+00
1.72300e+03 7.87577e-12 0.00000e+00
1.72400e+03 7.92047e-12 0.00000e+00
1.72500e+03 6.57935e-12 0.00000e+00
1.72600e+03 7.27098e-12 0.00000e+00
1.72700e+03 5.91831e-12 0.00000e+00
1.72800e+03 8.32815e-12 0.00000e+00
1.72900e+03 4.02510e-12 0.00000e+00
1.73000e+03 8.58135e-12 0.00000e+00
1.73100e+03 5.22732e-12 0.00000e+00
1.73200e+03 5.20538e-12 0.00000e+00
1.73300e+03 8.48432e-12 0.00000e+00
1.73400e+03 5.70039e-12 0.00000e+00
1.73500e+03 3.74818e-12 0.00000e+00
1.73600e+03 6.25770e-12 0.00000e+00
1.73700e+03 6.49716e-12 0.00000e+00
1.73800e+03 7.13377e-12 0.00000e+00
1.73900e+03 7.89540e-12 0.00000e+00
1.74000e+03 8.19712e-12 0.00000e+00
1.74100e+03 6.00941e-12 0.00000e+00
1.74200e+03 4.61487e-12 0.00000e+00
1.74300e+03 7.21838e-12 0.00000e+00
1.74400e+03 5.56703e-12 0.00000e+00
1.74500e+03 6.25429e-12 0.00000e+00
1.74600e+03 6.27004e-12 0.00000e+00
1.74700e+03 5.97972e-12 0.00000e+00
1.74800e+03 5.76944e-12 0.00000e+00
1.74900e+03 4.12762e-12 0.00000e+00
1.75000e+03 6.43225e-12 0.00000e+00
1.75100e+03 5.25478e-12 0.00000e+00
1.75200e+03 5.07959e-12 0.00000e+00
1.75300e+03 8.00733e-12 0.00000e+00
1.75400e+03 5.47551e-12 0.00000e+00
1.75500e+03 7.38164e-12 0.00000e+00
1.75600e+03 7.16186e-12 0.00000e+00
1.75700e+03 7.10793e-12 0.00000e+00
1.75800e+03 8.74651e-12 0.00000e+00
1.75900e+03 8.89390e-12 0.00000e+00
1.76000e+03 6.13655e-12 0.00000e+00
1.76100e+03 7.25432e-12 0.00000e+00
1.76200e+03 5.94256e-12 0.00000e+00
1.76300e+03 5.19295e-12 0.00000e+00
1.76400e+03 7.14365e-12 0.00000e+00
1.76500e+03 5.87715e-12 0.00000e+00
1.76600e+03 5.91947e-12 0.00000e+00
1.76700e+03 6.14507e-12 0.00000e+00
1.76800e+03 7.49012e-12 0.00000e+00
1.76900e+03 6.18328e-12 0.00000e+00
1.77000e+03 6.44126e-12 0.00000e+00
1.77100e+03 5.64866e-12 0.00000e+00
1.77200e+03 7.06082e-12 0.00000e+00
1.77300e+03 6.20341e-12 0.00000e+00
1.77400e+03 3.89288e-12 0.00000e+00
1.77500e+03 7.62082e-12 0.00000e+00
1.77600e+03 6.49658e-12 0.00000e+00
1.77700e+03 6.06163e-12 0.00000e+00
1.77800e+03 7.67687e-12 0.00000e+00
1.77900e+03 6.51896e-12 0.00000e+00
1.78000e+03 7.48566e-12 0.00000e+00
1.78100e+03 5.65480e-12 0.00000e+00
1.78200e+03 3.07389e-12 0.00000e+00
1.78300e+03 6.47954e-12 0.00000e+00
1.78400e+03 6.97915e-12 0.00000e+00
1.78500e+03 8.49217e-12 0.00000e+00
1.78600e+03 6.05855e-12 0.00000e+00
1.78700e+03 5.42172e-12 0.00000e+00
1.78800e+03 5.30594e-12 0.00000e+00
1.78900e+03 7.39108e-12 0.00000e+00
1.79000e+03 5.15812e-12 0.00000e+00
1.79100e+03 3.68127e-12 0.00000e+00
1.79200e+03 6.48624e-12 0.00000e+00
1.79300e+03 4.76615e-12 0.00000e+00
1.79400e+03 5.63095e-12 0.00000e+00
1.79500e+03 3.09995e-12 0.00000e+00
1.79600e+03 9.27257e-12 0.00000e+00
1.79700e+03 5.07549e-12 0.00000e+00
1.79800e+03 6.12260e-12 0.00000e+00
1.79900e+03 5.38134e-12 0.00000e+00
1.80000e+03 6.97787e-12 0.00000e+00
1.80100e+03 4.00846e-12 0.00000e+00
1.80200e+03 4.90409e-12 0.00000e+00
1.80300e+03 7.24549e-12 0.00000e+00
1.80400e+03 7.47655e-12 0.00000e+00
1.80500e+03 6.58149e-12 0.00000e+00
1.80600e+03 6.36104e-12 0.00000e+00
1.80700e+03 6.71337e-12 0.00000e+00
1.80800e+03 3.61846e-12 0.00000e+00
1.80900e+03 5.96989e-12 0.00000e+00
1.81000e+03 4.83575e-12 0.00000e+00
1.81100e+03 7.45962e-12 0.00000e+00
1.81200e+03 5.92478e-12 0.00000e+00
1.81300e+03 5.44436e-12 0.00000e+00
1.81400e+03 5.66110e-12 0.00000e+00
1.81500e+03 5.73483e-12 0.00000e+00
1.81600e+03 7.69131e-12 0.00000e+00
1.81700e+03 6.66426e-12 0.00000e+00
1.81800e+03 7.43821e-12 0.00000e+00
1.81900e+03 6.52903e-12 0.00000e+00
1.82000e+03 6.53291e-12 0.00000e+00
1.82100e+03 6.37340e-12 0.00000e+00
1.82200e+03 6.07202e-12 0.00000e+00
1.82300e+03 7.34114e-12 0.00000e+00
1.82400e+03 5.33863e-12 0.00000e+00
1.82500e+03 5.16608e-12 0.00000e+00
1.82600e+03 6.19312e-12 0.00000e+00
1.82700e+03 4.30741e-12 0.00000e+00
1.82800e+03 7.03665e-12 0.00000e+00
1.82900e+03 4.78121e-12 0.00000e+00
1.83000e+03 4.74150e-12 0.00000e+00
1.83100e+03 4.58747e-12 0.00000e+00
1.83200e+03 6.84990e-12 0.00000e+00
1.83300e+03 5.69277e-12 0.00000e+00
1.83400e+03 6.61208e-12 0.00000e+00
1.83500e+03 5.37534e-12 0.00000e+00
1.83600e+03 6.31868e-12 0.00000e+00
1.83700e+03 7.73103e-12 0.00000e+00
1.83800e+03 7.32987e-12 0.00000e+00
1.83900e+03 6.19494e-12 0.00000e+00
1.84000e+03 7.08521e-12 0.00000e+00
1.84100e+03 6.85719e-12 0.00000e+00
1.84200e+03 5.48283e-12 0.00000e+00
1.84300e+03 6.03004e-12 0.00000e+00
1.84400e+03 5.24707e-12 0.00000e+00
1.84500e+03 6.97219e-12 0.00000e+00
1.84600e+03 5.54548e-12 0.00000e+00
1.84700e+03 4.52964e-12 0.00000e+00
1.84800e+03 4.74926e-12 0.00000e+00
1.84900e+03 7.01279e-12 0.00000e+00
1.85000e+03 6.68084e-12 0.00000e+00
1.85100e+03 3.71421e-12 0.00000e+00
1.85200e+03 2.13117e-12 0.00000e+00
1.85300e+03 5.46448e-12 0.00000e+00
1.85400e+03 6.88148e-12 0.00000e+00
1.85500e+03 5.56038e-12 0.00000e+00
1.85600e+03 6.54957e-12 0.00000e+00
1.85700e+03 5.91584e-12 0.00000e+00
1.85800e+03 3.28372e-12 0.00000e+00
1.85900e+03 7.00838e-12 0.00000e+00
1.86000e+03 6.19667e-12 0.00000e+00
1.86100e+03 5.25440e-12 0.00000e+00
1.86200e+03 5.94322e-12 0.00000e+00
1.86300e+03 6.50788e-12 0.00000e+00
1.86400e+03 5.66924e-12 0.00000e+00
1.86500e+03 5.76501e-12 0.00000e+00
1.86600e+03 5.01040e-12 0.00000e+00
1.86700e+03 7.12999e-12 0.00000e+00
1.86800e+03 6.21060e-12 0.00000e+00
1.86900e+03 4.74805e-12 0.00000e+00
1.87000e+03 4.89181e-12 0.00000e+00
1.87100e+03 5.74032e-12 0.00000e+00
1.87200e+03 6.13241e-12 0.00000e+00
1.87300e+03 3.74745e-12 0.00000e+00
1.87400e+03 5.55992e-12 0.00000e+00
1.87500e+03 4.65171e-12 0.00000e+00
1.87600e+03 5.37727e-12 0.00000e+00
1.87700e+03 5.17040e-12 0.00000e+00
1.87800e+03 5.91342e-12 0.00000e+00
1.87900e+03 7.55823e-12 0.00000e+00
1.88000e+03 4.87313e-12 0.00000e+00
1.88100e+03 5.25862e-12 0.00000e+00
1.88200e+03 5.24934e-12 0.00000e+00
1.88300e+03 5.96171e-12 0.00000e+00
1.88400e+03 6.45010e-12 0.00000e+00
1.88500e+03 4.91136e-12 0.00000e+00
1.88600e+03 5.01519e-12 0.00000e+00
1.88700e+03 8.03295e-12 0.00000e+00
1.88800e+03 7.11311e-12 0.00000e+00
1.88900e+03 7.55207e-12 0.00000e+00
1.89000e+03 3.69304e-12 0.00000e+00
1.89100e+03 5.53111e-12 0.00000e+00
1.89200e+03 6.44845e-12 0.00000e+00
1.89300e+03 6.26233e-12 0.00000e+00
1.89400e+03 6.57895e-12 0.00000e+00
1.89500e+03 3.93803e-12 0.00000e+00
1.89600e+03 6.29299e-12 0.00000e+00
1.89700e+03 5.75453e-12 0.00000e+00
1.89800e+03 4.45513e-12 0.00000e+00
1.89900e+03 4.84548e-12 0.00000e+00
1.90000e+03 3.02499e-12 0.00000e+00
1.90100e+03 4.14133e-12 0.00000e+00
1.90200e+03 7.70084e-12 0.00000e+00
1.90300e+03 6.44359e-12 0.00000e+00
1.90400e+03 5.06536e-12 0.00000e+00
1.90500e+03 4.67991e-12 0.00000e+00
1.90600e+03 7.16014e-12 0.00000e+00
1.90700e+03 4.20339e-12 0.00000e+00
1.90800e+03 5.05200e-12 0.00000e+00
1.90900e+03 5.72991e-12 0.00000e+00
1.91000e+03 4.71302e-12 0.00000e+00
1.91100e+03 4.79984e-12 0.00000e+00
1.91200e+03 4.67501e-12 0.00000e+00
1.91300e+03 5.09550e-12 0.00000e+00
1.91400e+03 5.78579e-12 0.00000e+00
1.91500e+03 4.56634e-12 0.00000e+00
1.91600e+03 5.77453e-12 0.00000e+00
1.91700e+03 4.94020e-12 0.00000e+00
1.91800e+03 4.43551e-12 0.00000e+00
1.91900e+03 5.17317e-12 0.00000e+00
1.92000e+03 4.46020e-12 0.00000e+00
1.92100e+03 5.92931e-12 0.00000e+00
1.92200e+03 5.65419e-12 0.00000e+00
1.92300e+03 4.25447e-12 0.00000e+00
1.92400e+03 6.53442e-12 0.00000e+00
1.92500e+03 4.16335e-12 0.00000e+00
1.92600e+03 2.95322e-12 0.00000e+00
1.92700e+03 4.82589e-12 0.00000e+00
1.92800e+03 5.11683e-12 0.00000e+00
1.92900e+03 6.45272e-12 0.00000e+00
1.93000e+03 5.97880e-12 0.00000e+00
1.93100e+03 4.16172e-12 0.00000e+00
1.93200e+03 6.64576e-12 0.00000e+00
1.93300e+03 3.78666e-12 0.00000e+00
1.93400e+03 4.48731e-12 0.00000e+00
1.93500e+03 4.30942e-12 0.00000e+00
1.93600e+03 5.19622e-12 0.00000e+00
1.93700e+03 5.84635e-12 0.00000e+00
1.93800e+03 3.25189e-12 0.00000e+00
1.93900e+03 5.17980e-12 0.00000e+00
1.94000e+03 3.13098e-12 0.00000e+00
1.94100e+03 5.45299e-12 0.00000e+00
1.94200e+03 5.12591e-12 0.00000e+00
1.94300e+03 5.47488e-12 0.00000e+00
1.94400e+03 5.22609e-12 0.00000e+00
1.94500e+03 6.06600e-12 0.00000e+00
1.94600e+03 5.08680e-12 0.00000e+00
1.94700e+03 4.02852e-12 0.00000e+00
1.94800e+03 6.53640e-12 0.00000e+00
1.94900e+03 4.88177e-12 0.00000e+00
1.95000e+03 4.17088e-12 0.00000e+00
1.95100e+03 5.92465e-12 0.00000e+00
1.95200e+03 5.72795e-12 0.00000e+00
1.95300e+03 4.43672e-12 0.00000e+00
1.95400e+03 3.37988e-12 0.00000e+00
1.95500e+03 5.31164e-12 0.00000e+00
1.95600e+03 4.10405e-12 0.00000e+00
1.95700e+03 4.67355e-12 0.00000e+00
1.95800e+03 4.60839e-12 0.00000e+00
1.95900e+03 3.85344e-12 0.00000e+00
1.96000e+03 3.39932e-12 0.00000e+00
1.96100e+03 4.97151e-12 0.00000e+00
1.96200e+03 4.06783e-12 0.00000e+00
1.96300e+03 5.63929e-12 0.00000e+00
1.96400e+03 4.67561e-12 0.00000e+00
1.96500e+03 5.46770e-12 0.00000e+00
1.96600e+03 6.45789e-12 0.00000e+00
1.96700e+03 3.41754e-12 0.00000e+00
1.96800e+03 4.92661e-12 0.00000e+00
1.96900e+03 5.31081e-12 0.00000e+00
1.97000e+03 4.94417e-12 0.00000e+00
1.97100e+03 3.41534e-12 0.00000e+00
1.97200e+03 4.07759e-12 0.00000e+00
1.97300e+03 2.77224e-12 0.00000e+00
1.97400e+03 3.91751e-12 0.00000e+00
1.97500e+03 5.57962e-12 0.00000e+00
1.97600e+03 4.56279e-12 0.00000e+00
1.97700e+03 6.52885e-12 0.00000e+00
1.97800e+03 3.95976e-12 0.00000e+00
1.97900e+03 3.36360e-12 0.00000e+00
1.98000e+03 4.80418e-12 0.00000e+00
1.98100e+03 4.53379e-12 0.00000e+00
1.98200e+03 4.09855e-12 0.00000e+00
1.98300e+03 6.34301e-12 0.00000e+00
1.98400e+03 5.15278e-12 0.00000e+00
1.98500e+03 5.30939e-12 0.00000e+00
1.98600e+03 4.23231e-12 0.00000e+00
1.98700e+03 3.71640e-12 0.00000e+00
1.98800e+03 5.31754e-12 0.00000e+00
1.98900e+03 5.28876e-12 0.00000e+00
1.99000e+03 4.58613e-12 0.00000e+00
1.99100e+03 4.19395e-12 0.00000e+00
1.99200e+03 3.94836e-12 0.00000e+00
1.99300e+03 5.37337e-12 0.00000e+00
1.99400e+03 6.18619e-12 0.00000e+00
1.99500e+03 4.13891e-12 0.00000e+00
1.99600e+03 5.52699e-12 0.00000e+00
1.99700e+03 3.52781e-12 0.00000e+00
1.99800e+03 4.41225e-12 0.00000e+00
1.99900e+03 3.56239e-12 0.00000e+00
2.00000e+03 4.98338e-12 0.00000e+00
