 0.1805833E+02  0.2299884E-12  0.3022900E-12  0.2299884E-12  0.6160424E-14  0.7855478E-14 -0.1558862E-14  0.7855478E-14 -0.1307914E-14
 0.5217500E+02  0.9408141E-13  0.2286234E-12  0.1555092E-12  0.4080089E-14  0.2859080E-13 -0.1790610E-13  0.4894457E-16  0.9592178E-15
 0.8629167E+02  0.4287087E-13  0.1674278E-12  0.1039116E-12  0.2694857E-14  0.2287798E-13 -0.3610798E-13 -0.4711040E-14  0.1054541E-14
 0.1204083E+03  0.2338459E-13  0.1201270E-12  0.7473963E-13  0.1958732E-14  0.1525442E-13 -0.4183411E-13 -0.6440365E-14  0.8444065E-15
 0.1545250E+03  0.1423607E-13  0.8702179E-13  0.5706864E-13  0.1508219E-14  0.1014597E-13 -0.4067723E-13 -0.6745519E-14  0.6730559E-15
 0.1886417E+03  0.9378294E-14  0.6427496E-13  0.4549873E-13  0.1211930E-14  0.6932251E-14 -0.3652673E-13 -0.6335345E-14  0.5478512E-15
 0.2227583E+03  0.6536641E-14  0.4853351E-13  0.3744004E-13  0.1005315E-14  0.4901227E-14 -0.3148455E-13 -0.5671720E-14  0.4553056E-15
 0.2568750E+03  0.4749531E-14  0.3745087E-13  0.3156853E-13  0.8539716E-15  0.3585520E-14 -0.2657028E-13 -0.5019877E-14  0.3850958E-15
 0.2909917E+03  0.3548080E-14  0.2917574E-13  0.2724759E-13  0.7370727E-15  0.2691040E-14 -0.2189569E-13 -0.4778084E-14  0.3298242E-15
 0.3251083E+03  0.2718928E-14  0.2329661E-13  0.2360907E-13  0.6454035E-15  0.2070782E-14 -0.1824038E-13 -0.4123820E-14  0.2862227E-15
 0.3592250E+03  0.2139572E-14  0.1897585E-13  0.2089773E-13  0.5731224E-15  0.1629383E-14 -0.1528422E-13 -0.3866792E-14  0.2519563E-15
 0.3933417E+03  0.1717097E-14  0.1565673E-13  0.1870497E-13  0.5142758E-15  0.1299950E-14 -0.1288999E-13 -0.3679390E-14  0.2243197E-15
 0.4274583E+03  0.1402962E-14  0.1306070E-13  0.1690510E-13  0.4658215E-15  0.1048066E-14 -0.1096088E-13 -0.3522638E-14  0.2018329E-15
 0.4615750E+03  0.1165075E-14  0.1099903E-13  0.1540436E-13  0.4255226E-15  0.8521501E-15 -0.9404792E-14 -0.3368328E-14  0.1833637E-15
 0.4956917E+03  0.9815394E-15  0.9340061E-14  0.1413568E-13  0.3916699E-15  0.6980675E-15 -0.8141963E-14 -0.3200900E-14  0.1680448E-15
 0.5298083E+03  0.8375440E-15  0.7987315E-14  0.1305507E-13  0.3629661E-15  0.5760745E-15 -0.7105568E-14 -0.3015815E-14  0.1552176E-15
 0.5639250E+03  0.7227101E-15  0.6872782E-14  0.1212010E-13  0.3383964E-15  0.4790905E-15 -0.6244324E-14 -0.2816537E-14  0.1443854E-15
 0.5980417E+03  0.6285472E-15  0.5947209E-14  0.1134822E-13  0.3168911E-15  0.4007164E-15 -0.5519588E-14 -0.2733682E-14  0.1350522E-15
 0.6321583E+03  0.5514425E-15  0.5176814E-14  0.1057155E-13  0.2981971E-15  0.3381931E-15 -0.4915414E-14 -0.2404699E-14  0.1270825E-15
 0.6662750E+03  0.4884379E-15  0.4525389E-14  0.9939525E-14  0.2820593E-15  0.2886680E-15 -0.4381943E-14 -0.2217539E-14  0.1203433E-15
 0.7003917E+03  0.4355447E-15  0.3974827E-14  0.9376882E-14  0.2678191E-15  0.2485003E-15 -0.3918759E-14 -0.2050566E-14  0.1145219E-15
 0.7345083E+03  0.3907466E-15  0.3507175E-14  0.8872137E-14  0.2551979E-15  0.2156051E-15 -0.3513761E-14 -0.1906937E-14  0.1094597E-15
 0.7686250E+03  0.3524912E-15  0.3108264E-14  0.8417044E-14  0.2439761E-15  0.1883601E-15 -0.3157724E-14 -0.1786901E-14  0.1050161E-15
 0.8027417E+03  0.3195798E-15  0.2766508E-14  0.8004449E-14  0.2339788E-15  0.1655247E-15 -0.2843445E-14 -0.1687950E-14  0.1010652E-15
 0.8368583E+03  0.2910829E-15  0.2472493E-14  0.7628768E-14  0.2250632E-15  0.1461631E-15 -0.2565155E-14 -0.1606071E-14  0.9749409E-16
 0.8709750E+03  0.2659140E-15  0.2208807E-14  0.7311981E-14  0.2169933E-15  0.1293506E-15 -0.2304459E-14 -0.1607334E-14  0.9415611E-16
 0.9050917E+03  0.2438833E-15  0.1985451E-14  0.6963226E-14  0.2097902E-15  0.1148619E-15 -0.2082656E-14 -0.1474202E-14  0.9101398E-16
 0.9392083E+03  0.2247718E-15  0.1795252E-14  0.6674711E-14  0.2034512E-15  0.1024618E-15 -0.1888680E-14 -0.1417913E-14  0.8803330E-16
 0.9733250E+03  0.2078235E-15  0.1628842E-14  0.6407098E-14  0.1977867E-15  0.9163833E-16 -0.1715561E-14 -0.1363127E-14  0.8510307E-16
 0.1007442E+04  0.1927468E-15  0.1482744E-14  0.6160424E-14  0.1927468E-15  0.8216938E-16 -0.1560859E-14 -0.1307914E-14  0.8216938E-16
 0.1041558E+04  0.1792626E-15  0.1353934E-14  0.5931528E-14  0.1882773E-15  0.7387653E-16 -0.1422448E-14 -0.1251394E-14  0.7918609E-16
 0.1075675E+04  0.1671595E-15  0.1239966E-14  0.5718277E-14  0.1843369E-15  0.6661121E-16 -0.1298488E-14 -0.1193680E-14  0.7611270E-16
 0.1109792E+04  0.1562436E-15  0.1138716E-14  0.5516100E-14  0.1808836E-15  0.6024424E-16 -0.1187375E-14 -0.1135545E-14  0.7291161E-16
 0.1143908E+04  0.1463535E-15  0.1048444E-14  0.5328128E-14  0.1778830E-15  0.5466038E-16 -0.1087708E-14 -0.1078320E-14  0.6954597E-16
 0.1178025E+04  0.1372501E-15  0.9676660E-15  0.5169071E-14  0.1752820E-15  0.4968742E-16 -0.9982594E-15 -0.1067680E-14  0.6592268E-16
 0.1212142E+04  0.1289648E-15  0.8953793E-15  0.4982582E-14  0.1731035E-15  0.4531503E-16 -0.9190835E-15 -0.9711945E-15  0.6205021E-16
 0.1246258E+04  0.1215078E-15  0.8300766E-15  0.4827426E-14  0.1713540E-15  0.4150700E-16 -0.8468162E-15 -0.9251023E-15  0.5794356E-16
 0.1280375E+04  0.1146749E-15  0.7711211E-15  0.4679794E-14  0.1699846E-15  0.3812205E-16 -0.7818660E-15 -0.8843678E-15  0.5350367E-16
 0.1314492E+04  0.1083999E-15  0.7177256E-15  0.4540691E-14  0.1689849E-15  0.3509682E-16 -0.7234467E-15 -0.8489044E-15  0.4868324E-16
 0.1348608E+04  0.1026173E-15  0.6692593E-15  0.4408485E-14  0.1683421E-15  0.3237803E-16 -0.6708394E-15 -0.8180324E-15  0.4343430E-16
 0.1382725E+04  0.9727977E-16  0.6251453E-15  0.4283124E-14  0.1680515E-15  0.2992230E-16 -0.6233958E-15 -0.7910417E-15  0.3770950E-16
 0.1416842E+04  0.9234120E-16  0.5849190E-15  0.4164383E-14  0.1681077E-15  0.2769478E-16 -0.5805164E-15 -0.7667698E-15  0.3146280E-16
 0.1450958E+04  0.8769675E-16  0.5467464E-15  0.4064484E-14  0.1685158E-15  0.2563919E-16 -0.5396217E-15 -0.7758303E-15  0.2454282E-16
 0.1485075E+04  0.8338603E-16  0.5125063E-15  0.3941450E-14  0.1692739E-15  0.2376752E-16 -0.5038785E-15 -0.7217057E-15  0.1700120E-16
 0.1519192E+04  0.7943375E-16  0.4817748E-15  0.3838940E-14  0.1703646E-15  0.2208474E-16 -0.4719017E-15 -0.6998599E-15  0.8912302E-17
 0.1553308E+04  0.7574905E-16  0.4535326E-15  0.3741036E-14  0.1717967E-15  0.2054813E-16 -0.4426351E-15 -0.6775765E-15  0.1350273E-18
 0.1587425E+04  0.7230756E-16  0.4275307E-15  0.3647057E-14  0.1735716E-15  0.1914513E-16 -0.4157510E-15 -0.6547884E-15 -0.9369134E-17
 0.1621542E+04  0.6908832E-16  0.4035504E-15  0.3557483E-14  0.1756918E-15  0.1786434E-16 -0.3909677E-15 -0.6317485E-15 -0.1963923E-16
 0.1655658E+04  0.6607075E-16  0.3814055E-15  0.3471734E-14  0.1781596E-15  0.1669496E-16 -0.3680461E-15 -0.6088813E-15 -0.3071585E-16
 0.1689775E+04  0.6323873E-16  0.3609111E-15  0.3389435E-14  0.1809795E-15  0.1562654E-16 -0.3467844E-15 -0.5866839E-15 -0.4264197E-16
 0.1723892E+04  0.6057467E-16  0.3419248E-15  0.3310071E-14  0.1841551E-15  0.1464901E-16 -0.3270129E-15 -0.5656087E-15 -0.5546359E-16
 0.1758008E+04  0.5803270E-16  0.3243019E-15  0.3244575E-14  0.1877562E-15  0.1374018E-16 -0.3085896E-15 -0.5688092E-15 -0.6944689E-16
 0.1792125E+04  0.5564795E-16  0.3079906E-15  0.3159909E-14  0.1917585E-15  0.1290592E-16 -0.2916337E-15 -0.5275804E-15 -0.8444572E-16
 0.1826242E+04  0.5345061E-16  0.2928320E-15  0.3090558E-14  0.1961349E-15  0.1214847E-16 -0.2755473E-15 -0.5114119E-15 -0.1003024E-15
 0.1860358E+04  0.5139593E-16  0.2787695E-15  0.3023760E-14  0.2009605E-15  0.1144821E-16 -0.2605016E-15 -0.4968018E-15 -0.1172916E-15
 0.1894475E+04  0.4946186E-16  0.2656733E-15  0.2959825E-14  0.2062411E-15  0.1079911E-16 -0.2464199E-15 -0.4834565E-15 -0.1355123E-15
 0.1928592E+04  0.4763076E-16  0.2534297E-15  0.2897256E-14  0.2120248E-15  0.1019607E-16 -0.2332341E-15 -0.4710345E-15 -0.1551552E-15
 0.1962708E+04  0.4590195E-16  0.2419797E-15  0.2836516E-14  0.2186972E-15  0.9634813E-17 -0.2208838E-15 -0.4592647E-15 -0.1770696E-15
 0.1996825E+04  0.4428785E-16  0.2313049E-15  0.2778432E-14  0.2247527E-15  0.9111784E-17 -0.2093141E-15 -0.4479166E-15 -0.1978873E-15
 0.2030942E+04  0.4273321E-16  0.2209096E-15  0.2729360E-14  0.2223274E-15  0.8617050E-17 -0.1979142E-15 -0.4547631E-15 -0.2000176E-15
