0.000000000000000000e+00 0.000000000000000000e+00
1.000000000000000021e-02 7.173414901037995870e-04
2.000000000000000042e-02 2.854535317771643259e-03
2.999999999999999889e-02 6.389335519038199032e-03
4.000000000000000083e-02 1.129949612993813406e-02
5.000000000000000278e-02 1.756277118650611396e-02
5.999999999999999778e-02 2.516871366049643760e-02
7.000000000000000666e-02 3.415407226654197659e-02
8.000000000000000167e-02 4.456739465499517938e-02
8.999999999999999667e-02 5.645722847620853607e-02
1.000000000000000056e-01 6.987212138053455757e-02
1.100000000000000006e-01 8.486062101832567151e-02
1.199999999999999956e-01 1.014712750399344166e-01
1.300000000000000044e-01 1.197526310957132689e-01
1.400000000000000133e-01 1.397532368360147048e-01
1.499999999999999944e-01 1.615216399111911172e-01
1.600000000000000033e-01 1.851063879715951210e-01
1.700000000000000122e-01 2.105560286675791648e-01
1.799999999999999933e-01 2.379191096494956970e-01
1.900000000000000022e-01 2.671474096659862685e-01
2.000000000000000111e-01 2.978056318588487295e-01
2.099999999999999922e-01 3.293617104681699215e-01
2.200000000000000011e-01 3.612835797340367971e-01
2.300000000000000100e-01 3.930391738965363091e-01
2.399999999999999911e-01 4.240964271957551879e-01
2.500000000000000000e-01 4.539232738717804416e-01
2.600000000000000089e-01 4.819876481646990229e-01
2.700000000000000178e-01 5.077574843145976624e-01
2.800000000000000266e-01 5.307007165615633681e-01
2.899999999999999800e-01 5.502852791456829262e-01
2.999999999999999889e-01 5.659791063070431782e-01
3.099999999999999978e-01 5.772501322857315209e-01
3.200000000000000067e-01 5.837270711690629721e-01
3.300000000000000155e-01 5.856817564332688075e-01
3.400000000000000244e-01 5.835468014018082572e-01
3.500000000000000333e-01 5.777548193981409952e-01
3.599999999999999867e-01 5.687384237457269176e-01
3.699999999999999956e-01 5.569302277680253654e-01
3.800000000000000044e-01 5.427628447884957907e-01
3.900000000000000133e-01 5.266688881305978676e-01
4.000000000000000222e-01 5.090809711177911590e-01
4.100000000000000311e-01 4.904317070735353945e-01
4.199999999999999845e-01 4.711537093212901928e-01
4.299999999999999933e-01 4.516795911845147837e-01
4.400000000000000022e-01 4.324419659866690635e-01
4.500000000000000111e-01 4.138137739413647043e-01
4.600000000000000200e-01 3.959292628228226474e-01
4.700000000000000289e-01 3.788630072954157768e-01
4.799999999999999822e-01 3.626895820235174206e-01
4.899999999999999911e-01 3.474835616715003517e-01
5.000000000000000000e-01 3.333195209037376761e-01
5.100000000000000089e-01 3.202720343846026663e-01
5.200000000000000178e-01 3.084156767784682063e-01
5.300000000000000266e-01 2.978250227497072911e-01
5.400000000000000355e-01 2.885746469626931376e-01
5.500000000000000444e-01 2.807391240817987965e-01
5.600000000000000533e-01 2.743930287713971516e-01
5.700000000000000622e-01 2.696109356958614200e-01
5.799999999999999600e-01 2.664510641266322200e-01
5.899999999999999689e-01 2.649062117634199964e-01
5.999999999999999778e-01 2.649528209130029288e-01
6.099999999999999867e-01 2.665673338821593075e-01
6.199999999999999956e-01 2.697261929776670897e-01
6.300000000000000044e-01 2.744058405063046213e-01
6.400000000000000133e-01 2.805827187748498597e-01
6.500000000000000222e-01 2.882332700900810396e-01
6.600000000000000311e-01 2.973339367587762849e-01
6.700000000000000400e-01 3.078611610877137750e-01
6.800000000000000488e-01 3.197913853836716336e-01
6.900000000000000577e-01 3.331010519534279291e-01
7.000000000000000666e-01 3.477666031037610073e-01
7.099999999999999645e-01 3.637443663311769604e-01
7.199999999999999734e-01 3.809102098910960299e-01
7.299999999999999822e-01 3.991198872286663701e-01
7.399999999999999911e-01 4.182291517890361909e-01
7.500000000000000000e-01 4.380937570173536466e-01
7.600000000000000089e-01 4.585694563587670580e-01
7.700000000000000178e-01 4.795120032584245240e-01
7.800000000000000266e-01 5.007771511614743654e-01
7.900000000000000355e-01 5.222206535130646810e-01
8.000000000000000444e-01 5.436982637583440692e-01
8.100000000000000533e-01 5.650657353424601848e-01
8.200000000000000622e-01 5.861788217105616816e-01
8.300000000000000711e-01 6.068932763077966586e-01
8.399999999999999689e-01 6.270833965596270820e-01
8.499999999999999778e-01 6.466976558127717212e-01
8.599999999999999867e-01 6.657030713942628797e-01
8.699999999999999956e-01 6.840666606311326392e-01
8.800000000000000044e-01 7.017554408504136365e-01
8.900000000000000133e-01 7.187364293791380643e-01
9.000000000000000222e-01 7.349766435443380042e-01
9.100000000000000311e-01 7.504431006730463150e-01
9.200000000000000400e-01 7.651028180922950783e-01
9.300000000000000488e-01 7.789228131291169310e-01
9.400000000000000577e-01 7.918701031105437327e-01
9.500000000000000666e-01 8.039117053636080090e-01
9.599999999999999645e-01 8.150146372153426189e-01
9.699999999999999734e-01 8.251761707489561060e-01
9.799999999999999822e-01 8.345145970723676365e-01
9.899999999999999911e-01 8.431784620496720617e-01
1.000000000000000000e+00 8.513163115449654539e-01
1.010000000000000009e+00 8.590766914223422202e-01
1.020000000000000018e+00 8.666081475458984329e-01
1.030000000000000027e+00 8.740592257797294984e-01
1.040000000000000036e+00 8.815784719879304898e-01
1.050000000000000044e+00 8.893144320345972575e-01
1.060000000000000053e+00 8.974156517838248748e-01
1.070000000000000062e+00 9.060306770997088588e-01
1.080000000000000071e+00 9.153080538463447269e-01
1.090000000000000080e+00 9.253963278878276633e-01
1.100000000000000089e+00 9.363660101963571236e-01
1.110000000000000098e+00 9.479754721765476511e-01
1.120000000000000107e+00 9.599050503411176161e-01
1.130000000000000115e+00 9.718350812027858332e-01
1.140000000000000124e+00 9.834459012742701178e-01
1.150000000000000133e+00 9.944178470682895066e-01
1.159999999999999920e+00 1.004431255097561815e+00
1.169999999999999929e+00 1.013166461874806634e+00
1.179999999999999938e+00 1.020303803912741447e+00
1.189999999999999947e+00 1.025523617724084735e+00
1.199999999999999956e+00 1.028506239821555646e+00
1.209999999999999964e+00 1.028932006717872216e+00
1.219999999999999973e+00 1.026481254925752928e+00
1.229999999999999982e+00 1.020935774997536738e+00
1.239999999999999991e+00 1.012483173644045609e+00
1.250000000000000000e+00 1.001412511615722201e+00
1.260000000000000009e+00 9.880128496630085078e-01
1.270000000000000018e+00 9.725732485363476343e-01
1.280000000000000027e+00 9.553827689861815742e-01
1.290000000000000036e+00 9.367304717629528765e-01
1.300000000000000044e+00 9.169054176171038684e-01
1.310000000000000053e+00 8.961966672990774319e-01
1.320000000000000062e+00 8.748932815593157830e-01
1.330000000000000071e+00 8.532843211482614709e-01
1.340000000000000080e+00 8.316588468163567116e-01
1.350000000000000089e+00 8.103059193140443872e-01
1.360000000000000098e+00 7.894598240765052788e-01
1.370000000000000107e+00 7.691357452778755377e-01
1.380000000000000115e+00 7.492940917770298803e-01
1.390000000000000124e+00 7.298952724328431341e-01
1.400000000000000133e+00 7.108996961041894602e-01
1.409999999999999920e+00 6.922677716499443523e-01
1.419999999999999929e+00 6.739599079289814165e-01
1.429999999999999938e+00 6.559365138001760354e-01
1.439999999999999947e+00 6.381579981224025921e-01
1.449999999999999956e+00 6.205847697545360253e-01
1.459999999999999964e+00 6.031772375554507182e-01
1.469999999999999973e+00 5.858958103840212761e-01
1.479999999999999982e+00 5.687008970991227486e-01
1.489999999999999991e+00 5.515634155836330876e-01
1.500000000000000000e+00 5.344963198164440765e-01
1.510000000000000009e+00 5.175230728004507341e-01
1.520000000000000018e+00 5.006671375385486344e-01
1.530000000000000027e+00 4.839519770336327409e-01
1.540000000000000036e+00 4.674010542885984609e-01
1.550000000000000044e+00 4.510378323063408690e-01
1.560000000000000053e+00 4.348857740897554280e-01
1.570000000000000062e+00 4.189683426417371015e-01
1.580000000000000071e+00 4.033090009651812413e-01
1.590000000000000080e+00 3.879312120629830885e-01
1.600000000000000089e+00 3.728584389380377728e-01
1.610000000000000098e+00 3.581141445932407574e-01
1.620000000000000107e+00 3.437206101828809701e-01
1.630000000000000115e+00 3.296953894668238072e-01
1.640000000000000124e+00 3.160548543563280188e-01
1.650000000000000133e+00 3.028153767626529103e-01
1.660000000000000142e+00 2.899933285970575092e-01
1.669999999999999929e+00 2.776050817708010654e-01
1.679999999999999938e+00 2.656670081951422735e-01
1.689999999999999947e+00 2.541954797813404388e-01
1.699999999999999956e+00 2.432068684406545889e-01
1.709999999999999964e+00 2.327175460843438348e-01
1.719999999999999973e+00 2.227438846236672598e-01
1.729999999999999982e+00 2.133022559698839471e-01
1.739999999999999991e+00 2.044090320342529798e-01
1.750000000000000000e+00 1.960728445870022207e-01
1.760000000000000009e+00 1.882713648342349555e-01
1.770000000000000018e+00 1.809745238410230550e-01
1.780000000000000027e+00 1.741522526724386399e-01
1.790000000000000036e+00 1.677744823935536922e-01
1.800000000000000044e+00 1.618111440694402214e-01
1.810000000000000053e+00 1.562321687651702373e-01
1.820000000000000062e+00 1.510074875458157773e-01
1.830000000000000071e+00 1.461070314764488232e-01
1.840000000000000080e+00 1.415007316221414402e-01
1.850000000000000089e+00 1.371585190479655547e-01
1.860000000000000098e+00 1.330503248189932597e-01
1.870000000000000107e+00 1.291460800002965370e-01
1.880000000000000115e+00 1.254156818531258211e-01
1.890000000000000124e+00 1.218288924234452036e-01
1.900000000000000133e+00 1.183554399533972290e-01
1.910000000000000142e+00 1.149650526851244275e-01
1.919999999999999929e+00 1.116274588607693574e-01
1.929999999999999938e+00 1.083123867224744380e-01
1.939999999999999947e+00 1.049895645123822274e-01
1.949999999999999956e+00 1.016287204726353116e-01
1.959999999999999964e+00 9.819958284537613769e-02
1.969999999999999973e+00 9.467187987274727767e-02
1.979999999999999982e+00 9.101533979689127585e-02
1.989999999999999991e+00 8.719969085995056546e-02
2.000000000000000000e+00 8.319466130406777404e-02
2.010000000000000231e+00 7.898321843522083940e-02
2.020000000000000018e+00 7.460128581473035592e-02
2.030000000000000249e+00 7.009802606775186740e-02
2.040000000000000036e+00 6.552260181944158379e-02
2.049999999999999822e+00 6.092417569495522933e-02
2.060000000000000053e+00 5.635191031944847273e-02
2.069999999999999840e+00 5.185496831807760026e-02
2.080000000000000071e+00 4.748251231599805861e-02
2.089999999999999858e+00 4.328370493836615485e-02
2.100000000000000089e+00 3.930770881033737729e-02
2.109999999999999876e+00 3.560368655706795671e-02
2.120000000000000107e+00 3.222080080371345773e-02
2.129999999999999893e+00 2.920821417543003826e-02
2.140000000000000124e+00 2.660189947716171815e-02
2.149999999999999911e+00 2.438507023300656024e-02
2.160000000000000142e+00 2.252775014685060029e-02
2.169999999999999929e+00 2.099996292258023492e-02
2.180000000000000160e+00 1.977173226408155890e-02
2.189999999999999947e+00 1.881308187524091680e-02
2.200000000000000178e+00 1.809403545994444848e-02
2.209999999999999964e+00 1.758461672207845342e-02
2.220000000000000195e+00 1.725484936552911658e-02
2.229999999999999982e+00 1.707475709418269927e-02
2.240000000000000213e+00 1.701436361192541422e-02
2.250000000000000000e+00 1.704369262264350190e-02
2.260000000000000231e+00 1.713276783022318894e-02
2.270000000000000018e+00 1.725441137122416327e-02
2.280000000000000249e+00 1.739263911289994427e-02
2.290000000000000036e+00 1.753426535517750226e-02
2.300000000000000266e+00 1.766610439798380061e-02
2.310000000000000053e+00 1.777497054124581310e-02
2.319999999999999840e+00 1.784767808489052740e-02
2.330000000000000071e+00 1.787104132884489299e-02
2.339999999999999858e+00 1.783187457303588713e-02
2.350000000000000089e+00 1.771699211739048013e-02
2.359999999999999876e+00 1.751320826183565618e-02
2.370000000000000107e+00 1.720733730629836131e-02
2.379999999999999893e+00 1.678619355070560051e-02
2.390000000000000124e+00 1.623659129498429207e-02
2.399999999999999911e+00 1.555211542233833795e-02
2.410000000000000142e+00 1.475343314907896775e-02
2.419999999999999929e+00 1.386798227479441904e-02
2.430000000000000160e+00 1.292320059907275942e-02
2.439999999999999947e+00 1.194652592150225248e-02
2.450000000000000178e+00 1.096539604167095193e-02
2.459999999999999964e+00 1.000724875916711963e-02
2.470000000000000195e+00 9.099521873578828371e-03
2.479999999999999982e+00 8.269653184494319201e-03
2.490000000000000213e+00 7.545080491501677047e-03
2.500000000000000000e+00 6.953241594189130820e-03
2.510000000000000231e+00 6.521574292144784527e-03
2.520000000000000018e+00 6.277516384956838454e-03
2.530000000000000249e+00 6.238680276828192234e-03
2.540000000000000036e+00 6.383376790420815239e-03
2.550000000000000266e+00 6.680091353011442107e-03
2.560000000000000053e+00 7.097309391876773649e-03
2.569999999999999840e+00 7.603516334293545370e-03
2.580000000000000071e+00 8.167197607538511858e-03
2.589999999999999858e+00 8.756838638888344434e-03
2.600000000000000089e+00 9.340924855619827175e-03
2.609999999999999876e+00 9.887941685009627932e-03
2.620000000000000107e+00 1.036637455433451864e-02
2.629999999999999893e+00 1.074470889087118450e-02
2.640000000000000124e+00 1.099143012189638703e-02
2.649999999999999911e+00 1.107502367468682011e-02
2.660000000000000142e+00 1.097355609548828978e-02
2.669999999999999929e+00 1.070341840642287899e-02
2.680000000000000160e+00 1.029058274858169614e-02
2.689999999999999947e+00 9.761021263055917260e-03
2.700000000000000178e+00 9.140706090936631667e-03
2.709999999999999964e+00 8.455609373315034483e-03
2.720000000000000195e+00 7.731703251282206341e-03
2.729999999999999982e+00 6.994959865929343233e-03
2.740000000000000213e+00 6.271351358347520590e-03
2.750000000000000000e+00 5.586849869627939606e-03
2.760000000000000231e+00 4.967427540861678315e-03
2.770000000000000018e+00 4.439056513139930972e-03
2.780000000000000249e+00 4.027708927553786886e-03
2.790000000000000036e+00 3.752040534622438223e-03
2.800000000000000266e+00 3.601441522577092640e-03
2.810000000000000053e+00 3.557985689077015987e-03
2.819999999999999840e+00 3.603746831781448959e-03
2.830000000000000071e+00 3.720798748349651765e-03
2.839999999999999858e+00 3.891215236440864235e-03
2.850000000000000089e+00 4.097070093714353517e-03
2.859999999999999876e+00 4.320437117829352934e-03
2.870000000000000107e+00 4.543390106445130069e-03
2.879999999999999893e+00 4.748002857220921281e-03
2.890000000000000124e+00 4.916349167815988949e-03
2.899999999999999911e+00 5.030502835889575503e-03
2.910000000000000142e+00 5.072537659100939851e-03
2.919999999999999929e+00 5.030236137531242033e-03
2.930000000000000160e+00 4.914215580949295170e-03
2.939999999999999947e+00 4.740802001545842137e-03
2.950000000000000178e+00 4.526321411511598052e-03
2.959999999999999964e+00 4.287099823037310992e-03
2.970000000000000195e+00 4.039463248313694341e-03
2.979999999999999982e+00 3.799737699531498345e-03
2.990000000000000213e+00 3.584249188881434654e-03
3.000000000000000000e+00 3.409323728554251344e-03
3.010000000000000231e+00 3.291287330740666137e-03
3.020000000000000018e+00 3.246466007631419303e-03
3.030000000000000249e+00 3.291185771417237671e-03
3.040000000000000036e+00 3.441772634288847634e-03
3.050000000000000266e+00 3.708286295038199475e-03
3.060000000000000053e+00 4.075721198862016295e-03
3.070000000000000284e+00 4.522805477558286720e-03
3.080000000000000071e+00 5.028267262924920877e-03
3.089999999999999858e+00 5.570834686759896549e-03
3.100000000000000089e+00 6.129235880861188916e-03
3.109999999999999876e+00 6.682198977026705504e-03
3.120000000000000107e+00 7.208452107054444911e-03
3.129999999999999893e+00 7.686723402742317267e-03
3.140000000000000124e+00 8.095740995888316832e-03
3.149999999999999911e+00 8.414233018290358940e-03
3.160000000000000142e+00 8.620927601746427443e-03
3.169999999999999929e+00 8.694552878054455022e-03
3.180000000000000160e+00 8.620937376674148861e-03
3.189999999999999947e+00 8.414311217712185792e-03
3.200000000000000178e+00 8.096004918936965111e-03
3.209999999999999964e+00 7.687348998116931217e-03
3.220000000000000195e+00 7.209673973020464324e-03
3.229999999999999982e+00 6.684310361416026178e-03
3.240000000000000213e+00 6.132588681071983981e-03
3.250000000000000000e+00 5.575839449756803817e-03
3.260000000000000231e+00 5.035393185238854624e-03
3.270000000000000018e+00 4.532580405286599882e-03
3.280000000000000249e+00 4.088731627668412867e-03
3.290000000000000036e+00 3.725177370152748385e-03
3.300000000000000266e+00 3.463248150507991421e-03
3.310000000000000053e+00 3.317969073392871681e-03
3.320000000000000284e+00 3.279143591027244061e-03
3.330000000000000071e+00 3.330269742521272183e-03
3.339999999999999858e+00 3.454845566985109261e-03
3.350000000000000089e+00 3.636369103528927157e-03
3.359999999999999876e+00 3.858338391262869111e-03
3.370000000000000107e+00 4.104251469297112188e-03
3.379999999999999893e+00 4.357606376741793991e-03
3.390000000000000124e+00 4.601901152707096355e-03
3.399999999999999911e+00 4.820633836303156450e-03
3.410000000000000142e+00 4.997302466640153075e-03
3.419999999999999929e+00 5.115405082828228603e-03
3.430000000000000160e+00 5.158439723977551426e-03
3.439999999999999947e+00 5.114415716319571127e-03
3.450000000000000178e+00 4.989387534570907147e-03
3.459999999999999964e+00 4.793920940569486137e-03
3.470000000000000195e+00 4.538581696153202658e-03
3.479999999999999982e+00 4.233935563159997237e-03
3.490000000000000213e+00 3.890548303427754026e-03
3.500000000000000000e+00 3.518985678794422228e-03
3.510000000000000231e+00 3.129813451097882091e-03
3.520000000000000018e+00 2.733597382176083251e-03
3.530000000000000249e+00 2.340903233866904656e-03
3.540000000000000036e+00 1.962296768008297675e-03
3.550000000000000266e+00 1.608343746438141908e-03
3.560000000000000053e+00 1.289609930994384387e-03
3.570000000000000284e+00 1.014598158163659706e-03
3.580000000000000071e+00 7.835595630276502967e-04
3.589999999999999858e+00 5.946823553167481608e-04
3.600000000000000089e+00 4.461547447613534298e-04
3.609999999999999876e+00 3.361649410918851545e-04
3.620000000000000107e+00 2.629011540387394012e-04
3.629999999999999893e+00 2.245515933323283904e-04
3.640000000000000124e+00 2.193044687030543138e-04
3.649999999999999911e+00 2.453479898813235374e-04
3.660000000000000142e+00 3.008703665975439451e-04
3.669999999999999929e+00 3.840598085821164817e-04
3.680000000000000160e+00 4.931045255654542894e-04
3.689999999999999947e+00 6.261927272779531633e-04
3.700000000000000178e+00 7.809907087485523213e-04
3.709999999999999964e+00 9.530771062002524590e-04
3.720000000000000195e+00 1.137508641154603766e-03
3.729999999999999982e+00 1.329342035133125859e-03
3.740000000000000213e+00 1.523634009657370879e-03
3.750000000000000000e+00 1.715441286248857791e-03
3.760000000000000231e+00 1.899820586429139604e-03
3.770000000000000018e+00 2.071828631719733766e-03
3.780000000000000249e+00 2.226522143642193068e-03
3.790000000000000036e+00 2.358957843718038645e-03
3.800000000000000266e+00 2.464192453468816782e-03
3.810000000000000053e+00 2.537282694416055553e-03
3.820000000000000284e+00 2.573285288081295172e-03
3.830000000000000071e+00 2.568725790719886704e-03
3.839999999999999858e+00 2.526005097522449755e-03
3.850000000000000089e+00 2.448992938413416514e-03
3.859999999999999876e+00 2.341559043317228278e-03
3.870000000000000107e+00 2.207573142158310731e-03
3.879999999999999893e+00 2.050904964861110808e-03
3.890000000000000124e+00 1.875424241350050290e-03
3.899999999999999911e+00 1.685000701549580881e-03
3.910000000000000142e+00 1.483504075384119159e-03
3.919999999999999929e+00 1.274804092778119430e-03
3.930000000000000160e+00 1.062770483655998272e-03
3.939999999999999947e+00 8.512729779422094486e-04
3.950000000000000178e+00 6.441813055611699717e-04
3.959999999999999964e+00 4.468831885093121339e-04
3.970000000000000195e+00 2.708383170709497073e-04
3.979999999999999982e+00 1.290243736024082502e-04
3.990000000000000213e+00 3.441904045998560562e-05
4.000000000000000000e+00 0.000000000000000000e+00
