 0.1000000E-03  0.5114651E+03  0.7200819E+01
 0.1010050E-03  0.5164474E+03  0.7270965E+01
 0.1020201E-03  0.5214783E+03  0.7341794E+01
 0.1030455E-03  0.5265581E+03  0.7413311E+01
 0.1040811E-03  0.5316873E+03  0.7485524E+01
 0.1051271E-03  0.5368665E+03  0.7558440E+01
 0.1061837E-03  0.5420959E+03  0.7632065E+01
 0.1072508E-03  0.5473763E+03  0.7706406E+01
 0.1083287E-03  0.5527081E+03  0.7781471E+01
 0.1094174E-03  0.5580916E+03  0.7857265E+01
 0.1105171E-03  0.5635276E+03  0.7933797E+01
 0.1116278E-03  0.5690164E+03  0.8011073E+01
 0.1127497E-03  0.5745586E+03  0.8089101E+01
 0.1138828E-03  0.5801547E+03  0.8167887E+01
 0.1150274E-03  0.5858052E+03  0.8247439E+01
 0.1161834E-03  0.5915106E+03  0.8327765E+01
 0.1173511E-03  0.5972715E+03  0.8408872E+01
 0.1185305E-03  0.6030885E+03  0.8490768E+01
 0.1197217E-03  0.6089620E+03  0.8573459E+01
 0.1209250E-03  0.6148926E+03  0.8656955E+01
 0.1221403E-03  0.6208809E+03  0.8741263E+01
 0.1233678E-03  0.6269274E+03  0.8826391E+01
 0.1246077E-03  0.6330327E+03  0.8912346E+01
 0.1258600E-03  0.6391973E+03  0.8999136E+01
 0.1271249E-03  0.6454218E+03  0.9086770E+01
 0.1284025E-03  0.6517067E+03  0.9175255E+01
 0.1296930E-03  0.6580528E+03  0.9264600E+01
 0.1309964E-03  0.6644605E+03  0.9354813E+01
 0.1323130E-03  0.6709306E+03  0.9445904E+01
 0.1336427E-03  0.6774635E+03  0.9537879E+01
 0.1349859E-03  0.6840599E+03  0.9630748E+01
 0.1363425E-03  0.6907203E+03  0.9724519E+01
 0.1377128E-03  0.6974454E+03  0.9819200E+01
 0.1390968E-03  0.7042358E+03  0.9914801E+01
 0.1404948E-03  0.7110922E+03  0.1001133E+02
 0.1419067E-03  0.7180153E+03  0.1010880E+02
 0.1433329E-03  0.7250056E+03  0.1020721E+02
 0.1447735E-03  0.7320637E+03  0.1030659E+02
 0.1462285E-03  0.7391904E+03  0.1040692E+02
 0.1476981E-03  0.7463864E+03  0.1050823E+02
 0.1491825E-03  0.7536521E+03  0.1061052E+02
 0.1506818E-03  0.7609884E+03  0.1071381E+02
 0.1521962E-03  0.7683959E+03  0.1081810E+02
 0.1537257E-03  0.7758753E+03  0.1092340E+02
 0.1552707E-03  0.7834274E+03  0.1102972E+02
 0.1568312E-03  0.7910527E+03  0.1113708E+02
 0.1584074E-03  0.7987521E+03  0.1124548E+02
 0.1599994E-03  0.8065261E+03  0.1135493E+02
 0.1616074E-03  0.8143757E+03  0.1146544E+02
 0.1632316E-03  0.8223013E+03  0.1157702E+02
 0.1648721E-03  0.8303038E+03  0.1168969E+02
 0.1665291E-03  0.8383840E+03  0.1180345E+02
 0.1682028E-03  0.8465425E+03  0.1191831E+02
 0.1698932E-03  0.8547801E+03  0.1203429E+02
 0.1716007E-03  0.8630976E+03  0.1215139E+02
 0.1733253E-03  0.8714957E+03  0.1226962E+02
 0.1750672E-03  0.8799753E+03  0.1238900E+02
 0.1768267E-03  0.8885370E+03  0.1250954E+02
 0.1786038E-03  0.8971818E+03  0.1263125E+02
 0.1803988E-03  0.9059104E+03  0.1275414E+02
 0.1822119E-03  0.9147236E+03  0.1287822E+02
 0.1840431E-03  0.9236221E+03  0.1300350E+02
 0.1858928E-03  0.9326069E+03  0.1312999E+02
 0.1877610E-03  0.9416788E+03  0.1325772E+02
 0.1896481E-03  0.9508386E+03  0.1338667E+02
 0.1915541E-03  0.9600871E+03  0.1351688E+02
 0.1934792E-03  0.9694251E+03  0.1364835E+02
 0.1954237E-03  0.9788535E+03  0.1378109E+02
 0.1973878E-03  0.9883732E+03  0.1391512E+02
 0.1993715E-03  0.9979850E+03  0.1405044E+02
 0.2013753E-03  0.1007690E+04  0.1418707E+02
 0.2033991E-03  0.1017489E+04  0.1432503E+02
 0.2054433E-03  0.1027382E+04  0.1446432E+02
 0.2075081E-03  0.1037372E+04  0.1460496E+02
 0.2095935E-03  0.1047458E+04  0.1474696E+02
 0.2117000E-03  0.1057641E+04  0.1489033E+02
 0.2138276E-03  0.1067923E+04  0.1503509E+02
 0.2159766E-03  0.1078305E+04  0.1518125E+02
 0.2181472E-03  0.1088786E+04  0.1532882E+02
 0.2203396E-03  0.1099370E+04  0.1547782E+02
 0.2225541E-03  0.1110055E+04  0.1562825E+02
 0.2247908E-03  0.1120844E+04  0.1578015E+02
 0.2270500E-03  0.1131737E+04  0.1593351E+02
 0.2293319E-03  0.1142735E+04  0.1608835E+02
 0.2316367E-03  0.1153840E+04  0.1624469E+02
 0.2339647E-03  0.1165051E+04  0.1640253E+02
 0.2363161E-03  0.1176371E+04  0.1656190E+02
 0.2386911E-03  0.1187800E+04  0.1672281E+02
 0.2410900E-03  0.1199340E+04  0.1688527E+02
 0.2435130E-03  0.1210991E+04  0.1704931E+02
 0.2459603E-03  0.1222754E+04  0.1721492E+02
 0.2484322E-03  0.1234631E+04  0.1738213E+02
 0.2509290E-03  0.1246622E+04  0.1755095E+02
 0.2534509E-03  0.1258729E+04  0.1772140E+02
 0.2559981E-03  0.1270952E+04  0.1789349E+02
 0.2585709E-03  0.1283294E+04  0.1806725E+02
 0.2611697E-03  0.1295754E+04  0.1824267E+02
 0.2637944E-03  0.1308334E+04  0.1841979E+02
 0.2664456E-03  0.1321036E+04  0.1859861E+02
 0.2691234E-03  0.1333860E+04  0.1877916E+02
 0.2718282E-03  0.1346807E+04  0.1896144E+02
 0.2745601E-03  0.1359879E+04  0.1914548E+02
 0.2773195E-03  0.1373077E+04  0.1933129E+02
 0.2801066E-03  0.1386401E+04  0.1951888E+02
 0.2829217E-03  0.1399854E+04  0.1970828E+02
 0.2857651E-03  0.1413437E+04  0.1989950E+02
 0.2886371E-03  0.1427149E+04  0.2009256E+02
 0.2915379E-03  0.1440994E+04  0.2028748E+02
 0.2944679E-03  0.1454971E+04  0.2048426E+02
 0.2974274E-03  0.1469083E+04  0.2068294E+02
 0.3004166E-03  0.1483331E+04  0.2088353E+02
 0.3034358E-03  0.1497715E+04  0.2108604E+02
 0.3064854E-03  0.1512237E+04  0.2129050E+02
 0.3095656E-03  0.1526899E+04  0.2149691E+02
 0.3126768E-03  0.1541701E+04  0.2170531E+02
 0.3158193E-03  0.1556645E+04  0.2191571E+02
 0.3189933E-03  0.1571733E+04  0.2212812E+02
 0.3221993E-03  0.1586965E+04  0.2234257E+02
 0.3254374E-03  0.1602342E+04  0.2255907E+02
 0.3287081E-03  0.1617867E+04  0.2277765E+02
 0.3320117E-03  0.1633541E+04  0.2299831E+02
 0.3353484E-03  0.1649365E+04  0.2322110E+02
 0.3387188E-03  0.1665340E+04  0.2344601E+02
 0.3421229E-03  0.1681469E+04  0.2367308E+02
 0.3455614E-03  0.1697751E+04  0.2390232E+02
 0.3490343E-03  0.1714189E+04  0.2413374E+02
 0.3525421E-03  0.1730784E+04  0.2436738E+02
 0.3560852E-03  0.1747538E+04  0.2460325E+02
 0.3596639E-03  0.1764451E+04  0.2484137E+02
 0.3632786E-03  0.1781526E+04  0.2508177E+02
 0.3669296E-03  0.1798764E+04  0.2532445E+02
 0.3706173E-03  0.1816166E+04  0.2556945E+02
 0.3743421E-03  0.1833734E+04  0.2581679E+02
 0.3781043E-03  0.1851470E+04  0.2606649E+02
 0.3819043E-03  0.1869374E+04  0.2631856E+02
 0.3857425E-03  0.1887449E+04  0.2657304E+02
 0.3896193E-03  0.1905696E+04  0.2682993E+02
 0.3935351E-03  0.1924117E+04  0.2708927E+02
 0.3974902E-03  0.1942713E+04  0.2735108E+02
 0.4014850E-03  0.1961485E+04  0.2761537E+02
 0.4055200E-03  0.1980436E+04  0.2788218E+02
 0.4095955E-03  0.1999567E+04  0.2815152E+02
 0.4137120E-03  0.2018879E+04  0.2842342E+02
 0.4178699E-03  0.2038375E+04  0.2869789E+02
 0.4220695E-03  0.2058055E+04  0.2897497E+02
 0.4263114E-03  0.2077923E+04  0.2925468E+02
 0.4305959E-03  0.2097978E+04  0.2953703E+02
 0.4349235E-03  0.2118223E+04  0.2982206E+02
 0.4392946E-03  0.2138660E+04  0.3010979E+02
 0.4437095E-03  0.2159291E+04  0.3040024E+02
 0.4481689E-03  0.2180116E+04  0.3069344E+02
 0.4526730E-03  0.2201138E+04  0.3098940E+02
 0.4572225E-03  0.2222359E+04  0.3128817E+02
 0.4618176E-03  0.2243780E+04  0.3158975E+02
 0.4664590E-03  0.2265403E+04  0.3189418E+02
 0.4711470E-03  0.2287231E+04  0.3220148E+02
 0.4758821E-03  0.2309264E+04  0.3251168E+02
 0.4806648E-03  0.2331504E+04  0.3282480E+02
 0.4854955E-03  0.2353954E+04  0.3314087E+02
 0.4903749E-03  0.2376615E+04  0.3345991E+02
 0.4953032E-03  0.2399489E+04  0.3378195E+02
 0.5002811E-03  0.2422578E+04  0.3410701E+02
 0.5053090E-03  0.2445884E+04  0.3443513E+02
 0.5103875E-03  0.2469409E+04  0.3476633E+02
 0.5155170E-03  0.2493154E+04  0.3510064E+02
 0.5206980E-03  0.2517122E+04  0.3543808E+02
 0.5259311E-03  0.2541314E+04  0.3577868E+02
 0.5312167E-03  0.2565733E+04  0.3612247E+02
 0.5365555E-03  0.2590381E+04  0.3646948E+02
 0.5419480E-03  0.2615259E+04  0.3681974E+02
 0.5473947E-03  0.2640370E+04  0.3717326E+02
 0.5528961E-03  0.2665715E+04  0.3753009E+02
 0.5584528E-03  0.2691296E+04  0.3789024E+02
 0.5640654E-03  0.2717115E+04  0.3825375E+02
 0.5697343E-03  0.2743176E+04  0.3862065E+02
 0.5754603E-03  0.2769479E+04  0.3899097E+02
 0.5812437E-03  0.2796027E+04  0.3936473E+02
 0.5870853E-03  0.2822821E+04  0.3974196E+02
 0.5929856E-03  0.2849865E+04  0.4012270E+02
 0.5989452E-03  0.2877159E+04  0.4050697E+02
 0.6049647E-03  0.2904707E+04  0.4089481E+02
 0.6110447E-03  0.2932510E+04  0.4128624E+02
 0.6171858E-03  0.2960570E+04  0.4168130E+02
 0.6233886E-03  0.2988890E+04  0.4208002E+02
 0.6296537E-03  0.3017472E+04  0.4248242E+02
 0.6359819E-03  0.3046318E+04  0.4288853E+02
 0.6423737E-03  0.3075431E+04  0.4329840E+02
 0.6488296E-03  0.3104812E+04  0.4371205E+02
 0.6553504E-03  0.3134463E+04  0.4412951E+02
 0.6619368E-03  0.3164388E+04  0.4455081E+02
 0.6685894E-03  0.3194588E+04  0.4497599E+02
 0.6753088E-03  0.3225065E+04  0.4540508E+02
 0.6820958E-03  0.3255823E+04  0.4583810E+02
 0.6889509E-03  0.3286862E+04  0.4627510E+02
 0.6958750E-03  0.3318185E+04  0.4671610E+02
 0.7028687E-03  0.3349796E+04  0.4716114E+02
 0.7099326E-03  0.3381696E+04  0.4761025E+02
 0.7170676E-03  0.3413887E+04  0.4806347E+02
 0.7242742E-03  0.3446373E+04  0.4852083E+02
 0.7315534E-03  0.3479155E+04  0.4898236E+02
 0.7389056E-03  0.3512236E+04  0.4944809E+02
 0.7463317E-03  0.3545617E+04  0.4991807E+02
 0.7538325E-03  0.3579303E+04  0.5039232E+02
 0.7614086E-03  0.3613294E+04  0.5087088E+02
 0.7690609E-03  0.3647594E+04  0.5135378E+02
 0.7767901E-03  0.3682204E+04  0.5184105E+02
 0.7845969E-03  0.3717128E+04  0.5233274E+02
 0.7924823E-03  0.3752368E+04  0.5282888E+02
 0.8004468E-03  0.3787927E+04  0.5332950E+02
 0.8084914E-03  0.3823806E+04  0.5383464E+02
 0.8166169E-03  0.3860009E+04  0.5434433E+02
 0.8248240E-03  0.3896538E+04  0.5485862E+02
 0.8331137E-03  0.3933396E+04  0.5537752E+02
 0.8414865E-03  0.3970584E+04  0.5590109E+02
 0.8499436E-03  0.4008106E+04  0.5642936E+02
 0.8584857E-03  0.4045965E+04  0.5696236E+02
 0.8671136E-03  0.4084162E+04  0.5750013E+02
 0.8758283E-03  0.4122701E+04  0.5804272E+02
 0.8846307E-03  0.4161584E+04  0.5859015E+02
 0.8935214E-03  0.4200813E+04  0.5914245E+02
 0.9025013E-03  0.4240393E+04  0.5969968E+02
 0.9115717E-03  0.4280324E+04  0.6026186E+02
 0.9207330E-03  0.4320609E+04  0.6082903E+02
 0.9299867E-03  0.4361252E+04  0.6140123E+02
 0.9393331E-03  0.4402255E+04  0.6197851E+02
 0.9487735E-03  0.4443621E+04  0.6256089E+02
 0.9583089E-03  0.4485352E+04  0.6314841E+02
 0.9679400E-03  0.4527451E+04  0.6374111E+02
 0.9776680E-03  0.4569920E+04  0.6433903E+02
 0.9874937E-03  0.4612763E+04  0.6494221E+02
 0.9974182E-03  0.4655982E+04  0.6555069E+02
 0.1007442E-02  0.4699580E+04  0.6616449E+02
 0.1017567E-02  0.4743560E+04  0.6678368E+02
 0.1027794E-02  0.4787924E+04  0.6740827E+02
 0.1038124E-02  0.4832675E+04  0.6803831E+02
 0.1048557E-02  0.4877816E+04  0.6867385E+02
 0.1059095E-02  0.4923350E+04  0.6931491E+02
 0.1069739E-02  0.4969279E+04  0.6996153E+02
 0.1080490E-02  0.5015606E+04  0.7061376E+02
 0.1091349E-02  0.5062333E+04  0.7127163E+02
 0.1102317E-02  0.5109465E+04  0.7193518E+02
 0.1113396E-02  0.5157003E+04  0.7260446E+02
 0.1124586E-02  0.5204950E+04  0.7327949E+02
 0.1135888E-02  0.5253308E+04  0.7396032E+02
 0.1147304E-02  0.5302082E+04  0.7464699E+02
 0.1158835E-02  0.5351272E+04  0.7533954E+02
 0.1170481E-02  0.5400883E+04  0.7603800E+02
 0.1182245E-02  0.5450917E+04  0.7674243E+02
 0.1194126E-02  0.5501377E+04  0.7745284E+02
 0.1206128E-02  0.5552265E+04  0.7816928E+02
 0.1218249E-02  0.5603584E+04  0.7889180E+02
 0.1230493E-02  0.5655338E+04  0.7962042E+02
 0.1242860E-02  0.5707528E+04  0.8035520E+02
 0.1255351E-02  0.5760158E+04  0.8109617E+02
 0.1267967E-02  0.5813230E+04  0.8184335E+02
 0.1280710E-02  0.5866747E+04  0.8259681E+02
 0.1293582E-02  0.5920711E+04  0.8335657E+02
 0.1306582E-02  0.5975127E+04  0.8412267E+02
 0.1319714E-02  0.6029995E+04  0.8489515E+02
 0.1332977E-02  0.6085320E+04  0.8567406E+02
 0.1346374E-02  0.6141104E+04  0.8645942E+02
 0.1359905E-02  0.6197348E+04  0.8725128E+02
 0.1373572E-02  0.6254058E+04  0.8804968E+02
 0.1387377E-02  0.6311233E+04  0.8885465E+02
 0.1401320E-02  0.6368878E+04  0.8966622E+02
 0.1415404E-02  0.6426995E+04  0.9048444E+02
 0.1429629E-02  0.6485587E+04  0.9130934E+02
 0.1443997E-02  0.6544656E+04  0.9214097E+02
 0.1458509E-02  0.6604206E+04  0.9297935E+02
 0.1473168E-02  0.6664238E+04  0.9382453E+02
 0.1487973E-02  0.6724755E+04  0.9467654E+02
 0.1502928E-02  0.6785760E+04  0.9553542E+02
 0.1518032E-02  0.6847256E+04  0.9640121E+02
 0.1533289E-02  0.6909244E+04  0.9727393E+02
 0.1548699E-02  0.6971728E+04  0.9815362E+02
 0.1564263E-02  0.7034709E+04  0.9904032E+02
 0.1579984E-02  0.7098191E+04  0.9993408E+02
 0.1595863E-02  0.7162177E+04  0.1008349E+03
 0.1611902E-02  0.7226669E+04  0.1017429E+03
 0.1628102E-02  0.7291668E+04  0.1026580E+03
 0.1644465E-02  0.7357177E+04  0.1035803E+03
 0.1660992E-02  0.7423199E+04  0.1045098E+03
 0.1677685E-02  0.7489735E+04  0.1054466E+03
 0.1694546E-02  0.7556789E+04  0.1063906E+03
 0.1711576E-02  0.7624363E+04  0.1073419E+03
 0.1728778E-02  0.7692458E+04  0.1083006E+03
 0.1746152E-02  0.7761077E+04  0.1092667E+03
 0.1763702E-02  0.7830223E+04  0.1102402E+03
 0.1781427E-02  0.7899897E+04  0.1112211E+03
 0.1799331E-02  0.7970102E+04  0.1122095E+03
 0.1817414E-02  0.8040839E+04  0.1132054E+03
 0.1835680E-02  0.8112110E+04  0.1142089E+03
 0.1854128E-02  0.8183919E+04  0.1152198E+03
 0.1872763E-02  0.8256267E+04  0.1162384E+03
 0.1891584E-02  0.8329154E+04  0.1172646E+03
 0.1910595E-02  0.8402585E+04  0.1182984E+03
 0.1929797E-02  0.8476560E+04  0.1193399E+03
 0.1949192E-02  0.8551080E+04  0.1203890E+03
 0.1968782E-02  0.8626148E+04  0.1214459E+03
 0.1988568E-02  0.8701767E+04  0.1225105E+03
 0.2008554E-02  0.8777936E+04  0.1235829E+03
 0.2028740E-02  0.8854658E+04  0.1246630E+03
 0.2049129E-02  0.8931936E+04  0.1257510E+03
 0.2069723E-02  0.9009769E+04  0.1268468E+03
 0.2090524E-02  0.9088159E+04  0.1279505E+03
 0.2111534E-02  0.9167109E+04  0.1290620E+03
 0.2132756E-02  0.9246619E+04  0.1301814E+03
 0.2154190E-02  0.9326690E+04  0.1313087E+03
 0.2175840E-02  0.9407324E+04  0.1324439E+03
 0.2197708E-02  0.9488521E+04  0.1335871E+03
 0.2219795E-02  0.9570285E+04  0.1347382E+03
 0.2242104E-02  0.9652614E+04  0.1358973E+03
 0.2264638E-02  0.9735511E+04  0.1370644E+03
 0.2287398E-02  0.9818976E+04  0.1382395E+03
 0.2310386E-02  0.9903010E+04  0.1394226E+03
 0.2333606E-02  0.9987614E+04  0.1406137E+03
 0.2357059E-02  0.1007279E+05  0.1418129E+03
 0.2380748E-02  0.1015853E+05  0.1430200E+03
 0.2404675E-02  0.1024485E+05  0.1442353E+03
 0.2428842E-02  0.1033174E+05  0.1454585E+03
 0.2453252E-02  0.1041920E+05  0.1466899E+03
 0.2477909E-02  0.1050723E+05  0.1479292E+03
 0.2502812E-02  0.1059583E+05  0.1491767E+03
 0.2527966E-02  0.1068501E+05  0.1504323E+03
 0.2553372E-02  0.1077477E+05  0.1516959E+03
 0.2579034E-02  0.1086509E+05  0.1529676E+03
 0.2604954E-02  0.1095599E+05  0.1542473E+03
 0.2631134E-02  0.1104746E+05  0.1555351E+03
 0.2657577E-02  0.1113951E+05  0.1568310E+03
 0.2684286E-02  0.1123213E+05  0.1581350E+03
 0.2711264E-02  0.1132531E+05  0.1594469E+03
 0.2738512E-02  0.1141907E+05  0.1607670E+03
 0.2766035E-02  0.1151340E+05  0.1620950E+03
 0.2793834E-02  0.1160830E+05  0.1634311E+03
 0.2821912E-02  0.1170377E+05  0.1647752E+03
 0.2850273E-02  0.1179981E+05  0.1661272E+03
 0.2878919E-02  0.1189641E+05  0.1674873E+03
 0.2907852E-02  0.1199358E+05  0.1688553E+03
 0.2937077E-02  0.1209131E+05  0.1702312E+03
 0.2966595E-02  0.1218960E+05  0.1716151E+03
 0.2996410E-02  0.1228846E+05  0.1730069E+03
 0.3026524E-02  0.1238787E+05  0.1744065E+03
 0.3056941E-02  0.1248784E+05  0.1758140E+03
 0.3087664E-02  0.1258837E+05  0.1772292E+03
 0.3118695E-02  0.1268945E+05  0.1786523E+03
 0.3150039E-02  0.1279108E+05  0.1800832E+03
 0.3181698E-02  0.1289326E+05  0.1815218E+03
 0.3213674E-02  0.1299599E+05  0.1829680E+03
 0.3245972E-02  0.1309926E+05  0.1844219E+03
 0.3278595E-02  0.1320307E+05  0.1858835E+03
 0.3311545E-02  0.1330742E+05  0.1873526E+03
 0.3344827E-02  0.1341230E+05  0.1888292E+03
 0.3378443E-02  0.1351772E+05  0.1903133E+03
 0.3412397E-02  0.1362366E+05  0.1918049E+03
 0.3446692E-02  0.1373013E+05  0.1933038E+03
 0.3481332E-02  0.1383712E+05  0.1948101E+03
 0.3516320E-02  0.1394462E+05  0.1963236E+03
 0.3551659E-02  0.1405264E+05  0.1978444E+03
 0.3587354E-02  0.1416117E+05  0.1993723E+03
 0.3623407E-02  0.1427020E+05  0.2009074E+03
 0.3659823E-02  0.1437973E+05  0.2024495E+03
 0.3696605E-02  0.1448976E+05  0.2039985E+03
 0.3733756E-02  0.1460027E+05  0.2055545E+03
 0.3771281E-02  0.1471128E+05  0.2071173E+03
 0.3809183E-02  0.1482276E+05  0.2086868E+03
 0.3847466E-02  0.1493472E+05  0.2102631E+03
 0.3886133E-02  0.1504715E+05  0.2118460E+03
 0.3925190E-02  0.1516004E+05  0.2134353E+03
 0.3964639E-02  0.1527339E+05  0.2150312E+03
 0.4004484E-02  0.1538719E+05  0.2166333E+03
 0.4044729E-02  0.1550144E+05  0.2182418E+03
 0.4085380E-02  0.1561612E+05  0.2198564E+03
 0.4126439E-02  0.1573124E+05  0.2214771E+03
 0.4167911E-02  0.1584678E+05  0.2231038E+03
 0.4209799E-02  0.1596274E+05  0.2247364E+03
 0.4252108E-02  0.1607911E+05  0.2263747E+03
 0.4294842E-02  0.1619588E+05  0.2280188E+03
 0.4338006E-02  0.1631305E+05  0.2296683E+03
 0.4381604E-02  0.1643061E+05  0.2313234E+03
 0.4425640E-02  0.1654854E+05  0.2329838E+03
 0.4470118E-02  0.1666685E+05  0.2346494E+03
 0.4515043E-02  0.1678552E+05  0.2363201E+03
 0.4560420E-02  0.1690454E+05  0.2379957E+03
 0.4606253E-02  0.1702390E+05  0.2396762E+03
 0.4652547E-02  0.1714360E+05  0.2413615E+03
 0.4699306E-02  0.1726363E+05  0.2430513E+03
 0.4746534E-02  0.1738397E+05  0.2447455E+03
 0.4794238E-02  0.1750461E+05  0.2464441E+03
 0.4842421E-02  0.1762555E+05  0.2481468E+03
 0.4891088E-02  0.1774678E+05  0.2498535E+03
 0.4940244E-02  0.1786828E+05  0.2515640E+03
 0.4989895E-02  0.1799004E+05  0.2532783E+03
 0.5040043E-02  0.1811205E+05  0.2549961E+03
 0.5090697E-02  0.1823430E+05  0.2567173E+03
 0.5141859E-02  0.1835679E+05  0.2584417E+03
 0.5193536E-02  0.1847948E+05  0.2601691E+03
 0.5245732E-02  0.1860238E+05  0.2618994E+03
 0.5298453E-02  0.1872547E+05  0.2636323E+03
 0.5351704E-02  0.1884874E+05  0.2653678E+03
 0.5405489E-02  0.1897217E+05  0.2671056E+03
 0.5459815E-02  0.1909576E+05  0.2688455E+03
 0.5514686E-02  0.1921948E+05  0.2705873E+03
 0.5570110E-02  0.1934332E+05  0.2723309E+03
 0.5626089E-02  0.1946728E+05  0.2740761E+03
 0.5682634E-02  0.1959132E+05  0.2758225E+03
 0.5739744E-02  0.1971545E+05  0.2775701E+03
 0.5797431E-02  0.1983964E+05  0.2793185E+03
 0.5855694E-02  0.1996388E+05  0.2810676E+03
 0.5914547E-02  0.2008815E+05  0.2828172E+03
 0.5973987E-02  0.2021244E+05  0.2845670E+03
 0.6034028E-02  0.2033672E+05  0.2863169E+03
 0.6094672E-02  0.2046100E+05  0.2880665E+03
 0.6155923E-02  0.2058524E+05  0.2898156E+03
 0.6217793E-02  0.2070942E+05  0.2915640E+03
 0.6280281E-02  0.2083354E+05  0.2933114E+03
 0.6343401E-02  0.2095757E+05  0.2950576E+03
 0.6407151E-02  0.2108150E+05  0.2968024E+03
 0.6471545E-02  0.2120529E+05  0.2985453E+03
 0.6536584E-02  0.2132895E+05  0.3002863E+03
 0.6602279E-02  0.2145245E+05  0.3020249E+03
 0.6668631E-02  0.2157576E+05  0.3037610E+03
 0.6735654E-02  0.2169887E+05  0.3054943E+03
 0.6803347E-02  0.2182176E+05  0.3072244E+03
 0.6871723E-02  0.2194441E+05  0.3089512E+03
 0.6940783E-02  0.2206679E+05  0.3106742E+03
 0.7010541E-02  0.2218889E+05  0.3123931E+03
 0.7080996E-02  0.2231068E+05  0.3141078E+03
 0.7152163E-02  0.2243214E+05  0.3158178E+03
 0.7224042E-02  0.2255325E+05  0.3175228E+03
 0.7296646E-02  0.2267398E+05  0.3192226E+03
 0.7369977E-02  0.2279431E+05  0.3209168E+03
 0.7444048E-02  0.2291423E+05  0.3226050E+03
 0.7518861E-02  0.2303369E+05  0.3242870E+03
 0.7594428E-02  0.2315269E+05  0.3259623E+03
 0.7670751E-02  0.2327120E+05  0.3276307E+03
 0.7747845E-02  0.2338918E+05  0.3292918E+03
 0.7825714E-02  0.2350662E+05  0.3309452E+03
 0.7904362E-02  0.2362349E+05  0.3325906E+03
 0.7983804E-02  0.2373976E+05  0.3342275E+03
 0.8064041E-02  0.2385541E+05  0.3358557E+03
 0.8145087E-02  0.2397040E+05  0.3374747E+03
 0.8226944E-02  0.2408473E+05  0.3390843E+03
 0.8309629E-02  0.2419834E+05  0.3406839E+03
 0.8393141E-02  0.2431123E+05  0.3422731E+03
 0.8477495E-02  0.2442335E+05  0.3438517E+03
 0.8562692E-02  0.2453468E+05  0.3454191E+03
 0.8648751E-02  0.2464520E+05  0.3469750E+03
 0.8735671E-02  0.2475487E+05  0.3485190E+03
 0.8823467E-02  0.2486366E+05  0.3500507E+03
 0.8912142E-02  0.2497154E+05  0.3515695E+03
 0.9001712E-02  0.2507848E+05  0.3530751E+03
 0.9092180E-02  0.2518445E+05  0.3545671E+03
 0.9183560E-02  0.2528942E+05  0.3560449E+03
 0.9275854E-02  0.2539336E+05  0.3575083E+03
 0.9369079E-02  0.2549623E+05  0.3589566E+03
 0.9463238E-02  0.2559801E+05  0.3603895E+03
 0.9558347E-02  0.2569866E+05  0.3618065E+03
 0.9654408E-02  0.2579814E+05  0.3632071E+03
 0.9751439E-02  0.2589643E+05  0.3645909E+03
 0.9849439E-02  0.2599349E+05  0.3659574E+03
 0.9948431E-02  0.2608928E+05  0.3673060E+03
 0.1004842E-01  0.2618378E+05  0.3686364E+03
 0.1014940E-01  0.2627694E+05  0.3699480E+03
 0.1025141E-01  0.2636874E+05  0.3712404E+03
 0.1035443E-01  0.2645913E+05  0.3725130E+03
 0.1045850E-01  0.2654808E+05  0.3737653E+03
 0.1056361E-01  0.2663556E+05  0.3749969E+03
 0.1066978E-01  0.2672152E+05  0.3762072E+03
 0.1077701E-01  0.2680593E+05  0.3773956E+03
 0.1088532E-01  0.2688876E+05  0.3785617E+03
 0.1099471E-01  0.2696997E+05  0.3797051E+03
 0.1110522E-01  0.2704952E+05  0.3808250E+03
 0.1121682E-01  0.2712737E+05  0.3819211E+03
 0.1132956E-01  0.2720349E+05  0.3829927E+03
 0.1144342E-01  0.2727783E+05  0.3840393E+03
 0.1155843E-01  0.2735035E+05  0.3850604E+03
 0.1167459E-01  0.2742103E+05  0.3860555E+03
 0.1179192E-01  0.2748982E+05  0.3870240E+03
 0.1191043E-01  0.2755669E+05  0.3879654E+03
 0.1203014E-01  0.2762159E+05  0.3888790E+03
 0.1215104E-01  0.2768448E+05  0.3897645E+03
 0.1227316E-01  0.2774532E+05  0.3906210E+03
 0.1239651E-01  0.2780408E+05  0.3914483E+03
 0.1252109E-01  0.2786071E+05  0.3922456E+03
 0.1264693E-01  0.2791518E+05  0.3930125E+03
 0.1277404E-01  0.2796745E+05  0.3937483E+03
 0.1290242E-01  0.2801747E+05  0.3944526E+03
 0.1303209E-01  0.2806521E+05  0.3951247E+03
 0.1316307E-01  0.2811063E+05  0.3957642E+03
 0.1329536E-01  0.2815369E+05  0.3963704E+03
 0.1342898E-01  0.2819434E+05  0.3969427E+03
 0.1356394E-01  0.2823255E+05  0.3974807E+03
 0.1370026E-01  0.2826828E+05  0.3979838E+03
 0.1383795E-01  0.2830150E+05  0.3984514E+03
 0.1397703E-01  0.2833216E+05  0.3988830E+03
 0.1411749E-01  0.2836022E+05  0.3992781E+03
 0.1425938E-01  0.2838564E+05  0.3996361E+03
 0.1440268E-01  0.2840840E+05  0.3999564E+03
 0.1454744E-01  0.2842844E+05  0.4002386E+03
 0.1469364E-01  0.2844573E+05  0.4004820E+03
 0.1484132E-01  0.2846024E+05  0.4006863E+03
 0.1499047E-01  0.2847193E+05  0.4008508E+03
 0.1514113E-01  0.2848075E+05  0.4009751E+03
 0.1529330E-01  0.2848669E+05  0.4010586E+03
 0.1544700E-01  0.2848969E+05  0.4011010E+03
 0.1560224E-01  0.2848974E+05  0.4011016E+03
 0.1575905E-01  0.2848678E+05  0.4010600E+03
 0.1591743E-01  0.2848080E+05  0.4009758E+03
 0.1607740E-01  0.2847176E+05  0.4008485E+03
 0.1623898E-01  0.2845962E+05  0.4006776E+03
 0.1640219E-01  0.2844437E+05  0.4004628E+03
 0.1656703E-01  0.2842596E+05  0.4002036E+03
 0.1673353E-01  0.2840437E+05  0.3998997E+03
 0.1690171E-01  0.2837957E+05  0.3995505E+03
 0.1707157E-01  0.2835153E+05  0.3991558E+03
 0.1724315E-01  0.2832024E+05  0.3987152E+03
 0.1741644E-01  0.2828566E+05  0.3982284E+03
 0.1759149E-01  0.2824777E+05  0.3976950E+03
 0.1776828E-01  0.2820655E+05  0.3971147E+03
 0.1794686E-01  0.2816199E+05  0.3964872E+03
 0.1812722E-01  0.2811405E+05  0.3958124E+03
 0.1830941E-01  0.2806274E+05  0.3950899E+03
 0.1849341E-01  0.2800802E+05  0.3943196E+03
 0.1867928E-01  0.2794989E+05  0.3935011E+03
 0.1886700E-01  0.2788833E+05  0.3926345E+03
 0.1905663E-01  0.2782334E+05  0.3917195E+03
 0.1924814E-01  0.2775490E+05  0.3907560E+03
 0.1944160E-01  0.2768302E+05  0.3897439E+03
 0.1963698E-01  0.2760768E+05  0.3886832E+03
 0.1983434E-01  0.2752888E+05  0.3875738E+03
 0.2003367E-01  0.2744662E+05  0.3864157E+03
 0.2023502E-01  0.2736090E+05  0.3852089E+03
 0.2043838E-01  0.2727174E+05  0.3839536E+03
 0.2064379E-01  0.2717913E+05  0.3826497E+03
 0.2085126E-01  0.2708308E+05  0.3812975E+03
 0.2106083E-01  0.2698361E+05  0.3798971E+03
 0.2127249E-01  0.2688073E+05  0.3784486E+03
 0.2148628E-01  0.2677446E+05  0.3769525E+03
 0.2170223E-01  0.2666481E+05  0.3754088E+03
 0.2192033E-01  0.2655182E+05  0.3738180E+03
 0.2214064E-01  0.2643549E+05  0.3721803E+03
 0.2236315E-01  0.2631588E+05  0.3704962E+03
 0.2258791E-01  0.2619299E+05  0.3687661E+03
 0.2281492E-01  0.2606687E+05  0.3669904E+03
 0.2304422E-01  0.2593754E+05  0.3651697E+03
 0.2327581E-01  0.2580507E+05  0.3633047E+03
 0.2350974E-01  0.2566948E+05  0.3613957E+03
 0.2374601E-01  0.2553082E+05  0.3594436E+03
 0.2398467E-01  0.2538915E+05  0.3574490E+03
 0.2422572E-01  0.2524451E+05  0.3554126E+03
 0.2446919E-01  0.2509696E+05  0.3533353E+03
 0.2471511E-01  0.2494656E+05  0.3512179E+03
 0.2496350E-01  0.2479338E+05  0.3490612E+03
 0.2521438E-01  0.2463747E+05  0.3468663E+03
 0.2546780E-01  0.2447891E+05  0.3446339E+03
 0.2572375E-01  0.2431777E+05  0.3423652E+03
 0.2598228E-01  0.2415413E+05  0.3400613E+03
 0.2624340E-01  0.2398806E+05  0.3377233E+03
 0.2650716E-01  0.2381965E+05  0.3353523E+03
 0.2677355E-01  0.2364899E+05  0.3329496E+03
 0.2704264E-01  0.2347615E+05  0.3305162E+03
 0.2731441E-01  0.2330124E+05  0.3280537E+03
 0.2758893E-01  0.2312435E+05  0.3255633E+03
 0.2786620E-01  0.2294557E+05  0.3230463E+03
 0.2814627E-01  0.2276501E+05  0.3205043E+03
 0.2842915E-01  0.2258278E+05  0.3179386E+03
 0.2871486E-01  0.2239897E+05  0.3153509E+03
 0.2900345E-01  0.2221371E+05  0.3127425E+03
 0.2929494E-01  0.2202709E+05  0.3101152E+03
 0.2958936E-01  0.2183924E+05  0.3074705E+03
 0.2988673E-01  0.2165027E+05  0.3048100E+03
 0.3018711E-01  0.2146030E+05  0.3021355E+03
 0.3049048E-01  0.2126946E+05  0.2994487E+03
 0.3079693E-01  0.2107787E+05  0.2967513E+03
 0.3110643E-01  0.2088564E+05  0.2940450E+03
 0.3141906E-01  0.2069292E+05  0.2913317E+03
 0.3173482E-01  0.2049983E+05  0.2886131E+03
 0.3205377E-01  0.2030648E+05  0.2858911E+03
 0.3237591E-01  0.2011303E+05  0.2831675E+03
 0.3270130E-01  0.1991960E+05  0.2804442E+03
 0.3302995E-01  0.1972632E+05  0.2777230E+03
 0.3336191E-01  0.1953332E+05  0.2750058E+03
 0.3369720E-01  0.1934073E+05  0.2722945E+03
 0.3403587E-01  0.1914870E+05  0.2695909E+03
 0.3437792E-01  0.1895735E+05  0.2668968E+03
 0.3472343E-01  0.1876680E+05  0.2642143E+03
 0.3507240E-01  0.1857721E+05  0.2615449E+03
 0.3542489E-01  0.1838868E+05  0.2588907E+03
 0.3578091E-01  0.1820136E+05  0.2562534E+03
 0.3614052E-01  0.1801536E+05  0.2536348E+03
 0.3650375E-01  0.1783081E+05  0.2510366E+03
 0.3687061E-01  0.1764784E+05  0.2484606E+03
 0.3724117E-01  0.1746657E+05  0.2459085E+03
 0.3761544E-01  0.1728710E+05  0.2433818E+03
 0.3799349E-01  0.1710956E+05  0.2408823E+03
 0.3837533E-01  0.1693406E+05  0.2384113E+03
 0.3876101E-01  0.1676070E+05  0.2359706E+03
 0.3915056E-01  0.1658958E+05  0.2335615E+03
 0.3954403E-01  0.1642080E+05  0.2311853E+03
 0.3994145E-01  0.1625446E+05  0.2288435E+03
 0.4034288E-01  0.1609065E+05  0.2265372E+03
 0.4074832E-01  0.1592944E+05  0.2242675E+03
 0.4115786E-01  0.1577092E+05  0.2220357E+03
 0.4157149E-01  0.1561515E+05  0.2198427E+03
 0.4198930E-01  0.1546221E+05  0.2176894E+03
 0.4241129E-01  0.1531214E+05  0.2155767E+03
 0.4283754E-01  0.1516500E+05  0.2135051E+03
 0.4326805E-01  0.1502084E+05  0.2114755E+03
 0.4370292E-01  0.1487969E+05  0.2094883E+03
 0.4414213E-01  0.1474158E+05  0.2075438E+03
 0.4458577E-01  0.1460653E+05  0.2056425E+03
 0.4503385E-01  0.1447455E+05  0.2037844E+03
 0.4548647E-01  0.1434565E+05  0.2019697E+03
 0.4594360E-01  0.1421983E+05  0.2001983E+03
 0.4640535E-01  0.1409707E+05  0.1984699E+03
 0.4687174E-01  0.1397733E+05  0.1967842E+03
 0.4734280E-01  0.1386061E+05  0.1951408E+03
 0.4781862E-01  0.1374684E+05  0.1935391E+03
 0.4829919E-01  0.1363598E+05  0.1919783E+03
 0.4878461E-01  0.1352796E+05  0.1904576E+03
 0.4927490E-01  0.1342271E+05  0.1889758E+03
 0.4977012E-01  0.1332015E+05  0.1875319E+03
 0.5027031E-01  0.1322018E+05  0.1861244E+03
 0.5077555E-01  0.1312270E+05  0.1847520E+03
 0.5128584E-01  0.1302759E+05  0.1834130E+03
 0.5180128E-01  0.1293474E+05  0.1821057E+03
 0.5232188E-01  0.1284399E+05  0.1808280E+03
 0.5284774E-01  0.1275521E+05  0.1795781E+03
 0.5337885E-01  0.1266823E+05  0.1783536E+03
 0.5391533E-01  0.1258290E+05  0.1771523E+03
 0.5445718E-01  0.1249904E+05  0.1759716E+03
 0.5500449E-01  0.1241646E+05  0.1748090E+03
 0.5555728E-01  0.1233497E+05  0.1736617E+03
 0.5611565E-01  0.1225437E+05  0.1725270E+03
 0.5667961E-01  0.1217446E+05  0.1714018E+03
 0.5724927E-01  0.1209500E+05  0.1702833E+03
 0.5782462E-01  0.1201580E+05  0.1691681E+03
 0.5840577E-01  0.1193661E+05  0.1680532E+03
 0.5899275E-01  0.1185721E+05  0.1669354E+03
 0.5958565E-01  0.1177738E+05  0.1658114E+03
 0.6018448E-01  0.1169687E+05  0.1646779E+03
 0.6078936E-01  0.1161545E+05  0.1635316E+03
 0.6140032E-01  0.1153289E+05  0.1623694E+03
 0.6201738E-01  0.1144897E+05  0.1611878E+03
 0.6264068E-01  0.1136345E+05  0.1599839E+03
 0.6327021E-01  0.1127613E+05  0.1587545E+03
 0.6390611E-01  0.1118680E+05  0.1574968E+03
 0.6454836E-01  0.1109525E+05  0.1562079E+03
 0.6519710E-01  0.1100130E+05  0.1548852E+03
 0.6585231E-01  0.1090477E+05  0.1535262E+03
 0.6651416E-01  0.1080551E+05  0.1521288E+03
 0.6718262E-01  0.1070338E+05  0.1506909E+03
 0.6785783E-01  0.1059826E+05  0.1492109E+03
 0.6853980E-01  0.1049005E+05  0.1476874E+03
 0.6922866E-01  0.1037867E+05  0.1461193E+03
 0.6992439E-01  0.1026407E+05  0.1445059E+03
 0.7062717E-01  0.1014624E+05  0.1428470E+03
 0.7133696E-01  0.1002518E+05  0.1411426E+03
 0.7205392E-01  0.9900919E+04  0.1393931E+03
 0.7277806E-01  0.9773506E+04  0.1375993E+03
 0.7350951E-01  0.9643038E+04  0.1357625E+03
 0.7424828E-01  0.9509636E+04  0.1338843E+03
 0.7499450E-01  0.9373447E+04  0.1319670E+03
 0.7574818E-01  0.9234653E+04  0.1300129E+03
 0.7650949E-01  0.9093464E+04  0.1280251E+03
 0.7727841E-01  0.8950118E+04  0.1260070E+03
 0.7805508E-01  0.8804880E+04  0.1239622E+03
 0.7883957E-01  0.8658040E+04  0.1218949E+03
 0.7963189E-01  0.8509908E+04  0.1198094E+03
 0.8043223E-01  0.8360825E+04  0.1177105E+03
 0.8124056E-01  0.8211142E+04  0.1156031E+03
 0.8205707E-01  0.8061224E+04  0.1134924E+03
 0.8288173E-01  0.7911454E+04  0.1113839E+03
 0.8371472E-01  0.7762222E+04  0.1092828E+03
 0.8455605E-01  0.7613922E+04  0.1071950E+03
 0.8540588E-01  0.7466950E+04  0.1051258E+03
 0.8626419E-01  0.7321703E+04  0.1030809E+03
 0.8713119E-01  0.7178569E+04  0.1010657E+03
 0.8800685E-01  0.7038618E+04  0.9908561E+02
 0.8889135E-01  0.6909344E+04  0.9714577E+02
 0.8978470E-01  0.6783195E+04  0.9525108E+02
 0.9068707E-01  0.6660477E+04  0.9340616E+02
 0.9159847E-01  0.6541471E+04  0.9161527E+02
 0.9251907E-01  0.6426434E+04  0.8988233E+02
 0.9344888E-01  0.6315593E+04  0.8821081E+02
 0.9438808E-01  0.6209145E+04  0.8660371E+02
 0.9533668E-01  0.6107249E+04  0.8506354E+02
 0.9629484E-01  0.6010036E+04  0.8359231E+02
 0.9726260E-01  0.5917591E+04  0.8219142E+02
 0.9824013E-01  0.5829966E+04  0.8086173E+02
 0.9922744E-01  0.5747167E+04  0.7960344E+02
 0.1002247E+00  0.5669170E+04  0.7841627E+02
 0.1012320E+00  0.5595899E+04  0.7729918E+02
 0.1022494E+00  0.5527241E+04  0.7625056E+02
 0.1032770E+00  0.5463043E+04  0.7526820E+02
 0.1043150E+00  0.5403109E+04  0.7434923E+02
 0.1053634E+00  0.5347207E+04  0.7349025E+02
 0.1064223E+00  0.5295043E+04  0.7268690E+02
 0.1074918E+00  0.5246316E+04  0.7193469E+02
 0.1085721E+00  0.5200719E+04  0.7122909E+02
 0.1096633E+00  0.5157875E+04  0.7056446E+02
 0.1107654E+00  0.5117362E+04  0.6993450E+02
 0.1118787E+00  0.5078728E+04  0.6933245E+02
 0.1130030E+00  0.5041503E+04  0.6875126E+02
 0.1141388E+00  0.5005202E+04  0.6818369E+02
 0.1152858E+00  0.4969339E+04  0.6762244E+02
 0.1164445E+00  0.4933434E+04  0.6706033E+02
 0.1176148E+00  0.4897022E+04  0.6649040E+02
 0.1187968E+00  0.4859657E+04  0.6590596E+02
 0.1199907E+00  0.4820918E+04  0.6530075E+02
 0.1211967E+00  0.4780418E+04  0.6466893E+02
 0.1224147E+00  0.4737799E+04  0.6400520E+02
 0.1236450E+00  0.4692744E+04  0.6330480E+02
 0.1248876E+00  0.4644982E+04  0.6256368E+02
 0.1261428E+00  0.4594298E+04  0.6177863E+02
 0.1274105E+00  0.4540540E+04  0.6094738E+02
 0.1286911E+00  0.4483631E+04  0.6006876E+02
 0.1299845E+00  0.4423574E+04  0.5914284E+02
 0.1312908E+00  0.4360470E+04  0.5817106E+02
 0.1326103E+00  0.4294493E+04  0.5715602E+02
 0.1339431E+00  0.4225906E+04  0.5610162E+02
 0.1352892E+00  0.4155053E+04  0.5501296E+02
 0.1366489E+00  0.4082324E+04  0.5389585E+02
 0.1380222E+00  0.4008150E+04  0.5275672E+02
 0.1394094E+00  0.3933016E+04  0.5160278E+02
 0.1408105E+00  0.3857439E+04  0.5044179E+02
 0.1422256E+00  0.3781936E+04  0.4928150E+02
 0.1436550E+00  0.3707010E+04  0.4812948E+02
 0.1450988E+00  0.3633177E+04  0.4699350E+02
 0.1465571E+00  0.3560960E+04  0.4588147E+02
 0.1480300E+00  0.3490850E+04  0.4480089E+02
 0.1495177E+00  0.3423293E+04  0.4375856E+02
 0.1510203E+00  0.3358688E+04  0.4276061E+02
 0.1525382E+00  0.3297383E+04  0.4181242E+02
 0.1540712E+00  0.3239631E+04  0.4091796E+02
 0.1556196E+00  0.3185593E+04  0.4007978E+02
 0.1571836E+00  0.3135355E+04  0.3929931E+02
 0.1587633E+00  0.3088938E+04  0.3857700E+02
 0.1603589E+00  0.3046282E+04  0.3791204E+02
 0.1619706E+00  0.3007254E+04  0.3730248E+02
 0.1635984E+00  0.2971649E+04  0.3674530E+02
 0.1652426E+00  0.2939203E+04  0.3623651E+02
 0.1669033E+00  0.2909587E+04  0.3577116E+02
 0.1685807E+00  0.2882408E+04  0.3534328E+02
 0.1702750E+00  0.2857205E+04  0.3494584E+02
 0.1719863E+00  0.2833473E+04  0.3457116E+02
 0.1737148E+00  0.2810689E+04  0.3421125E+02
 0.1754606E+00  0.2788325E+04  0.3385806E+02
 0.1772241E+00  0.2765868E+04  0.3350377E+02
 0.1790052E+00  0.2742840E+04  0.3314110E+02
 0.1808042E+00  0.2718799E+04  0.3276329E+02
 0.1826213E+00  0.2693361E+04  0.3236450E+02
 0.1844567E+00  0.2666215E+04  0.3193999E+02
 0.1863105E+00  0.2637112E+04  0.3148594E+02
 0.1881830E+00  0.2605898E+04  0.3099997E+02
 0.1900742E+00  0.2572536E+04  0.3048148E+02
 0.1919845E+00  0.2537098E+04  0.2993150E+02
 0.1939140E+00  0.2499753E+04  0.2935254E+02
 0.1958629E+00  0.2460789E+04  0.2874892E+02
 0.1978313E+00  0.2420566E+04  0.2812606E+02
 0.1998196E+00  0.2379488E+04  0.2749006E+02
 0.2018277E+00  0.2337994E+04  0.2684760E+02
 0.2038562E+00  0.2296548E+04  0.2620575E+02
 0.2059049E+00  0.2255619E+04  0.2557171E+02
 0.2079744E+00  0.2215668E+04  0.2495261E+02
 0.2100645E+00  0.2177121E+04  0.2435506E+02
 0.2121757E+00  0.2140342E+04  0.2378478E+02
 0.2143081E+00  0.2105611E+04  0.2324622E+02
 0.2164619E+00  0.2073120E+04  0.2274245E+02
 0.2186375E+00  0.2042964E+04  0.2227509E+02
 0.2208348E+00  0.2015149E+04  0.2184435E+02
 0.2230542E+00  0.1989606E+04  0.2144927E+02
 0.2252959E+00  0.1966191E+04  0.2108770E+02
 0.2275602E+00  0.1944669E+04  0.2075605E+02
 0.2298472E+00  0.1924735E+04  0.2044960E+02
 0.2321572E+00  0.1906027E+04  0.2016275E+02
 0.2344904E+00  0.1888145E+04  0.1988924E+02
 0.2368471E+00  0.1870691E+04  0.1962287E+02
 0.2392274E+00  0.1853284E+04  0.1935765E+02
 0.2416317E+00  0.1835576E+04  0.1908812E+02
 0.2440601E+00  0.1817262E+04  0.1880948E+02
 0.2465130E+00  0.1798099E+04  0.1851787E+02
 0.2489904E+00  0.1777921E+04  0.1821062E+02
 0.2514929E+00  0.1756656E+04  0.1788655E+02
 0.2540204E+00  0.1734349E+04  0.1754627E+02
 0.2565734E+00  0.1711131E+04  0.1719177E+02
 0.2591519E+00  0.1687200E+04  0.1682609E+02
 0.2617565E+00  0.1662812E+04  0.1645318E+02
 0.2643872E+00  0.1638252E+04  0.1607753E+02
 0.2670444E+00  0.1613837E+04  0.1570413E+02
 0.2697281E+00  0.1589886E+04  0.1533804E+02
 0.2724390E+00  0.1566688E+04  0.1498392E+02
 0.2751770E+00  0.1544474E+04  0.1464553E+02
 0.2779426E+00  0.1523399E+04  0.1432542E+02
 0.2807361E+00  0.1503553E+04  0.1402518E+02
 0.2835574E+00  0.1484962E+04  0.1374527E+02
 0.2864073E+00  0.1467577E+04  0.1348504E+02
 0.2892857E+00  0.1451280E+04  0.1324265E+02
 0.2921931E+00  0.1435882E+04  0.1301511E+02
 0.2951296E+00  0.1421156E+04  0.1279879E+02
 0.2980958E+00  0.1406864E+04  0.1258983E+02
 0.3010918E+00  0.1392775E+04  0.1238449E+02
 0.3041176E+00  0.1378673E+04  0.1217922E+02
 0.3071741E+00  0.1364365E+04  0.1197086E+02
 0.3102613E+00  0.1349715E+04  0.1175711E+02
 0.3133796E+00  0.1334657E+04  0.1153685E+02
 0.3165288E+00  0.1319201E+04  0.1131015E+02
 0.3197101E+00  0.1303409E+04  0.1107799E+02
 0.3229233E+00  0.1287386E+04  0.1084202E+02
 0.3261688E+00  0.1271278E+04  0.1060463E+02
 0.3294466E+00  0.1255263E+04  0.1036873E+02
 0.3327577E+00  0.1239519E+04  0.1013729E+02
 0.3361020E+00  0.1224193E+04  0.9912807E+01
 0.3394800E+00  0.1209397E+04  0.9697195E+01
 0.3428916E+00  0.1195204E+04  0.9491750E+01
 0.3463378E+00  0.1181646E+04  0.9297084E+01
 0.3498186E+00  0.1168700E+04  0.9112869E+01
 0.3533344E+00  0.1156288E+04  0.8937854E+01
 0.3568852E+00  0.1144305E+04  0.8770288E+01
 0.3604721E+00  0.1132635E+04  0.8608231E+01
 0.3640950E+00  0.1121156E+04  0.8449593E+01
 0.3677543E+00  0.1109747E+04  0.8292287E+01
 0.3714503E+00  0.1098313E+04  0.8134643E+01
 0.3751832E+00  0.1086802E+04  0.7975752E+01
 0.3789539E+00  0.1075202E+04  0.7815329E+01
 0.3827626E+00  0.1063524E+04  0.7653565E+01
 0.3866095E+00  0.1051818E+04  0.7491251E+01
 0.3904947E+00  0.1040161E+04  0.7329748E+01
 0.3944193E+00  0.1028639E+04  0.7170534E+01
 0.3983834E+00  0.1017322E+04  0.7014888E+01
 0.4023873E+00  0.1006271E+04  0.6863908E+01
 0.4064311E+00  0.9955317E+03  0.6718446E+01
 0.4105158E+00  0.9851149E+03  0.6578745E+01
 0.4146417E+00  0.9749986E+03  0.6444452E+01
 0.4188090E+00  0.9651459E+03  0.6314934E+01
 0.4230178E+00  0.9555090E+03  0.6189347E+01
 0.4272693E+00  0.9460247E+03  0.6066563E+01
 0.4315636E+00  0.9366351E+03  0.5945513E+01
 0.4359009E+00  0.9273037E+03  0.5825511E+01
 0.4402815E+00  0.9180079E+03  0.5706119E+01
 0.4447065E+00  0.9087379E+03  0.5587141E+01
 0.4491760E+00  0.8995103E+03  0.5468865E+01
 0.4536904E+00  0.8903565E+03  0.5351869E+01
 0.4582497E+00  0.8813063E+03  0.5236705E+01
 0.4628553E+00  0.8723904E+03  0.5123979E+01
 0.4675072E+00  0.8636384E+03  0.5014270E+01
 0.4722058E+00  0.8550605E+03  0.4907799E+01
 0.4769517E+00  0.8466528E+03  0.4804519E+01
 0.4817448E+00  0.8384071E+03  0.4704286E+01
 0.4865865E+00  0.8302997E+03  0.4606670E+01
 0.4914769E+00  0.8223024E+03  0.4511124E+01
 0.4964164E+00  0.8143960E+03  0.4417270E+01
 0.5014051E+00  0.8065630E+03  0.4324751E+01
 0.5064444E+00  0.7987913E+03  0.4233328E+01
 0.5115344E+00  0.7910855E+03  0.4143085E+01
 0.5166755E+00  0.7834525E+03  0.4054160E+01
 0.5218678E+00  0.7759020E+03  0.3966740E+01
 0.5271128E+00  0.7684490E+03  0.3881161E+01
 0.5324105E+00  0.7611008E+03  0.3797578E+01
 0.5377614E+00  0.7538595E+03  0.3716054E+01
 0.5431656E+00  0.7467264E+03  0.3636624E+01
 0.5486246E+00  0.7396907E+03  0.3559089E+01
 0.5541385E+00  0.7327431E+03  0.3483257E+01
 0.5597079E+00  0.7258753E+03  0.3408955E+01
 0.5653326E+00  0.7190768E+03  0.3335950E+01
 0.5710145E+00  0.7123446E+03  0.3264194E+01
 0.5767534E+00  0.7056778E+03  0.3193662E+01
 0.5825500E+00  0.6990771E+03  0.3124374E+01
 0.5884043E+00  0.6925492E+03  0.3056476E+01
 0.5943180E+00  0.6860941E+03  0.2989994E+01
 0.6002911E+00  0.6797151E+03  0.2925006E+01
 0.6063243E+00  0.6734116E+03  0.2861512E+01
 0.6124181E+00  0.6671793E+03  0.2799423E+01
 0.6185725E+00  0.6610165E+03  0.2738702E+01
 0.6247894E+00  0.6549159E+03  0.2679201E+01
 0.6310688E+00  0.6488762E+03  0.2620882E+01
 0.6374113E+00  0.6428943E+03  0.2563681E+01
 0.6438169E+00  0.6369696E+03  0.2507580E+01
 0.6502875E+00  0.6311028E+03  0.2452616E+01
 0.6568232E+00  0.6252931E+03  0.2398772E+01
 0.6634245E+00  0.6195423E+03  0.2346106E+01
 0.6700915E+00  0.6138486E+03  0.2294566E+01
 0.6768262E+00  0.6082111E+03  0.2244162E+01
 0.6836286E+00  0.6026272E+03  0.2194824E+01
 0.6904994E+00  0.5970955E+03  0.2146522E+01
 0.6974385E+00  0.5916143E+03  0.2099212E+01
 0.7044480E+00  0.5861816E+03  0.2052863E+01
 0.7115280E+00  0.5807973E+03  0.2007474E+01
 0.7186791E+00  0.5754605E+03  0.1963025E+01
 0.7259014E+00  0.5701716E+03  0.1919528E+01
 0.7331970E+00  0.5649286E+03  0.1876954E+01
 0.7405660E+00  0.5597316E+03  0.1835303E+01
 0.7480090E+00  0.5545787E+03  0.1794532E+01
 0.7555260E+00  0.5494698E+03  0.1754633E+01
 0.7631193E+00  0.5444025E+03  0.1715564E+01
 0.7707890E+00  0.5393768E+03  0.1677323E+01
 0.7785358E+00  0.5343916E+03  0.1639882E+01
 0.7863603E+00  0.5294467E+03  0.1603243E+01
 0.7942628E+00  0.5245414E+03  0.1567386E+01
 0.8022455E+00  0.5196746E+03  0.1532300E+01
 0.8103084E+00  0.5148459E+03  0.1497971E+01
 0.8184523E+00  0.5100543E+03  0.1464373E+01
 0.8266773E+00  0.5052997E+03  0.1431502E+01
 0.8349857E+00  0.5005802E+03  0.1399323E+01
 0.8433776E+00  0.4958961E+03  0.1367844E+01
 0.8518539E+00  0.4912464E+03  0.1337034E+01
 0.8604146E+00  0.4866312E+03  0.1306895E+01
 0.8690621E+00  0.4820492E+03  0.1277408E+01
 0.8777965E+00  0.4774999E+03  0.1248558E+01
 0.8866187E+00  0.4729832E+03  0.1220340E+01
 0.8955287E+00  0.4684984E+03  0.1192726E+01
 0.9045292E+00  0.4640446E+03  0.1165718E+01
 0.9136200E+00  0.4596215E+03  0.1139293E+01
 0.9228023E+00  0.4552286E+03  0.1113442E+01
 0.9320760E+00  0.4508660E+03  0.1088160E+01
 0.9414436E+00  0.4465324E+03  0.1063424E+01
 0.9509056E+00  0.4422277E+03  0.1039231E+01
 0.9604625E+00  0.4379516E+03  0.1015569E+01
 0.9701146E+00  0.4337037E+03  0.9924193E+00
 0.9798646E+00  0.4294834E+03  0.9697802E+00
 0.9897127E+00  0.4252904E+03  0.9476376E+00
 0.9996597E+00  0.4211242E+03  0.9259766E+00
 0.1009707E+01  0.4169848E+03  0.9047950E+00
 0.1019854E+01  0.4128720E+03  0.8840791E+00
 0.1030104E+01  0.4087848E+03  0.8638162E+00
 0.1040457E+01  0.4047233E+03  0.8440023E+00
 0.1050914E+01  0.4006872E+03  0.8246268E+00
 0.1061475E+01  0.3966765E+03  0.8056773E+00
 0.1072143E+01  0.3926904E+03  0.7871474E+00
 0.1082918E+01  0.3887289E+03  0.7690309E+00
 0.1093802E+01  0.3847917E+03  0.7513152E+00
 0.1104794E+01  0.3808789E+03  0.7339919E+00
 0.1115898E+01  0.3769898E+03  0.7170549E+00
 0.1127113E+01  0.3731242E+03  0.7004971E+00
 0.1138441E+01  0.3692823E+03  0.6843079E+00
 0.1149882E+01  0.3654639E+03  0.6684787E+00
 0.1161438E+01  0.3616683E+03  0.6530035E+00
 0.1173111E+01  0.3578956E+03  0.6378757E+00
 0.1184901E+01  0.3541458E+03  0.6230862E+00
 0.1196809E+01  0.3504189E+03  0.6086268E+00
 0.1208838E+01  0.3467141E+03  0.5944910E+00
 0.1220987E+01  0.3430317E+03  0.5806724E+00
 0.1233258E+01  0.3393716E+03  0.5671646E+00
 0.1245652E+01  0.3357339E+03  0.5539605E+00
 0.1258171E+01  0.3321178E+03  0.5410528E+00
 0.1270816E+01  0.3285238E+03  0.5284355E+00
 0.1283588E+01  0.3249515E+03  0.5161022E+00
 0.1296488E+01  0.3214013E+03  0.5040477E+00
 0.1309518E+01  0.3178725E+03  0.4922660E+00
 0.1322679E+01  0.3143653E+03  0.4807512E+00
 0.1335973E+01  0.3108797E+03  0.4694976E+00
 0.1349400E+01  0.3074156E+03  0.4584992E+00
 0.1362960E+01  0.3039732E+03  0.4477506E+00
 0.1376659E+01  0.3005519E+03  0.4372462E+00
 0.1390495E+01  0.2971521E+03  0.4269805E+00
 0.1404470E+01  0.2937736E+03  0.4169484E+00
 0.1418584E+01  0.2904167E+03  0.4071467E+00
 0.1432841E+01  0.2870809E+03  0.3975673E+00
 0.1447242E+01  0.2837663E+03  0.3882056E+00
 0.1461787E+01  0.2804730E+03  0.3790569E+00
 0.1476477E+01  0.2772014E+03  0.3701169E+00
 0.1491316E+01  0.2739508E+03  0.3613813E+00
 0.1506305E+01  0.2707215E+03  0.3528457E+00
 0.1521444E+01  0.2675136E+03  0.3445060E+00
 0.1536733E+01  0.2643273E+03  0.3363580E+00
 0.1552178E+01  0.2611620E+03  0.3283973E+00
 0.1567778E+01  0.2580182E+03  0.3206197E+00
 0.1583535E+01  0.2548958E+03  0.3130211E+00
 0.1599449E+01  0.2517952E+03  0.3055976E+00
 0.1615524E+01  0.2487158E+03  0.2983451E+00
 0.1631760E+01  0.2456579E+03  0.2912598E+00
 0.1648160E+01  0.2426216E+03  0.2843380E+00
 0.1664723E+01  0.2396073E+03  0.2775760E+00
 0.1681454E+01  0.2366142E+03  0.2709703E+00
 0.1698354E+01  0.2336430E+03  0.2645174E+00
 0.1715423E+01  0.2306935E+03  0.2582140E+00
 0.1732663E+01  0.2277658E+03  0.2520566E+00
 0.1750076E+01  0.2248603E+03  0.2460422E+00
 0.1767665E+01  0.2219764E+03  0.2401674E+00
 0.1785430E+01  0.2191146E+03  0.2344292E+00
 0.1803375E+01  0.2162747E+03  0.2288245E+00
 0.1821498E+01  0.2134573E+03  0.2233502E+00
 0.1839804E+01  0.2106617E+03  0.2180035E+00
 0.1858295E+01  0.2078883E+03  0.2127814E+00
 0.1876972E+01  0.2051372E+03  0.2076811E+00
 0.1895834E+01  0.2024087E+03  0.2026998E+00
 0.1914888E+01  0.1997023E+03  0.1978348E+00
 0.1934134E+01  0.1970183E+03  0.1930836E+00
 0.1953572E+01  0.1943568E+03  0.1884436E+00
 0.1973205E+01  0.1917181E+03  0.1839122E+00
 0.1993036E+01  0.1891018E+03  0.1794870E+00
 0.2013067E+01  0.1865080E+03  0.1751657E+00
 0.2033299E+01  0.1839370E+03  0.1709458E+00
 0.2053733E+01  0.1813889E+03  0.1668250E+00
 0.2074373E+01  0.1788633E+03  0.1628012E+00
 0.2095222E+01  0.1763606E+03  0.1588721E+00
 0.2116280E+01  0.1738807E+03  0.1550355E+00
 0.2137547E+01  0.1714239E+03  0.1512892E+00
 0.2159030E+01  0.1689897E+03  0.1476314E+00
 0.2180729E+01  0.1665786E+03  0.1440598E+00
 0.2202646E+01  0.1641903E+03  0.1405726E+00
 0.2224784E+01  0.1618250E+03  0.1371678E+00
 0.2247142E+01  0.1594830E+03  0.1338435E+00
 0.2269727E+01  0.1571637E+03  0.1305979E+00
 0.2292538E+01  0.1548675E+03  0.1274291E+00
 0.2315579E+01  0.1525943E+03  0.1243354E+00
 0.2338849E+01  0.1503443E+03  0.1213151E+00
 0.2362356E+01  0.1481172E+03  0.1183665E+00
 0.2386098E+01  0.1459130E+03  0.1154879E+00
 0.2410080E+01  0.1437319E+03  0.1126778E+00
 0.2434299E+01  0.1415739E+03  0.1099345E+00
 0.2458765E+01  0.1394388E+03  0.1072564E+00
 0.2483477E+01  0.1373266E+03  0.1046422E+00
 0.2508437E+01  0.1352372E+03  0.1020902E+00
 0.2533645E+01  0.1331710E+03  0.9959915E-01
 0.2559109E+01  0.1311274E+03  0.9716752E-01
 0.2584829E+01  0.1291067E+03  0.9479394E-01
 0.2610808E+01  0.1271087E+03  0.9247709E-01
 0.2637045E+01  0.1251335E+03  0.9021563E-01
 0.2663548E+01  0.1231809E+03  0.8800829E-01
 0.2690318E+01  0.1212508E+03  0.8585379E-01
 0.2717357E+01  0.1193433E+03  0.8375092E-01
 0.2744665E+01  0.1174584E+03  0.8169846E-01
 0.2772250E+01  0.1155956E+03  0.7969524E-01
 0.2800112E+01  0.1137552E+03  0.7774011E-01
 0.2828254E+01  0.1119370E+03  0.7583194E-01
 0.2856679E+01  0.1101410E+03  0.7396963E-01
 0.2885387E+01  0.1083671E+03  0.7215211E-01
 0.2914387E+01  0.1066150E+03  0.7037834E-01
 0.2943677E+01  0.1048848E+03  0.6864728E-01
 0.2973262E+01  0.1031763E+03  0.6695793E-01
 0.3003142E+01  0.1014896E+03  0.6530931E-01
 0.3033325E+01  0.9982431E+02  0.6370046E-01
 0.3063811E+01  0.9818040E+02  0.6213046E-01
 0.3094604E+01  0.9655776E+02  0.6059838E-01
 0.3125702E+01  0.9495647E+02  0.5910333E-01
 0.3157117E+01  0.9337606E+02  0.5764444E-01
 0.3188847E+01  0.9181655E+02  0.5622085E-01
 0.3220896E+01  0.9027784E+02  0.5483173E-01
 0.3253265E+01  0.8875993E+02  0.5347627E-01
 0.3285961E+01  0.8726238E+02  0.5215367E-01
 0.3318987E+01  0.8578519E+02  0.5086315E-01
 0.3352344E+01  0.8432825E+02  0.4960395E-01
 0.3386033E+01  0.8289152E+02  0.4837534E-01
 0.3420063E+01  0.8147460E+02  0.4717658E-01
 0.3454437E+01  0.8007745E+02  0.4600697E-01
 0.3489155E+01  0.7869992E+02  0.4486581E-01
 0.3524219E+01  0.7734201E+02  0.4375243E-01
 0.3559639E+01  0.7600328E+02  0.4266617E-01
 0.3595415E+01  0.7468371E+02  0.4160638E-01
 0.3631550E+01  0.7338313E+02  0.4057244E-01
 0.3668049E+01  0.7210139E+02  0.3956371E-01
 0.3704911E+01  0.7083844E+02  0.3857962E-01
 0.3742146E+01  0.6959386E+02  0.3761955E-01
 0.3779757E+01  0.6836762E+02  0.3668295E-01
 0.3817744E+01  0.6715954E+02  0.3576925E-01
 0.3856110E+01  0.6596958E+02  0.3487790E-01
 0.3894866E+01  0.6479731E+02  0.3400837E-01
 0.3934011E+01  0.6364269E+02  0.3316013E-01
 0.3973550E+01  0.6250555E+02  0.3233268E-01
 0.4013482E+01  0.6138581E+02  0.3152551E-01
 0.4053818E+01  0.6028310E+02  0.3073813E-01
 0.4094561E+01  0.5919733E+02  0.2997008E-01
 0.4135713E+01  0.5812832E+02  0.2922089E-01
 0.4177275E+01  0.5707600E+02  0.2849011E-01
 0.4219258E+01  0.5604000E+02  0.2777729E-01
 0.4261663E+01  0.5502024E+02  0.2708200E-01
 0.4304494E+01  0.5401653E+02  0.2640383E-01
 0.4347752E+01  0.5302880E+02  0.2574235E-01
 0.4391448E+01  0.5205667E+02  0.2509716E-01
 0.4435585E+01  0.5110005E+02  0.2446788E-01
 0.4480164E+01  0.5015877E+02  0.2385412E-01
 0.4525187E+01  0.4923274E+02  0.2325549E-01
 0.4570667E+01  0.4832160E+02  0.2267165E-01
 0.4616604E+01  0.4742526E+02  0.2210222E-01
 0.4663002E+01  0.4654356E+02  0.2154686E-01
 0.4709868E+01  0.4567628E+02  0.2100523E-01
 0.4757199E+01  0.4482336E+02  0.2047700E-01
 0.4805011E+01  0.4398444E+02  0.1996184E-01
 0.4853303E+01  0.4315944E+02  0.1945943E-01
 0.4902081E+01  0.4234818E+02  0.1896946E-01
 0.4951344E+01  0.4155054E+02  0.1849164E-01
 0.5001107E+01  0.4076622E+02  0.1802566E-01
 0.5051370E+01  0.3999510E+02  0.1757124E-01
 0.5102139E+01  0.3923702E+02  0.1712810E-01
 0.5153412E+01  0.3849188E+02  0.1669596E-01
 0.5205206E+01  0.3775934E+02  0.1627455E-01
 0.5257520E+01  0.3703934E+02  0.1586362E-01
 0.5310360E+01  0.3633168E+02  0.1546290E-01
 0.5363727E+01  0.3563626E+02  0.1507215E-01
 0.5417634E+01  0.3495279E+02  0.1469112E-01
 0.5472084E+01  0.3428117E+02  0.1431958E-01
 0.5527081E+01  0.3362122E+02  0.1395730E-01
 0.5582624E+01  0.3297285E+02  0.1360404E-01
 0.5638732E+01  0.3233576E+02  0.1325959E-01
 0.5695404E+01  0.3170986E+02  0.1292373E-01
 0.5752645E+01  0.3109499E+02  0.1259626E-01
 0.5810455E+01  0.3049104E+02  0.1227696E-01
 0.5868853E+01  0.2989774E+02  0.1196564E-01
 0.5927837E+01  0.2931498E+02  0.1166209E-01
 0.5987414E+01  0.2874262E+02  0.1136614E-01
 0.6047590E+01  0.2818050E+02  0.1107759E-01
 0.6108365E+01  0.2762851E+02  0.1079626E-01
 0.6169756E+01  0.2708640E+02  0.1052197E-01
 0.6231765E+01  0.2655407E+02  0.1025455E-01
 0.6294396E+01  0.2603138E+02  0.9993827E-02
 0.6357652E+01  0.2551821E+02  0.9739643E-02
 0.6421549E+01  0.2501433E+02  0.9491831E-02
 0.6486088E+01  0.2451965E+02  0.9250237E-02
 0.6551276E+01  0.2403401E+02  0.9014707E-02
 0.6617112E+01  0.2355733E+02  0.8785090E-02
 0.6683617E+01  0.2308936E+02  0.8561240E-02
 0.6750790E+01  0.2263002E+02  0.8343016E-02
 0.6818638E+01  0.2217917E+02  0.8130277E-02
 0.6887162E+01  0.2173672E+02  0.7922889E-02
 0.6956380E+01  0.2130244E+02  0.7720719E-02
 0.7026294E+01  0.2087625E+02  0.7523638E-02
 0.7096911E+01  0.2045801E+02  0.7331520E-02
 0.7168231E+01  0.2004763E+02  0.7144243E-02
 0.7240275E+01  0.1964491E+02  0.6961685E-02
 0.7313043E+01  0.1924975E+02  0.6783732E-02
 0.7386541E+01  0.1886204E+02  0.6610267E-02
 0.7460773E+01  0.1848169E+02  0.6441179E-02
 0.7535756E+01  0.1810849E+02  0.6276360E-02
 0.7611494E+01  0.1774237E+02  0.6115703E-02
 0.7687992E+01  0.1738321E+02  0.5959105E-02
 0.7765251E+01  0.1703092E+02  0.5806465E-02
 0.7843296E+01  0.1668532E+02  0.5657683E-02
 0.7922124E+01  0.1634633E+02  0.5512666E-02
 0.8001744E+01  0.1601383E+02  0.5371317E-02
 0.8082166E+01  0.1568772E+02  0.5233546E-02
 0.8163386E+01  0.1536791E+02  0.5099264E-02
 0.8245432E+01  0.1505423E+02  0.4968384E-02
 0.8328301E+01  0.1474661E+02  0.4840821E-02
 0.8412004E+01  0.1444495E+02  0.4716491E-02
 0.8496540E+01  0.1414916E+02  0.4595315E-02
 0.8581933E+01  0.1385908E+02  0.4477213E-02
 0.8668186E+01  0.1357465E+02  0.4362110E-02
 0.8755304E+01  0.1329576E+02  0.4249928E-02
 0.8843290E+01  0.1302235E+02  0.4140597E-02
 0.8932169E+01  0.1275425E+02  0.4034043E-02
 0.9021940E+01  0.1249142E+02  0.3930199E-02
 0.9112615E+01  0.1223373E+02  0.3828995E-02
 0.9204191E+01  0.1198114E+02  0.3730366E-02
 0.9296698E+01  0.1173350E+02  0.3634247E-02
 0.9390133E+01  0.1149074E+02  0.3540575E-02
 0.9484507E+01  0.1125278E+02  0.3449288E-02
 0.9579821E+01  0.1101955E+02  0.3360327E-02
 0.9676102E+01  0.1079093E+02  0.3273633E-02
 0.9773351E+01  0.1056683E+02  0.3189149E-02
 0.9871577E+01  0.1034720E+02  0.3106820E-02
 0.9970781E+01  0.1013196E+02  0.3026591E-02
 0.1007099E+02  0.9920986E+01  0.2948410E-02
 0.1017221E+02  0.9714229E+01  0.2872224E-02
 0.1027444E+02  0.9511607E+01  0.2797985E-02
 0.1037771E+02  0.9313044E+01  0.2725642E-02
 0.1048200E+02  0.9118481E+01  0.2655148E-02
 0.1058734E+02  0.8927808E+01  0.2586457E-02
 0.1069375E+02  0.8740968E+01  0.2519523E-02
 0.1080123E+02  0.8557892E+01  0.2454301E-02
 0.1090977E+02  0.8378525E+01  0.2390748E-02
 0.1101942E+02  0.8202762E+01  0.2328823E-02
 0.1113017E+02  0.8030552E+01  0.2268483E-02
 0.1124203E+02  0.7861830E+01  0.2209689E-02
 0.1135501E+02  0.7696543E+01  0.2152402E-02
 0.1146913E+02  0.7534595E+01  0.2096584E-02
 0.1158440E+02  0.7375937E+01  0.2042197E-02
 0.1170083E+02  0.7220509E+01  0.1989206E-02
 0.1181842E+02  0.7068260E+01  0.1937574E-02
 0.1193719E+02  0.6919102E+01  0.1887268E-02
 0.1205717E+02  0.6772989E+01  0.1838253E-02
 0.1217835E+02  0.6629863E+01  0.1790498E-02
 0.1230073E+02  0.6489679E+01  0.1743970E-02
 0.1242436E+02  0.6352355E+01  0.1698637E-02
 0.1254923E+02  0.6217848E+01  0.1654471E-02
 0.1267536E+02  0.6086101E+01  0.1611441E-02
 0.1280274E+02  0.5957076E+01  0.1569517E-02
 0.1293141E+02  0.5830693E+01  0.1528673E-02
 0.1306137E+02  0.5706913E+01  0.1488881E-02
 0.1319265E+02  0.5585684E+01  0.1450113E-02
 0.1332524E+02  0.5466960E+01  0.1412344E-02
 0.1345915E+02  0.5350698E+01  0.1375549E-02
 0.1359442E+02  0.5236830E+01  0.1339702E-02
 0.1373105E+02  0.5125320E+01  0.1304779E-02
 0.1386905E+02  0.5016121E+01  0.1270757E-02
 0.1400843E+02  0.4909196E+01  0.1237614E-02
 0.1414922E+02  0.4804482E+01  0.1205325E-02
 0.1429142E+02  0.4701943E+01  0.1173871E-02
 0.1443506E+02  0.4601538E+01  0.1143229E-02
 0.1458012E+02  0.4503232E+01  0.1113378E-02
 0.1472666E+02  0.4406965E+01  0.1084299E-02
 0.1487467E+02  0.4312706E+01  0.1055972E-02
 0.1502416E+02  0.4220414E+01  0.1028377E-02
 0.1517515E+02  0.4130059E+01  0.1001496E-02
 0.1532766E+02  0.4041585E+01  0.9753108E-03
 0.1548171E+02  0.3954963E+01  0.9498032E-03
 0.1563731E+02  0.3870154E+01  0.9249561E-03
 0.1579445E+02  0.3787132E+01  0.9007524E-03
 0.1595319E+02  0.3705843E+01  0.8771758E-03
 0.1611353E+02  0.3626261E+01  0.8542101E-03
 0.1627548E+02  0.3548351E+01  0.8318398E-03
 0.1643904E+02  0.3472085E+01  0.8100495E-03
 0.1660426E+02  0.3397419E+01  0.7888243E-03
 0.1677114E+02  0.3324324E+01  0.7681498E-03
 0.1693969E+02  0.3252770E+01  0.7480119E-03
 0.1710994E+02  0.3182725E+01  0.7283967E-03
 0.1728189E+02  0.3114165E+01  0.7092909E-03
 0.1745558E+02  0.3047046E+01  0.6906814E-03
 0.1763101E+02  0.2981346E+01  0.6725554E-03
 0.1780821E+02  0.2917035E+01  0.6549005E-03
 0.1798718E+02  0.2854091E+01  0.6377045E-03
 0.1816795E+02  0.2792475E+01  0.6209558E-03
 0.1835055E+02  0.2732164E+01  0.6046427E-03
 0.1853498E+02  0.2673133E+01  0.5887541E-03
 0.1872124E+02  0.2615359E+01  0.5732790E-03
 0.1890940E+02  0.2558807E+01  0.5582068E-03
 0.1909945E+02  0.2503456E+01  0.5435272E-03
 0.1929141E+02  0.2449282E+01  0.5292299E-03
 0.1948527E+02  0.2396265E+01  0.5153051E-03
 0.1968111E+02  0.2344373E+01  0.5017433E-03
 0.1987891E+02  0.2293585E+01  0.4885350E-03
 0.2007870E+02  0.2243879E+01  0.4756711E-03
 0.2028048E+02  0.2195238E+01  0.4631428E-03
 0.2048431E+02  0.2147631E+01  0.4509414E-03
 0.2069018E+02  0.2101039E+01  0.4390584E-03
 0.2089813E+02  0.2055443E+01  0.4274856E-03
 0.2110814E+02  0.2010825E+01  0.4162150E-03
 0.2132029E+02  0.1967158E+01  0.4052388E-03
 0.2153456E+02  0.1924424E+01  0.3945493E-03
 0.2175100E+02  0.1882606E+01  0.3841393E-03
 0.2196960E+02  0.1841683E+01  0.3740014E-03
 0.2219039E+02  0.1801640E+01  0.3641286E-03
 0.2241341E+02  0.1762453E+01  0.3545140E-03
 0.2263867E+02  0.1724106E+01  0.3451510E-03
 0.2286620E+02  0.1686581E+01  0.3360330E-03
 0.2309599E+02  0.1649867E+01  0.3271536E-03
 0.2332812E+02  0.1613936E+01  0.3185067E-03
 0.2356257E+02  0.1578779E+01  0.3100863E-03
 0.2379938E+02  0.1544378E+01  0.3018865E-03
 0.2403855E+02  0.1510719E+01  0.2939015E-03
 0.2428015E+02  0.1477781E+01  0.2861258E-03
 0.2452418E+02  0.1445554E+01  0.2785539E-03
 0.2477065E+02  0.1414020E+01  0.2711806E-03
 0.2501958E+02  0.1383169E+01  0.2640007E-03
 0.2527104E+02  0.1352979E+01  0.2570092E-03
 0.2552503E+02  0.1323441E+01  0.2502011E-03
 0.2578156E+02  0.1294541E+01  0.2435718E-03
 0.2604065E+02  0.1266266E+01  0.2371165E-03
 0.2630237E+02  0.1238600E+01  0.2308308E-03
 0.2656672E+02  0.1211532E+01  0.2247102E-03
 0.2683373E+02  0.1185048E+01  0.2187505E-03
 0.2710339E+02  0.1159140E+01  0.2129474E-03
 0.2737579E+02  0.1133789E+01  0.2072968E-03
 0.2765093E+02  0.1108987E+01  0.2017949E-03
 0.2792883E+02  0.1084722E+01  0.1964377E-03
 0.2820953E+02  0.1060983E+01  0.1912214E-03
 0.2849302E+02  0.1037760E+01  0.1861424E-03
 0.2877938E+02  0.1015038E+01  0.1811970E-03
 0.2906863E+02  0.9928082E+00  0.1763819E-03
 0.2936078E+02  0.9710607E+00  0.1716936E-03
 0.2965584E+02  0.9497871E+00  0.1671288E-03
 0.2995389E+02  0.9289730E+00  0.1626843E-03
 0.3025494E+02  0.9086110E+00  0.1583569E-03
 0.3055902E+02  0.8886909E+00  0.1541436E-03
 0.3086612E+02  0.8692055E+00  0.1500414E-03
 0.3117633E+02  0.8501415E+00  0.1460474E-03
 0.3148967E+02  0.8314921E+00  0.1421587E-03
 0.3180615E+02  0.8132483E+00  0.1383726E-03
 0.3212578E+02  0.7954029E+00  0.1346865E-03
 0.3244866E+02  0.7779439E+00  0.1310977E-03
 0.3277478E+02  0.7608650E+00  0.1276036E-03
 0.3310418E+02  0.7441579E+00  0.1242019E-03
 0.3343686E+02  0.7278162E+00  0.1208900E-03
 0.3377291E+02  0.7118290E+00  0.1176656E-03
 0.3411235E+02  0.6961901E+00  0.1145264E-03
 0.3445519E+02  0.6808921E+00  0.1114703E-03
 0.3480144E+02  0.6659291E+00  0.1084949E-03
 0.3515121E+02  0.6512909E+00  0.1055983E-03
 0.3550450E+02  0.6369719E+00  0.1027783E-03
 0.3586133E+02  0.6229655E+00  0.1000329E-03
 0.3622172E+02  0.6092661E+00  0.9736015E-04
 0.3658576E+02  0.5958645E+00  0.9475819E-04
 0.3695346E+02  0.5827555E+00  0.9222514E-04
 0.3732486E+02  0.5699329E+00  0.8975918E-04
 0.3769999E+02  0.5573905E+00  0.8735855E-04
 0.3807885E+02  0.5451232E+00  0.8502154E-04
 0.3846156E+02  0.5331231E+00  0.8274647E-04
 0.3884811E+02  0.5213853E+00  0.8053172E-04
 0.3923855E+02  0.5099042E+00  0.7837570E-04
 0.3963288E+02  0.4986753E+00  0.7627686E-04
 0.4003120E+02  0.4876911E+00  0.7423370E-04
 0.4043353E+02  0.4769472E+00  0.7224477E-04
 0.4083990E+02  0.4664386E+00  0.7030862E-04
 0.4125032E+02  0.4561610E+00  0.6842388E-04
 0.4166491E+02  0.4461075E+00  0.6658918E-04
 0.4208366E+02  0.4362742E+00  0.6480322E-04
 0.4250661E+02  0.4266565E+00  0.6306470E-04
 0.4293378E+02  0.4172503E+00  0.6137239E-04
 0.4336528E+02  0.4080495E+00  0.5972505E-04
 0.4380112E+02  0.3990503E+00  0.5812150E-04
 0.4424134E+02  0.3902485E+00  0.5656060E-04
 0.4468594E+02  0.3816406E+00  0.5504122E-04
 0.4513505E+02  0.3732208E+00  0.5356225E-04
 0.4558867E+02  0.3649857E+00  0.5212264E-04
 0.4604686E+02  0.3569312E+00  0.5072135E-04
 0.4650961E+02  0.3490543E+00  0.4935736E-04
 0.4697705E+02  0.3413496E+00  0.4802969E-04
 0.4744918E+02  0.3338141E+00  0.4673738E-04
 0.4792606E+02  0.3264441E+00  0.4547950E-04
 0.4840774E+02  0.3192360E+00  0.4425513E-04
 0.4889421E+02  0.3121869E+00  0.4306339E-04
 0.4938562E+02  0.3052921E+00  0.4190343E-04
 0.4988197E+02  0.2985487E+00  0.4077439E-04
 0.5038330E+02  0.2919537E+00  0.3967547E-04
 0.5088962E+02  0.2855042E+00  0.3860586E-04
 0.5140108E+02  0.2791959E+00  0.3756479E-04
 0.5191768E+02  0.2730265E+00  0.3655151E-04
 0.5243947E+02  0.2669927E+00  0.3556527E-04
 0.5296646E+02  0.2610922E+00  0.3460537E-04
 0.5349880E+02  0.2553209E+00  0.3367110E-04
 0.5403648E+02  0.2496768E+00  0.3276179E-04
 0.5457957E+02  0.2441568E+00  0.3187678E-04
 0.5512806E+02  0.2387589E+00  0.3101541E-04
 0.5568213E+02  0.2334792E+00  0.3017708E-04
 0.5624175E+02  0.2283159E+00  0.2936116E-04
 0.5680700E+02  0.2232663E+00  0.2856706E-04
 0.5737788E+02  0.2183284E+00  0.2779420E-04
 0.5795455E+02  0.2134988E+00  0.2704202E-04
 0.5853702E+02  0.2087756E+00  0.2630996E-04
 0.5912534E+02  0.2041565E+00  0.2559751E-04
 0.5971952E+02  0.1996396E+00  0.2490413E-04
 0.6031972E+02  0.1952219E+00  0.2422932E-04
 0.6092595E+02  0.1909015E+00  0.2357258E-04
 0.6153828E+02  0.1866764E+00  0.2293344E-04
 0.6215677E+02  0.1825445E+00  0.2231143E-04
 0.6278141E+02  0.1785041E+00  0.2170609E-04
 0.6341239E+02  0.1745524E+00  0.2111698E-04
 0.6404971E+02  0.1706879E+00  0.2054367E-04
 0.6469344E+02  0.1669087E+00  0.1998573E-04
 0.6534357E+02  0.1632133E+00  0.1944277E-04
 0.6600030E+02  0.1595990E+00  0.1891438E-04
 0.6666362E+02  0.1560645E+00  0.1840017E-04
 0.6733363E+02  0.1526080E+00  0.1789977E-04
 0.6801028E+02  0.1492281E+00  0.1741281E-04
 0.6869382E+02  0.1459226E+00  0.1693893E-04
 0.6938422E+02  0.1426900E+00  0.1647778E-04
 0.7008156E+02  0.1395288E+00  0.1602902E-04
 0.7078584E+02  0.1364378E+00  0.1559233E-04
 0.7149726E+02  0.1334147E+00  0.1516738E-04
 0.7221584E+02  0.1304584E+00  0.1475386E-04
 0.7294164E+02  0.1275674E+00  0.1435146E-04
 0.7367465E+02  0.1247406E+00  0.1395989E-04
 0.7441512E+02  0.1219759E+00  0.1357885E-04
 0.7516302E+02  0.1192724E+00  0.1320808E-04
 0.7591843E+02  0.1166286E+00  0.1284729E-04
 0.7668137E+02  0.1140435E+00  0.1249622E-04
 0.7745206E+02  0.1115153E+00  0.1215461E-04
 0.7823048E+02  0.1090430E+00  0.1182220E-04
 0.7901672E+02  0.1066254E+00  0.1149875E-04
 0.7981087E+02  0.1042612E+00  0.1118403E-04
 0.8061293E+02  0.1019495E+00  0.1087779E-04
 0.8142312E+02  0.9968878E-01  0.1057980E-04
 0.8224146E+02  0.9747803E-01  0.1028986E-04
 0.8306802E+02  0.9531618E-01  0.1000774E-04
 0.8390280E+02  0.9320236E-01  0.9733236E-05
 0.8474606E+02  0.9113512E-01  0.9466142E-05
 0.8559779E+02  0.8911360E-01  0.9206264E-05
 0.8645808E+02  0.8713685E-01  0.8953411E-05
 0.8732693E+02  0.8520400E-01  0.8707396E-05
 0.8820461E+02  0.8331375E-01  0.8468037E-05
 0.8909109E+02  0.8146535E-01  0.8235158E-05
 0.8998650E+02  0.7965786E-01  0.8008585E-05
 0.9089081E+02  0.7789056E-01  0.7788146E-05
 0.9180430E+02  0.7616221E-01  0.7573669E-05
 0.9272697E+02  0.7447212E-01  0.7364991E-05
 0.9365891E+02  0.7281948E-01  0.7161950E-05
 0.9460014E+02  0.7120357E-01  0.6964392E-05
 0.9555090E+02  0.6962330E-01  0.6772166E-05
 0.9651123E+02  0.6807803E-01  0.6585124E-05
 0.9748120E+02  0.6656700E-01  0.6403136E-05
