 0.1000000E-03  0.5114651E+03  0.1962108E+03
 0.1010050E-03  0.5164474E+03  0.1981222E+03
 0.1020201E-03  0.5214783E+03  0.2000521E+03
 0.1030455E-03  0.5265581E+03  0.2020009E+03
 0.1040811E-03  0.5316873E+03  0.2039686E+03
 0.1051271E-03  0.5368665E+03  0.2059554E+03
 0.1061837E-03  0.5420959E+03  0.2079616E+03
 0.1072508E-03  0.5473763E+03  0.2099872E+03
 0.1083287E-03  0.5527081E+03  0.2120326E+03
 0.1094174E-03  0.5580916E+03  0.2140979E+03
 0.1105171E-03  0.5635276E+03  0.2161833E+03
 0.1116278E-03  0.5690164E+03  0.2182889E+03
 0.1127497E-03  0.5745586E+03  0.2204150E+03
 0.1138828E-03  0.5801547E+03  0.2225618E+03
 0.1150274E-03  0.5858052E+03  0.2247295E+03
 0.1161834E-03  0.5915106E+03  0.2269183E+03
 0.1173511E-03  0.5972715E+03  0.2291283E+03
 0.1185305E-03  0.6030885E+03  0.2313598E+03
 0.1197217E-03  0.6089620E+03  0.2336130E+03
 0.1209250E-03  0.6148926E+03  0.2358882E+03
 0.1221403E-03  0.6208809E+03  0.2381854E+03
 0.1233678E-03  0.6269274E+03  0.2405050E+03
 0.1246077E-03  0.6330327E+03  0.2428472E+03
 0.1258600E-03  0.6391973E+03  0.2452121E+03
 0.1271249E-03  0.6454218E+03  0.2475999E+03
 0.1284025E-03  0.6517067E+03  0.2500110E+03
 0.1296930E-03  0.6580528E+03  0.2524455E+03
 0.1309964E-03  0.6644605E+03  0.2549037E+03
 0.1323130E-03  0.6709306E+03  0.2573858E+03
 0.1336427E-03  0.6774635E+03  0.2598919E+03
 0.1349859E-03  0.6840599E+03  0.2624225E+03
 0.1363425E-03  0.6907203E+03  0.2649776E+03
 0.1377128E-03  0.6974454E+03  0.2675575E+03
 0.1390968E-03  0.7042358E+03  0.2701625E+03
 0.1404948E-03  0.7110922E+03  0.2727928E+03
 0.1419067E-03  0.7180153E+03  0.2754486E+03
 0.1433329E-03  0.7250056E+03  0.2781303E+03
 0.1447735E-03  0.7320637E+03  0.2808380E+03
 0.1462285E-03  0.7391904E+03  0.2835719E+03
 0.1476981E-03  0.7463864E+03  0.2863325E+03
 0.1491825E-03  0.7536521E+03  0.2891198E+03
 0.1506818E-03  0.7609884E+03  0.2919342E+03
 0.1521962E-03  0.7683959E+03  0.2947759E+03
 0.1537257E-03  0.7758753E+03  0.2976452E+03
 0.1552707E-03  0.7834274E+03  0.3005423E+03
 0.1568312E-03  0.7910527E+03  0.3034676E+03
 0.1584074E-03  0.7987521E+03  0.3064213E+03
 0.1599994E-03  0.8065261E+03  0.3094036E+03
 0.1616074E-03  0.8143757E+03  0.3124149E+03
 0.1632316E-03  0.8223013E+03  0.3154553E+03
 0.1648721E-03  0.8303038E+03  0.3185253E+03
 0.1665291E-03  0.8383840E+03  0.3216251E+03
 0.1682028E-03  0.8465425E+03  0.3247549E+03
 0.1698932E-03  0.8547801E+03  0.3279150E+03
 0.1716007E-03  0.8630976E+03  0.3311058E+03
 0.1733253E-03  0.8714957E+03  0.3343276E+03
 0.1750672E-03  0.8799753E+03  0.3375805E+03
 0.1768267E-03  0.8885370E+03  0.3408650E+03
 0.1786038E-03  0.8971818E+03  0.3441814E+03
 0.1803988E-03  0.9059104E+03  0.3475299E+03
 0.1822119E-03  0.9147236E+03  0.3509108E+03
 0.1840431E-03  0.9236221E+03  0.3543246E+03
 0.1858928E-03  0.9326069E+03  0.3577713E+03
 0.1877610E-03  0.9416788E+03  0.3612516E+03
 0.1896481E-03  0.9508386E+03  0.3647655E+03
 0.1915541E-03  0.9600871E+03  0.3683134E+03
 0.1934792E-03  0.9694251E+03  0.3718957E+03
 0.1954237E-03  0.9788535E+03  0.3755127E+03
 0.1973878E-03  0.9883732E+03  0.3791647E+03
 0.1993715E-03  0.9979850E+03  0.3828520E+03
 0.2013753E-03  0.1007690E+04  0.3865750E+03
 0.2033991E-03  0.1017489E+04  0.3903341E+03
 0.2054433E-03  0.1027382E+04  0.3941296E+03
 0.2075081E-03  0.1037372E+04  0.3979618E+03
 0.2095935E-03  0.1047458E+04  0.4018310E+03
 0.2117000E-03  0.1057641E+04  0.4057376E+03
 0.2138276E-03  0.1067923E+04  0.4096821E+03
 0.2159766E-03  0.1078305E+04  0.4136646E+03
 0.2181472E-03  0.1088786E+04  0.4176857E+03
 0.2203396E-03  0.1099370E+04  0.4217457E+03
 0.2225541E-03  0.1110055E+04  0.4258449E+03
 0.2247908E-03  0.1120844E+04  0.4299838E+03
 0.2270500E-03  0.1131737E+04  0.4341626E+03
 0.2293319E-03  0.1142735E+04  0.4383818E+03
 0.2316367E-03  0.1153840E+04  0.4426417E+03
 0.2339647E-03  0.1165051E+04  0.4469428E+03
 0.2363161E-03  0.1176371E+04  0.4512853E+03
 0.2386911E-03  0.1187800E+04  0.4556699E+03
 0.2410900E-03  0.1199340E+04  0.4600967E+03
 0.2435130E-03  0.1210991E+04  0.4645663E+03
 0.2459603E-03  0.1222754E+04  0.4690790E+03
 0.2484322E-03  0.1234631E+04  0.4736352E+03
 0.2509290E-03  0.1246622E+04  0.4782353E+03
 0.2534509E-03  0.1258729E+04  0.4828798E+03
 0.2559981E-03  0.1270952E+04  0.4875690E+03
 0.2585709E-03  0.1283294E+04  0.4923035E+03
 0.2611697E-03  0.1295754E+04  0.4970836E+03
 0.2637944E-03  0.1308334E+04  0.5019098E+03
 0.2664456E-03  0.1321036E+04  0.5067824E+03
 0.2691234E-03  0.1333860E+04  0.5117020E+03
 0.2718282E-03  0.1346807E+04  0.5166689E+03
 0.2745601E-03  0.1359879E+04  0.5216837E+03
 0.2773195E-03  0.1373077E+04  0.5267466E+03
 0.2801066E-03  0.1386401E+04  0.5318583E+03
 0.2829217E-03  0.1399854E+04  0.5370192E+03
 0.2857651E-03  0.1413437E+04  0.5422296E+03
 0.2886371E-03  0.1427149E+04  0.5474902E+03
 0.2915379E-03  0.1440994E+04  0.5528013E+03
 0.2944679E-03  0.1454971E+04  0.5581634E+03
 0.2974274E-03  0.1469083E+04  0.5635771E+03
 0.3004166E-03  0.1483331E+04  0.5690428E+03
 0.3034358E-03  0.1497715E+04  0.5745609E+03
 0.3064854E-03  0.1512237E+04  0.5801320E+03
 0.3095656E-03  0.1526899E+04  0.5857565E+03
 0.3126768E-03  0.1541701E+04  0.5914350E+03
 0.3158193E-03  0.1556645E+04  0.5971681E+03
 0.3189933E-03  0.1571733E+04  0.6029560E+03
 0.3221993E-03  0.1586965E+04  0.6087993E+03
 0.3254374E-03  0.1602342E+04  0.6146986E+03
 0.3287081E-03  0.1617867E+04  0.6206544E+03
 0.3320117E-03  0.1633541E+04  0.6266672E+03
 0.3353484E-03  0.1649365E+04  0.6327377E+03
 0.3387188E-03  0.1665340E+04  0.6388663E+03
 0.3421229E-03  0.1681469E+04  0.6450535E+03
 0.3455614E-03  0.1697751E+04  0.6512998E+03
 0.3490343E-03  0.1714189E+04  0.6576059E+03
 0.3525421E-03  0.1730784E+04  0.6639721E+03
 0.3560852E-03  0.1747538E+04  0.6703992E+03
 0.3596639E-03  0.1764451E+04  0.6768876E+03
 0.3632786E-03  0.1781526E+04  0.6834380E+03
 0.3669296E-03  0.1798764E+04  0.6900508E+03
 0.3706173E-03  0.1816166E+04  0.6967267E+03
 0.3743421E-03  0.1833734E+04  0.7034662E+03
 0.3781043E-03  0.1851470E+04  0.7102700E+03
 0.3819043E-03  0.1869374E+04  0.7171387E+03
 0.3857425E-03  0.1887449E+04  0.7240727E+03
 0.3896193E-03  0.1905696E+04  0.7310727E+03
 0.3935351E-03  0.1924117E+04  0.7381393E+03
 0.3974902E-03  0.1942713E+04  0.7452731E+03
 0.4014850E-03  0.1961485E+04  0.7524747E+03
 0.4055200E-03  0.1980436E+04  0.7597447E+03
 0.4095955E-03  0.1999567E+04  0.7670838E+03
 0.4137120E-03  0.2018879E+04  0.7744926E+03
 0.4178699E-03  0.2038375E+04  0.7819716E+03
 0.4220695E-03  0.2058055E+04  0.7895215E+03
 0.4263114E-03  0.2077923E+04  0.7971431E+03
 0.4305959E-03  0.2097978E+04  0.8048368E+03
 0.4349235E-03  0.2118223E+04  0.8126035E+03
 0.4392946E-03  0.2138660E+04  0.8204436E+03
 0.4437095E-03  0.2159291E+04  0.8283579E+03
 0.4481689E-03  0.2180116E+04  0.8363470E+03
 0.4526730E-03  0.2201138E+04  0.8444117E+03
 0.4572225E-03  0.2222359E+04  0.8525525E+03
 0.4618176E-03  0.2243780E+04  0.8607701E+03
 0.4664590E-03  0.2265403E+04  0.8690654E+03
 0.4711470E-03  0.2287231E+04  0.8774389E+03
 0.4758821E-03  0.2309264E+04  0.8858913E+03
 0.4806648E-03  0.2331504E+04  0.8944233E+03
 0.4854955E-03  0.2353954E+04  0.9030356E+03
 0.4903749E-03  0.2376615E+04  0.9117290E+03
 0.4953032E-03  0.2399489E+04  0.9205040E+03
 0.5002811E-03  0.2422578E+04  0.9293616E+03
 0.5053090E-03  0.2445884E+04  0.9383023E+03
 0.5103875E-03  0.2469409E+04  0.9473269E+03
 0.5155170E-03  0.2493154E+04  0.9564363E+03
 0.5206980E-03  0.2517122E+04  0.9656309E+03
 0.5259311E-03  0.2541314E+04  0.9749117E+03
 0.5312167E-03  0.2565733E+04  0.9842795E+03
 0.5365555E-03  0.2590381E+04  0.9937350E+03
 0.5419480E-03  0.2615259E+04  0.1003279E+04
 0.5473947E-03  0.2640370E+04  0.1012912E+04
 0.5528961E-03  0.2665715E+04  0.1022635E+04
 0.5584528E-03  0.2691296E+04  0.1032448E+04
 0.5640654E-03  0.2717115E+04  0.1042353E+04
 0.5697343E-03  0.2743176E+04  0.1052351E+04
 0.5754603E-03  0.2769479E+04  0.1062442E+04
 0.5812437E-03  0.2796027E+04  0.1072626E+04
 0.5870853E-03  0.2822821E+04  0.1082905E+04
 0.5929856E-03  0.2849865E+04  0.1093279E+04
 0.5989452E-03  0.2877159E+04  0.1103750E+04
 0.6049647E-03  0.2904707E+04  0.1114318E+04
 0.6110447E-03  0.2932510E+04  0.1124984E+04
 0.6171858E-03  0.2960570E+04  0.1135749E+04
 0.6233886E-03  0.2988890E+04  0.1146613E+04
 0.6296537E-03  0.3017472E+04  0.1157578E+04
 0.6359819E-03  0.3046318E+04  0.1168644E+04
 0.6423737E-03  0.3075431E+04  0.1179812E+04
 0.6488296E-03  0.3104812E+04  0.1191083E+04
 0.6553504E-03  0.3134463E+04  0.1202459E+04
 0.6619368E-03  0.3164388E+04  0.1213938E+04
 0.6685894E-03  0.3194588E+04  0.1225524E+04
 0.6753088E-03  0.3225065E+04  0.1237216E+04
 0.6820958E-03  0.3255823E+04  0.1249015E+04
 0.6889509E-03  0.3286862E+04  0.1260922E+04
 0.6958750E-03  0.3318185E+04  0.1272939E+04
 0.7028687E-03  0.3349796E+04  0.1285066E+04
 0.7099326E-03  0.3381696E+04  0.1297303E+04
 0.7170676E-03  0.3413887E+04  0.1309653E+04
 0.7242742E-03  0.3446373E+04  0.1322115E+04
 0.7315534E-03  0.3479155E+04  0.1334691E+04
 0.7389056E-03  0.3512236E+04  0.1347381E+04
 0.7463317E-03  0.3545617E+04  0.1360188E+04
 0.7538325E-03  0.3579303E+04  0.1373110E+04
 0.7614086E-03  0.3613294E+04  0.1386150E+04
 0.7690609E-03  0.3647594E+04  0.1399308E+04
 0.7767901E-03  0.3682204E+04  0.1412586E+04
 0.7845969E-03  0.3717128E+04  0.1425983E+04
 0.7924823E-03  0.3752368E+04  0.1439502E+04
 0.8004468E-03  0.3787927E+04  0.1453143E+04
 0.8084914E-03  0.3823806E+04  0.1466908E+04
 0.8166169E-03  0.3860009E+04  0.1480796E+04
 0.8248240E-03  0.3896538E+04  0.1494809E+04
 0.8331137E-03  0.3933396E+04  0.1508949E+04
 0.8414865E-03  0.3970584E+04  0.1523215E+04
 0.8499436E-03  0.4008106E+04  0.1537610E+04
 0.8584857E-03  0.4045965E+04  0.1552133E+04
 0.8671136E-03  0.4084162E+04  0.1566787E+04
 0.8758283E-03  0.4122701E+04  0.1581571E+04
 0.8846307E-03  0.4161584E+04  0.1596488E+04
 0.8935214E-03  0.4200813E+04  0.1611537E+04
 0.9025013E-03  0.4240393E+04  0.1626721E+04
 0.9115717E-03  0.4280324E+04  0.1642039E+04
 0.9207330E-03  0.4320609E+04  0.1657494E+04
 0.9299867E-03  0.4361252E+04  0.1673085E+04
 0.9393331E-03  0.4402255E+04  0.1688815E+04
 0.9487735E-03  0.4443621E+04  0.1704684E+04
 0.9583089E-03  0.4485352E+04  0.1720693E+04
 0.9679400E-03  0.4527451E+04  0.1736843E+04
 0.9776680E-03  0.4569920E+04  0.1753136E+04
 0.9874937E-03  0.4612763E+04  0.1769571E+04
 0.9974182E-03  0.4655982E+04  0.1786151E+04
 0.1007442E-02  0.4699580E+04  0.1802876E+04
 0.1017567E-02  0.4743560E+04  0.1819748E+04
 0.1027794E-02  0.4787924E+04  0.1836767E+04
 0.1038124E-02  0.4832675E+04  0.1853935E+04
 0.1048557E-02  0.4877816E+04  0.1871252E+04
 0.1059095E-02  0.4923350E+04  0.1888720E+04
 0.1069739E-02  0.4969279E+04  0.1906340E+04
 0.1080490E-02  0.5015606E+04  0.1924112E+04
 0.1091349E-02  0.5062333E+04  0.1942038E+04
 0.1102317E-02  0.5109465E+04  0.1960119E+04
 0.1113396E-02  0.5157003E+04  0.1978355E+04
 0.1124586E-02  0.5204950E+04  0.1996749E+04
 0.1135888E-02  0.5253308E+04  0.2015300E+04
 0.1147304E-02  0.5302082E+04  0.2034011E+04
 0.1158835E-02  0.5351272E+04  0.2052882E+04
 0.1170481E-02  0.5400883E+04  0.2071914E+04
 0.1182245E-02  0.5450917E+04  0.2091108E+04
 0.1194126E-02  0.5501377E+04  0.2110466E+04
 0.1206128E-02  0.5552265E+04  0.2129988E+04
 0.1218249E-02  0.5603584E+04  0.2149675E+04
 0.1230493E-02  0.5655338E+04  0.2169529E+04
 0.1242860E-02  0.5707528E+04  0.2189551E+04
 0.1255351E-02  0.5760158E+04  0.2209741E+04
 0.1267967E-02  0.5813230E+04  0.2230100E+04
 0.1280710E-02  0.5866747E+04  0.2250631E+04
 0.1293582E-02  0.5920711E+04  0.2271333E+04
 0.1306582E-02  0.5975127E+04  0.2292208E+04
 0.1319714E-02  0.6029995E+04  0.2313257E+04
 0.1332977E-02  0.6085320E+04  0.2334481E+04
 0.1346374E-02  0.6141104E+04  0.2355881E+04
 0.1359905E-02  0.6197348E+04  0.2377458E+04
 0.1373572E-02  0.6254058E+04  0.2399213E+04
 0.1387377E-02  0.6311233E+04  0.2421147E+04
 0.1401320E-02  0.6368878E+04  0.2443261E+04
 0.1415404E-02  0.6426995E+04  0.2465556E+04
 0.1429629E-02  0.6485587E+04  0.2488033E+04
 0.1443997E-02  0.6544656E+04  0.2510694E+04
 0.1458509E-02  0.6604206E+04  0.2533538E+04
 0.1473168E-02  0.6664238E+04  0.2556568E+04
 0.1487973E-02  0.6724755E+04  0.2579784E+04
 0.1502928E-02  0.6785760E+04  0.2603187E+04
 0.1518032E-02  0.6847256E+04  0.2626779E+04
 0.1533289E-02  0.6909244E+04  0.2650559E+04
 0.1548699E-02  0.6971728E+04  0.2674529E+04
 0.1564263E-02  0.7034709E+04  0.2698690E+04
 0.1579984E-02  0.7098191E+04  0.2723044E+04
 0.1595863E-02  0.7162177E+04  0.2747590E+04
 0.1611902E-02  0.7226669E+04  0.2772331E+04
 0.1628102E-02  0.7291668E+04  0.2797266E+04
 0.1644465E-02  0.7357177E+04  0.2822397E+04
 0.1660992E-02  0.7423199E+04  0.2847725E+04
 0.1677685E-02  0.7489735E+04  0.2873250E+04
 0.1694546E-02  0.7556789E+04  0.2898973E+04
 0.1711576E-02  0.7624363E+04  0.2924896E+04
 0.1728778E-02  0.7692458E+04  0.2951019E+04
 0.1746152E-02  0.7761077E+04  0.2977343E+04
 0.1763702E-02  0.7830223E+04  0.3003869E+04
 0.1781427E-02  0.7899897E+04  0.3030598E+04
 0.1799331E-02  0.7970102E+04  0.3057530E+04
 0.1817414E-02  0.8040839E+04  0.3084667E+04
 0.1835680E-02  0.8112110E+04  0.3112008E+04
 0.1854128E-02  0.8183919E+04  0.3139556E+04
 0.1872763E-02  0.8256267E+04  0.3167310E+04
 0.1891584E-02  0.8329154E+04  0.3195272E+04
 0.1910595E-02  0.8402585E+04  0.3223442E+04
 0.1929797E-02  0.8476560E+04  0.3251820E+04
 0.1949192E-02  0.8551080E+04  0.3280408E+04
 0.1968782E-02  0.8626148E+04  0.3309206E+04
 0.1988568E-02  0.8701767E+04  0.3338215E+04
 0.2008554E-02  0.8777936E+04  0.3367436E+04
 0.2028740E-02  0.8854658E+04  0.3396868E+04
 0.2049129E-02  0.8931936E+04  0.3426514E+04
 0.2069723E-02  0.9009769E+04  0.3456373E+04
 0.2090524E-02  0.9088159E+04  0.3486445E+04
 0.2111534E-02  0.9167109E+04  0.3516732E+04
 0.2132756E-02  0.9246619E+04  0.3547234E+04
 0.2154190E-02  0.9326690E+04  0.3577952E+04
 0.2175840E-02  0.9407324E+04  0.3608885E+04
 0.2197708E-02  0.9488521E+04  0.3640034E+04
 0.2219795E-02  0.9570285E+04  0.3671401E+04
 0.2242104E-02  0.9652614E+04  0.3702984E+04
 0.2264638E-02  0.9735511E+04  0.3734785E+04
 0.2287398E-02  0.9818976E+04  0.3766805E+04
 0.2310386E-02  0.9903010E+04  0.3799042E+04
 0.2333606E-02  0.9987614E+04  0.3831499E+04
 0.2357059E-02  0.1007279E+05  0.3864173E+04
 0.2380748E-02  0.1015853E+05  0.3897067E+04
 0.2404675E-02  0.1024485E+05  0.3930180E+04
 0.2428842E-02  0.1033174E+05  0.3963512E+04
 0.2453252E-02  0.1041920E+05  0.3997064E+04
 0.2477909E-02  0.1050723E+05  0.4030835E+04
 0.2502812E-02  0.1059583E+05  0.4064827E+04
 0.2527966E-02  0.1068501E+05  0.4099039E+04
 0.2553372E-02  0.1077477E+05  0.4133470E+04
 0.2579034E-02  0.1086509E+05  0.4168121E+04
 0.2604954E-02  0.1095599E+05  0.4202993E+04
 0.2631134E-02  0.1104746E+05  0.4238084E+04
 0.2657577E-02  0.1113951E+05  0.4273395E+04
 0.2684286E-02  0.1123213E+05  0.4308924E+04
 0.2711264E-02  0.1132531E+05  0.4344674E+04
 0.2738512E-02  0.1141907E+05  0.4380642E+04
 0.2766035E-02  0.1151340E+05  0.4416829E+04
 0.2793834E-02  0.1160830E+05  0.4453236E+04
 0.2821912E-02  0.1170377E+05  0.4489859E+04
 0.2850273E-02  0.1179981E+05  0.4526701E+04
 0.2878919E-02  0.1189641E+05  0.4563760E+04
 0.2907852E-02  0.1199358E+05  0.4601036E+04
 0.2937077E-02  0.1209131E+05  0.4638529E+04
 0.2966595E-02  0.1218960E+05  0.4676237E+04
 0.2996410E-02  0.1228846E+05  0.4714160E+04
 0.3026524E-02  0.1238787E+05  0.4752298E+04
 0.3056941E-02  0.1248784E+05  0.4790649E+04
 0.3087664E-02  0.1258837E+05  0.4829213E+04
 0.3118695E-02  0.1268945E+05  0.4867990E+04
 0.3150039E-02  0.1279108E+05  0.4906979E+04
 0.3181698E-02  0.1289326E+05  0.4946177E+04
 0.3213674E-02  0.1299599E+05  0.4985586E+04
 0.3245972E-02  0.1309926E+05  0.5025203E+04
 0.3278595E-02  0.1320307E+05  0.5065028E+04
 0.3311545E-02  0.1330742E+05  0.5105058E+04
 0.3344827E-02  0.1341230E+05  0.5145294E+04
 0.3378443E-02  0.1351772E+05  0.5185734E+04
 0.3412397E-02  0.1362366E+05  0.5226376E+04
 0.3446692E-02  0.1373013E+05  0.5267220E+04
 0.3481332E-02  0.1383712E+05  0.5308264E+04
 0.3516320E-02  0.1394462E+05  0.5349505E+04
 0.3551659E-02  0.1405264E+05  0.5390944E+04
 0.3587354E-02  0.1416117E+05  0.5432577E+04
 0.3623407E-02  0.1427020E+05  0.5474404E+04
 0.3659823E-02  0.1437973E+05  0.5516424E+04
 0.3696605E-02  0.1448976E+05  0.5558633E+04
 0.3733756E-02  0.1460027E+05  0.5601030E+04
 0.3771281E-02  0.1471128E+05  0.5643614E+04
 0.3809183E-02  0.1482276E+05  0.5686383E+04
 0.3847466E-02  0.1493472E+05  0.5729333E+04
 0.3886133E-02  0.1504715E+05  0.5772464E+04
 0.3925190E-02  0.1516004E+05  0.5815772E+04
 0.3964639E-02  0.1527339E+05  0.5859255E+04
 0.4004484E-02  0.1538719E+05  0.5902912E+04
 0.4044729E-02  0.1550144E+05  0.5946740E+04
 0.4085380E-02  0.1561612E+05  0.5990735E+04
 0.4126439E-02  0.1573124E+05  0.6034897E+04
 0.4167911E-02  0.1584678E+05  0.6079222E+04
 0.4209799E-02  0.1596274E+05  0.6123707E+04
 0.4252108E-02  0.1607911E+05  0.6168349E+04
 0.4294842E-02  0.1619588E+05  0.6213146E+04
 0.4338006E-02  0.1631305E+05  0.6258095E+04
 0.4381604E-02  0.1643061E+05  0.6303192E+04
 0.4425640E-02  0.1654854E+05  0.6348435E+04
 0.4470118E-02  0.1666685E+05  0.6393820E+04
 0.4515043E-02  0.1678552E+05  0.6439344E+04
 0.4560420E-02  0.1690454E+05  0.6485003E+04
 0.4606253E-02  0.1702390E+05  0.6530794E+04
 0.4652547E-02  0.1714360E+05  0.6576714E+04
 0.4699306E-02  0.1726363E+05  0.6622759E+04
 0.4746534E-02  0.1738397E+05  0.6668924E+04
 0.4794238E-02  0.1750461E+05  0.6715207E+04
 0.4842421E-02  0.1762555E+05  0.6761603E+04
 0.4891088E-02  0.1774678E+05  0.6808108E+04
 0.4940244E-02  0.1786828E+05  0.6854717E+04
 0.4989895E-02  0.1799004E+05  0.6901428E+04
 0.5040043E-02  0.1811205E+05  0.6948236E+04
 0.5090697E-02  0.1823430E+05  0.6995135E+04
 0.5141859E-02  0.1835679E+05  0.7042122E+04
 0.5193536E-02  0.1847948E+05  0.7089191E+04
 0.5245732E-02  0.1860238E+05  0.7136339E+04
 0.5298453E-02  0.1872547E+05  0.7183559E+04
 0.5351704E-02  0.1884874E+05  0.7230847E+04
 0.5405489E-02  0.1897217E+05  0.7278200E+04
 0.5459815E-02  0.1909576E+05  0.7325610E+04
 0.5514686E-02  0.1921948E+05  0.7373072E+04
 0.5570110E-02  0.1934332E+05  0.7420582E+04
 0.5626089E-02  0.1946728E+05  0.7468134E+04
 0.5682634E-02  0.1959132E+05  0.7515722E+04
 0.5739744E-02  0.1971545E+05  0.7563340E+04
 0.5797431E-02  0.1983964E+05  0.7610982E+04
 0.5855694E-02  0.1996388E+05  0.7658643E+04
 0.5914547E-02  0.2008815E+05  0.7706316E+04
 0.5973987E-02  0.2021244E+05  0.7753996E+04
 0.6034028E-02  0.2033672E+05  0.7801676E+04
 0.6094672E-02  0.2046100E+05  0.7849350E+04
 0.6155923E-02  0.2058524E+05  0.7897012E+04
 0.6217793E-02  0.2070942E+05  0.7944653E+04
 0.6280281E-02  0.2083354E+05  0.7992267E+04
 0.6343401E-02  0.2095757E+05  0.8039848E+04
 0.6407151E-02  0.2108150E+05  0.8087389E+04
 0.6471545E-02  0.2120529E+05  0.8134882E+04
 0.6536584E-02  0.2132895E+05  0.8182320E+04
 0.6602279E-02  0.2145245E+05  0.8229695E+04
 0.6668631E-02  0.2157576E+05  0.8277002E+04
 0.6735654E-02  0.2169887E+05  0.8324230E+04
 0.6803347E-02  0.2182176E+05  0.8371374E+04
 0.6871723E-02  0.2194441E+05  0.8418425E+04
 0.6940783E-02  0.2206679E+05  0.8465374E+04
 0.7010541E-02  0.2218889E+05  0.8512213E+04
 0.7080996E-02  0.2231068E+05  0.8558935E+04
 0.7152163E-02  0.2243214E+05  0.8605529E+04
 0.7224042E-02  0.2255325E+05  0.8651989E+04
 0.7296646E-02  0.2267398E+05  0.8698305E+04
 0.7369977E-02  0.2279431E+05  0.8744469E+04
 0.7444048E-02  0.2291423E+05  0.8790470E+04
 0.7518861E-02  0.2303369E+05  0.8836301E+04
 0.7594428E-02  0.2315269E+05  0.8881952E+04
 0.7670751E-02  0.2327120E+05  0.8927413E+04
 0.7747845E-02  0.2338918E+05  0.8972674E+04
 0.7825714E-02  0.2350662E+05  0.9017726E+04
 0.7904362E-02  0.2362349E+05  0.9062560E+04
 0.7983804E-02  0.2373976E+05  0.9107165E+04
 0.8064041E-02  0.2385541E+05  0.9151531E+04
 0.8145087E-02  0.2397040E+05  0.9195647E+04
 0.8226944E-02  0.2408473E+05  0.9239504E+04
 0.8309629E-02  0.2419834E+05  0.9283090E+04
 0.8393141E-02  0.2431123E+05  0.9326395E+04
 0.8477495E-02  0.2442335E+05  0.9369408E+04
 0.8562692E-02  0.2453468E+05  0.9412118E+04
 0.8648751E-02  0.2464520E+05  0.9454514E+04
 0.8735671E-02  0.2475487E+05  0.9496585E+04
 0.8823467E-02  0.2486366E+05  0.9538320E+04
 0.8912142E-02  0.2497154E+05  0.9579706E+04
 0.9001712E-02  0.2507848E+05  0.9620732E+04
 0.9092180E-02  0.2518445E+05  0.9661385E+04
 0.9183560E-02  0.2528942E+05  0.9701654E+04
 0.9275854E-02  0.2539336E+05  0.9741528E+04
 0.9369079E-02  0.2549623E+05  0.9780993E+04
 0.9463238E-02  0.2559801E+05  0.9820038E+04
 0.9558347E-02  0.2569866E+05  0.9858649E+04
 0.9654408E-02  0.2579814E+05  0.9896814E+04
 0.9751439E-02  0.2589643E+05  0.9934520E+04
 0.9849439E-02  0.2599349E+05  0.9971753E+04
 0.9948431E-02  0.2608928E+05  0.1000850E+05
 0.1004842E-01  0.2618378E+05  0.1004475E+05
 0.1014940E-01  0.2627694E+05  0.1008049E+05
 0.1025141E-01  0.2636874E+05  0.1011571E+05
 0.1035443E-01  0.2645913E+05  0.1015038E+05
 0.1045850E-01  0.2654808E+05  0.1018451E+05
 0.1056361E-01  0.2663556E+05  0.1021807E+05
 0.1066978E-01  0.2672152E+05  0.1025104E+05
 0.1077701E-01  0.2680593E+05  0.1028343E+05
 0.1088532E-01  0.2688876E+05  0.1031520E+05
 0.1099471E-01  0.2696997E+05  0.1034636E+05
 0.1110522E-01  0.2704952E+05  0.1037687E+05
 0.1121682E-01  0.2712737E+05  0.1040674E+05
 0.1132956E-01  0.2720349E+05  0.1043594E+05
 0.1144342E-01  0.2727783E+05  0.1046446E+05
 0.1155843E-01  0.2735035E+05  0.1049228E+05
 0.1167459E-01  0.2742103E+05  0.1051939E+05
 0.1179192E-01  0.2748982E+05  0.1054578E+05
 0.1191043E-01  0.2755669E+05  0.1057144E+05
 0.1203014E-01  0.2762159E+05  0.1059633E+05
 0.1215104E-01  0.2768448E+05  0.1062046E+05
 0.1227316E-01  0.2774532E+05  0.1064380E+05
 0.1239651E-01  0.2780408E+05  0.1066634E+05
 0.1252109E-01  0.2786071E+05  0.1068806E+05
 0.1264693E-01  0.2791518E+05  0.1070896E+05
 0.1277404E-01  0.2796745E+05  0.1072901E+05
 0.1290242E-01  0.2801747E+05  0.1074820E+05
 0.1303209E-01  0.2806521E+05  0.1076652E+05
 0.1316307E-01  0.2811063E+05  0.1078394E+05
 0.1329536E-01  0.2815369E+05  0.1080046E+05
 0.1342898E-01  0.2819434E+05  0.1081605E+05
 0.1356394E-01  0.2823255E+05  0.1083071E+05
 0.1370026E-01  0.2826828E+05  0.1084442E+05
 0.1383795E-01  0.2830150E+05  0.1085716E+05
 0.1397703E-01  0.2833216E+05  0.1086892E+05
 0.1411749E-01  0.2836022E+05  0.1087969E+05
 0.1425938E-01  0.2838564E+05  0.1088944E+05
 0.1440268E-01  0.2840840E+05  0.1089817E+05
 0.1454744E-01  0.2842844E+05  0.1090586E+05
 0.1469364E-01  0.2844573E+05  0.1091249E+05
 0.1484132E-01  0.2846024E+05  0.1091806E+05
 0.1499047E-01  0.2847193E+05  0.1092254E+05
 0.1514113E-01  0.2848075E+05  0.1092593E+05
 0.1529330E-01  0.2848669E+05  0.1092821E+05
 0.1544700E-01  0.2848969E+05  0.1092936E+05
 0.1560224E-01  0.2848974E+05  0.1092938E+05
 0.1575905E-01  0.2848678E+05  0.1092824E+05
 0.1591743E-01  0.2848080E+05  0.1092595E+05
 0.1607740E-01  0.2847176E+05  0.1092248E+05
 0.1623898E-01  0.2845962E+05  0.1091782E+05
 0.1640219E-01  0.2844437E+05  0.1091197E+05
 0.1656703E-01  0.2842596E+05  0.1090491E+05
 0.1673353E-01  0.2840437E+05  0.1089663E+05
 0.1690171E-01  0.2837957E+05  0.1088711E+05
 0.1707157E-01  0.2835153E+05  0.1087636E+05
 0.1724315E-01  0.2832024E+05  0.1086435E+05
 0.1741644E-01  0.2828566E+05  0.1085109E+05
 0.1759149E-01  0.2824777E+05  0.1083655E+05
 0.1776828E-01  0.2820655E+05  0.1082074E+05
 0.1794686E-01  0.2816199E+05  0.1080364E+05
 0.1812722E-01  0.2811405E+05  0.1078525E+05
 0.1830941E-01  0.2806274E+05  0.1076557E+05
 0.1849341E-01  0.2800802E+05  0.1074458E+05
 0.1867928E-01  0.2794989E+05  0.1072228E+05
 0.1886700E-01  0.2788833E+05  0.1069866E+05
 0.1905663E-01  0.2782334E+05  0.1067373E+05
 0.1924814E-01  0.2775490E+05  0.1064748E+05
 0.1944160E-01  0.2768302E+05  0.1061990E+05
 0.1963698E-01  0.2760768E+05  0.1059099E+05
 0.1983434E-01  0.2752888E+05  0.1056077E+05
 0.2003367E-01  0.2744662E+05  0.1052921E+05
 0.2023502E-01  0.2736090E+05  0.1049633E+05
 0.2043838E-01  0.2727174E+05  0.1046212E+05
 0.2064379E-01  0.2717913E+05  0.1042659E+05
 0.2085126E-01  0.2708308E+05  0.1038975E+05
 0.2106083E-01  0.2698361E+05  0.1035159E+05
 0.2127249E-01  0.2688073E+05  0.1031212E+05
 0.2148628E-01  0.2677446E+05  0.1027135E+05
 0.2170223E-01  0.2666481E+05  0.1022929E+05
 0.2192033E-01  0.2655182E+05  0.1018594E+05
 0.2214064E-01  0.2643549E+05  0.1014132E+05
 0.2236315E-01  0.2631588E+05  0.1009543E+05
 0.2258791E-01  0.2619299E+05  0.1004828E+05
 0.2281492E-01  0.2606687E+05  0.9999901E+04
 0.2304422E-01  0.2593754E+05  0.9950291E+04
 0.2327581E-01  0.2580507E+05  0.9899470E+04
 0.2350974E-01  0.2566948E+05  0.9847455E+04
 0.2374601E-01  0.2553082E+05  0.9794262E+04
 0.2398467E-01  0.2538915E+05  0.9739912E+04
 0.2422572E-01  0.2524451E+05  0.9684425E+04
 0.2446919E-01  0.2509696E+05  0.9627822E+04
 0.2471511E-01  0.2494656E+05  0.9570125E+04
 0.2496350E-01  0.2479338E+05  0.9511360E+04
 0.2521438E-01  0.2463747E+05  0.9451551E+04
 0.2546780E-01  0.2447891E+05  0.9390722E+04
 0.2572375E-01  0.2431777E+05  0.9328905E+04
 0.2598228E-01  0.2415413E+05  0.9266127E+04
 0.2624340E-01  0.2398806E+05  0.9202419E+04
 0.2650716E-01  0.2381965E+05  0.9137814E+04
 0.2677355E-01  0.2364899E+05  0.9072343E+04
 0.2704264E-01  0.2347615E+05  0.9006038E+04
 0.2731441E-01  0.2330124E+05  0.8938938E+04
 0.2758893E-01  0.2312435E+05  0.8871078E+04
 0.2786620E-01  0.2294557E+05  0.8802495E+04
 0.2814627E-01  0.2276501E+05  0.8733229E+04
 0.2842915E-01  0.2258278E+05  0.8663319E+04
 0.2871486E-01  0.2239897E+05  0.8592807E+04
 0.2900345E-01  0.2221371E+05  0.8521733E+04
 0.2929494E-01  0.2202709E+05  0.8450142E+04
 0.2958936E-01  0.2183924E+05  0.8378078E+04
 0.2988673E-01  0.2165027E+05  0.8305585E+04
 0.3018711E-01  0.2146030E+05  0.8232709E+04
 0.3049048E-01  0.2126946E+05  0.8159497E+04
 0.3079693E-01  0.2107787E+05  0.8085997E+04
 0.3110643E-01  0.2088564E+05  0.8012255E+04
 0.3141906E-01  0.2069292E+05  0.7938322E+04
 0.3173482E-01  0.2049983E+05  0.7864246E+04
 0.3205377E-01  0.2030648E+05  0.7790075E+04
 0.3237591E-01  0.2011303E+05  0.7715862E+04
 0.3270130E-01  0.1991960E+05  0.7641657E+04
 0.3302995E-01  0.1972632E+05  0.7567508E+04
 0.3336191E-01  0.1953332E+05  0.7493469E+04
 0.3369720E-01  0.1934073E+05  0.7419589E+04
 0.3403587E-01  0.1914870E+05  0.7345920E+04
 0.3437792E-01  0.1895735E+05  0.7272512E+04
 0.3472343E-01  0.1876680E+05  0.7199416E+04
 0.3507240E-01  0.1857721E+05  0.7126681E+04
 0.3542489E-01  0.1838868E+05  0.7054358E+04
 0.3578091E-01  0.1820136E+05  0.6982495E+04
 0.3614052E-01  0.1801536E+05  0.6911142E+04
 0.3650375E-01  0.1783081E+05  0.6840346E+04
 0.3687061E-01  0.1764784E+05  0.6770154E+04
 0.3724117E-01  0.1746657E+05  0.6700612E+04
 0.3761544E-01  0.1728710E+05  0.6631765E+04
 0.3799349E-01  0.1710956E+05  0.6563656E+04
 0.3837533E-01  0.1693406E+05  0.6496328E+04
 0.3876101E-01  0.1676070E+05  0.6429822E+04
 0.3915056E-01  0.1658958E+05  0.6364177E+04
 0.3954403E-01  0.1642080E+05  0.6299430E+04
 0.3994145E-01  0.1625446E+05  0.6235618E+04
 0.4034288E-01  0.1609065E+05  0.6172775E+04
 0.4074832E-01  0.1592944E+05  0.6110932E+04
 0.4115786E-01  0.1577092E+05  0.6050119E+04
 0.4157149E-01  0.1561515E+05  0.5990362E+04
 0.4198930E-01  0.1546221E+05  0.5931689E+04
 0.4241129E-01  0.1531214E+05  0.5874119E+04
 0.4283754E-01  0.1516500E+05  0.5817673E+04
 0.4326805E-01  0.1502084E+05  0.5762369E+04
 0.4370292E-01  0.1487969E+05  0.5708220E+04
 0.4414213E-01  0.1474158E+05  0.5655237E+04
 0.4458577E-01  0.1460653E+05  0.5603429E+04
 0.4503385E-01  0.1447455E+05  0.5552800E+04
 0.4548647E-01  0.1434565E+05  0.5503351E+04
 0.4594360E-01  0.1421983E+05  0.5455082E+04
 0.4640535E-01  0.1409707E+05  0.5407987E+04
 0.4687174E-01  0.1397733E+05  0.5362055E+04
 0.4734280E-01  0.1386061E+05  0.5317276E+04
 0.4781862E-01  0.1374684E+05  0.5273632E+04
 0.4829919E-01  0.1363598E+05  0.5231101E+04
 0.4878461E-01  0.1352796E+05  0.5189663E+04
 0.4927490E-01  0.1342271E+05  0.5149288E+04
 0.4977012E-01  0.1332015E+05  0.5109943E+04
 0.5027031E-01  0.1322018E+05  0.5071593E+04
 0.5077555E-01  0.1312270E+05  0.5034196E+04
 0.5128584E-01  0.1302759E+05  0.4997710E+04
 0.5180128E-01  0.1293474E+05  0.4962088E+04
 0.5232188E-01  0.1284399E+05  0.4927275E+04
 0.5284774E-01  0.1275521E+05  0.4893216E+04
 0.5337885E-01  0.1266823E+05  0.4859851E+04
 0.5391533E-01  0.1258290E+05  0.4827116E+04
 0.5445718E-01  0.1249904E+05  0.4794945E+04
 0.5500449E-01  0.1241646E+05  0.4763265E+04
 0.5555728E-01  0.1233497E+05  0.4732004E+04
 0.5611565E-01  0.1225437E+05  0.4701084E+04
 0.5667961E-01  0.1217446E+05  0.4670425E+04
 0.5724927E-01  0.1209500E+05  0.4639946E+04
 0.5782462E-01  0.1201580E+05  0.4609560E+04
 0.5840577E-01  0.1193661E+05  0.4579182E+04
 0.5899275E-01  0.1185721E+05  0.4548723E+04
 0.5958565E-01  0.1177738E+05  0.4518096E+04
 0.6018448E-01  0.1169687E+05  0.4487210E+04
 0.6078936E-01  0.1161545E+05  0.4455976E+04
 0.6140032E-01  0.1153289E+05  0.4424305E+04
 0.6201738E-01  0.1144897E+05  0.4392110E+04
 0.6264068E-01  0.1136345E+05  0.4359305E+04
 0.6327021E-01  0.1127613E+05  0.4325807E+04
 0.6390611E-01  0.1118680E+05  0.4291537E+04
 0.6454836E-01  0.1109525E+05  0.4256416E+04
 0.6519710E-01  0.1100130E+05  0.4220374E+04
 0.6585231E-01  0.1090477E+05  0.4183344E+04
 0.6651416E-01  0.1080551E+05  0.4145266E+04
 0.6718262E-01  0.1070338E+05  0.4106086E+04
 0.6785783E-01  0.1059826E+05  0.4065758E+04
 0.6853980E-01  0.1049005E+05  0.4024245E+04
 0.6922866E-01  0.1037867E+05  0.3981517E+04
 0.6992439E-01  0.1026407E+05  0.3937554E+04
 0.7062717E-01  0.1014624E+05  0.3892352E+04
 0.7133696E-01  0.1002518E+05  0.3845910E+04
 0.7205392E-01  0.9900919E+04  0.3798240E+04
 0.7277806E-01  0.9773506E+04  0.3749361E+04
 0.7350951E-01  0.9643038E+04  0.3699311E+04
 0.7424828E-01  0.9509636E+04  0.3648134E+04
 0.7499450E-01  0.9373447E+04  0.3595889E+04
 0.7574818E-01  0.9234653E+04  0.3542644E+04
 0.7650949E-01  0.9093464E+04  0.3488480E+04
 0.7727841E-01  0.8950118E+04  0.3433489E+04
 0.7805508E-01  0.8804880E+04  0.3377772E+04
 0.7883957E-01  0.8658040E+04  0.3321441E+04
 0.7963189E-01  0.8509908E+04  0.3264614E+04
 0.8043223E-01  0.8360825E+04  0.3207422E+04
 0.8124056E-01  0.8211142E+04  0.3149999E+04
 0.8205707E-01  0.8061224E+04  0.3092487E+04
 0.8288173E-01  0.7911454E+04  0.3036247E+04
 0.8371472E-01  0.7762222E+04  0.2980743E+04
 0.8455605E-01  0.7613922E+04  0.2925615E+04
 0.8540588E-01  0.7466950E+04  0.2871007E+04
 0.8626419E-01  0.7321703E+04  0.2817065E+04
 0.8713119E-01  0.7178569E+04  0.2763929E+04
 0.8800685E-01  0.7038618E+04  0.2711736E+04
 0.8889135E-01  0.6909344E+04  0.2660621E+04
 0.8978470E-01  0.6783195E+04  0.2610709E+04
 0.9068707E-01  0.6660477E+04  0.2562118E+04
 0.9159847E-01  0.6541471E+04  0.2514958E+04
 0.9251907E-01  0.6426434E+04  0.2469328E+04
 0.9344888E-01  0.6315593E+04  0.2425315E+04
 0.9438808E-01  0.6209145E+04  0.2382997E+04
 0.9533668E-01  0.6107249E+04  0.2342434E+04
 0.9629484E-01  0.6010036E+04  0.2303677E+04
 0.9726260E-01  0.5917591E+04  0.2266759E+04
 0.9824013E-01  0.5829966E+04  0.2231699E+04
 0.9922744E-01  0.5747167E+04  0.2198501E+04
 0.1002247E+00  0.5669170E+04  0.2167154E+04
 0.1012320E+00  0.5595899E+04  0.2137628E+04
 0.1022494E+00  0.5527241E+04  0.2109878E+04
 0.1032770E+00  0.5463043E+04  0.2083846E+04
 0.1043150E+00  0.5403109E+04  0.2059453E+04
 0.1053634E+00  0.5347207E+04  0.2036610E+04
 0.1064223E+00  0.5295043E+04  0.2015201E+04
 0.1074918E+00  0.5246316E+04  0.1995110E+04
 0.1085721E+00  0.5200719E+04  0.1976216E+04
 0.1096633E+00  0.5157875E+04  0.1958373E+04
 0.1107654E+00  0.5117362E+04  0.1941419E+04
 0.1118787E+00  0.5078728E+04  0.1925178E+04
 0.1130030E+00  0.5041503E+04  0.1909468E+04
 0.1141388E+00  0.5005202E+04  0.1894104E+04
 0.1152858E+00  0.4969339E+04  0.1878900E+04
 0.1164445E+00  0.4933434E+04  0.1863671E+04
 0.1176148E+00  0.4897022E+04  0.1848241E+04
 0.1187968E+00  0.4859657E+04  0.1832441E+04
 0.1199907E+00  0.4820918E+04  0.1816113E+04
 0.1211967E+00  0.4780418E+04  0.1799111E+04
 0.1224147E+00  0.4737799E+04  0.1781301E+04
 0.1236450E+00  0.4692744E+04  0.1762566E+04
 0.1248876E+00  0.4644982E+04  0.1742806E+04
 0.1261428E+00  0.4594298E+04  0.1721942E+04
 0.1274105E+00  0.4540540E+04  0.1699920E+04
 0.1286911E+00  0.4483631E+04  0.1676714E+04
 0.1299845E+00  0.4423574E+04  0.1652328E+04
 0.1312908E+00  0.4360470E+04  0.1626802E+04
 0.1326103E+00  0.4294493E+04  0.1600205E+04
 0.1339431E+00  0.4225906E+04  0.1572637E+04
 0.1352892E+00  0.4155053E+04  0.1544230E+04
 0.1366489E+00  0.4082324E+04  0.1515132E+04
 0.1380222E+00  0.4008150E+04  0.1485505E+04
 0.1394094E+00  0.3933016E+04  0.1455534E+04
 0.1408105E+00  0.3857439E+04  0.1425413E+04
 0.1422256E+00  0.3781936E+04  0.1395338E+04
 0.1436550E+00  0.3707010E+04  0.1365499E+04
 0.1450988E+00  0.3633177E+04  0.1336091E+04
 0.1465571E+00  0.3560960E+04  0.1307311E+04
 0.1480300E+00  0.3490850E+04  0.1279346E+04
 0.1495177E+00  0.3423293E+04  0.1252365E+04
 0.1510203E+00  0.3358688E+04  0.1226519E+04
 0.1525382E+00  0.3297383E+04  0.1201941E+04
 0.1540712E+00  0.3239631E+04  0.1178728E+04
 0.1556196E+00  0.3185593E+04  0.1156941E+04
 0.1571836E+00  0.3135355E+04  0.1136612E+04
 0.1587633E+00  0.3088938E+04  0.1117749E+04
 0.1603589E+00  0.3046282E+04  0.1100331E+04
 0.1619706E+00  0.3007254E+04  0.1084303E+04
 0.1635984E+00  0.2971649E+04  0.1069589E+04
 0.1652426E+00  0.2939203E+04  0.1056086E+04
 0.1669033E+00  0.2909587E+04  0.1043669E+04
 0.1685807E+00  0.2882408E+04  0.1032185E+04
 0.1702750E+00  0.2857205E+04  0.1021461E+04
 0.1719863E+00  0.2833473E+04  0.1011302E+04
 0.1737148E+00  0.2810689E+04  0.1001511E+04
 0.1754606E+00  0.2788325E+04  0.9918889E+03
 0.1772241E+00  0.2765868E+04  0.9822418E+03
 0.1790052E+00  0.2742840E+04  0.9723910E+03
 0.1808042E+00  0.2718799E+04  0.9621714E+03
 0.1826213E+00  0.2693361E+04  0.9514413E+03
 0.1844567E+00  0.2666215E+04  0.9400857E+03
 0.1863105E+00  0.2637112E+04  0.9280135E+03
 0.1881830E+00  0.2605898E+04  0.9151687E+03
 0.1900742E+00  0.2572536E+04  0.9015394E+03
 0.1919845E+00  0.2537098E+04  0.8871529E+03
 0.1939140E+00  0.2499753E+04  0.8720735E+03
 0.1958629E+00  0.2460789E+04  0.8564083E+03
 0.1978313E+00  0.2420566E+04  0.8402916E+03
 0.1998196E+00  0.2379488E+04  0.8238734E+03
 0.2018277E+00  0.2337994E+04  0.8073175E+03
 0.2038562E+00  0.2296548E+04  0.7907963E+03
 0.2059049E+00  0.2255619E+04  0.7744848E+03
 0.2079744E+00  0.2215668E+04  0.7585561E+03
 0.2100645E+00  0.2177121E+04  0.7431702E+03
 0.2121757E+00  0.2140342E+04  0.7284637E+03
 0.2143081E+00  0.2105611E+04  0.7145434E+03
 0.2164619E+00  0.2073120E+04  0.7014814E+03
 0.2186375E+00  0.2042964E+04  0.6893150E+03
 0.2208348E+00  0.2015149E+04  0.6780466E+03
 0.2230542E+00  0.1989606E+04  0.6676509E+03
 0.2252959E+00  0.1966191E+04  0.6580732E+03
 0.2275602E+00  0.1944669E+04  0.6492252E+03
 0.2298472E+00  0.1924735E+04  0.6409912E+03
 0.2321572E+00  0.1906027E+04  0.6332347E+03
 0.2344904E+00  0.1888145E+04  0.6258047E+03
 0.2368471E+00  0.1870691E+04  0.6185512E+03
 0.2392274E+00  0.1853284E+04  0.6113307E+03
 0.2416317E+00  0.1835576E+04  0.6040128E+03
 0.2440601E+00  0.1817262E+04  0.5964838E+03
 0.2465130E+00  0.1798099E+04  0.5886523E+03
 0.2489904E+00  0.1777921E+04  0.5804563E+03
 0.2514929E+00  0.1756656E+04  0.5718689E+03
 0.2540204E+00  0.1734349E+04  0.5629063E+03
 0.2565734E+00  0.1711131E+04  0.5536172E+03
 0.2591519E+00  0.1687200E+04  0.5440753E+03
 0.2617565E+00  0.1662812E+04  0.5343748E+03
 0.2643872E+00  0.1638252E+04  0.5246229E+03
 0.2670444E+00  0.1613837E+04  0.5149377E+03
 0.2697281E+00  0.1589886E+04  0.5054391E+03
 0.2724390E+00  0.1566688E+04  0.4962364E+03
 0.2751770E+00  0.1544474E+04  0.4874171E+03
 0.2779426E+00  0.1523399E+04  0.4790407E+03
 0.2807361E+00  0.1503553E+04  0.4711425E+03
 0.2835574E+00  0.1484962E+04  0.4637324E+03
 0.2864073E+00  0.1467577E+04  0.4567935E+03
 0.2892857E+00  0.1451280E+04  0.4502809E+03
 0.2921931E+00  0.1435882E+04  0.4441234E+03
 0.2951296E+00  0.1421156E+04  0.4382353E+03
 0.2980958E+00  0.1406864E+04  0.4325257E+03
 0.3010918E+00  0.1392775E+04  0.4269067E+03
 0.3041176E+00  0.1378673E+04  0.4212960E+03
 0.3071741E+00  0.1364365E+04  0.4156200E+03
 0.3102613E+00  0.1349715E+04  0.4098261E+03
 0.3133796E+00  0.1334657E+04  0.4038890E+03
 0.3165288E+00  0.1319201E+04  0.3978110E+03
 0.3197101E+00  0.1303409E+04  0.3916155E+03
 0.3229233E+00  0.1287386E+04  0.3853414E+03
 0.3261688E+00  0.1271278E+04  0.3790442E+03
 0.3294466E+00  0.1255263E+04  0.3727912E+03
 0.3327577E+00  0.1239519E+04  0.3666504E+03
 0.3361020E+00  0.1224193E+04  0.3606791E+03
 0.3394800E+00  0.1209397E+04  0.3549205E+03
 0.3428916E+00  0.1195204E+04  0.3494037E+03
 0.3463378E+00  0.1181646E+04  0.3441416E+03
 0.3498186E+00  0.1168700E+04  0.3391260E+03
 0.3533344E+00  0.1156288E+04  0.3343273E+03
 0.3568852E+00  0.1144305E+04  0.3297052E+03
 0.3604721E+00  0.1132635E+04  0.3252148E+03
 0.3640950E+00  0.1121156E+04  0.3208083E+03
 0.3677543E+00  0.1109747E+04  0.3164385E+03
 0.3714503E+00  0.1098313E+04  0.3120674E+03
 0.3751832E+00  0.1086802E+04  0.3076749E+03
 0.3789539E+00  0.1075202E+04  0.3032547E+03
 0.3827626E+00  0.1063524E+04  0.2988116E+03
 0.3866095E+00  0.1051818E+04  0.2943635E+03
 0.3904947E+00  0.1040161E+04  0.2899412E+03
 0.3944193E+00  0.1028639E+04  0.2855778E+03
 0.3983834E+00  0.1017322E+04  0.2813017E+03
 0.4023873E+00  0.1006271E+04  0.2771373E+03
 0.4064311E+00  0.9955317E+03  0.2731031E+03
 0.4105158E+00  0.9851149E+03  0.2692039E+03
 0.4146417E+00  0.9749986E+03  0.2654315E+03
 0.4188090E+00  0.9651459E+03  0.2617713E+03
 0.4230178E+00  0.9555090E+03  0.2582043E+03
 0.4272693E+00  0.9460247E+03  0.2547052E+03
 0.4315636E+00  0.9366351E+03  0.2512504E+03
 0.4359009E+00  0.9273037E+03  0.2478246E+03
 0.4402815E+00  0.9180079E+03  0.2444184E+03
 0.4447065E+00  0.9087379E+03  0.2410274E+03
 0.4491760E+00  0.8995103E+03  0.2376580E+03
 0.4536904E+00  0.8903565E+03  0.2343229E+03
 0.4582497E+00  0.8813063E+03  0.2310342E+03
 0.4628553E+00  0.8723904E+03  0.2278048E+03
 0.4675072E+00  0.8636384E+03  0.2246471E+03
 0.4722058E+00  0.8550605E+03  0.2215657E+03
 0.4769517E+00  0.8466528E+03  0.2185592E+03
 0.4817448E+00  0.8384071E+03  0.2156244E+03
 0.4865865E+00  0.8302997E+03  0.2127515E+03
 0.4914769E+00  0.8223024E+03  0.2099287E+03
 0.4964164E+00  0.8143960E+03  0.2071478E+03
 0.5014051E+00  0.8065630E+03  0.2044011E+03
 0.5064444E+00  0.7987913E+03  0.2016833E+03
 0.5115344E+00  0.7910855E+03  0.1989962E+03
 0.5166755E+00  0.7834525E+03  0.1963427E+03
 0.5218678E+00  0.7759020E+03  0.1937269E+03
 0.5271128E+00  0.7684490E+03  0.1911555E+03
 0.5324105E+00  0.7611008E+03  0.1886318E+03
 0.5377614E+00  0.7538595E+03  0.1861570E+03
 0.5431656E+00  0.7467264E+03  0.1837315E+03
 0.5486246E+00  0.7396907E+03  0.1813510E+03
 0.5541385E+00  0.7327431E+03  0.1790114E+03
 0.5597079E+00  0.7258753E+03  0.1767088E+03
 0.5653326E+00  0.7190768E+03  0.1744385E+03
 0.5710145E+00  0.7123446E+03  0.1721993E+03
 0.5767534E+00  0.7056778E+03  0.1699905E+03
 0.5825500E+00  0.6990771E+03  0.1678126E+03
 0.5884043E+00  0.6925492E+03  0.1656686E+03
 0.5943180E+00  0.6860941E+03  0.1635587E+03
 0.6002911E+00  0.6797151E+03  0.1614844E+03
 0.6063243E+00  0.6734116E+03  0.1594457E+03
 0.6124181E+00  0.6671793E+03  0.1574406E+03
 0.6185725E+00  0.6610165E+03  0.1554683E+03
 0.6247894E+00  0.6549159E+03  0.1535255E+03
 0.6310688E+00  0.6488762E+03  0.1516116E+03
 0.6374113E+00  0.6428943E+03  0.1497250E+03
 0.6438169E+00  0.6369696E+03  0.1478655E+03
 0.6502875E+00  0.6311028E+03  0.1460335E+03
 0.6568232E+00  0.6252931E+03  0.1442287E+03
 0.6634245E+00  0.6195423E+03  0.1424521E+03
 0.6700915E+00  0.6138486E+03  0.1407027E+03
 0.6768262E+00  0.6082111E+03  0.1389805E+03
 0.6836286E+00  0.6026272E+03  0.1372840E+03
 0.6904994E+00  0.5970955E+03  0.1356125E+03
 0.6974385E+00  0.5916143E+03  0.1339653E+03
 0.7044480E+00  0.5861816E+03  0.1323414E+03
 0.7115280E+00  0.5807973E+03  0.1307408E+03
 0.7186791E+00  0.5754605E+03  0.1291631E+03
 0.7259014E+00  0.5701716E+03  0.1276085E+03
 0.7331970E+00  0.5649286E+03  0.1260761E+03
 0.7405660E+00  0.5597316E+03  0.1245661E+03
 0.7480090E+00  0.5545787E+03  0.1230774E+03
 0.7555260E+00  0.5494698E+03  0.1216100E+03
 0.7631193E+00  0.5444025E+03  0.1201628E+03
 0.7707890E+00  0.5393768E+03  0.1187358E+03
 0.7785358E+00  0.5343916E+03  0.1173283E+03
 0.7863603E+00  0.5294467E+03  0.1159404E+03
 0.7942628E+00  0.5245414E+03  0.1145716E+03
 0.8022455E+00  0.5196746E+03  0.1132216E+03
 0.8103084E+00  0.5148459E+03  0.1118901E+03
 0.8184523E+00  0.5100543E+03  0.1105765E+03
 0.8266773E+00  0.5052997E+03  0.1092808E+03
 0.8349857E+00  0.5005802E+03  0.1080021E+03
 0.8433776E+00  0.4958961E+03  0.1067405E+03
 0.8518539E+00  0.4912464E+03  0.1054955E+03
 0.8604146E+00  0.4866312E+03  0.1042671E+03
 0.8690621E+00  0.4820492E+03  0.1030547E+03
 0.8777965E+00  0.4774999E+03  0.1018581E+03
 0.8866187E+00  0.4729832E+03  0.1006771E+03
 0.8955287E+00  0.4684984E+03  0.9951128E+02
 0.9045292E+00  0.4640446E+03  0.9836038E+02
 0.9136200E+00  0.4596215E+03  0.9722408E+02
 0.9228023E+00  0.4552286E+03  0.9610213E+02
 0.9320760E+00  0.4508660E+03  0.9499445E+02
 0.9414436E+00  0.4465324E+03  0.9390048E+02
 0.9509056E+00  0.4422277E+03  0.9282017E+02
 0.9604625E+00  0.4379516E+03  0.9175324E+02
 0.9701146E+00  0.4337037E+03  0.9069939E+02
 0.9798646E+00  0.4294834E+03  0.8965842E+02
 0.9897127E+00  0.4252904E+03  0.8863009E+02
 0.9996597E+00  0.4211242E+03  0.8761410E+02
 0.1009707E+01  0.4169848E+03  0.8661036E+02
 0.1019854E+01  0.4128720E+03  0.8561867E+02
 0.1030104E+01  0.4087848E+03  0.8463864E+02
 0.1040457E+01  0.4047233E+03  0.8367021E+02
 0.1050914E+01  0.4006872E+03  0.8271315E+02
 0.1061475E+01  0.3966765E+03  0.8176729E+02
 0.1072143E+01  0.3926904E+03  0.8083236E+02
 0.1082918E+01  0.3887289E+03  0.7990826E+02
 0.1093802E+01  0.3847917E+03  0.7899474E+02
 0.1104794E+01  0.3808789E+03  0.7809170E+02
 0.1115898E+01  0.3769898E+03  0.7719888E+02
 0.1127113E+01  0.3731242E+03  0.7631616E+02
 0.1138441E+01  0.3692823E+03  0.7544335E+02
 0.1149882E+01  0.3654639E+03  0.7458034E+02
 0.1161438E+01  0.3616683E+03  0.7372686E+02
 0.1173111E+01  0.3578956E+03  0.7288284E+02
 0.1184901E+01  0.3541458E+03  0.7204810E+02
 0.1196809E+01  0.3504189E+03  0.7122253E+02
 0.1208838E+01  0.3467141E+03  0.7040588E+02
 0.1220987E+01  0.3430317E+03  0.6959807E+02
 0.1233258E+01  0.3393716E+03  0.6879898E+02
 0.1245652E+01  0.3357339E+03  0.6800851E+02
 0.1258171E+01  0.3321178E+03  0.6722641E+02
 0.1270816E+01  0.3285238E+03  0.6645262E+02
 0.1283588E+01  0.3249515E+03  0.6568702E+02
 0.1296488E+01  0.3214013E+03  0.6492952E+02
 0.1309518E+01  0.3178725E+03  0.6417992E+02
 0.1322679E+01  0.3143653E+03  0.6343816E+02
 0.1335973E+01  0.3108797E+03  0.6270410E+02
 0.1349400E+01  0.3074156E+03  0.6197765E+02
 0.1362960E+01  0.3039732E+03  0.6125875E+02
 0.1376659E+01  0.3005519E+03  0.6054717E+02
 0.1390495E+01  0.2971521E+03  0.5984288E+02
 0.1404470E+01  0.2937736E+03  0.5914577E+02
 0.1418584E+01  0.2904167E+03  0.5845581E+02
 0.1432841E+01  0.2870809E+03  0.5777278E+02
 0.1447242E+01  0.2837663E+03  0.5709662E+02
 0.1461787E+01  0.2804730E+03  0.5642725E+02
 0.1476477E+01  0.2772014E+03  0.5576464E+02
 0.1491316E+01  0.2739508E+03  0.5510860E+02
 0.1506305E+01  0.2707215E+03  0.5445909E+02
 0.1521444E+01  0.2675136E+03  0.5381604E+02
 0.1536733E+01  0.2643273E+03  0.5317943E+02
 0.1552178E+01  0.2611620E+03  0.5254906E+02
 0.1567778E+01  0.2580182E+03  0.5192490E+02
 0.1583535E+01  0.2548958E+03  0.5130689E+02
 0.1599449E+01  0.2517952E+03  0.5069501E+02
 0.1615524E+01  0.2487158E+03  0.5008907E+02
 0.1631760E+01  0.2456579E+03  0.4948905E+02
 0.1648160E+01  0.2426216E+03  0.4889490E+02
 0.1664723E+01  0.2396073E+03  0.4830658E+02
 0.1681454E+01  0.2366142E+03  0.4772394E+02
 0.1698354E+01  0.2336430E+03  0.4714697E+02
 0.1715423E+01  0.2306935E+03  0.4657560E+02
 0.1732663E+01  0.2277658E+03  0.4600977E+02
 0.1750076E+01  0.2248603E+03  0.4544947E+02
 0.1767665E+01  0.2219764E+03  0.4489454E+02
 0.1785430E+01  0.2191146E+03  0.4434499E+02
 0.1803375E+01  0.2162747E+03  0.4380075E+02
 0.1821498E+01  0.2134573E+03  0.4326182E+02
 0.1839804E+01  0.2106617E+03  0.4272805E+02
 0.1858295E+01  0.2078883E+03  0.4219943E+02
 0.1876972E+01  0.2051372E+03  0.4167593E+02
 0.1895834E+01  0.2024087E+03  0.4115752E+02
 0.1914888E+01  0.1997023E+03  0.4064408E+02
 0.1934134E+01  0.1970183E+03  0.4013560E+02
 0.1953572E+01  0.1943568E+03  0.3963204E+02
 0.1973205E+01  0.1917181E+03  0.3913339E+02
 0.1993036E+01  0.1891018E+03  0.3863953E+02
 0.2013067E+01  0.1865080E+03  0.3815046E+02
 0.2033299E+01  0.1839370E+03  0.3766613E+02
 0.2053733E+01  0.1813889E+03  0.3718654E+02
 0.2074373E+01  0.1788633E+03  0.3671158E+02
 0.2095222E+01  0.1763606E+03  0.3624124E+02
 0.2116280E+01  0.1738807E+03  0.3577549E+02
 0.2137547E+01  0.1714239E+03  0.3531432E+02
 0.2159030E+01  0.1689897E+03  0.3485762E+02
 0.2180729E+01  0.1665786E+03  0.3440540E+02
 0.2202646E+01  0.1641903E+03  0.3395762E+02
 0.2224784E+01  0.1618250E+03  0.3351424E+02
 0.2247142E+01  0.1594830E+03  0.3307526E+02
 0.2269727E+01  0.1571637E+03  0.3264058E+02
 0.2292538E+01  0.1548675E+03  0.3221021E+02
 0.2315579E+01  0.1525943E+03  0.3178410E+02
 0.2338849E+01  0.1503443E+03  0.3136227E+02
 0.2362356E+01  0.1481172E+03  0.3094461E+02
 0.2386098E+01  0.1459130E+03  0.3053112E+02
 0.2410080E+01  0.1437319E+03  0.3012178E+02
 0.2434299E+01  0.1415739E+03  0.2971659E+02
 0.2458765E+01  0.1394388E+03  0.2931545E+02
 0.2483477E+01  0.1373266E+03  0.2891837E+02
 0.2508437E+01  0.1352372E+03  0.2852531E+02
 0.2533645E+01  0.1331710E+03  0.2813628E+02
 0.2559109E+01  0.1311274E+03  0.2775120E+02
 0.2584829E+01  0.1291067E+03  0.2737006E+02
 0.2610808E+01  0.1271087E+03  0.2699283E+02
 0.2637045E+01  0.1251335E+03  0.2661953E+02
 0.2663548E+01  0.1231809E+03  0.2625006E+02
 0.2690318E+01  0.1212508E+03  0.2588442E+02
 0.2717357E+01  0.1193433E+03  0.2552260E+02
 0.2744665E+01  0.1174584E+03  0.2516460E+02
 0.2772250E+01  0.1155956E+03  0.2481032E+02
 0.2800112E+01  0.1137552E+03  0.2445978E+02
 0.2828254E+01  0.1119370E+03  0.2411295E+02
 0.2856679E+01  0.1101410E+03  0.2376980E+02
 0.2885387E+01  0.1083671E+03  0.2343035E+02
 0.2914387E+01  0.1066150E+03  0.2309450E+02
 0.2943677E+01  0.1048848E+03  0.2276227E+02
 0.2973262E+01  0.1031763E+03  0.2243363E+02
 0.3003142E+01  0.1014896E+03  0.2210858E+02
 0.3033325E+01  0.9982431E+02  0.2178705E+02
 0.3063811E+01  0.9818040E+02  0.2146903E+02
 0.3094604E+01  0.9655776E+02  0.2115451E+02
 0.3125702E+01  0.9495647E+02  0.2084349E+02
 0.3157117E+01  0.9337606E+02  0.2053590E+02
 0.3188847E+01  0.9181655E+02  0.2023173E+02
 0.3220896E+01  0.9027784E+02  0.1993097E+02
 0.3253265E+01  0.8875993E+02  0.1963361E+02
 0.3285961E+01  0.8726238E+02  0.1933960E+02
 0.3318987E+01  0.8578519E+02  0.1904891E+02
 0.3352344E+01  0.8432825E+02  0.1876155E+02
 0.3386033E+01  0.8289152E+02  0.1847750E+02
 0.3420063E+01  0.8147460E+02  0.1819670E+02
 0.3454437E+01  0.8007745E+02  0.1791915E+02
 0.3489155E+01  0.7869992E+02  0.1764483E+02
 0.3524219E+01  0.7734201E+02  0.1737374E+02
 0.3559639E+01  0.7600328E+02  0.1710581E+02
 0.3595415E+01  0.7468371E+02  0.1684105E+02
 0.3631550E+01  0.7338313E+02  0.1657942E+02
 0.3668049E+01  0.7210139E+02  0.1632092E+02
 0.3704911E+01  0.7083844E+02  0.1606553E+02
 0.3742146E+01  0.6959386E+02  0.1581320E+02
 0.3779757E+01  0.6836762E+02  0.1556393E+02
 0.3817744E+01  0.6715954E+02  0.1531770E+02
 0.3856110E+01  0.6596958E+02  0.1507450E+02
 0.3894866E+01  0.6479731E+02  0.1483426E+02
 0.3934011E+01  0.6364269E+02  0.1459700E+02
 0.3973550E+01  0.6250555E+02  0.1436269E+02
 0.4013482E+01  0.6138581E+02  0.1413133E+02
 0.4053818E+01  0.6028310E+02  0.1390286E+02
 0.4094561E+01  0.5919733E+02  0.1367727E+02
 0.4135713E+01  0.5812832E+02  0.1345455E+02
 0.4177275E+01  0.5707600E+02  0.1323469E+02
 0.4219258E+01  0.5604000E+02  0.1301763E+02
 0.4261663E+01  0.5502024E+02  0.1280337E+02
 0.4304494E+01  0.5401653E+02  0.1259190E+02
 0.4347752E+01  0.5302880E+02  0.1238320E+02
 0.4391448E+01  0.5205667E+02  0.1217723E+02
 0.4435585E+01  0.5110005E+02  0.1197397E+02
 0.4480164E+01  0.5015877E+02  0.1177340E+02
 0.4525187E+01  0.4923274E+02  0.1157553E+02
 0.4570667E+01  0.4832160E+02  0.1138029E+02
 0.4616604E+01  0.4742526E+02  0.1118769E+02
 0.4663002E+01  0.4654356E+02  0.1099769E+02
 0.4709868E+01  0.4567628E+02  0.1081029E+02
 0.4757199E+01  0.4482336E+02  0.1062547E+02
 0.4805011E+01  0.4398444E+02  0.1044318E+02
 0.4853303E+01  0.4315944E+02  0.1026341E+02
 0.4902081E+01  0.4234818E+02  0.1008615E+02
 0.4951344E+01  0.4155054E+02  0.9911389E+01
 0.5001107E+01  0.4076622E+02  0.9739072E+01
 0.5051370E+01  0.3999510E+02  0.9569192E+01
 0.5102139E+01  0.3923702E+02  0.9401732E+01
 0.5153412E+01  0.3849188E+02  0.9236684E+01
 0.5205206E+01  0.3775934E+02  0.9073994E+01
 0.5257520E+01  0.3703934E+02  0.8913658E+01
 0.5310360E+01  0.3633168E+02  0.8755653E+01
 0.5363727E+01  0.3563626E+02  0.8599973E+01
 0.5417634E+01  0.3495279E+02  0.8446567E+01
 0.5472084E+01  0.3428117E+02  0.8295426E+01
 0.5527081E+01  0.3362122E+02  0.8146529E+01
 0.5582624E+01  0.3297285E+02  0.7999872E+01
 0.5638732E+01  0.3233576E+02  0.7855398E+01
 0.5695404E+01  0.3170986E+02  0.7713105E+01
 0.5752645E+01  0.3109499E+02  0.7572970E+01
 0.5810455E+01  0.3049104E+02  0.7434983E+01
 0.5868853E+01  0.2989774E+02  0.7299096E+01
 0.5927837E+01  0.2931498E+02  0.7165301E+01
 0.5987414E+01  0.2874262E+02  0.7033576E+01
 0.6047590E+01  0.2818050E+02  0.6903897E+01
 0.6108365E+01  0.2762851E+02  0.6776259E+01
 0.6169756E+01  0.2708640E+02  0.6650612E+01
 0.6231765E+01  0.2655407E+02  0.6526946E+01
 0.6294396E+01  0.2603138E+02  0.6405242E+01
 0.6357652E+01  0.2551821E+02  0.6285486E+01
 0.6421549E+01  0.2501433E+02  0.6167636E+01
 0.6486088E+01  0.2451965E+02  0.6051681E+01
 0.6551276E+01  0.2403401E+02  0.5937599E+01
 0.6617112E+01  0.2355733E+02  0.5825380E+01
 0.6683617E+01  0.2308936E+02  0.5714978E+01
 0.6750790E+01  0.2263002E+02  0.5606386E+01
 0.6818638E+01  0.2217917E+02  0.5499579E+01
 0.6887162E+01  0.2173672E+02  0.5394547E+01
 0.6956380E+01  0.2130244E+02  0.5291249E+01
 0.7026294E+01  0.2087625E+02  0.5189673E+01
 0.7096911E+01  0.2045801E+02  0.5089796E+01
 0.7168231E+01  0.2004763E+02  0.4991609E+01
 0.7240275E+01  0.1964491E+02  0.4895069E+01
 0.7313043E+01  0.1924975E+02  0.4800166E+01
 0.7386541E+01  0.1886204E+02  0.4706880E+01
 0.7460773E+01  0.1848169E+02  0.4615196E+01
 0.7535756E+01  0.1810849E+02  0.4525078E+01
 0.7611494E+01  0.1774237E+02  0.4436512E+01
 0.7687992E+01  0.1738321E+02  0.4349479E+01
 0.7765251E+01  0.1703092E+02  0.4263967E+01
 0.7843296E+01  0.1668532E+02  0.4179936E+01
 0.7922124E+01  0.1634633E+02  0.4097377E+01
 0.8001744E+01  0.1601383E+02  0.4016269E+01
 0.8082166E+01  0.1568772E+02  0.3936591E+01
 0.8163386E+01  0.1536791E+02  0.3858331E+01
 0.8245432E+01  0.1505423E+02  0.3781455E+01
 0.8328301E+01  0.1474661E+02  0.3705949E+01
 0.8412004E+01  0.1444495E+02  0.3631795E+01
 0.8496540E+01  0.1414916E+02  0.3558980E+01
 0.8581933E+01  0.1385908E+02  0.3487471E+01
 0.8668186E+01  0.1357465E+02  0.3417254E+01
 0.8755304E+01  0.1329576E+02  0.3348313E+01
 0.8843290E+01  0.1302235E+02  0.3280634E+01
 0.8932169E+01  0.1275425E+02  0.3214184E+01
 0.9021940E+01  0.1249142E+02  0.3148954E+01
 0.9112615E+01  0.1223373E+02  0.3084923E+01
 0.9204191E+01  0.1198114E+02  0.3022080E+01
 0.9296698E+01  0.1173350E+02  0.2960394E+01
 0.9390133E+01  0.1149074E+02  0.2899854E+01
 0.9484507E+01  0.1125278E+02  0.2840443E+01
 0.9579821E+01  0.1101955E+02  0.2782147E+01
 0.9676102E+01  0.1079093E+02  0.2724939E+01
 0.9773351E+01  0.1056683E+02  0.2668806E+01
 0.9871577E+01  0.1034720E+02  0.2613732E+01
 0.9970781E+01  0.1013196E+02  0.2559705E+01
 0.1007099E+02  0.9920986E+01  0.2506698E+01
 0.1017221E+02  0.9714229E+01  0.2454699E+01
 0.1027444E+02  0.9511607E+01  0.2403693E+01
 0.1037771E+02  0.9313044E+01  0.2353663E+01
 0.1048200E+02  0.9118481E+01  0.2304597E+01
 0.1058734E+02  0.8927808E+01  0.2256472E+01
 0.1069375E+02  0.8740968E+01  0.2209274E+01
 0.1080123E+02  0.8557892E+01  0.2162990E+01
 0.1090977E+02  0.8378525E+01  0.2117608E+01
 0.1101942E+02  0.8202762E+01  0.2073104E+01
 0.1113017E+02  0.8030552E+01  0.2029468E+01
 0.1124203E+02  0.7861830E+01  0.1986685E+01
 0.1135501E+02  0.7696543E+01  0.1944745E+01
 0.1146913E+02  0.7534595E+01  0.1903624E+01
 0.1158440E+02  0.7375937E+01  0.1863314E+01
 0.1170083E+02  0.7220509E+01  0.1823800E+01
 0.1181842E+02  0.7068260E+01  0.1785071E+01
 0.1193719E+02  0.6919102E+01  0.1747108E+01
 0.1205717E+02  0.6772989E+01  0.1709899E+01
 0.1217835E+02  0.6629863E+01  0.1673431E+01
 0.1230073E+02  0.6489679E+01  0.1637696E+01
 0.1242436E+02  0.6352355E+01  0.1602674E+01
 0.1254923E+02  0.6217848E+01  0.1568354E+01
 0.1267536E+02  0.6086101E+01  0.1534724E+01
 0.1280274E+02  0.5957076E+01  0.1501776E+01
 0.1293141E+02  0.5830693E+01  0.1469490E+01
 0.1306137E+02  0.5706913E+01  0.1437857E+01
 0.1319265E+02  0.5585684E+01  0.1406866E+01
 0.1332524E+02  0.5466960E+01  0.1376506E+01
 0.1345915E+02  0.5350698E+01  0.1346767E+01
 0.1359442E+02  0.5236830E+01  0.1317631E+01
 0.1373105E+02  0.5125320E+01  0.1289092E+01
 0.1386905E+02  0.5016121E+01  0.1261138E+01
 0.1400843E+02  0.4909196E+01  0.1233760E+01
 0.1414922E+02  0.4804482E+01  0.1206944E+01
 0.1429142E+02  0.4701943E+01  0.1180679E+01
 0.1443506E+02  0.4601538E+01  0.1154958E+01
 0.1458012E+02  0.4503232E+01  0.1129771E+01
 0.1472666E+02  0.4406965E+01  0.1105103E+01
 0.1487467E+02  0.4312706E+01  0.1080948E+01
 0.1502416E+02  0.4220414E+01  0.1057295E+01
 0.1517515E+02  0.4130059E+01  0.1034138E+01
 0.1532766E+02  0.4041585E+01  0.1011461E+01
 0.1548171E+02  0.3954963E+01  0.9892592E+00
 0.1563731E+02  0.3870154E+01  0.9675220E+00
 0.1579445E+02  0.3787132E+01  0.9462431E+00
 0.1595319E+02  0.3705843E+01  0.9254094E+00
 0.1611353E+02  0.3626261E+01  0.9050141E+00
 0.1627548E+02  0.3548351E+01  0.8850490E+00
 0.1643904E+02  0.3472085E+01  0.8655072E+00
 0.1660426E+02  0.3397419E+01  0.8463771E+00
 0.1677114E+02  0.3324324E+01  0.8276521E+00
 0.1693969E+02  0.3252770E+01  0.8093246E+00
 0.1710994E+02  0.3182725E+01  0.7913865E+00
 0.1728189E+02  0.3114165E+01  0.7738317E+00
 0.1745558E+02  0.3047046E+01  0.7566493E+00
 0.1763101E+02  0.2981346E+01  0.7398338E+00
 0.1780821E+02  0.2917035E+01  0.7233775E+00
 0.1798718E+02  0.2854091E+01  0.7072750E+00
 0.1816795E+02  0.2792475E+01  0.6915163E+00
 0.1835055E+02  0.2732164E+01  0.6760956E+00
 0.1853498E+02  0.2673133E+01  0.6610065E+00
 0.1872124E+02  0.2615359E+01  0.6462435E+00
 0.1890940E+02  0.2558807E+01  0.6317972E+00
 0.1909945E+02  0.2503456E+01  0.6176626E+00
 0.1929141E+02  0.2449282E+01  0.6038332E+00
 0.1948527E+02  0.2396265E+01  0.5903045E+00
 0.1968111E+02  0.2344373E+01  0.5770676E+00
 0.1987891E+02  0.2293585E+01  0.5641176E+00
 0.2007870E+02  0.2243879E+01  0.5514488E+00
 0.2028048E+02  0.2195238E+01  0.5390566E+00
 0.2048431E+02  0.2147631E+01  0.5269329E+00
 0.2069018E+02  0.2101039E+01  0.5150735E+00
 0.2089813E+02  0.2055443E+01  0.5034727E+00
 0.2110814E+02  0.2010825E+01  0.4921264E+00
 0.2132029E+02  0.1967158E+01  0.4810271E+00
 0.2153456E+02  0.1924424E+01  0.4701708E+00
 0.2175100E+02  0.1882606E+01  0.4595524E+00
 0.2196960E+02  0.1841683E+01  0.4491669E+00
 0.2219039E+02  0.1801640E+01  0.4390104E+00
 0.2241341E+02  0.1762453E+01  0.4290764E+00
 0.2263867E+02  0.1724106E+01  0.4193609E+00
 0.2286620E+02  0.1686581E+01  0.4098594E+00
 0.2309599E+02  0.1649867E+01  0.4005683E+00
 0.2332812E+02  0.1613936E+01  0.3914814E+00
 0.2356257E+02  0.1578779E+01  0.3825954E+00
 0.2379938E+02  0.1544378E+01  0.3739058E+00
 0.2403855E+02  0.1510719E+01  0.3654095E+00
 0.2428015E+02  0.1477781E+01  0.3571005E+00
 0.2452418E+02  0.1445554E+01  0.3489759E+00
 0.2477065E+02  0.1414020E+01  0.3410317E+00
 0.2501958E+02  0.1383169E+01  0.3332647E+00
 0.2527104E+02  0.1352979E+01  0.3256696E+00
 0.2552503E+02  0.1323441E+01  0.3182437E+00
 0.2578156E+02  0.1294541E+01  0.3109833E+00
 0.2604065E+02  0.1266266E+01  0.3038854E+00
 0.2630237E+02  0.1238600E+01  0.2969452E+00
 0.2656672E+02  0.1211532E+01  0.2901601E+00
 0.2683373E+02  0.1185048E+01  0.2835266E+00
 0.2710339E+02  0.1159140E+01  0.2770421E+00
 0.2737579E+02  0.1133789E+01  0.2707022E+00
 0.2765093E+02  0.1108987E+01  0.2645044E+00
 0.2792883E+02  0.1084722E+01  0.2584456E+00
 0.2820953E+02  0.1060983E+01  0.2525228E+00
 0.2849302E+02  0.1037760E+01  0.2467335E+00
 0.2877938E+02  0.1015038E+01  0.2410739E+00
 0.2906863E+02  0.9928082E+00  0.2355415E+00
 0.2936078E+02  0.9710607E+00  0.2301336E+00
 0.2965584E+02  0.9497871E+00  0.2248481E+00
 0.2995389E+02  0.9289730E+00  0.2196812E+00
 0.3025494E+02  0.9086110E+00  0.2146309E+00
 0.3055902E+02  0.8886909E+00  0.2096946E+00
 0.3086612E+02  0.8692055E+00  0.2048703E+00
 0.3117633E+02  0.8501415E+00  0.2001545E+00
 0.3148967E+02  0.8314921E+00  0.1955454E+00
 0.3180615E+02  0.8132483E+00  0.1910407E+00
 0.3212578E+02  0.7954029E+00  0.1866384E+00
 0.3244866E+02  0.7779439E+00  0.1823354E+00
 0.3277478E+02  0.7608650E+00  0.1781300E+00
 0.3310418E+02  0.7441579E+00  0.1740201E+00
 0.3343686E+02  0.7278162E+00  0.1700038E+00
 0.3377291E+02  0.7118290E+00  0.1660784E+00
 0.3411235E+02  0.6961901E+00  0.1622422E+00
 0.3445519E+02  0.6808921E+00  0.1584933E+00
 0.3480144E+02  0.6659291E+00  0.1548301E+00
 0.3515121E+02  0.6512909E+00  0.1512500E+00
 0.3550450E+02  0.6369719E+00  0.1477513E+00
 0.3586133E+02  0.6229655E+00  0.1443325E+00
 0.3622172E+02  0.6092661E+00  0.1409920E+00
 0.3658576E+02  0.5958645E+00  0.1377274E+00
 0.3695346E+02  0.5827555E+00  0.1345373E+00
 0.3732486E+02  0.5699329E+00  0.1314201E+00
 0.3769999E+02  0.5573905E+00  0.1283742E+00
 0.3807885E+02  0.5451232E+00  0.1253981E+00
 0.3846156E+02  0.5331231E+00  0.1224900E+00
 0.3884811E+02  0.5213853E+00  0.1196484E+00
 0.3923855E+02  0.5099042E+00  0.1168718E+00
 0.3963288E+02  0.4986753E+00  0.1141592E+00
 0.4003120E+02  0.4876911E+00  0.1115085E+00
 0.4043353E+02  0.4769472E+00  0.1089186E+00
 0.4083990E+02  0.4664386E+00  0.1063881E+00
 0.4125032E+02  0.4561610E+00  0.1039159E+00
 0.4166491E+02  0.4461075E+00  0.1015003E+00
 0.4208366E+02  0.4362742E+00  0.9914019E-01
 0.4250661E+02  0.4266565E+00  0.9683436E-01
 0.4293378E+02  0.4172503E+00  0.9458173E-01
 0.4336528E+02  0.4080495E+00  0.9238075E-01
 0.4380112E+02  0.3990503E+00  0.9023040E-01
 0.4424134E+02  0.3902485E+00  0.8812957E-01
 0.4468594E+02  0.3816406E+00  0.8607735E-01
 0.4513505E+02  0.3732208E+00  0.8407223E-01
 0.4558867E+02  0.3649857E+00  0.8211333E-01
 0.4604686E+02  0.3569312E+00  0.8019960E-01
 0.4650961E+02  0.3490543E+00  0.7833020E-01
 0.4697705E+02  0.3413496E+00  0.7650377E-01
 0.4744918E+02  0.3338141E+00  0.7471952E-01
 0.4792606E+02  0.3264441E+00  0.7297650E-01
 0.4840774E+02  0.3192360E+00  0.7127374E-01
 0.4889421E+02  0.3121869E+00  0.6961050E-01
 0.4938562E+02  0.3052921E+00  0.6798556E-01
 0.4988197E+02  0.2985487E+00  0.6639819E-01
 0.5038330E+02  0.2919537E+00  0.6484758E-01
 0.5088962E+02  0.2855042E+00  0.6333299E-01
 0.5140108E+02  0.2791959E+00  0.6185332E-01
 0.5191768E+02  0.2730265E+00  0.6040795E-01
 0.5243947E+02  0.2669927E+00  0.5899606E-01
 0.5296646E+02  0.2610922E+00  0.5761702E-01
 0.5349880E+02  0.2553209E+00  0.5626981E-01
 0.5403648E+02  0.2496768E+00  0.5495387E-01
 0.5457957E+02  0.2441568E+00  0.5366844E-01
 0.5512806E+02  0.2387589E+00  0.5241297E-01
 0.5568213E+02  0.2334792E+00  0.5118651E-01
 0.5624175E+02  0.2283159E+00  0.4998855E-01
 0.5680700E+02  0.2232663E+00  0.4881840E-01
 0.5737788E+02  0.2183284E+00  0.4767555E-01
 0.5795455E+02  0.2134988E+00  0.4655916E-01
 0.5853702E+02  0.2087756E+00  0.4546871E-01
 0.5912534E+02  0.2041565E+00  0.4440363E-01
 0.5971952E+02  0.1996396E+00  0.4336340E-01
 0.6031972E+02  0.1952219E+00  0.4234730E-01
 0.6092595E+02  0.1909015E+00  0.4135484E-01
 0.6153828E+02  0.1866764E+00  0.4038547E-01
 0.6215677E+02  0.1825445E+00  0.3943867E-01
 0.6278141E+02  0.1785041E+00  0.3851403E-01
 0.6341239E+02  0.1745524E+00  0.3761082E-01
 0.6404971E+02  0.1706879E+00  0.3672867E-01
 0.6469344E+02  0.1669087E+00  0.3586708E-01
 0.6534357E+02  0.1632133E+00  0.3502565E-01
 0.6600030E+02  0.1595990E+00  0.3420376E-01
 0.6666362E+02  0.1560645E+00  0.3340105E-01
 0.6733363E+02  0.1526080E+00  0.3261705E-01
 0.6801028E+02  0.1492281E+00  0.3185144E-01
 0.6869382E+02  0.1459226E+00  0.3110361E-01
 0.6938422E+02  0.1426900E+00  0.3037324E-01
 0.7008156E+02  0.1395288E+00  0.2965993E-01
 0.7078584E+02  0.1364378E+00  0.2896334E-01
 0.7149726E+02  0.1334147E+00  0.2828296E-01
 0.7221584E+02  0.1304584E+00  0.2761847E-01
 0.7294164E+02  0.1275674E+00  0.2696951E-01
 0.7367465E+02  0.1247406E+00  0.2633579E-01
 0.7441512E+02  0.1219759E+00  0.2571682E-01
 0.7516302E+02  0.1192724E+00  0.2511232E-01
 0.7591843E+02  0.1166286E+00  0.2452196E-01
 0.7668137E+02  0.1140435E+00  0.2394546E-01
 0.7745206E+02  0.1115153E+00  0.2338240E-01
 0.7823048E+02  0.1090430E+00  0.2283251E-01
 0.7901672E+02  0.1066254E+00  0.2229550E-01
 0.7981087E+02  0.1042612E+00  0.2177105E-01
 0.8061293E+02  0.1019495E+00  0.2125894E-01
 0.8142312E+02  0.9968878E-01  0.2075877E-01
 0.8224146E+02  0.9747803E-01  0.2027031E-01
 0.8306802E+02  0.9531618E-01  0.1979330E-01
 0.8390280E+02  0.9320236E-01  0.1932750E-01
 0.8474606E+02  0.9113512E-01  0.1887258E-01
 0.8559779E+02  0.8911360E-01  0.1842832E-01
 0.8645808E+02  0.8713685E-01  0.1799448E-01
 0.8732693E+02  0.8520400E-01  0.1757085E-01
 0.8820461E+02  0.8331375E-01  0.1715711E-01
 0.8909109E+02  0.8146535E-01  0.1675307E-01
 0.8998650E+02  0.7965786E-01  0.1635851E-01
 0.9089081E+02  0.7789056E-01  0.1597325E-01
 0.9180430E+02  0.7616221E-01  0.1559698E-01
 0.9272697E+02  0.7447212E-01  0.1522955E-01
 0.9365891E+02  0.7281948E-01  0.1487074E-01
 0.9460014E+02  0.7120357E-01  0.1452038E-01
 0.9555090E+02  0.6962330E-01  0.1417822E-01
 0.9651123E+02  0.6807803E-01  0.1384409E-01
 0.9748120E+02  0.6656700E-01  0.1351781E-01
