  0.9999999747378752E-04  0.7116401195526123E+01
  0.1010050182230771E-03  0.7185743331909180E+01
  0.1020201307255775E-03  0.7255760669708252E+01
  0.1030454513966106E-03  0.7326459407806396E+01
  0.1040810820995830E-03  0.7397846221923828E+01
  0.1051271028700285E-03  0.7469928264617920E+01
  0.1061836592270993E-03  0.7542711734771729E+01
  0.1072508166544139E-03  0.7616204261779785E+01
  0.1083287061192095E-03  0.7690412044525146E+01
  0.1094174222089350E-03  0.7765342712402344E+01
  0.1105170958908275E-03  0.7841002464294434E+01
  0.1116277999244630E-03  0.7917398452758789E+01
  0.1127496798289940E-03  0.7994538307189941E+01
  0.1138828374678269E-03  0.8072429656982422E+01
  0.1150273747043684E-03  0.8151079177856445E+01
  0.1161834225058556E-03  0.8230494499206543E+01
  0.1173510900116526E-03  0.8310683250427246E+01
  0.1185304863611236E-03  0.8391651153564453E+01
  0.1197217279695906E-03  0.8473407745361328E+01
  0.1209249603562057E-03  0.8555959701538086E+01
  0.1221402781084180E-03  0.8639315605163574E+01
  0.1233678049175069E-03  0.8723482131958008E+01
  0.1246076717507094E-03  0.8808467864990234E+01
  0.1258599950233474E-03  0.8894280433654785E+01
  0.1271249202545732E-03  0.8980929374694824E+01
  0.1284025347558782E-03  0.9068422317504883E+01
  0.1296929985983297E-03  0.9156765937805176E+01
  0.1309964427491650E-03  0.9245967864990234E+01
  0.1323129690717906E-03  0.9336038589477539E+01
  0.1336427376372740E-03  0.9426984786987305E+01
  0.1349858794128522E-03  0.9518815994262695E+01
  0.1363425108138472E-03  0.9611540794372559E+01
  0.1377127773594111E-03  0.9705167770385742E+01
  0.1390968100167811E-03  0.9799706459045410E+01
  0.1404947543051094E-03  0.9895163536071777E+01
  0.1419067411916330E-03  0.9991550445556641E+01
  0.1433329307474196E-03  0.1008887386322021E+02
  0.1447734539397061E-03  0.1018714523315430E+02
  0.1462284562876448E-03  0.1028637218475342E+02
  0.1476980833103880E-03  0.1038656330108643E+02
  0.1491824659751728E-03  0.1048772907257080E+02
  0.1506817789049819E-03  0.1058987903594971E+02
  0.1521961530670524E-03  0.1069302177429199E+02
  0.1537257339805365E-03  0.1079716777801514E+02
  0.1552707108203322E-03  0.1090232563018799E+02
  0.1568312145536765E-03  0.1100850772857666E+02
  0.1584073906997219E-03  0.1111572074890137E+02
  0.1599994138814509E-03  0.1122397708892822E+02
  0.1616074441699311E-03  0.1133328533172607E+02
  0.1632316125323996E-03  0.1144365692138672E+02
  0.1648721226956695E-03  0.1155510139465332E+02
  0.1665291201788932E-03  0.1166762828826904E+02
  0.1682027505012229E-03  0.1178125000000000E+02
  0.1698932319413871E-03  0.1189597511291504E+02
  0.1716006663627923E-03  0.1201181602478027E+02
  0.1733253011479974E-03  0.1212878131866455E+02
  0.1750672381604090E-03  0.1224688434600830E+02
  0.1768266956787556E-03  0.1236613464355469E+02
  0.1786038337741047E-03  0.1248654460906982E+02
  0.1803988270694390E-03  0.1260812377929688E+02
  0.1822118647396564E-03  0.1273088359832764E+02
  0.1840431359596550E-03  0.1285483551025391E+02
  0.1858928008005023E-03  0.1297999095916748E+02
  0.1877610484370962E-03  0.1310636234283447E+02
  0.1896480680443347E-03  0.1323396205902100E+02
  0.1915540779009461E-03  0.1336280155181885E+02
  0.1934792235260829E-03  0.1349289226531982E+02
  0.1954237231984735E-03  0.1362424564361572E+02
  0.1973877806449309E-03  0.1375687503814697E+02
  0.1993715413846076E-03  0.1389079189300537E+02
  0.2013752673519775E-03  0.1402600860595703E+02
  0.2033991040661931E-03  0.1416253757476807E+02
  0.2054432989098132E-03  0.1430039119720459E+02
  0.2075080556096509E-03  0.1443958187103271E+02
  0.2095935487886891E-03  0.1458012390136719E+02
  0.2117000112775713E-03  0.1472203063964844E+02
  0.2138276031473652E-03  0.1486531352996826E+02
  0.2159766154363751E-03  0.1500998687744141E+02
  0.2181472227675840E-03  0.1515606498718262E+02
  0.2203396288678050E-03  0.1530355930328369E+02
  0.2225540811195970E-03  0.1545248413085938E+02
  0.2247907832497731E-03  0.1560285377502441E+02
  0.2270499680889770E-03  0.1575468063354492E+02
  0.2293318684678525E-03  0.1590797996520996E+02
  0.2316366881132126E-03  0.1606276512145996E+02
  0.2339646744076163E-03  0.1621905136108398E+02
  0.2363160601817071E-03  0.1637685394287109E+02
  0.2386910782661289E-03  0.1653618621826172E+02
  0.2410899614915252E-03  0.1669706153869629E+02
  0.2435129572404549E-03  0.1685949707031250E+02
  0.2459603128954768E-03  0.1702350425720215E+02
  0.2484322467353195E-03  0.1718910217285156E+02
  0.2509290061425418E-03  0.1735630226135254E+02
  0.2534509112592787E-03  0.1752512168884277E+02
  0.2559981367085129E-03  0.1769557571411133E+02
  0.2585709444247186E-03  0.1786768150329590E+02
  0.2611696545500308E-03  0.1804145050048828E+02
  0.2637944417074323E-03  0.1821690368652344E+02
  0.2664455969352275E-03  0.1839405441284180E+02
  0.2691234403755516E-03  0.1857291984558105E+02
  0.2718281757552177E-03  0.1875351715087891E+02
  0.2745600941125304E-03  0.1893586158752441E+02
  0.2773194864857942E-03  0.1911997032165527E+02
  0.2801065566018224E-03  0.1930586051940918E+02
  0.2829216828104109E-03  0.1949354743957520E+02
  0.2857650979422033E-03  0.1968304824829102E+02
  0.2886370930355042E-03  0.1987438011169434E+02
  0.2915379300247878E-03  0.2006756210327148E+02
  0.2944679290521890E-03  0.2026260948181152E+02
  0.2974274102598429E-03  0.2045954132080078E+02
  0.3004166064783931E-03  0.2065837860107422E+02
  0.3034358378499746E-03  0.2085913467407227E+02
  0.3064853954128921E-03  0.2106183242797852E+02
  0.3095656284131110E-03  0.2126648330688477E+02
  0.3126768278889358E-03  0.2147311210632324E+02
  0.3158192848786712E-03  0.2168173217773438E+02
  0.3189932904206216E-03  0.2189236640930176E+02
  0.3221992519684136E-03  0.2210503387451172E+02
  0.3254374023526907E-03  0.2231975364685059E+02
  0.3287080908194184E-03  0.2253654289245605E+02
  0.3320116666145623E-03  0.2275542259216309E+02
  0.3353484207764268E-03  0.2297641181945801E+02
  0.3387187607586384E-03  0.2319952964782715E+02
  0.3421229484956712E-03  0.2342479705810547E+02
  0.3455613623373210E-03  0.2365223503112793E+02
  0.3490342642180622E-03  0.2388186454772949E+02
  0.3525421197991818E-03  0.2411370468139648E+02
  0.3560852492228150E-03  0.2434777641296387E+02
  0.3596639435272664E-03  0.2458410072326660E+02
  0.3632786392699927E-03  0.2482270050048828E+02
  0.3669296274892986E-03  0.2506359481811523E+02
  0.3706173447426409E-03  0.2530680656433105E+02
  0.3743421111721545E-03  0.2555235671997070E+02
  0.3781043051276356E-03  0.2580026626586914E+02
  0.3819043049588799E-03  0.2605055618286133E+02
  0.3857425472233444E-03  0.2630324935913086E+02
  0.3896193229593337E-03  0.2655836868286133E+02
  0.3935350687243044E-03  0.2681593894958496E+02
  0.3974901628680527E-03  0.2707597923278809E+02
  0.4014850128442049E-03  0.2733851623535156E+02
  0.4055199970025569E-03  0.2760356903076172E+02
  0.4095955227967352E-03  0.2787116432189941E+02
  0.4137120267841965E-03  0.2814132499694824E+02
  0.4178698873147368E-03  0.2841407203674316E+02
  0.4220695409458131E-03  0.2868943214416504E+02
  0.4263113951310515E-03  0.2896743011474609E+02
  0.4305959155317396E-03  0.2924808883666992E+02
  0.4349234513938427E-03  0.2953143310546875E+02
  0.4392945556901395E-03  0.2981748771667480E+02
  0.4437095485627651E-03  0.3010627555847168E+02
  0.4481688956730068E-03  0.3039782524108887E+02
  0.4526730335783213E-03  0.3069215774536133E+02
  0.4572224861476570E-03  0.3098930168151855E+02
  0.4618176317308098E-03  0.3128927993774414E+02
  0.4664589650928974E-03  0.3159212303161621E+02
  0.4711470101028681E-03  0.3189785385131836E+02
  0.4758820869028568E-03  0.3220650100708008E+02
  0.4806647775694728E-03  0.3251808547973633E+02
  0.4854955477640033E-03  0.3283264160156250E+02
  0.4903748631477356E-03  0.3315019226074219E+02
  0.4953031893819571E-03  0.3347076797485352E+02
  0.5002811085432768E-03  0.3379439163208008E+02
  0.5053090280853212E-03  0.3412108993530273E+02
  0.5103874718770385E-03  0.3445089340209961E+02
  0.5155169637873769E-03  0.3478382873535156E+02
  0.5206979694776237E-03  0.3511991882324219E+02
  0.5259310710243881E-03  0.3545920181274414E+02
  0.5312167340889573E-03  0.3580170059204102E+02
  0.5365555407479405E-03  0.3614745330810547E+02
  0.5419480148702860E-03  0.3649647903442383E+02
  0.5473946803249419E-03  0.3684880828857422E+02
  0.5528961191885173E-03  0.3720447158813477E+02
  0.5584527971222997E-03  0.3756349945068359E+02
  0.5640654126182199E-03  0.3792591476440430E+02
  0.5697343149222434E-03  0.3829175567626953E+02
  0.5754602607339621E-03  0.3866105270385742E+02
  0.5812437157146633E-03  0.3903382873535156E+02
  0.5870853201486170E-03  0.3941012191772461E+02
  0.5929855979047716E-03  0.3978995895385742E+02
  0.5989452474750578E-03  0.4017337417602539E+02
  0.6049647345207632E-03  0.4056039047241211E+02
  0.6110446993261576E-03  0.4095104598999023E+02
  0.6171857821755111E-03  0.4134537506103516E+02
  0.6233886233530939E-03  0.4174340438842773E+02
  0.6296537467278540E-03  0.4214516830444336E+02
  0.6359818507917225E-03  0.4255070114135742E+02
  0.6423736922442913E-03  0.4296003341674805E+02
  0.6488296203315258E-03  0.4337319564819336E+02
  0.6553504499606788E-03  0.4379022216796875E+02
  0.6619368214160204E-03  0.4421114349365234E+02
  0.6685894331894815E-03  0.4463599395751953E+02
  0.6753088091500103E-03  0.4506480789184570E+02
  0.6820958224125206E-03  0.4549762344360352E+02
  0.6889509386382997E-03  0.4593446731567383E+02
  0.6958750309422612E-03  0.4637537765502930E+02
  0.7028686814010143E-03  0.4682038879394531E+02
  0.7099326467141509E-03  0.4726953506469727E+02
  0.7170675671659410E-03  0.4772284698486328E+02
  0.7242741994559765E-03  0.4818036651611328E+02
  0.7315533584915102E-03  0.4864212417602539E+02
  0.7389056263491511E-03  0.4910815048217773E+02
  0.7463317015208304E-03  0.4957848358154297E+02
  0.7538324571214616E-03  0.5005315780639648E+02
  0.7614085916429758E-03  0.5053221511840820E+02
  0.7690608617849648E-03  0.5101568222045898E+02
  0.7767900824546814E-03  0.5150360107421875E+02
  0.7845968939363956E-03  0.5199600982666016E+02
  0.7924822857603431E-03  0.5249293899536133E+02
  0.8004467817954719E-03  0.5299442672729492E+02
  0.8084913715720177E-03  0.5350051116943359E+02
  0.8166168699972332E-03  0.5401122665405273E+02
  0.8248240337707102E-03  0.5452661132812500E+02
  0.8331136777997017E-03  0.5504670333862305E+02
  0.8414865005761385E-03  0.5557153701782227E+02
  0.8499436080455780E-03  0.5610115051269531E+02
  0.8584856986999512E-03  0.5663558578491211E+02
  0.8671135874465108E-03  0.5717487716674805E+02
  0.8758282638154924E-03  0.5771905899047852E+02
  0.8846306591294706E-03  0.5826817321777344E+02
  0.8935213554650545E-03  0.5882225418090820E+02
  0.9025013423524797E-03  0.5938134002685547E+02
  0.9115716675296426E-03  0.5994546890258789E+02
  0.9207330294884741E-03  0.6051467895507812E+02
  0.9299866505898535E-03  0.6108900833129883E+02
  0.9393331129103899E-03  0.6166849899291992E+02
  0.9487735223956406E-03  0.6225318527221680E+02
  0.9583088685758412E-03  0.6284310913085938E+02
  0.9679400245659053E-03  0.6343831253051758E+02
  0.9776679798960686E-03  0.6403882598876953E+02
  0.9874936658889055E-03  0.6464469909667969E+02
  0.9974181884899735E-03  0.6525595092773438E+02
  0.1007442362606525E-02  0.6587264251708984E+02
  0.1017567352391779E-02  0.6649479675292969E+02
  0.1027794089168310E-02  0.6712245178222656E+02
  0.1038123620674014E-02  0.6775565338134766E+02
  0.1048556878231466E-02  0.6839443969726562E+02
  0.1059095025993884E-02  0.6903884887695312E+02
  0.1069739111699164E-02  0.6968892669677734E+02
  0.1080490066669881E-02  0.7034470367431641E+02
  0.1091349171474576E-02  0.7100622558593750E+02
  0.1102317473851144E-02  0.7167352294921875E+02
  0.1113395905122161E-02  0.7234664154052734E+02
  0.1124585745856166E-02  0.7302561187744141E+02
  0.1135887927375734E-02  0.7371047973632812E+02
  0.1147304079495370E-02  0.7440128326416016E+02
  0.1158834667876363E-02  0.7509806060791016E+02
  0.1170481205917895E-02  0.7580084991455078E+02
  0.1182244624942541E-02  0.7650968933105469E+02
  0.1194126438349485E-02  0.7722461700439453E+02
  0.1206127577461302E-02  0.7794567871093750E+02
  0.1218249439261854E-02  0.7867290496826172E+02
  0.1230492955073714E-02  0.7940633392333984E+02
  0.1242859638296068E-02  0.8014601135253906E+02
  0.1255350536666811E-02  0.8089196014404297E+02
  0.1267967047169805E-02  0.8164422607421875E+02
  0.1280710333958268E-02  0.8240284729003906E+02
  0.1293581677600741E-02  0.8316786956787109E+02
  0.1306582358665764E-02  0.8393932342529297E+02
  0.1319713657721877E-02  0.8471725463867188E+02
  0.1332976971752942E-02  0.8550169372558594E+02
  0.1346373581327498E-02  0.8629267120361328E+02
  0.1359904883429408E-02  0.8709022521972656E+02
  0.1373572158627212E-02  0.8789439392089844E+02
  0.1387376803904772E-02  0.8870522308349609E+02
  0.1401320099830627E-02  0.8952273559570312E+02
  0.1415403559803963E-02  0.9034698486328125E+02
  0.1429628580808640E-02  0.9117799377441406E+02
  0.1443996676243842E-02  0.9201580047607422E+02
  0.1458509010262787E-02  0.9286042785644531E+02
  0.1473167678341269E-02  0.9371193695068359E+02
  0.1487973146140575E-02  0.9457034301757812E+02
  0.1502927509136498E-02  0.9543568420410156E+02
  0.1518032280728221E-02  0.9630800628662109E+02
  0.1533288741484284E-02  0.9718733215332031E+02
  0.1548698521219194E-02  0.9807369995117188E+02
  0.1564263133332133E-02  0.9896714019775391E+02
  0.1579984207637608E-02  0.9986768341064453E+02
  0.1595863257534802E-02  0.1007753601074219E+03
  0.1611902029253542E-02  0.1016902008056641E+03
  0.1628101919777691E-02  0.1026122436523438E+03
  0.1644464675337076E-02  0.1035415191650391E+03
  0.1660991576500237E-02  0.1044780654907227E+03
  0.1677684951573610E-02  0.1054219131469727E+03
  0.1694545848295093E-02  0.1063730773925781E+03
  0.1711576362140477E-02  0.1073316116333008E+03
  0.1728778006508946E-02  0.1082975234985352E+03
  0.1746152411215007E-02  0.1092708587646484E+03
  0.1763701555319130E-02  0.1102516326904297E+03
  0.1781426952220500E-02  0.1112398757934570E+03
  0.1799330697394907E-02  0.1122356185913086E+03
  0.1817414187826216E-02  0.1132388763427734E+03
  0.1835679635405540E-02  0.1142496948242188E+03
  0.1854128437116742E-02  0.1152680816650391E+03
  0.1872762688435614E-02  0.1162940902709961E+03
  0.1891584135591984E-02  0.1173277435302734E+03
  0.1910595456138253E-02  0.1183690490722656E+03
  0.1929797115735710E-02  0.1194180297851562E+03
  0.1949192024767399E-02  0.1204747085571289E+03
  0.1968781696632504E-02  0.1215391082763672E+03
  0.1988568343222141E-02  0.1226112518310547E+03
  0.2008553594350815E-02  0.1236911697387695E+03
  0.2028739778324962E-02  0.1247788848876953E+03
  0.2049128990620375E-02  0.1258744201660156E+03
  0.2069723093882203E-02  0.1269777908325195E+03
  0.2090524183586240E-02  0.1280890197753906E+03
  0.2111534355208278E-02  0.1292081146240234E+03
  0.2132755704224110E-02  0.1303350982666016E+03
  0.2154190093278885E-02  0.1314699707031250E+03
  0.2175839850679040E-02  0.1326127777099609E+03
  0.2197707537561655E-02  0.1337635192871094E+03
  0.2219794783741236E-02  0.1349222106933594E+03
  0.2242104150354862E-02  0.1360888977050781E+03
  0.2264637732878327E-02  0.1372635498046875E+03
  0.2287397626787424E-02  0.1384461975097656E+03
  0.2310386393219233E-02  0.1396368408203125E+03
  0.2333606127649546E-02  0.1408355102539062E+03
  0.2357059158384800E-02  0.1420421905517578E+03
  0.2380747813731432E-02  0.1432569122314453E+03
  0.2404674887657166E-02  0.1444796752929688E+03
  0.2428842242807150E-02  0.1457104949951172E+03
  0.2453252440318465E-02  0.1469493865966797E+03
  0.2477908739820123E-02  0.1481963348388672E+03
  0.2502811839804053E-02  0.1494513397216797E+03
  0.2527965698391199E-02  0.1507144165039062E+03
  0.2553372178226709E-02  0.1519855651855469E+03
  0.2579034073278308E-02  0.1532647705078125E+03
  0.2604953711852431E-02  0.1545520477294922E+03
  0.2631133887916803E-02  0.1558473815917969E+03
  0.2657577162608504E-02  0.1571507873535156E+03
  0.2684286329895258E-02  0.1584622497558594E+03
  0.2711263718083501E-02  0.1597817840576172E+03
  0.2738512353971601E-02  0.1611093750000000E+03
  0.2766034798696637E-02  0.1624450073242188E+03
  0.2793833846226335E-02  0.1637886505126953E+03
  0.2821912290528417E-02  0.1651403045654297E+03
  0.2850273158401251E-02  0.1664999542236328E+03
  0.2878918778151274E-02  0.1678675994873047E+03
  0.2907852176576853E-02  0.1692432403564453E+03
  0.2937076613306999E-02  0.1706268310546875E+03
  0.2966594882309437E-02  0.1720183563232422E+03
  0.2996409544721246E-02  0.1734178009033203E+03
  0.3026523860171437E-02  0.1748251190185547E+03
  0.3056940855458379E-02  0.1762402954101562E+03
  0.3087663557380438E-02  0.1776632995605469E+03
  0.3118695225566626E-02  0.1790941162109375E+03
  0.3150038653984666E-02  0.1805327148437500E+03
  0.3181697800755501E-02  0.1819790496826172E+03
  0.3213674062862992E-02  0.1834331207275391E+03
  0.3245972329750657E-02  0.1848948669433594E+03
  0.3278594929724932E-02  0.1863642425537109E+03
  0.3311545122414827E-02  0.1878412017822266E+03
  0.3344826865941286E-02  0.1893256988525391E+03
  0.3378442721441388E-02  0.1908177032470703E+03
  0.3412396647036076E-02  0.1923171691894531E+03
  0.3446691902354360E-02  0.1938240509033203E+03
  0.3481331514194608E-02  0.1953382873535156E+03
  0.3516319673508406E-02  0.1968598327636719E+03
  0.3551658941432834E-02  0.1983886108398438E+03
  0.3587353741750121E-02  0.1999245758056641E+03
  0.3623407334089279E-02  0.2014676513671875E+03
  0.3659823210909963E-02  0.2030177764892578E+03
  0.3696604864671826E-02  0.2045748748779297E+03
  0.3733756253495812E-02  0.2061389007568359E+03
  0.3771280869841576E-02  0.2077097778320312E+03
  0.3809183137491345E-02  0.2092874450683594E+03
  0.3847465850412846E-02  0.2108718109130859E+03
  0.3886133432388306E-02  0.2124627990722656E+03
  0.3925189841538668E-02  0.2140603179931641E+03
  0.3964638803154230E-02  0.2156642761230469E+03
  0.4004483576864004E-02  0.2172745971679688E+03
  0.4044729284942150E-02  0.2188911895751953E+03
  0.4085379652678967E-02  0.2205139617919922E+03
  0.4126439336687326E-02  0.2221428070068359E+03
  0.4167910665273666E-02  0.2237776641845703E+03
  0.4209799226373434E-02  0.2254183959960938E+03
  0.4252108279615641E-02  0.2270649261474609E+03
  0.4294842481613159E-02  0.2287171173095703E+03
  0.4338006023317575E-02  0.2303748474121094E+03
  0.4381604027003050E-02  0.2320380401611328E+03
  0.4425639752298594E-02  0.2337065582275391E+03
  0.4470118321478367E-02  0.2353803100585938E+03
  0.4515043459832668E-02  0.2370591583251953E+03
  0.4560420289635658E-02  0.2387429809570312E+03
  0.4606253467500210E-02  0.2404316406250000E+03
  0.4652547184377909E-02  0.2421250305175781E+03
  0.4699305631220341E-02  0.2438229675292969E+03
  0.4746534395962954E-02  0.2455253601074219E+03
  0.4794237669557333E-02  0.2472320556640625E+03
  0.4842421039938927E-02  0.2489429016113281E+03
  0.4891087766736746E-02  0.2506577606201172E+03
  0.4940244369208813E-02  0.2523764648437500E+03
  0.4989894572645426E-02  0.2540988616943359E+03
  0.5040043499320745E-02  0.2558247985839844E+03
  0.5090696737170219E-02  0.2575541076660156E+03
  0.5141858942806721E-02  0.2592866210937500E+03
  0.5193535704165697E-02  0.2610221557617188E+03
  0.5245731677860022E-02  0.2627605895996094E+03
  0.5298452917486429E-02  0.2645016784667969E+03
  0.5351703613996506E-02  0.2662453002929688E+03
  0.5405488889664412E-02  0.2679912414550781E+03
  0.5459814798086882E-02  0.2697392883300781E+03
  0.5514685530215502E-02  0.2714892883300781E+03
  0.5570110399276018E-02  0.2732410278320312E+03
  0.5626089405268431E-02  0.2749942626953125E+03
  0.5682633724063635E-02  0.2767488098144531E+03
  0.5739743821322918E-02  0.2785044555664062E+03
  0.5797430872917175E-02  0.2802610168457031E+03
  0.5855694413185120E-02  0.2820182495117188E+03
  0.5914546549320221E-02  0.2837759094238281E+03
  0.5973986815661192E-02  0.2855338439941406E+03
  0.6034028250724077E-02  0.2872917480468750E+03
  0.6094672251492739E-02  0.2890493774414062E+03
  0.6155923474580050E-02  0.2908065490722656E+03
  0.6217792630195618E-02  0.2925629272460938E+03
  0.6280281115323305E-02  0.2943183288574219E+03
  0.6343400571495295E-02  0.2960724792480469E+03
  0.6407150998711586E-02  0.2978251342773438E+03
  0.6471545435488224E-02  0.2995760192871094E+03
  0.6536584347486496E-02  0.3013248901367188E+03
  0.6602279376238585E-02  0.3030714416503906E+03
  0.6668631453067064E-02  0.3048153991699219E+03
  0.6735654082149267E-02  0.3065565185546875E+03
  0.6803346797823906E-02  0.3082944641113281E+03
  0.6871723104268312E-02  0.3100289611816406E+03
  0.6940783467143774E-02  0.3117596740722656E+03
  0.7010541390627623E-02  0.3134863586425781E+03
  0.7080996409058571E-02  0.3152086791992188E+03
  0.7152163423597813E-02  0.3169263610839844E+03
  0.7224041502922773E-02  0.3186390686035156E+03
  0.7296646479517221E-02  0.3203464355468750E+03
  0.7369977422058582E-02  0.3220481872558594E+03
  0.7444048300385475E-02  0.3237439880371094E+03
  0.7518860511481762E-02  0.3254334411621094E+03
  0.7594428025186062E-02  0.3271162719726562E+03
  0.7670750841498375E-02  0.3287921142578125E+03
  0.7747845258563757E-02  0.3304605712890625E+03
  0.7825713604688644E-02  0.3321213378906250E+03
  0.7904361933469772E-02  0.3337740478515625E+03
  0.7983803749084473E-02  0.3354183044433594E+03
  0.8064040914177895E-02  0.3370537414550781E+03
  0.8145087398588657E-02  0.3386799926757812E+03
  0.8226944133639336E-02  0.3402966308593750E+03
  0.8309628814458847E-02  0.3419033203125000E+03
  0.8393140509724617E-02  0.3434996337890625E+03
  0.8477495051920414E-02  0.3450851440429688E+03
  0.8562692441046238E-02  0.3466595153808594E+03
  0.8648751303553581E-02  0.3482222900390625E+03
  0.8735670708119869E-02  0.3497731018066406E+03
  0.8823467418551445E-02  0.3513114929199219E+03
  0.8912142366170883E-02  0.3528370361328125E+03
  0.9001712314784527E-02  0.3543493041992188E+03
  0.9092180058360100E-02  0.3558478393554688E+03
  0.9183559566736221E-02  0.3573322143554688E+03
  0.9275853633880615E-02  0.3588019714355469E+03
  0.9369079023599625E-02  0.3602567138671875E+03
  0.9463237598538399E-02  0.3616959533691406E+03
  0.9558347053825855E-02  0.3631192016601562E+03
  0.9654408320784569E-02  0.3645260314941406E+03
  0.9751439094543457E-02  0.3659159240722656E+03
  0.9849439375102520E-02  0.3672884216308594E+03
  0.9948430582880974E-02  0.3686430664062500E+03
  0.1004841551184654E-01  0.3699793090820312E+03
  0.1014940161257982E-01  0.3712967224121094E+03
  0.1025140751153231E-01  0.3725947875976562E+03
  0.1035443320870399E-01  0.3738730163574219E+03
  0.1045849919319153E-01  0.3751308898925781E+03
  0.1056360639631748E-01  0.3763678894042969E+03
  0.1066977530717850E-01  0.3775835266113281E+03
  0.1077700592577457E-01  0.3787772827148438E+03
  0.1088531874120235E-01  0.3799486083984375E+03
  0.1099471468478441E-01  0.3810970153808594E+03
  0.1110521610826254E-01  0.3822219543457031E+03
  0.1121682208031416E-01  0.3833228759765625E+03
  0.1132955588400364E-01  0.3843992614746094E+03
  0.1144341751933098E-01  0.3854505920410156E+03
  0.1155842747539282E-01  0.3864763183593750E+03
  0.1167458947747946E-01  0.3874758911132812E+03
  0.1179192401468754E-01  0.3884487609863281E+03
  0.1191043108701706E-01  0.3893943786621094E+03
  0.1203013584017754E-01  0.3903121643066406E+03
  0.1215103827416897E-01  0.3912016296386719E+03
  0.1227316074073315E-01  0.3920621337890625E+03
  0.1239650510251522E-01  0.3928931884765625E+03
  0.1252109464257956E-01  0.3936941833496094E+03
  0.1264693029224873E-01  0.3944645996093750E+03
  0.1277403719723225E-01  0.3952038879394531E+03
  0.1290241535753012E-01  0.3959114379882812E+03
  0.1303209085017443E-01  0.3965867309570312E+03
  0.1316306740045547E-01  0.3972291870117188E+03
  0.1329535525292158E-01  0.3978382568359375E+03
  0.1342897955328226E-01  0.3984134216308594E+03
  0.1356393843889236E-01  0.3989540710449219E+03
  0.1370026171207428E-01  0.3994596862792969E+03
  0.1383794844150543E-01  0.3999296875000000E+03
  0.1397702563554049E-01  0.4003634643554688E+03
  0.1411749422550201E-01  0.4007605590820312E+03
  0.1425937935709953E-01  0.4011203918457031E+03
  0.1440268475562334E-01  0.4014424743652344E+03
  0.1454743742942810E-01  0.4017262268066406E+03
  0.1469363830983639E-01  0.4019711303710938E+03
  0.1484131626784801E-01  0.4021766967773438E+03
  0.1499046944081783E-01  0.4023423767089844E+03
  0.1514112949371338E-01  0.4024676208496094E+03
  0.1529329642653465E-01  0.4025520019531250E+03
  0.1544700097292662E-01  0.4025949707031250E+03
  0.1560224127024412E-01  0.4025960693359375E+03
  0.1575904898345470E-01  0.4025548400878906E+03
  0.1591742783784866E-01  0.4024707946777344E+03
  0.1607740484178066E-01  0.4023435058593750E+03
  0.1623898185789585E-01  0.4021725158691406E+03
  0.1640218868851662E-01  0.4019573669433594E+03
  0.1656702905893326E-01  0.4016976318359375E+03
  0.1673353463411331E-01  0.4013929138183594E+03
  0.1690171286463737E-01  0.4010428771972656E+03
  0.1707157306373119E-01  0.4006470947265625E+03
  0.1724315062165260E-01  0.4002052001953125E+03
  0.1741644181311131E-01  0.3997169494628906E+03
  0.1759148575365543E-01  0.3991819152832031E+03
  0.1776827871799469E-01  0.3985998840332031E+03
  0.1794685609638691E-01  0.3979704895019531E+03
  0.1812721975147724E-01  0.3972935485839844E+03
  0.1830940693616867E-01  0.3965687255859375E+03
  0.1849341392517090E-01  0.3957958679199219E+03
  0.1867927983403206E-01  0.3949747619628906E+03
  0.1886700466275215E-01  0.3941051940917969E+03
  0.1905662566423416E-01  0.3931870727539062E+03
  0.1924814470112324E-01  0.3922202758789062E+03
  0.1944159530103207E-01  0.3912047119140625E+03
  0.1963698305189610E-01  0.3901402893066406E+03
  0.1983434148132801E-01  0.3890270385742188E+03
  0.2003367431461811E-01  0.3878649291992188E+03
  0.2023502066731453E-01  0.3866539611816406E+03
  0.2043838053941727E-01  0.3853942260742188E+03
  0.2064379490911961E-01  0.3840857849121094E+03
  0.2085126377642155E-01  0.3827287597656250E+03
  0.2106082625687122E-01  0.3813233337402344E+03
  0.2127248607575893E-01  0.3798697509765625E+03
  0.2148628421127796E-01  0.3783682250976562E+03
  0.2170222811400890E-01  0.3768190307617188E+03
  0.2192033454775810E-01  0.3752224731445312E+03
  0.2214064262807369E-01  0.3735788574218750E+03
  0.2236315421760082E-01  0.3718886108398438E+03
  0.2258791215717793E-01  0.3701521911621094E+03
  0.2281492017209530E-01  0.3683700866699219E+03
  0.2304421924054623E-01  0.3665427856445312E+03
  0.2327581122517586E-01  0.3646709289550781E+03
  0.2350974269211292E-01  0.3627550354003906E+03
  0.2374601364135742E-01  0.3607958068847656E+03
  0.2398467063903809E-01  0.3587938842773438E+03
  0.2422571554780006E-01  0.3567500610351562E+03
  0.2446919120848179E-01  0.3546651611328125E+03
  0.2471510507166386E-01  0.3525399475097656E+03
  0.2496350184082985E-01  0.3503753967285156E+03
  0.2521438337862492E-01  0.3481723327636719E+03
  0.2546779811382294E-01  0.3459317321777344E+03
  0.2572374790906906E-01  0.3436546936035156E+03
  0.2598228119313717E-01  0.3413422546386719E+03
  0.2624340169131756E-01  0.3389955749511719E+03
  0.2650715783238411E-01  0.3366157836914062E+03
  0.2677355334162712E-01  0.3342041320800781E+03
  0.2704263851046562E-01  0.3317618103027344E+03
  0.2731441333889961E-01  0.3292901306152344E+03
  0.2758893370628357E-01  0.3267904663085938E+03
  0.2786620147526264E-01  0.3242641906738281E+03
  0.2814626693725586E-01  0.3217127075195312E+03
  0.2842915058135986E-01  0.3191375122070312E+03
  0.2871485799551010E-01  0.3165401306152344E+03
  0.2900345437228680E-01  0.3139220581054688E+03
  0.2929493598639965E-01  0.3112849426269531E+03
  0.2958936430513859E-01  0.3086304016113281E+03
  0.2988673374056816E-01  0.3059600524902344E+03
  0.3018710948526859E-01  0.3032755737304688E+03
  0.3049048408865929E-01  0.3005787353515625E+03
  0.3079692646861076E-01  0.2978712463378906E+03
  0.3110643289983273E-01  0.2951548156738281E+03
  0.3141906484961510E-01  0.2924313354492188E+03
  0.3173482418060303E-01  0.2897026367187500E+03
  0.3205377236008644E-01  0.2869704589843750E+03
  0.3237590938806534E-01  0.2842366943359375E+03
  0.3270129859447479E-01  0.2815032348632812E+03
  0.3302994742989540E-01  0.2787718811035156E+03
  0.3336191177368164E-01  0.2760444946289062E+03
  0.3369719535112381E-01  0.2733230285644531E+03
  0.3403586521744728E-01  0.2706092834472656E+03
  0.3437792137265205E-01  0.2679051208496094E+03
  0.3472343459725380E-01  0.2652124633789062E+03
  0.3507240116596222E-01  0.2625331420898438E+03
  0.3542489185929298E-01  0.2598689270019531E+03
  0.3578091040253639E-01  0.2572216796875000E+03
  0.3614052385091782E-01  0.2545932312011719E+03
  0.3650375083088875E-01  0.2519853057861328E+03
  0.3687060624361038E-01  0.2493996429443359E+03
  0.3724117204546928E-01  0.2468379516601562E+03
  0.3761544451117516E-01  0.2443018341064453E+03
  0.3799349442124367E-01  0.2417929077148438E+03
  0.3837532550096512E-01  0.2393127288818359E+03
  0.3876101225614548E-01  0.2368628082275391E+03
  0.3915055841207504E-01  0.2344445953369141E+03
  0.3954403474926949E-01  0.2320594940185547E+03
  0.3994145244359970E-01  0.2297088165283203E+03
  0.4034287855029106E-01  0.2273938293457031E+03
  0.4074832051992416E-01  0.2251157073974609E+03
  0.4115785658359528E-01  0.2228755035400391E+03
  0.4157149046659470E-01  0.2206742401123047E+03
  0.4198930040001869E-01  0.2185128479003906E+03
  0.4241129010915756E-01  0.2163920898437500E+03
  0.4283754155039787E-01  0.2143127593994141E+03
  0.4326805472373962E-01  0.2122754821777344E+03
  0.4370291531085968E-01  0.2102807617187500E+03
  0.4414212703704834E-01  0.2083289794921875E+03
  0.4458577185869217E-01  0.2064205017089844E+03
  0.4503385350108147E-01  0.2045554504394531E+03
  0.4548646509647369E-01  0.2027338562011719E+03
  0.4594359919428825E-01  0.2009557495117188E+03
  0.4640534892678261E-01  0.1992208557128906E+03
  0.4687174409627914E-01  0.1975288391113281E+03
  0.4734279960393906E-01  0.1958792724609375E+03
  0.4781861603260040E-01  0.1942714996337891E+03
  0.4829918593168259E-01  0.1927047882080078E+03
  0.4878461360931396E-01  0.1911782989501953E+03
  0.4927489534020424E-01  0.1896909637451172E+03
  0.4977012425661087E-01  0.1882415466308594E+03
  0.5027031153440475E-01  0.1868288269042969E+03
  0.5077554658055305E-01  0.1854512176513672E+03
  0.5128583684563637E-01  0.1841071624755859E+03
  0.5180127918720245E-01  0.1827949218750000E+03
  0.5232188105583191E-01  0.1815124664306641E+03
  0.5284773558378220E-01  0.1802578125000000E+03
  0.5337885022163391E-01  0.1790287170410156E+03
  0.5391532927751541E-01  0.1778227996826172E+03
  0.5445717647671700E-01  0.1766376800537109E+03
  0.5500449240207672E-01  0.1754706573486328E+03
  0.5555728077888489E-01  0.1743190612792969E+03
  0.5611565336585045E-01  0.1731800384521484E+03
  0.5667961388826370E-01  0.1720506286621094E+03
  0.5724926665425301E-01  0.1709278259277344E+03
  0.5782461538910866E-01  0.1698084564208984E+03
  0.5840577185153961E-01  0.1686893768310547E+03
  0.5899274721741676E-01  0.1675673217773438E+03
  0.5958564952015877E-01  0.1664390563964844E+03
  0.6018447875976562E-01  0.1653012847900391E+03
  0.6078936159610748E-01  0.1641506958007812E+03
  0.6140031665563583E-01  0.1629840240478516E+03
  0.6201738119125366E-01  0.1617980346679688E+03
  0.6264068186283112E-01  0.1605895690917969E+03
  0.6327021121978760E-01  0.1593555908203125E+03
  0.6390611082315445E-01  0.1580930938720703E+03
  0.6454835832118988E-01  0.1567993164062500E+03
  0.6519709527492523E-01  0.1554715881347656E+03
  0.6585231423377991E-01  0.1541074523925781E+03
  0.6651416420936584E-01  0.1527047271728516E+03
  0.6718262284994125E-01  0.1512614135742188E+03
  0.6785783171653748E-01  0.1497758331298828E+03
  0.6853979825973511E-01  0.1482465667724609E+03
  0.6922865658998489E-01  0.1466725769042969E+03
  0.6992439180612564E-01  0.1450530853271484E+03
  0.7062716782093048E-01  0.1433879089355469E+03
  0.7133696228265762E-01  0.1416770782470703E+03
  0.7205392420291901E-01  0.1399209899902344E+03
  0.7277806103229523E-01  0.1381204071044922E+03
  0.7350950688123703E-01  0.1362766418457031E+03
  0.7424827665090561E-01  0.1343913879394531E+03
  0.7499449700117111E-01  0.1324667663574219E+03
  0.7574818283319473E-01  0.1305053253173828E+03
  0.7650949060916901E-01  0.1285100402832031E+03
  0.7727840542793274E-01  0.1264842987060547E+03
  0.7805508375167847E-01  0.1244317779541016E+03
  0.7883957028388977E-01  0.1223566284179688E+03
  0.7963189482688904E-01  0.1202632369995117E+03
  0.8043222874403000E-01  0.1181563873291016E+03
  0.8124056458473206E-01  0.1160410461425781E+03
  0.8205706626176834E-01  0.1139224014282227E+03
  0.8288173377513885E-01  0.1118058547973633E+03
  0.8371472358703613E-01  0.1096968917846680E+03
  0.8455605059862137E-01  0.1076011123657227E+03
  0.8540587872266769E-01  0.1055240936279297E+03
  0.8626419305801392E-01  0.1034714508056641E+03
  0.8713118731975555E-01  0.1014486694335938E+03
  0.8800684660673141E-01  0.9946109008789062E+02
  0.8889134973287582E-01  0.9751392364501953E+02
  0.8978470414876938E-01  0.9561206054687500E+02
  0.9068707376718521E-01  0.9376015472412109E+02
  0.9159847348928452E-01  0.9196248626708984E+02
  0.9251907467842102E-01  0.9022299194335938E+02
  0.9344887733459473E-01  0.8854515838623047E+02
  0.9438807517290115E-01  0.8693196868896484E+02
  0.9533667564392090E-01  0.8538594818115234E+02
  0.9629484266042709E-01  0.8390914916992188E+02
  0.9726259857416153E-01  0.8250295257568359E+02
  0.9824012964963913E-01  0.8116822052001953E+02
  0.9922743588685989E-01  0.7990517425537109E+02
  0.1002247035503387E+00  0.7871350097656250E+02
  0.1012320071458817E+00  0.7759217834472656E+02
  0.1022493764758110E+00  0.7653959655761719E+02
  0.1032770201563835E+00  0.7555349731445312E+02
  0.1043149530887604E+00  0.7463102722167969E+02
  0.1053633540868759E+00  0.7376877593994141E+02
  0.1064222529530525E+00  0.7296238708496094E+02
  0.1074918285012245E+00  0.7220732116699219E+02
  0.1085721179842949E+00  0.7149903106689453E+02
  0.1096633151173592E+00  0.7083188629150391E+02
  0.1107654124498367E+00  0.7019953918457031E+02
  0.1118786558508873E+00  0.6959519195556641E+02
  0.1130030229687691E+00  0.6901178741455078E+02
  0.1141387522220612E+00  0.6844206237792969E+02
  0.1152858361601830E+00  0.6787868499755859E+02
  0.1164445057511330E+00  0.6731444549560547E+02
  0.1176147684454918E+00  0.6674234008789062E+02
  0.1187968328595161E+00  0.6615568542480469E+02
  0.1199907436966896E+00  0.6554817962646484E+02
  0.1211966872215271E+00  0.6491397857666016E+02
  0.1224147081375122E+00  0.6424771881103516E+02
  0.1236450299620628E+00  0.6354466629028320E+02
  0.1248876452445984E+00  0.6280074691772461E+02
  0.1261428147554398E+00  0.6201272201538086E+02
  0.1274105459451675E+00  0.6117832183837891E+02
  0.1286910772323608E+00  0.6029636764526367E+02
  0.1299844682216644E+00  0.5936693191528320E+02
  0.1312908083200455E+00  0.5839148712158203E+02
  0.1326103210449219E+00  0.5737260437011719E+02
  0.1339430510997772E+00  0.5631421279907227E+02
  0.1352892369031906E+00  0.5522145080566406E+02
  0.1366488784551620E+00  0.5410011291503906E+02
  0.1380222439765930E+00  0.5295666503906250E+02
  0.1394093632698059E+00  0.5179836654663086E+02
  0.1408104896545410E+00  0.5063297271728516E+02
  0.1422256231307983E+00  0.4946829605102539E+02
  0.1436550319194794E+00  0.4831191253662109E+02
  0.1450987607240677E+00  0.4717163085937500E+02
  0.1465570628643036E+00  0.4605538940429688E+02
  0.1480299532413483E+00  0.4497072982788086E+02
  0.1495177149772644E+00  0.4392445755004883E+02
  0.1510203480720520E+00  0.4292272567749023E+02
  0.1525381654500961E+00  0.4197094345092773E+02
  0.1540711671113968E+00  0.4107308578491211E+02
  0.1556196361780167E+00  0.4023171997070312E+02
  0.1571836024522781E+00  0.3944830322265625E+02
  0.1587633490562439E+00  0.3872324752807617E+02
  0.1603589206933975E+00  0.3805576705932617E+02
  0.1619705855846405E+00  0.3744389724731445E+02
  0.1635983735322952E+00  0.3688460540771484E+02
  0.1652426123619080E+00  0.3637388229370117E+02
  0.1669032722711563E+00  0.3590676116943359E+02
  0.1685807257890701E+00  0.3547724914550781E+02
  0.1702750325202942E+00  0.3507830810546875E+02
  0.1719862818717957E+00  0.3470219039916992E+02
  0.1737148016691208E+00  0.3434091567993164E+02
  0.1754606217145920E+00  0.3398638534545898E+02
  0.1772240847349167E+00  0.3363076019287109E+02
  0.1790051609277725E+00  0.3326670455932617E+02
  0.1808042377233505E+00  0.3288745498657227E+02
  0.1826213151216507E+00  0.3248716354370117E+02
  0.1844567209482193E+00  0.3206103897094727E+02
  0.1863104999065399E+00  0.3160526847839355E+02
  0.1881829947233200E+00  0.3111745262145996E+02
  0.1900742202997208E+00  0.3059700775146484E+02
  0.1919845342636108E+00  0.3004493904113770E+02
  0.1939139664173126E+00  0.2946379852294922E+02
  0.1958628743886948E+00  0.2885788345336914E+02
  0.1978312879800797E+00  0.2823266601562500E+02
  0.1998195648193359E+00  0.2759426307678223E+02
  0.2018277347087860E+00  0.2694937515258789E+02
  0.2038561850786209E+00  0.2630509185791016E+02
  0.2059049308300018E+00  0.2566865158081055E+02
  0.2079743593931198E+00  0.2504719924926758E+02
  0.2100644707679749E+00  0.2444740104675293E+02
  0.2121756970882416E+00  0.2387495422363281E+02
  0.2143080532550812E+00  0.2333435058593750E+02
  0.2164619266986847E+00  0.2282866668701172E+02
  0.2186374664306641E+00  0.2235953903198242E+02
  0.2208347618579865E+00  0.2192716789245605E+02
  0.2230542153120041E+00  0.2153059005737305E+02
  0.2252959161996841E+00  0.2116764831542969E+02
  0.2275602221488953E+00  0.2083473777770996E+02
  0.2298471927642822E+00  0.2052712631225586E+02
  0.2321572452783585E+00  0.2023918151855469E+02
  0.2344903945922852E+00  0.1996464347839355E+02
  0.2368471175432205E+00  0.1969725799560547E+02
  0.2392274141311646E+00  0.1943103408813477E+02
  0.2416317313909531E+00  0.1916047286987305E+02
  0.2440601289272308E+00  0.1888077926635742E+02
  0.2465130239725113E+00  0.1858805847167969E+02
  0.2489904463291168E+00  0.1827964782714844E+02
  0.2514929175376892E+00  0.1795435142517090E+02
  0.2540203928947449E+00  0.1761277961730957E+02
  0.2565734088420868E+00  0.1725693321228027E+02
  0.2591519355773926E+00  0.1688987350463867E+02
  0.2617565095424652E+00  0.1651555252075195E+02
  0.2643871605396271E+00  0.1613848114013672E+02
  0.2670443654060364E+00  0.1576366519927979E+02
  0.2697281241416931E+00  0.1539618682861328E+02
  0.2724390029907227E+00  0.1504073143005371E+02
  0.2751770019531250E+00  0.1470105171203613E+02
  0.2779426276683807E+00  0.1437973403930664E+02
  0.2807360589504242E+00  0.1407834911346436E+02
  0.2835574448108673E+00  0.1379738044738770E+02
  0.2864072918891907E+00  0.1353616714477539E+02
  0.2892856597900391E+00  0.1329285621643066E+02
  0.2921931147575378E+00  0.1306444835662842E+02
  0.2951296269893646E+00  0.1284730911254883E+02
  0.2980957925319672E+00  0.1263756370544434E+02
  0.3010917603969574E+00  0.1243144321441650E+02
  0.3041175603866577E+00  0.1222539424896240E+02
  0.3071740865707397E+00  0.1201624011993408E+02
  0.3102613091468811E+00  0.1180167961120605E+02
  0.3133795559406281E+00  0.1158058547973633E+02
  0.3165288269519806E+00  0.1135302352905273E+02
  0.3197100758552551E+00  0.1111998176574707E+02
  0.3229232728481293E+00  0.1088312053680420E+02
  0.3261688053607941E+00  0.1064483261108398E+02
  0.3294466137886047E+00  0.1040803813934326E+02
  0.3327576816082001E+00  0.1017572021484375E+02
  0.3361020088195801E+00  0.9950389862060547E+01
  0.3394799828529358E+00  0.9733959197998047E+01
  0.3428915739059448E+00  0.9527736663818359E+01
  0.3463377654552460E+00  0.9332331657409668E+01
  0.3498185873031616E+00  0.9147418975830078E+01
  0.3533344268798828E+00  0.8971740722656250E+01
  0.3568852245807648E+00  0.8803537368774414E+01
  0.3604720532894135E+00  0.8640866279602051E+01
  0.3640949726104736E+00  0.8481627464294434E+01
  0.3677542507648468E+00  0.8323724746704102E+01
  0.3714503347873688E+00  0.8165482521057129E+01
  0.3751831948757172E+00  0.8005990028381348E+01
  0.3789539337158203E+00  0.7844958305358887E+01
  0.3827625513076782E+00  0.7682580947875977E+01
  0.3866094946861267E+00  0.7519653320312500E+01
  0.3904947042465210E+00  0.7357536792755127E+01
  0.3944193124771118E+00  0.7197719573974609E+01
  0.3983833789825439E+00  0.7041483402252197E+01
  0.4023872911930084E+00  0.6889931678771973E+01
  0.4064310789108276E+00  0.6743917465209961E+01
  0.4105158448219299E+00  0.6603685855865479E+01
  0.4146417379379272E+00  0.6468885421752930E+01
  0.4188090264797211E+00  0.6338876724243164E+01
  0.4230177998542786E+00  0.6212814331054688E+01
  0.4272693395614624E+00  0.6089563846588135E+01
  0.4315635561943054E+00  0.5968053817749023E+01
  0.4359009265899658E+00  0.5847598552703857E+01
  0.4402814805507660E+00  0.5727753639221191E+01
  0.4447064697742462E+00  0.5608324050903320E+01
  0.4491759538650513E+00  0.5489599227905273E+01
  0.4536903798580170E+00  0.5372159481048584E+01
  0.4582496881484985E+00  0.5256559371948242E+01
  0.4628553092479706E+00  0.5143405914306641E+01
  0.4675071537494659E+00  0.5033281803131104E+01
  0.4722057878971100E+00  0.4926406860351562E+01
  0.4769516587257385E+00  0.4822734832763672E+01
  0.4817447662353516E+00  0.4722121715545654E+01
  0.4865864515304565E+00  0.4624136447906494E+01
  0.4914768934249878E+00  0.4528227806091309E+01
  0.4964163899421692E+00  0.4434017658233643E+01
  0.5014051198959351E+00  0.4341146945953369E+01
  0.5064443945884705E+00  0.4249379158020020E+01
  0.5115343928337097E+00  0.4158793926239014E+01
  0.5166755318641663E+00  0.4069531917572021E+01
  0.5218678116798401E+00  0.3981779813766479E+01
  0.5271128416061401E+00  0.3895876646041870E+01
  0.5324105024337769E+00  0.3811976671218872E+01
  0.5377613902091980E+00  0.3730143308639526E+01
  0.5431656241416931E+00  0.3650413274765015E+01
  0.5486246347427368E+00  0.3572583675384521E+01
  0.5541385412216187E+00  0.3496463775634766E+01
  0.5597078800201416E+00  0.3421881198883057E+01
  0.5653325915336609E+00  0.3348598480224609E+01
  0.5710144639015198E+00  0.3276570558547974E+01
  0.5767533779144287E+00  0.3205771446228027E+01
  0.5825499892234802E+00  0.3136220216751099E+01
  0.5884042978286743E+00  0.3068064928054810E+01
  0.5943179726600647E+00  0.3001330375671387E+01
  0.6002910733222961E+00  0.2936096191406250E+01
  0.6063242554664612E+00  0.2872362375259399E+01
  0.6124180555343628E+00  0.2810037374496460E+01
  0.6185724735260010E+00  0.2749085903167725E+01
  0.6247894167900085E+00  0.2689360618591309E+01
  0.6310687661170959E+00  0.2630819559097290E+01
  0.6374112963676453E+00  0.2573401689529419E+01
  0.6438169479370117E+00  0.2517087697982788E+01
  0.6502875089645386E+00  0.2461915731430054E+01
  0.6568231582641602E+00  0.2407867908477783E+01
  0.6634244918823242E+00  0.2355002403259277E+01
  0.6700915098190308E+00  0.2303266525268555E+01
  0.6768262386322021E+00  0.2252671718597412E+01
  0.6836286187171936E+00  0.2203145980834961E+01
  0.6904993653297424E+00  0.2154661893844604E+01
  0.6974384784698486E+00  0.2107171297073364E+01
  0.7044480443000793E+00  0.2060647487640381E+01
  0.7115280032157898E+00  0.2015086650848389E+01
  0.7186791300773621E+00  0.1970468878746033E+01
  0.7259014248847961E+00  0.1926807522773743E+01
  0.7331970334053040E+00  0.1884071111679077E+01
  0.7405660152435303E+00  0.1842262864112854E+01
  0.7480089664459229E+00  0.1801336765289307E+01
  0.7555260062217712E+00  0.1761286258697510E+01
  0.7631193399429321E+00  0.1722069501876831E+01
  0.7707890272140503E+00  0.1683683514595032E+01
  0.7785357832908630E+00  0.1646100997924805E+01
  0.7863603234291077E+00  0.1609322667121887E+01
  0.7942628264427185E+00  0.1573329567909241E+01
  0.8022454977035522E+00  0.1538110494613647E+01
  0.8103083968162537E+00  0.1503651738166809E+01
  0.8184522986412048E+00  0.1469926476478577E+01
  0.8266773223876953E+00  0.1436930298805237E+01
  0.8349857330322266E+00  0.1404629945755005E+01
  0.8433775901794434E+00  0.1373031258583069E+01
  0.8518539071083069E+00  0.1342103958129883E+01
  0.8604146242141724E+00  0.1311851382255554E+01
  0.8690620660781860E+00  0.1282251954078674E+01
  0.8777965307235718E+00  0.1253293037414551E+01
  0.8866187334060669E+00  0.1224967837333679E+01
  0.8955286741256714E+00  0.1197249531745911E+01
  0.9045291543006897E+00  0.1170138835906982E+01
  0.9136199951171875E+00  0.1143614053726196E+01
  0.9228023290634155E+00  0.1117665171623230E+01
  0.9320759773254395E+00  0.1092286586761475E+01
  0.9414436221122742E+00  0.1067456841468811E+01
  0.9509055614471436E+00  0.1043172359466553E+01
  0.9604624509811401E+00  0.1019420266151428E+01
  0.9701146483421326E+00  0.9961831569671631E+00
  0.9798645973205566E+00  0.9734583497047424E+00
  0.9897126555442810E+00  0.9512314796447754E+00
  0.9996597170829773E+00  0.9294885396957397E+00
  0.1009706735610962E+01  0.9082267880439758E+00
  0.1019853711128235E+01  0.8874322175979614E+00
  0.1030103564262390E+01  0.8670925498008728E+00
  0.1040456533432007E+01  0.8472032546997070E+00
  0.1050913572311401E+01  0.8277543187141418E+00
  0.1061474680900574E+01  0.8087330460548401E+00
  0.1072142839431763E+01  0.7901329994201660E+00
  0.1082918286323547E+01  0.7719476222991943E+00
  0.1093802094459534E+01  0.7541648745536804E+00
  0.1104794263839722E+01  0.7367761135101318E+00
  0.1115897774696350E+01  0.7197747230529785E+00
  0.1127113103866577E+01  0.7031542658805847E+00
  0.1138440966606140E+01  0.6869035363197327E+00
  0.1149881601333618E+01  0.6710143089294434E+00
  0.1161438465118408E+01  0.6554805636405945E+00
  0.1173111319541931E+01  0.6402952671051025E+00
  0.1184901475906372E+01  0.6254498362541199E+00
  0.1196809172630310E+01  0.6109354496002197E+00
  0.1208837509155273E+01  0.5967461466789246E+00
  0.1220986843109131E+01  0.5828751325607300E+00
  0.1233258247375488E+01  0.5693161487579346E+00
  0.1245651841163635E+01  0.5560618638992310E+00
  0.1258171200752258E+01  0.5431054234504700E+00
  0.1270816326141357E+01  0.5304402112960815E+00
  0.1283588409423828E+01  0.5180602669715881E+00
  0.1296487808227539E+01  0.5059599876403809E+00
  0.1309517979621887E+01  0.4941336214542389E+00
  0.1322679162025452E+01  0.4825751781463623E+00
  0.1335972666740417E+01  0.4712787568569183E+00
  0.1349399685859680E+01  0.4602386951446533E+00
  0.1362960457801819E+01  0.4494493305683136E+00
  0.1376658797264099E+01  0.4389050900936127E+00
  0.1390494704246521E+01  0.4286006689071655E+00
  0.1404469728469849E+01  0.4185303449630737E+00
  0.1418583869934082E+01  0.4086917936801910E+00
  0.1432841181755066E+01  0.3990762531757355E+00
  0.1447241783142090E+01  0.3896790146827698E+00
  0.1461787223815918E+01  0.3804956078529358E+00
  0.1476477265357971E+01  0.3715216517448425E+00
  0.1491316437721252E+01  0.3627527654170990E+00
  0.1506304740905762E+01  0.3541847169399261E+00
  0.1521443724632263E+01  0.3458133041858673E+00
  0.1536733388900757E+01  0.3376342952251434E+00
  0.1552178144454956E+01  0.3296433687210083E+00
  0.1567778229713440E+01  0.3218363225460052E+00
  0.1583535075187683E+01  0.3142089843750000E+00
  0.1599448561668396E+01  0.3067573308944702E+00
  0.1615523695945740E+01  0.2994773685932159E+00
  0.1631760358810425E+01  0.2923652529716492E+00
  0.1648160099983215E+01  0.2854171991348267E+00
  0.1664723157882690E+01  0.2786295413970947E+00
  0.1681454420089722E+01  0.2719987928867340E+00
  0.1698353648185730E+01  0.2655214369297028E+00
  0.1715422749519348E+01  0.2591940760612488E+00
  0.1732663393020630E+01  0.2530134022235870E+00
  0.1750075697898865E+01  0.2469761520624161E+00
  0.1767664790153503E+01  0.2410791069269180E+00
  0.1785430431365967E+01  0.2353191524744034E+00
  0.1803374767303467E+01  0.2296931743621826E+00
  0.1821497559547424E+01  0.2241981476545334E+00
  0.1839804410934448E+01  0.2188311219215393E+00
  0.1858295321464539E+01  0.2135891914367676E+00
  0.1876971840858459E+01  0.2084695249795914E+00
  0.1895834326744080E+01  0.2034693509340286E+00
  0.1914888262748718E+01  0.1985859572887421E+00
  0.1934133529663086E+01  0.1938167363405228E+00
  0.1953572392463684E+01  0.1891590952873230E+00
  0.1973204851150513E+01  0.1846105307340622E+00
  0.1993036270141602E+01  0.1801685839891434E+00
  0.2013067245483398E+01  0.1758308261632919E+00
  0.2033299207687378E+01  0.1715949326753616E+00
  0.2053732872009277E+01  0.1674585640430450E+00
  0.2074373483657837E+01  0.1634194850921631E+00
  0.2095221757888794E+01  0.1594754457473755E+00
  0.2116279602050781E+01  0.1556242853403091E+00
  0.2137547016143799E+01  0.1518638730049133E+00
  0.2159030199050903E+01  0.1481921374797821E+00
  0.2180729150772095E+01  0.1446070373058319E+00
  0.2202646493911743E+01  0.1411066055297852E+00
  0.2224783897399902E+01  0.1376888751983643E+00
  0.2247141838073730E+01  0.1343519538640976E+00
  0.2269726514816284E+01  0.1310940086841583E+00
  0.2292538166046143E+01  0.1279132217168808E+00
  0.2315578937530518E+01  0.1248078048229218E+00
  0.2338849306106567E+01  0.1217760518193245E+00
  0.2362355709075928E+01  0.1188162565231323E+00
  0.2386098384857178E+01  0.1159267574548721E+00
  0.2410079717636108E+01  0.1131059452891350E+00
  0.2434299468994141E+01  0.1103522256016731E+00
  0.2458765268325806E+01  0.1076640412211418E+00
  0.2483476638793945E+01  0.1050398796796799E+00
  0.2508436679840088E+01  0.1024782583117485E+00
  0.2533645153045654E+01  0.9997772425413132E-01
  0.2559109210968018E+01  0.9753686189651489E-01
  0.2584829330444336E+01  0.9515428543090820E-01
  0.2610807657241821E+01  0.9282864630222321E-01
  0.2637045145034790E+01  0.9055861085653305E-01
  0.2663548469543457E+01  0.8834289014339447E-01
  0.2690318107604980E+01  0.8618022501468658E-01
  0.2717356681823730E+01  0.8406937122344971E-01
  0.2744664669036865E+01  0.8200912922620773E-01
  0.2772249698638916E+01  0.7999830693006516E-01
  0.2800111770629883E+01  0.7803575694561005E-01
  0.2828253984451294E+01  0.7612034678459167E-01
  0.2856679201126099E+01  0.7425098121166229E-01
  0.2885387182235718E+01  0.7242657244205475E-01
  0.2914386510848999E+01  0.7064606249332428E-01
  0.2943677186965942E+01  0.6890843808650970E-01
  0.2973262310028076E+01  0.6721267849206924E-01
  0.3003141880035400E+01  0.6555780023336411E-01
  0.3033324718475342E+01  0.6394285708665848E-01
  0.3063810825347900E+01  0.6236689165234566E-01
  0.3094603538513184E+01  0.6082899495959282E-01
  0.3125702381134033E+01  0.5932827293872833E-01
  0.3157116889953613E+01  0.5786384642124176E-01
  0.3188847303390503E+01  0.5643485486507416E-01
  0.3220896482467651E+01  0.5504046753048897E-01
  0.3253264665603638E+01  0.5367986485362053E-01
  0.3285961151123047E+01  0.5235224962234497E-01
  0.3318986654281616E+01  0.5105683580040932E-01
  0.3352343559265137E+01  0.4979286715388298E-01
  0.3386032819747925E+01  0.4855959117412567E-01
  0.3420063495635986E+01  0.4735628515481949E-01
  0.3454436540603638E+01  0.4618223384022713E-01
  0.3489155292510986E+01  0.4503674805164337E-01
  0.3524219036102295E+01  0.4391914233565331E-01
  0.3559638977050781E+01  0.4282876104116440E-01
  0.3595414638519287E+01  0.4176494851708412E-01
  0.3631550312042236E+01  0.4072707518935204E-01
  0.3668048620223999E+01  0.3971452265977859E-01
  0.3704910516738892E+01  0.3872668743133545E-01
  0.3742146492004395E+01  0.3776298090815544E-01
  0.3779756546020508E+01  0.3682282194495201E-01
  0.3817744493484497E+01  0.3590565174818039E-01
  0.3856110334396362E+01  0.3501091524958611E-01
  0.3894865989685059E+01  0.3413808345794678E-01
  0.3934011220932007E+01  0.3328662365674973E-01
  0.3973549604415894E+01  0.3245602548122406E-01
  0.4013481616973877E+01  0.3164579346776009E-01
  0.4053818225860596E+01  0.3085543215274811E-01
  0.4094560623168945E+01  0.3008446656167507E-01
  0.4135712623596191E+01  0.2933243475854397E-01
  0.4177274703979492E+01  0.2859887667000294E-01
  0.4219257831573486E+01  0.2788335271179676E-01
  0.4261662960052490E+01  0.2718542702496052E-01
  0.4304494380950928E+01  0.2650467492640018E-01
  0.4347752094268799E+01  0.2584068290889263E-01
  0.4391448497772217E+01  0.2519304864108562E-01
  0.4435584545135498E+01  0.2456137537956238E-01
  0.4480164051055908E+01  0.2394527941942215E-01
  0.4525187015533447E+01  0.2334438264369965E-01
  0.4570667266845703E+01  0.2275831811130047E-01
  0.4616604328155518E+01  0.2218672819435596E-01
  0.4663002490997314E+01  0.2162926085293293E-01
  0.4709867954254150E+01  0.2108557336032391E-01
  0.4757199287414551E+01  0.2055533416569233E-01
  0.4805011272430420E+01  0.2003821544349194E-01
  0.4853303432464600E+01  0.1953389681875706E-01
  0.4902080535888672E+01  0.1904207095503807E-01
  0.4951344013214111E+01  0.1856243237853050E-01
  0.5001106739044189E+01  0.1809468306601048E-01
  0.5051370143890381E+01  0.1763853803277016E-01
  0.5102138519287109E+01  0.1719371043145657E-01
  0.5153411865234375E+01  0.1675992645323277E-01
  0.5205205917358398E+01  0.1633691787719727E-01
  0.5257520198822021E+01  0.1592442207038403E-01
  0.5310360431671143E+01  0.1552218012511730E-01
  0.5363726615905762E+01  0.1512994430959225E-01
  0.5417634010314941E+01  0.1474746968597174E-01
  0.5472083568572998E+01  0.1437451783567667E-01
  0.5527080535888672E+01  0.1401085592806339E-01
  0.5582623958587646E+01  0.1365625672042370E-01
  0.5638731956481934E+01  0.1331049855798483E-01
  0.5695403575897217E+01  0.1297336444258690E-01
  0.5752644538879395E+01  0.1264464482665062E-01
  0.5810455322265625E+01  0.1232413202524185E-01
  0.5868852615356445E+01  0.1201162487268448E-01
  0.5927836894989014E+01  0.1170692779123783E-01
  0.5987413883209229E+01  0.1140984799712896E-01
  0.6047590255737305E+01  0.1112019829452038E-01
  0.6108364582061768E+01  0.1083779707551003E-01
  0.6169755935668945E+01  0.1056246459484100E-01
  0.6231764793395996E+01  0.1029402762651443E-01
  0.6294396400451660E+01  0.1003231573849916E-01
  0.6357651710510254E+01  0.9777164086699486E-02
  0.6421548843383789E+01  0.9528410620987415E-02
  0.6486087799072266E+01  0.9285897947847843E-02
  0.6551275730133057E+01  0.9049470536410809E-02
  0.6617112159729004E+01  0.8818979375064373E-02
  0.6683617115020752E+01  0.8594278246164322E-02
  0.6750789642333984E+01  0.8375222794711590E-02
  0.6818638324737549E+01  0.8161673322319984E-02
  0.6887161731719971E+01  0.7953495718538761E-02
  0.6956380367279053E+01  0.7750555872917175E-02
  0.7026294231414795E+01  0.7552724331617355E-02
  0.7096911430358887E+01  0.7359874434769154E-02
  0.7168231010437012E+01  0.7171883713454008E-02
  0.7240274906158447E+01  0.6988631095737219E-02
  0.7313042640686035E+01  0.6809999234974384E-02
  0.7386541366577148E+01  0.6635873578488827E-02
  0.7460772514343262E+01  0.6466141436249018E-02
  0.7535756111145020E+01  0.6300694309175014E-02
  0.7611493587493896E+01  0.6139425095170736E-02
  0.7687992095947266E+01  0.5982230417430401E-02
  0.7765251159667969E+01  0.5829008296132088E-02
  0.7843296051025391E+01  0.5679660011082888E-02
  0.7922123908996582E+01  0.5534089170396328E-02
  0.8001744270324707E+01  0.5392201710492373E-02
  0.8082165718078613E+01  0.5253905430436134E-02
  0.8163386344909668E+01  0.5119111388921738E-02
  0.8245431900024414E+01  0.4987732041627169E-02
  0.8328301429748535E+01  0.4859681706875563E-02
  0.8412004470825195E+01  0.4734877962619066E-02
  0.8496540069580078E+01  0.4613238852471113E-02
  0.8581933021545410E+01  0.4494686610996723E-02
  0.8668186187744141E+01  0.4379143007099628E-02
  0.8755304336547852E+01  0.4266533534973860E-02
  0.8843290328979492E+01  0.4156784154474735E-02
  0.8932168960571289E+01  0.4049824085086584E-02
  0.9021940231323242E+01  0.3945583011955023E-02
  0.9112614631652832E+01  0.3843992715701461E-02
  0.9204191207885742E+01  0.3744987072423100E-02
  0.9296697616577148E+01  0.3648500656709075E-02
  0.9390132904052734E+01  0.3554470837116241E-02
  0.9484506607055664E+01  0.3462835215032101E-02
  0.9579820632934570E+01  0.3373534185811877E-02
  0.9676101684570312E+01  0.3286508610472083E-02
  0.9773350715637207E+01  0.3201701445505023E-02
  0.9871577262878418E+01  0.3119057277217507E-02
  0.9970781326293945E+01  0.3038521157577634E-02
  0.1007099151611328E+02  0.2960040466859937E-02
  0.1017220878601074E+02  0.2883563283830881E-02
  0.1027444362640381E+02  0.2809039549902081E-02
  0.1037770557403564E+02  0.2736419672146440E-02
  0.1048199558258057E+02  0.2665656153112650E-02
  0.1058734321594238E+02  0.2596701728180051E-02
  0.1069375038146973E+02  0.2529510762542486E-02
  0.1080122661590576E+02  0.2464039018377662E-02
  0.1090977287292480E+02  0.2400242723524570E-02
  0.1101942062377930E+02  0.2338079735636711E-02
  0.1113017082214355E+02  0.2277508843690157E-02
  0.1124203300476074E+02  0.2218489535152912E-02
  0.1135500907897949E+02  0.2160982694476843E-02
  0.1146913146972656E+02  0.2104950137436390E-02
  0.1158440113067627E+02  0.2050354378297925E-02
  0.1170082855224609E+02  0.1997159095481038E-02
  0.1181841564178467E+02  0.1945329015143216E-02
  0.1193719482421875E+02  0.1894829329103231E-02
  0.1205716896057129E+02  0.1845626509748399E-02
  0.1217834854125977E+02  0.1797687611542642E-02
  0.1230073451995850E+02  0.1750980503857136E-02
  0.1242436122894287E+02  0.1705473987385631E-02
  0.1254923057556152E+02  0.1661137561313808E-02
  0.1267535591125488E+02  0.1617941539734602E-02
  0.1280273532867432E+02  0.1575856818817556E-02
  0.1293140792846680E+02  0.1534855342470109E-02
  0.1306137371063232E+02  0.1494909520260990E-02
  0.1319264698028564E+02  0.1455992343835533E-02
  0.1332523727416992E+02  0.1418077852576971E-02
  0.1345914840698242E+02  0.1381140435114503E-02
  0.1359441852569580E+02  0.1345155178569257E-02
  0.1373104763031006E+02  0.1310097868554294E-02
  0.1386905002593994E+02  0.1275944756343961E-02
  0.1400842666625977E+02  0.1242673024535179E-02
  0.1414921665191650E+02  0.1210259972140193E-02
  0.1429142189025879E+02  0.1178683713078499E-02
  0.1443505573272705E+02  0.1147923059761524E-02
  0.1458012008666992E+02  0.1117957173846662E-02
  0.1472665596008301E+02  0.1088765566237271E-02
  0.1487466526031494E+02  0.1060328562743962E-02
  0.1502416229248047E+02  0.1032626954838634E-02
  0.1517514610290527E+02  0.1005641883239150E-02
  0.1532766246795654E+02  0.9793549543246627E-03
  0.1548171043395996E+02  0.9537484147585928E-03
  0.1563730907440186E+02  0.9288048022426665E-03
  0.1579445457458496E+02  0.9045071783475578E-03
  0.1595319461822510E+02  0.8808389538899064E-03
  0.1611353111267090E+02  0.8577840053476393E-03
  0.1627547836303711E+02  0.8353266748599708E-03
  0.1643903923034668E+02  0.8134515373967588E-03
  0.1660425758361816E+02  0.7921438082121313E-03
  0.1677113723754883E+02  0.7713888189755380E-03
  0.1693969345092773E+02  0.7511723670177162E-03
  0.1710994338989258E+02  0.7314807153306901E-03
  0.1728188896179199E+02  0.7123003597371280E-03
  0.1745557975769043E+02  0.6936182035133243E-03
  0.1763101387023926E+02  0.6754213245585561E-03
  0.1780821418762207E+02  0.6576973828487098E-03
  0.1798717689514160E+02  0.6404341547749937E-03
  0.1816795349121094E+02  0.6236198241822422E-03
  0.1835054969787598E+02  0.6072428659535944E-03
  0.1853497886657715E+02  0.5912919878028333E-03
  0.1872124481201172E+02  0.5757562466897070E-03
  0.1890940093994141E+02  0.5606248741969466E-03
  0.1909944725036621E+02  0.5458875675685704E-03
  0.1929140663146973E+02  0.5315341404639184E-03
  0.1948527336120605E+02  0.5175546393729746E-03
  0.1968110656738281E+02  0.5039394600316882E-03
  0.1987891006469727E+02  0.4906791727989912E-03
  0.2007870101928711E+02  0.4777646099682897E-03
  0.2028048133850098E+02  0.4651868657674640E-03
  0.2048430824279785E+02  0.4529372090473771E-03
  0.2069018363952637E+02  0.4410072288010269E-03
  0.2089812850952148E+02  0.4293886013329029E-03
  0.2110814285278320E+02  0.4180733521934599E-03
  0.2132028770446777E+02  0.4070536233484745E-03
  0.2153456497192383E+02  0.3963217604905367E-03
  0.2175099563598633E+02  0.3858703712467104E-03
  0.2196960258483887E+02  0.3756921505555511E-03
  0.2219038581848145E+02  0.3657800843939185E-03
  0.2241340637207031E+02  0.3561272169463336E-03
  0.2263866996765137E+02  0.3467268543317914E-03
  0.2286619758605957E+02  0.3375724772922695E-03
  0.2309598922729492E+02  0.3286576829850674E-03
  0.2332811546325684E+02  0.3199762431904674E-03
  0.2356257057189941E+02  0.3115221334155649E-03
  0.2379938316345215E+02  0.3032894455827773E-03
  0.2403855323791504E+02  0.2952724462375045E-03
  0.2428015327453613E+02  0.2874655183404684E-03
  0.2452417755126953E+02  0.2798632194753736E-03
  0.2477065467834473E+02  0.2724602236412466E-03
  0.2501958465576172E+02  0.2652513794600964E-03
  0.2527104377746582E+02  0.2582316519692540E-03
  0.2552502822875977E+02  0.2513961226213723E-03
  0.2578156280517578E+02  0.2447399601805955E-03
  0.2604065322875977E+02  0.2382585516897961E-03
  0.2630237197875977E+02  0.2319473423995078E-03
  0.2656672096252441E+02  0.2258018794236705E-03
  0.2683372688293457E+02  0.2198178844992071E-03
  0.2710339355468750E+02  0.2139911375707015E-03
  0.2737579345703125E+02  0.2083175495499745E-03
  0.2765093040466309E+02  0.2027931186603382E-03
  0.2792883300781250E+02  0.1974139740923420E-03
  0.2820952796936035E+02  0.1921763177961111E-03
  0.2849301719665527E+02  0.1870764681370929E-03
  0.2877938270568848E+02  0.1821108162403107E-03
  0.2906862831115723E+02  0.1772758841980249E-03
  0.2936078071594238E+02  0.1725682523101568E-03
  0.2965583992004395E+02  0.1679845881881192E-03
  0.2995389366149902E+02  0.1635216758586466E-03
  0.3025494003295898E+02  0.1591763430042192E-03
  0.3055901527404785E+02  0.1549455191707239E-03
  0.3086611557006836E+02  0.1508262357674539E-03
  0.3117633438110352E+02  0.1468155533075333E-03
  0.3148966789245605E+02  0.1429106487194076E-03
  0.3180614852905273E+02  0.1391087571391836E-03
  0.3212578201293945E+02  0.1354071719106287E-03
  0.3244866180419922E+02  0.1318032882409170E-03
  0.3277478408813477E+02  0.1282945304410532E-03
  0.3310418319702148E+02  0.1248784101335332E-03
  0.3343686294555664E+02  0.1215525189763866E-03
  0.3377291488647461E+02  0.1183144777314737E-03
  0.3411234664916992E+02  0.1151619871961884E-03
  0.3445518875122070E+02  0.1120928136515431E-03
  0.3480144119262695E+02  0.1091047743102536E-03
  0.3515121078491211E+02  0.1061957373167388E-03
  0.3550449752807617E+02  0.1033636362990364E-03
  0.3586133193969727E+02  0.1006064485409297E-03
  0.3622171783447266E+02  0.9792221680982038E-04
  0.3658575820922852E+02  0.9530902025289834E-04
  0.3695346069335938E+02  0.9276499622501433E-04
  0.3732485961914062E+02  0.9028834028868005E-04
  0.3769998550415039E+02  0.8787726255832240E-04
  0.3807885360717773E+02  0.8553006045985967E-04
  0.3846155929565430E+02  0.8324503869516775E-04
  0.3884811019897461E+02  0.8102057472569868E-04
  0.3923855209350586E+02  0.7885506784077734E-04
  0.3963287734985352E+02  0.7674697553738952E-04
  0.4003120040893555E+02  0.7469477714039385E-04
  0.4043353271484375E+02  0.7269701745826751E-04
  0.4083990478515625E+02  0.7075224857544526E-04
  0.4125032424926758E+02  0.6885908805998042E-04
  0.4166490554809570E+02  0.6701617530779913E-04
  0.4208365631103516E+02  0.6522218609461561E-04
  0.4250661087036133E+02  0.6347582529997453E-04
  0.4293378067016602E+02  0.6177585601108149E-04
  0.4336528015136719E+02  0.6012103767716326E-04
  0.4380112075805664E+02  0.5851018795510754E-04
  0.4424134063720703E+02  0.5694214996765368E-04
  0.4468593978881836E+02  0.5541579230339266E-04
  0.4513504791259766E+02  0.5393001629272476E-04
  0.4558867263793945E+02  0.5248375236988068E-04
  0.4604685974121094E+02  0.5107595643494278E-04
  0.4650960540771484E+02  0.4970561349182390E-04
  0.4697704696655273E+02  0.4837173401028849E-04
  0.4744918441772461E+02  0.4707335756393149E-04
  0.4792606353759766E+02  0.4580954919219948E-04
  0.4840774154663086E+02  0.4457938848645426E-04
  0.4889421081542969E+02  0.4338199141784571E-04
  0.4938561630249023E+02  0.4221648850943893E-04
  0.4988196563720703E+02  0.4108204302610829E-04
  0.5038329696655273E+02  0.3997782914666459E-04
  0.5088962173461914E+02  0.3890304651577026E-04
  0.5140108489990234E+02  0.3785692024393938E-04
  0.5191768264770508E+02  0.3683868999360129E-04
  0.5243947219848633E+02  0.3584761725505814E-04
  0.5296646118164062E+02  0.3488298534648493E-04
  0.5349879837036133E+02  0.3394409213797189E-04
  0.5403647994995117E+02  0.3303026096546091E-04
  0.5457956695556641E+02  0.3214081880287267E-04
  0.5512805938720703E+02  0.3127512900391594E-04
  0.5568212509155273E+02  0.3043255674128886E-04
  0.5624174880981445E+02  0.2961249083455186E-04
  0.5680700302124023E+02  0.2881433465518057E-04
  0.5737788009643555E+02  0.2803750794555526E-04
  0.5795454788208008E+02  0.2728144499997143E-04
  0.5853701782226562E+02  0.2654559284565039E-04
  0.5912533569335938E+02  0.2582941851869691E-04
  0.5971951675415039E+02  0.2513239633117337E-04
  0.6031971740722656E+02  0.2445402060402557E-04
  0.6092595291137695E+02  0.2379379475314636E-04
  0.6153828430175781E+02  0.2315123856533319E-04
  0.6215677261352539E+02  0.2252587910334114E-04
  0.6278141021728516E+02  0.2191726343880873E-04
  0.6341239166259766E+02  0.2132494410034269E-04
  0.6404971313476562E+02  0.2074848998745438E-04
  0.6469343566894531E+02  0.2018747909460217E-04
  0.6534356689453125E+02  0.1964150033018086E-04
  0.6600029754638672E+02  0.1911015351652168E-04
  0.6666361999511719E+02  0.1859305120888166E-04
  0.6733362579345703E+02  0.1808981323847547E-04
  0.6801028442382812E+02  0.1760007035045419E-04
  0.6869381713867188E+02  0.1712346420390531E-04
  0.6938421630859375E+02  0.1665964555286337E-04
  0.7008155822753906E+02  0.1620827060833108E-04
  0.7078583526611328E+02  0.1576901195221581E-04
  0.7149726104736328E+02  0.1534154398541432E-04
  0.7221583557128906E+02  0.1492555202275980E-04
  0.7294163513183594E+02  0.1452073320251657E-04
  0.7367465209960938E+02  0.1412678739143303E-04
  0.7441511535644531E+02  0.1374342627968872E-04
  0.7516301727294922E+02  0.1337036701443139E-04
  0.7591843414306641E+02  0.1300733583775582E-04
  0.7668137359619141E+02  0.1265406444872497E-04
  0.7745205688476562E+02  0.1231029364134884E-04
  0.7823047637939453E+02  0.1197576875711093E-04
  0.7901672363281250E+02  0.1165024241345236E-04
  0.7981087493896484E+02  0.1133347450377187E-04
  0.8061293029785156E+02  0.1102523128793109E-04
  0.8142311859130859E+02  0.1072528448275989E-04
  0.8224145507812500E+02  0.1043341126205632E-04
  0.8306801605224609E+02  0.1014939698507078E-04
  0.8390280151367188E+02  0.9873031558527146E-05
  0.8474605560302734E+02  0.9604111255612224E-05
  0.8559779357910156E+02  0.9342438715975732E-05
  0.8645807647705078E+02  0.9087820217246190E-05
  0.8732693481445312E+02  0.8840069313009735E-05
  0.8820460510253906E+02  0.8599003194831312E-05
  0.8909109497070312E+02  0.8364442692254670E-05
  0.8998649597167969E+02  0.8136215001286473E-05
  0.9089080810546875E+02  0.7914147317933384E-05
  0.9180429840087891E+02  0.7698071385675576E-05
  0.9272697448730469E+02  0.7487823040719377E-05
  0.9365891265869141E+02  0.7283243121491978E-05
  0.9460013580322266E+02  0.7084177468641428E-05
  0.9555090332031250E+02  0.6890475106047234E-05
  0.9651123046875000E+02  0.6701990969304461E-05
  0.9748120117187500E+02  0.6518589088955196E-05
  0.9846083831787109E+02  0.6340144864225294E-05
  0.9945040130615234E+02  0.6166535513330018E-05
  0.1004499206542969E+03  0.5997641437716084E-05
  0.1014594879150391E+03  0.5833344857819611E-05
  0.1024791946411133E+03  0.5673531177308178E-05
