  0.9999999747378752E-04  0.5114650878906250E+03
  0.1010050182230771E-03  0.5164474487304688E+03
  0.1020201307255775E-03  0.5214783325195312E+03
  0.1030454513966106E-03  0.5265581054687500E+03
  0.1040810820995830E-03  0.5316873168945312E+03
  0.1051271028700285E-03  0.5368664550781250E+03
  0.1061836592270993E-03  0.5420959472656250E+03
  0.1072508166544139E-03  0.5473762817382812E+03
  0.1083287061192095E-03  0.5527080688476562E+03
  0.1094174222089350E-03  0.5580916137695312E+03
  0.1105170958908275E-03  0.5635275878906250E+03
  0.1116277999244630E-03  0.5690164184570312E+03
  0.1127496798289940E-03  0.5745585937500000E+03
  0.1138828374678269E-03  0.5801546630859375E+03
  0.1150273747043684E-03  0.5858051757812500E+03
  0.1161834225058556E-03  0.5915106201171875E+03
  0.1173510900116526E-03  0.5972715454101562E+03
  0.1185304863611236E-03  0.6030885009765625E+03
  0.1197217279695906E-03  0.6089619750976562E+03
  0.1209249603562057E-03  0.6148925781250000E+03
  0.1221402781084180E-03  0.6208808593750000E+03
  0.1233678049175069E-03  0.6269273681640625E+03
  0.1246076717507094E-03  0.6330326538085938E+03
  0.1258599950233474E-03  0.6391972656250000E+03
  0.1271249202545732E-03  0.6454217529296875E+03
  0.1284025347558782E-03  0.6517067260742188E+03
  0.1296929985983297E-03  0.6580527954101562E+03
  0.1309964427491650E-03  0.6644605102539062E+03
  0.1323129690717906E-03  0.6709306030273438E+03
  0.1336427376372740E-03  0.6774635009765625E+03
  0.1349858794128522E-03  0.6840598754882812E+03
  0.1363425108138472E-03  0.6907202758789062E+03
  0.1377127773594111E-03  0.6974453735351562E+03
  0.1390968100167811E-03  0.7042357788085938E+03
  0.1404947543051094E-03  0.7110922241210938E+03
  0.1419067411916330E-03  0.7180152587890625E+03
  0.1433329307474196E-03  0.7250055541992188E+03
  0.1447734539397061E-03  0.7320637207031250E+03
  0.1462284562876448E-03  0.7391904296875000E+03
  0.1476980833103880E-03  0.7463863525390625E+03
  0.1491824659751728E-03  0.7536520996093750E+03
  0.1506817789049819E-03  0.7609884033203125E+03
  0.1521961530670524E-03  0.7683959350585938E+03
  0.1537257339805365E-03  0.7758753051757812E+03
  0.1552707108203322E-03  0.7834273681640625E+03
  0.1568312145536765E-03  0.7910527343750000E+03
  0.1584073906997219E-03  0.7987520751953125E+03
  0.1599994138814509E-03  0.8065261230468750E+03
  0.1616074441699311E-03  0.8143756713867188E+03
  0.1632316125323996E-03  0.8223012695312500E+03
  0.1648721226956695E-03  0.8303038330078125E+03
  0.1665291201788932E-03  0.8383839721679688E+03
  0.1682027505012229E-03  0.8465424804687500E+03
  0.1698932319413871E-03  0.8547800903320312E+03
  0.1716006663627923E-03  0.8630975952148438E+03
  0.1733253011479974E-03  0.8714957275390625E+03
  0.1750672381604090E-03  0.8799752807617188E+03
  0.1768266956787556E-03  0.8885370483398438E+03
  0.1786038337741047E-03  0.8971818237304688E+03
  0.1803988270694390E-03  0.9059104003906250E+03
  0.1822118647396564E-03  0.9147235717773438E+03
  0.1840431359596550E-03  0.9236221313476562E+03
  0.1858928008005023E-03  0.9326069335937500E+03
  0.1877610484370962E-03  0.9416788330078125E+03
  0.1896480680443347E-03  0.9508385620117188E+03
  0.1915540779009461E-03  0.9600870971679688E+03
  0.1934792235260829E-03  0.9694251098632812E+03
  0.1954237231984735E-03  0.9788535156250000E+03
  0.1973877806449309E-03  0.9883731689453125E+03
  0.1993715413846076E-03  0.9979849853515625E+03
  0.2013752673519775E-03  0.1007689880371094E+04
  0.2033991040661931E-03  0.1017488708496094E+04
  0.2054432989098132E-03  0.1027382446289062E+04
  0.2075080556096509E-03  0.1037371826171875E+04
  0.2095935487886891E-03  0.1047457763671875E+04
  0.2117000112775713E-03  0.1057641235351562E+04
  0.2138276031473652E-03  0.1067923217773438E+04
  0.2159766154363751E-03  0.1078304687500000E+04
  0.2181472227675840E-03  0.1088786499023438E+04
  0.2203396288678050E-03  0.1099369628906250E+04
  0.2225540811195970E-03  0.1110055175781250E+04
  0.2247907832497731E-03  0.1120843994140625E+04
  0.2270499680889770E-03  0.1131736938476562E+04
  0.2293318684678525E-03  0.1142735229492188E+04
  0.2316366881132126E-03  0.1153839599609375E+04
  0.2339646744076163E-03  0.1165051147460938E+04
  0.2363160601817071E-03  0.1176370971679688E+04
  0.2386910782661289E-03  0.1187800170898438E+04
  0.2410899614915252E-03  0.1199339721679688E+04
  0.2435129572404549E-03  0.1210990722656250E+04
  0.2459603128954768E-03  0.1222754028320312E+04
  0.2484322467353195E-03  0.1234630737304688E+04
  0.2509290061425418E-03  0.1246621826171875E+04
  0.2534509112592787E-03  0.1258728637695312E+04
  0.2559981367085129E-03  0.1270952148437500E+04
  0.2585709444247186E-03  0.1283293579101562E+04
  0.2611696545500308E-03  0.1295753906250000E+04
  0.2637944417074323E-03  0.1308334350585938E+04
  0.2664455969352275E-03  0.1321035888671875E+04
  0.2691234403755516E-03  0.1333859863281250E+04
  0.2718281757552177E-03  0.1346807250976562E+04
  0.2745600941125304E-03  0.1359879150390625E+04
  0.2773194864857942E-03  0.1373076904296875E+04
  0.2801065566018224E-03  0.1386401489257812E+04
  0.2829216828104109E-03  0.1399854370117188E+04
  0.2857650979422033E-03  0.1413436523437500E+04
  0.2886370930355042E-03  0.1427149291992188E+04
  0.2915379300247878E-03  0.1440993774414062E+04
  0.2944679290521890E-03  0.1454971435546875E+04
  0.2974274102598429E-03  0.1469083251953125E+04
  0.3004166064783931E-03  0.1483330688476562E+04
  0.3034358378499746E-03  0.1497714843750000E+04
  0.3064853954128921E-03  0.1512237060546875E+04
  0.3095656284131110E-03  0.1526898681640625E+04
  0.3126768278889358E-03  0.1541700927734375E+04
  0.3158192848786712E-03  0.1556645263671875E+04
  0.3189932904206216E-03  0.1571732666015625E+04
  0.3221992519684136E-03  0.1586964599609375E+04
  0.3254374023526907E-03  0.1602342285156250E+04
  0.3287080908194184E-03  0.1617867431640625E+04
  0.3320116666145623E-03  0.1633541137695312E+04
  0.3353484207764268E-03  0.1649365112304688E+04
  0.3387187607586384E-03  0.1665340454101562E+04
  0.3421229484956712E-03  0.1681468750000000E+04
  0.3455613623373210E-03  0.1697751220703125E+04
  0.3490342642180622E-03  0.1714189331054688E+04
  0.3525421197991818E-03  0.1730784301757812E+04
  0.3560852492228150E-03  0.1747537841796875E+04
  0.3596639435272664E-03  0.1764451293945312E+04
  0.3632786392699927E-03  0.1781526123046875E+04
  0.3669296274892986E-03  0.1798763916015625E+04
  0.3706173447426409E-03  0.1816166015625000E+04
  0.3743421111721545E-03  0.1833734008789062E+04
  0.3781043051276356E-03  0.1851469604492188E+04
  0.3819043049588799E-03  0.1869374145507812E+04
  0.3857425472233444E-03  0.1887449096679688E+04
  0.3896193229593337E-03  0.1905696166992188E+04
  0.3935350687243044E-03  0.1924116699218750E+04
  0.3974901628680527E-03  0.1942712524414062E+04
  0.4014850128442049E-03  0.1961484985351562E+04
  0.4055199970025569E-03  0.1980435791015625E+04
  0.4095955227967352E-03  0.1999566772460938E+04
  0.4137120267841965E-03  0.2018879272460938E+04
  0.4178698873147368E-03  0.2038375000000000E+04
  0.4220695409458131E-03  0.2058055419921875E+04
  0.4263113951310515E-03  0.2077922607421875E+04
  0.4305959155317396E-03  0.2097978027343750E+04
  0.4349234513938427E-03  0.2118223388671875E+04
  0.4392945556901395E-03  0.2138660400390625E+04
  0.4437095485627651E-03  0.2159290771484375E+04
  0.4481688956730068E-03  0.2180115966796875E+04
  0.4526730335783213E-03  0.2201138183593750E+04
  0.4572224861476570E-03  0.2222358886718750E+04
  0.4618176317308098E-03  0.2243780029296875E+04
  0.4664589650928974E-03  0.2265403320312500E+04
  0.4711470101028681E-03  0.2287230712890625E+04
  0.4758820869028568E-03  0.2309263671875000E+04
  0.4806647775694728E-03  0.2331504150390625E+04
  0.4854955477640033E-03  0.2353953857421875E+04
  0.4903748631477356E-03  0.2376614990234375E+04
  0.4953031893819571E-03  0.2399489013671875E+04
  0.5002811085432768E-03  0.2422578125000000E+04
  0.5053090280853212E-03  0.2445884033203125E+04
  0.5103874718770385E-03  0.2469408691406250E+04
  0.5155169637873769E-03  0.2493154052734375E+04
  0.5206979694776237E-03  0.2517121826171875E+04
  0.5259310710243881E-03  0.2541314208984375E+04
  0.5312167340889573E-03  0.2565733398437500E+04
  0.5365555407479405E-03  0.2590381103515625E+04
  0.5419480148702860E-03  0.2615259277343750E+04
  0.5473946803249419E-03  0.2640369628906250E+04
  0.5528961191885173E-03  0.2665714599609375E+04
  0.5584527971222997E-03  0.2691295654296875E+04
  0.5640654126182199E-03  0.2717115478515625E+04
  0.5697343149222434E-03  0.2743176025390625E+04
  0.5754602607339621E-03  0.2769479248046875E+04
  0.5812437157146633E-03  0.2796027099609375E+04
  0.5870853201486170E-03  0.2822821289062500E+04
  0.5929855979047716E-03  0.2849864746093750E+04
  0.5989452474750578E-03  0.2877158935546875E+04
  0.6049647345207632E-03  0.2904706542968750E+04
  0.6110446993261576E-03  0.2932509521484375E+04
  0.6171857821755111E-03  0.2960570068359375E+04
  0.6233886233530939E-03  0.2988890380859375E+04
  0.6296537467278540E-03  0.3017472412109375E+04
  0.6359818507917225E-03  0.3046318359375000E+04
  0.6423736922442913E-03  0.3075430664062500E+04
  0.6488296203315258E-03  0.3104811523437500E+04
  0.6553504499606788E-03  0.3134463378906250E+04
  0.6619368214160204E-03  0.3164387939453125E+04
  0.6685894331894815E-03  0.3194587890625000E+04
  0.6753088091500103E-03  0.3225065185546875E+04
  0.6820958224125206E-03  0.3255822509765625E+04
  0.6889509386382997E-03  0.3286861572265625E+04
  0.6958750309422612E-03  0.3318185302734375E+04
  0.7028686814010143E-03  0.3349796142578125E+04
  0.7099326467141509E-03  0.3381696044921875E+04
  0.7170675671659410E-03  0.3413887451171875E+04
  0.7242741994559765E-03  0.3446373046875000E+04
  0.7315533584915102E-03  0.3479155029296875E+04
  0.7389056263491511E-03  0.3512235595703125E+04
  0.7463317015208304E-03  0.3545617431640625E+04
  0.7538324571214616E-03  0.3579302734375000E+04
  0.7614085916429758E-03  0.3613293945312500E+04
  0.7690608617849648E-03  0.3647593750000000E+04
  0.7767900824546814E-03  0.3682204345703125E+04
  0.7845968939363956E-03  0.3717128417968750E+04
  0.7924822857603431E-03  0.3752368408203125E+04
  0.8004467817954719E-03  0.3787926757812500E+04
  0.8084913715720177E-03  0.3823806152343750E+04
  0.8166168699972332E-03  0.3860009033203125E+04
  0.8248240337707102E-03  0.3896538085937500E+04
  0.8331136777997017E-03  0.3933395507812500E+04
  0.8414865005761385E-03  0.3970583984375000E+04
  0.8499436080455780E-03  0.4008106201171875E+04
  0.8584856986999512E-03  0.4045964599609375E+04
  0.8671135874465108E-03  0.4084161865234375E+04
  0.8758282638154924E-03  0.4122700683593750E+04
  0.8846306591294706E-03  0.4161583984375000E+04
  0.8935213554650545E-03  0.4200813476562500E+04
  0.9025013423524797E-03  0.4240392578125000E+04
  0.9115716675296426E-03  0.4280323730468750E+04
  0.9207330294884741E-03  0.4320608886718750E+04
  0.9299866505898535E-03  0.4361251953125000E+04
  0.9393331129103899E-03  0.4402254882812500E+04
  0.9487735223956406E-03  0.4443620605468750E+04
  0.9583088685758412E-03  0.4485351562500000E+04
  0.9679400245659053E-03  0.4527450683593750E+04
  0.9776679798960686E-03  0.4569919921875000E+04
  0.9874936658889055E-03  0.4612763183593750E+04
  0.9974181884899735E-03  0.4655982421875000E+04
  0.1007442362606525E-02  0.4699580078125000E+04
  0.1017567352391779E-02  0.4743560058593750E+04
  0.1027794089168310E-02  0.4787923828125000E+04
  0.1038123620674014E-02  0.4832675292968750E+04
  0.1048556878231466E-02  0.4877816406250000E+04
  0.1059095025993884E-02  0.4923350097656250E+04
  0.1069739111699164E-02  0.4969278808593750E+04
  0.1080490066669881E-02  0.5015605957031250E+04
  0.1091349171474576E-02  0.5062333496093750E+04
  0.1102317473851144E-02  0.5109464843750000E+04
  0.1113395905122161E-02  0.5157002929687500E+04
  0.1124585745856166E-02  0.5204949707031250E+04
  0.1135887927375734E-02  0.5253308105468750E+04
  0.1147304079495370E-02  0.5302081542968750E+04
  0.1158834667876363E-02  0.5351272460937500E+04
  0.1170481205917895E-02  0.5400883300781250E+04
  0.1182244624942541E-02  0.5450917480468750E+04
  0.1194126438349485E-02  0.5501376953125000E+04
  0.1206127577461302E-02  0.5552265136718750E+04
  0.1218249439261854E-02  0.5603584472656250E+04
  0.1230492955073714E-02  0.5655337890625000E+04
  0.1242859638296068E-02  0.5707528320312500E+04
  0.1255350536666811E-02  0.5760158203125000E+04
  0.1267967047169805E-02  0.5813229980468750E+04
  0.1280710333958268E-02  0.5866747070312500E+04
  0.1293581677600741E-02  0.5920711425781250E+04
  0.1306582358665764E-02  0.5975126953125000E+04
  0.1319713657721877E-02  0.6029995117187500E+04
  0.1332976971752942E-02  0.6085319824218750E+04
  0.1346373581327498E-02  0.6141103515625000E+04
  0.1359904883429408E-02  0.6197348144531250E+04
  0.1373572158627212E-02  0.6254057617187500E+04
  0.1387376803904772E-02  0.6311233398437500E+04
  0.1401320099830627E-02  0.6368878417968750E+04
  0.1415403559803963E-02  0.6426995117187500E+04
  0.1429628580808640E-02  0.6485586914062500E+04
  0.1443996676243842E-02  0.6544656250000000E+04
  0.1458509010262787E-02  0.6604205566406250E+04
  0.1473167678341269E-02  0.6664237792968750E+04
  0.1487973146140575E-02  0.6724754882812500E+04
  0.1502927509136498E-02  0.6785760253906250E+04
  0.1518032280728221E-02  0.6847255859375000E+04
  0.1533288741484284E-02  0.6909244140625000E+04
  0.1548698521219194E-02  0.6971727539062500E+04
  0.1564263133332133E-02  0.7034708984375000E+04
  0.1579984207637608E-02  0.7098191406250000E+04
  0.1595863257534802E-02  0.7162177246093750E+04
  0.1611902029253542E-02  0.7226668945312500E+04
  0.1628101919777691E-02  0.7291667968750000E+04
  0.1644464675337076E-02  0.7357177246093750E+04
  0.1660991576500237E-02  0.7423199218750000E+04
  0.1677684951573610E-02  0.7489735351562500E+04
  0.1694545848295093E-02  0.7556789062500000E+04
  0.1711576362140477E-02  0.7624362792968750E+04
  0.1728778006508946E-02  0.7692458007812500E+04
  0.1746152411215007E-02  0.7761077148437500E+04
  0.1763701555319130E-02  0.7830222656250000E+04
  0.1781426952220500E-02  0.7899896972656250E+04
  0.1799330697394907E-02  0.7970101562500000E+04
  0.1817414187826216E-02  0.8040838867187500E+04
  0.1835679635405540E-02  0.8112110351562500E+04
  0.1854128437116742E-02  0.8183918945312500E+04
  0.1872762688435614E-02  0.8256266601562500E+04
  0.1891584135591984E-02  0.8329154296875000E+04
  0.1910595456138253E-02  0.8402584960937500E+04
  0.1929797115735710E-02  0.8476559570312500E+04
  0.1949192024767399E-02  0.8551080078125000E+04
  0.1968781696632504E-02  0.8626148437500000E+04
  0.1988568343222141E-02  0.8701766601562500E+04
  0.2008553594350815E-02  0.8777935546875000E+04
  0.2028739778324962E-02  0.8854658203125000E+04
  0.2049128990620375E-02  0.8931935546875000E+04
  0.2069723093882203E-02  0.9009768554687500E+04
  0.2090524183586240E-02  0.9088159179687500E+04
  0.2111534355208278E-02  0.9167109375000000E+04
  0.2132755704224110E-02  0.9246619140625000E+04
  0.2154190093278885E-02  0.9326690429687500E+04
  0.2175839850679040E-02  0.9407324218750000E+04
  0.2197707537561655E-02  0.9488521484375000E+04
  0.2219794783741236E-02  0.9570285156250000E+04
  0.2242104150354862E-02  0.9652614257812500E+04
  0.2264637732878327E-02  0.9735510742187500E+04
  0.2287397626787424E-02  0.9818975585937500E+04
  0.2310386393219233E-02  0.9903009765625000E+04
  0.2333606127649546E-02  0.9987614257812500E+04
  0.2357059158384800E-02  0.1007278808593750E+05
  0.2380747813731432E-02  0.1015853222656250E+05
  0.2404674887657166E-02  0.1024484765625000E+05
  0.2428842242807150E-02  0.1033173535156250E+05
  0.2453252440318465E-02  0.1041919531250000E+05
  0.2477908739820123E-02  0.1050722753906250E+05
  0.2502811839804053E-02  0.1059583398437500E+05
  0.2527965698391199E-02  0.1068501367187500E+05
  0.2553372178226709E-02  0.1077476660156250E+05
  0.2579034073278308E-02  0.1086509277343750E+05
  0.2604953711852431E-02  0.1095599316406250E+05
  0.2631133887916803E-02  0.1104746484375000E+05
  0.2657577162608504E-02  0.1113950976562500E+05
  0.2684286329895258E-02  0.1123212597656250E+05
  0.2711263718083501E-02  0.1132531445312500E+05
  0.2738512353971601E-02  0.1141907421875000E+05
  0.2766034798696637E-02  0.1151340332031250E+05
  0.2793833846226335E-02  0.1160830371093750E+05
  0.2821912290528417E-02  0.1170377148437500E+05
  0.2850273158401251E-02  0.1179980664062500E+05
  0.2878918778151274E-02  0.1189640917968750E+05
  0.2907852176576853E-02  0.1199357714843750E+05
  0.2937076613306999E-02  0.1209130957031250E+05
  0.2966594882309437E-02  0.1218960351562500E+05
  0.2996409544721246E-02  0.1228845898437500E+05
  0.3026523860171437E-02  0.1238787207031250E+05
  0.3056940855458379E-02  0.1248784277343750E+05
  0.3087663557380438E-02  0.1258836914062500E+05
  0.3118695225566626E-02  0.1268944921875000E+05
  0.3150038653984666E-02  0.1279108105468750E+05
  0.3181697800755501E-02  0.1289326074218750E+05
  0.3213674062862992E-02  0.1299598730468750E+05
  0.3245972329750657E-02  0.1309925781250000E+05
  0.3278594929724932E-02  0.1320306933593750E+05
  0.3311545122414827E-02  0.1330741796875000E+05
  0.3344826865941286E-02  0.1341230175781250E+05
  0.3378442721441388E-02  0.1351771582031250E+05
  0.3412396647036076E-02  0.1362365917968750E+05
  0.3446691902354360E-02  0.1373012695312500E+05
  0.3481331514194608E-02  0.1383711523437500E+05
  0.3516319673508406E-02  0.1394462011718750E+05
  0.3551658941432834E-02  0.1405263867187500E+05
  0.3587353741750121E-02  0.1416116503906250E+05
  0.3623407334089279E-02  0.1427019628906250E+05
  0.3659823210909963E-02  0.1437972851562500E+05
  0.3696604864671826E-02  0.1448975585937500E+05
  0.3733756253495812E-02  0.1460027441406250E+05
  0.3771280869841576E-02  0.1471127832031250E+05
  0.3809183137491345E-02  0.1482276269531250E+05
  0.3847465850412846E-02  0.1493472167968750E+05
  0.3886133432388306E-02  0.1504715136718750E+05
  0.3925189841538668E-02  0.1516004394531250E+05
  0.3964638803154230E-02  0.1527339355468750E+05
  0.4004483576864004E-02  0.1538719335937500E+05
  0.4044729284942150E-02  0.1550143554687500E+05
  0.4085379652678967E-02  0.1561611621093750E+05
  0.4126439336687326E-02  0.1573123339843750E+05
  0.4167910665273666E-02  0.1584678515625000E+05
  0.4209799226373434E-02  0.1596276269531250E+05
  0.4252108279615641E-02  0.1607914062500000E+05
  0.4294842481613159E-02  0.1619589160156250E+05
  0.4338006023317575E-02  0.1631299414062500E+05
  0.4381604027003050E-02  0.1643049414062500E+05
  0.4425639752298594E-02  0.1654846484375000E+05
  0.4470118321478367E-02  0.1666697265625000E+05
  0.4515043459832668E-02  0.1678590039062500E+05
  0.4560420289635658E-02  0.1690493359375000E+05
  0.4606253467500210E-02  0.1702375195312500E+05
  0.4652547184377909E-02  0.1714241406250000E+05
  0.4699305631220341E-02  0.1726194335937500E+05
  0.4746534395962954E-02  0.1738352734375000E+05
  0.4794237669557333E-02  0.1750783203125000E+05
  0.4842421039938927E-02  0.1763186132812500E+05
  0.4891087766736746E-02  0.1775105664062500E+05
  0.4940244369208813E-02  0.1786100000000000E+05
  0.4989894572645426E-02  0.1796287109375000E+05
  0.5040043499320745E-02  0.1806350000000000E+05
  0.5090696737170219E-02  0.1817009570312500E+05
  0.5141858942806721E-02  0.1828684960937500E+05
  0.5193535704165697E-02  0.1841043750000000E+05
  0.5245731677860022E-02  0.1853633398437500E+05
  0.5298452917486429E-02  0.1866048437500000E+05
  0.5351703613996506E-02  0.1878258203125000E+05
  0.5405488889664412E-02  0.1890383203125000E+05
  0.5459814798086882E-02  0.1902544531250000E+05
  0.5514685530215502E-02  0.1914786718750000E+05
  0.5570110399276018E-02  0.1927077929687500E+05
  0.5626089405268431E-02  0.1939382812500000E+05
  0.5682633724063635E-02  0.1951676953125000E+05
  0.5739743821322918E-02  0.1963963476562500E+05
  0.5797430872917175E-02  0.1976250585937500E+05
  0.5855694413185120E-02  0.1988544531250000E+05
  0.5914546549320221E-02  0.2000844531250000E+05
  0.5973986815661192E-02  0.2013146679687500E+05
  0.6034028250724077E-02  0.2025446484375000E+05
  0.6094672251492739E-02  0.2037741601562500E+05
  0.6155923474580050E-02  0.2050030859375000E+05
  0.6217792630195618E-02  0.2062312890625000E+05
  0.6280281115323305E-02  0.2074586718750000E+05
  0.6343400571495295E-02  0.2086850000000000E+05
  0.6407150998711586E-02  0.2099101171875000E+05
  0.6471545435488224E-02  0.2111337890625000E+05
  0.6536584347486496E-02  0.2123558398437500E+05
  0.6602279376238585E-02  0.2135760742187500E+05
  0.6668631453067064E-02  0.2147942968750000E+05
  0.6735654082149267E-02  0.2160103125000000E+05
  0.6803346797823906E-02  0.2172239257812500E+05
  0.6871723104268312E-02  0.2184349023437500E+05
  0.6940783467143774E-02  0.2196430468750000E+05
  0.7010541390627623E-02  0.2208481250000000E+05
  0.7080996409058571E-02  0.2220499609375000E+05
  0.7152163423597813E-02  0.2232482812500000E+05
  0.7224041502922773E-02  0.2244428906250000E+05
  0.7296646479517221E-02  0.2256335351562500E+05
  0.7369977422058582E-02  0.2268200000000000E+05
  0.7444048300385475E-02  0.2280020507812500E+05
  0.7518860511481762E-02  0.2291794335937500E+05
  0.7594428025186062E-02  0.2303519335937500E+05
  0.7670750841498375E-02  0.2315192773437500E+05
  0.7747845258563757E-02  0.2326812109375000E+05
  0.7825713604688644E-02  0.2338375000000000E+05
  0.7904361933469772E-02  0.2349878710937500E+05
  0.7983803749084473E-02  0.2361320703125000E+05
  0.8064040914177895E-02  0.2372698242187500E+05
  0.8145087398588657E-02  0.2384008789062500E+05
  0.8226944133639336E-02  0.2395249609375000E+05
  0.8309628814458847E-02  0.2406417773437500E+05
  0.8393140509724617E-02  0.2417510546875000E+05
  0.8477495051920414E-02  0.2428525195312500E+05
  0.8562692441046238E-02  0.2439458789062500E+05
  0.8648751303553581E-02  0.2450308398437500E+05
  0.8735670708119869E-02  0.2461071093750000E+05
  0.8823467418551445E-02  0.2471744140625000E+05
  0.8912142366170883E-02  0.2482324218750000E+05
  0.9001712314784527E-02  0.2492808203125000E+05
  0.9092180058360100E-02  0.2503192968750000E+05
  0.9183559566736221E-02  0.2513475585937500E+05
  0.9275853633880615E-02  0.2523653125000000E+05
  0.9369079023599625E-02  0.2533722070312500E+05
  0.9463237598538399E-02  0.2543679492187500E+05
  0.9558347053825855E-02  0.2553521875000000E+05
  0.9654408320784569E-02  0.2563245703125000E+05
  0.9751439094543457E-02  0.2572848046875000E+05
  0.9849439375102520E-02  0.2582325195312500E+05
  0.9948430582880974E-02  0.2591674023437500E+05
  0.1004841551184654E-01  0.2600891210937500E+05
  0.1014940161257982E-01  0.2609973046875000E+05
  0.1025140751153231E-01  0.2618916210937500E+05
  0.1035443320870399E-01  0.2627717382812500E+05
  0.1045849919319153E-01  0.2636372460937500E+05
  0.1056360639631748E-01  0.2644878320312500E+05
  0.1066977530717850E-01  0.2653230859375000E+05
  0.1077700592577457E-01  0.2661426757812500E+05
  0.1088531874120235E-01  0.2669462304687500E+05
  0.1099471468478441E-01  0.2677334179687500E+05
  0.1110521610826254E-01  0.2685038476562500E+05
  0.1121682208031416E-01  0.2692571289062500E+05
  0.1132955588400364E-01  0.2699928710937500E+05
  0.1144341751933098E-01  0.2707107226562500E+05
  0.1155842747539282E-01  0.2714103125000000E+05
  0.1167458947747946E-01  0.2720912304687500E+05
  0.1179192401468754E-01  0.2727531445312500E+05
  0.1191043108701706E-01  0.2733956445312500E+05
  0.1203013584017754E-01  0.2740183398437500E+05
  0.1215103827416897E-01  0.2746208203125000E+05
  0.1227316074073315E-01  0.2752027148437500E+05
  0.1239650510251522E-01  0.2757636523437500E+05
  0.1252109464257956E-01  0.2763032031250000E+05
  0.1264693029224873E-01  0.2768210351562500E+05
  0.1277403719723225E-01  0.2773167187500000E+05
  0.1290241535753012E-01  0.2777899023437500E+05
  0.1303209085017443E-01  0.2782401367187500E+05
  0.1316306740045547E-01  0.2786670703125000E+05
  0.1329535525292158E-01  0.2790703125000000E+05
  0.1342897955328226E-01  0.2794494726562500E+05
  0.1356393843889236E-01  0.2798041601562500E+05
  0.1370026171207428E-01  0.2801340039062500E+05
  0.1383794844150543E-01  0.2804386132812500E+05
  0.1397702563554049E-01  0.2807176367187500E+05
  0.1411749422550201E-01  0.2809706640625000E+05
  0.1425937935709953E-01  0.2811973242187500E+05
  0.1440268475562334E-01  0.2813972460937500E+05
  0.1454743742942810E-01  0.2815700390625000E+05
  0.1469363830983639E-01  0.2817153906250000E+05
  0.1484131626784801E-01  0.2818328906250000E+05
  0.1499046944081783E-01  0.2819222265625000E+05
  0.1514112949371338E-01  0.2819830273437500E+05
  0.1529329642653465E-01  0.2820149414062500E+05
  0.1544700097292662E-01  0.2820176367187500E+05
  0.1560224127024412E-01  0.2819907812500000E+05
  0.1575904898345470E-01  0.2819340625000000E+05
  0.1591742783784866E-01  0.2818471679687500E+05
  0.1607740484178066E-01  0.2817297851562500E+05
  0.1623898185789585E-01  0.2815816210937500E+05
  0.1640218868851662E-01  0.2814023632812500E+05
  0.1656702905893326E-01  0.2811917382812500E+05
  0.1673353463411331E-01  0.2809494726562500E+05
  0.1690171286463737E-01  0.2806753125000000E+05
  0.1707157306373119E-01  0.2803689843750000E+05
  0.1724315062165260E-01  0.2800302734375000E+05
  0.1741644181311131E-01  0.2796589257812500E+05
  0.1759148575365543E-01  0.2792547656250000E+05
  0.1776827871799469E-01  0.2788175781250000E+05
  0.1794685609638691E-01  0.2783471679687500E+05
  0.1812721975147724E-01  0.2778433789062500E+05
  0.1830940693616867E-01  0.2773060546875000E+05
  0.1849341392517090E-01  0.2767350585937500E+05
  0.1867927983403206E-01  0.2761302539062500E+05
  0.1886700466275215E-01  0.2754915625000000E+05
  0.1905662566423416E-01  0.2748188867187500E+05
  0.1924814470112324E-01  0.2741121484375000E+05
  0.1944159530103207E-01  0.2733713281250000E+05
  0.1963698305189610E-01  0.2725963867187500E+05
  0.1983434148132801E-01  0.2717872851562500E+05
  0.2003367431461811E-01  0.2709440820312500E+05
  0.2023502066731453E-01  0.2700667773437500E+05
  0.2043838053941727E-01  0.2691554296875000E+05
  0.2064379490911961E-01  0.2682101562500000E+05
  0.2085126377642155E-01  0.2672310546875000E+05
  0.2106082625687122E-01  0.2662182617187500E+05
  0.2127248607575893E-01  0.2651719335937500E+05
  0.2148628421127796E-01  0.2640922656250000E+05
  0.2170222811400890E-01  0.2629794726562500E+05
  0.2192033454775810E-01  0.2618337890625000E+05
  0.2214064262807369E-01  0.2606554687500000E+05
  0.2236315421760082E-01  0.2594447851562500E+05
  0.2258791215717793E-01  0.2582021093750000E+05
  0.2281492017209530E-01  0.2569277734375000E+05
  0.2304421924054623E-01  0.2556221679687500E+05
  0.2327581122517586E-01  0.2542856835937500E+05
  0.2350974269211292E-01  0.2529188085937500E+05
  0.2374601364135742E-01  0.2515219726562500E+05
  0.2398467063903809E-01  0.2500957226562500E+05
  0.2422571554780006E-01  0.2486406054687500E+05
  0.2446919120848179E-01  0.2471571679687500E+05
  0.2471510507166386E-01  0.2456460351562500E+05
  0.2496350184082985E-01  0.2441078320312500E+05
  0.2521438337862492E-01  0.2425432226562500E+05
  0.2546779811382294E-01  0.2409528710937500E+05
  0.2572374790906906E-01  0.2393375781250000E+05
  0.2598228119313717E-01  0.2376981054687500E+05
  0.2624340169131756E-01  0.2360352343750000E+05
  0.2650715783238411E-01  0.2343498046875000E+05
  0.2677355334162712E-01  0.2326426757812500E+05
  0.2704263851046562E-01  0.2309147265625000E+05
  0.2731441333889961E-01  0.2291668750000000E+05
  0.2758893370628357E-01  0.2274000976562500E+05
  0.2786620147526264E-01  0.2256153515625000E+05
  0.2814626693725586E-01  0.2238136718750000E+05
  0.2842915058135986E-01  0.2219961132812500E+05
  0.2871485799551010E-01  0.2201637109375000E+05
  0.2900345437228680E-01  0.2183175585937500E+05
  0.2929493598639965E-01  0.2164587695312500E+05
  0.2958936430513859E-01  0.2145885351562500E+05
  0.2988673374056816E-01  0.2127079687500000E+05
  0.3018710948526859E-01  0.2108182812500000E+05
  0.3049048408865929E-01  0.2089206835937500E+05
  0.3079692646861076E-01  0.2070163867187500E+05
  0.3110643289983273E-01  0.2051066406250000E+05
  0.3141906484961510E-01  0.2031926953125000E+05
  0.3173482418060303E-01  0.2012758203125000E+05
  0.3205377236008644E-01  0.1993572460937500E+05
  0.3237590938806534E-01  0.1974383398437500E+05
  0.3270129859447479E-01  0.1955203515625000E+05
  0.3302994742989540E-01  0.1936045898437500E+05
  0.3336191177368164E-01  0.1916923828125000E+05
  0.3369719535112381E-01  0.1897850195312500E+05
  0.3403586521744728E-01  0.1878837890625000E+05
  0.3437792137265205E-01  0.1859899804687500E+05
  0.3472343459725380E-01  0.1841049218750000E+05
  0.3507240116596222E-01  0.1822298632812500E+05
  0.3542489185929298E-01  0.1803660742187500E+05
  0.3578091040253639E-01  0.1785148046875000E+05
  0.3614052385091782E-01  0.1766773046875000E+05
  0.3650375083088875E-01  0.1748548046875000E+05
  0.3687060624361038E-01  0.1730484375000000E+05
  0.3724117204546928E-01  0.1712594335937500E+05
  0.3761544451117516E-01  0.1694889062500000E+05
  0.3799349442124367E-01  0.1677379296875000E+05
  0.3837532550096512E-01  0.1660075976562500E+05
  0.3876101225614548E-01  0.1642989453125000E+05
  0.3915055841207504E-01  0.1626129589843750E+05
  0.3954403474926949E-01  0.1609505664062500E+05
  0.3994145244359970E-01  0.1593126855468750E+05
  0.4034287855029106E-01  0.1577001660156250E+05
  0.4074832051992416E-01  0.1561137988281250E+05
  0.4115785658359528E-01  0.1545543066406250E+05
  0.4157149046659470E-01  0.1530223828125000E+05
  0.4198930040001869E-01  0.1515186425781250E+05
  0.4241129010915756E-01  0.1500436230468750E+05
  0.4283754155039787E-01  0.1485978125000000E+05
  0.4326805472373962E-01  0.1471816308593750E+05
  0.4370291531085968E-01  0.1457954101562500E+05
  0.4414212703704834E-01  0.1444393945312500E+05
  0.4458577185869217E-01  0.1431138183593750E+05
  0.4503385350108147E-01  0.1418187402343750E+05
  0.4548646509647369E-01  0.1405541796875000E+05
  0.4594359919428825E-01  0.1393201074218750E+05
  0.4640534892678261E-01  0.1381163476562500E+05
  0.4687174409627914E-01  0.1369426171875000E+05
  0.4734279960393906E-01  0.1357986230468750E+05
  0.4781861603260040E-01  0.1346839062500000E+05
  0.4829918593168259E-01  0.1335979296875000E+05
  0.4878461360931396E-01  0.1325401171875000E+05
  0.4927489534020424E-01  0.1315096972656250E+05
  0.4977012425661087E-01  0.1305058203125000E+05
  0.5027031153440475E-01  0.1295276269531250E+05
  0.5077554658055305E-01  0.1285740332031250E+05
  0.5128583684563637E-01  0.1276439453125000E+05
  0.5180127918720245E-01  0.1267361621093750E+05
  0.5232188105583191E-01  0.1258493066406250E+05
  0.5284773558378220E-01  0.1249820019531250E+05
  0.5337885022163391E-01  0.1241327050781250E+05
  0.5391532927751541E-01  0.1232998046875000E+05
  0.5445717647671700E-01  0.1224816503906250E+05
  0.5500449240207672E-01  0.1216764062500000E+05
  0.5555728077888489E-01  0.1208822460937500E+05
  0.5611565336585045E-01  0.1200972460937500E+05
  0.5667961388826370E-01  0.1193193652343750E+05
  0.5724926665425301E-01  0.1185465722656250E+05
  0.5782461538910866E-01  0.1177767285156250E+05
  0.5840577185153961E-01  0.1170076953125000E+05
  0.5899274721741676E-01  0.1162372753906250E+05
  0.5958564952015877E-01  0.1154632519531250E+05
  0.6018447875976562E-01  0.1146834082031250E+05
  0.6078936159610748E-01  0.1138955175781250E+05
  0.6140031665563583E-01  0.1130973632812500E+05
  0.6201738119125366E-01  0.1122867968750000E+05
  0.6264068186283112E-01  0.1114616992187500E+05
  0.6327021121978760E-01  0.1106200097656250E+05
  0.6390611082315445E-01  0.1097597363281250E+05
  0.6454835832118988E-01  0.1088790039062500E+05
  0.6519709527492523E-01  0.1079760253906250E+05
  0.6585231423377991E-01  0.1070491894531250E+05
  0.6651416420936584E-01  0.1060970019531250E+05
  0.6718262284994125E-01  0.1051181640625000E+05
  0.6785783171653748E-01  0.1041115527343750E+05
  0.6853979825973511E-01  0.1030762304687500E+05
  0.6922865658998489E-01  0.1020115136718750E+05
  0.6992439180612564E-01  0.1009169531250000E+05
  0.7062716782093048E-01  0.9979240234375000E+04
  0.7133696228265762E-01  0.9863792968750000E+04
  0.7205392420291901E-01  0.9745379882812500E+04
  0.7277806103229523E-01  0.9624054687500000E+04
  0.7350950688123703E-01  0.9499911132812500E+04
  0.7424827665090561E-01  0.9373065429687500E+04
  0.7499449700117111E-01  0.9243661132812500E+04
  0.7574818283319473E-01  0.9111874023437500E+04
  0.7650949060916901E-01  0.8977902343750000E+04
  0.7727840542793274E-01  0.8841979492187500E+04
  0.7805508375167847E-01  0.8704355468750000E+04
  0.7883957028388977E-01  0.8565310546875000E+04
  0.7963189482688904E-01  0.8425138671875000E+04
  0.8043222874403000E-01  0.8284164062500000E+04
  0.8124056458473206E-01  0.8142723632812500E+04
  0.8205706626176834E-01  0.8001162597656250E+04
  0.8288173377513885E-01  0.7859843750000000E+04
  0.8371472358703613E-01  0.7719138183593750E+04
  0.8455605059862137E-01  0.7579418945312500E+04
  0.8540587872266769E-01  0.7441057617187500E+04
  0.8626419305801392E-01  0.7304430664062500E+04
  0.8713118731975555E-01  0.7169902343750000E+04
  0.8800684660673141E-01  0.7037826660156250E+04
  0.8889134973287582E-01  0.6908549804687500E+04
  0.8978470414876938E-01  0.6782395996093750E+04
  0.9068707376718521E-01  0.6659670410156250E+04
  0.9159847348928452E-01  0.6540654785156250E+04
  0.9251907467842102E-01  0.6425605957031250E+04
  0.9344887733459473E-01  0.6314750976562500E+04
  0.9438807517290115E-01  0.6208284179687500E+04
  0.9533667564392090E-01  0.6106367675781250E+04
  0.9629484266042709E-01  0.6009129394531250E+04
  0.9726259857416153E-01  0.5916655273437500E+04
  0.9824012964963913E-01  0.5828997070312500E+04
  0.9922743588685989E-01  0.5746161621093750E+04
  0.1002247035503387E+00  0.5668123535156250E+04
  0.1012320071458817E+00  0.5594806640625000E+04
  0.1022493764758110E+00  0.5526098632812500E+04
  0.1032770201563835E+00  0.5461846191406250E+04
  0.1043149530887604E+00  0.5401853027343750E+04
  0.1053633540868759E+00  0.5345888183593750E+04
  0.1064222529530525E+00  0.5293658203125000E+04
  0.1074918285012245E+00  0.5244859863281250E+04
  0.1085721179842949E+00  0.5199187988281250E+04
  0.1096633151173592E+00  0.5156266113281250E+04
  0.1107654124498367E+00  0.5115672363281250E+04
  0.1118786558508873E+00  0.5076955078125000E+04
  0.1130030229687691E+00  0.5039644531250000E+04
  0.1141387522220612E+00  0.5003257324218750E+04
  0.1152858361601830E+00  0.4967306640625000E+04
  0.1164445057511330E+00  0.4931313964843750E+04
  0.1176147684454918E+00  0.4894814941406250E+04
  0.1187968328595161E+00  0.4857363769531250E+04
  0.1199907436966896E+00  0.4818541992187500E+04
  0.1211966872215271E+00  0.4777960937500000E+04
  0.1224147081375122E+00  0.4735265625000000E+04
  0.1236450299620628E+00  0.4690138183593750E+04
  0.1248876452445984E+00  0.4642308593750000E+04
  0.1261428147554398E+00  0.4591561523437500E+04
  0.1274105459451675E+00  0.4537747070312500E+04
  0.1286910772323608E+00  0.4480788085937500E+04
  0.1299844682216644E+00  0.4420688476562500E+04
  0.1312908083200455E+00  0.4357547851562500E+04
  0.1326103210449219E+00  0.4291540527343750E+04
  0.1339430510997772E+00  0.4222929687500000E+04
  0.1352892369031906E+00  0.4152059082031250E+04
  0.1366488784551620E+00  0.4079316406250000E+04
  0.1380222439765930E+00  0.4005134033203125E+04
  0.1394093632698059E+00  0.3929995117187500E+04
  0.1408104896545410E+00  0.3854415527343750E+04
  0.1422256231307983E+00  0.3778912353515625E+04
  0.1436550319194794E+00  0.3703987548828125E+04
  0.1450987607240677E+00  0.3630155517578125E+04
  0.1465570628643036E+00  0.3557937988281250E+04
  0.1480299532413483E+00  0.3487826660156250E+04
  0.1495177149772644E+00  0.3420265380859375E+04
  0.1510203480720520E+00  0.3355652587890625E+04
  0.1525381654500961E+00  0.3294335693359375E+04
  0.1540711671113968E+00  0.3236568359375000E+04
  0.1556196361780167E+00  0.3182509033203125E+04
  0.1571836024522781E+00  0.3132245117187500E+04
  0.1587633490562439E+00  0.3085796875000000E+04
  0.1603589206933975E+00  0.3043105468750000E+04
  0.1619705855846405E+00  0.3004035644531250E+04
  0.1635983735322952E+00  0.2968385498046875E+04
  0.1652426123619080E+00  0.2935888183593750E+04
  0.1669032722711563E+00  0.2906217773437500E+04
  0.1685807257890701E+00  0.2878980957031250E+04
  0.1702750325202942E+00  0.2853717041015625E+04
  0.1719862818717957E+00  0.2829923095703125E+04
  0.1737148016691208E+00  0.2807075195312500E+04
  0.1754606217145920E+00  0.2784647705078125E+04
  0.1772240847349167E+00  0.2762128906250000E+04
  0.1790051609277725E+00  0.2739040771484375E+04
  0.1808042377233505E+00  0.2714942138671875E+04
  0.1826213151216507E+00  0.2689451416015625E+04
  0.1844567209482193E+00  0.2662257080078125E+04
  0.1863104999065399E+00  0.2633111816406250E+04
  0.1881829947233200E+00  0.2601860595703125E+04
  0.1900742202997208E+00  0.2568468750000000E+04
  0.1919845342636108E+00  0.2533005859375000E+04
  0.1939139664173126E+00  0.2495642822265625E+04
  0.1958628743886948E+00  0.2456665039062500E+04
  0.1978312879800797E+00  0.2416433593750000E+04
  0.1998195648193359E+00  0.2375350097656250E+04
  0.2018277347087860E+00  0.2333853759765625E+04
  0.2038561850786209E+00  0.2292406494140625E+04
  0.2059049308300018E+00  0.2251476074218750E+04
  0.2079743593931198E+00  0.2211523681640625E+04
  0.2100644707679749E+00  0.2172974121093750E+04
  0.2121756970882416E+00  0.2136189453125000E+04
  0.2143080532550812E+00  0.2101450683593750E+04
  0.2164619266986847E+00  0.2068947753906250E+04
  0.2186374664306641E+00  0.2038776611328125E+04
  0.2208347618579865E+00  0.2010942016601562E+04
  0.2230542153120041E+00  0.1985376342773438E+04
  0.2252959161996841E+00  0.1961934936523438E+04
  0.2275602221488953E+00  0.1940383789062500E+04
  0.2298471927642822E+00  0.1920417846679688E+04
  0.2321572452783585E+00  0.1901677001953125E+04
  0.2344903945922852E+00  0.1883761352539062E+04
  0.2368471175432205E+00  0.1866274047851562E+04
  0.2392274141311646E+00  0.1848834106445312E+04
  0.2416317313909531E+00  0.1831094604492188E+04
  0.2440601289272308E+00  0.1812752807617188E+04
  0.2465130239725113E+00  0.1793564819335938E+04
  0.2489904463291168E+00  0.1773365234375000E+04
  0.2514929175376892E+00  0.1752082885742188E+04
  0.2540203928947449E+00  0.1729761596679688E+04
  0.2565734088420868E+00  0.1706533081054688E+04
  0.2591519355773926E+00  0.1682595214843750E+04
  0.2617565095424652E+00  0.1658201416015625E+04
  0.2643871605396271E+00  0.1633638183593750E+04
  0.2670443654060364E+00  0.1609220703125000E+04
  0.2697281241416931E+00  0.1585266723632812E+04
  0.2724390029907227E+00  0.1562065429687500E+04
  0.2751770019531250E+00  0.1539846557617188E+04
  0.2779426276683807E+00  0.1518764892578125E+04
  0.2807360589504242E+00  0.1498911499023438E+04
  0.2835574448108673E+00  0.1480309814453125E+04
  0.2864072918891907E+00  0.1462913452148438E+04
  0.2892856597900391E+00  0.1446602783203125E+04
  0.2921931147575378E+00  0.1431190185546875E+04
  0.2951296269893646E+00  0.1416449584960938E+04
  0.2980957925319672E+00  0.1402142700195312E+04
  0.3010917603969574E+00  0.1388039184570312E+04
  0.3041175603866577E+00  0.1373923095703125E+04
  0.3071740865707397E+00  0.1359603149414062E+04
  0.3102613091468811E+00  0.1344942626953125E+04
  0.3133795559406281E+00  0.1329876586914062E+04
  0.3165288269519806E+00  0.1314413330078125E+04
  0.3197100758552551E+00  0.1298616577148438E+04
  0.3229232728481293E+00  0.1282590087890625E+04
  0.3261688053607941E+00  0.1266479980468750E+04
  0.3294466137886047E+00  0.1250463012695312E+04
  0.3327576816082001E+00  0.1234716796875000E+04
  0.3361020088195801E+00  0.1219389282226562E+04
  0.3394799828529358E+00  0.1204590942382812E+04
  0.3428915739059448E+00  0.1190395263671875E+04
  0.3463377654552460E+00  0.1176833984375000E+04
  0.3498185873031616E+00  0.1163883789062500E+04
  0.3533344268798828E+00  0.1151467407226562E+04
  0.3568852245807648E+00  0.1139479492187500E+04
  0.3604720532894135E+00  0.1127805297851562E+04
  0.3640949726104736E+00  0.1116322143554688E+04
  0.3677542507648468E+00  0.1104909423828125E+04
  0.3714503347873688E+00  0.1093471923828125E+04
  0.3751831948757172E+00  0.1081959228515625E+04
  0.3789539337158203E+00  0.1070357421875000E+04
  0.3827625513076782E+00  0.1058679809570312E+04
  0.3866094946861267E+00  0.1046973876953125E+04
  0.3904947042465210E+00  0.1035318115234375E+04
  0.3944193124771118E+00  0.1023796691894531E+04
  0.3983833789825439E+00  0.1012481201171875E+04
  0.4023872911930084E+00  0.1001431823730469E+04
  0.4064310789108276E+00  0.9906939086914062E+03
  0.4105158448219299E+00  0.9802785034179688E+03
  0.4146417379379272E+00  0.9701637573242188E+03
  0.4188090264797211E+00  0.9603125000000000E+03
  0.4230177998542786E+00  0.9506769409179688E+03
  0.4272693395614624E+00  0.9411946411132812E+03
  0.4315635561943054E+00  0.9318074340820312E+03
  0.4359009265899658E+00  0.9224788208007812E+03
  0.4402814805507660E+00  0.9131860351562500E+03
  0.4447064697742462E+00  0.9039197387695312E+03
  0.4491759538650513E+00  0.8946962890625000E+03
  0.4536903798580170E+00  0.8855471191406250E+03
  0.4582496881484985E+00  0.8765014648437500E+03
  0.4628553092479706E+00  0.8675906982421875E+03
  0.4675071537494659E+00  0.8588439941406250E+03
  0.4722057878971100E+00  0.8502716064453125E+03
  0.4769516587257385E+00  0.8418696899414062E+03
  0.4817447662353516E+00  0.8336295776367188E+03
  0.4865864515304565E+00  0.8255283203125000E+03
  0.4914768934249878E+00  0.8175375366210938E+03
  0.4964163899421692E+00  0.8096378784179688E+03
  0.5014051198959351E+00  0.8018117065429688E+03
  0.5064443945884705E+00  0.7940474243164062E+03
  0.5115343928337097E+00  0.7863493652343750E+03
  0.5166755318641663E+00  0.7787246093750000E+03
  0.5218678116798401E+00  0.7711821289062500E+03
  0.5271128416061401E+00  0.7637377929687500E+03
  0.5324105024337769E+00  0.7563984985351562E+03
  0.5377613902091980E+00  0.7491664428710938E+03
  0.5431656241416931E+00  0.7420424804687500E+03
  0.5486246347427368E+00  0.7350164794921875E+03
  0.5541385412216187E+00  0.7280789184570312E+03
  0.5597078800201416E+00  0.7212214965820312E+03
  0.5653325915336609E+00  0.7144332885742188E+03
  0.5710144639015198E+00  0.7077119750976562E+03
  0.5767533779144287E+00  0.7010563964843750E+03
  0.5825499892234802E+00  0.6944672851562500E+03
  0.5884042978286743E+00  0.6879508666992188E+03
  0.5943179726600647E+00  0.6815078735351562E+03
  0.6002910733222961E+00  0.6751411743164062E+03
  0.6063242554664612E+00  0.6688503417968750E+03
  0.6124180555343628E+00  0.6626309814453125E+03
  0.6185724735260010E+00  0.6564810791015625E+03
  0.6247894167900085E+00  0.6503941040039062E+03
  0.6310687661170959E+00  0.6443681030273438E+03
  0.6374112963676453E+00  0.6384003295898438E+03
  0.6438169479370117E+00  0.6324896850585938E+03
  0.6502875089645386E+00  0.6266375122070312E+03
  0.6568231582641602E+00  0.6208427734375000E+03
  0.6634244918823242E+00  0.6151072998046875E+03
  0.6700915098190308E+00  0.6094287719726562E+03
  0.6768262386322021E+00  0.6038071289062500E+03
  0.6836286187171936E+00  0.5982393188476562E+03
  0.6904993653297424E+00  0.5927239990234375E+03
  0.6974384784698486E+00  0.5872590942382812E+03
  0.7044480443000793E+00  0.5818433227539062E+03
  0.7115280032157898E+00  0.5764762573242188E+03
  0.7186791300773621E+00  0.5711569213867188E+03
  0.7259014248847961E+00  0.5658854980468750E+03
  0.7331970334053040E+00  0.5606605224609375E+03
  0.7405660152435303E+00  0.5554818115234375E+03
  0.7480089664459229E+00  0.5503475341796875E+03
  0.7555260062217712E+00  0.5452571411132812E+03
  0.7631193399429321E+00  0.5402089843750000E+03
  0.7707890272140503E+00  0.5352027587890625E+03
  0.7785357832908630E+00  0.5302372436523438E+03
  0.7863603234291077E+00  0.5253122558593750E+03
  0.7942628264427185E+00  0.5204268798828125E+03
  0.8022454977035522E+00  0.5155805664062500E+03
  0.8103083968162537E+00  0.5107725830078125E+03
  0.8184522986412048E+00  0.5060019226074219E+03
  0.8266773223876953E+00  0.5012681884765625E+03
  0.8349857330322266E+00  0.4965702209472656E+03
  0.8433775901794434E+00  0.4919078979492188E+03
  0.8518539071083069E+00  0.4872801818847656E+03
  0.8604146242141724E+00  0.4826869506835938E+03
  0.8690620660781860E+00  0.4781273498535156E+03
  0.8777965307235718E+00  0.4736008605957031E+03
  0.8866187334060669E+00  0.4691070556640625E+03
  0.8955286741256714E+00  0.4646450805664062E+03
  0.9045291543006897E+00  0.4602147216796875E+03
  0.9136199951171875E+00  0.4558152770996094E+03
  0.9228023290634155E+00  0.4514463195800781E+03
  0.9320759773254395E+00  0.4471074829101562E+03
  0.9414436221122742E+00  0.4427981262207031E+03
  0.9509055614471436E+00  0.4385179748535156E+03
  0.9604624509811401E+00  0.4342665710449219E+03
  0.9701146483421326E+00  0.4300433654785156E+03
  0.9798645973205566E+00  0.4258481445312500E+03
  0.9897126555442810E+00  0.4216804809570312E+03
  0.9996597170829773E+00  0.4175398864746094E+03
  0.1009706735610962E+01  0.4134261779785156E+03
  0.1019853711128235E+01  0.4093389587402344E+03
  0.1030103564262390E+01  0.4052778625488281E+03
  0.1040456533432007E+01  0.4012426452636719E+03
  0.1050913572311401E+01  0.3972330322265625E+03
  0.1061474680900574E+01  0.3932486572265625E+03
  0.1072142839431763E+01  0.3892892761230469E+03
  0.1082918286323547E+01  0.3853547058105469E+03
  0.1093802094459534E+01  0.3814446105957031E+03
  0.1104794263839722E+01  0.3775587463378906E+03
  0.1115897774696350E+01  0.3736969299316406E+03
  0.1127113103866577E+01  0.3698589782714844E+03
  0.1138440966606140E+01  0.3660446472167969E+03
  0.1149881601333618E+01  0.3622537231445312E+03
  0.1161438465118408E+01  0.3584860229492188E+03
  0.1173111319541931E+01  0.3547413940429688E+03
  0.1184901475906372E+01  0.3510196533203125E+03
  0.1196809172630310E+01  0.3473206481933594E+03
  0.1208837509155273E+01  0.3436442260742188E+03
  0.1220986843109131E+01  0.3399902648925781E+03
  0.1233258247375488E+01  0.3363586425781250E+03
  0.1245651841163635E+01  0.3327492065429688E+03
  0.1258171200752258E+01  0.3291618652343750E+03
  0.1270816326141357E+01  0.3255965270996094E+03
  0.1283588409423828E+01  0.3220530700683594E+03
  0.1296487808227539E+01  0.3185314331054688E+03
  0.1309517979621887E+01  0.3150315551757812E+03
  0.1322679162025452E+01  0.3115533142089844E+03
  0.1335972666740417E+01  0.3080966796875000E+03
  0.1349399685859680E+01  0.3046615600585938E+03
  0.1362960457801819E+01  0.3012479248046875E+03
  0.1376658797264099E+01  0.2978557434082031E+03
  0.1390494704246521E+01  0.2944849548339844E+03
  0.1404469728469849E+01  0.2911355285644531E+03
  0.1418583869934082E+01  0.2878074645996094E+03
  0.1432841181755066E+01  0.2845006713867188E+03
  0.1447241783142090E+01  0.2812151794433594E+03
  0.1461787223815918E+01  0.2779509887695312E+03
  0.1476477265357971E+01  0.2747080688476562E+03
  0.1491316437721252E+01  0.2714864196777344E+03
  0.1506304740905762E+01  0.2682860717773438E+03
  0.1521443724632263E+01  0.2651070251464844E+03
  0.1536733388900757E+01  0.2619492492675781E+03
  0.1552178144454956E+01  0.2588127746582031E+03
  0.1567778229713440E+01  0.2556976623535156E+03
  0.1583535075187683E+01  0.2526039276123047E+03
  0.1599448561668396E+01  0.2495315704345703E+03
  0.1615523695945740E+01  0.2464806518554688E+03
  0.1631760358810425E+01  0.2434511566162109E+03
  0.1648160099983215E+01  0.2404431457519531E+03
  0.1664723157882690E+01  0.2374566497802734E+03
  0.1681454420089722E+01  0.2344917297363281E+03
  0.1698353648185730E+01  0.2315484161376953E+03
  0.1715422749519348E+01  0.2286267547607422E+03
  0.1732663393020630E+01  0.2257267913818359E+03
  0.1750075697898865E+01  0.2228485717773438E+03
  0.1767664790153503E+01  0.2199921417236328E+03
  0.1785430431365967E+01  0.2171575469970703E+03
  0.1803374767303467E+01  0.2143448333740234E+03
  0.1821497559547424E+01  0.2115540618896484E+03
  0.1839804410934448E+01  0.2087852935791016E+03
  0.1858295321464539E+01  0.2060385894775391E+03
  0.1876971840858459E+01  0.2033139648437500E+03
  0.1895834326744080E+01  0.2006114959716797E+03
  0.1914888262748718E+01  0.1979311981201172E+03
  0.1934133529663086E+01  0.1952731475830078E+03
  0.1953572392463684E+01  0.1926373901367188E+03
  0.1973204851150513E+01  0.1900239868164062E+03
  0.1993036270141602E+01  0.1874329681396484E+03
  0.2013067245483398E+01  0.1848643951416016E+03
  0.2033299207687378E+01  0.1823182830810547E+03
  0.2053732872009277E+01  0.1797946777343750E+03
  0.2074373483657837E+01  0.1772936248779297E+03
  0.2095221757888794E+01  0.1748151550292969E+03
  0.2116279602050781E+01  0.1723593139648438E+03
  0.2137547016143799E+01  0.1699261322021484E+03
  0.2159030199050903E+01  0.1675156402587891E+03
  0.2180729150772095E+01  0.1651278533935547E+03
  0.2202646493911743E+01  0.1627627868652344E+03
  0.2224783897399902E+01  0.1604204559326172E+03
  0.2247141838073730E+01  0.1581008911132812E+03
  0.2269726514816284E+01  0.1558040924072266E+03
  0.2292538166046143E+01  0.1535300750732422E+03
  0.2315578937530518E+01  0.1512788543701172E+03
  0.2338849306106567E+01  0.1490504302978516E+03
  0.2362355709075928E+01  0.1468447723388672E+03
  0.2386098384857178E+01  0.1446618957519531E+03
  0.2410079717636108E+01  0.1425017547607422E+03
  0.2434299468994141E+01  0.1403643798828125E+03
  0.2458765268325806E+01  0.1382497253417969E+03
  0.2483476638793945E+01  0.1361577606201172E+03
  0.2508436679840088E+01  0.1340884857177734E+03
  0.2533645153045654E+01  0.1320418395996094E+03
  0.2559109210968018E+01  0.1300177917480469E+03
  0.2584829330444336E+01  0.1280162963867188E+03
  0.2610807657241821E+01  0.1260373077392578E+03
  0.2637045145034790E+01  0.1240807800292969E+03
  0.2663548469543457E+01  0.1221466522216797E+03
  0.2690318107604980E+01  0.1202348709106445E+03
  0.2717356681823730E+01  0.1183453674316406E+03
  0.2744664669036865E+01  0.1164780731201172E+03
  0.2772249698638916E+01  0.1146329040527344E+03
  0.2800111770629883E+01  0.1128097991943359E+03
  0.2828253984451294E+01  0.1110086593627930E+03
  0.2856679201126099E+01  0.1092294158935547E+03
  0.2885387182235718E+01  0.1074719772338867E+03
  0.2914386510848999E+01  0.1057362365722656E+03
  0.2943677186965942E+01  0.1040221099853516E+03
  0.2973262310028076E+01  0.1023294830322266E+03
  0.3003141880035400E+01  0.1006582565307617E+03
  0.3033324718475342E+01  0.9900831604003906E+02
  0.3063810825347900E+01  0.9737955474853516E+02
  0.3094603538513184E+01  0.9577185821533203E+02
  0.3125702381134033E+01  0.9418510437011719E+02
  0.3157116889953613E+01  0.9261916351318359E+02
  0.3188847303390503E+01  0.9107391357421875E+02
  0.3220896482467651E+01  0.8954921722412109E+02
  0.3253264665603638E+01  0.8804496002197266E+02
  0.3285961151123047E+01  0.8656098937988281E+02
  0.3318986654281616E+01  0.8509717559814453E+02
  0.3352343559265137E+01  0.8365337371826172E+02
  0.3386032819747925E+01  0.8222943878173828E+02
  0.3420063495635986E+01  0.8082522583007812E+02
  0.3454436540603638E+01  0.7944058990478516E+02
  0.3489155292510986E+01  0.7807537078857422E+02
  0.3524219036102295E+01  0.7672943115234375E+02
  0.3559638977050781E+01  0.7540259552001953E+02
  0.3595414638519287E+01  0.7409471893310547E+02
  0.3631550312042236E+01  0.7280564117431641E+02
  0.3668048620223999E+01  0.7153520202636719E+02
  0.3704910516738892E+01  0.7028323364257812E+02
  0.3742146492004395E+01  0.6904957580566406E+02
  0.3779756546020508E+01  0.6783406066894531E+02
  0.3817744493484497E+01  0.6663652038574219E+02
  0.3856110334396362E+01  0.6545679473876953E+02
  0.3894865989685059E+01  0.6429470062255859E+02
  0.3934011220932007E+01  0.6315007781982422E+02
  0.3973549604415894E+01  0.6202275085449219E+02
  0.4013481616973877E+01  0.6091254806518555E+02
  0.4053818225860596E+01  0.5981929397583008E+02
  0.4094560623168945E+01  0.5874281311035156E+02
  0.4135712623596191E+01  0.5768293762207031E+02
  0.4177274703979492E+01  0.5663948440551758E+02
  0.4219257831573486E+01  0.5561228561401367E+02
  0.4261662960052490E+01  0.5460115814208984E+02
  0.4304494380950928E+01  0.5360592651367188E+02
  0.4347752094268799E+01  0.5262641525268555E+02
  0.4391448497772217E+01  0.5166244888305664E+02
  0.4435584545135498E+01  0.5071384811401367E+02
  0.4480164051055908E+01  0.4978043365478516E+02
  0.4525187015533447E+01  0.4886203384399414E+02
  0.4570667266845703E+01  0.4795846939086914E+02
  0.4616604328155518E+01  0.4706956100463867E+02
  0.4663002490997314E+01  0.4619513702392578E+02
  0.4709867954254150E+01  0.4533501815795898E+02
  0.4757199287414551E+01  0.4448902893066406E+02
  0.4805011272430420E+01  0.4365699005126953E+02
  0.4853303432464600E+01  0.4283873367309570E+02
  0.4902080535888672E+01  0.4203408050537109E+02
  0.4951344013214111E+01  0.4124286270141602E+02
  0.5001106739044189E+01  0.4046489715576172E+02
  0.5051370143890381E+01  0.3970002365112305E+02
  0.5102138519287109E+01  0.3894805908203125E+02
  0.5153411865234375E+01  0.3820883941650391E+02
  0.5205205917358398E+01  0.3748218917846680E+02
  0.5257520198822021E+01  0.3676794815063477E+02
  0.5310360431671143E+01  0.3606593704223633E+02
  0.5363726615905762E+01  0.3537599563598633E+02
  0.5417634010314941E+01  0.3469795989990234E+02
  0.5472083568572998E+01  0.3403165435791016E+02
  0.5527080535888672E+01  0.3337692642211914E+02
  0.5582623958587646E+01  0.3273360443115234E+02
  0.5638731956481934E+01  0.3210153198242188E+02
  0.5695403575897217E+01  0.3148054122924805E+02
  0.5752644538879395E+01  0.3087048149108887E+02
  0.5810455322265625E+01  0.3027118682861328E+02
  0.5868852615356445E+01  0.2968250656127930E+02
  0.5927836894989014E+01  0.2910428047180176E+02
  0.5987413883209229E+01  0.2853635406494141E+02
  0.6047590255737305E+01  0.2797857475280762E+02
  0.6108364582061768E+01  0.2743079185485840E+02
  0.6169755935668945E+01  0.2689285278320312E+02
  0.6231764793395996E+01  0.2636461067199707E+02
  0.6294396400451660E+01  0.2584591674804688E+02
  0.6357651710510254E+01  0.2533662414550781E+02
  0.6421548843383789E+01  0.2483658790588379E+02
  0.6486087799072266E+01  0.2434566497802734E+02
  0.6551275730133057E+01  0.2386371231079102E+02
  0.6617112159729004E+01  0.2339059066772461E+02
  0.6683617115020752E+01  0.2292616081237793E+02
  0.6750789642333984E+01  0.2247028350830078E+02
  0.6818638324737549E+01  0.2202282333374023E+02
  0.6887161731719971E+01  0.2158364677429199E+02
  0.6956380367279053E+01  0.2115261840820312E+02
  0.7026294231414795E+01  0.2072960853576660E+02
  0.7096911430358887E+01  0.2031448745727539E+02
  0.7168231010437012E+01  0.1990712356567383E+02
  0.7240274906158447E+01  0.1950739097595215E+02
  0.7313042640686035E+01  0.1911516571044922E+02
  0.7386541366577148E+01  0.1873032188415527E+02
  0.7460772514343262E+01  0.1835273742675781E+02
  0.7535756111145020E+01  0.1798229026794434E+02
  0.7611493587493896E+01  0.1761886215209961E+02
  0.7687992095947266E+01  0.1726233291625977E+02
  0.7765251159667969E+01  0.1691259002685547E+02
  0.7843296051025391E+01  0.1656951522827148E+02
  0.7922123908996582E+01  0.1623299407958984E+02
  0.8001744270324707E+01  0.1590291786193848E+02
  0.8082165718078613E+01  0.1557917308807373E+02
  0.8163386344909668E+01  0.1526165199279785E+02
  0.8245431900024414E+01  0.1495024681091309E+02
  0.8328301429748535E+01  0.1464485073089600E+02
  0.8412004470825195E+01  0.1434535980224609E+02
  0.8496540069580078E+01  0.1405167102813721E+02
  0.8581933021545410E+01  0.1376368141174316E+02
  0.8668186187744141E+01  0.1348129177093506E+02
  0.8755304336547852E+01  0.1320440196990967E+02
  0.8843290328979492E+01  0.1293291568756104E+02
  0.8932168960571289E+01  0.1266673660278320E+02
  0.9021940231323242E+01  0.1240576934814453E+02
  0.9112614631652832E+01  0.1214992141723633E+02
  0.9204191207885742E+01  0.1189910125732422E+02
  0.9296697616577148E+01  0.1165321636199951E+02
  0.9390132904052734E+01  0.1141217994689941E+02
  0.9484506607055664E+01  0.1117590236663818E+02
  0.9579820632934570E+01  0.1094429779052734E+02
  0.9676101684570312E+01  0.1071728134155273E+02
  0.9773350715637207E+01  0.1049476909637451E+02
  0.9871577262878418E+01  0.1027667903900146E+02
  0.9970781326293945E+01  0.1006292819976807E+02
  0.1007099151611328E+02  0.9853437423706055E+01
  0.1017220878601074E+02  0.9648128509521484E+01
  0.1027444362640381E+02  0.9446924209594727E+01
  0.1037770557403564E+02  0.9249746322631836E+01
  0.1048199558258057E+02  0.9056522369384766E+01
  0.1058734321594238E+02  0.8867177009582520E+01
  0.1069375038146973E+02  0.8681637763977051E+01
  0.1080122661590576E+02  0.8499834060668945E+01
  0.1090977287292480E+02  0.8321694374084473E+01
  0.1101942062377930E+02  0.8147150993347168E+01
  0.1113017082214355E+02  0.7976134300231934E+01
  0.1124203300476074E+02  0.7808578968048096E+01
  0.1135500907897949E+02  0.7644418239593506E+01
  0.1146913146972656E+02  0.7483588695526123E+01
  0.1158440113067627E+02  0.7326025485992432E+01
  0.1170082855224609E+02  0.7171667098999023E+01
  0.1181841564178467E+02  0.7020451545715332E+01
  0.1193719482421875E+02  0.6872319221496582E+01
  0.1205716896057129E+02  0.6727210044860840E+01
  0.1217834854125977E+02  0.6585066318511963E+01
  0.1230073451995850E+02  0.6445830821990967E+01
  0.1242436122894287E+02  0.6309446334838867E+01
  0.1254923057556152E+02  0.6175858974456787E+01
  0.1267535591125488E+02  0.6045013427734375E+01
  0.1280273532867432E+02  0.5916856288909912E+01
  0.1293140792846680E+02  0.5791336059570312E+01
  0.1306137371063232E+02  0.5668400287628174E+01
  0.1319264698028564E+02  0.5547998428344727E+01
  0.1332523727416992E+02  0.5430081367492676E+01
  0.1345914840698242E+02  0.5314599990844727E+01
  0.1359441852569580E+02  0.5201506614685059E+01
  0.1373104763031006E+02  0.5090753555297852E+01
  0.1386905002593994E+02  0.4982295513153076E+01
  0.1400842666625977E+02  0.4876086235046387E+01
  0.1414921665191650E+02  0.4772081851959229E+01
  0.1429142189025879E+02  0.4670238018035889E+01
  0.1443505573272705E+02  0.4570512294769287E+01
  0.1458012008666992E+02  0.4472862243652344E+01
  0.1472665596008301E+02  0.4377246379852295E+01
  0.1487466526031494E+02  0.4283624172210693E+01
  0.1502416229248047E+02  0.4191956520080566E+01
  0.1517514610290527E+02  0.4102202892303467E+01
  0.1532766246795654E+02  0.4014326095581055E+01
  0.1548171043395996E+02  0.3928287982940674E+01
  0.1563730907440186E+02  0.3844051361083984E+01
  0.1579445457458496E+02  0.3761580467224121E+01
  0.1595319461822510E+02  0.3680839061737061E+01
  0.1611353111267090E+02  0.3601792812347412E+01
  0.1627547836303711E+02  0.3524406909942627E+01
  0.1643903923034668E+02  0.3448648214340210E+01
  0.1660425758361816E+02  0.3374483346939087E+01
  0.1677113723754883E+02  0.3301880359649658E+01
  0.1693969345092773E+02  0.3230807065963745E+01
  0.1710994338989258E+02  0.3161232471466064E+01
  0.1728188896179199E+02  0.3093126296997070E+01
  0.1745557975769043E+02  0.3026458263397217E+01
  0.1763101387023926E+02  0.2961199045181274E+01
  0.1780821418762207E+02  0.2897320032119751E+01
  0.1798717689514160E+02  0.2834792852401733E+01
  0.1816795349121094E+02  0.2773589611053467E+01
  0.1835054969787598E+02  0.2713683605194092E+01
  0.1853497886657715E+02  0.2655047655105591E+01
  0.1872124481201172E+02  0.2597655773162842E+01
  0.1890940093994141E+02  0.2541482686996460E+01
  0.1909944725036621E+02  0.2486502885818481E+01
  0.1929140663146973E+02  0.2432691812515259E+01
  0.1948527336120605E+02  0.2380025386810303E+01
  0.1968110656738281E+02  0.2328480243682861E+01
  0.1987891006469727E+02  0.2278032541275024E+01
  0.2007870101928711E+02  0.2228660106658936E+01
  0.2028048133850098E+02  0.2180340528488159E+01
  0.2048430824279785E+02  0.2133051633834839E+01
  0.2069018363952637E+02  0.2086772203445435E+01
  0.2089812850952148E+02  0.2041481494903564E+01
  0.2110814285278320E+02  0.1997158527374268E+01
  0.2132028770446777E+02  0.1953783392906189E+01
  0.2153456497192383E+02  0.1911336183547974E+01
  0.2175099563598633E+02  0.1869797587394714E+01
  0.2196960258483887E+02  0.1829148650169373E+01
  0.2219038581848145E+02  0.1789370775222778E+01
  0.2241340637207031E+02  0.1750445723533630E+01
  0.2263866996765137E+02  0.1712355494499207E+01
  0.2286619758605957E+02  0.1675082802772522E+01
  0.2309598922729492E+02  0.1638610363006592E+01
  0.2332811546325684E+02  0.1602921485900879E+01
  0.2356257057189941E+02  0.1567999482154846E+01
  0.2379938316345215E+02  0.1533828496932983E+01
  0.2403855323791504E+02  0.1500392556190491E+01
  0.2428015327453613E+02  0.1467676281929016E+01
  0.2452417755126953E+02  0.1435664296150208E+01
  0.2477065467834473E+02  0.1404342055320740E+01
  0.2501958465576172E+02  0.1373694777488708E+01
  0.2527104377746582E+02  0.1343708276748657E+01
  0.2552502822875977E+02  0.1314368486404419E+01
  0.2578156280517578E+02  0.1285661935806274E+01
  0.2604065322875977E+02  0.1257575035095215E+01
  0.2630237197875977E+02  0.1230094671249390E+01
  0.2656672096252441E+02  0.1203208088874817E+01
  0.2683372688293457E+02  0.1176902651786804E+01
  0.2710339355468750E+02  0.1151166081428528E+01
  0.2737579345703125E+02  0.1125986099243164E+01
  0.2765093040466309E+02  0.1101351022720337E+01
  0.2792883300781250E+02  0.1077249288558960E+01
  0.2820952796936035E+02  0.1053669571876526E+01
  0.2849301719665527E+02  0.1030600547790527E+01
  0.2877938270568848E+02  0.1008031606674194E+01
  0.2906862831115723E+02  0.9859519004821777E+00
  0.2936078071594238E+02  0.9643510580062866E+00
  0.2965583992004395E+02  0.9432188272476196E+00
  0.2995389366149902E+02  0.9225452542304993E+00
  0.3025494003295898E+02  0.9023205041885376E+00
  0.3055901527404785E+02  0.8825349807739258E+00
  0.3086611557006836E+02  0.8631793260574341E+00
  0.3117633438110352E+02  0.8442443013191223E+00
  0.3148966789245605E+02  0.8257209062576294E+00
  0.3180614852905273E+02  0.8076003193855286E+00
  0.3212578201293945E+02  0.7898738980293274E+00
  0.3244866180419922E+02  0.7725332379341125E+00
  0.3277478408813477E+02  0.7555699944496155E+00
  0.3310418319702148E+02  0.7389761209487915E+00
  0.3343686294555664E+02  0.7227436304092407E+00
  0.3377291488647461E+02  0.7068648338317871E+00
  0.3411234664916992E+02  0.6913320422172546E+00
  0.3445518875122070E+02  0.6761378645896912E+00
  0.3480144119262695E+02  0.6612749695777893E+00
  0.3515121078491211E+02  0.6467362642288208E+00
  0.3550449752807617E+02  0.6325147747993469E+00
  0.3586133193969727E+02  0.6186036467552185E+00
  0.3622171783447266E+02  0.6049962043762207E+00
  0.3658575820922852E+02  0.5916858315467834E+00
  0.3695346069335938E+02  0.5786662101745605E+00
  0.3732485961914062E+02  0.5659309625625610E+00
  0.3769998550415039E+02  0.5534740686416626E+00
  0.3807885360717773E+02  0.5412894487380981E+00
  0.3846155929565430E+02  0.5293712019920349E+00
  0.3884811019897461E+02  0.5177135467529297E+00
  0.3923855209350586E+02  0.5063109397888184E+00
  0.3963287734985352E+02  0.4951578080654144E+00
  0.4003120040893555E+02  0.4842487573623657E+00
  0.4043353271484375E+02  0.4735784828662872E+00
  0.4083990478515625E+02  0.4631418585777283E+00
  0.4125032424926758E+02  0.4529337584972382E+00
  0.4166490554809570E+02  0.4429492652416229E+00
  0.4208365631103516E+02  0.4331835210323334E+00
  0.4250661087036133E+02  0.4236317873001099E+00
  0.4293378067016602E+02  0.4142894148826599E+00
  0.4336528015136719E+02  0.4051518440246582E+00
  0.4380112075805664E+02  0.3962146639823914E+00
  0.4424134063720703E+02  0.3874734938144684E+00
  0.4468593978881836E+02  0.3789240717887878E+00
  0.4513504791259766E+02  0.3705622553825378E+00
  0.4558867263793945E+02  0.3623839318752289E+00
  0.4604685974121094E+02  0.3543851077556610E+00
  0.4650960540771484E+02  0.3465619087219238E+00
  0.4697704696655273E+02  0.3389104902744293E+00
  0.4744918441772461E+02  0.3314271271228790E+00
  0.4792606353759766E+02  0.3241081535816193E+00
  0.4840774154663086E+02  0.3169499635696411E+00
  0.4889421081542969E+02  0.3099491000175476E+00
  0.4938561630249023E+02  0.3031020760536194E+00
  0.4988196563720703E+02  0.2964055836200714E+00
  0.5038329696655273E+02  0.2898563444614410E+00
  0.5088962173461914E+02  0.2834511101245880E+00
  0.5140108489990234E+02  0.2771867513656616E+00
  0.5191768264770508E+02  0.2710601687431335E+00
  0.5243947219848633E+02  0.2650684118270874E+00
  0.5296646118164062E+02  0.2592085003852844E+00
  0.5349879837036133E+02  0.2534775435924530E+00
  0.5403647994995117E+02  0.2478727549314499E+00
  0.5457956695556641E+02  0.2423913478851318E+00
  0.5512805938720703E+02  0.2370306402444839E+00
  0.5568212509155273E+02  0.2317879945039749E+00
  0.5624174880981445E+02  0.2266608029603958E+00
  0.5680700302124023E+02  0.2216465771198273E+00
  0.5737788009643555E+02  0.2167428135871887E+00
  0.5795454788208008E+02  0.2119471132755280E+00
  0.5853701782226562E+02  0.2072571069002151E+00
  0.5912533569335938E+02  0.2026704698801041E+00
  0.5971951675415039E+02  0.1981849372386932E+00
  0.6031971740722656E+02  0.1937983185052872E+00
  0.6092595291137695E+02  0.1895084083080292E+00
  0.6153828430175781E+02  0.1853131204843521E+00
  0.6215677261352539E+02  0.1812103688716888E+00
  0.6278141021728516E+02  0.1771981120109558E+00
  0.6341239166259766E+02  0.1732743829488754E+00
  0.6404971313476562E+02  0.1694372296333313E+00
  0.6469343566894531E+02  0.1656847596168518E+00
  0.6534356689453125E+02  0.1620150953531265E+00
  0.6600029754638672E+02  0.1584264487028122E+00
  0.6666361999511719E+02  0.1549170166254044E+00
  0.6733362579345703E+02  0.1514850705862045E+00
  0.6801028442382812E+02  0.1481289118528366E+00
  0.6869381713867188E+02  0.1448468714952469E+00
  0.6938421630859375E+02  0.1416373103857040E+00
  0.7008155822753906E+02  0.1384986490011215E+00
  0.7078583526611328E+02  0.1354293227195740E+00
  0.7149726104736328E+02  0.1324278116226196E+00
  0.7221583557128906E+02  0.1294926255941391E+00
  0.7294163513183594E+02  0.1266223043203354E+00
  0.7367465209960938E+02  0.1238154098391533E+00
  0.7441511535644531E+02  0.1210705637931824E+00
  0.7516301727294922E+02  0.1183863952755928E+00
  0.7591843414306641E+02  0.1157615706324577E+00
  0.7668137359619141E+02  0.1131947785615921E+00
  0.7745205688476562E+02  0.1106847450137138E+00
  0.7823047637939453E+02  0.1082302182912827E+00
  0.7901672363281250E+02  0.1058299839496613E+00
  0.7981087493896484E+02  0.1034828275442123E+00
  0.8061293029785156E+02  0.1011876016855240E+00
  0.8142311859130859E+02  0.9894314408302307E-01
  0.8224145507812500E+02  0.9674835205078125E-01
  0.8306801605224609E+02  0.9460211545228958E-01
  0.8390280151367188E+02  0.9250337630510330E-01
  0.8474605560302734E+02  0.9045107662677765E-01
  0.8559779357910156E+02  0.8844421058893204E-01
  0.8645807647705078E+02  0.8648175746202469E-01
  0.8732693481445312E+02  0.8456275612115860E-01
  0.8820460510253906E+02  0.8268623799085617E-01
  0.8909109497070312E+02  0.8085127174854279E-01
  0.8998649597167969E+02  0.7905694097280502E-01
  0.9089080810546875E+02  0.7730234414339066E-01
  0.9180429840087891E+02  0.7558660209178925E-01
  0.9272697448730469E+02  0.7390885800123215E-01
  0.9365891265869141E+02  0.7226826250553131E-01
  0.9460013580322266E+02  0.7066400349140167E-01
  0.9555090332031250E+02  0.6909526139497757E-01
  0.9651123046875000E+02  0.6756126880645752E-01
  0.9748120117187500E+02  0.6606124341487885E-01
  0.9846083831787109E+02  0.6459445506334305E-01
  0.9945040130615234E+02  0.6316018104553223E-01
  0.1004499206542969E+03  0.6175770983099937E-01
  0.1014594879150391E+03  0.6038635224103928E-01
  0.1024791946411133E+03  0.5904542282223701E-01
