  0.9999999747378752E-04  0.1960074310302734E+03
  0.1010050182230771E-03  0.1979169158935547E+03
  0.1020201307255775E-03  0.1998449707031250E+03
  0.1030454513966106E-03  0.2017917938232422E+03
  0.1040810820995830E-03  0.2037575836181641E+03
  0.1051271028700285E-03  0.2057424926757812E+03
  0.1061836592270993E-03  0.2077467193603516E+03
  0.1072508166544139E-03  0.2097704467773438E+03
  0.1083287061192095E-03  0.2118138580322266E+03
  0.1094174222089350E-03  0.2138771362304688E+03
  0.1105170958908275E-03  0.2159604949951172E+03
  0.1116277999244630E-03  0.2180641174316406E+03
  0.1127496798289940E-03  0.2201882019042969E+03
  0.1138828374678269E-03  0.2223329620361328E+03
  0.1150273747043684E-03  0.2244985809326172E+03
  0.1161834225058556E-03  0.2266852569580078E+03
  0.1173510900116526E-03  0.2288932037353516E+03
  0.1185304863611236E-03  0.2311226043701172E+03
  0.1197217279695906E-03  0.2333736877441406E+03
  0.1209249603562057E-03  0.2356466674804688E+03
  0.1221402781084180E-03  0.2379417572021484E+03
  0.1233678049175069E-03  0.2402591705322266E+03
  0.1246076717507094E-03  0.2425991058349609E+03
  0.1258599950233474E-03  0.2449617919921875E+03
  0.1271249202545732E-03  0.2473474578857422E+03
  0.1284025347558782E-03  0.2497563018798828E+03
  0.1296929985983297E-03  0.2521885528564453E+03
  0.1309964427491650E-03  0.2546444549560547E+03
  0.1323129690717906E-03  0.2571242370605469E+03
  0.1336427376372740E-03  0.2596281127929688E+03
  0.1349858794128522E-03  0.2621563415527344E+03
  0.1363425108138472E-03  0.2647091369628906E+03
  0.1377127773594111E-03  0.2672867736816406E+03
  0.1390968100167811E-03  0.2698894348144531E+03
  0.1404947543051094E-03  0.2725173645019531E+03
  0.1419067411916330E-03  0.2751708374023438E+03
  0.1433329307474196E-03  0.2778500671386719E+03
  0.1447734539397061E-03  0.2805553283691406E+03
  0.1462284562876448E-03  0.2832868652343750E+03
  0.1476980833103880E-03  0.2860449523925781E+03
  0.1491824659751728E-03  0.2888298034667969E+03
  0.1506817789049819E-03  0.2916417236328125E+03
  0.1521961530670524E-03  0.2944809570312500E+03
  0.1537257339805365E-03  0.2973477478027344E+03
  0.1552707108203322E-03  0.3002424011230469E+03
  0.1568312145536765E-03  0.3031651306152344E+03
  0.1584073906997219E-03  0.3061162414550781E+03
  0.1599994138814509E-03  0.3090960083007812E+03
  0.1616074441699311E-03  0.3121047058105469E+03
  0.1632316125323996E-03  0.3151426086425781E+03
  0.1648721226956695E-03  0.3182100219726562E+03
  0.1665291201788932E-03  0.3213071594238281E+03
  0.1682027505012229E-03  0.3244343566894531E+03
  0.1698932319413871E-03  0.3275919189453125E+03
  0.1716006663627923E-03  0.3307800903320312E+03
  0.1733253011479974E-03  0.3339992065429688E+03
  0.1750672381604090E-03  0.3372495422363281E+03
  0.1768266956787556E-03  0.3405313720703125E+03
  0.1786038337741047E-03  0.3438450622558594E+03
  0.1803988270694390E-03  0.3471908569335938E+03
  0.1822118647396564E-03  0.3505691223144531E+03
  0.1840431359596550E-03  0.3539801025390625E+03
  0.1858928008005023E-03  0.3574241943359375E+03
  0.1877610484370962E-03  0.3609016418457031E+03
  0.1896480680443347E-03  0.3644128112792969E+03
  0.1915540779009461E-03  0.3679579772949219E+03
  0.1934792235260829E-03  0.3715375366210938E+03
  0.1954237231984735E-03  0.3751517639160156E+03
  0.1973877806449309E-03  0.3788009948730469E+03
  0.1993715413846076E-03  0.3824855957031250E+03
  0.2013752673519775E-03  0.3862058715820312E+03
  0.2033991040661931E-03  0.3899622192382812E+03
  0.2054432989098132E-03  0.3937549133300781E+03
  0.2075080556096509E-03  0.3975843200683594E+03
  0.2095935487886891E-03  0.4014507446289062E+03
  0.2117000112775713E-03  0.4053545837402344E+03
  0.2138276031473652E-03  0.4092962341308594E+03
  0.2159766154363751E-03  0.4132760314941406E+03
  0.2181472227675840E-03  0.4172943420410156E+03
  0.2203396288678050E-03  0.4213515319824219E+03
  0.2225540811195970E-03  0.4254479675292969E+03
  0.2247907832497731E-03  0.4295840148925781E+03
  0.2270499680889770E-03  0.4337600402832031E+03
  0.2293318684678525E-03  0.4379764709472656E+03
  0.2316366881132126E-03  0.4422336120605469E+03
  0.2339646744076163E-03  0.4465319519042969E+03
  0.2363160601817071E-03  0.4508717956542969E+03
  0.2386910782661289E-03  0.4552535705566406E+03
  0.2410899614915252E-03  0.4596776733398438E+03
  0.2435129572404549E-03  0.4641444702148438E+03
  0.2459603128954768E-03  0.4686544189453125E+03
  0.2484322467353195E-03  0.4732079162597656E+03
  0.2509290061425418E-03  0.4778053588867188E+03
  0.2534509112592787E-03  0.4824471740722656E+03
  0.2559981367085129E-03  0.4871337890625000E+03
  0.2585709444247186E-03  0.4918656005859375E+03
  0.2611696545500308E-03  0.4966430358886719E+03
  0.2637944417074323E-03  0.5014665222167969E+03
  0.2664455969352275E-03  0.5063365173339844E+03
  0.2691234403755516E-03  0.5112534484863281E+03
  0.2718281757552177E-03  0.5162177734375000E+03
  0.2745600941125304E-03  0.5212299194335938E+03
  0.2773194864857942E-03  0.5262904052734375E+03
  0.2801065566018224E-03  0.5313996582031250E+03
  0.2829216828104109E-03  0.5365580444335938E+03
  0.2857650979422033E-03  0.5417661132812500E+03
  0.2886370930355042E-03  0.5470242309570312E+03
  0.2915379300247878E-03  0.5523329467773438E+03
  0.2944679290521890E-03  0.5576927490234375E+03
  0.2974274102598429E-03  0.5631040649414062E+03
  0.3004166064783931E-03  0.5685673828125000E+03
  0.3034358378499746E-03  0.5740832519531250E+03
  0.3064853954128921E-03  0.5796520996093750E+03
  0.3095656284131110E-03  0.5852744750976562E+03
  0.3126768278889358E-03  0.5909508666992188E+03
  0.3158192848786712E-03  0.5966817626953125E+03
  0.3189932904206216E-03  0.6024676513671875E+03
  0.3221992519684136E-03  0.6083090209960938E+03
  0.3254374023526907E-03  0.6142064208984375E+03
  0.3287080908194184E-03  0.6201603393554688E+03
  0.3320116666145623E-03  0.6261713867187500E+03
  0.3353484207764268E-03  0.6322400512695312E+03
  0.3387187607586384E-03  0.6383668212890625E+03
  0.3421229484956712E-03  0.6445522460937500E+03
  0.3455613623373210E-03  0.6507969360351562E+03
  0.3490342642180622E-03  0.6571013183593750E+03
  0.3525421197991818E-03  0.6634660034179688E+03
  0.3560852492228150E-03  0.6698916015625000E+03
  0.3596639435272664E-03  0.6763786621093750E+03
  0.3632786392699927E-03  0.6829277343750000E+03
  0.3669296274892986E-03  0.6895394287109375E+03
  0.3706173447426409E-03  0.6962141723632812E+03
  0.3743421111721545E-03  0.7029526977539062E+03
  0.3781043051276356E-03  0.7097554931640625E+03
  0.3819043049588799E-03  0.7166231079101562E+03
  0.3857425472233444E-03  0.7235562744140625E+03
  0.3896193229593337E-03  0.7305554809570312E+03
  0.3935350687243044E-03  0.7376213989257812E+03
  0.3974901628680527E-03  0.7447545776367188E+03
  0.4014850128442049E-03  0.7519557495117188E+03
  0.4055199970025569E-03  0.7592254028320312E+03
  0.4095955227967352E-03  0.7665642089843750E+03
  0.4137120267841965E-03  0.7739727783203125E+03
  0.4178698873147368E-03  0.7814516601562500E+03
  0.4220695409458131E-03  0.7890015869140625E+03
  0.4263113951310515E-03  0.7966231689453125E+03
  0.4305959155317396E-03  0.8043170776367188E+03
  0.4349234513938427E-03  0.8120839843750000E+03
  0.4392945556901395E-03  0.8199245605468750E+03
  0.4437095485627651E-03  0.8278394165039062E+03
  0.4481688956730068E-03  0.8358292236328125E+03
  0.4526730335783213E-03  0.8438945922851562E+03
  0.4572224861476570E-03  0.8520362548828125E+03
  0.4618176317308098E-03  0.8602549438476562E+03
  0.4664589650928974E-03  0.8685512084960938E+03
  0.4711470101028681E-03  0.8769258422851562E+03
  0.4758820869028568E-03  0.8853795166015625E+03
  0.4806647775694728E-03  0.8939129028320312E+03
  0.4854955477640033E-03  0.9025267944335938E+03
  0.4903748631477356E-03  0.9112218627929688E+03
  0.4953031893819571E-03  0.9199987792968750E+03
  0.5002811085432768E-03  0.9288583374023438E+03
  0.5053090280853212E-03  0.9378012084960938E+03
  0.5103874718770385E-03  0.9468281860351562E+03
  0.5155169637873769E-03  0.9559398803710938E+03
  0.5206979694776237E-03  0.9651371459960938E+03
  0.5259310710243881E-03  0.9744207153320312E+03
  0.5312167340889573E-03  0.9837911987304688E+03
  0.5365555407479405E-03  0.9932495117187500E+03
  0.5419480148702860E-03  0.1002796386718750E+04
  0.5473946803249419E-03  0.1012432556152344E+04
  0.5528961191885173E-03  0.1022158813476562E+04
  0.5584527971222997E-03  0.1031975952148438E+04
  0.5640654126182199E-03  0.1041884765625000E+04
  0.5697343149222434E-03  0.1051885986328125E+04
  0.5754602607339621E-03  0.1061980346679688E+04
  0.5812437157146633E-03  0.1072168701171875E+04
  0.5870853201486170E-03  0.1082451904296875E+04
  0.5929855979047716E-03  0.1092830810546875E+04
  0.5989452474750578E-03  0.1103306274414062E+04
  0.6049647345207632E-03  0.1113878906250000E+04
  0.6110446993261576E-03  0.1124549682617188E+04
  0.6171857821755111E-03  0.1135319335937500E+04
  0.6233886233530939E-03  0.1146188720703125E+04
  0.6296537467278540E-03  0.1157158569335938E+04
  0.6359818507917225E-03  0.1168229736328125E+04
  0.6423736922442913E-03  0.1179403320312500E+04
  0.6488296203315258E-03  0.1190680175781250E+04
  0.6553504499606788E-03  0.1202061035156250E+04
  0.6619368214160204E-03  0.1213546752929688E+04
  0.6685894331894815E-03  0.1225138061523438E+04
  0.6753088091500103E-03  0.1236836059570312E+04
  0.6820958224125206E-03  0.1248641357421875E+04
  0.6889509386382997E-03  0.1260555175781250E+04
  0.6958750309422612E-03  0.1272578125000000E+04
  0.7028686814010143E-03  0.1284711303710938E+04
  0.7099326467141509E-03  0.1296955566406250E+04
  0.7170675671659410E-03  0.1309311645507812E+04
  0.7242741994559765E-03  0.1321780639648438E+04
  0.7315533584915102E-03  0.1334363403320312E+04
  0.7389056263491511E-03  0.1347060913085938E+04
  0.7463317015208304E-03  0.1359873901367188E+04
  0.7538324571214616E-03  0.1372803466796875E+04
  0.7614085916429758E-03  0.1385850463867188E+04
  0.7690608617849648E-03  0.1399015991210938E+04
  0.7767900824546814E-03  0.1412300903320312E+04
  0.7845968939363956E-03  0.1425706054687500E+04
  0.7924822857603431E-03  0.1439232543945312E+04
  0.8004467817954719E-03  0.1452881103515625E+04
  0.8084913715720177E-03  0.1466652954101562E+04
  0.8166168699972332E-03  0.1480548828125000E+04
  0.8248240337707102E-03  0.1494569702148438E+04
  0.8331136777997017E-03  0.1508716674804688E+04
  0.8414865005761385E-03  0.1522990722656250E+04
  0.8499436080455780E-03  0.1537392944335938E+04
  0.8584856986999512E-03  0.1551924194335938E+04
  0.8671135874465108E-03  0.1566585449218750E+04
  0.8758282638154924E-03  0.1581377563476562E+04
  0.8846306591294706E-03  0.1596301635742188E+04
  0.8935213554650545E-03  0.1611358764648438E+04
  0.9025013423524797E-03  0.1626549926757812E+04
  0.9115716675296426E-03  0.1641876220703125E+04
  0.9207330294884741E-03  0.1657338500976562E+04
  0.9299866505898535E-03  0.1672937988281250E+04
  0.9393331129103899E-03  0.1688675415039062E+04
  0.9487735223956406E-03  0.1704552001953125E+04
  0.9583088685758412E-03  0.1720568725585938E+04
  0.9679400245659053E-03  0.1736726440429688E+04
  0.9776679798960686E-03  0.1753026367187500E+04
  0.9874936658889055E-03  0.1769469604492188E+04
  0.9974181884899735E-03  0.1786057006835938E+04
  0.1007442362606525E-02  0.1802789916992188E+04
  0.1017567352391779E-02  0.1819669067382812E+04
  0.1027794089168310E-02  0.1836695678710938E+04
  0.1038123620674014E-02  0.1853870727539062E+04
  0.1048556878231466E-02  0.1871195190429688E+04
  0.1059095025993884E-02  0.1888670288085938E+04
  0.1069739111699164E-02  0.1906296875000000E+04
  0.1080490066669881E-02  0.1924076293945312E+04
  0.1091349171474576E-02  0.1942009399414062E+04
  0.1102317473851144E-02  0.1960097412109375E+04
  0.1113395905122161E-02  0.1978341430664062E+04
  0.1124585745856166E-02  0.1996742309570312E+04
  0.1135887927375734E-02  0.2015301147460938E+04
  0.1147304079495370E-02  0.2034018798828125E+04
  0.1158834667876363E-02  0.2052896728515625E+04
  0.1170481205917895E-02  0.2071935791015625E+04
  0.1182244624942541E-02  0.2091136962890625E+04
  0.1194126438349485E-02  0.2110501708984375E+04
  0.1206127577461302E-02  0.2130031005859375E+04
  0.1218249439261854E-02  0.2149725341796875E+04
  0.1230492955073714E-02  0.2169586181640625E+04
  0.1242859638296068E-02  0.2189614746093750E+04
  0.1255350536666811E-02  0.2209812011718750E+04
  0.1267967047169805E-02  0.2230178955078125E+04
  0.1280710333958268E-02  0.2250716796875000E+04
  0.1293581677600741E-02  0.2271426269531250E+04
  0.1306582358665764E-02  0.2292308593750000E+04
  0.1319713657721877E-02  0.2313364746093750E+04
  0.1332976971752942E-02  0.2334595947265625E+04
  0.1346373581327498E-02  0.2356002929687500E+04
  0.1359904883429408E-02  0.2377587158203125E+04
  0.1373572158627212E-02  0.2399349609375000E+04
  0.1387376803904772E-02  0.2421291015625000E+04
  0.1401320099830627E-02  0.2443412597656250E+04
  0.1415403559803963E-02  0.2465715087890625E+04
  0.1429628580808640E-02  0.2488199951171875E+04
  0.1443996676243842E-02  0.2510867919921875E+04
  0.1458509010262787E-02  0.2533720214843750E+04
  0.1473167678341269E-02  0.2556757568359375E+04
  0.1487973146140575E-02  0.2579981201171875E+04
  0.1502927509136498E-02  0.2603392089843750E+04
  0.1518032280728221E-02  0.2626990966796875E+04
  0.1533288741484284E-02  0.2650779052734375E+04
  0.1548698521219194E-02  0.2674757324218750E+04
  0.1564263133332133E-02  0.2698926513671875E+04
  0.1579984207637608E-02  0.2723287841796875E+04
  0.1595863257534802E-02  0.2747842285156250E+04
  0.1611902029253542E-02  0.2772590332031250E+04
  0.1628101919777691E-02  0.2797533691406250E+04
  0.1644464675337076E-02  0.2822672607421875E+04
  0.1660991576500237E-02  0.2848008056640625E+04
  0.1677684951573610E-02  0.2873541259765625E+04
  0.1694545848295093E-02  0.2899272949218750E+04
  0.1711576362140477E-02  0.2925203613281250E+04
  0.1728778006508946E-02  0.2951334716796875E+04
  0.1746152411215007E-02  0.2977666748046875E+04
  0.1763701555319130E-02  0.3004200683593750E+04
  0.1781426952220500E-02  0.3030937255859375E+04
  0.1799330697394907E-02  0.3057877441406250E+04
  0.1817414187826216E-02  0.3085021972656250E+04
  0.1835679635405540E-02  0.3112371582031250E+04
  0.1854128437116742E-02  0.3139927001953125E+04
  0.1872762688435614E-02  0.3167688964843750E+04
  0.1891584135591984E-02  0.3195658447265625E+04
  0.1910595456138253E-02  0.3223835937500000E+04
  0.1929797115735710E-02  0.3252222412109375E+04
  0.1949192024767399E-02  0.3280818603515625E+04
  0.1968781696632504E-02  0.3309624755859375E+04
  0.1988568343222141E-02  0.3338642089843750E+04
  0.2008553594350815E-02  0.3367870605468750E+04
  0.2028739778324962E-02  0.3397311523437500E+04
  0.2049128990620375E-02  0.3426965087890625E+04
  0.2069723093882203E-02  0.3456832031250000E+04
  0.2090524183586240E-02  0.3486912841796875E+04
  0.2111534355208278E-02  0.3517208251953125E+04
  0.2132755704224110E-02  0.3547718750000000E+04
  0.2154190093278885E-02  0.3578444335937500E+04
  0.2175839850679040E-02  0.3609385742187500E+04
  0.2197707537561655E-02  0.3640543701171875E+04
  0.2219794783741236E-02  0.3671918457031250E+04
  0.2242104150354862E-02  0.3703510498046875E+04
  0.2264637732878327E-02  0.3735320312500000E+04
  0.2287397626787424E-02  0.3767347900390625E+04
  0.2310386393219233E-02  0.3799593994140625E+04
  0.2333606127649546E-02  0.3832058593750000E+04
  0.2357059158384800E-02  0.3864741699218750E+04
  0.2380747813731432E-02  0.3897643798828125E+04
  0.2404674887657166E-02  0.3930765136718750E+04
  0.2428842242807150E-02  0.3964105957031250E+04
  0.2453252440318465E-02  0.3997666503906250E+04
  0.2477908739820123E-02  0.4031447021484375E+04
  0.2502811839804053E-02  0.4065447509765625E+04
  0.2527965698391199E-02  0.4099667968750000E+04
  0.2553372178226709E-02  0.4134108398437500E+04
  0.2579034073278308E-02  0.4168768554687500E+04
  0.2604953711852431E-02  0.4203648437500000E+04
  0.2631133887916803E-02  0.4238748046875000E+04
  0.2657577162608504E-02  0.4274067382812500E+04
  0.2684286329895258E-02  0.4309606445312500E+04
  0.2711263718083501E-02  0.4345364746093750E+04
  0.2738512353971601E-02  0.4381341796875000E+04
  0.2766034798696637E-02  0.4417538085937500E+04
  0.2793833846226335E-02  0.4453952636718750E+04
  0.2821912290528417E-02  0.4490585449218750E+04
  0.2850273158401251E-02  0.4527436523437500E+04
  0.2878918778151274E-02  0.4564504882812500E+04
  0.2907852176576853E-02  0.4601789550781250E+04
  0.2937076613306999E-02  0.4639291015625000E+04
  0.2966594882309437E-02  0.4677008300781250E+04
  0.2996409544721246E-02  0.4714940429687500E+04
  0.3026523860171437E-02  0.4753087402343750E+04
  0.3056940855458379E-02  0.4791448730468750E+04
  0.3087663557380438E-02  0.4830022460937500E+04
  0.3118695225566626E-02  0.4868808593750000E+04
  0.3150038653984666E-02  0.4907806152343750E+04
  0.3181697800755501E-02  0.4947014160156250E+04
  0.3213674062862992E-02  0.4986432128906250E+04
  0.3245972329750657E-02  0.5026058105468750E+04
  0.3278594929724932E-02  0.5065892089843750E+04
  0.3311545122414827E-02  0.5105932128906250E+04
  0.3344826865941286E-02  0.5146176757812500E+04
  0.3378442721441388E-02  0.5186625976562500E+04
  0.3412396647036076E-02  0.5227277832031250E+04
  0.3446691902354360E-02  0.5268131835937500E+04
  0.3481331514194608E-02  0.5309185058593750E+04
  0.3516319673508406E-02  0.5350437011718750E+04
  0.3551658941432834E-02  0.5391885253906250E+04
  0.3587353741750121E-02  0.5433528320312500E+04
  0.3623407334089279E-02  0.5475364746093750E+04
  0.3659823210909963E-02  0.5517393066406250E+04
  0.3696604864671826E-02  0.5559611816406250E+04
  0.3733756253495812E-02  0.5602019042968750E+04
  0.3771280869841576E-02  0.5644612792968750E+04
  0.3809183137491345E-02  0.5687390625000000E+04
  0.3847465850412846E-02  0.5730350585937500E+04
  0.3886133432388306E-02  0.5773491210937500E+04
  0.3925189841538668E-02  0.5816809570312500E+04
  0.3964638803154230E-02  0.5860303222656250E+04
  0.4004483576864004E-02  0.5903970214843750E+04
  0.4044729284942150E-02  0.5947807128906250E+04
  0.4085379652678967E-02  0.5991812011718750E+04
  0.4126439336687326E-02  0.6035983398437500E+04
  0.4167910665273666E-02  0.6080319335937500E+04
  0.4209799226373434E-02  0.6124817382812500E+04
  0.4252108279615641E-02  0.6169471679687500E+04
  0.4294842481613159E-02  0.6214275878906250E+04
  0.4338006023317575E-02  0.6259224609375000E+04
  0.4381604027003050E-02  0.6304323242187500E+04
  0.4425639752298594E-02  0.6349581054687500E+04
  0.4470118321478367E-02  0.6395006835937500E+04
  0.4515043459832668E-02  0.6440579589843750E+04
  0.4560420289635658E-02  0.6486251464843750E+04
  0.4606253467500210E-02  0.6531971191406250E+04
  0.4652547184377909E-02  0.6577744628906250E+04
  0.4699305631220341E-02  0.6623724121093750E+04
  0.4746534395962954E-02  0.6670086914062500E+04
  0.4794237669557333E-02  0.6716929687500000E+04
  0.4842421039938927E-02  0.6763799804687500E+04
  0.4891087766736746E-02  0.6810010253906250E+04
  0.4940244369208813E-02  0.6854893554687500E+04
  0.4989894572645426E-02  0.6898623046875000E+04
  0.5040043499320745E-02  0.6942222167968750E+04
  0.5090696737170219E-02  0.6986773437500000E+04
  0.5141858942806721E-02  0.7032908691406250E+04
  0.5193535704165697E-02  0.7080124023437500E+04
  0.5245731677860022E-02  0.7127734863281250E+04
  0.5298452917486429E-02  0.7175127441406250E+04
  0.5351703613996506E-02  0.7222251953125000E+04
  0.5405488889664412E-02  0.7269287597656250E+04
  0.5459814798086882E-02  0.7316412597656250E+04
  0.5514685530215502E-02  0.7363691406250000E+04
  0.5570110399276018E-02  0.7411072753906250E+04
  0.5626089405268431E-02  0.7458500000000000E+04
  0.5682633724063635E-02  0.7505932617187500E+04
  0.5739743821322918E-02  0.7553372558593750E+04
  0.5797430872917175E-02  0.7600828613281250E+04
  0.5855694413185120E-02  0.7648306640625000E+04
  0.5914546549320221E-02  0.7695801757812500E+04
  0.5973986815661192E-02  0.7743303710937500E+04
  0.6034028250724077E-02  0.7790802246093750E+04
  0.6094672251492739E-02  0.7838289062500000E+04
  0.6155923474580050E-02  0.7885759277343750E+04
  0.6217792630195618E-02  0.7933207031250000E+04
  0.6280281115323305E-02  0.7980625976562500E+04
  0.6343400571495295E-02  0.8028009765625000E+04
  0.6407150998711586E-02  0.8075350097656250E+04
  0.6471545435488224E-02  0.8122640136718750E+04
  0.6536584347486496E-02  0.8169872558593750E+04
  0.6602279376238585E-02  0.8217040039062500E+04
  0.6668631453067064E-02  0.8264134765625000E+04
  0.6735654082149267E-02  0.8311149414062500E+04
  0.6803346797823906E-02  0.8358076171875000E+04
  0.6871723104268312E-02  0.8404905273437500E+04
  0.6940783467143774E-02  0.8451629882812500E+04
  0.7010541390627623E-02  0.8498242187500000E+04
  0.7080996409058571E-02  0.8544734375000000E+04
  0.7152163423597813E-02  0.8591097656250000E+04
  0.7224041502922773E-02  0.8637323242187500E+04
  0.7296646479517221E-02  0.8683402343750000E+04
  0.7369977422058582E-02  0.8729324218750000E+04
  0.7444048300385475E-02  0.8775081054687500E+04
  0.7518860511481762E-02  0.8820664062500000E+04
  0.7594428025186062E-02  0.8866063476562500E+04
  0.7670750841498375E-02  0.8911270507812500E+04
  0.7747845258563757E-02  0.8956276367187500E+04
  0.7825713604688644E-02  0.9001069335937500E+04
  0.7904361933469772E-02  0.9045641601562500E+04
  0.7983803749084473E-02  0.9089981445312500E+04
  0.8064040914177895E-02  0.9134079101562500E+04
  0.8145087398588657E-02  0.9177922851562500E+04
  0.8226944133639336E-02  0.9221504882812500E+04
  0.8309628814458847E-02  0.9264811523437500E+04
  0.8393140509724617E-02  0.9307834960937500E+04
  0.8477495051920414E-02  0.9350563476562500E+04
  0.8562692441046238E-02  0.9392985351562500E+04
  0.8648751303553581E-02  0.9435089843750000E+04
  0.8735670708119869E-02  0.9476866210937500E+04
  0.8823467418551445E-02  0.9518302734375000E+04
  0.8912142366170883E-02  0.9559387695312500E+04
  0.9001712314784527E-02  0.9600109375000000E+04
  0.9092180058360100E-02  0.9640455078125000E+04
  0.9183559566736221E-02  0.9680414062500000E+04
  0.9275853633880615E-02  0.9719973632812500E+04
  0.9369079023599625E-02  0.9759122070312500E+04
  0.9463237598538399E-02  0.9797846679687500E+04
  0.9558347053825855E-02  0.9836133789062500E+04
  0.9654408320784569E-02  0.9873972656250000E+04
  0.9751439094543457E-02  0.9911349609375000E+04
  0.9849439375102520E-02  0.9948250976562500E+04
  0.9948430582880974E-02  0.9984664062500000E+04
  0.1004841551184654E-01  0.1002057714843750E+05
  0.1014940161257982E-01  0.1005597460937500E+05
  0.1025140751153231E-01  0.1009084472656250E+05
  0.1035443320870399E-01  0.1012517187500000E+05
  0.1045849919319153E-01  0.1015894531250000E+05
  0.1056360639631748E-01  0.1019214843750000E+05
  0.1066977530717850E-01  0.1022476953125000E+05
  0.1077700592577457E-01  0.1025679296875000E+05
  0.1088531874120235E-01  0.1028820703125000E+05
  0.1099471468478441E-01  0.1031899511718750E+05
  0.1110521610826254E-01  0.1034914453125000E+05
  0.1121682208031416E-01  0.1037864062500000E+05
  0.1132955588400364E-01  0.1040746679687500E+05
  0.1144341751933098E-01  0.1043561035156250E+05
  0.1155842747539282E-01  0.1046305566406250E+05
  0.1167458947747946E-01  0.1048978808593750E+05
  0.1179192401468754E-01  0.1051579394531250E+05
  0.1191043108701706E-01  0.1054105859375000E+05
  0.1203013584017754E-01  0.1056556542968750E+05
  0.1215103827416897E-01  0.1058930078125000E+05
  0.1227316074073315E-01  0.1061224902343750E+05
  0.1239650510251522E-01  0.1063439550781250E+05
  0.1252109464257956E-01  0.1065572460937500E+05
  0.1264693029224873E-01  0.1067622167968750E+05
  0.1277403719723225E-01  0.1069587207031250E+05
  0.1290241535753012E-01  0.1071465917968750E+05
  0.1303209085017443E-01  0.1073256933593750E+05
  0.1316306740045547E-01  0.1074958789062500E+05
  0.1329535525292158E-01  0.1076569824218750E+05
  0.1342897955328226E-01  0.1078088574218750E+05
  0.1356393843889236E-01  0.1079513574218750E+05
  0.1370026171207428E-01  0.1080843359375000E+05
  0.1383794844150543E-01  0.1082076367187500E+05
  0.1397702563554049E-01  0.1083211230468750E+05
  0.1411749422550201E-01  0.1084246484375000E+05
  0.1425937935709953E-01  0.1085180468750000E+05
  0.1440268475562334E-01  0.1086011816406250E+05
  0.1454743742942810E-01  0.1086739160156250E+05
  0.1469363830983639E-01  0.1087361035156250E+05
  0.1484131626784801E-01  0.1087876171875000E+05
  0.1499046944081783E-01  0.1088283105468750E+05
  0.1514112949371338E-01  0.1088580371093750E+05
  0.1529329642653465E-01  0.1088766699218750E+05
  0.1544700097292662E-01  0.1088840722656250E+05
  0.1560224127024412E-01  0.1088801269531250E+05
  0.1575904898345470E-01  0.1088646875000000E+05
  0.1591742783784866E-01  0.1088376562500000E+05
  0.1607740484178066E-01  0.1087989062500000E+05
  0.1623898185789585E-01  0.1087483007812500E+05
  0.1640218868851662E-01  0.1086857324218750E+05
  0.1656702905893326E-01  0.1086110839843750E+05
  0.1673353463411331E-01  0.1085242578125000E+05
  0.1690171286463737E-01  0.1084251464843750E+05
  0.1707157306373119E-01  0.1083136621093750E+05
  0.1724315062165260E-01  0.1081896972656250E+05
  0.1741644181311131E-01  0.1080531640625000E+05
  0.1759148575365543E-01  0.1079039843750000E+05
  0.1776827871799469E-01  0.1077420800781250E+05
  0.1794685609638691E-01  0.1075673632812500E+05
  0.1812721975147724E-01  0.1073797851562500E+05
  0.1830940693616867E-01  0.1071792675781250E+05
  0.1849341392517090E-01  0.1069657617187500E+05
  0.1867927983403206E-01  0.1067392089843750E+05
  0.1886700466275215E-01  0.1064995703125000E+05
  0.1905662566423416E-01  0.1062467968750000E+05
  0.1924814470112324E-01  0.1059808886718750E+05
  0.1944159530103207E-01  0.1057018066406250E+05
  0.1963698305189610E-01  0.1054095507812500E+05
  0.1983434148132801E-01  0.1051041015625000E+05
  0.2003367431461811E-01  0.1047854589843750E+05
  0.2023502066731453E-01  0.1044536425781250E+05
  0.2043838053941727E-01  0.1041086621093750E+05
  0.2064379490911961E-01  0.1037505566406250E+05
  0.2085126377642155E-01  0.1033793554687500E+05
  0.2106082625687122E-01  0.1029951171875000E+05
  0.2127248607575893E-01  0.1025979003906250E+05
  0.2148628421127796E-01  0.1021877539062500E+05
  0.2170222811400890E-01  0.1017647851562500E+05
  0.2192033454775810E-01  0.1013290527343750E+05
  0.2214064262807369E-01  0.1008806835937500E+05
  0.2236315421760082E-01  0.1004197753906250E+05
  0.2258791215717793E-01  0.9994645507812500E+04
  0.2281492017209530E-01  0.9946084960937500E+04
  0.2304421924054623E-01  0.9896309570312500E+04
  0.2327581122517586E-01  0.9845335937500000E+04
  0.2350974269211292E-01  0.9793181640625000E+04
  0.2374601364135742E-01  0.9739864257812500E+04
  0.2398467063903809E-01  0.9685402343750000E+04
  0.2422571554780006E-01  0.9629818359375000E+04
  0.2446919120848179E-01  0.9573130859375000E+04
  0.2471510507166386E-01  0.9515366210937500E+04
  0.2496350184082985E-01  0.9456545898437500E+04
  0.2521438337862492E-01  0.9396697265625000E+04
  0.2546779811382294E-01  0.9335846679687500E+04
  0.2572374790906906E-01  0.9274021484375000E+04
  0.2598228119313717E-01  0.9211252929687500E+04
  0.2624340169131756E-01  0.9147569335937500E+04
  0.2650715783238411E-01  0.9083003906250000E+04
  0.2677355334162712E-01  0.9017589843750000E+04
  0.2704263851046562E-01  0.8951360351562500E+04
  0.2731441333889961E-01  0.8884351562500000E+04
  0.2758893370628357E-01  0.8816599609375000E+04
  0.2786620147526264E-01  0.8748142578125000E+04
  0.2814626693725586E-01  0.8679017578125000E+04
  0.2842915058135986E-01  0.8609267578125000E+04
  0.2871485799551010E-01  0.8538931640625000E+04
  0.2900345437228680E-01  0.8468051757812500E+04
  0.2929493598639965E-01  0.8396671875000000E+04
  0.2958936430513859E-01  0.8324836914062500E+04
  0.2988673374056816E-01  0.8252588867187500E+04
  0.3018710948526859E-01  0.8179974121093750E+04
  0.3049048408865929E-01  0.8107040527343750E+04
  0.3079692646861076E-01  0.8033834960937500E+04
  0.3110643289983273E-01  0.7960404296875000E+04
  0.3141906484961510E-01  0.7886797851562500E+04
  0.3173482418060303E-01  0.7813064941406250E+04
  0.3205377236008644E-01  0.7739252929687500E+04
  0.3237590938806534E-01  0.7665412597656250E+04
  0.3270129859447479E-01  0.7591595214843750E+04
  0.3302994742989540E-01  0.7517849609375000E+04
  0.3336191177368164E-01  0.7444226562500000E+04
  0.3369719535112381E-01  0.7370776855468750E+04
  0.3403586521744728E-01  0.7297550781250000E+04
  0.3437792137265205E-01  0.7224597656250000E+04
  0.3472343459725380E-01  0.7151968261718750E+04
  0.3507240116596222E-01  0.7079711425781250E+04
  0.3542489185929298E-01  0.7007875488281250E+04
  0.3578091040253639E-01  0.6936510253906250E+04
  0.3614052385091782E-01  0.6865664062500000E+04
  0.3650375083088875E-01  0.6795383300781250E+04
  0.3687060624361038E-01  0.6725713867187500E+04
  0.3724117204546928E-01  0.6656702148437500E+04
  0.3761544451117516E-01  0.6588390625000000E+04
  0.3799349442124367E-01  0.6520821777343750E+04
  0.3837532550096512E-01  0.6454037597656250E+04
  0.3876101225614548E-01  0.6388079101562500E+04
  0.3915055841207504E-01  0.6322983398437500E+04
  0.3954403474926949E-01  0.6258788085937500E+04
  0.3994145244359970E-01  0.6195528320312500E+04
  0.4034287855029106E-01  0.6133236328125000E+04
  0.4074832051992416E-01  0.6071942871093750E+04
  0.4115785658359528E-01  0.6011676757812500E+04
  0.4157149046659470E-01  0.5952464355468750E+04
  0.4198930040001869E-01  0.5894329101562500E+04
  0.4241129010915756E-01  0.5837292480468750E+04
  0.4283754155039787E-01  0.5781373535156250E+04
  0.4326805472373962E-01  0.5726589355468750E+04
  0.4370291531085968E-01  0.5672952148437500E+04
  0.4414212703704834E-01  0.5620471191406250E+04
  0.4458577185869217E-01  0.5569155761718750E+04
  0.4503385350108147E-01  0.5519008300781250E+04
  0.4548646509647369E-01  0.5470028808593750E+04
  0.4594359919428825E-01  0.5422216796875000E+04
  0.4640534892678261E-01  0.5375564941406250E+04
  0.4687174409627914E-01  0.5330062500000000E+04
  0.4734279960393906E-01  0.5285698242187500E+04
  0.4781861603260040E-01  0.5242454101562500E+04
  0.4829918593168259E-01  0.5200308105468750E+04
  0.4878461360931396E-01  0.5159238769531250E+04
  0.4927489534020424E-01  0.5119215332031250E+04
  0.4977012425661087E-01  0.5080205566406250E+04
  0.5027031153440475E-01  0.5042174804687500E+04
  0.5077554658055305E-01  0.5005081054687500E+04
  0.5128583684563637E-01  0.4968881347656250E+04
  0.5180127918720245E-01  0.4933528808593750E+04
  0.5232188105583191E-01  0.4898969726562500E+04
  0.5284773558378220E-01  0.4865149902343750E+04
  0.5337885022163391E-01  0.4832009765625000E+04
  0.5391532927751541E-01  0.4799485839843750E+04
  0.5445717647671700E-01  0.4767512695312500E+04
  0.5500449240207672E-01  0.4736020019531250E+04
  0.5555728077888489E-01  0.4704936035156250E+04
  0.5611565336585045E-01  0.4674185546875000E+04
  0.5667961388826370E-01  0.4643688964843750E+04
  0.5724926665425301E-01  0.4613367187500000E+04
  0.5782461538910866E-01  0.4583137207031250E+04
  0.5840577185153961E-01  0.4552915039062500E+04
  0.5899274721741676E-01  0.4522615234375000E+04
  0.5958564952015877E-01  0.4492151367187500E+04
  0.6018447875976562E-01  0.4461437011718750E+04
  0.6078936159610748E-01  0.4430386718750000E+04
  0.6140031665563583E-01  0.4398914550781250E+04
  0.6201738119125366E-01  0.4366936035156250E+04
  0.6264068186283112E-01  0.4334369140625000E+04
  0.6327021121978760E-01  0.4301133789062500E+04
  0.6390611082315445E-01  0.4267154296875000E+04
  0.6454835832118988E-01  0.4232357421875000E+04
  0.6519709527492523E-01  0.4196675292968750E+04
  0.6585231423377991E-01  0.4160044921875000E+04
  0.6651416420936584E-01  0.4122410644531250E+04
  0.6718262284994125E-01  0.4083721679687500E+04
  0.6785783171653748E-01  0.4043935791015625E+04
  0.6853979825973511E-01  0.4003017578125000E+04
  0.6922865658998489E-01  0.3960941894531250E+04
  0.6992439180612564E-01  0.3917691650390625E+04
  0.7062716782093048E-01  0.3873262451171875E+04
  0.7133696228265762E-01  0.3827657470703125E+04
  0.7205392420291901E-01  0.3780889404296875E+04
  0.7277806103229523E-01  0.3732980712890625E+04
  0.7350950688123703E-01  0.3683967529296875E+04
  0.7424827665090561E-01  0.3633895751953125E+04
  0.7499449700117111E-01  0.3582822509765625E+04
  0.7574818283319473E-01  0.3530815917968750E+04
  0.7650949060916901E-01  0.3477955322265625E+04
  0.7727840542793274E-01  0.3424330078125000E+04
  0.7805508375167847E-01  0.3370038574218750E+04
  0.7883957028388977E-01  0.3315189208984375E+04
  0.7963189482688904E-01  0.3259896972656250E+04
  0.8043222874403000E-01  0.3204287353515625E+04
  0.8124056458473206E-01  0.3148490234375000E+04
  0.8205706626176834E-01  0.3092640869140625E+04
  0.8288173377513885E-01  0.3036879394531250E+04
  0.8371472358703613E-01  0.2981349365234375E+04
  0.8455605059862137E-01  0.2926195068359375E+04
  0.8540587872266769E-01  0.2871560546875000E+04
  0.8626419305801392E-01  0.2817591308593750E+04
  0.8713118731975555E-01  0.2764428955078125E+04
  0.8800684660673141E-01  0.2712210205078125E+04
  0.8889134973287582E-01  0.2661069091796875E+04
  0.8978470414876938E-01  0.2611131347656250E+04
  0.9068707376718521E-01  0.2562515380859375E+04
  0.9159847348928452E-01  0.2515330078125000E+04
  0.9251907467842102E-01  0.2469675537109375E+04
  0.9344887733459473E-01  0.2425639404296875E+04
  0.9438807517290115E-01  0.2383297363281250E+04
  0.9533667564392090E-01  0.2342711669921875E+04
  0.9629484266042709E-01  0.2303931884765625E+04
  0.9726259857416153E-01  0.2266991699218750E+04
  0.9824012964963913E-01  0.2231911376953125E+04
  0.9922743588685989E-01  0.2198692871093750E+04
  0.1002247035503387E+00  0.2167326171875000E+04
  0.1012320071458817E+00  0.2137781250000000E+04
  0.1022493764758110E+00  0.2110013671875000E+04
  0.1032770201563835E+00  0.2083962890625000E+04
  0.1043149530887604E+00  0.2059552978515625E+04
  0.1053633540868759E+00  0.2036693359375000E+04
  0.1064222529530525E+00  0.2015268920898438E+04
  0.1074918285012245E+00  0.1995161499023438E+04
  0.1085721179842949E+00  0.1976252807617188E+04
  0.1096633151173592E+00  0.1958396118164062E+04
  0.1107654124498367E+00  0.1941427490234375E+04
  0.1118786558508873E+00  0.1925172363281250E+04
  0.1130030229687691E+00  0.1909449218750000E+04
  0.1141387522220612E+00  0.1894071777343750E+04
  0.1152858361601830E+00  0.1878853759765625E+04
  0.1164445057511330E+00  0.1863611938476562E+04
  0.1176147684454918E+00  0.1848168579101562E+04
  0.1187968328595161E+00  0.1832355224609375E+04
  0.1199907436966896E+00  0.1816013916015625E+04
  0.1211966872215271E+00  0.1798997802734375E+04
  0.1224147081375122E+00  0.1781173706054688E+04
  0.1236450299620628E+00  0.1762424072265625E+04
  0.1248876452445984E+00  0.1742648803710938E+04
  0.1261428147554398E+00  0.1721769165039062E+04
  0.1274105459451675E+00  0.1699731201171875E+04
  0.1286910772323608E+00  0.1676508422851562E+04
  0.1299844682216644E+00  0.1652105346679688E+04
  0.1312908083200455E+00  0.1626562255859375E+04
  0.1326103210449219E+00  0.1599946899414062E+04
  0.1339430510997772E+00  0.1572360717773438E+04
  0.1352892369031906E+00  0.1543935058593750E+04
  0.1366488784551620E+00  0.1514817504882812E+04
  0.1380222439765930E+00  0.1485171752929688E+04
  0.1394093632698059E+00  0.1455180908203125E+04
  0.1408104896545410E+00  0.1425040527343750E+04
  0.1422256231307983E+00  0.1394946166992188E+04
  0.1436550319194794E+00  0.1365087280273438E+04
  0.1450987607240677E+00  0.1335659423828125E+04
  0.1465570628643036E+00  0.1306860229492188E+04
  0.1480299532413483E+00  0.1278876342773438E+04
  0.1495177149772644E+00  0.1251876708984375E+04
  0.1510203480720520E+00  0.1226013427734375E+04
  0.1525381654500961E+00  0.1201418334960938E+04
  0.1540711671113968E+00  0.1178188598632812E+04
  0.1556196361780167E+00  0.1156385131835938E+04
  0.1571836024522781E+00  0.1136041503906250E+04
  0.1587633490562439E+00  0.1117164794921875E+04
  0.1603589206933975E+00  0.1099732421875000E+04
  0.1619705855846405E+00  0.1083692626953125E+04
  0.1635983735322952E+00  0.1068966796875000E+04
  0.1652426123619080E+00  0.1055452392578125E+04
  0.1669032722711563E+00  0.1043024169921875E+04
  0.1685807257890701E+00  0.1031530883789062E+04
  0.1702750325202942E+00  0.1020796691894531E+04
  0.1719862818717957E+00  0.1010629028320312E+04
  0.1737148016691208E+00  0.1000829406738281E+04
  0.1754606217145920E+00  0.9911982421875000E+03
  0.1772240847349167E+00  0.9815426635742188E+03
  0.1790051609277725E+00  0.9716831054687500E+03
  0.1808042377233505E+00  0.9614549560546875E+03
  0.1826213151216507E+00  0.9507160034179688E+03
  0.1844567209482193E+00  0.9393510742187500E+03
  0.1863104999065399E+00  0.9272694091796875E+03
  0.1881829947233200E+00  0.9144144287109375E+03
  0.1900742202997208E+00  0.9007749633789062E+03
  0.1919845342636108E+00  0.8863777465820312E+03
  0.1939139664173126E+00  0.8712872924804688E+03
  0.1958628743886948E+00  0.8556104125976562E+03
  0.1978312879800797E+00  0.8394820556640625E+03
  0.1998195648193359E+00  0.8230521240234375E+03
  0.2018277347087860E+00  0.8064841918945312E+03
  0.2038561850786209E+00  0.7899509277343750E+03
  0.2059049308300018E+00  0.7736277465820312E+03
  0.2079743593931198E+00  0.7576875000000000E+03
  0.2100644707679749E+00  0.7422902832031250E+03
  0.2121756970882416E+00  0.7275730590820312E+03
  0.2143080532550812E+00  0.7136423339843750E+03
  0.2164619266986847E+00  0.7005708007812500E+03
  0.2186374664306641E+00  0.6883952636718750E+03
  0.2208347618579865E+00  0.6771184082031250E+03
  0.2230542153120041E+00  0.6667149658203125E+03
  0.2252959161996841E+00  0.6571301269531250E+03
  0.2275602221488953E+00  0.6482754516601562E+03
  0.2298471927642822E+00  0.6400352783203125E+03
  0.2321572452783585E+00  0.6322730712890625E+03
  0.2344903945922852E+00  0.6248375854492188E+03
  0.2368471175432205E+00  0.6175788574218750E+03
  0.2392274141311646E+00  0.6103531494140625E+03
  0.2416317313909531E+00  0.6030301513671875E+03
  0.2440601289272308E+00  0.5954959106445312E+03
  0.2465130239725113E+00  0.5876589355468750E+03
  0.2489904463291168E+00  0.5794572753906250E+03
  0.2514929175376892E+00  0.5708640747070312E+03
  0.2540203928947449E+00  0.5618952636718750E+03
  0.2565734088420868E+00  0.5525997314453125E+03
  0.2591519355773926E+00  0.5430512695312500E+03
  0.2617565095424652E+00  0.5333442382812500E+03
  0.2643871605396271E+00  0.5235855712890625E+03
  0.2670443654060364E+00  0.5138938598632812E+03
  0.2697281241416931E+00  0.5043888244628906E+03
  0.2724390029907227E+00  0.4951798706054688E+03
  0.2751770019531250E+00  0.4863547058105469E+03
  0.2779426276683807E+00  0.4779727172851562E+03
  0.2807360589504242E+00  0.4700694885253906E+03
  0.2835574448108673E+00  0.4626547241210938E+03
  0.2864072918891907E+00  0.4557116394042969E+03
  0.2892856597900391E+00  0.4491952209472656E+03
  0.2921931147575378E+00  0.4430343322753906E+03
  0.2951296269893646E+00  0.4371430358886719E+03
  0.2980957925319672E+00  0.4314304809570312E+03
  0.3010917603969574E+00  0.4258087768554688E+03
  0.3041175603866577E+00  0.4201951904296875E+03
  0.3071740865707397E+00  0.4145164489746094E+03
  0.3102613091468811E+00  0.4087196350097656E+03
  0.3133795559406281E+00  0.4027796020507812E+03
  0.3165288269519806E+00  0.3966984863281250E+03
  0.3197100758552551E+00  0.3904998168945312E+03
  0.3229232728481293E+00  0.3842225646972656E+03
  0.3261688053607941E+00  0.3779220581054688E+03
  0.3294466137886047E+00  0.3716657714843750E+03
  0.3327576816082001E+00  0.3655219116210938E+03
  0.3361020088195801E+00  0.3595478210449219E+03
  0.3394799828529358E+00  0.3537864990234375E+03
  0.3428915739059448E+00  0.3482672729492188E+03
  0.3463377654552460E+00  0.3430031127929688E+03
  0.3498185873031616E+00  0.3379856567382812E+03
  0.3533344268798828E+00  0.3331854858398438E+03
  0.3568852245807648E+00  0.3285619812011719E+03
  0.3604720532894135E+00  0.3240703735351562E+03
  0.3640949726104736E+00  0.3196629333496094E+03
  0.3677542507648468E+00  0.3152920837402344E+03
  0.3714503347873688E+00  0.3109200744628906E+03
  0.3751831948757172E+00  0.3065266418457031E+03
  0.3789539337158203E+00  0.3021054687500000E+03
  0.3827625513076782E+00  0.2976613464355469E+03
  0.3866094946861267E+00  0.2932123107910156E+03
  0.3904947042465210E+00  0.2887890625000000E+03
  0.3944193124771118E+00  0.2844247741699219E+03
  0.3983833789825439E+00  0.2801479797363281E+03
  0.4023872911930084E+00  0.2759830017089844E+03
  0.4064310789108276E+00  0.2719483032226562E+03
  0.4105158448219299E+00  0.2680489196777344E+03
  0.4146417379379272E+00  0.2642764892578125E+03
  0.4188090264797211E+00  0.2606164550781250E+03
  0.4230177998542786E+00  0.2570497131347656E+03
  0.4272693395614624E+00  0.2535510101318359E+03
  0.4315635561943054E+00  0.2500966033935547E+03
  0.4359009265899658E+00  0.2466713562011719E+03
  0.4402814805507660E+00  0.2432656250000000E+03
  0.4447064697742462E+00  0.2398751831054688E+03
  0.4491759538650513E+00  0.2365064392089844E+03
  0.4536903798580170E+00  0.2331720581054688E+03
  0.4582496881484985E+00  0.2298840484619141E+03
  0.4628553092479706E+00  0.2266555175781250E+03
  0.4675071537494659E+00  0.2234988098144531E+03
  0.4722057878971100E+00  0.2204185180664062E+03
  0.4769516587257385E+00  0.2174132843017578E+03
  0.4817447662353516E+00  0.2144797210693359E+03
  0.4865864515304565E+00  0.2116083221435547E+03
  0.4914768934249878E+00  0.2087870941162109E+03
  0.4964163899421692E+00  0.2060077972412109E+03
  0.5014051198959351E+00  0.2032626953125000E+03
  0.5064443945884705E+00  0.2005466308593750E+03
  0.5115343928337097E+00  0.1978613433837891E+03
  0.5166755318641663E+00  0.1952097778320312E+03
  0.5218678116798401E+00  0.1925958404541016E+03
  0.5271128416061401E+00  0.1900265045166016E+03
  0.5324105024337769E+00  0.1875049438476562E+03
  0.5377613902091980E+00  0.1850322418212891E+03
  0.5431656241416931E+00  0.1826090393066406E+03
  0.5486246347427368E+00  0.1802309265136719E+03
  0.5541385412216187E+00  0.1778937530517578E+03
  0.5597078800201416E+00  0.1755937805175781E+03
  0.5653325915336609E+00  0.1733260192871094E+03
  0.5710144639015198E+00  0.1710894622802734E+03
  0.5767533779144287E+00  0.1688834533691406E+03
  0.5825499892234802E+00  0.1667083740234375E+03
  0.5884042978286743E+00  0.1645671234130859E+03
  0.5943179726600647E+00  0.1624601287841797E+03
  0.6002910733222961E+00  0.1603889007568359E+03
  0.6063242554664612E+00  0.1583532867431641E+03
  0.6124180555343628E+00  0.1563513488769531E+03
  0.6185724735260010E+00  0.1543822021484375E+03
  0.6247894167900085E+00  0.1524427947998047E+03
  0.6310687661170959E+00  0.1505321655273438E+03
  0.6374112963676453E+00  0.1486490478515625E+03
  0.6438169479370117E+00  0.1467929077148438E+03
  0.6502875089645386E+00  0.1449644927978516E+03
  0.6568231582641602E+00  0.1431632995605469E+03
  0.6634244918823242E+00  0.1413904266357422E+03
  0.6700915098190308E+00  0.1396447143554688E+03
  0.6768262386322021E+00  0.1379262847900391E+03
  0.6836286187171936E+00  0.1362336273193359E+03
  0.6904993653297424E+00  0.1345661315917969E+03
  0.6974384784698486E+00  0.1329227752685547E+03
  0.7044480443000793E+00  0.1313029174804688E+03
  0.7115280032157898E+00  0.1297064514160156E+03
  0.7186791300773621E+00  0.1281328735351562E+03
  0.7259014248847961E+00  0.1265823898315430E+03
  0.7331970334053040E+00  0.1250543136596680E+03
  0.7405660152435303E+00  0.1235486068725586E+03
  0.7480089664459229E+00  0.1220643081665039E+03
  0.7555260062217712E+00  0.1206012344360352E+03
  0.7631193399429321E+00  0.1191584930419922E+03
  0.7707890272140503E+00  0.1177359619140625E+03
  0.7785357832908630E+00  0.1163330764770508E+03
  0.7863603234291077E+00  0.1149497604370117E+03
  0.7942628264427185E+00  0.1135855941772461E+03
  0.8022454977035522E+00  0.1122402877807617E+03
  0.8103083968162537E+00  0.1109135208129883E+03
  0.8184522986412048E+00  0.1096047286987305E+03
  0.8266773223876953E+00  0.1083137664794922E+03
  0.8349857330322266E+00  0.1070399551391602E+03
  0.8433775901794434E+00  0.1057833404541016E+03
  0.8518539071083069E+00  0.1045432968139648E+03
  0.8604146242141724E+00  0.1033198318481445E+03
  0.8690620660781860E+00  0.1021124877929688E+03
  0.8777965307235718E+00  0.1009209747314453E+03
  0.8866187334060669E+00  0.9974510955810547E+02
  0.8955286741256714E+00  0.9858436584472656E+02
  0.9045291543006897E+00  0.9743867492675781E+02
  0.9136199951171875E+00  0.9630760955810547E+02
  0.9228023290634155E+00  0.9519094085693359E+02
  0.9320759773254395E+00  0.9408850860595703E+02
  0.9414436221122742E+00  0.9299987792968750E+02
  0.9509055614471436E+00  0.9192493438720703E+02
  0.9604624509811401E+00  0.9086341094970703E+02
  0.9701146483421326E+00  0.8981494140625000E+02
  0.9798645973205566E+00  0.8877943420410156E+02
  0.9897126555442810E+00  0.8775659942626953E+02
  0.9996597170829773E+00  0.8674613952636719E+02
  0.1009706735610962E+01  0.8574796295166016E+02
  0.1019853711128235E+01  0.8476177978515625E+02
  0.1030103564262390E+01  0.8378735351562500E+02
  0.1040456533432007E+01  0.8282454681396484E+02
  0.1050913572311401E+01  0.8187314605712891E+02
  0.1061474680900574E+01  0.8093290710449219E+02
  0.1072142839431763E+01  0.8000366973876953E+02
  0.1082918286323547E+01  0.7908528137207031E+02
  0.1093802094459534E+01  0.7817751312255859E+02
  0.1104794263839722E+01  0.7728017425537109E+02
  0.1115897774696350E+01  0.7639312744140625E+02
  0.1127113103866577E+01  0.7551620483398438E+02
  0.1138440966606140E+01  0.7464921569824219E+02
  0.1149881601333618E+01  0.7379197692871094E+02
  0.1161438465118408E+01  0.7294434356689453E+02
  0.1173111319541931E+01  0.7210618591308594E+02
  0.1184901475906372E+01  0.7127732086181641E+02
  0.1196809172630310E+01  0.7045758056640625E+02
  0.1208837509155273E+01  0.6964682769775391E+02
  0.1220986843109131E+01  0.6884494018554688E+02
  0.1233258247375488E+01  0.6805176544189453E+02
  0.1245651841163635E+01  0.6726717376708984E+02
  0.1258171200752258E+01  0.6649102020263672E+02
  0.1270816326141357E+01  0.6572318267822266E+02
  0.1283588409423828E+01  0.6496352386474609E+02
  0.1296487808227539E+01  0.6421193695068359E+02
  0.1309517979621887E+01  0.6346830749511719E+02
  0.1322679162025452E+01  0.6273250961303711E+02
  0.1335972666740417E+01  0.6200443267822266E+02
  0.1349399685859680E+01  0.6128396224975586E+02
  0.1362960457801819E+01  0.6057098770141602E+02
  0.1376658797264099E+01  0.5986539840698242E+02
  0.1390494704246521E+01  0.5916708755493164E+02
  0.1404469728469849E+01  0.5847595977783203E+02
  0.1418583869934082E+01  0.5779193115234375E+02
  0.1432841181755066E+01  0.5711487579345703E+02
  0.1447241783142090E+01  0.5644469070434570E+02
  0.1461787223815918E+01  0.5578129959106445E+02
  0.1476477265357971E+01  0.5512460327148438E+02
  0.1491316437721252E+01  0.5447452545166016E+02
  0.1506304740905762E+01  0.5383098220825195E+02
  0.1521443724632263E+01  0.5319388580322266E+02
  0.1536733388900757E+01  0.5256315994262695E+02
  0.1552178144454956E+01  0.5193872451782227E+02
  0.1567778229713440E+01  0.5132049942016602E+02
  0.1583535075187683E+01  0.5070841217041016E+02
  0.1599448561668396E+01  0.5010238265991211E+02
  0.1615523695945740E+01  0.4950234222412109E+02
  0.1631760358810425E+01  0.4890821456909180E+02
  0.1648160099983215E+01  0.4831993103027344E+02
  0.1664723157882690E+01  0.4773742294311523E+02
  0.1681454420089722E+01  0.4716063308715820E+02
  0.1698353648185730E+01  0.4658948898315430E+02
  0.1715422749519348E+01  0.4602393341064453E+02
  0.1732663393020630E+01  0.4546390151977539E+02
  0.1750075697898865E+01  0.4490933609008789E+02
  0.1767664790153503E+01  0.4436017990112305E+02
  0.1785430431365967E+01  0.4381637573242188E+02
  0.1803374767303467E+01  0.4327786636352539E+02
  0.1821497559547424E+01  0.4274459838867188E+02
  0.1839804410934448E+01  0.4221651458740234E+02
  0.1858295321464539E+01  0.4169357299804688E+02
  0.1876971840858459E+01  0.4117571258544922E+02
  0.1895834326744080E+01  0.4066289138793945E+02
  0.1914888262748718E+01  0.4015505218505859E+02
  0.1934133529663086E+01  0.3965215301513672E+02
  0.1953572392463684E+01  0.3915414810180664E+02
  0.1973204851150513E+01  0.3866099166870117E+02
  0.1993036270141602E+01  0.3817264175415039E+02
  0.2013067245483398E+01  0.3768905258178711E+02
  0.2033299207687378E+01  0.3721017837524414E+02
  0.2053732872009277E+01  0.3673598480224609E+02
  0.2074373483657837E+01  0.3626642227172852E+02
  0.2095221757888794E+01  0.3580146026611328E+02
  0.2116279602050781E+01  0.3534105300903320E+02
  0.2137547016143799E+01  0.3488516998291016E+02
  0.2159030199050903E+01  0.3443376159667969E+02
  0.2180729150772095E+01  0.3398680496215820E+02
  0.2202646493911743E+01  0.3354425048828125E+02
  0.2224783897399902E+01  0.3310607147216797E+02
  0.2247141838073730E+01  0.3267222976684570E+02
  0.2269726514816284E+01  0.3224269485473633E+02
  0.2292538166046143E+01  0.3181742668151855E+02
  0.2315578937530518E+01  0.3139639854431152E+02
  0.2338849306106567E+01  0.3097957611083984E+02
  0.2362355709075928E+01  0.3056692695617676E+02
  0.2386098384857178E+01  0.3015842056274414E+02
  0.2410079717636108E+01  0.2975402259826660E+02
  0.2434299468994141E+01  0.2935370826721191E+02
  0.2458765268325806E+01  0.2895744514465332E+02
  0.2483476638793945E+01  0.2856520271301270E+02
  0.2508436679840088E+01  0.2817695426940918E+02
  0.2533645153045654E+01  0.2779266929626465E+02
  0.2559109210968018E+01  0.2741232109069824E+02
  0.2584829330444336E+01  0.2703588104248047E+02
  0.2610807657241821E+01  0.2666332054138184E+02
  0.2637045145034790E+01  0.2629461479187012E+02
  0.2663548469543457E+01  0.2592973518371582E+02
  0.2690318107604980E+01  0.2556865692138672E+02
  0.2717356681823730E+01  0.2521135330200195E+02
  0.2744664669036865E+01  0.2485779762268066E+02
  0.2772249698638916E+01  0.2450796508789062E+02
  0.2800111770629883E+01  0.2416182899475098E+02
  0.2828253984451294E+01  0.2381936645507812E+02
  0.2856679201126099E+01  0.2348055267333984E+02
  0.2885387182235718E+01  0.2314536094665527E+02
  0.2914386510848999E+01  0.2281376838684082E+02
  0.2943677186965942E+01  0.2248575019836426E+02
  0.2973262310028076E+01  0.2216128158569336E+02
  0.3003141880035400E+01  0.2184034156799316E+02
  0.3033324718475342E+01  0.2152290344238281E+02
  0.3063810825347900E+01  0.2120894622802734E+02
  0.3094603538513184E+01  0.2089844703674316E+02
  0.3125702381134033E+01  0.2059138107299805E+02
  0.3157116889953613E+01  0.2028772544860840E+02
  0.3188847303390503E+01  0.1998745727539062E+02
  0.3220896482467651E+01  0.1969055557250977E+02
  0.3253264665603638E+01  0.1939699554443359E+02
  0.3285961151123047E+01  0.1910675621032715E+02
  0.3318986654281616E+01  0.1881981468200684E+02
  0.3352343559265137E+01  0.1853614997863770E+02
  0.3386032819747925E+01  0.1825573921203613E+02
  0.3420063495635986E+01  0.1797855949401855E+02
  0.3454436540603638E+01  0.1770458984375000E+02
  0.3489155292510986E+01  0.1743380928039551E+02
  0.3524219036102295E+01  0.1716619491577148E+02
  0.3559638977050781E+01  0.1690172386169434E+02
  0.3595414638519287E+01  0.1664037704467773E+02
  0.3631550312042236E+01  0.1638213348388672E+02
  0.3668048620223999E+01  0.1612696838378906E+02
  0.3704910516738892E+01  0.1587486362457275E+02
  0.3742146492004395E+01  0.1562579441070557E+02
  0.3779756546020508E+01  0.1537974262237549E+02
  0.3817744493484497E+01  0.1513668537139893E+02
  0.3856110334396362E+01  0.1489660167694092E+02
  0.3894865989685059E+01  0.1465947151184082E+02
  0.3934011220932007E+01  0.1442527294158936E+02
  0.3973549604415894E+01  0.1419398403167725E+02
  0.4013481616973877E+01  0.1396558380126953E+02
  0.4053818225860596E+01  0.1374005222320557E+02
  0.4094560623168945E+01  0.1351736736297607E+02
  0.4135712623596191E+01  0.1329750919342041E+02
  0.4177274703979492E+01  0.1308045578002930E+02
  0.4219257831573486E+01  0.1286618709564209E+02
  0.4261662960052490E+01  0.1265468120574951E+02
  0.4304494380950928E+01  0.1244591712951660E+02
  0.4347752094268799E+01  0.1223987388610840E+02
  0.4391448497772217E+01  0.1203653049468994E+02
  0.4435584545135498E+01  0.1183586692810059E+02
  0.4480164051055908E+01  0.1163786125183105E+02
  0.4525187015533447E+01  0.1144249343872070E+02
  0.4570667266845703E+01  0.1124974155426025E+02
  0.4616604328155518E+01  0.1105958461761475E+02
  0.4663002490997314E+01  0.1087200069427490E+02
  0.4709867954254150E+01  0.1068696975708008E+02
  0.4757199287414551E+01  0.1050447082519531E+02
  0.4805011272430420E+01  0.1032448387145996E+02
  0.4853303432464600E+01  0.1014698505401611E+02
  0.4902080535888672E+01  0.9971956253051758E+01
  0.4951344013214111E+01  0.9799373626708984E+01
  0.5001106739044189E+01  0.9629218101501465E+01
  0.5051370143890381E+01  0.9461465835571289E+01
  0.5102138519287109E+01  0.9296098709106445E+01
  0.5153411865234375E+01  0.9133092880249023E+01
  0.5205205917358398E+01  0.8972429275512695E+01
  0.5257520198822021E+01  0.8814085006713867E+01
  0.5310360431671143E+01  0.8658040046691895E+01
  0.5363726615905762E+01  0.8504271507263184E+01
  0.5417634010314941E+01  0.8352758407592773E+01
  0.5472083568572998E+01  0.8203479766845703E+01
  0.5527080535888672E+01  0.8056413650512695E+01
  0.5582623958587646E+01  0.7911539554595947E+01
  0.5638731956481934E+01  0.7768835544586182E+01
  0.5695403575897217E+01  0.7628279685974121E+01
  0.5752644538879395E+01  0.7489850997924805E+01
  0.5810455322265625E+01  0.7353528022766113E+01
  0.5868852615356445E+01  0.7219288349151611E+01
  0.5927836894989014E+01  0.7087111473083496E+01
  0.5987413883209229E+01  0.6956975460052490E+01
  0.6047590255737305E+01  0.6828858852386475E+01
  0.6108364582061768E+01  0.6702740669250488E+01
  0.6169755935668945E+01  0.6578598022460938E+01
  0.6231764793395996E+01  0.6456410884857178E+01
  0.6294396400451660E+01  0.6336156368255615E+01
  0.6357651710510254E+01  0.6217813968658447E+01
  0.6421548843383789E+01  0.6101361751556396E+01
  0.6486087799072266E+01  0.5986778736114502E+01
  0.6551275730133057E+01  0.5874043464660645E+01
  0.6617112159729004E+01  0.5763134002685547E+01
  0.6683617115020752E+01  0.5654029369354248E+01
  0.6750789642333984E+01  0.5546708106994629E+01
  0.6818638324737549E+01  0.5441149234771729E+01
  0.6887161731719971E+01  0.5337331771850586E+01
  0.6956380367279053E+01  0.5235233783721924E+01
  0.7026294231414795E+01  0.5134834766387939E+01
  0.7096911430358887E+01  0.5036113262176514E+01
  0.7168231010437012E+01  0.4939048767089844E+01
  0.7240274906158447E+01  0.4843620300292969E+01
  0.7313042640686035E+01  0.4749807357788086E+01
  0.7386541366577148E+01  0.4657588481903076E+01
  0.7460772514343262E+01  0.4566943168640137E+01
  0.7535756111145020E+01  0.4477851390838623E+01
  0.7611493587493896E+01  0.4390292167663574E+01
  0.7687992095947266E+01  0.4304245948791504E+01
  0.7765251159667969E+01  0.4219691276550293E+01
  0.7843296051025391E+01  0.4136609077453613E+01
  0.7922123908996582E+01  0.4054978847503662E+01
  0.8001744270324707E+01  0.3974780559539795E+01
  0.8082165718078613E+01  0.3895994663238525E+01
  0.8163386344909668E+01  0.3818601369857788E+01
  0.8245431900024414E+01  0.3742581367492676E+01
  0.8328301429748535E+01  0.3667914867401123E+01
  0.8412004470825195E+01  0.3594583034515381E+01
  0.8496540069580078E+01  0.3522566080093384E+01
  0.8581933021545410E+01  0.3451845645904541E+01
  0.8668186187744141E+01  0.3382402420043945E+01
  0.8755304336547852E+01  0.3314217805862427E+01
  0.8843290328979492E+01  0.3247273445129395E+01
  0.8932168960571289E+01  0.3181550502777100E+01
  0.9021940231323242E+01  0.3117031097412109E+01
  0.9112614631652832E+01  0.3053696870803833E+01
  0.9204191207885742E+01  0.2991529703140259E+01
  0.9296697616577148E+01  0.2930512189865112E+01
  0.9390132904052734E+01  0.2870626449584961E+01
  0.9484506607055664E+01  0.2811855077743530E+01
  0.9579820632934570E+01  0.2754180908203125E+01
  0.9676101684570312E+01  0.2697586297988892E+01
  0.9773350715637207E+01  0.2642054796218872E+01
  0.9871577262878418E+01  0.2587569236755371E+01
  0.9970781326293945E+01  0.2534113168716431E+01
  0.1007099151611328E+02  0.2481669902801514E+01
  0.1017220878601074E+02  0.2430223464965820E+01
  0.1027444362640381E+02  0.2379757404327393E+01
  0.1037770557403564E+02  0.2330255985260010E+01
  0.1048199558258057E+02  0.2281703472137451E+01
  0.1058734321594238E+02  0.2234084129333496E+01
  0.1069375038146973E+02  0.2187382459640503E+01
  0.1080122661590576E+02  0.2141583442687988E+01
  0.1090977287292480E+02  0.2096671819686890E+01
  0.1101942062377930E+02  0.2052632570266724E+01
  0.1113017082214355E+02  0.2009451389312744E+01
  0.1124203300476074E+02  0.1967113494873047E+01
  0.1135500907897949E+02  0.1925604581832886E+01
  0.1146913146972656E+02  0.1884910345077515E+01
  0.1158440113067627E+02  0.1845016956329346E+01
  0.1170082855224609E+02  0.1805910468101501E+01
  0.1181841564178467E+02  0.1767577290534973E+01
  0.1193719482421875E+02  0.1730003952980042E+01
  0.1205716896057129E+02  0.1693177103996277E+01
  0.1217834854125977E+02  0.1657083630561829E+01
  0.1230073451995850E+02  0.1621710658073425E+01
  0.1242436122894287E+02  0.1587045431137085E+01
  0.1254923057556152E+02  0.1553075313568115E+01
  0.1267535591125488E+02  0.1519787788391113E+01
  0.1280273532867432E+02  0.1487170815467834E+01
  0.1293140792846680E+02  0.1455212116241455E+01
  0.1306137371063232E+02  0.1423900008201599E+01
  0.1319264698028564E+02  0.1393222451210022E+01
  0.1332523727416992E+02  0.1363168239593506E+01
  0.1345914840698242E+02  0.1333725690841675E+01
  0.1359441852569580E+02  0.1304883718490601E+01
  0.1373104763031006E+02  0.1276631116867065E+01
  0.1386905002593994E+02  0.1248957157135010E+01
  0.1400842666625977E+02  0.1221851110458374E+01
  0.1414921665191650E+02  0.1195302248001099E+01
  0.1429142189025879E+02  0.1169300317764282E+01
  0.1443505573272705E+02  0.1143834948539734E+01
  0.1458012008666992E+02  0.1118896126747131E+01
  0.1472665596008301E+02  0.1094473838806152E+01
  0.1487466526031494E+02  0.1070558428764343E+01
  0.1502416229248047E+02  0.1047140121459961E+01
  0.1517514610290527E+02  0.1024209499359131E+01
  0.1532766246795654E+02  0.1001757383346558E+01
  0.1548171043395996E+02  0.9797744154930115E+00
  0.1563730907440186E+02  0.9582516551017761E+00
  0.1579445457458496E+02  0.9371801614761353E+00
  0.1595319461822510E+02  0.9165512919425964E+00
  0.1611353111267090E+02  0.8963564634323120E+00
  0.1627547836303711E+02  0.8765871524810791E+00
  0.1643903923034668E+02  0.8572351336479187E+00
  0.1660425758361816E+02  0.8382922410964966E+00
  0.1677113723754883E+02  0.8197503685951233E+00
  0.1693969345092773E+02  0.8016017675399780E+00
  0.1710994338989258E+02  0.7838385105133057E+00
  0.1728188896179199E+02  0.7664531469345093E+00
  0.1745557975769043E+02  0.7494380474090576E+00
  0.1763101387023926E+02  0.7327859997749329E+00
  0.1780821418762207E+02  0.7164896130561829E+00
  0.1798717689514160E+02  0.7005419135093689E+00
  0.1816795349121094E+02  0.6849358677864075E+00
  0.1835054969787598E+02  0.6696645617485046E+00
  0.1853497886657715E+02  0.6547213792800903E+00
  0.1872124481201172E+02  0.6400995850563049E+00
  0.1890940093994141E+02  0.6257928013801575E+00
  0.1909944725036621E+02  0.6117945909500122E+00
  0.1929140663146973E+02  0.5980986952781677E+00
  0.1948527336120605E+02  0.5846989154815674E+00
  0.1968110656738281E+02  0.5715892910957336E+00
  0.1987891006469727E+02  0.5587638616561890E+00
  0.2007870101928711E+02  0.5462167859077454E+00
  0.2028048133850098E+02  0.5339424014091492E+00
  0.2048430824279785E+02  0.5219351053237915E+00
  0.2069018363952637E+02  0.5101892948150635E+00
  0.2089812850952148E+02  0.4986996948719025E+00
  0.2110814285278320E+02  0.4874609410762787E+00
  0.2132028770446777E+02  0.4764678478240967E+00
  0.2153456497192383E+02  0.4657152891159058E+00
  0.2175099563598633E+02  0.4551983177661896E+00
  0.2196960258483887E+02  0.4449119865894318E+00
  0.2219038581848145E+02  0.4348514974117279E+00
  0.2241340637207031E+02  0.4250120818614960E+00
  0.2263866996765137E+02  0.4153891801834106E+00
  0.2286619758605957E+02  0.4059782028198242E+00
  0.2309598922729492E+02  0.3967746794223785E+00
  0.2332811546325684E+02  0.3877742588520050E+00
  0.2356257057189941E+02  0.3789726793766022E+00
  0.2379938316345215E+02  0.3703657090663910E+00
  0.2403855323791504E+02  0.3619492352008820E+00
  0.2428015327453613E+02  0.3537192344665527E+00
  0.2452417755126953E+02  0.3456717133522034E+00
  0.2477065467834473E+02  0.3378028273582458E+00
  0.2501958465576172E+02  0.3301087617874146E+00
  0.2527104377746582E+02  0.3225857615470886E+00
  0.2552502822875977E+02  0.3152301907539368E+00
  0.2578156280517578E+02  0.3080385029315948E+00
  0.2604065322875977E+02  0.3010071218013763E+00
  0.2630237197875977E+02  0.2941326498985291E+00
  0.2656672096252441E+02  0.2874116897583008E+00
  0.2683372688293457E+02  0.2808409333229065E+00
  0.2710339355468750E+02  0.2744171917438507E+00
  0.2737579345703125E+02  0.2681372463703156E+00
  0.2765093040466309E+02  0.2619979977607727E+00
  0.2792883300781250E+02  0.2559964358806610E+00
  0.2820952796936035E+02  0.2501295208930969E+00
  0.2849301719665527E+02  0.2443943917751312E+00
  0.2877938270568848E+02  0.2387881428003311E+00
  0.2906862831115723E+02  0.2333079725503922E+00
  0.2936078071594238E+02  0.2279511690139771E+00
  0.2965583992004395E+02  0.2227150201797485E+00
  0.2995389366149902E+02  0.2175968885421753E+00
  0.3025494003295898E+02  0.2125942111015320E+00
  0.3055901527404785E+02  0.2077044546604156E+00
  0.3086611557006836E+02  0.2029251307249069E+00
  0.3117633438110352E+02  0.1982538402080536E+00
  0.3148966789245605E+02  0.1936882138252258E+00
  0.3180614852905273E+02  0.1892259120941162E+00
  0.3212578201293945E+02  0.1848646700382233E+00
  0.3244866180419922E+02  0.1806022673845291E+00
  0.3277478408813477E+02  0.1764365136623383E+00
  0.3310418319702148E+02  0.1723652780056000E+00
  0.3343686294555664E+02  0.1683864891529083E+00
  0.3377291488647461E+02  0.1644980907440186E+00
  0.3411234664916992E+02  0.1606980711221695E+00
  0.3445518875122070E+02  0.1569844931364059E+00
  0.3480144119262695E+02  0.1533554196357727E+00
  0.3515121078491211E+02  0.1498090028762817E+00
  0.3550449752807617E+02  0.1463433802127838E+00
  0.3586133193969727E+02  0.1429567486047745E+00
  0.3622171783447266E+02  0.1396473795175552E+00
  0.3658575820922852E+02  0.1364135444164276E+00
  0.3695346069335938E+02  0.1332535445690155E+00
  0.3732485961914062E+02  0.1301657259464264E+00
  0.3769998550415039E+02  0.1271485090255737E+00
  0.3807885360717773E+02  0.1242002844810486E+00
  0.3846155929565430E+02  0.1213195249438286E+00
  0.3884811019897461E+02  0.1185047104954720E+00
  0.3923855209350586E+02  0.1157543659210205E+00
  0.3963287734985352E+02  0.1130670532584190E+00
  0.4003120040893555E+02  0.1104413419961929E+00
  0.4043353271484375E+02  0.1078758612275124E+00
  0.4083990478515625E+02  0.1053692549467087E+00
  0.4125032424926758E+02  0.1029201969504356E+00
  0.4166490554809570E+02  0.1005273908376694E+00
  0.4208365631103516E+02  0.9818956255912781E-01
  0.4250661087036133E+02  0.9590548276901245E-01
  0.4293378067016602E+02  0.9367393702268600E-01
  0.4336528015136719E+02  0.9149374067783356E-01
  0.4380112075805664E+02  0.8936372399330139E-01
  0.4424134063720703E+02  0.8728276193141937E-01
  0.4468593978881836E+02  0.8524973690509796E-01
  0.4513504791259766E+02  0.8326356858015060E-01
  0.4558867263793945E+02  0.8132319152355194E-01
  0.4604685974121094E+02  0.7942757755517960E-01
  0.4650960540771484E+02  0.7757569849491119E-01
  0.4697704696655273E+02  0.7576657086610794E-01
  0.4744918441772461E+02  0.7399921864271164E-01
  0.4792606353759766E+02  0.7227268815040588E-01
  0.4840774154663086E+02  0.7058606296777725E-01
  0.4889421081542969E+02  0.6893842667341232E-01
  0.4938561630249023E+02  0.6732889264822006E-01
  0.4988196563720703E+02  0.6575658917427063E-01
  0.5038329696655273E+02  0.6422068178653717E-01
  0.5088962173461914E+02  0.6272032111883163E-01
  0.5140108489990234E+02  0.6125471368432045E-01
  0.5191768264770508E+02  0.5982305109500885E-01
  0.5243947219848633E+02  0.5842456966638565E-01
  0.5296646118164062E+02  0.5705850198864937E-01
  0.5349879837036133E+02  0.5572411417961121E-01
  0.5403647994995117E+02  0.5442067608237267E-01
  0.5457956695556641E+02  0.5314747989177704E-01
  0.5512805938720703E+02  0.5190383642911911E-01
  0.5568212509155273E+02  0.5068906396627426E-01
  0.5624174880981445E+02  0.4950250685214996E-01
  0.5680700302124023E+02  0.4834350943565369E-01
  0.5737788009643555E+02  0.4721144586801529E-01
  0.5795454788208008E+02  0.4610569775104523E-01
  0.5853701782226562E+02  0.4502565786242485E-01
  0.5912533569335938E+02  0.4397073388099670E-01
  0.5971951675415039E+02  0.4294035211205482E-01
  0.6031971740722656E+02  0.4193395003676414E-01
  0.6092595291137695E+02  0.4095096886157990E-01
  0.6153828430175781E+02  0.3999087214469910E-01
  0.6215677261352539E+02  0.3905313834547997E-01
  0.6278141021728516E+02  0.3813724592328072E-01
  0.6341239166259766E+02  0.3724269196391106E-01
  0.6404971313476562E+02  0.3636898845434189E-01
  0.6469343566894531E+02  0.3551565110683441E-01
  0.6534356689453125E+02  0.3468221053481102E-01
  0.6600029754638672E+02  0.3386820852756500E-01
  0.6666361999511719E+02  0.3307319432497025E-01
  0.6733362579345703E+02  0.3229673206806183E-01
  0.6801028442382812E+02  0.3153838962316513E-01
  0.6869381713867188E+02  0.3079775162041187E-01
  0.6938421630859375E+02  0.3007440455257893E-01
  0.7008155822753906E+02  0.2936795167624950E-01
  0.7078583526611328E+02  0.2867800183594227E-01
  0.7149726104736328E+02  0.2800417132675648E-01
  0.7221583557128906E+02  0.2734608761966228E-01
  0.7294163513183594E+02  0.2670338563621044E-01
  0.7367465209960938E+02  0.2607570774853230E-01
  0.7441511535644531E+02  0.2546270936727524E-01
  0.7516301727294922E+02  0.2486404776573181E-01
  0.7591843414306641E+02  0.2427938953042030E-01
  0.7668137359619141E+02  0.2370841056108475E-01
  0.7745205688476562E+02  0.2315079420804977E-01
  0.7823047637939453E+02  0.2260622940957546E-01
  0.7901672363281250E+02  0.2207441255450249E-01
  0.7981087493896484E+02  0.2155504934489727E-01
  0.8061293029785156E+02  0.2104784734547138E-01
  0.8142311859130859E+02  0.2055252529680729E-01
  0.8224145507812500E+02  0.2006880566477776E-01
  0.8306801605224609E+02  0.1959642022848129E-01
  0.8390280151367188E+02  0.1913510449230671E-01
  0.8474605560302734E+02  0.1868460327386856E-01
  0.8559779357910156E+02  0.1824466139078140E-01
  0.8645807647705078E+02  0.1781503483653069E-01
  0.8732693481445312E+02  0.1739548705518246E-01
  0.8820460510253906E+02  0.1698577776551247E-01
  0.8909109497070312E+02  0.1658568345010281E-01
  0.8998649597167969E+02  0.1619497686624527E-01
  0.9089080810546875E+02  0.1581343822181225E-01
  0.9180429840087891E+02  0.1544085331261158E-01
  0.9272697448730469E+02  0.1507701259106398E-01
  0.9365891265869141E+02  0.1472171023488045E-01
  0.9460013580322266E+02  0.1437474507838488E-01
  0.9555090332031250E+02  0.1403592247515917E-01
  0.9651123046875000E+02  0.1370505150407553E-01
  0.9748120117187500E+02  0.1338194869458675E-01
  0.9846083831787109E+02  0.1306643523275852E-01
  0.9945040130615234E+02  0.1275833882391453E-01
  0.1004499206542969E+03  0.1245748996734619E-01
  0.1014594879150391E+03  0.1216372195631266E-01
  0.1024791946411133E+03  0.1187687460333109E-01
