  0.9999999747378752E-04  0.2397589302062988E+02
  0.1010050182230771E-03  0.2420949554443359E+02
  0.1020201307255775E-03  0.2444537162780762E+02
  0.1030454513966106E-03  0.2468354415893555E+02
  0.1040810820995830E-03  0.2492403602600098E+02
  0.1051271028700285E-03  0.2516686820983887E+02
  0.1061836592270993E-03  0.2541206550598145E+02
  0.1072508166544139E-03  0.2565964889526367E+02
  0.1083287061192095E-03  0.2590964317321777E+02
  0.1094174222089350E-03  0.2616206932067871E+02
  0.1105170958908275E-03  0.2641695213317871E+02
  0.1116277999244630E-03  0.2667431449890137E+02
  0.1127496798289940E-03  0.2693418121337891E+02
  0.1138828374678269E-03  0.2719657707214355E+02
  0.1150273747043684E-03  0.2746152687072754E+02
  0.1161834225058556E-03  0.2772905540466309E+02
  0.1173510900116526E-03  0.2799918556213379E+02
  0.1185304863611236E-03  0.2827194595336914E+02
  0.1197217279695906E-03  0.2854735946655273E+02
  0.1209249603562057E-03  0.2882545089721680E+02
  0.1221402781084180E-03  0.2910624885559082E+02
  0.1233678049175069E-03  0.2938978004455566E+02
  0.1246076717507094E-03  0.2967606925964355E+02
  0.1258599950233474E-03  0.2996514320373535E+02
  0.1271249202545732E-03  0.3025703239440918E+02
  0.1284025347558782E-03  0.3055176162719727E+02
  0.1296929985983297E-03  0.3084935569763184E+02
  0.1309964427491650E-03  0.3114984512329102E+02
  0.1323129690717906E-03  0.3145325660705566E+02
  0.1336427376372740E-03  0.3175961875915527E+02
  0.1349858794128522E-03  0.3206895828247070E+02
  0.1363425108138472E-03  0.3238130950927734E+02
  0.1377127773594111E-03  0.3269669723510742E+02
  0.1390968100167811E-03  0.3301515197753906E+02
  0.1404947543051094E-03  0.3333670425415039E+02
  0.1419067411916330E-03  0.3366138076782227E+02
  0.1433329307474196E-03  0.3398921585083008E+02
  0.1447734539397061E-03  0.3432023620605469E+02
  0.1462284562876448E-03  0.3465447616577148E+02
  0.1476980833103880E-03  0.3499196624755859E+02
  0.1491824659751728E-03  0.3533273696899414E+02
  0.1506817789049819E-03  0.3567682266235352E+02
  0.1521961530670524E-03  0.3602425003051758E+02
  0.1537257339805365E-03  0.3637505340576172E+02
  0.1552707108203322E-03  0.3672926712036133E+02
  0.1568312145536765E-03  0.3708692169189453E+02
  0.1584073906997219E-03  0.3744805145263672E+02
  0.1599994138814509E-03  0.3781269073486328E+02
  0.1616074441699311E-03  0.3818087387084961E+02
  0.1632316125323996E-03  0.3855263519287109E+02
  0.1648721226956695E-03  0.3892800903320312E+02
  0.1665291201788932E-03  0.3930702972412109E+02
  0.1682027505012229E-03  0.3968973159790039E+02
  0.1698932319413871E-03  0.4007615280151367E+02
  0.1716006663627923E-03  0.4046632003784180E+02
  0.1733253011479974E-03  0.4086027908325195E+02
  0.1750672381604090E-03  0.4125806427001953E+02
  0.1768266956787556E-03  0.4165970993041992E+02
  0.1786038337741047E-03  0.4206525802612305E+02
  0.1803988270694390E-03  0.4247474670410156E+02
  0.1822118647396564E-03  0.4288820648193359E+02
  0.1840431359596550E-03  0.4330568313598633E+02
  0.1858928008005023E-03  0.4372721099853516E+02
  0.1877610484370962E-03  0.4415283203125000E+02
  0.1896480680443347E-03  0.4458258056640625E+02
  0.1915540779009461E-03  0.4501650238037109E+02
  0.1934792235260829E-03  0.4545463180541992E+02
  0.1954237231984735E-03  0.4589701461791992E+02
  0.1973877806449309E-03  0.4634368515014648E+02
  0.1993715413846076E-03  0.4679468917846680E+02
  0.2013752673519775E-03  0.4725006866455078E+02
  0.2033991040661931E-03  0.4770986175537109E+02
  0.2054432989098132E-03  0.4817411422729492E+02
  0.2075080556096509E-03  0.4864287185668945E+02
  0.2095935487886891E-03  0.4911617660522461E+02
  0.2117000112775713E-03  0.4959407043457031E+02
  0.2138276031473652E-03  0.5007659912109375E+02
  0.2159766154363751E-03  0.5056379699707031E+02
  0.2181472227675840E-03  0.5105571746826172E+02
  0.2203396288678050E-03  0.5155240249633789E+02
  0.2225540811195970E-03  0.5205390548706055E+02
  0.2247907832497731E-03  0.5256026840209961E+02
  0.2270499680889770E-03  0.5307153320312500E+02
  0.2293318684678525E-03  0.5358775329589844E+02
  0.2316366881132126E-03  0.5410896682739258E+02
  0.2339646744076163E-03  0.5463522720336914E+02
  0.2363160601817071E-03  0.5516658401489258E+02
  0.2386910782661289E-03  0.5570308303833008E+02
  0.2410899614915252E-03  0.5624477767944336E+02
  0.2435129572404549E-03  0.5679171752929688E+02
  0.2459603128954768E-03  0.5734395217895508E+02
  0.2484322467353195E-03  0.5790153121948242E+02
  0.2509290061425418E-03  0.5846450424194336E+02
  0.2534509112592787E-03  0.5903291702270508E+02
  0.2559981367085129E-03  0.5960682296752930E+02
  0.2585709444247186E-03  0.6018627548217773E+02
  0.2611696545500308E-03  0.6077133560180664E+02
  0.2637944417074323E-03  0.6136204910278320E+02
  0.2664455969352275E-03  0.6195848083496094E+02
  0.2691234403755516E-03  0.6256067276000977E+02
  0.2718281757552177E-03  0.6316868209838867E+02
  0.2745600941125304E-03  0.6378255844116211E+02
  0.2773194864857942E-03  0.6440235900878906E+02
  0.2801065566018224E-03  0.6502815246582031E+02
  0.2829216828104109E-03  0.6565998077392578E+02
  0.2857650979422033E-03  0.6629791259765625E+02
  0.2886370930355042E-03  0.6694200134277344E+02
  0.2915379300247878E-03  0.6759230804443359E+02
  0.2944679290521890E-03  0.6824888610839844E+02
  0.2974274102598429E-03  0.6891179656982422E+02
  0.3004166064783931E-03  0.6958110046386719E+02
  0.3034358378499746E-03  0.7025685882568359E+02
  0.3064853954128921E-03  0.7093912506103516E+02
  0.3095656284131110E-03  0.7162796783447266E+02
  0.3126768278889358E-03  0.7232344055175781E+02
  0.3158192848786712E-03  0.7302561187744141E+02
  0.3189932904206216E-03  0.7373455047607422E+02
  0.3221992519684136E-03  0.7445030975341797E+02
  0.3254374023526907E-03  0.7517296600341797E+02
  0.3287080908194184E-03  0.7590257263183594E+02
  0.3320116666145623E-03  0.7663920593261719E+02
  0.3353484207764268E-03  0.7738291168212891E+02
  0.3387187607586384E-03  0.7813377380371094E+02
  0.3421229484956712E-03  0.7889184570312500E+02
  0.3455613623373210E-03  0.7965720367431641E+02
  0.3490342642180622E-03  0.8042991638183594E+02
  0.3525421197991818E-03  0.8121005249023438E+02
  0.3560852492228150E-03  0.8199768829345703E+02
  0.3596639435272664E-03  0.8279288482666016E+02
  0.3632786392699927E-03  0.8359571075439453E+02
  0.3669296274892986E-03  0.8440623474121094E+02
  0.3706173447426409E-03  0.8522451782226562E+02
  0.3743421111721545E-03  0.8605065155029297E+02
  0.3781043051276356E-03  0.8688470458984375E+02
  0.3819043049588799E-03  0.8772676086425781E+02
  0.3857425472233444E-03  0.8857687377929688E+02
  0.3896193229593337E-03  0.8943512725830078E+02
  0.3935350687243044E-03  0.9030158996582031E+02
  0.3974901628680527E-03  0.9117633819580078E+02
  0.4014850128442049E-03  0.9205945587158203E+02
  0.4055199970025569E-03  0.9295101165771484E+02
  0.4095955227967352E-03  0.9385109710693359E+02
  0.4137120267841965E-03  0.9475978851318359E+02
  0.4178698873147368E-03  0.9567714691162109E+02
  0.4220695409458131E-03  0.9660325622558594E+02
  0.4263113951310515E-03  0.9753820800781250E+02
  0.4305959155317396E-03  0.9848206329345703E+02
  0.4349234513938427E-03  0.9943492889404297E+02
  0.4392945556901395E-03  0.1003968734741211E+03
  0.4437095485627651E-03  0.1013679809570312E+03
  0.4481688956730068E-03  0.1023483276367188E+03
  0.4526730335783213E-03  0.1033380050659180E+03
  0.4572224861476570E-03  0.1043370895385742E+03
  0.4618176317308098E-03  0.1053456878662109E+03
  0.4664589650928974E-03  0.1063638687133789E+03
  0.4711470101028681E-03  0.1073917312622070E+03
  0.4758820869028568E-03  0.1084293441772461E+03
  0.4806647775694728E-03  0.1094767990112305E+03
  0.4854955477640033E-03  0.1105341720581055E+03
  0.4903748631477356E-03  0.1116015777587891E+03
  0.4953031893819571E-03  0.1126790924072266E+03
  0.5002811085432768E-03  0.1137668151855469E+03
  0.5053090280853212E-03  0.1148648376464844E+03
  0.5103874718770385E-03  0.1159732437133789E+03
  0.5155169637873769E-03  0.1170921173095703E+03
  0.5206979694776237E-03  0.1182215576171875E+03
  0.5259310710243881E-03  0.1193616638183594E+03
  0.5312167340889573E-03  0.1205125350952148E+03
  0.5365555407479405E-03  0.1216742553710938E+03
  0.5419480148702860E-03  0.1228469238281250E+03
  0.5473946803249419E-03  0.1240306320190430E+03
  0.5528961191885173E-03  0.1252254714965820E+03
  0.5584527971222997E-03  0.1264315490722656E+03
  0.5640654126182199E-03  0.1276489562988281E+03
  0.5697343149222434E-03  0.1288778076171875E+03
  0.5754602607339621E-03  0.1301182098388672E+03
  0.5812437157146633E-03  0.1313702239990234E+03
  0.5870853201486170E-03  0.1326339874267578E+03
  0.5929855979047716E-03  0.1339095611572266E+03
  0.5989452474750578E-03  0.1351970825195312E+03
  0.6049647345207632E-03  0.1364966430664062E+03
  0.6110446993261576E-03  0.1378083496093750E+03
  0.6171857821755111E-03  0.1391322937011719E+03
  0.6233886233530939E-03  0.1404685974121094E+03
  0.6296537467278540E-03  0.1418173522949219E+03
  0.6359818507917225E-03  0.1431786651611328E+03
  0.6423736922442913E-03  0.1445526580810547E+03
  0.6488296203315258E-03  0.1459394073486328E+03
  0.6553504499606788E-03  0.1473390350341797E+03
  0.6619368214160204E-03  0.1487516632080078E+03
  0.6685894331894815E-03  0.1501773681640625E+03
  0.6753088091500103E-03  0.1516162872314453E+03
  0.6820958224125206E-03  0.1530685272216797E+03
  0.6889509386382997E-03  0.1545341796875000E+03
  0.6958750309422612E-03  0.1560133819580078E+03
  0.7028686814010143E-03  0.1575062408447266E+03
  0.7099326467141509E-03  0.1590128631591797E+03
  0.7170675671659410E-03  0.1605333557128906E+03
  0.7242741994559765E-03  0.1620678253173828E+03
  0.7315533584915102E-03  0.1636164093017578E+03
  0.7389056263491511E-03  0.1651791839599609E+03
  0.7463317015208304E-03  0.1667563018798828E+03
  0.7538324571214616E-03  0.1683478698730469E+03
  0.7614085916429758E-03  0.1699539794921875E+03
  0.7690608617849648E-03  0.1715747833251953E+03
  0.7767900824546814E-03  0.1732103576660156E+03
  0.7845968939363956E-03  0.1748608551025391E+03
  0.7924822857603431E-03  0.1765263824462891E+03
  0.8004467817954719E-03  0.1782070617675781E+03
  0.8084913715720177E-03  0.1799029998779297E+03
  0.8166168699972332E-03  0.1816143341064453E+03
  0.8248240337707102E-03  0.1833411712646484E+03
  0.8331136777997017E-03  0.1850836334228516E+03
  0.8414865005761385E-03  0.1868418273925781E+03
  0.8499436080455780E-03  0.1886158905029297E+03
  0.8584856986999512E-03  0.1904059295654297E+03
  0.8671135874465108E-03  0.1922120971679688E+03
  0.8758282638154924E-03  0.1940345001220703E+03
  0.8846306591294706E-03  0.1958732604980469E+03
  0.8935213554650545E-03  0.1977285003662109E+03
  0.9025013423524797E-03  0.1996003417968750E+03
  0.9115716675296426E-03  0.2014888916015625E+03
  0.9207330294884741E-03  0.2033942871093750E+03
  0.9299866505898535E-03  0.2053166656494141E+03
  0.9393331129103899E-03  0.2072561340332031E+03
  0.9487735223956406E-03  0.2092128295898438E+03
  0.9583088685758412E-03  0.2111868743896484E+03
  0.9679400245659053E-03  0.2131783905029297E+03
  0.9776679798960686E-03  0.2151874847412109E+03
  0.9874936658889055E-03  0.2172143249511719E+03
  0.9974181884899735E-03  0.2192590026855469E+03
  0.1007442362606525E-02  0.2213216705322266E+03
  0.1017567352391779E-02  0.2234024505615234E+03
  0.1027794089168310E-02  0.2255014495849609E+03
  0.1038123620674014E-02  0.2276187896728516E+03
  0.1048556878231466E-02  0.2297546081542969E+03
  0.1059095025993884E-02  0.2319090576171875E+03
  0.1069739111699164E-02  0.2340822448730469E+03
  0.1080490066669881E-02  0.2362743072509766E+03
  0.1091349171474576E-02  0.2384853668212891E+03
  0.1102317473851144E-02  0.2407155456542969E+03
  0.1113395905122161E-02  0.2429649658203125E+03
  0.1124585745856166E-02  0.2452337646484375E+03
  0.1135887927375734E-02  0.2475220642089844E+03
  0.1147304079495370E-02  0.2498300018310547E+03
  0.1158834667876363E-02  0.2521576843261719E+03
  0.1170481205917895E-02  0.2545052642822266E+03
  0.1182244624942541E-02  0.2568728332519531E+03
  0.1194126438349485E-02  0.2592605590820312E+03
  0.1206127577461302E-02  0.2616685791015625E+03
  0.1218249439261854E-02  0.2640969848632812E+03
  0.1230492955073714E-02  0.2665459289550781E+03
  0.1242859638296068E-02  0.2690155334472656E+03
  0.1255350536666811E-02  0.2715059204101562E+03
  0.1267967047169805E-02  0.2740171813964844E+03
  0.1280710333958268E-02  0.2765494689941406E+03
  0.1293581677600741E-02  0.2791029357910156E+03
  0.1306582358665764E-02  0.2816776428222656E+03
  0.1319713657721877E-02  0.2842738037109375E+03
  0.1332976971752942E-02  0.2868914794921875E+03
  0.1346373581327498E-02  0.2895308227539062E+03
  0.1359904883429408E-02  0.2921919555664062E+03
  0.1373572158627212E-02  0.2948750000000000E+03
  0.1387376803904772E-02  0.2975801086425781E+03
  0.1401320099830627E-02  0.3003073730468750E+03
  0.1415403559803963E-02  0.3030569152832031E+03
  0.1429628580808640E-02  0.3058288574218750E+03
  0.1443996676243842E-02  0.3086233215332031E+03
  0.1458509010262787E-02  0.3114404296875000E+03
  0.1473167678341269E-02  0.3142802734375000E+03
  0.1487973146140575E-02  0.3171430358886719E+03
  0.1502927509136498E-02  0.3200288085937500E+03
  0.1518032280728221E-02  0.3229377136230469E+03
  0.1533288741484284E-02  0.3258698730468750E+03
  0.1548698521219194E-02  0.3288254089355469E+03
  0.1564263133332133E-02  0.3318044433593750E+03
  0.1579984207637608E-02  0.3348070678710938E+03
  0.1595863257534802E-02  0.3378333740234375E+03
  0.1611902029253542E-02  0.3408835144042969E+03
  0.1628101919777691E-02  0.3439575805664062E+03
  0.1644464675337076E-02  0.3470556945800781E+03
  0.1660991576500237E-02  0.3501780090332031E+03
  0.1677684951573610E-02  0.3533245849609375E+03
  0.1694545848295093E-02  0.3564955139160156E+03
  0.1711576362140477E-02  0.3596909484863281E+03
  0.1728778006508946E-02  0.3629109802246094E+03
  0.1746152411215007E-02  0.3661557312011719E+03
  0.1763701555319130E-02  0.3694252929687500E+03
  0.1781426952220500E-02  0.3727197875976562E+03
  0.1799330697394907E-02  0.3760393066406250E+03
  0.1817414187826216E-02  0.3793838806152344E+03
  0.1835679635405540E-02  0.3827536926269531E+03
  0.1854128437116742E-02  0.3861488037109375E+03
  0.1872762688435614E-02  0.3895693054199219E+03
  0.1891584135591984E-02  0.3930153198242188E+03
  0.1910595456138253E-02  0.3964869384765625E+03
  0.1929797115735710E-02  0.3999842224121094E+03
  0.1949192024767399E-02  0.4035072631835938E+03
  0.1968781696632504E-02  0.4070561218261719E+03
  0.1988568343222141E-02  0.4106309204101562E+03
  0.2008553594350815E-02  0.4142317504882812E+03
  0.2028739778324962E-02  0.4178586425781250E+03
  0.2049128990620375E-02  0.4215117187500000E+03
  0.2069723093882203E-02  0.4251910400390625E+03
  0.2090524183586240E-02  0.4288966369628906E+03
  0.2111534355208278E-02  0.4326286010742188E+03
  0.2132755704224110E-02  0.4363870544433594E+03
  0.2154190093278885E-02  0.4401720275878906E+03
  0.2175839850679040E-02  0.4439835815429688E+03
  0.2197707537561655E-02  0.4478217468261719E+03
  0.2219794783741236E-02  0.4516865844726562E+03
  0.2242104150354862E-02  0.4555781250000000E+03
  0.2264637732878327E-02  0.4594964294433594E+03
  0.2287397626787424E-02  0.4634415588378906E+03
  0.2310386393219233E-02  0.4674135742187500E+03
  0.2333606127649546E-02  0.4714124755859375E+03
  0.2357059158384800E-02  0.4754383239746094E+03
  0.2380747813731432E-02  0.4794911193847656E+03
  0.2404674887657166E-02  0.4835709228515625E+03
  0.2428842242807150E-02  0.4876777343750000E+03
  0.2453252440318465E-02  0.4918115844726562E+03
  0.2477908739820123E-02  0.4959724731445312E+03
  0.2502811839804053E-02  0.5001604309082031E+03
  0.2527965698391199E-02  0.5043754272460938E+03
  0.2553372178226709E-02  0.5086175231933594E+03
  0.2579034073278308E-02  0.5128866577148438E+03
  0.2604953711852431E-02  0.5171828613281250E+03
  0.2631133887916803E-02  0.5215061035156250E+03
  0.2657577162608504E-02  0.5258563842773438E+03
  0.2684286329895258E-02  0.5302336425781250E+03
  0.2711263718083501E-02  0.5346378784179688E+03
  0.2738512353971601E-02  0.5390690917968750E+03
  0.2766034798696637E-02  0.5435272827148438E+03
  0.2793833846226335E-02  0.5480122680664062E+03
  0.2821912290528417E-02  0.5525241699218750E+03
  0.2850273158401251E-02  0.5570628051757812E+03
  0.2878918778151274E-02  0.5616282348632812E+03
  0.2907852176576853E-02  0.5662202758789062E+03
  0.2937076613306999E-02  0.5708389282226562E+03
  0.2966594882309437E-02  0.5754841308593750E+03
  0.2996409544721246E-02  0.5801558227539062E+03
  0.3026523860171437E-02  0.5848538818359375E+03
  0.3056940855458379E-02  0.5895782470703125E+03
  0.3087663557380438E-02  0.5943288574218750E+03
  0.3118695225566626E-02  0.5991055297851562E+03
  0.3150038653984666E-02  0.6039082031250000E+03
  0.3181697800755501E-02  0.6087367553710938E+03
  0.3213674062862992E-02  0.6135910644531250E+03
  0.3245972329750657E-02  0.6184710083007812E+03
  0.3278594929724932E-02  0.6233764648437500E+03
  0.3311545122414827E-02  0.6283072509765625E+03
  0.3344826865941286E-02  0.6332633056640625E+03
  0.3378442721441388E-02  0.6382444458007812E+03
  0.3412396647036076E-02  0.6432505493164062E+03
  0.3446691902354360E-02  0.6482813720703125E+03
  0.3481331514194608E-02  0.6533367919921875E+03
  0.3516319673508406E-02  0.6584166259765625E+03
  0.3551658941432834E-02  0.6635206909179688E+03
  0.3587353741750121E-02  0.6686487426757812E+03
  0.3623407334089279E-02  0.6738006591796875E+03
  0.3659823210909963E-02  0.6789760742187500E+03
  0.3696604864671826E-02  0.6841749267578125E+03
  0.3733756253495812E-02  0.6893969116210938E+03
  0.3771280869841576E-02  0.6946418457031250E+03
  0.3809183137491345E-02  0.6999094238281250E+03
  0.3847465850412846E-02  0.7051994628906250E+03
  0.3886133432388306E-02  0.7105115966796875E+03
  0.3925189841538668E-02  0.7158457031250000E+03
  0.3964638803154230E-02  0.7212013549804688E+03
  0.4004483576864004E-02  0.7265783081054688E+03
  0.4044729284942150E-02  0.7319763793945312E+03
  0.4085379652678967E-02  0.7373951416015625E+03
  0.4126439336687326E-02  0.7428342285156250E+03
  0.4167910665273666E-02  0.7482933959960938E+03
  0.4209799226373434E-02  0.7537722167968750E+03
  0.4252108279615641E-02  0.7592704467773438E+03
  0.4294842481613159E-02  0.7647876586914062E+03
  0.4338006023317575E-02  0.7703236083984375E+03
  0.4381604027003050E-02  0.7758778076171875E+03
  0.4425639752298594E-02  0.7814499511718750E+03
  0.4470118321478367E-02  0.7870395507812500E+03
  0.4515043459832668E-02  0.7926461181640625E+03
  0.4560420289635658E-02  0.7982694091796875E+03
  0.4606253467500210E-02  0.8039088745117188E+03
  0.4652547184377909E-02  0.8095642089843750E+03
  0.4699305631220341E-02  0.8152349243164062E+03
  0.4746534395962954E-02  0.8209204711914062E+03
  0.4794237669557333E-02  0.8266204223632812E+03
  0.4842421039938927E-02  0.8323342895507812E+03
  0.4891087766736746E-02  0.8380615234375000E+03
  0.4940244369208813E-02  0.8438016357421875E+03
  0.4989894572645426E-02  0.8495541992187500E+03
  0.5040043499320745E-02  0.8553186035156250E+03
  0.5090696737170219E-02  0.8610942993164062E+03
  0.5141858942806721E-02  0.8668808593750000E+03
  0.5193535704165697E-02  0.8726775512695312E+03
  0.5245731677860022E-02  0.8784838256835938E+03
  0.5298452917486429E-02  0.8842990722656250E+03
  0.5351703613996506E-02  0.8901226806640625E+03
  0.5405488889664412E-02  0.8959541015625000E+03
  0.5459814798086882E-02  0.9017926025390625E+03
  0.5514685530215502E-02  0.9076375732421875E+03
  0.5570110399276018E-02  0.9134883422851562E+03
  0.5626089405268431E-02  0.9193442993164062E+03
  0.5682633724063635E-02  0.9252046508789062E+03
  0.5739743821322918E-02  0.9310687255859375E+03
  0.5797430872917175E-02  0.9369358520507812E+03
  0.5855694413185120E-02  0.9428052368164062E+03
  0.5914546549320221E-02  0.9486762084960938E+03
  0.5973986815661192E-02  0.9545479125976562E+03
  0.6034028250724077E-02  0.9604195556640625E+03
  0.6094672251492739E-02  0.9662904052734375E+03
  0.6155923474580050E-02  0.9721596069335938E+03
  0.6217792630195618E-02  0.9780263671875000E+03
  0.6280281115323305E-02  0.9838898925781250E+03
  0.6343400571495295E-02  0.9897493286132812E+03
  0.6407150998711586E-02  0.9956036987304688E+03
  0.6471545435488224E-02  0.1001452209472656E+04
  0.6536584347486496E-02  0.1007294006347656E+04
  0.6602279376238585E-02  0.1013128051757812E+04
  0.6668631453067064E-02  0.1018953613281250E+04
  0.6735654082149267E-02  0.1024769653320312E+04
  0.6803346797823906E-02  0.1030575073242188E+04
  0.6871723104268312E-02  0.1036369018554688E+04
  0.6940783467143774E-02  0.1042150390625000E+04
  0.7010541390627623E-02  0.1047918212890625E+04
  0.7080996409058571E-02  0.1053671508789062E+04
  0.7152163423597813E-02  0.1059409423828125E+04
  0.7224041502922773E-02  0.1065130615234375E+04
  0.7296646479517221E-02  0.1070834228515625E+04
  0.7369977422058582E-02  0.1076518920898438E+04
  0.7444048300385475E-02  0.1082183715820312E+04
  0.7518860511481762E-02  0.1087827270507812E+04
  0.7594428025186062E-02  0.1093448730468750E+04
  0.7670750841498375E-02  0.1099046875000000E+04
  0.7747845258563757E-02  0.1104620361328125E+04
  0.7825713604688644E-02  0.1110168212890625E+04
  0.7904361933469772E-02  0.1115689086914062E+04
  0.7983803749084473E-02  0.1121181884765625E+04
  0.8064040914177895E-02  0.1126645141601562E+04
  0.8145087398588657E-02  0.1132077758789062E+04
  0.8226944133639336E-02  0.1137478271484375E+04
  0.8309628814458847E-02  0.1142845458984375E+04
  0.8393140509724617E-02  0.1148178100585938E+04
  0.8477495051920414E-02  0.1153474731445312E+04
  0.8562692441046238E-02  0.1158734008789062E+04
  0.8648751303553581E-02  0.1163954711914062E+04
  0.8735670708119869E-02  0.1169135375976562E+04
  0.8823467418551445E-02  0.1174274536132812E+04
  0.8912142366170883E-02  0.1179370849609375E+04
  0.9001712314784527E-02  0.1184422851562500E+04
  0.9092180058360100E-02  0.1189428833007812E+04
  0.9183559566736221E-02  0.1194387695312500E+04
  0.9275853633880615E-02  0.1199297729492188E+04
  0.9369079023599625E-02  0.1204157348632812E+04
  0.9463237598538399E-02  0.1208965332031250E+04
  0.9558347053825855E-02  0.1213719848632812E+04
  0.9654408320784569E-02  0.1218419433593750E+04
  0.9751439094543457E-02  0.1223062377929688E+04
  0.9849439375102520E-02  0.1227647338867188E+04
  0.9948430582880974E-02  0.1232172607421875E+04
  0.1004841551184654E-01  0.1236636596679688E+04
  0.1014940161257982E-01  0.1241037597656250E+04
  0.1025140751153231E-01  0.1245374023437500E+04
  0.1035443320870399E-01  0.1249644042968750E+04
  0.1045849919319153E-01  0.1253846069335938E+04
  0.1056360639631748E-01  0.1257978393554688E+04
  0.1066977530717850E-01  0.1262039184570312E+04
  0.1077700592577457E-01  0.1266026977539062E+04
  0.1088531874120235E-01  0.1269939941406250E+04
  0.1099471468478441E-01  0.1273776123046875E+04
  0.1110521610826254E-01  0.1277534057617188E+04
  0.1121682208031416E-01  0.1281211669921875E+04
  0.1132955588400364E-01  0.1284807373046875E+04
  0.1144341751933098E-01  0.1288319335937500E+04
  0.1155842747539282E-01  0.1291745727539062E+04
  0.1167458947747946E-01  0.1295084594726562E+04
  0.1179192401468754E-01  0.1298334350585938E+04
  0.1191043108701706E-01  0.1301493041992188E+04
  0.1203013584017754E-01  0.1304558715820312E+04
  0.1215103827416897E-01  0.1307529663085938E+04
  0.1227316074073315E-01  0.1310404052734375E+04
  0.1239650510251522E-01  0.1313179809570312E+04
  0.1252109464257956E-01  0.1315855346679688E+04
  0.1264693029224873E-01  0.1318428710937500E+04
  0.1277403719723225E-01  0.1320898071289062E+04
  0.1290241535753012E-01  0.1323261352539062E+04
  0.1303209085017443E-01  0.1325516845703125E+04
  0.1316306740045547E-01  0.1327662475585938E+04
  0.1329535525292158E-01  0.1329696655273438E+04
  0.1342897955328226E-01  0.1331617309570312E+04
  0.1356393843889236E-01  0.1333422729492188E+04
  0.1370026171207428E-01  0.1335110961914062E+04
  0.1383794844150543E-01  0.1336680297851562E+04
  0.1397702563554049E-01  0.1338128662109375E+04
  0.1411749422550201E-01  0.1339454589843750E+04
  0.1425937935709953E-01  0.1340655883789062E+04
  0.1440268475562334E-01  0.1341731079101562E+04
  0.1454743742942810E-01  0.1342678222656250E+04
  0.1469363830983639E-01  0.1343495605468750E+04
  0.1484131626784801E-01  0.1344181396484375E+04
  0.1499046944081783E-01  0.1344733764648438E+04
  0.1514112949371338E-01  0.1345151123046875E+04
  0.1529329642653465E-01  0.1345431884765625E+04
  0.1544700097292662E-01  0.1345574340820312E+04
  0.1560224127024412E-01  0.1345576782226562E+04
  0.1575904898345470E-01  0.1345437866210938E+04
  0.1591742783784866E-01  0.1345155883789062E+04
  0.1607740484178066E-01  0.1344729370117188E+04
  0.1623898185789585E-01  0.1344156860351562E+04
  0.1640218868851662E-01  0.1343436645507812E+04
  0.1656702905893326E-01  0.1342567382812500E+04
  0.1673353463411331E-01  0.1341547973632812E+04
  0.1690171286463737E-01  0.1340376953125000E+04
  0.1707157306373119E-01  0.1339053222656250E+04
  0.1724315062165260E-01  0.1337575561523438E+04
  0.1741644181311131E-01  0.1335942749023438E+04
  0.1759148575365543E-01  0.1334153686523438E+04
  0.1776827871799469E-01  0.1332207397460938E+04
  0.1794685609638691E-01  0.1330102905273438E+04
  0.1812721975147724E-01  0.1327839355468750E+04
  0.1830940693616867E-01  0.1325416015625000E+04
  0.1849341392517090E-01  0.1322832031250000E+04
  0.1867927983403206E-01  0.1320086914062500E+04
  0.1886700466275215E-01  0.1317179809570312E+04
  0.1905662566423416E-01  0.1314110595703125E+04
  0.1924814470112324E-01  0.1310878540039062E+04
  0.1944159530103207E-01  0.1307483642578125E+04
  0.1963698305189610E-01  0.1303925415039062E+04
  0.1983434148132801E-01  0.1300203979492188E+04
  0.2003367431461811E-01  0.1296319213867188E+04
  0.2023502066731453E-01  0.1292271118164062E+04
  0.2043838053941727E-01  0.1288060058593750E+04
  0.2064379490911961E-01  0.1283686279296875E+04
  0.2085126377642155E-01  0.1279150268554688E+04
  0.2106082625687122E-01  0.1274452514648438E+04
  0.2127248607575893E-01  0.1269593627929688E+04
  0.2148628421127796E-01  0.1264574584960938E+04
  0.2170222811400890E-01  0.1259396240234375E+04
  0.2192033454775810E-01  0.1254059692382812E+04
  0.2214064262807369E-01  0.1248565917968750E+04
  0.2236315421760082E-01  0.1242916381835938E+04
  0.2258791215717793E-01  0.1237112426757812E+04
  0.2281492017209530E-01  0.1231155883789062E+04
  0.2304421924054623E-01  0.1225048095703125E+04
  0.2327581122517586E-01  0.1218791381835938E+04
  0.2350974269211292E-01  0.1212387451171875E+04
  0.2374601364135742E-01  0.1205838745117188E+04
  0.2398467063903809E-01  0.1199147583007812E+04
  0.2422571554780006E-01  0.1192316406250000E+04
  0.2446919120848179E-01  0.1185347656250000E+04
  0.2471510507166386E-01  0.1178244384765625E+04
  0.2496350184082985E-01  0.1171009521484375E+04
  0.2521438337862492E-01  0.1163646118164062E+04
  0.2546779811382294E-01  0.1156157470703125E+04
  0.2572374790906906E-01  0.1148546875000000E+04
  0.2598228119313717E-01  0.1140818115234375E+04
  0.2624340169131756E-01  0.1132974731445312E+04
  0.2650715783238411E-01  0.1125020751953125E+04
  0.2677355334162712E-01  0.1116960083007812E+04
  0.2704263851046562E-01  0.1108797119140625E+04
  0.2731441333889961E-01  0.1100536010742188E+04
  0.2758893370628357E-01  0.1092181396484375E+04
  0.2786620147526264E-01  0.1083737915039062E+04
  0.2814626693725586E-01  0.1075210205078125E+04
  0.2842915058135986E-01  0.1066603271484375E+04
  0.2871485799551010E-01  0.1057922119140625E+04
  0.2900345437228680E-01  0.1049171875000000E+04
  0.2929493598639965E-01  0.1040357910156250E+04
  0.2958936430513859E-01  0.1031485717773438E+04
  0.2988673374056816E-01  0.1022560729980469E+04
  0.3018710948526859E-01  0.1013588562011719E+04
  0.3049048408865929E-01  0.1004575134277344E+04
  0.3079692646861076E-01  0.9955260620117188E+03
  0.3110643289983273E-01  0.9864472045898438E+03
  0.3141906484961510E-01  0.9773447265625000E+03
  0.3173482418060303E-01  0.9682247924804688E+03
  0.3205377236008644E-01  0.9590932006835938E+03
  0.3237590938806534E-01  0.9499564208984375E+03
  0.3270129859447479E-01  0.9408204956054688E+03
  0.3302994742989540E-01  0.9316916503906250E+03
  0.3336191177368164E-01  0.9225761108398438E+03
  0.3369719535112381E-01  0.9134803466796875E+03
  0.3403586521744728E-01  0.9044104614257812E+03
  0.3437792137265205E-01  0.8953726806640625E+03
  0.3472343459725380E-01  0.8863733520507812E+03
  0.3507240116596222E-01  0.8774185791015625E+03
  0.3542489185929298E-01  0.8685143432617188E+03
  0.3578091040253639E-01  0.8596667480468750E+03
  0.3614052385091782E-01  0.8508819580078125E+03
  0.3650375083088875E-01  0.8421657714843750E+03
  0.3687060624361038E-01  0.8335239868164062E+03
  0.3724117204546928E-01  0.8249623413085938E+03
  0.3761544451117516E-01  0.8164862060546875E+03
  0.3799349442124367E-01  0.8081008911132812E+03
  0.3837532550096512E-01  0.7998117065429688E+03
  0.3876101225614548E-01  0.7916236572265625E+03
  0.3915055841207504E-01  0.7835416259765625E+03
  0.3954403474926949E-01  0.7755701904296875E+03
  0.3994145244359970E-01  0.7677138671875000E+03
  0.4034287855029106E-01  0.7599768066406250E+03
  0.4074832051992416E-01  0.7523629150390625E+03
  0.4115785658359528E-01  0.7448757934570312E+03
  0.4157149046659470E-01  0.7375188598632812E+03
  0.4198930040001869E-01  0.7302951049804688E+03
  0.4241129010915756E-01  0.7232072143554688E+03
  0.4283754155039787E-01  0.7162577514648438E+03
  0.4326805472373962E-01  0.7094489135742188E+03
  0.4370291531085968E-01  0.7027822265625000E+03
  0.4414212703704834E-01  0.6962590942382812E+03
  0.4458577185869217E-01  0.6898806762695312E+03
  0.4503385350108147E-01  0.6836473999023438E+03
  0.4548646509647369E-01  0.6775593872070312E+03
  0.4594359919428825E-01  0.6716166381835938E+03
  0.4640534892678261E-01  0.6658183593750000E+03
  0.4687174409627914E-01  0.6601633300781250E+03
  0.4734279960393906E-01  0.6546502685546875E+03
  0.4781861603260040E-01  0.6492769775390625E+03
  0.4829918593168259E-01  0.6440408325195312E+03
  0.4878461360931396E-01  0.6389391479492188E+03
  0.4927489534020424E-01  0.6339682006835938E+03
  0.4977012425661087E-01  0.6291241455078125E+03
  0.5027031153440475E-01  0.6244026489257812E+03
  0.5077554658055305E-01  0.6197985839843750E+03
  0.5128583684563637E-01  0.6153065185546875E+03
  0.5180127918720245E-01  0.6109207763671875E+03
  0.5232188105583191E-01  0.6066345825195312E+03
  0.5284773558378220E-01  0.6024413452148438E+03
  0.5337885022163391E-01  0.5983335571289062E+03
  0.5391532927751541E-01  0.5943032836914062E+03
  0.5445717647671700E-01  0.5903424072265625E+03
  0.5500449240207672E-01  0.5864420776367188E+03
  0.5555728077888489E-01  0.5825932617187500E+03
  0.5611565336585045E-01  0.5787865600585938E+03
  0.5667961388826370E-01  0.5750119018554688E+03
  0.5724926665425301E-01  0.5712593383789062E+03
  0.5782461538910866E-01  0.5675183105468750E+03
  0.5840577185153961E-01  0.5637781982421875E+03
  0.5899274721741676E-01  0.5600282592773438E+03
  0.5958564952015877E-01  0.5562574462890625E+03
  0.6018447875976562E-01  0.5524548339843750E+03
  0.6078936159610748E-01  0.5486093750000000E+03
  0.6140031665563583E-01  0.5447102050781250E+03
  0.6201738119125366E-01  0.5407465209960938E+03
  0.6264068186283112E-01  0.5367077026367188E+03
  0.6327021121978760E-01  0.5325834960937500E+03
  0.6390611082315445E-01  0.5283641357421875E+03
  0.6454835832118988E-01  0.5240401611328125E+03
  0.6519709527492523E-01  0.5196027221679688E+03
  0.6585231423377991E-01  0.5150436401367188E+03
  0.6651416420936584E-01  0.5103554992675781E+03
  0.6718262284994125E-01  0.5055317687988281E+03
  0.6785783171653748E-01  0.5005667724609375E+03
  0.6853979825973511E-01  0.4954557800292969E+03
  0.6922865658998489E-01  0.4901952209472656E+03
  0.6992439180612564E-01  0.4847827453613281E+03
  0.7062716782093048E-01  0.4792175292968750E+03
  0.7133696228265762E-01  0.4734997558593750E+03
  0.7205392420291901E-01  0.4676306762695312E+03
  0.7277806103229523E-01  0.4616128540039062E+03
  0.7350950688123703E-01  0.4554507141113281E+03
  0.7424827665090561E-01  0.4491499633789062E+03
  0.7499449700117111E-01  0.4427176208496094E+03
  0.7574818283319473E-01  0.4361622619628906E+03
  0.7650949060916901E-01  0.4294938049316406E+03
  0.7727840542793274E-01  0.4227235107421875E+03
  0.7805508375167847E-01  0.4158637084960938E+03
  0.7883957028388977E-01  0.4089283142089844E+03
  0.7963189482688904E-01  0.4019319763183594E+03
  0.8043222874403000E-01  0.3948906860351562E+03
  0.8124056458473206E-01  0.3878209533691406E+03
  0.8205706626176834E-01  0.3807401428222656E+03
  0.8288173377513885E-01  0.3736663513183594E+03
  0.8371472358703613E-01  0.3666179504394531E+03
  0.8455605059862137E-01  0.3596136169433594E+03
  0.8540587872266769E-01  0.3526720275878906E+03
  0.8626419305801392E-01  0.3458118286132812E+03
  0.8713118731975555E-01  0.3390514526367188E+03
  0.8800684660673141E-01  0.3324087219238281E+03
  0.8889134973287582E-01  0.3259010925292969E+03
  0.8978470414876938E-01  0.3195448608398438E+03
  0.9068707376718521E-01  0.3133555603027344E+03
  0.9159847348928452E-01  0.3073475646972656E+03
  0.9251907467842102E-01  0.3015339660644531E+03
  0.9344887733459473E-01  0.2959264526367188E+03
  0.9438807517290115E-01  0.2905350646972656E+03
  0.9533667564392090E-01  0.2853681335449219E+03
  0.9629484266042709E-01  0.2804324645996094E+03
  0.9726259857416153E-01  0.2757327575683594E+03
  0.9824012964963913E-01  0.2712719726562500E+03
  0.9922743588685989E-01  0.2670507202148438E+03
  0.1002247035503387E+00  0.2630680847167969E+03
  0.1012320071458817E+00  0.2593204956054688E+03
  0.1022493764758110E+00  0.2558026733398438E+03
  0.1032770201563835E+00  0.2525070648193359E+03
  0.1043149530887604E+00  0.2494241485595703E+03
  0.1053633540868759E+00  0.2465424499511719E+03
  0.1064222529530525E+00  0.2438473815917969E+03
  0.1074918285012245E+00  0.2413238677978516E+03
  0.1085721179842949E+00  0.2389567108154297E+03
  0.1096633151173592E+00  0.2367270660400391E+03
  0.1107654124498367E+00  0.2346136932373047E+03
  0.1118786558508873E+00  0.2325939483642578E+03
  0.1130030229687691E+00  0.2306441802978516E+03
  0.1141387522220612E+00  0.2287401580810547E+03
  0.1152858361601830E+00  0.2268573150634766E+03
  0.1164445057511330E+00  0.2249715728759766E+03
  0.1176147684454918E+00  0.2230595092773438E+03
  0.1187968328595161E+00  0.2210988616943359E+03
  0.1199907436966896E+00  0.2190685577392578E+03
  0.1211966872215271E+00  0.2169489898681641E+03
  0.1224147081375122E+00  0.2147222900390625E+03
  0.1236450299620628E+00  0.2123725891113281E+03
  0.1248876452445984E+00  0.2098863372802734E+03
  0.1261428147554398E+00  0.2072526855468750E+03
  0.1274105459451675E+00  0.2044640197753906E+03
  0.1286910772323608E+00  0.2015164489746094E+03
  0.1299844682216644E+00  0.1984102020263672E+03
  0.1312908083200455E+00  0.1951501312255859E+03
  0.1326103210449219E+00  0.1917448883056641E+03
  0.1339430510997772E+00  0.1882076263427734E+03
  0.1352892369031906E+00  0.1845554809570312E+03
  0.1366488784551620E+00  0.1808078613281250E+03
  0.1380222439765930E+00  0.1769863433837891E+03
  0.1394093632698059E+00  0.1731151580810547E+03
  0.1408104896545410E+00  0.1692202911376953E+03
  0.1422256231307983E+00  0.1653278198242188E+03
  0.1436550319194794E+00  0.1614630584716797E+03
  0.1450987607240677E+00  0.1576520843505859E+03
  0.1465570628643036E+00  0.1539215087890625E+03
  0.1480299532413483E+00  0.1502964477539062E+03
  0.1495177149772644E+00  0.1467996673583984E+03
  0.1510203480720520E+00  0.1434518127441406E+03
  0.1525381654500961E+00  0.1402708282470703E+03
  0.1540711671113968E+00  0.1372701110839844E+03
  0.1556196361780167E+00  0.1344582061767578E+03
  0.1571836024522781E+00  0.1318399353027344E+03
  0.1587633490562439E+00  0.1294167480468750E+03
  0.1603589206933975E+00  0.1271859741210938E+03
  0.1619705855846405E+00  0.1251410369873047E+03
  0.1635983735322952E+00  0.1232718353271484E+03
  0.1652426123619080E+00  0.1215649642944336E+03
  0.1669032722711563E+00  0.1200038299560547E+03
  0.1685807257890701E+00  0.1185683593750000E+03
  0.1702750325202942E+00  0.1172350692749023E+03
  0.1719862818717957E+00  0.1159780654907227E+03
  0.1737148016691208E+00  0.1147706527709961E+03
  0.1754606217145920E+00  0.1135857849121094E+03
  0.1772240847349167E+00  0.1123972625732422E+03
  0.1790051609277725E+00  0.1111805496215820E+03
  0.1808042377233505E+00  0.1099130783081055E+03
  0.1826213151216507E+00  0.1085752639770508E+03
  0.1844567209482193E+00  0.1071511154174805E+03
  0.1863104999065399E+00  0.1056278991699219E+03
  0.1881829947233200E+00  0.1039975509643555E+03
  0.1900742202997208E+00  0.1022581634521484E+03
  0.1919845342636108E+00  0.1004131164550781E+03
  0.1939139664173126E+00  0.9847086334228516E+02
  0.1958628743886948E+00  0.9644583129882812E+02
  0.1978312879800797E+00  0.9435630035400391E+02
  0.1998195648193359E+00  0.9222266387939453E+02
  0.2018277347087860E+00  0.9006739044189453E+02
  0.2038561850786209E+00  0.8791413879394531E+02
  0.2059049308300018E+00  0.8578706359863281E+02
  0.2079743593931198E+00  0.8371012115478516E+02
  0.2100644707679749E+00  0.8170552062988281E+02
  0.2121756970882416E+00  0.7979235076904297E+02
  0.2143080532550812E+00  0.7798559570312500E+02
  0.2164619266986847E+00  0.7629557800292969E+02
  0.2186374664306641E+00  0.7472769165039062E+02
  0.2208347618579865E+00  0.7328266143798828E+02
  0.2230542153120041E+00  0.7195726013183594E+02
  0.2252959161996841E+00  0.7074427795410156E+02
  0.2275602221488953E+00  0.6963165283203125E+02
  0.2298471927642822E+00  0.6860360717773438E+02
  0.2321572452783585E+00  0.6764125823974609E+02
  0.2344903945922852E+00  0.6672373962402344E+02
  0.2368471175432205E+00  0.6583013153076172E+02
  0.2392274141311646E+00  0.6494036865234375E+02
  0.2416317313909531E+00  0.6403613281250000E+02
  0.2440601289272308E+00  0.6310137557983398E+02
  0.2465130239725113E+00  0.6212307357788086E+02
  0.2489904463291168E+00  0.6109234237670898E+02
  0.2514929175376892E+00  0.6000515365600586E+02
  0.2540203928947449E+00  0.5886359405517578E+02
  0.2565734088420868E+00  0.5767432022094727E+02
  0.2591519355773926E+00  0.5644756317138672E+02
  0.2617565095424652E+00  0.5519655990600586E+02
  0.2643871605396271E+00  0.5393633270263672E+02
  0.2670443654060364E+00  0.5268365478515625E+02
  0.2697281241416931E+00  0.5145551681518555E+02
  0.2724390029907227E+00  0.5026754379272461E+02
  0.2751770019531250E+00  0.4913231277465820E+02
  0.2779426276683807E+00  0.4805842208862305E+02
  0.2807360589504242E+00  0.4705117797851562E+02
  0.2835574448108673E+00  0.4611214065551758E+02
  0.2864072918891907E+00  0.4523914718627930E+02
  0.2892856597900391E+00  0.4442597961425781E+02
  0.2921931147575378E+00  0.4366262817382812E+02
  0.2951296269893646E+00  0.4293692779541016E+02
  0.2980957925319672E+00  0.4223593902587891E+02
  0.3010917603969574E+00  0.4154706192016602E+02
  0.3041175603866577E+00  0.4085843276977539E+02
  0.3071740865707397E+00  0.4015942382812500E+02
  0.3102613091468811E+00  0.3944233322143555E+02
  0.3133795559406281E+00  0.3870341873168945E+02
  0.3165288269519806E+00  0.3794288635253906E+02
  0.3197100758552551E+00  0.3716403579711914E+02
  0.3229232728481293E+00  0.3637242507934570E+02
  0.3261688053607941E+00  0.3557603836059570E+02
  0.3294466137886047E+00  0.3478464508056641E+02
  0.3327576816082001E+00  0.3400821304321289E+02
  0.3361020088195801E+00  0.3325514221191406E+02
  0.3394799828529358E+00  0.3253181076049805E+02
  0.3428915739059448E+00  0.3184259414672852E+02
  0.3463377654552460E+00  0.3118953704833984E+02
  0.3498185873031616E+00  0.3057153701782227E+02
  0.3533344268798828E+00  0.2998440170288086E+02
  0.3568852245807648E+00  0.2942225646972656E+02
  0.3604720532894135E+00  0.2887859153747559E+02
  0.3640949726104736E+00  0.2834640312194824E+02
  0.3677542507648468E+00  0.2781867980957031E+02
  0.3714503347873688E+00  0.2728981590270996E+02
  0.3751831948757172E+00  0.2675677299499512E+02
  0.3789539337158203E+00  0.2621859741210938E+02
  0.3827625513076782E+00  0.2567591285705566E+02
  0.3866094946861267E+00  0.2513139152526855E+02
  0.3904947042465210E+00  0.2458958244323730E+02
  0.3944193124771118E+00  0.2405545806884766E+02
  0.3983833789825439E+00  0.2353330230712891E+02
  0.4023872911930084E+00  0.2302680015563965E+02
  0.4064310789108276E+00  0.2253880882263184E+02
  0.4105158448219299E+00  0.2207014274597168E+02
  0.4146417379379272E+00  0.2161962509155273E+02
  0.4188090264797211E+00  0.2118512535095215E+02
  0.4230177998542786E+00  0.2076381111145020E+02
  0.4272693395614624E+00  0.2035189819335938E+02
  0.4315635561943054E+00  0.1994579887390137E+02
  0.4359009265899658E+00  0.1954322624206543E+02
  0.4402814805507660E+00  0.1914268875122070E+02
  0.4447064697742462E+00  0.1874354743957520E+02
  0.4491759538650513E+00  0.1834675788879395E+02
  0.4536903798580170E+00  0.1795426559448242E+02
  0.4582496881484985E+00  0.1756791877746582E+02
  0.4628553092479706E+00  0.1718974876403809E+02
  0.4675071537494659E+00  0.1682170295715332E+02
  0.4722057878971100E+00  0.1646451759338379E+02
  0.4769516587257385E+00  0.1611803436279297E+02
  0.4817447662353516E+00  0.1578177547454834E+02
  0.4865864515304565E+00  0.1545429992675781E+02
  0.4914768934249878E+00  0.1513376617431641E+02
  0.4964163899421692E+00  0.1481890773773193E+02
  0.5014051198959351E+00  0.1450852298736572E+02
  0.5064443945884705E+00  0.1420182514190674E+02
  0.5115343928337097E+00  0.1389908027648926E+02
  0.5166755318641663E+00  0.1360075664520264E+02
  0.5218678116798401E+00  0.1330748462677002E+02
  0.5271128416061401E+00  0.1302038764953613E+02
  0.5324105024337769E+00  0.1273998737335205E+02
  0.5377613902091980E+00  0.1246649169921875E+02
  0.5431656241416931E+00  0.1220002460479736E+02
  0.5486246347427368E+00  0.1193990993499756E+02
  0.5541385412216187E+00  0.1168551063537598E+02
  0.5597078800201416E+00  0.1143624782562256E+02
  0.5653325915336609E+00  0.1119133186340332E+02
  0.5710144639015198E+00  0.1095060825347900E+02
  0.5767533779144287E+00  0.1071399211883545E+02
  0.5825499892234802E+00  0.1048154258728027E+02
  0.5884042978286743E+00  0.1025376319885254E+02
  0.5943179726600647E+00  0.1003072929382324E+02
  0.6002910733222961E+00  0.9812709808349609E+01
  0.6063242554664612E+00  0.9599705696105957E+01
  0.6124180555343628E+00  0.9391409873962402E+01
  0.6185724735260010E+00  0.9187704086303711E+01
  0.6247894167900085E+00  0.8988096237182617E+01
  0.6310687661170959E+00  0.8792446136474609E+01
  0.6374112963676453E+00  0.8600549697875977E+01
  0.6438169479370117E+00  0.8412343025207520E+01
  0.6502875089645386E+00  0.8227953910827637E+01
  0.6568231582641602E+00  0.8047319412231445E+01
  0.6634244918823242E+00  0.7870638847351074E+01
  0.6700915098190308E+00  0.7697735309600830E+01
  0.6768262386322021E+00  0.7528639793395996E+01
  0.6836286187171936E+00  0.7363121032714844E+01
  0.6904993653297424E+00  0.7201081752777100E+01
  0.6974384784698486E+00  0.7042364597320557E+01
  0.7044480443000793E+00  0.6886878013610840E+01
  0.7115280032157898E+00  0.6734608173370361E+01
  0.7186791300773621E+00  0.6585491657257080E+01
  0.7259014248847961E+00  0.6439571380615234E+01
  0.7331970334053040E+00  0.6296743392944336E+01
  0.7405660152435303E+00  0.6157016277313232E+01
  0.7480089664459229E+00  0.6020236492156982E+01
  0.7555260062217712E+00  0.5886384963989258E+01
  0.7631193399429321E+00  0.5755318164825439E+01
  0.7707890272140503E+00  0.5627028465270996E+01
  0.7785357832908630E+00  0.5501423358917236E+01
  0.7863603234291077E+00  0.5378507137298584E+01
  0.7942628264427185E+00  0.5258214950561523E+01
  0.8022454977035522E+00  0.5140510559082031E+01
  0.8103083968162537E+00  0.5025344371795654E+01
  0.8184522986412048E+00  0.4912632942199707E+01
  0.8266773223876953E+00  0.4802356243133545E+01
  0.8349857330322266E+00  0.4694406032562256E+01
  0.8433775901794434E+00  0.4588799953460693E+01
  0.8518539071083069E+00  0.4485437870025635E+01
  0.8604146242141724E+00  0.4384329795837402E+01
  0.8690620660781860E+00  0.4285406112670898E+01
  0.8777965307235718E+00  0.4188622951507568E+01
  0.8866187334060669E+00  0.4093956947326660E+01
  0.8955286741256714E+00  0.4001319885253906E+01
  0.9045291543006897E+00  0.3910713434219360E+01
  0.9136199951171875E+00  0.3822064876556396E+01
  0.9228023290634155E+00  0.3735341548919678E+01
  0.9320759773254395E+00  0.3650524139404297E+01
  0.9414436221122742E+00  0.3567541122436523E+01
  0.9509055614471436E+00  0.3486379861831665E+01
  0.9604624509811401E+00  0.3406998634338379E+01
  0.9701146483421326E+00  0.3329337596893311E+01
  0.9798645973205566E+00  0.3253389596939087E+01
  0.9897126555442810E+00  0.3179105520248413E+01
  0.9996597170829773E+00  0.3106437921524048E+01
  0.1009706735610962E+01  0.3035378932952881E+01
  0.1019853711128235E+01  0.2965882062911987E+01
  0.1030103564262390E+01  0.2897904634475708E+01
  0.1040456533432007E+01  0.2831432580947876E+01
  0.1050913572311401E+01  0.2766432523727417E+01
  0.1061474680900574E+01  0.2702862262725830E+01
  0.1072142839431763E+01  0.2640698671340942E+01
  0.1082918286323547E+01  0.2579921722412109E+01
  0.1093802094459534E+01  0.2520489931106567E+01
  0.1104794263839722E+01  0.2462374210357666E+01
  0.1115897774696350E+01  0.2405554771423340E+01
  0.1127113103866577E+01  0.2350007295608521E+01
  0.1138440966606140E+01  0.2295695543289185E+01
  0.1149881601333618E+01  0.2242592811584473E+01
  0.1161438465118408E+01  0.2190677404403687E+01
  0.1173111319541931E+01  0.2139926910400391E+01
  0.1184901475906372E+01  0.2090311765670776E+01
  0.1196809172630310E+01  0.2041803836822510E+01
  0.1208837509155273E+01  0.1994381308555603E+01
  0.1220986843109131E+01  0.1948023319244385E+01
  0.1233258247375488E+01  0.1902707576751709E+01
  0.1245651841163635E+01  0.1858411073684692E+01
  0.1258171200752258E+01  0.1815108895301819E+01
  0.1270816326141357E+01  0.1772780537605286E+01
  0.1283588409423828E+01  0.1731405854225159E+01
  0.1296487808227539E+01  0.1690965652465820E+01
  0.1309517979621887E+01  0.1651440382003784E+01
  0.1322679162025452E+01  0.1612811326980591E+01
  0.1335972666740417E+01  0.1575057625770569E+01
  0.1349399685859680E+01  0.1538160920143127E+01
  0.1362960457801819E+01  0.1502101659774780E+01
  0.1376658797264099E+01  0.1466861963272095E+01
  0.1390494704246521E+01  0.1432423233985901E+01
  0.1404469728469849E+01  0.1398767590522766E+01
  0.1418583869934082E+01  0.1365884780883789E+01
  0.1432841181755066E+01  0.1333747863769531E+01
  0.1447241783142090E+01  0.1302341222763062E+01
  0.1461787223815918E+01  0.1271649599075317E+01
  0.1476477265357971E+01  0.1241658210754395E+01
  0.1491316437721252E+01  0.1212352514266968E+01
  0.1506304740905762E+01  0.1183717846870422E+01
  0.1521443724632263E+01  0.1155740261077881E+01
  0.1536733388900757E+01  0.1128405451774597E+01
  0.1552178144454956E+01  0.1101699233055115E+01
  0.1567778229713440E+01  0.1075607419013977E+01
  0.1583535075187683E+01  0.1050116062164307E+01
  0.1599448561668396E+01  0.1025211811065674E+01
  0.1615523695945740E+01  0.1000881433486938E+01
  0.1631760358810425E+01  0.9771118760108948E+00
  0.1648160099983215E+01  0.9538908004760742E+00
  0.1664723157882690E+01  0.9312058091163635E+00
  0.1681454420089722E+01  0.9090451598167419E+00
  0.1698353648185730E+01  0.8873972296714783E+00
  0.1715422749519348E+01  0.8662506341934204E+00
  0.1732663393020630E+01  0.8455942869186401E+00
  0.1750075697898865E+01  0.8254171609878540E+00
  0.1767664790153503E+01  0.8057087659835815E+00
  0.1785430431365967E+01  0.7864584326744080E+00
  0.1803374767303467E+01  0.7676559090614319E+00
  0.1821497559547424E+01  0.7492910027503967E+00
  0.1839804410934448E+01  0.7313539385795593E+00
  0.1858295321464539E+01  0.7138348817825317E+00
  0.1876971840858459E+01  0.6967244744300842E+00
  0.1895834326744080E+01  0.6800134778022766E+00
  0.1914888262748718E+01  0.6636927127838135E+00
  0.1934133529663086E+01  0.6477535367012024E+00
  0.1953572392463684E+01  0.6321872472763062E+00
  0.1973204851150513E+01  0.6169854998588562E+00
  0.1993036270141602E+01  0.6021400690078735E+00
  0.2013067245483398E+01  0.5876429080963135E+00
  0.2033299207687378E+01  0.5734861493110657E+00
  0.2053732872009277E+01  0.5596619844436646E+00
  0.2074373483657837E+01  0.5461629629135132E+00
  0.2095221757888794E+01  0.5329816341400146E+00
  0.2116279602050781E+01  0.5201106667518616E+00
  0.2137547016143799E+01  0.5075430274009705E+00
  0.2159030199050903E+01  0.4952717125415802E+00
  0.2180729150772095E+01  0.4832899868488312E+00
  0.2202646493911743E+01  0.4715911746025085E+00
  0.2224783897399902E+01  0.4601688086986542E+00
  0.2247141838073730E+01  0.4490165412425995E+00
  0.2269726514816284E+01  0.4381282031536102E+00
  0.2292538166046143E+01  0.4274977147579193E+00
  0.2315578937530518E+01  0.4171191453933716E+00
  0.2338849306106567E+01  0.4069867432117462E+00
  0.2362355709075928E+01  0.3970948457717896E+00
  0.2386098384857178E+01  0.3874378800392151E+00
  0.2410079717636108E+01  0.3780104517936707E+00
  0.2434299468994141E+01  0.3688072264194489E+00
  0.2458765268325806E+01  0.3598230779170990E+00
  0.2483476638793945E+01  0.3510528802871704E+00
  0.2508436679840088E+01  0.3424916863441467E+00
  0.2533645153045654E+01  0.3341346681118011E+00
  0.2559109210968018E+01  0.3259770870208740E+00
  0.2584829330444336E+01  0.3180142939090729E+00
  0.2610807657241821E+01  0.3102417886257172E+00
  0.2637045145034790E+01  0.3026551306247711E+00
  0.2663548469543457E+01  0.2952499985694885E+00
  0.2690318107604980E+01  0.2880221605300903E+00
  0.2717356681823730E+01  0.2809675037860870E+00
  0.2744664669036865E+01  0.2740819752216339E+00
  0.2772249698638916E+01  0.2673616111278534E+00
  0.2800111770629883E+01  0.2608025670051575E+00
  0.2828253984451294E+01  0.2544010877609253E+00
  0.2856679201126099E+01  0.2481534779071808E+00
  0.2885387182235718E+01  0.2420561313629150E+00
  0.2914386510848999E+01  0.2361055016517639E+00
  0.2943677186965942E+01  0.2302981764078140E+00
  0.2973262310028076E+01  0.2246307879686356E+00
  0.3003141880035400E+01  0.2191000431776047E+00
  0.3033324718475342E+01  0.2137027382850647E+00
  0.3063810825347900E+01  0.2084357142448425E+00
  0.3094603538513184E+01  0.2032959312200546E+00
  0.3125702381134033E+01  0.1982803791761398E+00
  0.3157116889953613E+01  0.1933861225843430E+00
  0.3188847303390503E+01  0.1886103153228760E+00
  0.3220896482467651E+01  0.1839501410722733E+00
  0.3253264665603638E+01  0.1794028878211975E+00
  0.3285961151123047E+01  0.1749658733606339E+00
  0.3318986654281616E+01  0.1706364899873734E+00
  0.3352343559265137E+01  0.1664121747016907E+00
  0.3386032819747925E+01  0.1622904688119888E+00
  0.3420063495635986E+01  0.1582688987255096E+00
  0.3454436540603638E+01  0.1543451100587845E+00
  0.3489155292510986E+01  0.1505167782306671E+00
  0.3524219036102295E+01  0.1467816382646561E+00
  0.3559638977050781E+01  0.1431374698877335E+00
  0.3595414638519287E+01  0.1395821124315262E+00
  0.3631550312042236E+01  0.1361134350299835E+00
  0.3668048620223999E+01  0.1327293962240219E+00
  0.3704910516738892E+01  0.1294279545545578E+00
  0.3742146492004395E+01  0.1262071579694748E+00
  0.3779756546020508E+01  0.1230650693178177E+00
  0.3817744493484497E+01  0.1199998036026955E+00
  0.3856110334396362E+01  0.1170095279812813E+00
  0.3894865989685059E+01  0.1140924394130707E+00
  0.3934011220932007E+01  0.1112467870116234E+00
  0.3973549604415894E+01  0.1084708571434021E+00
  0.4013481616973877E+01  0.1057629808783531E+00
  0.4053818225860596E+01  0.1031215190887451E+00
  0.4094560623168945E+01  0.1005448848009109E+00
  0.4135712623596191E+01  0.9803152084350586E-01
  0.4177274703979492E+01  0.9557990729808807E-01
  0.4219257831573486E+01  0.9318855404853821E-01
  0.4261662960052490E+01  0.9085602313280106E-01
  0.4304494380950928E+01  0.8858088403940201E-01
  0.4347752094268799E+01  0.8636176586151123E-01
  0.4391448497772217E+01  0.8419731259346008E-01
  0.4435584545135498E+01  0.8208620548248291E-01
  0.4480164051055908E+01  0.8002715557813644E-01
  0.4525187015533447E+01  0.7801890373229980E-01
  0.4570667266845703E+01  0.7606022059917450E-01
  0.4616604328155518E+01  0.7414991408586502E-01
  0.4663002490997314E+01  0.7228679955005646E-01
  0.4709867954254150E+01  0.7046975195407867E-01
  0.4757199287414551E+01  0.6869763880968094E-01
  0.4805011272430420E+01  0.6696937978267670E-01
  0.4853303432464600E+01  0.6528390198945999E-01
  0.4902080535888672E+01  0.6364016979932785E-01
  0.4951344013214111E+01  0.6203717365860939E-01
  0.5001106739044189E+01  0.6047391891479492E-01
  0.5051370143890381E+01  0.5894943699240685E-01
  0.5102138519287109E+01  0.5746278911828995E-01
  0.5153411865234375E+01  0.5601304769515991E-01
  0.5205205917358398E+01  0.5459931492805481E-01
  0.5257520198822021E+01  0.5322071909904480E-01
  0.5310360431671143E+01  0.5187639221549034E-01
  0.5363726615905762E+01  0.5056550353765488E-01
  0.5417634010314941E+01  0.4928724095225334E-01
  0.5472083568572998E+01  0.4804079979658127E-01
  0.5527080535888672E+01  0.4682540521025658E-01
  0.5582623958587646E+01  0.4564030095934868E-01
  0.5638731956481934E+01  0.4448474198579788E-01
  0.5695403575897217E+01  0.4335800930857658E-01
  0.5752644538879395E+01  0.4225939512252808E-01
  0.5810455322265625E+01  0.4118821397423744E-01
  0.5868852615356445E+01  0.4014378786087036E-01
  0.5927836894989014E+01  0.3912546113133430E-01
  0.5987413883209229E+01  0.3813259303569794E-01
  0.6047590255737305E+01  0.3716456145048141E-01
  0.6108364582061768E+01  0.3622074797749519E-01
  0.6169755935668945E+01  0.3530056402087212E-01
  0.6231764793395996E+01  0.3440342471003532E-01
  0.6294396400451660E+01  0.3352876007556915E-01
  0.6357651710510254E+01  0.3267602249979973E-01
  0.6421548843383789E+01  0.3184466436505318E-01
  0.6486087799072266E+01  0.3103416413068771E-01
  0.6551275730133057E+01  0.3024400398135185E-01
  0.6617112159729004E+01  0.2947368100285530E-01
  0.6683617115020752E+01  0.2872270718216896E-01
  0.6750789642333984E+01  0.2799060195684433E-01
  0.6818638324737549E+01  0.2727690339088440E-01
  0.6887161731719971E+01  0.2658115327358246E-01
  0.6956380367279053E+01  0.2590290829539299E-01
  0.7026294231414795E+01  0.2524173818528652E-01
  0.7096911430358887E+01  0.2459721639752388E-01
  0.7168231010437012E+01  0.2396893501281738E-01
  0.7240274906158447E+01  0.2335648797452450E-01
  0.7313042640686035E+01  0.2275948412716389E-01
  0.7386541366577148E+01  0.2217754162847996E-01
  0.7460772514343262E+01  0.2161028236150742E-01
  0.7535756111145020E+01  0.2105734311044216E-01
  0.7611493587493896E+01  0.2051836811006069E-01
  0.7687992095947266E+01  0.1999300904572010E-01
  0.7765251159667969E+01  0.1948092877864838E-01
  0.7843296051025391E+01  0.1898179389536381E-01
  0.7922123908996582E+01  0.1849528402090073E-01
  0.8001744270324707E+01  0.1802108436822891E-01
  0.8082165718078613E+01  0.1755888760089874E-01
  0.8163386344909668E+01  0.1710839383304119E-01
  0.8245431900024414E+01  0.1666931249201298E-01
  0.8328301429748535E+01  0.1624135859310627E-01
  0.8412004470825195E+01  0.1582425273954868E-01
  0.8496540069580078E+01  0.1541772577911615E-01
  0.8581933021545410E+01  0.1502151321619749E-01
  0.8668186187744141E+01  0.1463535707443953E-01
  0.8755304336547852E+01  0.1425900589674711E-01
  0.8843290328979492E+01  0.1389221474528313E-01
  0.8932168960571289E+01  0.1353474427014589E-01
  0.9021940231323242E+01  0.1318636164069176E-01
  0.9112614631652832E+01  0.1284683775156736E-01
  0.9204191207885742E+01  0.1251595187932253E-01
  0.9296697616577148E+01  0.1219348609447479E-01
  0.9390132904052734E+01  0.1187922898679972E-01
  0.9484506607055664E+01  0.1157297566533089E-01
  0.9579820632934570E+01  0.1127452310174704E-01
  0.9676101684570312E+01  0.1098367664963007E-01
  0.9773350715637207E+01  0.1070024445652962E-01
  0.9871577262878418E+01  0.1042404025793076E-01
  0.9970781326293945E+01  0.1015488244593143E-01
  0.1007099151611328E+02  0.9892593137919903E-02
  0.1017220878601074E+02  0.9637000970542431E-02
  0.1027444362640381E+02  0.9387936443090439E-02
  0.1037770557403564E+02  0.9145234711468220E-02
  0.1048199558258057E+02  0.8908736519515514E-02
  0.1058734321594238E+02  0.8678285405039787E-02
  0.1069375038146973E+02  0.8453727699816227E-02
  0.1080122661590576E+02  0.8234915323555470E-02
  0.1090977287292480E+02  0.8021702989935875E-02
  0.1101942062377930E+02  0.7813949137926102E-02
  0.1113017082214355E+02  0.7611515931785107E-02
  0.1124203300476074E+02  0.7414269261062145E-02
  0.1135500907897949E+02  0.7222076877951622E-02
  0.1146913146972656E+02  0.7034812122583389E-02
  0.1158440113067627E+02  0.6852349266409874E-02
  0.1170082855224609E+02  0.6674567237496376E-02
  0.1181841564178467E+02  0.6501347292214632E-02
  0.1193719482421875E+02  0.6332573480904102E-02
  0.1205716896057129E+02  0.6168134044855833E-02
  0.1217834854125977E+02  0.6007918156683445E-02
  0.1230073451995850E+02  0.5851819179952145E-02
  0.1242436122894287E+02  0.5699732806533575E-02
  0.1254923057556152E+02  0.5551556590944529E-02
  0.1267535591125488E+02  0.5407191812992096E-02
  0.1280273532867432E+02  0.5266541615128517E-02
  0.1293140792846680E+02  0.5129511002451181E-02
  0.1306137371063232E+02  0.4996009171009064E-02
  0.1319264698028564E+02  0.4865945316851139E-02
  0.1332523727416992E+02  0.4739231895655394E-02
  0.1345914840698242E+02  0.4615784622728825E-02
  0.1359441852569580E+02  0.4495519213378429E-02
  0.1373104763031006E+02  0.4378355573862791E-02
  0.1386905002593994E+02  0.4264213610440493E-02
  0.1400842666625977E+02  0.4153016954660416E-02
  0.1414921665191650E+02  0.4044690169394016E-02
  0.1429142189025879E+02  0.3939160611480474E-02
  0.1443505573272705E+02  0.3836356336250901E-02
  0.1458012008666992E+02  0.3736207960173488E-02
  0.1472665596008301E+02  0.3638647496700287E-02
  0.1487466526031494E+02  0.3543609054759145E-02
  0.1502416229248047E+02  0.3451028373092413E-02
  0.1517514610290527E+02  0.3360842121765018E-02
  0.1532766246795654E+02  0.3272989531978965E-02
  0.1548171043395996E+02  0.3187410766258836E-02
  0.1563730907440186E+02  0.3104047384113073E-02
  0.1579445457458496E+02  0.3022843040525913E-02
  0.1595319461822510E+02  0.2943742321804166E-02
  0.1611353111267090E+02  0.2866691211238503E-02
  0.1627547836303711E+02  0.2791637321934104E-02
  0.1643903923034668E+02  0.2718529198318720E-02
  0.1660425758361816E+02  0.2647317480295897E-02
  0.1677113723754883E+02  0.2577952807769179E-02
  0.1693969345092773E+02  0.2510388381779194E-02
  0.1710994338989258E+02  0.2444577869027853E-02
  0.1728188896179199E+02  0.2380475867539644E-02
  0.1745557975769043E+02  0.2318039070814848E-02
  0.1763101387023926E+02  0.2257224172353745E-02
  0.1780821418762207E+02  0.2197989728301764E-02
  0.1798717689514160E+02  0.2140295226126909E-02
  0.1816795349121094E+02  0.2084100851789117E-02
  0.1835054969787598E+02  0.2029367955401540E-02
  0.1853497886657715E+02  0.1976059284061193E-02
  0.1872124481201172E+02  0.1924137934111059E-02
  0.1890940093994141E+02  0.1873568166047335E-02
  0.1909944725036621E+02  0.1824315404519439E-02
  0.1929140663146973E+02  0.1776345307007432E-02
  0.1948527336120605E+02  0.1729625160805881E-02
  0.1968110656738281E+02  0.1684122486039996E-02
  0.1987891006469727E+02  0.1639805850572884E-02
  0.2007870101928711E+02  0.1596644753590226E-02
  0.2028048133850098E+02  0.1554609276354313E-02
  0.2048430824279785E+02  0.1513670431450009E-02
  0.2069018363952637E+02  0.1473799929954112E-02
  0.2089812850952148E+02  0.1434969948604703E-02
  0.2110814285278320E+02  0.1397153944708407E-02
  0.2132028770446777E+02  0.1360325608402491E-02
  0.2153456497192383E+02  0.1324459328316152E-02
  0.2175099563598633E+02  0.1289530307985842E-02
  0.2196960258483887E+02  0.1255514333024621E-02
  0.2219038581848145E+02  0.1222387887537479E-02
  0.2241340637207031E+02  0.1190127688460052E-02
  0.2263866996765137E+02  0.1158711384050548E-02
  0.2286619758605957E+02  0.1128117088228464E-02
  0.2309598922729492E+02  0.1098323613405228E-02
  0.2332811546325684E+02  0.1069310004822910E-02
  0.2356257057189941E+02  0.1041056122630835E-02
  0.2379938316345215E+02  0.1013542292639613E-02
  0.2403855323791504E+02  0.9867491899058223E-03
  0.2428015327453613E+02  0.9606582461856306E-03
  0.2452417755126953E+02  0.9352511842735112E-03
  0.2477065467834473E+02  0.9105102508328855E-03
  0.2501958465576172E+02  0.8864181581884623E-03
  0.2527104377746582E+02  0.8629580843262374E-03
  0.2552502822875977E+02  0.8401135564781725E-03
  0.2578156280517578E+02  0.8178685675375164E-03
  0.2604065322875977E+02  0.7962076342664659E-03
  0.2630237197875977E+02  0.7751154480502009E-03
  0.2656672096252441E+02  0.7545772823505104E-03
  0.2683372688293457E+02  0.7345787016674876E-03
  0.2710339355468750E+02  0.7151056779548526E-03
  0.2737579345703125E+02  0.6961444742046297E-03
  0.2765093040466309E+02  0.6776818190701306E-03
  0.2792883300781250E+02  0.6597046740353107E-03
  0.2820952796936035E+02  0.6422004662454128E-03
  0.2849301719665527E+02  0.6251567392610013E-03
  0.2877938270568848E+02  0.6085616187192500E-03
  0.2906862831115723E+02  0.5924032884649932E-03
  0.2936078071594238E+02  0.5766703980043530E-03
  0.2965583992004395E+02  0.5613518878817558E-03
  0.2995389366149902E+02  0.5464368732646108E-03
  0.3025494003295898E+02  0.5319148185662925E-03
  0.3055901527404785E+02  0.5177754792384803E-03
  0.3086611557006836E+02  0.5040089017711580E-03
  0.3117633438110352E+02  0.4906053072772920E-03
  0.3148966789245605E+02  0.4775552079081535E-03
  0.3180614852905273E+02  0.4648493486456573E-03
  0.3212578201293945E+02  0.4524787655100226E-03
  0.3244866180419922E+02  0.4404346691444516E-03
  0.3277478408813477E+02  0.4287085030227900E-03
  0.3310418319702148E+02  0.4172919725533575E-03
  0.3343686294555664E+02  0.4061769577674568E-03
  0.3377291488647461E+02  0.3953555424232036E-03
  0.3411234664916992E+02  0.3848200722131878E-03
  0.3445518875122070E+02  0.3745630674529821E-03
  0.3480144119262695E+02  0.3645771939773113E-03
  0.3515121078491211E+02  0.3548553504515439E-03
  0.3550449752807617E+02  0.3453906392678618E-03
  0.3586133193969727E+02  0.3361762792337686E-03
  0.3622171783447266E+02  0.3272057510912418E-03
  0.3658575820922852E+02  0.3184726519975811E-03
  0.3695346069335938E+02  0.3099706955254078E-03
  0.3732485961914062E+02  0.3016938862856477E-03
  0.3769998550415039E+02  0.2936362870968878E-03
  0.3807885360717773E+02  0.2857921062968671E-03
  0.3846155929565430E+02  0.2781557559501380E-03
  0.3884811019897461E+02  0.2707217936404049E-03
  0.3923855209350586E+02  0.2634848933666945E-03
  0.3963287734985352E+02  0.2564398164395243E-03
  0.4003120040893555E+02  0.2495816152077168E-03
  0.4043353271484375E+02  0.2429052838124335E-03
  0.4083990478515625E+02  0.2364060783293098E-03
  0.4125032424926758E+02  0.2300793566973880E-03
  0.4166490554809570E+02  0.2239205350633711E-03
  0.4208365631103516E+02  0.2179252333007753E-03
  0.4250661087036133E+02  0.2120891294907779E-03
  0.4293378067016602E+02  0.2064080326817930E-03
  0.4336528015136719E+02  0.2008778537856415E-03
  0.4380112075805664E+02  0.1954946201294661E-03
  0.4424134063720703E+02  0.1902544609038159E-03
  0.4468593978881836E+02  0.1851536071626469E-03
  0.4513504791259766E+02  0.1801883627194911E-03
  0.4558867263793945E+02  0.1753551769070327E-03
  0.4604685974121094E+02  0.1706505572656170E-03
  0.4650960540771484E+02  0.1660711131989956E-03
  0.4697704696655273E+02  0.1616135268704966E-03
  0.4744918441772461E+02  0.1572745968587697E-03
  0.4792606353759766E+02  0.1530511799501255E-03
  0.4840774154663086E+02  0.1489402202423662E-03
  0.4889421081542969E+02  0.1449387636967003E-03
  0.4938561630249023E+02  0.1410438999300823E-03
  0.4988196563720703E+02  0.1372528058709577E-03
  0.5038329696655273E+02  0.1335627603111789E-03
  0.5088962173461914E+02  0.1299710856983438E-03
  0.5140108489990234E+02  0.1264751772396266E-03
  0.5191768264770508E+02  0.1230724883498624E-03
  0.5243947219848633E+02  0.1197605743072927E-03
  0.5296646118164062E+02  0.1165370122180320E-03
  0.5349879837036133E+02  0.1133994810516015E-03
  0.5403647994995117E+02  0.1103456961573102E-03
  0.5457956695556641E+02  0.1073734310921282E-03
  0.5512805938720703E+02  0.1044805394485593E-03
  0.5568212509155273E+02  0.1016649111988954E-03
  0.5624174880981445E+02  0.9892449452308938E-04
  0.5680700302124023E+02  0.9625730308471248E-04
  0.5737788009643555E+02  0.9366139420308173E-04
  0.5795454788208008E+02  0.9113487612921745E-04
  0.5853701782226562E+02  0.8867590076988563E-04
  0.5912533569335938E+02  0.8628269279142842E-04
  0.5971951675415039E+02  0.8395349141210318E-04
  0.6031971740722656E+02  0.8168660133378580E-04
  0.6092595291137695E+02  0.7948037091409788E-04
  0.6153828430175781E+02  0.7733318489044905E-04
  0.6215677261352539E+02  0.7524347893195227E-04
  0.6278141021728516E+02  0.7320972508750856E-04
  0.6341239166259766E+02  0.7123043906176463E-04
  0.6404971313476562E+02  0.6930417293915525E-04
  0.6469343566894531E+02  0.6742951518390328E-04
  0.6534356689453125E+02  0.6560509791597724E-04
  0.6600029754638672E+02  0.6382957508321851E-04
  0.6666361999511719E+02  0.6210165884112939E-04
  0.6733362579345703E+02  0.6042007953510620E-04
  0.6801028442382812E+02  0.5878359661437571E-04
  0.6869381713867188E+02  0.5719101682188921E-04
  0.6938421630859375E+02  0.5564116872847080E-04
  0.7008155822753906E+02  0.5413291728473268E-04
  0.7078583526611328E+02  0.5266514563118108E-04
  0.7149726104736328E+02  0.5123678420204669E-04
  0.7221583557128906E+02  0.4984677798347548E-04
  0.7294163513183594E+02  0.4849410470342264E-04
  0.7367465209960938E+02  0.4717777483165264E-04
  0.7441511535644531E+02  0.4589681702782400E-04
  0.7516301727294922E+02  0.4465028541744687E-04
  0.7591843414306641E+02  0.4343726686784066E-04
  0.7668137359619141E+02  0.4225686643621884E-04
  0.7745205688476562E+02  0.4110821464564651E-04
  0.7823047637939453E+02  0.3999046384706162E-04
  0.7901672363281250E+02  0.3890278821927495E-04
  0.7981087493896484E+02  0.3784438013099134E-04
  0.8061293029785156E+02  0.3681446105474606E-04
  0.8142311859130859E+02  0.3581226337701082E-04
  0.8224145507812500E+02  0.3483705222606659E-04
  0.8306801605224609E+02  0.3388810000615194E-04
  0.8390280151367188E+02  0.3296471186331473E-04
  0.8474605560302734E+02  0.3206620385753922E-04
  0.8559779357910156E+02  0.3119191751466133E-04
  0.8645807647705078E+02  0.3034120345546398E-04
  0.8732693481445312E+02  0.2951344140456058E-04
  0.8820460510253906E+02  0.2870801836252213E-04
  0.8909109497070312E+02  0.2792433770082425E-04
  0.8998649597167969E+02  0.2716182098083664E-04
  0.9089080810546875E+02  0.2641989158291835E-04
  0.9180429840087891E+02  0.2569798380136490E-04
  0.9272697448730469E+02  0.2499555012036581E-04
  0.9365891265869141E+02  0.2431205939501524E-04
  0.9460013580322266E+02  0.2364699139434379E-04
  0.9555090332031250E+02  0.2299984771525487E-04
  0.9651123046875000E+02  0.2237013723060954E-04
  0.9748120117187500E+02  0.2175741065002512E-04
  0.9846083831787109E+02  0.2116125142492820E-04
  0.9945040130615234E+02  0.2058125210169237E-04
  0.1004499206542969E+03  0.2001701432163827E-04
  0.1014594879150391E+03  0.1946814700204413E-04
  0.1024791946411133E+03  0.1893426633614581E-04
