  0.9999999747378752E-04  0.1960074310302734E+03
  0.1010050182230771E-03  0.1979169158935547E+03
  0.1020201307255775E-03  0.1998449707031250E+03
  0.1030454513966106E-03  0.2017917938232422E+03
  0.1040810820995830E-03  0.2037575836181641E+03
  0.1051271028700285E-03  0.2057424926757812E+03
  0.1061836592270993E-03  0.2077467193603516E+03
  0.1072508166544139E-03  0.2097704467773438E+03
  0.1083287061192095E-03  0.2118138580322266E+03
  0.1094174222089350E-03  0.2138771362304688E+03
  0.1105170958908275E-03  0.2159604949951172E+03
  0.1116277999244630E-03  0.2180641174316406E+03
  0.1127496798289940E-03  0.2201882019042969E+03
  0.1138828374678269E-03  0.2223329620361328E+03
  0.1150273747043684E-03  0.2244985809326172E+03
  0.1161834225058556E-03  0.2266852569580078E+03
  0.1173510900116526E-03  0.2288932037353516E+03
  0.1185304863611236E-03  0.2311226043701172E+03
  0.1197217279695906E-03  0.2333736877441406E+03
  0.1209249603562057E-03  0.2356466674804688E+03
  0.1221402781084180E-03  0.2379417572021484E+03
  0.1233678049175069E-03  0.2402591705322266E+03
  0.1246076717507094E-03  0.2425991058349609E+03
  0.1258599950233474E-03  0.2449617919921875E+03
  0.1271249202545732E-03  0.2473474578857422E+03
  0.1284025347558782E-03  0.2497563018798828E+03
  0.1296929985983297E-03  0.2521885528564453E+03
  0.1309964427491650E-03  0.2546444549560547E+03
  0.1323129690717906E-03  0.2571242370605469E+03
  0.1336427376372740E-03  0.2596281127929688E+03
  0.1349858794128522E-03  0.2621563415527344E+03
  0.1363425108138472E-03  0.2647091369628906E+03
  0.1377127773594111E-03  0.2672867736816406E+03
  0.1390968100167811E-03  0.2698894348144531E+03
  0.1404947543051094E-03  0.2725173645019531E+03
  0.1419067411916330E-03  0.2751708374023438E+03
  0.1433329307474196E-03  0.2778500671386719E+03
  0.1447734539397061E-03  0.2805553283691406E+03
  0.1462284562876448E-03  0.2832868652343750E+03
  0.1476980833103880E-03  0.2860449523925781E+03
  0.1491824659751728E-03  0.2888298034667969E+03
  0.1506817789049819E-03  0.2916417236328125E+03
  0.1521961530670524E-03  0.2944809570312500E+03
  0.1537257339805365E-03  0.2973477478027344E+03
  0.1552707108203322E-03  0.3002424011230469E+03
  0.1568312145536765E-03  0.3031651306152344E+03
  0.1584073906997219E-03  0.3061162414550781E+03
  0.1599994138814509E-03  0.3090960083007812E+03
  0.1616074441699311E-03  0.3121047058105469E+03
  0.1632316125323996E-03  0.3151426086425781E+03
  0.1648721226956695E-03  0.3182100219726562E+03
  0.1665291201788932E-03  0.3213071594238281E+03
  0.1682027505012229E-03  0.3244343566894531E+03
  0.1698932319413871E-03  0.3275919189453125E+03
  0.1716006663627923E-03  0.3307800903320312E+03
  0.1733253011479974E-03  0.3339992065429688E+03
  0.1750672381604090E-03  0.3372495422363281E+03
  0.1768266956787556E-03  0.3405313720703125E+03
  0.1786038337741047E-03  0.3438450622558594E+03
  0.1803988270694390E-03  0.3471908569335938E+03
  0.1822118647396564E-03  0.3505691223144531E+03
  0.1840431359596550E-03  0.3539801025390625E+03
  0.1858928008005023E-03  0.3574241943359375E+03
  0.1877610484370962E-03  0.3609016418457031E+03
  0.1896480680443347E-03  0.3644128112792969E+03
  0.1915540779009461E-03  0.3679579772949219E+03
  0.1934792235260829E-03  0.3715375366210938E+03
  0.1954237231984735E-03  0.3751517639160156E+03
  0.1973877806449309E-03  0.3788009948730469E+03
  0.1993715413846076E-03  0.3824855957031250E+03
  0.2013752673519775E-03  0.3862058715820312E+03
  0.2033991040661931E-03  0.3899622192382812E+03
  0.2054432989098132E-03  0.3937549133300781E+03
  0.2075080556096509E-03  0.3975843200683594E+03
  0.2095935487886891E-03  0.4014507446289062E+03
  0.2117000112775713E-03  0.4053545837402344E+03
  0.2138276031473652E-03  0.4092962341308594E+03
  0.2159766154363751E-03  0.4132760314941406E+03
  0.2181472227675840E-03  0.4172943420410156E+03
  0.2203396288678050E-03  0.4213515319824219E+03
  0.2225540811195970E-03  0.4254479675292969E+03
  0.2247907832497731E-03  0.4295840148925781E+03
  0.2270499680889770E-03  0.4337600402832031E+03
  0.2293318684678525E-03  0.4379764709472656E+03
  0.2316366881132126E-03  0.4422336120605469E+03
  0.2339646744076163E-03  0.4465319519042969E+03
  0.2363160601817071E-03  0.4508717956542969E+03
  0.2386910782661289E-03  0.4552535705566406E+03
  0.2410899614915252E-03  0.4596776733398438E+03
  0.2435129572404549E-03  0.4641444702148438E+03
  0.2459603128954768E-03  0.4686544189453125E+03
  0.2484322467353195E-03  0.4732079162597656E+03
  0.2509290061425418E-03  0.4778053588867188E+03
  0.2534509112592787E-03  0.4824471740722656E+03
  0.2559981367085129E-03  0.4871337890625000E+03
  0.2585709444247186E-03  0.4918656005859375E+03
  0.2611696545500308E-03  0.4966430358886719E+03
  0.2637944417074323E-03  0.5014665222167969E+03
  0.2664455969352275E-03  0.5063365173339844E+03
  0.2691234403755516E-03  0.5112534484863281E+03
  0.2718281757552177E-03  0.5162177734375000E+03
  0.2745600941125304E-03  0.5212299194335938E+03
  0.2773194864857942E-03  0.5262904052734375E+03
  0.2801065566018224E-03  0.5313996582031250E+03
  0.2829216828104109E-03  0.5365580444335938E+03
  0.2857650979422033E-03  0.5417661132812500E+03
  0.2886370930355042E-03  0.5470242309570312E+03
  0.2915379300247878E-03  0.5523329467773438E+03
  0.2944679290521890E-03  0.5576927490234375E+03
  0.2974274102598429E-03  0.5631040649414062E+03
  0.3004166064783931E-03  0.5685673828125000E+03
  0.3034358378499746E-03  0.5740832519531250E+03
  0.3064853954128921E-03  0.5796520996093750E+03
  0.3095656284131110E-03  0.5852744750976562E+03
  0.3126768278889358E-03  0.5909508666992188E+03
  0.3158192848786712E-03  0.5966817626953125E+03
  0.3189932904206216E-03  0.6024676513671875E+03
  0.3221992519684136E-03  0.6083090209960938E+03
  0.3254374023526907E-03  0.6142064208984375E+03
  0.3287080908194184E-03  0.6201603393554688E+03
  0.3320116666145623E-03  0.6261713867187500E+03
  0.3353484207764268E-03  0.6322400512695312E+03
  0.3387187607586384E-03  0.6383668212890625E+03
  0.3421229484956712E-03  0.6445522460937500E+03
  0.3455613623373210E-03  0.6507969360351562E+03
  0.3490342642180622E-03  0.6571013183593750E+03
  0.3525421197991818E-03  0.6634660034179688E+03
  0.3560852492228150E-03  0.6698916015625000E+03
  0.3596639435272664E-03  0.6763786621093750E+03
  0.3632786392699927E-03  0.6829277343750000E+03
  0.3669296274892986E-03  0.6895394287109375E+03
  0.3706173447426409E-03  0.6962141723632812E+03
  0.3743421111721545E-03  0.7029526977539062E+03
  0.3781043051276356E-03  0.7097554931640625E+03
  0.3819043049588799E-03  0.7166231079101562E+03
  0.3857425472233444E-03  0.7235562744140625E+03
  0.3896193229593337E-03  0.7305554809570312E+03
  0.3935350687243044E-03  0.7376213989257812E+03
  0.3974901628680527E-03  0.7447545776367188E+03
  0.4014850128442049E-03  0.7519557495117188E+03
  0.4055199970025569E-03  0.7592254028320312E+03
  0.4095955227967352E-03  0.7665642089843750E+03
  0.4137120267841965E-03  0.7739727783203125E+03
  0.4178698873147368E-03  0.7814516601562500E+03
  0.4220695409458131E-03  0.7890015869140625E+03
  0.4263113951310515E-03  0.7966231689453125E+03
  0.4305959155317396E-03  0.8043170776367188E+03
  0.4349234513938427E-03  0.8120839843750000E+03
  0.4392945556901395E-03  0.8199245605468750E+03
  0.4437095485627651E-03  0.8278394165039062E+03
  0.4481688956730068E-03  0.8358292236328125E+03
  0.4526730335783213E-03  0.8438945922851562E+03
  0.4572224861476570E-03  0.8520362548828125E+03
  0.4618176317308098E-03  0.8602549438476562E+03
  0.4664589650928974E-03  0.8685512084960938E+03
  0.4711470101028681E-03  0.8769258422851562E+03
  0.4758820869028568E-03  0.8853795166015625E+03
  0.4806647775694728E-03  0.8939129028320312E+03
  0.4854955477640033E-03  0.9025267944335938E+03
  0.4903748631477356E-03  0.9112218627929688E+03
  0.4953031893819571E-03  0.9199987792968750E+03
  0.5002811085432768E-03  0.9288583374023438E+03
  0.5053090280853212E-03  0.9378012084960938E+03
  0.5103874718770385E-03  0.9468281860351562E+03
  0.5155169637873769E-03  0.9559398803710938E+03
  0.5206979694776237E-03  0.9651371459960938E+03
  0.5259310710243881E-03  0.9744207153320312E+03
  0.5312167340889573E-03  0.9837911987304688E+03
  0.5365555407479405E-03  0.9932495117187500E+03
  0.5419480148702860E-03  0.1002796386718750E+04
  0.5473946803249419E-03  0.1012432556152344E+04
  0.5528961191885173E-03  0.1022158813476562E+04
  0.5584527971222997E-03  0.1031975952148438E+04
  0.5640654126182199E-03  0.1041884765625000E+04
  0.5697343149222434E-03  0.1051885986328125E+04
  0.5754602607339621E-03  0.1061980346679688E+04
  0.5812437157146633E-03  0.1072168701171875E+04
  0.5870853201486170E-03  0.1082451904296875E+04
  0.5929855979047716E-03  0.1092830810546875E+04
  0.5989452474750578E-03  0.1103306274414062E+04
  0.6049647345207632E-03  0.1113878906250000E+04
  0.6110446993261576E-03  0.1124549682617188E+04
  0.6171857821755111E-03  0.1135319335937500E+04
  0.6233886233530939E-03  0.1146188720703125E+04
  0.6296537467278540E-03  0.1157158569335938E+04
  0.6359818507917225E-03  0.1168229736328125E+04
  0.6423736922442913E-03  0.1179403320312500E+04
  0.6488296203315258E-03  0.1190680175781250E+04
  0.6553504499606788E-03  0.1202061035156250E+04
  0.6619368214160204E-03  0.1213546752929688E+04
  0.6685894331894815E-03  0.1225138061523438E+04
  0.6753088091500103E-03  0.1236836059570312E+04
  0.6820958224125206E-03  0.1248641357421875E+04
  0.6889509386382997E-03  0.1260555175781250E+04
  0.6958750309422612E-03  0.1272578125000000E+04
  0.7028686814010143E-03  0.1284711303710938E+04
  0.7099326467141509E-03  0.1296955566406250E+04
  0.7170675671659410E-03  0.1309311645507812E+04
  0.7242741994559765E-03  0.1321780639648438E+04
  0.7315533584915102E-03  0.1334363403320312E+04
  0.7389056263491511E-03  0.1347060913085938E+04
  0.7463317015208304E-03  0.1359873901367188E+04
  0.7538324571214616E-03  0.1372803466796875E+04
  0.7614085916429758E-03  0.1385850463867188E+04
  0.7690608617849648E-03  0.1399015991210938E+04
  0.7767900824546814E-03  0.1412300903320312E+04
  0.7845968939363956E-03  0.1425706054687500E+04
  0.7924822857603431E-03  0.1439232543945312E+04
  0.8004467817954719E-03  0.1452881103515625E+04
  0.8084913715720177E-03  0.1466652954101562E+04
  0.8166168699972332E-03  0.1480548828125000E+04
  0.8248240337707102E-03  0.1494569702148438E+04
  0.8331136777997017E-03  0.1508716674804688E+04
  0.8414865005761385E-03  0.1522990722656250E+04
  0.8499436080455780E-03  0.1537392944335938E+04
  0.8584856986999512E-03  0.1551924194335938E+04
  0.8671135874465108E-03  0.1566585449218750E+04
  0.8758282638154924E-03  0.1581377563476562E+04
  0.8846306591294706E-03  0.1596301635742188E+04
  0.8935213554650545E-03  0.1611358764648438E+04
  0.9025013423524797E-03  0.1626549926757812E+04
  0.9115716675296426E-03  0.1641876220703125E+04
  0.9207330294884741E-03  0.1657338500976562E+04
  0.9299866505898535E-03  0.1672937988281250E+04
  0.9393331129103899E-03  0.1688675415039062E+04
  0.9487735223956406E-03  0.1704552001953125E+04
  0.9583088685758412E-03  0.1720568725585938E+04
  0.9679400245659053E-03  0.1736726440429688E+04
  0.9776679798960686E-03  0.1753026367187500E+04
  0.9874936658889055E-03  0.1769469604492188E+04
  0.9974181884899735E-03  0.1786057006835938E+04
  0.1007442362606525E-02  0.1802789916992188E+04
  0.1017567352391779E-02  0.1819669067382812E+04
  0.1027794089168310E-02  0.1836695678710938E+04
  0.1038123620674014E-02  0.1853870727539062E+04
  0.1048556878231466E-02  0.1871195190429688E+04
  0.1059095025993884E-02  0.1888670288085938E+04
  0.1069739111699164E-02  0.1906296875000000E+04
  0.1080490066669881E-02  0.1924076293945312E+04
  0.1091349171474576E-02  0.1942009399414062E+04
  0.1102317473851144E-02  0.1960097412109375E+04
  0.1113395905122161E-02  0.1978341430664062E+04
  0.1124585745856166E-02  0.1996742309570312E+04
  0.1135887927375734E-02  0.2015301147460938E+04
  0.1147304079495370E-02  0.2034018798828125E+04
  0.1158834667876363E-02  0.2052896728515625E+04
  0.1170481205917895E-02  0.2071935791015625E+04
  0.1182244624942541E-02  0.2091136962890625E+04
  0.1194126438349485E-02  0.2110501708984375E+04
  0.1206127577461302E-02  0.2130031005859375E+04
  0.1218249439261854E-02  0.2149725341796875E+04
  0.1230492955073714E-02  0.2169586181640625E+04
  0.1242859638296068E-02  0.2189614746093750E+04
  0.1255350536666811E-02  0.2209812011718750E+04
  0.1267967047169805E-02  0.2230178955078125E+04
  0.1280710333958268E-02  0.2250716796875000E+04
  0.1293581677600741E-02  0.2271426269531250E+04
  0.1306582358665764E-02  0.2292308593750000E+04
  0.1319713657721877E-02  0.2313364746093750E+04
  0.1332976971752942E-02  0.2334595947265625E+04
  0.1346373581327498E-02  0.2356002929687500E+04
  0.1359904883429408E-02  0.2377587158203125E+04
  0.1373572158627212E-02  0.2399349609375000E+04
  0.1387376803904772E-02  0.2421291015625000E+04
  0.1401320099830627E-02  0.2443412597656250E+04
  0.1415403559803963E-02  0.2465715087890625E+04
  0.1429628580808640E-02  0.2488199951171875E+04
  0.1443996676243842E-02  0.2510867919921875E+04
  0.1458509010262787E-02  0.2533720214843750E+04
  0.1473167678341269E-02  0.2556757568359375E+04
  0.1487973146140575E-02  0.2579981201171875E+04
  0.1502927509136498E-02  0.2603392089843750E+04
  0.1518032280728221E-02  0.2626990966796875E+04
  0.1533288741484284E-02  0.2650779052734375E+04
  0.1548698521219194E-02  0.2674757324218750E+04
  0.1564263133332133E-02  0.2698926513671875E+04
  0.1579984207637608E-02  0.2723287841796875E+04
  0.1595863257534802E-02  0.2747842285156250E+04
  0.1611902029253542E-02  0.2772590332031250E+04
  0.1628101919777691E-02  0.2797533691406250E+04
  0.1644464675337076E-02  0.2822672607421875E+04
  0.1660991576500237E-02  0.2848008056640625E+04
  0.1677684951573610E-02  0.2873541259765625E+04
  0.1694545848295093E-02  0.2899272949218750E+04
  0.1711576362140477E-02  0.2925203613281250E+04
  0.1728778006508946E-02  0.2951334716796875E+04
  0.1746152411215007E-02  0.2977666748046875E+04
  0.1763701555319130E-02  0.3004200683593750E+04
  0.1781426952220500E-02  0.3030937255859375E+04
  0.1799330697394907E-02  0.3057877441406250E+04
  0.1817414187826216E-02  0.3085021972656250E+04
  0.1835679635405540E-02  0.3112371582031250E+04
  0.1854128437116742E-02  0.3139927001953125E+04
  0.1872762688435614E-02  0.3167688964843750E+04
  0.1891584135591984E-02  0.3195658447265625E+04
  0.1910595456138253E-02  0.3223835937500000E+04
  0.1929797115735710E-02  0.3252222412109375E+04
  0.1949192024767399E-02  0.3280818603515625E+04
  0.1968781696632504E-02  0.3309624755859375E+04
  0.1988568343222141E-02  0.3338642089843750E+04
  0.2008553594350815E-02  0.3367870605468750E+04
  0.2028739778324962E-02  0.3397311523437500E+04
  0.2049128990620375E-02  0.3426965087890625E+04
  0.2069723093882203E-02  0.3456832031250000E+04
  0.2090524183586240E-02  0.3486912841796875E+04
  0.2111534355208278E-02  0.3517208251953125E+04
  0.2132755704224110E-02  0.3547718750000000E+04
  0.2154190093278885E-02  0.3578444335937500E+04
  0.2175839850679040E-02  0.3609385742187500E+04
  0.2197707537561655E-02  0.3640543701171875E+04
  0.2219794783741236E-02  0.3671918457031250E+04
  0.2242104150354862E-02  0.3703510498046875E+04
  0.2264637732878327E-02  0.3735320312500000E+04
  0.2287397626787424E-02  0.3767347900390625E+04
  0.2310386393219233E-02  0.3799593994140625E+04
  0.2333606127649546E-02  0.3832058593750000E+04
  0.2357059158384800E-02  0.3864741699218750E+04
  0.2380747813731432E-02  0.3897643798828125E+04
  0.2404674887657166E-02  0.3930765136718750E+04
  0.2428842242807150E-02  0.3964105957031250E+04
  0.2453252440318465E-02  0.3997666503906250E+04
  0.2477908739820123E-02  0.4031447021484375E+04
  0.2502811839804053E-02  0.4065447509765625E+04
  0.2527965698391199E-02  0.4099667968750000E+04
  0.2553372178226709E-02  0.4134108398437500E+04
  0.2579034073278308E-02  0.4168768554687500E+04
  0.2604953711852431E-02  0.4203648437500000E+04
  0.2631133887916803E-02  0.4238748046875000E+04
  0.2657577162608504E-02  0.4274067382812500E+04
  0.2684286329895258E-02  0.4309606445312500E+04
  0.2711263718083501E-02  0.4345364746093750E+04
  0.2738512353971601E-02  0.4381341796875000E+04
  0.2766034798696637E-02  0.4417538085937500E+04
  0.2793833846226335E-02  0.4453952636718750E+04
  0.2821912290528417E-02  0.4490585449218750E+04
  0.2850273158401251E-02  0.4527436523437500E+04
  0.2878918778151274E-02  0.4564504882812500E+04
  0.2907852176576853E-02  0.4601789550781250E+04
  0.2937076613306999E-02  0.4639291015625000E+04
  0.2966594882309437E-02  0.4677008300781250E+04
  0.2996409544721246E-02  0.4714940429687500E+04
  0.3026523860171437E-02  0.4753087402343750E+04
  0.3056940855458379E-02  0.4791448730468750E+04
  0.3087663557380438E-02  0.4830022460937500E+04
  0.3118695225566626E-02  0.4868808593750000E+04
  0.3150038653984666E-02  0.4907806152343750E+04
  0.3181697800755501E-02  0.4947014160156250E+04
  0.3213674062862992E-02  0.4986432128906250E+04
  0.3245972329750657E-02  0.5026058105468750E+04
  0.3278594929724932E-02  0.5065892089843750E+04
  0.3311545122414827E-02  0.5105932128906250E+04
  0.3344826865941286E-02  0.5146176757812500E+04
  0.3378442721441388E-02  0.5186625976562500E+04
  0.3412396647036076E-02  0.5227277832031250E+04
  0.3446691902354360E-02  0.5268131835937500E+04
  0.3481331514194608E-02  0.5309185058593750E+04
  0.3516319673508406E-02  0.5350437011718750E+04
  0.3551658941432834E-02  0.5391885253906250E+04
  0.3587353741750121E-02  0.5433528320312500E+04
  0.3623407334089279E-02  0.5475364746093750E+04
  0.3659823210909963E-02  0.5517393066406250E+04
  0.3696604864671826E-02  0.5559611816406250E+04
  0.3733756253495812E-02  0.5602019042968750E+04
  0.3771280869841576E-02  0.5644612792968750E+04
  0.3809183137491345E-02  0.5687390625000000E+04
  0.3847465850412846E-02  0.5730351074218750E+04
  0.3886133432388306E-02  0.5773491210937500E+04
  0.3925189841538668E-02  0.5816809082031250E+04
  0.3964638803154230E-02  0.5860302734375000E+04
  0.4004483576864004E-02  0.5903969726562500E+04
  0.4044729284942150E-02  0.5947807128906250E+04
  0.4085379652678967E-02  0.5991812988281250E+04
  0.4126439336687326E-02  0.6035984375000000E+04
  0.4167910665273666E-02  0.6080318847656250E+04
  0.4209799226373434E-02  0.6124813964843750E+04
  0.4252108279615641E-02  0.6169467285156250E+04
  0.4294842481613159E-02  0.6214274414062500E+04
  0.4338006023317575E-02  0.6259233398437500E+04
  0.4381604027003050E-02  0.6304340332031250E+04
  0.4425639752298594E-02  0.6349592773437500E+04
  0.4470118321478367E-02  0.6394987792968750E+04
  0.4515043459832668E-02  0.6440521972656250E+04
  0.4560420289635658E-02  0.6486191406250000E+04
  0.4606253467500210E-02  0.6531993164062500E+04
  0.4652547184377909E-02  0.6577922851562500E+04
  0.4699305631220341E-02  0.6623977539062500E+04
  0.4746534395962954E-02  0.6670152832031250E+04
  0.4794237669557333E-02  0.6716445800781250E+04
  0.4842421039938927E-02  0.6762851562500000E+04
  0.4891087766736746E-02  0.6809367187500000E+04
  0.4940244369208813E-02  0.6855987304687500E+04
  0.4989894572645426E-02  0.6902708007812500E+04
  0.5040043499320745E-02  0.6949524902343750E+04
  0.5090696737170219E-02  0.6996434082031250E+04
  0.5141858942806721E-02  0.7043430664062500E+04
  0.5193535704165697E-02  0.7090510253906250E+04
  0.5245731677860022E-02  0.7137667968750000E+04
  0.5298452917486429E-02  0.7184898925781250E+04
  0.5351703613996506E-02  0.7232198242187500E+04
  0.5405488889664412E-02  0.7279561035156250E+04
  0.5459814798086882E-02  0.7326981445312500E+04
  0.5514685530215502E-02  0.7374454101562500E+04
  0.5570110399276018E-02  0.7421974121093750E+04
  0.5626089405268431E-02  0.7469535644531250E+04
  0.5682633724063635E-02  0.7517133300781250E+04
  0.5739743821322918E-02  0.7564761230468750E+04
  0.5797430872917175E-02  0.7612414062500000E+04
  0.5855694413185120E-02  0.7660085449218750E+04
  0.5914546549320221E-02  0.7707769531250000E+04
  0.5973986815661192E-02  0.7755460449218750E+04
  0.6034028250724077E-02  0.7803150390625000E+04
  0.6094672251492739E-02  0.7850834472656250E+04
  0.6155923474580050E-02  0.7898504882812500E+04
  0.6217792630195618E-02  0.7946155761718750E+04
  0.6280281115323305E-02  0.7993780761718750E+04
  0.6343400571495295E-02  0.8041372070312500E+04
  0.6407150998711586E-02  0.8088922851562500E+04
  0.6471545435488224E-02  0.8136426269531250E+04
  0.6536584347486496E-02  0.8183875000000000E+04
  0.6602279376238585E-02  0.8231260742187500E+04
  0.6668631453067064E-02  0.8278578125000000E+04
  0.6735654082149267E-02  0.8325817382812500E+04
  0.6803346797823906E-02  0.8372970703125000E+04
  0.6871723104268312E-02  0.8420030273437500E+04
  0.6940783467143774E-02  0.8466989257812500E+04
  0.7010541390627623E-02  0.8513836914062500E+04
  0.7080996409058571E-02  0.8560568359375000E+04
  0.7152163423597813E-02  0.8607172851562500E+04
  0.7224041502922773E-02  0.8653643554687500E+04
  0.7296646479517221E-02  0.8699970703125000E+04
  0.7369977422058582E-02  0.8746143554687500E+04
  0.7444048300385475E-02  0.8792154296875000E+04
  0.7518860511481762E-02  0.8837994140625000E+04
  0.7594428025186062E-02  0.8883653320312500E+04
  0.7670750841498375E-02  0.8929124023437500E+04
  0.7747845258563757E-02  0.8974395507812500E+04
  0.7825713604688644E-02  0.9019458007812500E+04
  0.7904361933469772E-02  0.9064301757812500E+04
  0.7983803749084473E-02  0.9108916992187500E+04
  0.8064040914177895E-02  0.9153292968750000E+04
  0.8145087398588657E-02  0.9197418945312500E+04
  0.8226944133639336E-02  0.9241285156250000E+04
  0.8309628814458847E-02  0.9284879882812500E+04
  0.8393140509724617E-02  0.9328193359375000E+04
  0.8477495051920414E-02  0.9371215820312500E+04
  0.8562692441046238E-02  0.9413934570312500E+04
  0.8648751303553581E-02  0.9456339843750000E+04
  0.8735670708119869E-02  0.9498419921875000E+04
  0.8823467418551445E-02  0.9540163085937500E+04
  0.8912142366170883E-02  0.9581557617187500E+04
  0.9001712314784527E-02  0.9622591796875000E+04
  0.9092180058360100E-02  0.9663252929687500E+04
  0.9183559566736221E-02  0.9703531250000000E+04
  0.9275853633880615E-02  0.9743412109375000E+04
  0.9369079023599625E-02  0.9782885742187500E+04
  0.9463237598538399E-02  0.9821938476562500E+04
  0.9558347053825855E-02  0.9860557617187500E+04
  0.9654408320784569E-02  0.9898730468750000E+04
  0.9751439094543457E-02  0.9936444335937500E+04
  0.9849439375102520E-02  0.9973686523437500E+04
  0.9948430582880974E-02  0.1001044335937500E+05
  0.1004841551184654E-01  0.1004670214843750E+05
  0.1014940161257982E-01  0.1008244921875000E+05
  0.1025140751153231E-01  0.1011767089843750E+05
  0.1035443320870399E-01  0.1015235449218750E+05
  0.1045849919319153E-01  0.1018648535156250E+05
  0.1056360639631748E-01  0.1022004980468750E+05
  0.1066977530717850E-01  0.1025303417968750E+05
  0.1077700592577457E-01  0.1028542480468750E+05
  0.1088531874120235E-01  0.1031720703125000E+05
  0.1099471468478441E-01  0.1034836718750000E+05
  0.1110521610826254E-01  0.1037889160156250E+05
  0.1121682208031416E-01  0.1040876464843750E+05
  0.1132955588400364E-01  0.1043797070312500E+05
  0.1144341751933098E-01  0.1046649609375000E+05
  0.1155842747539282E-01  0.1049432519531250E+05
  0.1167458947747946E-01  0.1052144531250000E+05
  0.1179192401468754E-01  0.1054784082031250E+05
  0.1191043108701706E-01  0.1057349609375000E+05
  0.1203013584017754E-01  0.1059839648437500E+05
  0.1215103827416897E-01  0.1062252832031250E+05
  0.1227316074073315E-01  0.1064587402343750E+05
  0.1239650510251522E-01  0.1066841992187500E+05
  0.1252109464257956E-01  0.1069015136718750E+05
  0.1264693029224873E-01  0.1071105175781250E+05
  0.1277403719723225E-01  0.1073110644531250E+05
  0.1290241535753012E-01  0.1075030078125000E+05
  0.1303209085017443E-01  0.1076861914062500E+05
  0.1316306740045547E-01  0.1078604589843750E+05
  0.1329535525292158E-01  0.1080256640625000E+05
  0.1342897955328226E-01  0.1081816601562500E+05
  0.1356393843889236E-01  0.1083282910156250E+05
  0.1370026171207428E-01  0.1084654101562500E+05
  0.1383794844150543E-01  0.1085928613281250E+05
  0.1397702563554049E-01  0.1087104980468750E+05
  0.1411749422550201E-01  0.1088181738281250E+05
  0.1425937935709953E-01  0.1089157324218750E+05
  0.1440268475562334E-01  0.1090030273437500E+05
  0.1454743742942810E-01  0.1090799218750000E+05
  0.1469363830983639E-01  0.1091462792968750E+05
  0.1484131626784801E-01  0.1092019433593750E+05
  0.1499046944081783E-01  0.1092467968750000E+05
  0.1514112949371338E-01  0.1092806738281250E+05
  0.1529329642653465E-01  0.1093034472656250E+05
  0.1544700097292662E-01  0.1093149804687500E+05
  0.1560224127024412E-01  0.1093151464843750E+05
  0.1575904898345470E-01  0.1093038183593750E+05
  0.1591742783784866E-01  0.1092808789062500E+05
  0.1607740484178066E-01  0.1092461914062500E+05
  0.1623898185789585E-01  0.1091996386718750E+05
  0.1640218868851662E-01  0.1091411035156250E+05
  0.1656702905893326E-01  0.1090704589843750E+05
  0.1673353463411331E-01  0.1089876171875000E+05
  0.1690171286463737E-01  0.1088924511718750E+05
  0.1707157306373119E-01  0.1087848828125000E+05
  0.1724315062165260E-01  0.1086648046875000E+05
  0.1741644181311131E-01  0.1085321191406250E+05
  0.1759148575365543E-01  0.1083867382812500E+05
  0.1776827871799469E-01  0.1082285937500000E+05
  0.1794685609638691E-01  0.1080575976562500E+05
  0.1812721975147724E-01  0.1078736816406250E+05
  0.1830940693616867E-01  0.1076767968750000E+05
  0.1849341392517090E-01  0.1074668554687500E+05
  0.1867927983403206E-01  0.1072438085937500E+05
  0.1886700466275215E-01  0.1070076171875000E+05
  0.1905662566423416E-01  0.1067582324218750E+05
  0.1924814470112324E-01  0.1064956347656250E+05
  0.1944159530103207E-01  0.1062198144531250E+05
  0.1963698305189610E-01  0.1059307324218750E+05
  0.1983434148132801E-01  0.1056283789062500E+05
  0.2003367431461811E-01  0.1053127636718750E+05
  0.2023502066731453E-01  0.1049838769531250E+05
  0.2043838053941727E-01  0.1046417578125000E+05
  0.2064379490911961E-01  0.1042864062500000E+05
  0.2085126377642155E-01  0.1039178808593750E+05
  0.2106082625687122E-01  0.1035362207031250E+05
  0.2127248607575893E-01  0.1031414746093750E+05
  0.2148628421127796E-01  0.1027337109375000E+05
  0.2170222811400890E-01  0.1023129980468750E+05
  0.2192033454775810E-01  0.1018794335937500E+05
  0.2214064262807369E-01  0.1014330957031250E+05
  0.2236315421760082E-01  0.1009741210937500E+05
  0.2258791215717793E-01  0.1005025976562500E+05
  0.2281492017209530E-01  0.1000186718750000E+05
  0.2304421924054623E-01  0.9952247070312500E+04
  0.2327581122517586E-01  0.9901416015625000E+04
  0.2350974269211292E-01  0.9849390625000000E+04
  0.2374601364135742E-01  0.9796187500000000E+04
  0.2398467063903809E-01  0.9741827148437500E+04
  0.2422571554780006E-01  0.9686330078125000E+04
  0.2446919120848179E-01  0.9629715820312500E+04
  0.2471510507166386E-01  0.9572007812500000E+04
  0.2496350184082985E-01  0.9513230468750000E+04
  0.2521438337862492E-01  0.9453408203125000E+04
  0.2546779811382294E-01  0.9392568359375000E+04
  0.2572374790906906E-01  0.9330738281250000E+04
  0.2598228119313717E-01  0.9267949218750000E+04
  0.2624340169131756E-01  0.9204228515625000E+04
  0.2650715783238411E-01  0.9139609375000000E+04
  0.2677355334162712E-01  0.9074125000000000E+04
  0.2704263851046562E-01  0.9007807617187500E+04
  0.2731441333889961E-01  0.8940694335937500E+04
  0.2758893370628357E-01  0.8872821289062500E+04
  0.2786620147526264E-01  0.8804225585937500E+04
  0.2814626693725586E-01  0.8734945312500000E+04
  0.2842915058135986E-01  0.8665021484375000E+04
  0.2871485799551010E-01  0.8594496093750000E+04
  0.2900345437228680E-01  0.8523408203125000E+04
  0.2929493598639965E-01  0.8451803710937500E+04
  0.2958936430513859E-01  0.8379726562500000E+04
  0.2988673374056816E-01  0.8307219726562500E+04
  0.3018710948526859E-01  0.8234329101562500E+04
  0.3049048408865929E-01  0.8161103027343750E+04
  0.3079692646861076E-01  0.8087587890625000E+04
  0.3110643289983273E-01  0.8013831542968750E+04
  0.3141906484961510E-01  0.7939883789062500E+04
  0.3173482418060303E-01  0.7865792968750000E+04
  0.3205377236008644E-01  0.7791607910156250E+04
  0.3237590938806534E-01  0.7717379882812500E+04
  0.3270129859447479E-01  0.7643159667968750E+04
  0.3302994742989540E-01  0.7568997070312500E+04
  0.3336191177368164E-01  0.7494942871093750E+04
  0.3369719535112381E-01  0.7421048828125000E+04
  0.3403586521744728E-01  0.7347365722656250E+04
  0.3437792137265205E-01  0.7273943359375000E+04
  0.3472343459725380E-01  0.7200832519531250E+04
  0.3507240116596222E-01  0.7128083984375000E+04
  0.3542489185929298E-01  0.7055746093750000E+04
  0.3578091040253639E-01  0.6983868652343750E+04
  0.3614052385091782E-01  0.6912501464843750E+04
  0.3650375083088875E-01  0.6841691406250000E+04
  0.3687060624361038E-01  0.6771485839843750E+04
  0.3724117204546928E-01  0.6701930664062500E+04
  0.3761544451117516E-01  0.6633070312500000E+04
  0.3799349442124367E-01  0.6564948242187500E+04
  0.3837532550096512E-01  0.6497606933593750E+04
  0.3876101225614548E-01  0.6431087402343750E+04
  0.3915055841207504E-01  0.6365429199218750E+04
  0.3954403474926949E-01  0.6300669921875000E+04
  0.3994145244359970E-01  0.6236845703125000E+04
  0.4034287855029106E-01  0.6173990234375000E+04
  0.4074832051992416E-01  0.6112135742187500E+04
  0.4115785658359528E-01  0.6051310546875000E+04
  0.4157149046659470E-01  0.5991542480468750E+04
  0.4198930040001869E-01  0.5932856933593750E+04
  0.4241129010915756E-01  0.5875275390625000E+04
  0.4283754155039787E-01  0.5818818359375000E+04
  0.4326805472373962E-01  0.5763503417968750E+04
  0.4370291531085968E-01  0.5709343750000000E+04
  0.4414212703704834E-01  0.5656350097656250E+04
  0.4458577185869217E-01  0.5604532226562500E+04
  0.4503385350108147E-01  0.5553893554687500E+04
  0.4548646509647369E-01  0.5504435058593750E+04
  0.4594359919428825E-01  0.5456156738281250E+04
  0.4640534892678261E-01  0.5409052246093750E+04
  0.4687174409627914E-01  0.5363110839843750E+04
  0.4734279960393906E-01  0.5318323242187500E+04
  0.4781861603260040E-01  0.5274670410156250E+04
  0.4829918593168259E-01  0.5232131835937500E+04
  0.4878461360931396E-01  0.5190686035156250E+04
  0.4927489534020424E-01  0.5150302734375000E+04
  0.4977012425661087E-01  0.5110949707031250E+04
  0.5027031153440475E-01  0.5072592285156250E+04
  0.5077554658055305E-01  0.5035188476562500E+04
  0.5128583684563637E-01  0.4998695800781250E+04
  0.5180127918720245E-01  0.4963066406250000E+04
  0.5232188105583191E-01  0.4928246093750000E+04
  0.5284773558378220E-01  0.4894180664062500E+04
  0.5337885022163391E-01  0.4860809570312500E+04
  0.5391532927751541E-01  0.4828067871093750E+04
  0.5445717647671700E-01  0.4795890136718750E+04
  0.5500449240207672E-01  0.4764204101562500E+04
  0.5555728077888489E-01  0.4732936523437500E+04
  0.5611565336585045E-01  0.4702010742187500E+04
  0.5667961388826370E-01  0.4671345214843750E+04
  0.5724926665425301E-01  0.4640859375000000E+04
  0.5782461538910866E-01  0.4610467773437500E+04
  0.5840577185153961E-01  0.4580083496093750E+04
  0.5899274721741676E-01  0.4549619140625000E+04
  0.5958564952015877E-01  0.4518985351562500E+04
  0.6018447875976562E-01  0.4488093261718750E+04
  0.6078936159610748E-01  0.4456853027343750E+04
  0.6140031665563583E-01  0.4425176269531250E+04
  0.6201738119125366E-01  0.4392975585937500E+04
  0.6264068186283112E-01  0.4360164550781250E+04
  0.6327021121978760E-01  0.4326660156250000E+04
  0.6390611082315445E-01  0.4292382324218750E+04
  0.6454835832118988E-01  0.4257254882812500E+04
  0.6519709527492523E-01  0.4221205566406250E+04
  0.6585231423377991E-01  0.4184167480468750E+04
  0.6651416420936584E-01  0.4146081542968750E+04
  0.6718262284994125E-01  0.4106894042968750E+04
  0.6785783171653748E-01  0.4066559082031250E+04
  0.6853979825973511E-01  0.4025037353515625E+04
  0.6922865658998489E-01  0.3982301025390625E+04
  0.6992439180612564E-01  0.3938330566406250E+04
  0.7062716782093048E-01  0.3893119140625000E+04
  0.7133696228265762E-01  0.3846667724609375E+04
  0.7205392420291901E-01  0.3798987548828125E+04
  0.7277806103229523E-01  0.3750099609375000E+04
  0.7350950688123703E-01  0.3700039550781250E+04
  0.7424827665090561E-01  0.3648853027343750E+04
  0.7499449700117111E-01  0.3596597412109375E+04
  0.7574818283319473E-01  0.3543342041015625E+04
  0.7650949060916901E-01  0.3489167480468750E+04
  0.7727840542793274E-01  0.3434166015625000E+04
  0.7805508375167847E-01  0.3378437988281250E+04
  0.7883957028388977E-01  0.3322095458984375E+04
  0.7963189482688904E-01  0.3265257324218750E+04
  0.8043222874403000E-01  0.3208053955078125E+04
  0.8124056458473206E-01  0.3150620117187500E+04
  0.8205706626176834E-01  0.3093096435546875E+04
  0.8288173377513885E-01  0.3035629638671875E+04
  0.8371472358703613E-01  0.2978369384765625E+04
  0.8455605059862137E-01  0.2921466796875000E+04
  0.8540587872266769E-01  0.2865073486328125E+04
  0.8626419305801392E-01  0.2809342041015625E+04
  0.8713118731975555E-01  0.2754421386718750E+04
  0.8800684660673141E-01  0.2700456298828125E+04
  0.8889134973287582E-01  0.2647588378906250E+04
  0.8978470414876938E-01  0.2595950927734375E+04
  0.9068707376718521E-01  0.2545669921875000E+04
  0.9159847348928452E-01  0.2496861328125000E+04
  0.9251907467842102E-01  0.2449632324218750E+04
  0.9344887733459473E-01  0.2404077392578125E+04
  0.9438807517290115E-01  0.2360278076171875E+04
  0.9533667564392090E-01  0.2318302490234375E+04
  0.9629484266042709E-01  0.2278205810546875E+04
  0.9726259857416153E-01  0.2240025634765625E+04
  0.9824012964963913E-01  0.2203786376953125E+04
  0.9922743588685989E-01  0.2169493652343750E+04
  0.1002247035503387E+00  0.2137138916015625E+04
  0.1012320071458817E+00  0.2106694091796875E+04
  0.1022493764758110E+00  0.2078115722656250E+04
  0.1032770201563835E+00  0.2051342529296875E+04
  0.1043149530887604E+00  0.2026296875000000E+04
  0.1053633540868759E+00  0.2002886474609375E+04
  0.1064222529530525E+00  0.1980992309570312E+04
  0.1074918285012245E+00  0.1960491455078125E+04
  0.1085721179842949E+00  0.1941260986328125E+04
  0.1096633151173592E+00  0.1923147583007812E+04
  0.1107654124498367E+00  0.1905978759765625E+04
  0.1118786558508873E+00  0.1889570800781250E+04
  0.1130030229687691E+00  0.1873731201171875E+04
  0.1141387522220612E+00  0.1858262573242188E+04
  0.1152858361601830E+00  0.1842966430664062E+04
  0.1164445057511330E+00  0.1827647094726562E+04
  0.1176147684454918E+00  0.1812114013671875E+04
  0.1187968328595161E+00  0.1796185791015625E+04
  0.1199907436966896E+00  0.1779691650390625E+04
  0.1211966872215271E+00  0.1762472656250000E+04
  0.1224147081375122E+00  0.1744383300781250E+04
  0.1236450299620628E+00  0.1725294799804688E+04
  0.1248876452445984E+00  0.1705096557617188E+04
  0.1261428147554398E+00  0.1683700683593750E+04
  0.1274105459451675E+00  0.1661046020507812E+04
  0.1286910772323608E+00  0.1637100341796875E+04
  0.1299844682216644E+00  0.1611865234375000E+04
  0.1312908083200455E+00  0.1585380737304688E+04
  0.1326103210449219E+00  0.1557716796875000E+04
  0.1339430510997772E+00  0.1528980346679688E+04
  0.1352892369031906E+00  0.1499310668945312E+04
  0.1366488784551620E+00  0.1468865234375000E+04
  0.1380222439765930E+00  0.1437819458007812E+04
  0.1394093632698059E+00  0.1406370361328125E+04
  0.1408104896545410E+00  0.1374729125976562E+04
  0.1422256231307983E+00  0.1343106933593750E+04
  0.1436550319194794E+00  0.1311709716796875E+04
  0.1450987607240677E+00  0.1280749877929688E+04
  0.1465570628643036E+00  0.1250442993164062E+04
  0.1480299532413483E+00  0.1220993164062500E+04
  0.1495177149772644E+00  0.1192585815429688E+04
  0.1510203480720520E+00  0.1165388061523438E+04
  0.1525381654500961E+00  0.1139546264648438E+04
  0.1540711671113968E+00  0.1115168701171875E+04
  0.1556196361780167E+00  0.1092324951171875E+04
  0.1571836024522781E+00  0.1071054443359375E+04
  0.1587633490562439E+00  0.1051368530273438E+04
  0.1603589206933975E+00  0.1033245849609375E+04
  0.1619705855846405E+00  0.1016633178710938E+04
  0.1635983735322952E+00  0.1001448120117188E+04
  0.1652426123619080E+00  0.9875814208984375E+03
  0.1669032722711563E+00  0.9748989257812500E+03
  0.1685807257890701E+00  0.9632373657226562E+03
  0.1702750325202942E+00  0.9524057617187500E+03
  0.1719862818717957E+00  0.9421942749023438E+03
  0.1737148016691208E+00  0.9323853759765625E+03
  0.1754606217145920E+00  0.9227596435546875E+03
  0.1772240847349167E+00  0.9131041259765625E+03
  0.1790051609277725E+00  0.9032197265625000E+03
  0.1808042377233505E+00  0.8929230957031250E+03
  0.1826213151216507E+00  0.8820548095703125E+03
  0.1844567209482193E+00  0.8704851074218750E+03
  0.1863104999065399E+00  0.8581106567382812E+03
  0.1881829947233200E+00  0.8448658447265625E+03
  0.1900742202997208E+00  0.8307353515625000E+03
  0.1919845342636108E+00  0.8157461547851562E+03
  0.1939139664173126E+00  0.7999675903320312E+03
  0.1958628743886948E+00  0.7835163574218750E+03
  0.1978312879800797E+00  0.7665411376953125E+03
  0.1998195648193359E+00  0.7492078247070312E+03
  0.2018277347087860E+00  0.7316984863281250E+03
  0.2038561850786209E+00  0.7142055053710938E+03
  0.2059049308300018E+00  0.6969255371093750E+03
  0.2079743593931198E+00  0.6800526733398438E+03
  0.2100644707679749E+00  0.6637673950195312E+03
  0.2121756970882416E+00  0.6482249755859375E+03
  0.2143080532550812E+00  0.6335470581054688E+03
  0.2164619266986847E+00  0.6198175048828125E+03
  0.2186374664306641E+00  0.6070802001953125E+03
  0.2208347618579865E+00  0.5953408203125000E+03
  0.2230542153120041E+00  0.5845736083984375E+03
  0.2252959161996841E+00  0.5747193603515625E+03
  0.2275602221488953E+00  0.5656805419921875E+03
  0.2298471927642822E+00  0.5573287353515625E+03
  0.2321572452783585E+00  0.5495108642578125E+03
  0.2344903945922852E+00  0.5420569458007812E+03
  0.2368471175432205E+00  0.5347974243164062E+03
  0.2392274141311646E+00  0.5275690307617188E+03
  0.2416317313909531E+00  0.5202232055664062E+03
  0.2440601289272308E+00  0.5126293334960938E+03
  0.2465130239725113E+00  0.5046816406250000E+03
  0.2489904463291168E+00  0.4963080444335938E+03
  0.2514929175376892E+00  0.4874759521484375E+03
  0.2540203928947449E+00  0.4782019348144531E+03
  0.2565734088420868E+00  0.4685403442382812E+03
  0.2591519355773926E+00  0.4585744018554688E+03
  0.2617565095424652E+00  0.4484112854003906E+03
  0.2643871605396271E+00  0.4381733703613281E+03
  0.2670443654060364E+00  0.4279967346191406E+03
  0.2697281241416931E+00  0.4180195007324219E+03
  0.2724390029907227E+00  0.4083684387207031E+03
  0.2751770019531250E+00  0.3991458740234375E+03
  0.2779426276683807E+00  0.3904217834472656E+03
  0.2807360589504242E+00  0.3822389526367188E+03
  0.2835574448108673E+00  0.3746103210449219E+03
  0.2864072918891907E+00  0.3675182800292969E+03
  0.2892856597900391E+00  0.3609121704101562E+03
  0.2921931147575378E+00  0.3547107849121094E+03
  0.2951296269893646E+00  0.3488152770996094E+03
  0.2980957925319672E+00  0.3431204528808594E+03
  0.3010917603969574E+00  0.3375241699218750E+03
  0.3041175603866577E+00  0.3319297790527344E+03
  0.3071740865707397E+00  0.3262510986328125E+03
  0.3102613091468811E+00  0.3204255065917969E+03
  0.3133795559406281E+00  0.3144226684570312E+03
  0.3165288269519806E+00  0.3082441711425781E+03
  0.3197100758552551E+00  0.3019168701171875E+03
  0.3229232728481293E+00  0.2954859313964844E+03
  0.3261688053607941E+00  0.2890161132812500E+03
  0.3294466137886047E+00  0.2825869750976562E+03
  0.3327576816082001E+00  0.2762793273925781E+03
  0.3361020088195801E+00  0.2701614379882812E+03
  0.3394799828529358E+00  0.2642850952148438E+03
  0.3428915739059448E+00  0.2586859741210938E+03
  0.3463377654552460E+00  0.2533806152343750E+03
  0.3498185873031616E+00  0.2483600616455078E+03
  0.3533344268798828E+00  0.2435902404785156E+03
  0.3568852245807648E+00  0.2390234222412109E+03
  0.3604720532894135E+00  0.2346067504882812E+03
  0.3640949726104736E+00  0.2302832946777344E+03
  0.3677542507648468E+00  0.2259961090087891E+03
  0.3714503347873688E+00  0.2216996765136719E+03
  0.3751831948757172E+00  0.2173693542480469E+03
  0.3789539337158203E+00  0.2129971771240234E+03
  0.3827625513076782E+00  0.2085884857177734E+03
  0.3866094946861267E+00  0.2041648712158203E+03
  0.3904947042465210E+00  0.1997632904052734E+03
  0.3944193124771118E+00  0.1954240875244141E+03
  0.3983833789825439E+00  0.1911821441650391E+03
  0.4023872911930084E+00  0.1870673980712891E+03
  0.4064310789108276E+00  0.1831029968261719E+03
  0.4105158448219299E+00  0.1792955932617188E+03
  0.4146417379379272E+00  0.1756356201171875E+03
  0.4188090264797211E+00  0.1721057891845703E+03
  0.4230177998542786E+00  0.1686830749511719E+03
  0.4272693395614624E+00  0.1653367462158203E+03
  0.4315635561943054E+00  0.1620376586914062E+03
  0.4359009265899658E+00  0.1587671508789062E+03
  0.4402814805507660E+00  0.1555132751464844E+03
  0.4447064697742462E+00  0.1522706604003906E+03
  0.4491759538650513E+00  0.1490471954345703E+03
  0.4536903798580170E+00  0.1458586120605469E+03
  0.4582496881484985E+00  0.1427199554443359E+03
  0.4628553092479706E+00  0.1396477661132812E+03
  0.4675071537494659E+00  0.1366577758789062E+03
  0.4722057878971100E+00  0.1337560577392578E+03
  0.4769516587257385E+00  0.1309412689208984E+03
  0.4817447662353516E+00  0.1282095336914062E+03
  0.4865864515304565E+00  0.1255491333007812E+03
  0.4914768934249878E+00  0.1229451522827148E+03
  0.4964163899421692E+00  0.1203872833251953E+03
  0.5014051198959351E+00  0.1178657836914062E+03
  0.5064443945884705E+00  0.1153741760253906E+03
  0.5115343928337097E+00  0.1129146881103516E+03
  0.5166755318641663E+00  0.1104911346435547E+03
  0.5218678116798401E+00  0.1081086273193359E+03
  0.5271128416061401E+00  0.1057762908935547E+03
  0.5324105024337769E+00  0.1034983520507812E+03
  0.5377613902091980E+00  0.1012764968872070E+03
  0.5431656241416931E+00  0.9911174011230469E+02
  0.5486246347427368E+00  0.9699861145019531E+02
  0.5541385412216187E+00  0.9493189239501953E+02
  0.5597078800201416E+00  0.9290690612792969E+02
  0.5653325915336609E+00  0.9091722106933594E+02
  0.5710144639015198E+00  0.8896161651611328E+02
  0.5767533779144287E+00  0.8703935241699219E+02
  0.5825499892234802E+00  0.8515099334716797E+02
  0.5884042978286743E+00  0.8330050659179688E+02
  0.5943179726600647E+00  0.8148861694335938E+02
  0.6002910733222961E+00  0.7971744537353516E+02
  0.6063242554664612E+00  0.7798699951171875E+02
  0.6124180555343628E+00  0.7629483795166016E+02
  0.6185724735260010E+00  0.7463995361328125E+02
  0.6247894167900085E+00  0.7301835632324219E+02
  0.6310687661170959E+00  0.7142890930175781E+02
  0.6374112963676453E+00  0.6986998748779297E+02
  0.6438169479370117E+00  0.6834099578857422E+02
  0.6502875089645386E+00  0.6684304046630859E+02
  0.6568231582641602E+00  0.6537559509277344E+02
  0.6634244918823242E+00  0.6394025421142578E+02
  0.6700915098190308E+00  0.6253559112548828E+02
  0.6768262386322021E+00  0.6116189193725586E+02
  0.6836286187171936E+00  0.5981722640991211E+02
  0.6904993653297424E+00  0.5850084304809570E+02
  0.6974384784698486E+00  0.5721144104003906E+02
  0.7044480443000793E+00  0.5594827651977539E+02
  0.7115280032157898E+00  0.5471125793457031E+02
  0.7186791300773621E+00  0.5349984359741211E+02
  0.7259014248847961E+00  0.5231439208984375E+02
  0.7331970334053040E+00  0.5115407943725586E+02
  0.7405660152435303E+00  0.5001895523071289E+02
  0.7480089664459229E+00  0.4890776824951172E+02
  0.7555260062217712E+00  0.4782037734985352E+02
  0.7631193399429321E+00  0.4675559997558594E+02
  0.7707890272140503E+00  0.4571337890625000E+02
  0.7785357832908630E+00  0.4469298934936523E+02
  0.7863603234291077E+00  0.4369441986083984E+02
  0.7942628264427185E+00  0.4271718597412109E+02
  0.8022454977035522E+00  0.4176096343994141E+02
  0.8103083968162537E+00  0.4082537078857422E+02
  0.8184522986412048E+00  0.3990969848632812E+02
  0.8266773223876953E+00  0.3901383209228516E+02
  0.8349857330322266E+00  0.3813685226440430E+02
  0.8433775901794434E+00  0.3727892303466797E+02
  0.8518539071083069E+00  0.3643922042846680E+02
  0.8604146242141724E+00  0.3561783981323242E+02
  0.8690620660781860E+00  0.3481418228149414E+02
  0.8777965307235718E+00  0.3402792739868164E+02
  0.8866187334060669E+00  0.3325886917114258E+02
  0.8955286741256714E+00  0.3250630187988281E+02
  0.9045291543006897E+00  0.3177021980285645E+02
  0.9136199951171875E+00  0.3105004501342773E+02
  0.9228023290634155E+00  0.3034551239013672E+02
  0.9320759773254395E+00  0.2965646934509277E+02
  0.9414436221122742E+00  0.2898232078552246E+02
  0.9509055614471436E+00  0.2832297515869141E+02
  0.9604624509811401E+00  0.2767808723449707E+02
  0.9701146483421326E+00  0.2704717636108398E+02
  0.9798645973205566E+00  0.2643018150329590E+02
  0.9897126555442810E+00  0.2582670402526855E+02
  0.9996597170829773E+00  0.2523636627197266E+02
  0.1009706735610962E+01  0.2465908813476562E+02
  0.1019853711128235E+01  0.2409450149536133E+02
  0.1030103564262390E+01  0.2354225921630859E+02
  0.1040456533432007E+01  0.2300225257873535E+02
  0.1050913572311401E+01  0.2247419738769531E+02
  0.1061474680900574E+01  0.2195775413513184E+02
  0.1072142839431763E+01  0.2145274543762207E+02
  0.1082918286323547E+01  0.2095899581909180E+02
  0.1093802094459534E+01  0.2047618293762207E+02
  0.1104794263839722E+01  0.2000405883789062E+02
  0.1115897774696350E+01  0.1954245758056641E+02
  0.1127113103866577E+01  0.1909119606018066E+02
  0.1138440966606140E+01  0.1864997863769531E+02
  0.1149881601333618E+01  0.1821857643127441E+02
  0.1161438465118408E+01  0.1779681777954102E+02
  0.1173111319541931E+01  0.1738452720642090E+02
  0.1184901475906372E+01  0.1698145866394043E+02
  0.1196809172630310E+01  0.1658738136291504E+02
  0.1208837509155273E+01  0.1620212936401367E+02
  0.1220986843109131E+01  0.1582552146911621E+02
  0.1233258247375488E+01  0.1545738315582275E+02
  0.1245651841163635E+01  0.1509751892089844E+02
  0.1258171200752258E+01  0.1474573993682861E+02
  0.1270816326141357E+01  0.1440186691284180E+02
  0.1283588409423828E+01  0.1406574344635010E+02
  0.1296487808227539E+01  0.1373720932006836E+02
  0.1309517979621887E+01  0.1341611480712891E+02
  0.1322679162025452E+01  0.1310229206085205E+02
  0.1335972666740417E+01  0.1279558849334717E+02
  0.1349399685859680E+01  0.1249584293365479E+02
  0.1362960457801819E+01  0.1220290088653564E+02
  0.1376658797264099E+01  0.1191661643981934E+02
  0.1390494704246521E+01  0.1163683891296387E+02
  0.1404469728469849E+01  0.1136342716217041E+02
  0.1418583869934082E+01  0.1109629249572754E+02
  0.1432841181755066E+01  0.1083521652221680E+02
  0.1447241783142090E+01  0.1058007144927979E+02
  0.1461787223815918E+01  0.1033073616027832E+02
  0.1476477265357971E+01  0.1008708858489990E+02
  0.1491316437721252E+01  0.9849010467529297E+01
  0.1506304740905762E+01  0.9616384506225586E+01
  0.1521443724632263E+01  0.9389096260070801E+01
  0.1536733388900757E+01  0.9167031288146973E+01
  0.1552178144454956E+01  0.8950072288513184E+01
  0.1567778229713440E+01  0.8738104820251465E+01
  0.1583535075187683E+01  0.8531016349792480E+01
  0.1599448561668396E+01  0.8328696250915527E+01
  0.1615523695945740E+01  0.8131038665771484E+01
  0.1631760358810425E+01  0.7937938213348389E+01
  0.1648160099983215E+01  0.7749292373657227E+01
  0.1664723157882690E+01  0.7565001964569092E+01
  0.1681454420089722E+01  0.7384971141815186E+01
  0.1698353648185730E+01  0.7209105491638184E+01
  0.1715422749519348E+01  0.7037312507629395E+01
  0.1732663393020630E+01  0.6869502067565918E+01
  0.1750075697898865E+01  0.6705585479736328E+01
  0.1767664790153503E+01  0.6545475959777832E+01
  0.1785430431365967E+01  0.6389088153839111E+01
  0.1803374767303467E+01  0.6236338615417480E+01
  0.1821497559547424E+01  0.6087143898010254E+01
  0.1839804410934448E+01  0.5941424846649170E+01
  0.1858295321464539E+01  0.5799102306365967E+01
  0.1876971840858459E+01  0.5660099029541016E+01
  0.1895834326744080E+01  0.5524340629577637E+01
  0.1914888262748718E+01  0.5391752719879150E+01
  0.1934133529663086E+01  0.5262264251708984E+01
  0.1953572392463684E+01  0.5135805606842041E+01
  0.1973204851150513E+01  0.5012308597564697E+01
  0.1993036270141602E+01  0.4891705989837646E+01
  0.2013067245483398E+01  0.4773932456970215E+01
  0.2033299207687378E+01  0.4658924579620361E+01
  0.2053732872009277E+01  0.4546618938446045E+01
  0.2074373483657837E+01  0.4436954021453857E+01
  0.2095221757888794E+01  0.4329870223999023E+01
  0.2116279602050781E+01  0.4225307941436768E+01
  0.2137547016143799E+01  0.4123209953308105E+01
  0.2159030199050903E+01  0.4023519039154053E+01
  0.2180729150772095E+01  0.3926180839538574E+01
  0.2202646493911743E+01  0.3831141233444214E+01
  0.2224783897399902E+01  0.3738347053527832E+01
  0.2247141838073730E+01  0.3647747278213501E+01
  0.2269726514816284E+01  0.3559291601181030E+01
  0.2292538166046143E+01  0.3472930908203125E+01
  0.2315578937530518E+01  0.3388616561889648E+01
  0.2338849306106567E+01  0.3306302070617676E+01
  0.2362355709075928E+01  0.3225941419601440E+01
  0.2386098384857178E+01  0.3147489309310913E+01
  0.2410079717636108E+01  0.3070901632308960E+01
  0.2434299468994141E+01  0.2996135711669922E+01
  0.2458765268325806E+01  0.2923149347305298E+01
  0.2483476638793945E+01  0.2851901054382324E+01
  0.2508436679840088E+01  0.2782350778579712E+01
  0.2533645153045654E+01  0.2714459419250488E+01
  0.2559109210968018E+01  0.2648188114166260E+01
  0.2584829330444336E+01  0.2583499193191528E+01
  0.2610807657241821E+01  0.2520356416702271E+01
  0.2637045145034790E+01  0.2458723306655884E+01
  0.2663548469543457E+01  0.2398564815521240E+01
  0.2690318107604980E+01  0.2339846849441528E+01
  0.2717356681823730E+01  0.2282535552978516E+01
  0.2744664669036865E+01  0.2226598262786865E+01
  0.2772249698638916E+01  0.2172003030776978E+01
  0.2800111770629883E+01  0.2118718147277832E+01
  0.2828253984451294E+01  0.2066713094711304E+01
  0.2856679201126099E+01  0.2015958070755005E+01
  0.2885387182235718E+01  0.1966423869132996E+01
  0.2914386510848999E+01  0.1918081641197205E+01
  0.2943677186965942E+01  0.1870903611183167E+01
  0.2973262310028076E+01  0.1824862241744995E+01
  0.3003141880035400E+01  0.1779931068420410E+01
  0.3033324718475342E+01  0.1736083984375000E+01
  0.3063810825347900E+01  0.1693295359611511E+01
  0.3094603538513184E+01  0.1651540279388428E+01
  0.3125702381134033E+01  0.1610794425010681E+01
  0.3157116889953613E+01  0.1571034073829651E+01
  0.3188847303390503E+01  0.1532235980033875E+01
  0.3220896482467651E+01  0.1494377255439758E+01
  0.3253264665603638E+01  0.1457435846328735E+01
  0.3285961151123047E+01  0.1421390056610107E+01
  0.3318986654281616E+01  0.1386218547821045E+01
  0.3352343559265137E+01  0.1351900815963745E+01
  0.3386032819747925E+01  0.1318416476249695E+01
  0.3420063495635986E+01  0.1285745739936829E+01
  0.3454436540603638E+01  0.1253869414329529E+01
  0.3489155292510986E+01  0.1222768545150757E+01
  0.3524219036102295E+01  0.1192424654960632E+01
  0.3559638977050781E+01  0.1162819862365723E+01
  0.3595414638519287E+01  0.1133936643600464E+01
  0.3631550312042236E+01  0.1105757594108582E+01
  0.3668048620223999E+01  0.1078266024589539E+01
  0.3704910516738892E+01  0.1051445603370667E+01
  0.3742146492004395E+01  0.1025280237197876E+01
  0.3779756546020508E+01  0.9997543692588806E+00
  0.3817744493484497E+01  0.9748525619506836E+00
  0.3856110334396362E+01  0.9505599141120911E+00
  0.3894865989685059E+01  0.9268618822097778E+00
  0.3934011220932007E+01  0.9037441611289978E+00
  0.3973549604415894E+01  0.8811928629875183E+00
  0.4013481616973877E+01  0.8591943979263306E+00
  0.4053818225860596E+01  0.8377354741096497E+00
  0.4094560623168945E+01  0.8168032169342041E+00
  0.4135712623596191E+01  0.7963849306106567E+00
  0.4177274703979492E+01  0.7764682769775391E+00
  0.4219257831573486E+01  0.7570412755012512E+00
  0.4261662960052490E+01  0.7380920052528381E+00
  0.4304494380950928E+01  0.7196091413497925E+00
  0.4347752094268799E+01  0.7015812993049622E+00
  0.4391448497772217E+01  0.6839975714683533E+00
  0.4435584545135498E+01  0.6668472290039062E+00
  0.4480164051055908E+01  0.6501197814941406E+00
  0.4525187015533447E+01  0.6338050365447998E+00
  0.4570667266845703E+01  0.6178929805755615E+00
  0.4616604328155518E+01  0.6023738980293274E+00
  0.4663002490997314E+01  0.5872383117675781E+00
  0.4709867954254150E+01  0.5724768042564392E+00
  0.4757199287414551E+01  0.5580804347991943E+00
  0.4805011272430420E+01  0.5440402626991272E+00
  0.4853303432464600E+01  0.5303477048873901E+00
  0.4902080535888672E+01  0.5169942975044250E+00
  0.4951344013214111E+01  0.5039717555046082E+00
  0.5001106739044189E+01  0.4912720918655396E+00
  0.5051370143890381E+01  0.4788874387741089E+00
  0.5102138519287109E+01  0.4668101370334625E+00
  0.5153411865234375E+01  0.4550326466560364E+00
  0.5205205917358398E+01  0.4435477256774902E+00
  0.5257520198822021E+01  0.4323481917381287E+00
  0.5310360431671143E+01  0.4214271008968353E+00
  0.5363726615905762E+01  0.4107776582241058E+00
  0.5417634010314941E+01  0.4003931879997253E+00
  0.5472083568572998E+01  0.3902672827243805E+00
  0.5527080535888672E+01  0.3803936243057251E+00
  0.5582623958587646E+01  0.3707660138607025E+00
  0.5638731956481934E+01  0.3613784313201904E+00
  0.5695403575897217E+01  0.3522250056266785E+00
  0.5752644538879395E+01  0.3433000445365906E+00
  0.5810455322265625E+01  0.3345979154109955E+00
  0.5868852615356445E+01  0.3261131644248962E+00
  0.5927836894989014E+01  0.3178404569625854E+00
  0.5987413883209229E+01  0.3097745478153229E+00
  0.6047590255737305E+01  0.3019104003906250E+00
  0.6108364582061768E+01  0.2942430377006531E+00
  0.6169755935668945E+01  0.2867676019668579E+00
  0.6231764793395996E+01  0.2794793844223022E+00
  0.6294396400451660E+01  0.2723737657070160E+00
  0.6357651710510254E+01  0.2654462754726410E+00
  0.6421548843383789E+01  0.2586924731731415E+00
  0.6486087799072266E+01  0.2521080970764160E+00
  0.6551275730133057E+01  0.2456889599561691E+00
  0.6617112159729004E+01  0.2394309937953949E+00
  0.6683617115020752E+01  0.2333302199840546E+00
  0.6750789642333984E+01  0.2273827493190765E+00
  0.6818638324737549E+01  0.2215847969055176E+00
  0.6887161731719971E+01  0.2159326523542404E+00
  0.6956380367279053E+01  0.2104227244853973E+00
  0.7026294231414795E+01  0.2050515115261078E+00
  0.7096911430358887E+01  0.1998155415058136E+00
  0.7168231010437012E+01  0.1947115063667297E+00
  0.7240274906158447E+01  0.1897361129522324E+00
  0.7313042640686035E+01  0.1848861724138260E+00
  0.7386541366577148E+01  0.1801585704088211E+00
  0.7460772514343262E+01  0.1755502671003342E+00
  0.7535756111145020E+01  0.1710582971572876E+00
  0.7611493587493896E+01  0.1666797697544098E+00
  0.7687992095947266E+01  0.1624118536710739E+00
  0.7765251159667969E+01  0.1582518219947815E+00
  0.7843296051025391E+01  0.1541969478130341E+00
  0.7922123908996582E+01  0.1502446532249451E+00
  0.8001744270324707E+01  0.1463923454284668E+00
  0.8082165718078613E+01  0.1426375508308411E+00
  0.8163386344909668E+01  0.1389778554439545E+00
  0.8245431900024414E+01  0.1354108452796936E+00
  0.8328301429748535E+01  0.1319342404603958E+00
  0.8412004470825195E+01  0.1285457760095596E+00
  0.8496540069580078E+01  0.1252432465553284E+00
  0.8581933021545410E+01  0.1220245137810707E+00
  0.8668186187744141E+01  0.1188874766230583E+00
  0.8755304336547852E+01  0.1158300861716270E+00
  0.8843290328979492E+01  0.1128503680229187E+00
  0.8932168960571289E+01  0.1099463701248169E+00
  0.9021940231323242E+01  0.1071161925792694E+00
  0.9112614631652832E+01  0.1043579950928688E+00
  0.9204191207885742E+01  0.1016699597239494E+00
  0.9296697616577148E+01  0.9905033558607101E-01
  0.9390132904052734E+01  0.9649740159511566E-01
  0.9484506607055664E+01  0.9400947391986847E-01
  0.9579820632934570E+01  0.9158492833375931E-01
  0.9676101684570312E+01  0.8922217041254044E-01
  0.9773350715637207E+01  0.8691965043544769E-01
  0.9871577262878418E+01  0.8467584103345871E-01
  0.9970781326293945E+01  0.8248927444219589E-01
  0.1007099151611328E+02  0.8035852015018463E-01
  0.1017220878601074E+02  0.7828215509653091E-01
  0.1027444362640381E+02  0.7625883072614670E-01
  0.1037770557403564E+02  0.7428719848394394E-01
  0.1048199558258057E+02  0.7236595451831818E-01
  0.1058734321594238E+02  0.7049383968114853E-01
  0.1069375038146973E+02  0.6866960227489471E-01
  0.1080122661590576E+02  0.6689204275608063E-01
  0.1090977287292480E+02  0.6515997648239136E-01
  0.1101942062377930E+02  0.6347225606441498E-01
  0.1113017082214355E+02  0.6182775273919106E-01
  0.1124203300476074E+02  0.6022538617253304E-01
  0.1135500907897949E+02  0.5866408348083496E-01
  0.1146913146972656E+02  0.5714280530810356E-01
  0.1158440113067627E+02  0.5566053837537766E-01
  0.1170082855224609E+02  0.5421629920601845E-01
  0.1181841564178467E+02  0.5280912294983864E-01
  0.1193719482421875E+02  0.5143806710839272E-01
  0.1205716896057129E+02  0.5010221898555756E-01
  0.1217834854125977E+02  0.4880068823695183E-01
  0.1230073451995850E+02  0.4753259941935539E-01
  0.1242436122894287E+02  0.4629710689187050E-01
  0.1254923057556152E+02  0.4509338364005089E-01
  0.1267535591125488E+02  0.4392062500119209E-01
  0.1280273532867432E+02  0.4277803748846054E-01
  0.1293140792846680E+02  0.4166486114263535E-01
  0.1306137371063232E+02  0.4058034718036652E-01
  0.1319264698028564E+02  0.3952376171946526E-01
  0.1332523727416992E+02  0.3849440068006516E-01
  0.1345914840698242E+02  0.3749156743288040E-01
  0.1359441852569580E+02  0.3651458397507668E-01
  0.1373104763031006E+02  0.3556279838085175E-01
  0.1386905002593994E+02  0.3463556244969368E-01
  0.1400842666625977E+02  0.3373225405812263E-01
  0.1414921665191650E+02  0.3285226225852966E-01
  0.1429142189025879E+02  0.3199499100446701E-01
  0.1443505573272705E+02  0.3115986101329327E-01
  0.1458012008666992E+02  0.3034630604088306E-01
  0.1472665596008301E+02  0.2955377846956253E-01
  0.1487466526031494E+02  0.2878173626959324E-01
  0.1502416229248047E+02  0.2802965976297855E-01
  0.1517514610290527E+02  0.2729703858494759E-01
  0.1532766246795654E+02  0.2658337168395519E-01
  0.1548171043395996E+02  0.2588817663490772E-01
  0.1563730907440186E+02  0.2521098218858242E-01
  0.1579445457458496E+02  0.2455132454633713E-01
  0.1595319461822510E+02  0.2390875667333603E-01
  0.1611353111267090E+02  0.2328283898532391E-01
  0.1627547836303711E+02  0.2267314679920673E-01
  0.1643903923034668E+02  0.2207926288247108E-01
  0.1660425758361816E+02  0.2150078304111958E-01
  0.1677113723754883E+02  0.2093731053173542E-01
  0.1693969345092773E+02  0.2038846164941788E-01
  0.1710994338989258E+02  0.1985385827720165E-01
  0.1728188896179199E+02  0.1933313906192780E-01
  0.1745557975769043E+02  0.1882594451308250E-01
  0.1763101387023926E+02  0.1833192631602287E-01
  0.1780821418762207E+02  0.1785074919462204E-01
  0.1798717689514160E+02  0.1738207973539829E-01
  0.1816795349121094E+02  0.1692559756338596E-01
  0.1835054969787598E+02  0.1648098975419998E-01
  0.1853497886657715E+02  0.1604795083403587E-01
  0.1872124481201172E+02  0.1562618277966976E-01
  0.1890940093994141E+02  0.1521539408713579E-01
  0.1909944725036621E+02  0.1481530349701643E-01
  0.1929140663146973E+02  0.1442563440650702E-01
  0.1948527336120605E+02  0.1404611766338348E-01
  0.1968110656738281E+02  0.1367649249732494E-01
  0.1987891006469727E+02  0.1331650279462337E-01
  0.2007870101928711E+02  0.1296590082347393E-01
  0.2028048133850098E+02  0.1262444350868464E-01
  0.2048430824279785E+02  0.1229189429432154E-01
  0.2069018363952637E+02  0.1196802314370871E-01
  0.2089812850952148E+02  0.1165260747075081E-01
  0.2110814285278320E+02  0.1134542655199766E-01
  0.2132028770446777E+02  0.1104626990854740E-01
  0.2153456497192383E+02  0.1075492985546589E-01
  0.2175099563598633E+02  0.1047120336443186E-01
  0.2196960258483887E+02  0.1019489392638206E-01
  0.2219038581848145E+02  0.9925808757543564E-02
  0.2241340637207031E+02  0.9663762524724007E-02
  0.2263866996765137E+02  0.9408571757376194E-02
  0.2286619758605957E+02  0.9160057641565800E-02
  0.2309598922729492E+02  0.8918049745261669E-02
  0.2332811546325684E+02  0.8682376705110073E-02
  0.2356257057189941E+02  0.8452876470983028E-02
  0.2379938316345215E+02  0.8229386992752552E-02
  0.2403855323791504E+02  0.8011753670871258E-02
  0.2428015327453613E+02  0.7799823768436909E-02
  0.2452417755126953E+02  0.7593449670821428E-02
  0.2477065467834473E+02  0.7392487023025751E-02
  0.2501958465576172E+02  0.7196795661002398E-02
  0.2527104377746582E+02  0.7006238214671612E-02
  0.2552502822875977E+02  0.6820681504905224E-02
  0.2578156280517578E+02  0.6639995146542788E-02
  0.2604065322875977E+02  0.6464053411036730E-02
  0.2630237197875977E+02  0.6292731966823339E-02
  0.2656672096252441E+02  0.6125911138951778E-02
  0.2683372688293457E+02  0.5963474046438932E-02
  0.2710339355468750E+02  0.5805305670946836E-02
  0.2737579345703125E+02  0.5651295650750399E-02
  0.2765093040466309E+02  0.5501335021108389E-02
  0.2792883300781250E+02  0.5355319008231163E-02
  0.2820952796936035E+02  0.5213144235312939E-02
  0.2849301719665527E+02  0.5074711050838232E-02
  0.2877938270568848E+02  0.4939921200275421E-02
  0.2906862831115723E+02  0.4808680154383183E-02
  0.2936078071594238E+02  0.4680895246565342E-02
  0.2965583992004395E+02  0.4556476138532162E-02
  0.2995389366149902E+02  0.4435334820300341E-02
  0.3025494003295898E+02  0.4317386075854301E-02
  0.3055901527404785E+02  0.4202546551823616E-02
  0.3086611557006836E+02  0.4090734291821718E-02
  0.3117633438110352E+02  0.3981871530413628E-02
  0.3148966789245605E+02  0.3875879803672433E-02
  0.3180614852905273E+02  0.3772684838622808E-02
  0.3212578201293945E+02  0.3672213293612003E-02
  0.3244866180419922E+02  0.3574393922463059E-02
  0.3277478408813477E+02  0.3479157574474812E-02
  0.3310418319702148E+02  0.3386436263099313E-02
  0.3343686294555664E+02  0.3296164097264409E-02
  0.3377291488647461E+02  0.3208277281373739E-02
  0.3411234664916992E+02  0.3122713183984160E-02
  0.3445518875122070E+02  0.3039411036297679E-02
  0.3480144119262695E+02  0.2958311466500163E-02
  0.3515121078491211E+02  0.2879356732591987E-02
  0.3550449752807617E+02  0.2802490722388029E-02
  0.3586133193969727E+02  0.2727658487856388E-02
  0.3622171783447266E+02  0.2654806710779667E-02
  0.3658575820922852E+02  0.2583883702754974E-02
  0.3695346069335938E+02  0.2514838706701994E-02
  0.3732485961914062E+02  0.2447622129693627E-02
  0.3769998550415039E+02  0.2382186474278569E-02
  0.3807885360717773E+02  0.2318484475836158E-02
  0.3846155929565430E+02  0.2256470965221524E-02
  0.3884811019897461E+02  0.2196101238951087E-02
  0.3923855209350586E+02  0.2137331990525126E-02
  0.3963287734985352E+02  0.2080121543258429E-02
  0.4003120040893555E+02  0.2024428686127067E-02
  0.4043353271484375E+02  0.1970213372260332E-02
  0.4083990478515625E+02  0.1917436951771379E-02
  0.4125032424926758E+02  0.1866061473265290E-02
  0.4166490554809570E+02  0.1816050149500370E-02
  0.4208365631103516E+02  0.1767366891726851E-02
  0.4250661087036133E+02  0.1719976775348186E-02
  0.4293378067016602E+02  0.1673845923505723E-02
  0.4336528015136719E+02  0.1628940925002098E-02
  0.4380112075805664E+02  0.1585229532793164E-02
  0.4424134063720703E+02  0.1542680431157351E-02
  0.4468593978881836E+02  0.1501262653619051E-02
  0.4513504791259766E+02  0.1460946747101843E-02
  0.4558867263793945E+02  0.1421703258529305E-02
  0.4604685974121094E+02  0.1383504248224199E-02
  0.4650960540771484E+02  0.1346321892924607E-02
  0.4697704696655273E+02  0.1310129417106509E-02
  0.4744918441772461E+02  0.1274900743737817E-02
  0.4792606353759766E+02  0.1240610377863050E-02
  0.4840774154663086E+02  0.1207233523018658E-02
  0.4889421081542969E+02  0.1174745964817703E-02
  0.4938561630249023E+02  0.1143124420195818E-02
  0.4988196563720703E+02  0.1112345838919282E-02
  0.5038329696655273E+02  0.1082387985661626E-02
  0.5088962173461914E+02  0.1053229090757668E-02
  0.5140108489990234E+02  0.1024847966618836E-02
  0.5191768264770508E+02  0.9972242405638099E-03
  0.5243947219848633E+02  0.9703377727419138E-03
  0.5296646118164062E+02  0.9441690053790808E-03
  0.5349879837036133E+02  0.9186989045701921E-03
  0.5403647994995117E+02  0.8939090766943991E-03
  0.5457956695556641E+02  0.8697814191691577E-03
  0.5512805938720703E+02  0.8462984696961939E-03
  0.5568212509155273E+02  0.8234430570155382E-03
  0.5624174880981445E+02  0.8011985337361693E-03
  0.5680700302124023E+02  0.7795488345436752E-03
  0.5737788009643555E+02  0.7584780105389655E-03
  0.5795454788208008E+02  0.7379708695225418E-03
  0.5853701782226562E+02  0.7180123357102275E-03
  0.5912533569335938E+02  0.6985879736021161E-03
  0.5971951675415039E+02  0.6796834641136229E-03
  0.6031971740722656E+02  0.6612850702367723E-03
  0.6092595291137695E+02  0.6433793460018933E-03
  0.6153828430175781E+02  0.6259531946852803E-03
  0.6215677261352539E+02  0.6089939270168543E-03
  0.6278141021728516E+02  0.5924890865571797E-03
  0.6341239166259766E+02  0.5764265661127865E-03
  0.6404971313476562E+02  0.5607947241514921E-03
  0.6469343566894531E+02  0.5455820355564356E-03
  0.6534356689453125E+02  0.5307773826643825E-03
  0.6600029754638672E+02  0.5163698806427419E-03
  0.6666361999511719E+02  0.5023489939048886E-03
  0.6733362579345703E+02  0.4887044196948409E-03
  0.6801028442382812E+02  0.4754261462949216E-03
  0.6869381713867188E+02  0.4625044530257583E-03
  0.6938421630859375E+02  0.4499297647271305E-03
  0.7008155822753906E+02  0.4376928845886141E-03
  0.7078583526611328E+02  0.4257847904227674E-03
  0.7149726104736328E+02  0.4141967510804534E-03
  0.7221583557128906E+02  0.4029202100355178E-03
  0.7294163513183594E+02  0.3919468435924500E-03
  0.7367465209960938E+02  0.3812686481978744E-03
  0.7441511535644531E+02  0.3708776785060763E-03
  0.7516301727294922E+02  0.3607663384173065E-03
  0.7591843414306641E+02  0.3509271482471377E-03
  0.7668137359619141E+02  0.3413528611417860E-03
  0.7745205688476562E+02  0.3320364048704505E-03
  0.7823047637939453E+02  0.3229709109291434E-03
  0.7901672363281250E+02  0.3141496272291988E-03
  0.7981087493896484E+02  0.3055660345125943E-03
  0.8061293029785156E+02  0.2972137590404600E-03
  0.8142311859130859E+02  0.2890866308007389E-03
  0.8224145507812500E+02  0.2811785961966962E-03
  0.8306801605224609E+02  0.2734838053584099E-03
  0.8390280151367188E+02  0.2659965830389410E-03
  0.8474605560302734E+02  0.2587113704066724E-03
  0.8559779357910156E+02  0.2516228996682912E-03
  0.8645807647705078E+02  0.2447258448228240E-03
  0.8732693481445312E+02  0.2380152145633474E-03
  0.8820460510253906E+02  0.2314860030310228E-03
  0.8909109497070312E+02  0.2251334080938250E-03
  0.8998649597167969E+02  0.2189527003793046E-03
  0.9089080810546875E+02  0.2129391650669277E-03
  0.9180429840087891E+02  0.2070882037514821E-03
  0.9272697448730469E+02  0.2013953053392470E-03
  0.9365891265869141E+02  0.1958561333594844E-03
  0.9460013580322266E+02  0.1904664532048628E-03
  0.9555090332031250E+02  0.1852221466833726E-03
  0.9651123046875000E+02  0.1801192411221564E-03
  0.9748120117187500E+02  0.1751541276462376E-03
  0.9846083831787109E+02  0.1703235320746899E-03
  0.9945040130615234E+02  0.1656242675380781E-03
  0.1004499206542969E+03  0.1610531762707978E-03
  0.1014594879150391E+03  0.1566071732668206E-03
  0.1024791946411133E+03  0.1522832171758637E-03
