 0.2000000E+01  0.2134342E-08
 0.3000000E+01  0.4771340E-09
 0.4000000E+01  0.1648196E-09
 0.5000000E+01  0.7180996E-10
 0.6000000E+01  0.3623397E-10
 0.7000000E+01  0.2024443E-10
 0.8000000E+01  0.1219324E-10
 0.9000000E+01  0.7780762E-11
 0.1000000E+02  0.5198056E-11
 0.1100000E+02  0.3604660E-11
 0.1200000E+02  0.2578313E-11
 0.1300000E+02  0.1893002E-11
 0.1400000E+02  0.1421237E-11
 0.1500000E+02  0.1087861E-11
 0.1600000E+02  0.8468595E-12
 0.1700000E+02  0.6691309E-12
 0.1800000E+02  0.5357336E-12
 0.1900000E+02  0.4340275E-12
 0.2000000E+02  0.3553859E-12
 0.2100000E+02  0.2938033E-12
 0.2200000E+02  0.2450223E-12
 0.2300000E+02  0.2059760E-12
 0.2400000E+02  0.1744217E-12
 0.2500000E+02  0.1486974E-12
 0.2600000E+02  0.1275557E-12
 0.2700000E+02  0.1100503E-12
 0.2800000E+02  0.9545505E-13
 0.2900000E+02  0.8320769E-13
 0.3000000E+02  0.7286874E-13
 0.3100000E+02  0.6409184E-13
 0.3200000E+02  0.5660182E-13
 0.3300000E+02  0.5017851E-13
 0.3400000E+02  0.4464443E-13
 0.3500000E+02  0.3985568E-13
 0.3600000E+02  0.3569481E-13
 0.3700000E+02  0.3206543E-13
 0.3800000E+02  0.2888797E-13
 0.3900000E+02  0.2609646E-13
 0.4000000E+02  0.2363589E-13
 0.4100000E+02  0.2146018E-13
 0.4200000E+02  0.1953059E-13
 0.4300000E+02  0.1781438E-13
 0.4400000E+02  0.1628380E-13
 0.4500000E+02  0.1491521E-13
 0.4600000E+02  0.1368842E-13
 0.4700000E+02  0.1258612E-13
 0.4800000E+02  0.1159341E-13
 0.4900000E+02  0.1069745E-13
 0.5000000E+02  0.9887098E-14
 0.5100000E+02  0.9152703E-14
 0.5200000E+02  0.8485853E-14
 0.5300000E+02  0.7879206E-14
 0.5400000E+02  0.7326334E-14
 0.5500000E+02  0.6821600E-14
 0.5600000E+02  0.6360042E-14
 0.5700000E+02  0.5937288E-14
 0.5800000E+02  0.5549474E-14
 0.5900000E+02  0.5193179E-14
 0.6000000E+02  0.4865364E-14
 0.6100000E+02  0.4563331E-14
 0.6200000E+02  0.4284673E-14
 0.6300000E+02  0.4027245E-14
 0.6400000E+02  0.3789125E-14
 0.6500000E+02  0.3568593E-14
 0.6600000E+02  0.3364105E-14
 0.6700000E+02  0.3174275E-14
 0.6800000E+02  0.2997853E-14
 0.6900000E+02  0.2833712E-14
 0.7000000E+02  0.2680835E-14
 0.7100000E+02  0.2538302E-14
 0.7200000E+02  0.2405279E-14
 0.7300000E+02  0.2281011E-14
 0.7400000E+02  0.2164811E-14
 0.7500000E+02  0.2056054E-14
 0.7600000E+02  0.1954172E-14
 0.7700000E+02  0.1858647E-14
 0.7800000E+02  0.1769005E-14
 0.7900000E+02  0.1684814E-14
 0.8000000E+02  0.1605678E-14
 0.8100000E+02  0.1531234E-14
 0.8200000E+02  0.1461150E-14
 0.8300000E+02  0.1395121E-14
 0.8400000E+02  0.1332867E-14
 0.8500000E+02  0.1274128E-14
 0.8600000E+02  0.1218668E-14
 0.8700000E+02  0.1166268E-14
 0.8800000E+02  0.1116725E-14
 0.8900000E+02  0.1069853E-14
 0.9000000E+02  0.1025479E-14
 0.9100000E+02  0.9834438E-15
 0.9200000E+02  0.9435998E-15
 0.9300000E+02  0.9058098E-15
 0.9400000E+02  0.8699468E-15
 0.9500000E+02  0.8358929E-15
 0.9600000E+02  0.8035385E-15
 0.9700000E+02  0.7727818E-15
 0.9800000E+02  0.7435280E-15
 0.9900000E+02  0.7156889E-15
 0.1000000E+03  0.6891822E-15
 0.1010000E+03  0.6639314E-15
 0.1020000E+03  0.6398646E-15
 0.1030000E+03  0.6169153E-15
 0.1040000E+03  0.5950210E-15
 0.1050000E+03  0.5741232E-15
 0.1060000E+03  0.5541673E-15
 0.1070000E+03  0.5351022E-15
 0.1080000E+03  0.5168800E-15
 0.1090000E+03  0.4994557E-15
 0.1100000E+03  0.4827873E-15
 0.1110000E+03  0.4668351E-15
 0.1120000E+03  0.4515619E-15
 0.1130000E+03  0.4369331E-15
 0.1140000E+03  0.4229156E-15
 0.1150000E+03  0.4094786E-15
 0.1160000E+03  0.3965932E-15
 0.1170000E+03  0.3842318E-15
 0.1180000E+03  0.3723688E-15
 0.1190000E+03  0.3609799E-15
 0.1200000E+03  0.3500421E-15
 0.1210000E+03  0.3395337E-15
 0.1220000E+03  0.3294345E-15
 0.1230000E+03  0.3197250E-15
 0.1240000E+03  0.3103870E-15
 0.1250000E+03  0.3014035E-15
 0.1260000E+03  0.2927579E-15
 0.1270000E+03  0.2844349E-15
 0.1280000E+03  0.2764199E-15
 0.1290000E+03  0.2686990E-15
 0.1300000E+03  0.2612592E-15
 0.1310000E+03  0.2540880E-15
 0.1320000E+03  0.2471737E-15
 0.1330000E+03  0.2405050E-15
 0.1340000E+03  0.2340713E-15
 0.1350000E+03  0.2278626E-15
 0.1360000E+03  0.2218693E-15
 0.1370000E+03  0.2160823E-15
 0.1380000E+03  0.2104929E-15
 0.1390000E+03  0.2050929E-15
 0.1400000E+03  0.1998746E-15
 0.1410000E+03  0.1948304E-15
 0.1420000E+03  0.1899532E-15
 0.1430000E+03  0.1852364E-15
 0.1440000E+03  0.1806735E-15
 0.1450000E+03  0.1762583E-15
 0.1460000E+03  0.1719850E-15
 0.1470000E+03  0.1678480E-15
 0.1480000E+03  0.1638421E-15
 0.1490000E+03  0.1599621E-15
 0.1500000E+03  0.1562031E-15
 0.1510000E+03  0.1525607E-15
 0.1520000E+03  0.1490303E-15
 0.1530000E+03  0.1456077E-15
 0.1540000E+03  0.1422889E-15
 0.1550000E+03  0.1390701E-15
 0.1560000E+03  0.1359475E-15
 0.1570000E+03  0.1329175E-15
 0.1580000E+03  0.1299770E-15
 0.1590000E+03  0.1271225E-15
 0.1600000E+03  0.1243510E-15
 0.1610000E+03  0.1216595E-15
 0.1620000E+03  0.1190452E-15
 0.1630000E+03  0.1165054E-15
 0.1640000E+03  0.1140374E-15
 0.1650000E+03  0.1116387E-15
 0.1660000E+03  0.1093070E-15
 0.1670000E+03  0.1070400E-15
 0.1680000E+03  0.1048353E-15
 0.1690000E+03  0.1026910E-15
 0.1700000E+03  0.1006049E-15
 0.1710000E+03  0.9857518E-16
 0.1720000E+03  0.9659985E-16
 0.1730000E+03  0.9467716E-16
 0.1740000E+03  0.9280535E-16
 0.1750000E+03  0.9098276E-16
 0.1760000E+03  0.8920779E-16
 0.1770000E+03  0.8747889E-16
 0.1780000E+03  0.8579458E-16
 0.1790000E+03  0.8415344E-16
 0.1800000E+03  0.8255408E-16
 0.1810000E+03  0.8099519E-16
 0.1820000E+03  0.7947549E-16
 0.1830000E+03  0.7799375E-16
 0.1840000E+03  0.7654880E-16
 0.1850000E+03  0.7513950E-16
 0.1860000E+03  0.7376474E-16
 0.1870000E+03  0.7242348E-16
 0.1880000E+03  0.7111469E-16
 0.1890000E+03  0.6983739E-16
 0.1900000E+03  0.6859064E-16
 0.1910000E+03  0.6737351E-16
 0.1920000E+03  0.6618513E-16
 0.1930000E+03  0.6502465E-16
 0.1940000E+03  0.6389125E-16
 0.1950000E+03  0.6278412E-16
 0.1960000E+03  0.6170252E-16
 0.1970000E+03  0.6064569E-16
 0.1980000E+03  0.5961292E-16
 0.1990000E+03  0.5860353E-16
 0.2000000E+03  0.5761684E-16
 0.2010000E+03  0.5665222E-16
 0.2020000E+03  0.5570903E-16
 0.2030000E+03  0.5478668E-16
 0.2040000E+03  0.5388459E-16
 0.2050000E+03  0.5300220E-16
 0.2060000E+03  0.5213894E-16
 0.2070000E+03  0.5129432E-16
 0.2080000E+03  0.5046780E-16
 0.2090000E+03  0.4965890E-16
 0.2100000E+03  0.4886715E-16
 0.2110000E+03  0.4809207E-16
 0.2120000E+03  0.4733322E-16
 0.2130000E+03  0.4659018E-16
 0.2140000E+03  0.4586251E-16
 0.2150000E+03  0.4514981E-16
 0.2160000E+03  0.4445169E-16
 0.2170000E+03  0.4376778E-16
 0.2180000E+03  0.4309768E-16
 0.2190000E+03  0.4244106E-16
 0.2200000E+03  0.4179756E-16
 0.2210000E+03  0.4116684E-16
 0.2220000E+03  0.4054859E-16
 0.2230000E+03  0.3994247E-16
 0.2240000E+03  0.3934819E-16
 0.2250000E+03  0.3876545E-16
 0.2260000E+03  0.3819395E-16
 0.2270000E+03  0.3763343E-16
 0.2280000E+03  0.3708360E-16
 0.2290000E+03  0.3654420E-16
 0.2300000E+03  0.3601498E-16
 0.2310000E+03  0.3549568E-16
 0.2320000E+03  0.3498607E-16
 0.2330000E+03  0.3448591E-16
 0.2340000E+03  0.3399498E-16
 0.2350000E+03  0.3351304E-16
 0.2360000E+03  0.3303990E-16
 0.2370000E+03  0.3257533E-16
 0.2380000E+03  0.3211914E-16
 0.2390000E+03  0.3167113E-16
 0.2400000E+03  0.3123111E-16
 0.2410000E+03  0.3079889E-16
 0.2420000E+03  0.3037429E-16
 0.2430000E+03  0.2995714E-16
 0.2440000E+03  0.2954727E-16
 0.2450000E+03  0.2914450E-16
 0.2460000E+03  0.2874868E-16
 0.2470000E+03  0.2835966E-16
 0.2480000E+03  0.2797727E-16
 0.2490000E+03  0.2760138E-16
 0.2500000E+03  0.2723183E-16
 0.2510000E+03  0.2686848E-16
 0.2520000E+03  0.2651121E-16
 0.2530000E+03  0.2615987E-16
 0.2540000E+03  0.2581435E-16
 0.2550000E+03  0.2547450E-16
 0.2560000E+03  0.2514022E-16
 0.2570000E+03  0.2481137E-16
 0.2580000E+03  0.2448786E-16
 0.2590000E+03  0.2416955E-16
 0.2600000E+03  0.2385635E-16
 0.2610000E+03  0.2354815E-16
 0.2620000E+03  0.2324484E-16
 0.2630000E+03  0.2294632E-16
 0.2640000E+03  0.2265250E-16
 0.2650000E+03  0.2236327E-16
 0.2660000E+03  0.2207855E-16
 0.2670000E+03  0.2179824E-16
 0.2680000E+03  0.2152226E-16
 0.2690000E+03  0.2125052E-16
 0.2700000E+03  0.2098294E-16
 0.2710000E+03  0.2071943E-16
 0.2720000E+03  0.2045992E-16
 0.2730000E+03  0.2020432E-16
 0.2740000E+03  0.1995257E-16
 0.2750000E+03  0.1970459E-16
 0.2760000E+03  0.1946030E-16
 0.2770000E+03  0.1921965E-16
 0.2780000E+03  0.1898255E-16
 0.2790000E+03  0.1874895E-16
 0.2800000E+03  0.1851878E-16
 0.2810000E+03  0.1829197E-16
 0.2820000E+03  0.1806848E-16
 0.2830000E+03  0.1784823E-16
 0.2840000E+03  0.1763116E-16
 0.2850000E+03  0.1741723E-16
 0.2860000E+03  0.1720638E-16
 0.2870000E+03  0.1699855E-16
 0.2880000E+03  0.1679369E-16
 0.2890000E+03  0.1659174E-16
 0.2900000E+03  0.1639267E-16
 0.2910000E+03  0.1619642E-16
 0.2920000E+03  0.1600294E-16
 0.2930000E+03  0.1581218E-16
 0.2940000E+03  0.1562411E-16
 0.2950000E+03  0.1543867E-16
 0.2960000E+03  0.1525583E-16
 0.2970000E+03  0.1507553E-16
 0.2980000E+03  0.1489775E-16
 0.2990000E+03  0.1472243E-16
 0.3000000E+03  0.1454955E-16
 0.3010000E+03  0.1437905E-16
 0.3020000E+03  0.1421091E-16
 0.3030000E+03  0.1404508E-16
 0.3040000E+03  0.1388153E-16
 0.3050000E+03  0.1372023E-16
 0.3060000E+03  0.1356114E-16
 0.3070000E+03  0.1340422E-16
 0.3080000E+03  0.1324945E-16
 0.3090000E+03  0.1309678E-16
 0.3100000E+03  0.1294619E-16
 0.3110000E+03  0.1279765E-16
 0.3120000E+03  0.1265112E-16
 0.3130000E+03  0.1250658E-16
 0.3140000E+03  0.1236399E-16
 0.3150000E+03  0.1222333E-16
 0.3160000E+03  0.1208457E-16
 0.3170000E+03  0.1194767E-16
 0.3180000E+03  0.1181262E-16
 0.3190000E+03  0.1167938E-16
 0.3200000E+03  0.1154793E-16
 0.3210000E+03  0.1141824E-16
 0.3220000E+03  0.1129029E-16
 0.3230000E+03  0.1116404E-16
 0.3240000E+03  0.1103948E-16
 0.3250000E+03  0.1091658E-16
 0.3260000E+03  0.1079532E-16
 0.3270000E+03  0.1067567E-16
 0.3280000E+03  0.1055760E-16
 0.3290000E+03  0.1044110E-16
 0.3300000E+03  0.1032614E-16
 0.3310000E+03  0.1021270E-16
 0.3320000E+03  0.1010076E-16
 0.3330000E+03  0.9990292E-17
 0.3340000E+03  0.9881277E-17
 0.3350000E+03  0.9773695E-17
 0.3360000E+03  0.9667522E-17
 0.3370000E+03  0.9562740E-17
 0.3380000E+03  0.9459328E-17
 0.3390000E+03  0.9357264E-17
 0.3400000E+03  0.9256530E-17
 0.3410000E+03  0.9157106E-17
 0.3420000E+03  0.9058972E-17
 0.3430000E+03  0.8962110E-17
 0.3440000E+03  0.8866500E-17
 0.3450000E+03  0.8772124E-17
 0.3460000E+03  0.8678964E-17
 0.3470000E+03  0.8587002E-17
 0.3480000E+03  0.8496219E-17
 0.3490000E+03  0.8406599E-17
 0.3500000E+03  0.8318125E-17
 0.3510000E+03  0.8230778E-17
 0.3520000E+03  0.8144543E-17
 0.3530000E+03  0.8059404E-17
 0.3540000E+03  0.7975343E-17
 0.3550000E+03  0.7892345E-17
 0.3560000E+03  0.7810395E-17
 0.3570000E+03  0.7729476E-17
 0.3580000E+03  0.7649574E-17
 0.3590000E+03  0.7570673E-17
 0.3600000E+03  0.7492759E-17
 0.3610000E+03  0.7415818E-17
 0.3620000E+03  0.7339835E-17
 0.3630000E+03  0.7264796E-17
 0.3640000E+03  0.7190687E-17
 0.3650000E+03  0.7117495E-17
 0.3660000E+03  0.7045206E-17
 0.3670000E+03  0.6973807E-17
 0.3680000E+03  0.6903286E-17
 0.3690000E+03  0.6833630E-17
 0.3700000E+03  0.6764826E-17
 0.3710000E+03  0.6696862E-17
 0.3720000E+03  0.6629726E-17
 0.3730000E+03  0.6563406E-17
 0.3740000E+03  0.6497890E-17
 0.3750000E+03  0.6433168E-17
 0.3760000E+03  0.6369228E-17
 0.3770000E+03  0.6306058E-17
 0.3780000E+03  0.6243649E-17
 0.3790000E+03  0.6181989E-17
 0.3800000E+03  0.6121068E-17
 0.3810000E+03  0.6060875E-17
 0.3820000E+03  0.6001402E-17
 0.3830000E+03  0.5942637E-17
 0.3840000E+03  0.5884571E-17
 0.3850000E+03  0.5827194E-17
 0.3860000E+03  0.5770498E-17
 0.3870000E+03  0.5714472E-17
 0.3880000E+03  0.5659108E-17
 0.3890000E+03  0.5604397E-17
 0.3900000E+03  0.5550329E-17
 0.3910000E+03  0.5496897E-17
 0.3920000E+03  0.5444092E-17
 0.3930000E+03  0.5391906E-17
 0.3940000E+03  0.5340330E-17
 0.3950000E+03  0.5289356E-17
 0.3960000E+03  0.5238977E-17
 0.3970000E+03  0.5189185E-17
 0.3980000E+03  0.5139971E-17
 0.3990000E+03  0.5091329E-17
 0.4000000E+03  0.5043251E-17
 0.4010000E+03  0.4995731E-17
 0.4020000E+03  0.4948759E-17
 0.4030000E+03  0.4902331E-17
 0.4040000E+03  0.4856438E-17
 0.4050000E+03  0.4811074E-17
 0.4060000E+03  0.4766233E-17
 0.4070000E+03  0.4721907E-17
 0.4080000E+03  0.4678090E-17
 0.4090000E+03  0.4634776E-17
 0.4100000E+03  0.4591958E-17
 0.4110000E+03  0.4549630E-17
 0.4120000E+03  0.4507787E-17
 0.4130000E+03  0.4466422E-17
 0.4140000E+03  0.4425528E-17
 0.4150000E+03  0.4385102E-17
 0.4160000E+03  0.4345135E-17
 0.4170000E+03  0.4305624E-17
 0.4180000E+03  0.4266562E-17
 0.4190000E+03  0.4227944E-17
 0.4200000E+03  0.4189764E-17
 0.4210000E+03  0.4152017E-17
 0.4220000E+03  0.4114697E-17
 0.4230000E+03  0.4077801E-17
 0.4240000E+03  0.4041321E-17
 0.4250000E+03  0.4005254E-17
 0.4260000E+03  0.3969594E-17
 0.4270000E+03  0.3934337E-17
 0.4280000E+03  0.3899477E-17
 0.4290000E+03  0.3865010E-17
 0.4300000E+03  0.3830931E-17
 0.4310000E+03  0.3797235E-17
 0.4320000E+03  0.3763917E-17
 0.4330000E+03  0.3730974E-17
 0.4340000E+03  0.3698401E-17
 0.4350000E+03  0.3666193E-17
 0.4360000E+03  0.3634345E-17
 0.4370000E+03  0.3602854E-17
 0.4380000E+03  0.3571715E-17
 0.4390000E+03  0.3540924E-17
 0.4400000E+03  0.3510477E-17
 0.4410000E+03  0.3480370E-17
 0.4420000E+03  0.3450598E-17
 0.4430000E+03  0.3421159E-17
 0.4440000E+03  0.3392046E-17
 0.4450000E+03  0.3363258E-17
 0.4460000E+03  0.3334789E-17
 0.4470000E+03  0.3306636E-17
 0.4480000E+03  0.3278796E-17
 0.4490000E+03  0.3251264E-17
 0.4500000E+03  0.3224037E-17
 0.4510000E+03  0.3197112E-17
 0.4520000E+03  0.3170484E-17
 0.4530000E+03  0.3144150E-17
 0.4540000E+03  0.3118106E-17
 0.4550000E+03  0.3092350E-17
 0.4560000E+03  0.3066877E-17
 0.4570000E+03  0.3041685E-17
 0.4580000E+03  0.3016769E-17
 0.4590000E+03  0.2992128E-17
 0.4600000E+03  0.2967756E-17
 0.4610000E+03  0.2943652E-17
 0.4620000E+03  0.2919811E-17
 0.4630000E+03  0.2896231E-17
 0.4640000E+03  0.2872909E-17
 0.4650000E+03  0.2849841E-17
 0.4660000E+03  0.2827025E-17
 0.4670000E+03  0.2804457E-17
 0.4680000E+03  0.2782135E-17
 0.4690000E+03  0.2760055E-17
 0.4700000E+03  0.2738215E-17
 0.4710000E+03  0.2716611E-17
 0.4720000E+03  0.2695241E-17
 0.4730000E+03  0.2674102E-17
 0.4740000E+03  0.2653192E-17
 0.4750000E+03  0.2632506E-17
 0.4760000E+03  0.2612044E-17
 0.4770000E+03  0.2591802E-17
 0.4780000E+03  0.2571777E-17
 0.4790000E+03  0.2551966E-17
 0.4800000E+03  0.2532368E-17
 0.4810000E+03  0.2512979E-17
 0.4820000E+03  0.2493798E-17
 0.4830000E+03  0.2474821E-17
 0.4840000E+03  0.2456045E-17
 0.4850000E+03  0.2437470E-17
 0.4860000E+03  0.2419091E-17
 0.4870000E+03  0.2400907E-17
 0.4880000E+03  0.2382916E-17
 0.4890000E+03  0.2365114E-17
 0.4900000E+03  0.2347500E-17
 0.4910000E+03  0.2330071E-17
 0.4920000E+03  0.2312825E-17
 0.4930000E+03  0.2295760E-17
 0.4940000E+03  0.2278874E-17
 0.4950000E+03  0.2262164E-17
 0.4960000E+03  0.2245628E-17
 0.4970000E+03  0.2229264E-17
 0.4980000E+03  0.2213070E-17
 0.4990000E+03  0.2197044E-17
 0.5000000E+03  0.2181183E-17
 0.5010000E+03  0.2165486E-17
 0.5020000E+03  0.2149951E-17
 0.5030000E+03  0.2134575E-17
 0.5040000E+03  0.2119357E-17
 0.5050000E+03  0.2104295E-17
 0.5060000E+03  0.2089386E-17
 0.5070000E+03  0.2074629E-17
 0.5080000E+03  0.2060022E-17
 0.5090000E+03  0.2045563E-17
 0.5100000E+03  0.2031250E-17
 0.5110000E+03  0.2017082E-17
 0.5120000E+03  0.2003056E-17
 0.5130000E+03  0.1989170E-17
 0.5140000E+03  0.1975424E-17
 0.5150000E+03  0.1961815E-17
 0.5160000E+03  0.1948341E-17
 0.5170000E+03  0.1935001E-17
 0.5180000E+03  0.1921793E-17
 0.5190000E+03  0.1908716E-17
 0.5200000E+03  0.1895767E-17
 0.5210000E+03  0.1882945E-17
 0.5220000E+03  0.1870249E-17
 0.5230000E+03  0.1857677E-17
 0.5240000E+03  0.1845227E-17
 0.5250000E+03  0.1832898E-17
 0.5260000E+03  0.1820688E-17
 0.5270000E+03  0.1808596E-17
 0.5280000E+03  0.1796620E-17
 0.5290000E+03  0.1784759E-17
 0.5300000E+03  0.1773011E-17
 0.5310000E+03  0.1761375E-17
 0.5320000E+03  0.1749849E-17
 0.5330000E+03  0.1738433E-17
 0.5340000E+03  0.1727124E-17
 0.5350000E+03  0.1715922E-17
 0.5360000E+03  0.1704824E-17
 0.5370000E+03  0.1693830E-17
 0.5380000E+03  0.1682938E-17
 0.5390000E+03  0.1672147E-17
 0.5400000E+03  0.1661456E-17
 0.5410000E+03  0.1650863E-17
 0.5420000E+03  0.1640367E-17
 0.5430000E+03  0.1629967E-17
 0.5440000E+03  0.1619662E-17
 0.5450000E+03  0.1609450E-17
 0.5460000E+03  0.1599331E-17
 0.5470000E+03  0.1589302E-17
 0.5480000E+03  0.1579364E-17
 0.5490000E+03  0.1569514E-17
 0.5500000E+03  0.1559752E-17
 0.5510000E+03  0.1550077E-17
 0.5520000E+03  0.1540487E-17
 0.5530000E+03  0.1530981E-17
 0.5540000E+03  0.1521559E-17
 0.5550000E+03  0.1512219E-17
 0.5560000E+03  0.1502960E-17
 0.5570000E+03  0.1493782E-17
 0.5580000E+03  0.1484682E-17
 0.5590000E+03  0.1475661E-17
 0.5600000E+03  0.1466717E-17
 0.5610000E+03  0.1457849E-17
 0.5620000E+03  0.1449056E-17
 0.5630000E+03  0.1440338E-17
 0.5640000E+03  0.1431693E-17
 0.5650000E+03  0.1423120E-17
 0.5660000E+03  0.1414619E-17
 0.5670000E+03  0.1406189E-17
 0.5680000E+03  0.1397829E-17
 0.5690000E+03  0.1389538E-17
 0.5700000E+03  0.1381314E-17
 0.5710000E+03  0.1373158E-17
 0.5720000E+03  0.1365069E-17
 0.5730000E+03  0.1357045E-17
 0.5740000E+03  0.1349086E-17
 0.5750000E+03  0.1341191E-17
 0.5760000E+03  0.1333360E-17
 0.5770000E+03  0.1325590E-17
 0.5780000E+03  0.1317883E-17
 0.5790000E+03  0.1310237E-17
 0.5800000E+03  0.1302651E-17
 0.5810000E+03  0.1295125E-17
 0.5820000E+03  0.1287657E-17
 0.5830000E+03  0.1280248E-17
 0.5840000E+03  0.1272896E-17
 0.5850000E+03  0.1265602E-17
 0.5860000E+03  0.1258363E-17
 0.5870000E+03  0.1251180E-17
 0.5880000E+03  0.1244052E-17
 0.5890000E+03  0.1236978E-17
 0.5900000E+03  0.1229958E-17
 0.5910000E+03  0.1222991E-17
 0.5920000E+03  0.1216077E-17
 0.5930000E+03  0.1209214E-17
 0.5940000E+03  0.1202403E-17
 0.5950000E+03  0.1195642E-17
 0.5960000E+03  0.1188932E-17
 0.5970000E+03  0.1182271E-17
 0.5980000E+03  0.1175659E-17
 0.5990000E+03  0.1169096E-17
 0.6000000E+03  0.1162581E-17
 0.6010000E+03  0.1156113E-17
 0.6020000E+03  0.1149693E-17
 0.6030000E+03  0.1143319E-17
 0.6040000E+03  0.1136991E-17
 0.6050000E+03  0.1130708E-17
 0.6060000E+03  0.1124471E-17
 0.6070000E+03  0.1118278E-17
 0.6080000E+03  0.1112129E-17
 0.6090000E+03  0.1106024E-17
 0.6100000E+03  0.1099963E-17
 0.6110000E+03  0.1093944E-17
 0.6120000E+03  0.1087967E-17
 0.6130000E+03  0.1082033E-17
 0.6140000E+03  0.1076139E-17
 0.6150000E+03  0.1070287E-17
 0.6160000E+03  0.1064476E-17
 0.6170000E+03  0.1058705E-17
 0.6180000E+03  0.1052974E-17
 0.6190000E+03  0.1047283E-17
 0.6200000E+03  0.1041630E-17
 0.6210000E+03  0.1036017E-17
 0.6220000E+03  0.1030442E-17
 0.6230000E+03  0.1024904E-17
 0.6240000E+03  0.1019405E-17
 0.6250000E+03  0.1013943E-17
 0.6260000E+03  0.1008518E-17
 0.6270000E+03  0.1003129E-17
 0.6280000E+03  0.9977768E-18
 0.6290000E+03  0.9924605E-18
 0.6300000E+03  0.9871798E-18
 0.6310000E+03  0.9819344E-18
 0.6320000E+03  0.9767240E-18
 0.6330000E+03  0.9715482E-18
 0.6340000E+03  0.9664068E-18
 0.6350000E+03  0.9612994E-18
 0.6360000E+03  0.9562257E-18
 0.6370000E+03  0.9511855E-18
 0.6380000E+03  0.9461784E-18
 0.6390000E+03  0.9412041E-18
 0.6400000E+03  0.9362624E-18
 0.6410000E+03  0.9313529E-18
 0.6420000E+03  0.9264754E-18
 0.6430000E+03  0.9216296E-18
 0.6440000E+03  0.9168152E-18
 0.6450000E+03  0.9120320E-18
 0.6460000E+03  0.9072796E-18
 0.6470000E+03  0.9025578E-18
 0.6480000E+03  0.8978664E-18
 0.6490000E+03  0.8932050E-18
 0.6500000E+03  0.8885735E-18
 0.6510000E+03  0.8839716E-18
 0.6520000E+03  0.8793989E-18
 0.6530000E+03  0.8748554E-18
 0.6540000E+03  0.8703406E-18
 0.6550000E+03  0.8658544E-18
 0.6560000E+03  0.8613966E-18
 0.6570000E+03  0.8569669E-18
 0.6580000E+03  0.8525650E-18
 0.6590000E+03  0.8481908E-18
 0.6600000E+03  0.8438439E-18
 0.6610000E+03  0.8395243E-18
 0.6620000E+03  0.8352315E-18
 0.6630000E+03  0.8309656E-18
 0.6640000E+03  0.8267261E-18
 0.6650000E+03  0.8225129E-18
 0.6660000E+03  0.8183258E-18
 0.6670000E+03  0.8141645E-18
 0.6680000E+03  0.8100289E-18
 0.6690000E+03  0.8059188E-18
 0.6700000E+03  0.8018338E-18
 0.6710000E+03  0.7977739E-18
 0.6720000E+03  0.7937389E-18
 0.6730000E+03  0.7897285E-18
 0.6740000E+03  0.7857425E-18
 0.6750000E+03  0.7817808E-18
 0.6760000E+03  0.7778431E-18
 0.6770000E+03  0.7739293E-18
 0.6780000E+03  0.7700392E-18
 0.6790000E+03  0.7661725E-18
 0.6800000E+03  0.7623292E-18
 0.6810000E+03  0.7585090E-18
 0.6820000E+03  0.7547118E-18
 0.6830000E+03  0.7509374E-18
 0.6840000E+03  0.7471855E-18
 0.6850000E+03  0.7434562E-18
 0.6860000E+03  0.7397490E-18
 0.6870000E+03  0.7360640E-18
 0.6880000E+03  0.7324009E-18
 0.6890000E+03  0.7287597E-18
 0.6900000E+03  0.7251400E-18
 0.6910000E+03  0.7215418E-18
 0.6920000E+03  0.7179649E-18
 0.6930000E+03  0.7144091E-18
 0.6940000E+03  0.7108744E-18
 0.6950000E+03  0.7073605E-18
 0.6960000E+03  0.7038674E-18
 0.6970000E+03  0.7003948E-18
 0.6980000E+03  0.6969426E-18
 0.6990000E+03  0.6935108E-18
 0.7000000E+03  0.6900990E-18
 0.7010000E+03  0.6867073E-18
 0.7020000E+03  0.6833355E-18
 0.7030000E+03  0.6799834E-18
 0.7040000E+03  0.6766510E-18
 0.7050000E+03  0.6733381E-18
 0.7060000E+03  0.6700445E-18
 0.7070000E+03  0.6667702E-18
 0.7080000E+03  0.6635150E-18
 0.7090000E+03  0.6602788E-18
 0.7100000E+03  0.6570615E-18
 0.7110000E+03  0.6538630E-18
 0.7120000E+03  0.6506832E-18
 0.7130000E+03  0.6475219E-18
 0.7140000E+03  0.6443791E-18
 0.7150000E+03  0.6412546E-18
 0.7160000E+03  0.6381483E-18
 0.7170000E+03  0.6350601E-18
 0.7180000E+03  0.6319900E-18
 0.7190000E+03  0.6289378E-18
 0.7200000E+03  0.6259034E-18
 0.7210000E+03  0.6228868E-18
 0.7220000E+03  0.6198878E-18
 0.7230000E+03  0.6169063E-18
 0.7240000E+03  0.6139422E-18
 0.7250000E+03  0.6109955E-18
 0.7260000E+03  0.6080661E-18
 0.7270000E+03  0.6051538E-18
 0.7280000E+03  0.6022586E-18
 0.7290000E+03  0.5993804E-18
 0.7300000E+03  0.5965191E-18
 0.7310000E+03  0.5936746E-18
 0.7320000E+03  0.5908468E-18
 0.7330000E+03  0.5880357E-18
 0.7340000E+03  0.5852412E-18
 0.7350000E+03  0.5824632E-18
 0.7360000E+03  0.5797015E-18
 0.7370000E+03  0.5769562E-18
 0.7380000E+03  0.5742272E-18
 0.7390000E+03  0.5715143E-18
 0.7400000E+03  0.5688176E-18
 0.7410000E+03  0.5661368E-18
 0.7420000E+03  0.5634721E-18
 0.7430000E+03  0.5608232E-18
 0.7440000E+03  0.5581901E-18
 0.7450000E+03  0.5555727E-18
 0.7460000E+03  0.5529710E-18
 0.7470000E+03  0.5503849E-18
 0.7480000E+03  0.5478143E-18
 0.7490000E+03  0.5452592E-18
 0.7500000E+03  0.5427194E-18
 0.7510000E+03  0.5401950E-18
 0.7520000E+03  0.5376858E-18
 0.7530000E+03  0.5351918E-18
 0.7540000E+03  0.5327129E-18
 0.7550000E+03  0.5302490E-18
 0.7560000E+03  0.5278002E-18
 0.7570000E+03  0.5253662E-18
 0.7580000E+03  0.5229470E-18
 0.7590000E+03  0.5205427E-18
 0.7600000E+03  0.5181530E-18
 0.7610000E+03  0.5157781E-18
 0.7620000E+03  0.5134176E-18
 0.7630000E+03  0.5110717E-18
 0.7640000E+03  0.5087403E-18
 0.7650000E+03  0.5064232E-18
 0.7660000E+03  0.5041204E-18
 0.7670000E+03  0.5018319E-18
 0.7680000E+03  0.4995576E-18
 0.7690000E+03  0.4972975E-18
 0.7700000E+03  0.4950513E-18
 0.7710000E+03  0.4928192E-18
 0.7720000E+03  0.4906010E-18
 0.7730000E+03  0.4883967E-18
 0.7740000E+03  0.4862061E-18
 0.7750000E+03  0.4840293E-18
 0.7760000E+03  0.4818662E-18
 0.7770000E+03  0.4797167E-18
 0.7780000E+03  0.4775807E-18
 0.7790000E+03  0.4754581E-18
 0.7800000E+03  0.4733490E-18
 0.7810000E+03  0.4712533E-18
 0.7820000E+03  0.4691708E-18
 0.7830000E+03  0.4671015E-18
 0.7840000E+03  0.4650453E-18
 0.7850000E+03  0.4630022E-18
 0.7860000E+03  0.4609722E-18
 0.7870000E+03  0.4589550E-18
 0.7880000E+03  0.4569508E-18
 0.7890000E+03  0.4549593E-18
 0.7900000E+03  0.4529806E-18
 0.7910000E+03  0.4510146E-18
 0.7920000E+03  0.4490612E-18
 0.7930000E+03  0.4471203E-18
 0.7940000E+03  0.4451918E-18
 0.7950000E+03  0.4432758E-18
 0.7960000E+03  0.4413720E-18
 0.7970000E+03  0.4394806E-18
 0.7980000E+03  0.4376013E-18
 0.7990000E+03  0.4357342E-18
 0.8000000E+03  0.4338790E-18
 0.8010000E+03  0.4320359E-18
 0.8020000E+03  0.4302047E-18
 0.8030000E+03  0.4283853E-18
 0.8040000E+03  0.4265777E-18
 0.8050000E+03  0.4247817E-18
 0.8060000E+03  0.4229974E-18
 0.8070000E+03  0.4212246E-18
 0.8080000E+03  0.4194634E-18
 0.8090000E+03  0.4177135E-18
 0.8100000E+03  0.4159749E-18
 0.8110000E+03  0.4142476E-18
 0.8120000E+03  0.4125315E-18
 0.8130000E+03  0.4108265E-18
 0.8140000E+03  0.4091326E-18
 0.8150000E+03  0.4074496E-18
 0.8160000E+03  0.4057775E-18
 0.8170000E+03  0.4041162E-18
 0.8180000E+03  0.4024657E-18
 0.8190000E+03  0.4008259E-18
 0.8200000E+03  0.3991966E-18
 0.8210000E+03  0.3975779E-18
 0.8220000E+03  0.3959696E-18
 0.8230000E+03  0.3943717E-18
 0.8240000E+03  0.3927841E-18
 0.8250000E+03  0.3912067E-18
 0.8260000E+03  0.3896395E-18
 0.8270000E+03  0.3880823E-18
 0.8280000E+03  0.3865352E-18
 0.8290000E+03  0.3849979E-18
 0.8300000E+03  0.3834706E-18
 0.8310000E+03  0.3819530E-18
 0.8320000E+03  0.3804451E-18
 0.8330000E+03  0.3789468E-18
 0.8340000E+03  0.3774581E-18
 0.8350000E+03  0.3759789E-18
 0.8360000E+03  0.3745091E-18
 0.8370000E+03  0.3730486E-18
 0.8380000E+03  0.3715973E-18
 0.8390000E+03  0.3701553E-18
 0.8400000E+03  0.3687223E-18
 0.8410000E+03  0.3672984E-18
 0.8420000E+03  0.3658835E-18
 0.8430000E+03  0.3644774E-18
 0.8440000E+03  0.3630801E-18
 0.8450000E+03  0.3616916E-18
 0.8460000E+03  0.3603117E-18
 0.8470000E+03  0.3589405E-18
 0.8480000E+03  0.3575777E-18
 0.8490000E+03  0.3562234E-18
 0.8500000E+03  0.3548774E-18
 0.8510000E+03  0.3535398E-18
 0.8520000E+03  0.3522104E-18
 0.8530000E+03  0.3508891E-18
 0.8540000E+03  0.3495759E-18
 0.8550000E+03  0.3482707E-18
 0.8560000E+03  0.3469735E-18
 0.8570000E+03  0.3456841E-18
 0.8580000E+03  0.3444026E-18
 0.8590000E+03  0.3431287E-18
 0.8600000E+03  0.3418625E-18
 0.8610000E+03  0.3406039E-18
 0.8620000E+03  0.3393528E-18
 0.8630000E+03  0.3381092E-18
 0.8640000E+03  0.3368729E-18
 0.8650000E+03  0.3356439E-18
 0.8660000E+03  0.3344222E-18
 0.8670000E+03  0.3332076E-18
 0.8680000E+03  0.3320002E-18
 0.8690000E+03  0.3307998E-18
 0.8700000E+03  0.3296063E-18
 0.8710000E+03  0.3284198E-18
 0.8720000E+03  0.3272401E-18
 0.8730000E+03  0.3260671E-18
 0.8740000E+03  0.3249009E-18
 0.8750000E+03  0.3237413E-18
 0.8760000E+03  0.3225883E-18
 0.8770000E+03  0.3214418E-18
 0.8780000E+03  0.3203018E-18
 0.8790000E+03  0.3191681E-18
 0.8800000E+03  0.3180408E-18
 0.8810000E+03  0.3169197E-18
 0.8820000E+03  0.3158049E-18
 0.8830000E+03  0.3146961E-18
 0.8840000E+03  0.3135935E-18
 0.8850000E+03  0.3124969E-18
 0.8860000E+03  0.3114062E-18
 0.8870000E+03  0.3103214E-18
 0.8880000E+03  0.3092425E-18
 0.8890000E+03  0.3081694E-18
 0.8900000E+03  0.3071020E-18
 0.8910000E+03  0.3060402E-18
 0.8920000E+03  0.3049841E-18
 0.8930000E+03  0.3039335E-18
 0.8940000E+03  0.3028884E-18
 0.8950000E+03  0.3018488E-18
 0.8960000E+03  0.3008146E-18
 0.8970000E+03  0.2997857E-18
 0.8980000E+03  0.2987621E-18
 0.8990000E+03  0.2977437E-18
 0.9000000E+03  0.2967305E-18
 0.9010000E+03  0.2957224E-18
 0.9020000E+03  0.2947194E-18
 0.9030000E+03  0.2937215E-18
 0.9040000E+03  0.2927285E-18
 0.9050000E+03  0.2917404E-18
 0.9060000E+03  0.2907572E-18
 0.9070000E+03  0.2897788E-18
 0.9080000E+03  0.2888053E-18
 0.9090000E+03  0.2878364E-18
 0.9100000E+03  0.2868722E-18
 0.9110000E+03  0.2859127E-18
 0.9120000E+03  0.2849577E-18
 0.9130000E+03  0.2840073E-18
 0.9140000E+03  0.2830614E-18
 0.9150000E+03  0.2821200E-18
 0.9160000E+03  0.2811829E-18
 0.9170000E+03  0.2802502E-18
 0.9180000E+03  0.2793219E-18
 0.9190000E+03  0.2783978E-18
 0.9200000E+03  0.2774780E-18
 0.9210000E+03  0.2765624E-18
 0.9220000E+03  0.2756509E-18
 0.9230000E+03  0.2747436E-18
 0.9240000E+03  0.2738403E-18
 0.9250000E+03  0.2729410E-18
 0.9260000E+03  0.2720458E-18
 0.9270000E+03  0.2711545E-18
 0.9280000E+03  0.2702671E-18
 0.9290000E+03  0.2693837E-18
 0.9300000E+03  0.2685040E-18
 0.9310000E+03  0.2676282E-18
 0.9320000E+03  0.2667562E-18
 0.9330000E+03  0.2658879E-18
 0.9340000E+03  0.2650233E-18
 0.9350000E+03  0.2641624E-18
 0.9360000E+03  0.2633051E-18
 0.9370000E+03  0.2624514E-18
 0.9380000E+03  0.2616013E-18
 0.9390000E+03  0.2607547E-18
 0.9400000E+03  0.2599116E-18
 0.9410000E+03  0.2590720E-18
 0.9420000E+03  0.2582359E-18
 0.9430000E+03  0.2574031E-18
 0.9440000E+03  0.2565737E-18
 0.9450000E+03  0.2557477E-18
 0.9460000E+03  0.2549250E-18
 0.9470000E+03  0.2541056E-18
 0.9480000E+03  0.2532895E-18
 0.9490000E+03  0.2524766E-18
 0.9500000E+03  0.2516669E-18
 0.9510000E+03  0.2508604E-18
 0.9520000E+03  0.2500570E-18
 0.9530000E+03  0.2492568E-18
 0.9540000E+03  0.2484597E-18
 0.9550000E+03  0.2476656E-18
 0.9560000E+03  0.2468746E-18
 0.9570000E+03  0.2460866E-18
 0.9580000E+03  0.2453017E-18
 0.9590000E+03  0.2445197E-18
 0.9600000E+03  0.2437406E-18
 0.9610000E+03  0.2429645E-18
 0.9620000E+03  0.2421914E-18
 0.9630000E+03  0.2414211E-18
 0.9640000E+03  0.2406536E-18
 0.9650000E+03  0.2398890E-18
 0.9660000E+03  0.2391273E-18
 0.9670000E+03  0.2383683E-18
 0.9680000E+03  0.2376121E-18
 0.9690000E+03  0.2368587E-18
 0.9700000E+03  0.2361080E-18
 0.9710000E+03  0.2353601E-18
 0.9720000E+03  0.2346148E-18
 0.9730000E+03  0.2338723E-18
 0.9740000E+03  0.2331324E-18
 0.9750000E+03  0.2323952E-18
 0.9760000E+03  0.2316606E-18
 0.9770000E+03  0.2309286E-18
 0.9780000E+03  0.2301992E-18
 0.9790000E+03  0.2294724E-18
 0.9800000E+03  0.2287482E-18
 0.9810000E+03  0.2280265E-18
 0.9820000E+03  0.2273073E-18
 0.9830000E+03  0.2265907E-18
 0.9840000E+03  0.2258766E-18
 0.9850000E+03  0.2251650E-18
 0.9860000E+03  0.2244558E-18
 0.9870000E+03  0.2237492E-18
 0.9880000E+03  0.2230449E-18
 0.9890000E+03  0.2223431E-18
 0.9900000E+03  0.2216438E-18
 0.9910000E+03  0.2209468E-18
 0.9920000E+03  0.2202523E-18
 0.9930000E+03  0.2195601E-18
 0.9940000E+03  0.2188703E-18
 0.9950000E+03  0.2181829E-18
 0.9960000E+03  0.2174978E-18
 0.9970000E+03  0.2168151E-18
 0.9980000E+03  0.2161347E-18
 0.9990000E+03  0.2154566E-18
 0.1000000E+04  0.2147809E-18
 0.1001000E+04  0.2141074E-18
 0.1002000E+04  0.2134363E-18
 0.1003000E+04  0.2127674E-18
 0.1004000E+04  0.2121008E-18
 0.1005000E+04  0.2114364E-18
 0.1006000E+04  0.2107743E-18
 0.1007000E+04  0.2101145E-18
 0.1008000E+04  0.2094569E-18
 0.1009000E+04  0.2088015E-18
 0.1010000E+04  0.2081484E-18
 0.1011000E+04  0.2074975E-18
 0.1012000E+04  0.2068488E-18
 0.1013000E+04  0.2062023E-18
 0.1014000E+04  0.2055580E-18
 0.1015000E+04  0.2049158E-18
 0.1016000E+04  0.2042759E-18
 0.1017000E+04  0.2036382E-18
 0.1018000E+04  0.2030026E-18
 0.1019000E+04  0.2023692E-18
 0.1020000E+04  0.2017379E-18
 0.1021000E+04  0.2011088E-18
 0.1022000E+04  0.2004819E-18
 0.1023000E+04  0.1998571E-18
 0.1024000E+04  0.1992345E-18
 0.1025000E+04  0.1986140E-18
 0.1026000E+04  0.1979956E-18
 0.1027000E+04  0.1973794E-18
 0.1028000E+04  0.1967653E-18
 0.1029000E+04  0.1961533E-18
 0.1030000E+04  0.1955434E-18
 0.1031000E+04  0.1949357E-18
 0.1032000E+04  0.1943300E-18
 0.1033000E+04  0.1937265E-18
 0.1034000E+04  0.1931251E-18
 0.1035000E+04  0.1925258E-18
 0.1036000E+04  0.1919286E-18
 0.1037000E+04  0.1913335E-18
 0.1038000E+04  0.1907405E-18
 0.1039000E+04  0.1901496E-18
 0.1040000E+04  0.1895607E-18
 0.1041000E+04  0.1889740E-18
 0.1042000E+04  0.1883894E-18
 0.1043000E+04  0.1878069E-18
 0.1044000E+04  0.1872264E-18
 0.1045000E+04  0.1866480E-18
 0.1046000E+04  0.1860718E-18
 0.1047000E+04  0.1854976E-18
 0.1048000E+04  0.1849254E-18
 0.1049000E+04  0.1843554E-18
 0.1050000E+04  0.1837875E-18
 0.1051000E+04  0.1832216E-18
 0.1052000E+04  0.1826578E-18
 0.1053000E+04  0.1820961E-18
 0.1054000E+04  0.1815365E-18
 0.1055000E+04  0.1809789E-18
 0.1056000E+04  0.1804235E-18
 0.1057000E+04  0.1798701E-18
 0.1058000E+04  0.1793188E-18
 0.1059000E+04  0.1787695E-18
 0.1060000E+04  0.1782224E-18
 0.1061000E+04  0.1776773E-18
 0.1062000E+04  0.1771343E-18
 0.1063000E+04  0.1765933E-18
 0.1064000E+04  0.1760545E-18
 0.1065000E+04  0.1755177E-18
 0.1066000E+04  0.1749830E-18
 0.1067000E+04  0.1744504E-18
 0.1068000E+04  0.1739198E-18
 0.1069000E+04  0.1733913E-18
 0.1070000E+04  0.1728649E-18
 0.1071000E+04  0.1723406E-18
 0.1072000E+04  0.1718184E-18
 0.1073000E+04  0.1712982E-18
 0.1074000E+04  0.1707801E-18
 0.1075000E+04  0.1702641E-18
 0.1076000E+04  0.1697501E-18
 0.1077000E+04  0.1692382E-18
 0.1078000E+04  0.1687284E-18
 0.1079000E+04  0.1682207E-18
 0.1080000E+04  0.1677150E-18
 0.1081000E+04  0.1672115E-18
 0.1082000E+04  0.1667099E-18
 0.1083000E+04  0.1662105E-18
 0.1084000E+04  0.1657131E-18
 0.1085000E+04  0.1652178E-18
 0.1086000E+04  0.1647246E-18
 0.1087000E+04  0.1642334E-18
 0.1088000E+04  0.1637443E-18
 0.1089000E+04  0.1632572E-18
 0.1090000E+04  0.1627722E-18
 0.1091000E+04  0.1622893E-18
 0.1092000E+04  0.1618085E-18
 0.1093000E+04  0.1613297E-18
 0.1094000E+04  0.1608529E-18
 0.1095000E+04  0.1603782E-18
 0.1096000E+04  0.1599056E-18
 0.1097000E+04  0.1594350E-18
 0.1098000E+04  0.1589664E-18
 0.1099000E+04  0.1584999E-18
 0.1100000E+04  0.1580355E-18
 0.1101000E+04  0.1575730E-18
 0.1102000E+04  0.1571126E-18
 0.1103000E+04  0.1566543E-18
 0.1104000E+04  0.1561980E-18
 0.1105000E+04  0.1557437E-18
 0.1106000E+04  0.1552914E-18
 0.1107000E+04  0.1548412E-18
 0.1108000E+04  0.1543929E-18
 0.1109000E+04  0.1539467E-18
 0.1110000E+04  0.1535025E-18
 0.1111000E+04  0.1530603E-18
 0.1112000E+04  0.1526201E-18
 0.1113000E+04  0.1521819E-18
 0.1114000E+04  0.1517457E-18
 0.1115000E+04  0.1513114E-18
 0.1116000E+04  0.1508792E-18
 0.1117000E+04  0.1504489E-18
 0.1118000E+04  0.1500206E-18
 0.1119000E+04  0.1495943E-18
 0.1120000E+04  0.1491699E-18
 0.1121000E+04  0.1487475E-18
 0.1122000E+04  0.1483270E-18
 0.1123000E+04  0.1479085E-18
 0.1124000E+04  0.1474919E-18
 0.1125000E+04  0.1470772E-18
 0.1126000E+04  0.1466645E-18
 0.1127000E+04  0.1462537E-18
 0.1128000E+04  0.1458448E-18
 0.1129000E+04  0.1454377E-18
 0.1130000E+04  0.1450326E-18
 0.1131000E+04  0.1446294E-18
 0.1132000E+04  0.1442280E-18
 0.1133000E+04  0.1438286E-18
 0.1134000E+04  0.1434310E-18
 0.1135000E+04  0.1430352E-18
 0.1136000E+04  0.1426413E-18
 0.1137000E+04  0.1422492E-18
 0.1138000E+04  0.1418590E-18
 0.1139000E+04  0.1414706E-18
 0.1140000E+04  0.1410840E-18
 0.1141000E+04  0.1406992E-18
 0.1142000E+04  0.1403162E-18
 0.1143000E+04  0.1399351E-18
 0.1144000E+04  0.1395556E-18
 0.1145000E+04  0.1391780E-18
 0.1146000E+04  0.1388021E-18
 0.1147000E+04  0.1384280E-18
 0.1148000E+04  0.1380556E-18
 0.1149000E+04  0.1376850E-18
 0.1150000E+04  0.1373160E-18
 0.1151000E+04  0.1369488E-18
 0.1152000E+04  0.1365833E-18
 0.1153000E+04  0.1362195E-18
 0.1154000E+04  0.1358574E-18
 0.1155000E+04  0.1354969E-18
 0.1156000E+04  0.1351381E-18
 0.1157000E+04  0.1347810E-18
 0.1158000E+04  0.1344255E-18
 0.1159000E+04  0.1340716E-18
 0.1160000E+04  0.1337193E-18
 0.1161000E+04  0.1333687E-18
 0.1162000E+04  0.1330197E-18
 0.1163000E+04  0.1326722E-18
 0.1164000E+04  0.1323263E-18
 0.1165000E+04  0.1319820E-18
 0.1166000E+04  0.1316393E-18
 0.1167000E+04  0.1312981E-18
 0.1168000E+04  0.1309584E-18
 0.1169000E+04  0.1306203E-18
 0.1170000E+04  0.1302836E-18
 0.1171000E+04  0.1299485E-18
 0.1172000E+04  0.1296148E-18
 0.1173000E+04  0.1292827E-18
 0.1174000E+04  0.1289519E-18
 0.1175000E+04  0.1286227E-18
 0.1176000E+04  0.1282949E-18
 0.1177000E+04  0.1279685E-18
 0.1178000E+04  0.1276435E-18
 0.1179000E+04  0.1273200E-18
 0.1180000E+04  0.1269978E-18
 0.1181000E+04  0.1266771E-18
 0.1182000E+04  0.1263577E-18
 0.1183000E+04  0.1260396E-18
 0.1184000E+04  0.1257230E-18
 0.1185000E+04  0.1254076E-18
 0.1186000E+04  0.1250936E-18
 0.1187000E+04  0.1247809E-18
 0.1188000E+04  0.1244695E-18
 0.1189000E+04  0.1241594E-18
 0.1190000E+04  0.1238506E-18
 0.1191000E+04  0.1235431E-18
 0.1192000E+04  0.1232368E-18
 0.1193000E+04  0.1229317E-18
 0.1194000E+04  0.1226279E-18
 0.1195000E+04  0.1223254E-18
 0.1196000E+04  0.1220240E-18
 0.1197000E+04  0.1217238E-18
 0.1198000E+04  0.1214249E-18
 0.1199000E+04  0.1211271E-18
 0.1200000E+04  0.1208305E-18
 0.1201000E+04  0.1205350E-18
 0.1202000E+04  0.1202407E-18
 0.1203000E+04  0.1199475E-18
 0.1204000E+04  0.1196555E-18
 0.1205000E+04  0.1193645E-18
 0.1206000E+04  0.1190747E-18
 0.1207000E+04  0.1187859E-18
 0.1208000E+04  0.1184983E-18
 0.1209000E+04  0.1182117E-18
 0.1210000E+04  0.1179262E-18
 0.1211000E+04  0.1176417E-18
 0.1212000E+04  0.1173582E-18
 0.1213000E+04  0.1170758E-18
 0.1214000E+04  0.1167944E-18
 0.1215000E+04  0.1165140E-18
 0.1216000E+04  0.1162346E-18
 0.1217000E+04  0.1159562E-18
 0.1218000E+04  0.1156788E-18
 0.1219000E+04  0.1154024E-18
 0.1220000E+04  0.1151269E-18
 0.1221000E+04  0.1148523E-18
 0.1222000E+04  0.1145787E-18
 0.1223000E+04  0.1143060E-18
 0.1224000E+04  0.1140342E-18
 0.1225000E+04  0.1137634E-18
 0.1226000E+04  0.1134934E-18
 0.1227000E+04  0.1132243E-18
 0.1228000E+04  0.1129561E-18
 0.1229000E+04  0.1126888E-18
 0.1230000E+04  0.1124223E-18
 0.1231000E+04  0.1121567E-18
 0.1232000E+04  0.1118919E-18
 0.1233000E+04  0.1116280E-18
 0.1234000E+04  0.1113649E-18
 0.1235000E+04  0.1111026E-18
 0.1236000E+04  0.1108411E-18
 0.1237000E+04  0.1105805E-18
 0.1238000E+04  0.1103206E-18
 0.1239000E+04  0.1100615E-18
 0.1240000E+04  0.1098031E-18
 0.1241000E+04  0.1095456E-18
 0.1242000E+04  0.1092888E-18
 0.1243000E+04  0.1090327E-18
 0.1244000E+04  0.1087774E-18
 0.1245000E+04  0.1085228E-18
 0.1246000E+04  0.1082690E-18
 0.1247000E+04  0.1080159E-18
 0.1248000E+04  0.1077634E-18
 0.1249000E+04  0.1075117E-18
 0.1250000E+04  0.1072607E-18
 0.1251000E+04  0.1070104E-18
 0.1252000E+04  0.1067608E-18
 0.1253000E+04  0.1065118E-18
 0.1254000E+04  0.1062635E-18
 0.1255000E+04  0.1060159E-18
 0.1256000E+04  0.1057689E-18
 0.1257000E+04  0.1055226E-18
 0.1258000E+04  0.1052770E-18
 0.1259000E+04  0.1050319E-18
 0.1260000E+04  0.1047875E-18
 0.1261000E+04  0.1045438E-18
 0.1262000E+04  0.1043006E-18
 0.1263000E+04  0.1040581E-18
 0.1264000E+04  0.1038162E-18
 0.1265000E+04  0.1035748E-18
 0.1266000E+04  0.1033341E-18
 0.1267000E+04  0.1030940E-18
 0.1268000E+04  0.1028544E-18
 0.1269000E+04  0.1026155E-18
 0.1270000E+04  0.1023771E-18
 0.1271000E+04  0.1021393E-18
 0.1272000E+04  0.1019020E-18
 0.1273000E+04  0.1016653E-18
 0.1274000E+04  0.1014292E-18
 0.1275000E+04  0.1011936E-18
 0.1276000E+04  0.1009586E-18
 0.1277000E+04  0.1007241E-18
 0.1278000E+04  0.1004902E-18
 0.1279000E+04  0.1002568E-18
 0.1280000E+04  0.1000239E-18
 0.1281000E+04  0.9979161E-19
 0.1282000E+04  0.9955981E-19
 0.1283000E+04  0.9932852E-19
 0.1284000E+04  0.9909775E-19
 0.1285000E+04  0.9886750E-19
 0.1286000E+04  0.9863776E-19
 0.1287000E+04  0.9840854E-19
 0.1288000E+04  0.9817981E-19
 0.1289000E+04  0.9795159E-19
 0.1290000E+04  0.9772387E-19
 0.1291000E+04  0.9749665E-19
 0.1292000E+04  0.9726992E-19
 0.1293000E+04  0.9704369E-19
 0.1294000E+04  0.9681794E-19
 0.1295000E+04  0.9659268E-19
 0.1296000E+04  0.9636791E-19
 0.1297000E+04  0.9614362E-19
 0.1298000E+04  0.9591981E-19
 0.1299000E+04  0.9569648E-19
 0.1300000E+04  0.9547362E-19
 0.1301000E+04  0.9525124E-19
 0.1302000E+04  0.9502934E-19
 0.1303000E+04  0.9480790E-19
 0.1304000E+04  0.9458694E-19
 0.1305000E+04  0.9436644E-19
 0.1306000E+04  0.9414641E-19
 0.1307000E+04  0.9392685E-19
 0.1308000E+04  0.9370775E-19
 0.1309000E+04  0.9348912E-19
 0.1310000E+04  0.9327095E-19
 0.1311000E+04  0.9305324E-19
 0.1312000E+04  0.9283599E-19
 0.1313000E+04  0.9261920E-19
 0.1314000E+04  0.9240287E-19
 0.1315000E+04  0.9218700E-19
 0.1316000E+04  0.9197159E-19
 0.1317000E+04  0.9175664E-19
 0.1318000E+04  0.9154214E-19
 0.1319000E+04  0.9132810E-19
 0.1320000E+04  0.9111452E-19
 0.1321000E+04  0.9090139E-19
 0.1322000E+04  0.9068872E-19
 0.1323000E+04  0.9047651E-19
 0.1324000E+04  0.9026475E-19
 0.1325000E+04  0.9005345E-19
 0.1326000E+04  0.8984261E-19
 0.1327000E+04  0.8963223E-19
 0.1328000E+04  0.8942230E-19
 0.1329000E+04  0.8921283E-19
 0.1330000E+04  0.8900382E-19
 0.1331000E+04  0.8879527E-19
 0.1332000E+04  0.8858718E-19
 0.1333000E+04  0.8837955E-19
 0.1334000E+04  0.8817238E-19
 0.1335000E+04  0.8796568E-19
 0.1336000E+04  0.8775944E-19
 0.1337000E+04  0.8755366E-19
 0.1338000E+04  0.8734835E-19
 0.1339000E+04  0.8714350E-19
 0.1340000E+04  0.8693912E-19
 0.1341000E+04  0.8673521E-19
 0.1342000E+04  0.8653177E-19
 0.1343000E+04  0.8632880E-19
 0.1344000E+04  0.8612631E-19
 0.1345000E+04  0.8592429E-19
 0.1346000E+04  0.8572274E-19
 0.1347000E+04  0.8552167E-19
 0.1348000E+04  0.8532108E-19
 0.1349000E+04  0.8512097E-19
 0.1350000E+04  0.8492134E-19
 0.1351000E+04  0.8472220E-19
 0.1352000E+04  0.8452354E-19
 0.1353000E+04  0.8432537E-19
 0.1354000E+04  0.8412769E-19
 0.1355000E+04  0.8393050E-19
 0.1356000E+04  0.8373381E-19
 0.1357000E+04  0.8353761E-19
 0.1358000E+04  0.8334190E-19
 0.1359000E+04  0.8314670E-19
 0.1360000E+04  0.8295200E-19
 0.1361000E+04  0.8275780E-19
 0.1362000E+04  0.8256411E-19
 0.1363000E+04  0.8237092E-19
 0.1364000E+04  0.8217825E-19
 0.1365000E+04  0.8198609E-19
 0.1366000E+04  0.8179444E-19
 0.1367000E+04  0.8160331E-19
 0.1368000E+04  0.8141270E-19
 0.1369000E+04  0.8122261E-19
 0.1370000E+04  0.8103305E-19
 0.1371000E+04  0.8084401E-19
 0.1372000E+04  0.8065550E-19
 0.1373000E+04  0.8046753E-19
 0.1374000E+04  0.8028008E-19
 0.1375000E+04  0.8009317E-19
 0.1376000E+04  0.7990681E-19
 0.1377000E+04  0.7972098E-19
 0.1378000E+04  0.7953569E-19
 0.1379000E+04  0.7935095E-19
 0.1380000E+04  0.7916676E-19
 0.1381000E+04  0.7898312E-19
 0.1382000E+04  0.7880004E-19
 0.1383000E+04  0.7861750E-19
 0.1384000E+04  0.7843553E-19
 0.1385000E+04  0.7825412E-19
 0.1386000E+04  0.7807327E-19
 0.1387000E+04  0.7789298E-19
 0.1388000E+04  0.7771326E-19
 0.1389000E+04  0.7753412E-19
 0.1390000E+04  0.7735554E-19
 0.1391000E+04  0.7717754E-19
 0.1392000E+04  0.7700011E-19
 0.1393000E+04  0.7682327E-19
 0.1394000E+04  0.7664700E-19
 0.1395000E+04  0.7647132E-19
 0.1396000E+04  0.7629622E-19
 0.1397000E+04  0.7612172E-19
 0.1398000E+04  0.7594780E-19
 0.1399000E+04  0.7577447E-19
 0.1400000E+04  0.7560174E-19
 0.1401000E+04  0.7542960E-19
 0.1402000E+04  0.7525807E-19
 0.1403000E+04  0.7508713E-19
 0.1404000E+04  0.7491679E-19
 0.1405000E+04  0.7474706E-19
 0.1406000E+04  0.7457793E-19
 0.1407000E+04  0.7440942E-19
 0.1408000E+04  0.7424150E-19
 0.1409000E+04  0.7407421E-19
 0.1410000E+04  0.7390752E-19
 0.1411000E+04  0.7374145E-19
 0.1412000E+04  0.7357599E-19
 0.1413000E+04  0.7341115E-19
 0.1414000E+04  0.7324692E-19
 0.1415000E+04  0.7308332E-19
 0.1416000E+04  0.7292033E-19
 0.1417000E+04  0.7275797E-19
 0.1418000E+04  0.7259623E-19
 0.1419000E+04  0.7243512E-19
 0.1420000E+04  0.7227463E-19
 0.1421000E+04  0.7211476E-19
 0.1422000E+04  0.7195552E-19
 0.1423000E+04  0.7179691E-19
 0.1424000E+04  0.7163893E-19
 0.1425000E+04  0.7148157E-19
 0.1426000E+04  0.7132485E-19
 0.1427000E+04  0.7116875E-19
 0.1428000E+04  0.7101328E-19
 0.1429000E+04  0.7085845E-19
 0.1430000E+04  0.7070424E-19
 0.1431000E+04  0.7055066E-19
 0.1432000E+04  0.7039772E-19
 0.1433000E+04  0.7024540E-19
 0.1434000E+04  0.7009372E-19
 0.1435000E+04  0.6994266E-19
 0.1436000E+04  0.6979224E-19
 0.1437000E+04  0.6964245E-19
 0.1438000E+04  0.6949328E-19
 0.1439000E+04  0.6934475E-19
 0.1440000E+04  0.6919684E-19
 0.1441000E+04  0.6904956E-19
 0.1442000E+04  0.6890291E-19
 0.1443000E+04  0.6875689E-19
 0.1444000E+04  0.6861149E-19
 0.1445000E+04  0.6846672E-19
 0.1446000E+04  0.6832257E-19
 0.1447000E+04  0.6817904E-19
 0.1448000E+04  0.6803613E-19
 0.1449000E+04  0.6789385E-19
 0.1450000E+04  0.6775219E-19
 0.1451000E+04  0.6761114E-19
 0.1452000E+04  0.6747071E-19
 0.1453000E+04  0.6733090E-19
 0.1454000E+04  0.6719170E-19
 0.1455000E+04  0.6705312E-19
 0.1456000E+04  0.6691514E-19
 0.1457000E+04  0.6677778E-19
 0.1458000E+04  0.6664102E-19
 0.1459000E+04  0.6650487E-19
 0.1460000E+04  0.6636932E-19
 0.1461000E+04  0.6623437E-19
 0.1462000E+04  0.6610002E-19
 0.1463000E+04  0.6596627E-19
 0.1464000E+04  0.6583312E-19
 0.1465000E+04  0.6570056E-19
 0.1466000E+04  0.6556859E-19
 0.1467000E+04  0.6543721E-19
 0.1468000E+04  0.6530642E-19
 0.1469000E+04  0.6517621E-19
 0.1470000E+04  0.6504658E-19
 0.1471000E+04  0.6491753E-19
 0.1472000E+04  0.6478905E-19
 0.1473000E+04  0.6466116E-19
 0.1474000E+04  0.6453383E-19
 0.1475000E+04  0.6440707E-19
 0.1476000E+04  0.6428087E-19
 0.1477000E+04  0.6415524E-19
 0.1478000E+04  0.6403016E-19
 0.1479000E+04  0.6390565E-19
 0.1480000E+04  0.6378168E-19
 0.1481000E+04  0.6365827E-19
 0.1482000E+04  0.6353541E-19
 0.1483000E+04  0.6341309E-19
 0.1484000E+04  0.6329131E-19
 0.1485000E+04  0.6317006E-19
 0.1486000E+04  0.6304936E-19
 0.1487000E+04  0.6292918E-19
 0.1488000E+04  0.6280953E-19
 0.1489000E+04  0.6269041E-19
 0.1490000E+04  0.6257181E-19
 0.1491000E+04  0.6245372E-19
 0.1492000E+04  0.6233615E-19
 0.1493000E+04  0.6221909E-19
 0.1494000E+04  0.6210254E-19
 0.1495000E+04  0.6198649E-19
 0.1496000E+04  0.6187095E-19
 0.1497000E+04  0.6175589E-19
 0.1498000E+04  0.6164133E-19
 0.1499000E+04  0.6152727E-19
 0.1500000E+04  0.6141368E-19
 0.1501000E+04  0.6130058E-19
 0.1502000E+04  0.6118795E-19
 0.1503000E+04  0.6107580E-19
 0.1504000E+04  0.6096412E-19
 0.1505000E+04  0.6085291E-19
 0.1506000E+04  0.6074216E-19
 0.1507000E+04  0.6063187E-19
 0.1508000E+04  0.6052203E-19
 0.1509000E+04  0.6041265E-19
 0.1510000E+04  0.6030371E-19
 0.1511000E+04  0.6019522E-19
 0.1512000E+04  0.6008716E-19
 0.1513000E+04  0.5997954E-19
 0.1514000E+04  0.5987235E-19
 0.1515000E+04  0.5976559E-19
 0.1516000E+04  0.5965925E-19
 0.1517000E+04  0.5955334E-19
 0.1518000E+04  0.5944784E-19
 0.1519000E+04  0.5934275E-19
 0.1520000E+04  0.5923806E-19
 0.1521000E+04  0.5913378E-19
 0.1522000E+04  0.5902990E-19
 0.1523000E+04  0.5892642E-19
 0.1524000E+04  0.5882333E-19
 0.1525000E+04  0.5872062E-19
 0.1526000E+04  0.5861830E-19
 0.1527000E+04  0.5851636E-19
 0.1528000E+04  0.5841479E-19
 0.1529000E+04  0.5831360E-19
 0.1530000E+04  0.5821277E-19
 0.1531000E+04  0.5811230E-19
 0.1532000E+04  0.5801220E-19
 0.1533000E+04  0.5791245E-19
 0.1534000E+04  0.5781305E-19
 0.1535000E+04  0.5771399E-19
 0.1536000E+04  0.5761528E-19
 0.1537000E+04  0.5751691E-19
 0.1538000E+04  0.5741887E-19
 0.1539000E+04  0.5732117E-19
 0.1540000E+04  0.5722379E-19
 0.1541000E+04  0.5712673E-19
 0.1542000E+04  0.5702999E-19
 0.1543000E+04  0.5693357E-19
 0.1544000E+04  0.5683745E-19
 0.1545000E+04  0.5674165E-19
 0.1546000E+04  0.5664614E-19
 0.1547000E+04  0.5655094E-19
 0.1548000E+04  0.5645602E-19
 0.1549000E+04  0.5636140E-19
 0.1550000E+04  0.5626707E-19
 0.1551000E+04  0.5617302E-19
 0.1552000E+04  0.5607925E-19
 0.1553000E+04  0.5598575E-19
 0.1554000E+04  0.5589252E-19
 0.1555000E+04  0.5579956E-19
 0.1556000E+04  0.5570686E-19
 0.1557000E+04  0.5561443E-19
 0.1558000E+04  0.5552225E-19
 0.1559000E+04  0.5543032E-19
 0.1560000E+04  0.5533864E-19
 0.1561000E+04  0.5524720E-19
 0.1562000E+04  0.5515600E-19
 0.1563000E+04  0.5506504E-19
 0.1564000E+04  0.5497432E-19
 0.1565000E+04  0.5488382E-19
 0.1566000E+04  0.5479355E-19
 0.1567000E+04  0.5470351E-19
 0.1568000E+04  0.5461368E-19
 0.1569000E+04  0.5452407E-19
 0.1570000E+04  0.5443467E-19
 0.1571000E+04  0.5434548E-19
 0.1572000E+04  0.5425650E-19
 0.1573000E+04  0.5416772E-19
 0.1574000E+04  0.5407913E-19
 0.1575000E+04  0.5399075E-19
 0.1576000E+04  0.5390256E-19
 0.1577000E+04  0.5381456E-19
 0.1578000E+04  0.5372674E-19
 0.1579000E+04  0.5363911E-19
 0.1580000E+04  0.5355166E-19
 0.1581000E+04  0.5346438E-19
 0.1582000E+04  0.5337729E-19
 0.1583000E+04  0.5329036E-19
 0.1584000E+04  0.5320360E-19
 0.1585000E+04  0.5311702E-19
 0.1586000E+04  0.5303059E-19
 0.1587000E+04  0.5294433E-19
 0.1588000E+04  0.5285822E-19
 0.1589000E+04  0.5277227E-19
 0.1590000E+04  0.5268647E-19
 0.1591000E+04  0.5260083E-19
 0.1592000E+04  0.5251533E-19
 0.1593000E+04  0.5242998E-19
 0.1594000E+04  0.5234477E-19
 0.1595000E+04  0.5225971E-19
 0.1596000E+04  0.5217478E-19
 0.1597000E+04  0.5208999E-19
 0.1598000E+04  0.5200534E-19
 0.1599000E+04  0.5192082E-19
 0.1600000E+04  0.5183643E-19
 0.1601000E+04  0.5175217E-19
 0.1602000E+04  0.5166803E-19
 0.1603000E+04  0.5158403E-19
 0.1604000E+04  0.5150014E-19
 0.1605000E+04  0.5141637E-19
 0.1606000E+04  0.5133273E-19
 0.1607000E+04  0.5124920E-19
 0.1608000E+04  0.5116579E-19
 0.1609000E+04  0.5108249E-19
 0.1610000E+04  0.5099931E-19
 0.1611000E+04  0.5091624E-19
 0.1612000E+04  0.5083328E-19
 0.1613000E+04  0.5075042E-19
 0.1614000E+04  0.5066768E-19
 0.1615000E+04  0.5058504E-19
 0.1616000E+04  0.5050250E-19
 0.1617000E+04  0.5042007E-19
 0.1618000E+04  0.5033774E-19
 0.1619000E+04  0.5025552E-19
 0.1620000E+04  0.5017339E-19
 0.1621000E+04  0.5009136E-19
 0.1622000E+04  0.5000944E-19
 0.1623000E+04  0.4992761E-19
 0.1624000E+04  0.4984587E-19
 0.1625000E+04  0.4976424E-19
 0.1626000E+04  0.4968269E-19
 0.1627000E+04  0.4960125E-19
 0.1628000E+04  0.4951990E-19
 0.1629000E+04  0.4943864E-19
 0.1630000E+04  0.4935747E-19
 0.1631000E+04  0.4927640E-19
 0.1632000E+04  0.4919542E-19
 0.1633000E+04  0.4911454E-19
 0.1634000E+04  0.4903374E-19
 0.1635000E+04  0.4895304E-19
 0.1636000E+04  0.4887243E-19
 0.1637000E+04  0.4879191E-19
 0.1638000E+04  0.4871148E-19
 0.1639000E+04  0.4863114E-19
 0.1640000E+04  0.4855089E-19
 0.1641000E+04  0.4847074E-19
 0.1642000E+04  0.4839067E-19
 0.1643000E+04  0.4831070E-19
 0.1644000E+04  0.4823082E-19
 0.1645000E+04  0.4815103E-19
 0.1646000E+04  0.4807134E-19
 0.1647000E+04  0.4799173E-19
 0.1648000E+04  0.4791222E-19
 0.1649000E+04  0.4783280E-19
 0.1650000E+04  0.4775348E-19
 0.1651000E+04  0.4767425E-19
 0.1652000E+04  0.4759512E-19
 0.1653000E+04  0.4751608E-19
 0.1654000E+04  0.4743714E-19
 0.1655000E+04  0.4735830E-19
 0.1656000E+04  0.4727955E-19
 0.1657000E+04  0.4720090E-19
 0.1658000E+04  0.4712235E-19
 0.1659000E+04  0.4704390E-19
 0.1660000E+04  0.4696555E-19
 0.1661000E+04  0.4688730E-19
 0.1662000E+04  0.4680916E-19
 0.1663000E+04  0.4673112E-19
 0.1664000E+04  0.4665318E-19
 0.1665000E+04  0.4657535E-19
 0.1666000E+04  0.4649763E-19
 0.1667000E+04  0.4642002E-19
 0.1668000E+04  0.4634251E-19
 0.1669000E+04  0.4626511E-19
 0.1670000E+04  0.4618783E-19
 0.1671000E+04  0.4611066E-19
 0.1672000E+04  0.4603360E-19
 0.1673000E+04  0.4595666E-19
 0.1674000E+04  0.4587983E-19
 0.1675000E+04  0.4580312E-19
 0.1676000E+04  0.4572654E-19
 0.1677000E+04  0.4565007E-19
 0.1678000E+04  0.4557372E-19
 0.1679000E+04  0.4549750E-19
 0.1680000E+04  0.4542140E-19
 0.1681000E+04  0.4534543E-19
 0.1682000E+04  0.4526959E-19
 0.1683000E+04  0.4519387E-19
 0.1684000E+04  0.4511829E-19
 0.1685000E+04  0.4504284E-19
 0.1686000E+04  0.4496753E-19
 0.1687000E+04  0.4489235E-19
 0.1688000E+04  0.4481730E-19
 0.1689000E+04  0.4474240E-19
 0.1690000E+04  0.4466764E-19
 0.1691000E+04  0.4459302E-19
 0.1692000E+04  0.4451854E-19
 0.1693000E+04  0.4444421E-19
 0.1694000E+04  0.4437002E-19
 0.1695000E+04  0.4429599E-19
 0.1696000E+04  0.4422211E-19
 0.1697000E+04  0.4414838E-19
 0.1698000E+04  0.4407480E-19
 0.1699000E+04  0.4400138E-19
 0.1700000E+04  0.4392812E-19
 0.1701000E+04  0.4385501E-19
 0.1702000E+04  0.4378207E-19
 0.1703000E+04  0.4370929E-19
 0.1704000E+04  0.4363668E-19
 0.1705000E+04  0.4356423E-19
 0.1706000E+04  0.4349195E-19
 0.1707000E+04  0.4341984E-19
 0.1708000E+04  0.4334791E-19
 0.1709000E+04  0.4327614E-19
 0.1710000E+04  0.4320455E-19
 0.1711000E+04  0.4313314E-19
 0.1712000E+04  0.4306191E-19
 0.1713000E+04  0.4299086E-19
 0.1714000E+04  0.4291999E-19
 0.1715000E+04  0.4284930E-19
 0.1716000E+04  0.4277880E-19
 0.1717000E+04  0.4270849E-19
 0.1718000E+04  0.4263836E-19
 0.1719000E+04  0.4256843E-19
 0.1720000E+04  0.4249869E-19
 0.1721000E+04  0.4242914E-19
 0.1722000E+04  0.4235978E-19
 0.1723000E+04  0.4229062E-19
 0.1724000E+04  0.4222166E-19
 0.1725000E+04  0.4215290E-19
 0.1726000E+04  0.4208434E-19
 0.1727000E+04  0.4201598E-19
 0.1728000E+04  0.4194782E-19
 0.1729000E+04  0.4187987E-19
 0.1730000E+04  0.4181212E-19
 0.1731000E+04  0.4174458E-19
 0.1732000E+04  0.4167725E-19
 0.1733000E+04  0.4161013E-19
 0.1734000E+04  0.4154322E-19
 0.1735000E+04  0.4147652E-19
 0.1736000E+04  0.4141004E-19
 0.1737000E+04  0.4134377E-19
 0.1738000E+04  0.4127771E-19
 0.1739000E+04  0.4121188E-19
 0.1740000E+04  0.4114625E-19
 0.1741000E+04  0.4108085E-19
 0.1742000E+04  0.4101567E-19
 0.1743000E+04  0.4095070E-19
 0.1744000E+04  0.4088596E-19
 0.1745000E+04  0.4082144E-19
 0.1746000E+04  0.4075714E-19
 0.1747000E+04  0.4069307E-19
 0.1748000E+04  0.4062921E-19
 0.1749000E+04  0.4056559E-19
 0.1750000E+04  0.4050219E-19
 0.1751000E+04  0.4043901E-19
 0.1752000E+04  0.4037606E-19
 0.1753000E+04  0.4031334E-19
 0.1754000E+04  0.4025085E-19
 0.1755000E+04  0.4018859E-19
 0.1756000E+04  0.4012655E-19
 0.1757000E+04  0.4006474E-19
 0.1758000E+04  0.4000316E-19
 0.1759000E+04  0.3994182E-19
 0.1760000E+04  0.3988070E-19
 0.1761000E+04  0.3981981E-19
 0.1762000E+04  0.3975915E-19
 0.1763000E+04  0.3969873E-19
 0.1764000E+04  0.3963853E-19
 0.1765000E+04  0.3957856E-19
 0.1766000E+04  0.3951883E-19
 0.1767000E+04  0.3945932E-19
 0.1768000E+04  0.3940005E-19
 0.1769000E+04  0.3934101E-19
 0.1770000E+04  0.3928220E-19
 0.1771000E+04  0.3922361E-19
 0.1772000E+04  0.3916526E-19
 0.1773000E+04  0.3910714E-19
 0.1774000E+04  0.3904925E-19
 0.1775000E+04  0.3899159E-19
 0.1776000E+04  0.3893415E-19
 0.1777000E+04  0.3887695E-19
 0.1778000E+04  0.3881997E-19
 0.1779000E+04  0.3876322E-19
 0.1780000E+04  0.3870669E-19
 0.1781000E+04  0.3865039E-19
 0.1782000E+04  0.3859432E-19
 0.1783000E+04  0.3853848E-19
 0.1784000E+04  0.3848285E-19
 0.1785000E+04  0.3842745E-19
 0.1786000E+04  0.3837228E-19
 0.1787000E+04  0.3831732E-19
 0.1788000E+04  0.3826259E-19
 0.1789000E+04  0.3820808E-19
 0.1790000E+04  0.3815378E-19
 0.1791000E+04  0.3809971E-19
 0.1792000E+04  0.3804585E-19
 0.1793000E+04  0.3799221E-19
 0.1794000E+04  0.3793879E-19
 0.1795000E+04  0.3788558E-19
 0.1796000E+04  0.3783258E-19
 0.1797000E+04  0.3777979E-19
 0.1798000E+04  0.3772722E-19
 0.1799000E+04  0.3767485E-19
 0.1800000E+04  0.3762270E-19
 0.1801000E+04  0.3757075E-19
 0.1802000E+04  0.3751901E-19
 0.1803000E+04  0.3746747E-19
 0.1804000E+04  0.3741613E-19
 0.1805000E+04  0.3736500E-19
 0.1806000E+04  0.3731407E-19
 0.1807000E+04  0.3726334E-19
 0.1808000E+04  0.3721280E-19
 0.1809000E+04  0.3716246E-19
 0.1810000E+04  0.3711232E-19
 0.1811000E+04  0.3706237E-19
 0.1812000E+04  0.3701261E-19
 0.1813000E+04  0.3696304E-19
 0.1814000E+04  0.3691366E-19
 0.1815000E+04  0.3686446E-19
 0.1816000E+04  0.3681546E-19
 0.1817000E+04  0.3676663E-19
 0.1818000E+04  0.3671799E-19
 0.1819000E+04  0.3666952E-19
 0.1820000E+04  0.3662124E-19
 0.1821000E+04  0.3657313E-19
 0.1822000E+04  0.3652520E-19
 0.1823000E+04  0.3647744E-19
 0.1824000E+04  0.3642985E-19
 0.1825000E+04  0.3638243E-19
 0.1826000E+04  0.3633518E-19
 0.1827000E+04  0.3628810E-19
 0.1828000E+04  0.3624117E-19
 0.1829000E+04  0.3619442E-19
 0.1830000E+04  0.3614782E-19
 0.1831000E+04  0.3610137E-19
 0.1832000E+04  0.3605509E-19
 0.1833000E+04  0.3600896E-19
 0.1834000E+04  0.3596298E-19
 0.1835000E+04  0.3591715E-19
 0.1836000E+04  0.3587147E-19
 0.1837000E+04  0.3582594E-19
 0.1838000E+04  0.3578055E-19
 0.1839000E+04  0.3573530E-19
 0.1840000E+04  0.3569019E-19
 0.1841000E+04  0.3564523E-19
 0.1842000E+04  0.3560039E-19
 0.1843000E+04  0.3555569E-19
 0.1844000E+04  0.3551112E-19
 0.1845000E+04  0.3546669E-19
 0.1846000E+04  0.3542237E-19
 0.1847000E+04  0.3537819E-19
 0.1848000E+04  0.3533412E-19
 0.1849000E+04  0.3529018E-19
 0.1850000E+04  0.3524636E-19
 0.1851000E+04  0.3520265E-19
 0.1852000E+04  0.3515905E-19
 0.1853000E+04  0.3511557E-19
 0.1854000E+04  0.3507220E-19
 0.1855000E+04  0.3502893E-19
 0.1856000E+04  0.3498577E-19
 0.1857000E+04  0.3494272E-19
 0.1858000E+04  0.3489976E-19
 0.1859000E+04  0.3485690E-19
 0.1860000E+04  0.3481414E-19
 0.1861000E+04  0.3477147E-19
 0.1862000E+04  0.3472889E-19
 0.1863000E+04  0.3468640E-19
 0.1864000E+04  0.3464400E-19
 0.1865000E+04  0.3460169E-19
 0.1866000E+04  0.3455946E-19
 0.1867000E+04  0.3451731E-19
 0.1868000E+04  0.3447523E-19
 0.1869000E+04  0.3443324E-19
 0.1870000E+04  0.3439131E-19
 0.1871000E+04  0.3434946E-19
 0.1872000E+04  0.3430768E-19
 0.1873000E+04  0.3426597E-19
 0.1874000E+04  0.3422432E-19
 0.1875000E+04  0.3418274E-19
 0.1876000E+04  0.3414122E-19
 0.1877000E+04  0.3409975E-19
 0.1878000E+04  0.3405835E-19
 0.1879000E+04  0.3401700E-19
 0.1880000E+04  0.3397570E-19
 0.1881000E+04  0.3393446E-19
 0.1882000E+04  0.3389326E-19
 0.1883000E+04  0.3385212E-19
 0.1884000E+04  0.3381101E-19
 0.1885000E+04  0.3376996E-19
 0.1886000E+04  0.3372894E-19
 0.1887000E+04  0.3368796E-19
 0.1888000E+04  0.3364703E-19
 0.1889000E+04  0.3360612E-19
 0.1890000E+04  0.3356526E-19
 0.1891000E+04  0.3352442E-19
 0.1892000E+04  0.3348362E-19
 0.1893000E+04  0.3344285E-19
 0.1894000E+04  0.3340210E-19
 0.1895000E+04  0.3336138E-19
 0.1896000E+04  0.3332069E-19
 0.1897000E+04  0.3328002E-19
 0.1898000E+04  0.3323937E-19
 0.1899000E+04  0.3319873E-19
 0.1900000E+04  0.3315812E-19
 0.1901000E+04  0.3311752E-19
 0.1902000E+04  0.3307694E-19
 0.1903000E+04  0.3303637E-19
 0.1904000E+04  0.3299582E-19
 0.1905000E+04  0.3295527E-19
 0.1906000E+04  0.3291474E-19
 0.1907000E+04  0.3287421E-19
 0.1908000E+04  0.3283369E-19
 0.1909000E+04  0.3279317E-19
 0.1910000E+04  0.3275266E-19
 0.1911000E+04  0.3271215E-19
 0.1912000E+04  0.3267165E-19
 0.1913000E+04  0.3263114E-19
 0.1914000E+04  0.3259064E-19
 0.1915000E+04  0.3255013E-19
 0.1916000E+04  0.3250962E-19
 0.1917000E+04  0.3246911E-19
 0.1918000E+04  0.3242859E-19
 0.1919000E+04  0.3238807E-19
 0.1920000E+04  0.3234755E-19
 0.1921000E+04  0.3230701E-19
 0.1922000E+04  0.3226647E-19
 0.1923000E+04  0.3222592E-19
 0.1924000E+04  0.3218537E-19
 0.1925000E+04  0.3214480E-19
 0.1926000E+04  0.3210422E-19
 0.1927000E+04  0.3206364E-19
 0.1928000E+04  0.3202304E-19
 0.1929000E+04  0.3198243E-19
 0.1930000E+04  0.3194181E-19
 0.1931000E+04  0.3190118E-19
 0.1932000E+04  0.3186053E-19
 0.1933000E+04  0.3181987E-19
 0.1934000E+04  0.3177920E-19
 0.1935000E+04  0.3173852E-19
 0.1936000E+04  0.3169782E-19
 0.1937000E+04  0.3165711E-19
 0.1938000E+04  0.3161639E-19
 0.1939000E+04  0.3157565E-19
 0.1940000E+04  0.3153490E-19
 0.1941000E+04  0.3149414E-19
 0.1942000E+04  0.3145336E-19
 0.1943000E+04  0.3141258E-19
 0.1944000E+04  0.3137178E-19
 0.1945000E+04  0.3133096E-19
 0.1946000E+04  0.3129014E-19
 0.1947000E+04  0.3124930E-19
 0.1948000E+04  0.3120845E-19
 0.1949000E+04  0.3116760E-19
 0.1950000E+04  0.3112673E-19
 0.1951000E+04  0.3108585E-19
 0.1952000E+04  0.3104496E-19
 0.1953000E+04  0.3100407E-19
 0.1954000E+04  0.3096316E-19
 0.1955000E+04  0.3092225E-19
 0.1956000E+04  0.3088134E-19
 0.1957000E+04  0.3084041E-19
 0.1958000E+04  0.3079949E-19
 0.1959000E+04  0.3075856E-19
 0.1960000E+04  0.3071762E-19
 0.1961000E+04  0.3067669E-19
 0.1962000E+04  0.3063575E-19
 0.1963000E+04  0.3059481E-19
 0.1964000E+04  0.3055388E-19
 0.1965000E+04  0.3051294E-19
 0.1966000E+04  0.3047201E-19
 0.1967000E+04  0.3043109E-19
 0.1968000E+04  0.3039017E-19
 0.1969000E+04  0.3034926E-19
 0.1970000E+04  0.3030835E-19
 0.1971000E+04  0.3026746E-19
 0.1972000E+04  0.3022658E-19
 0.1973000E+04  0.3018571E-19
 0.1974000E+04  0.3014485E-19
 0.1975000E+04  0.3010401E-19
 0.1976000E+04  0.3006318E-19
 0.1977000E+04  0.3002238E-19
 0.1978000E+04  0.2998159E-19
 0.1979000E+04  0.2994083E-19
 0.1980000E+04  0.2990009E-19
 0.1981000E+04  0.2985937E-19
 0.1982000E+04  0.2981868E-19
 0.1983000E+04  0.2977802E-19
 0.1984000E+04  0.2973739E-19
 0.1985000E+04  0.2969679E-19
 0.1986000E+04  0.2965622E-19
 0.1987000E+04  0.2961569E-19
 0.1988000E+04  0.2957520E-19
 0.1989000E+04  0.2953475E-19
 0.1990000E+04  0.2949433E-19
 0.1991000E+04  0.2945397E-19
 0.1992000E+04  0.2941364E-19
 0.1993000E+04  0.2937337E-19
 0.1994000E+04  0.2933314E-19
 0.1995000E+04  0.2929296E-19
 0.1996000E+04  0.2925284E-19
 0.1997000E+04  0.2921277E-19
 0.1998000E+04  0.2917276E-19
 0.1999000E+04  0.2913281E-19
 0.2000000E+04  0.2909292E-19
 0.2001000E+04  0.2905310E-19
 0.2002000E+04  0.2901334E-19
 0.2003000E+04  0.2897365E-19
 0.2004000E+04  0.2893403E-19
 0.2005000E+04  0.2889448E-19
 0.2006000E+04  0.2885501E-19
 0.2007000E+04  0.2881561E-19
 0.2008000E+04  0.2877630E-19
 0.2009000E+04  0.2873706E-19
 0.2010000E+04  0.2869791E-19
 0.2011000E+04  0.2865885E-19
 0.2012000E+04  0.2861987E-19
 0.2013000E+04  0.2858098E-19
 0.2014000E+04  0.2854219E-19
 0.2015000E+04  0.2850349E-19
 0.2016000E+04  0.2846489E-19
 0.2017000E+04  0.2842639E-19
 0.2018000E+04  0.2838799E-19
 0.2019000E+04  0.2834970E-19
 0.2020000E+04  0.2831151E-19
 0.2021000E+04  0.2827343E-19
 0.2022000E+04  0.2823546E-19
 0.2023000E+04  0.2819760E-19
 0.2024000E+04  0.2815986E-19
 0.2025000E+04  0.2812223E-19
 0.2026000E+04  0.2808472E-19
 0.2027000E+04  0.2804734E-19
 0.2028000E+04  0.2801007E-19
 0.2029000E+04  0.2797294E-19
 0.2030000E+04  0.2793593E-19
 0.2031000E+04  0.2789905E-19
 0.2032000E+04  0.2786230E-19
 0.2033000E+04  0.2782569E-19
 0.2034000E+04  0.2778921E-19
 0.2035000E+04  0.2775287E-19
 0.2036000E+04  0.2771667E-19
 0.2037000E+04  0.2768061E-19
 0.2038000E+04  0.2764469E-19
 0.2039000E+04  0.2760892E-19
 0.2040000E+04  0.2757330E-19
 0.2041000E+04  0.2753782E-19
 0.2042000E+04  0.2750250E-19
 0.2043000E+04  0.2746733E-19
 0.2044000E+04  0.2743232E-19
 0.2045000E+04  0.2739746E-19
 0.2046000E+04  0.2736276E-19
 0.2047000E+04  0.2732822E-19
 0.2048000E+04  0.2729385E-19
 0.2049000E+04  0.2725963E-19
 0.2050000E+04  0.2722559E-19
 0.2051000E+04  0.2719171E-19
 0.2052000E+04  0.2715800E-19
 0.2053000E+04  0.2712446E-19
 0.2054000E+04  0.2709109E-19
 0.2055000E+04  0.2705790E-19
 0.2056000E+04  0.2702488E-19
 0.2057000E+04  0.2699204E-19
 0.2058000E+04  0.2695938E-19
 0.2059000E+04  0.2692689E-19
 0.2060000E+04  0.2689459E-19
 0.2061000E+04  0.2686248E-19
 0.2062000E+04  0.2683054E-19
 0.2063000E+04  0.2679879E-19
 0.2064000E+04  0.2676723E-19
 0.2065000E+04  0.2673586E-19
 0.2066000E+04  0.2670468E-19
 0.2067000E+04  0.2667369E-19
 0.2068000E+04  0.2664289E-19
 0.2069000E+04  0.2661228E-19
 0.2070000E+04  0.2658187E-19
 0.2071000E+04  0.2655165E-19
 0.2072000E+04  0.2652163E-19
 0.2073000E+04  0.2649181E-19
 0.2074000E+04  0.2646218E-19
 0.2075000E+04  0.2643276E-19
 0.2076000E+04  0.2640353E-19
 0.2077000E+04  0.2637451E-19
 0.2078000E+04  0.2634568E-19
 0.2079000E+04  0.2631707E-19
 0.2080000E+04  0.2628865E-19
 0.2081000E+04  0.2626044E-19
 0.2082000E+04  0.2623243E-19
 0.2083000E+04  0.2620463E-19
 0.2084000E+04  0.2617704E-19
 0.2085000E+04  0.2614965E-19
 0.2086000E+04  0.2612248E-19
 0.2087000E+04  0.2609550E-19
 0.2088000E+04  0.2606874E-19
 0.2089000E+04  0.2604219E-19
 0.2090000E+04  0.2601585E-19
 0.2091000E+04  0.2598971E-19
 0.2092000E+04  0.2596379E-19
 0.2093000E+04  0.2593808E-19
 0.2094000E+04  0.2591258E-19
 0.2095000E+04  0.2588729E-19
 0.2096000E+04  0.2586221E-19
 0.2097000E+04  0.2583734E-19
 0.2098000E+04  0.2581269E-19
 0.2099000E+04  0.2578824E-19
 0.2100000E+04  0.2576401E-19
 0.2101000E+04  0.2573999E-19
 0.2102000E+04  0.2571619E-19
 0.2103000E+04  0.2569259E-19
 0.2104000E+04  0.2566921E-19
 0.2105000E+04  0.2564604E-19
 0.2106000E+04  0.2562308E-19
 0.2107000E+04  0.2560034E-19
 0.2108000E+04  0.2557780E-19
 0.2109000E+04  0.2555548E-19
 0.2110000E+04  0.2553337E-19
 0.2111000E+04  0.2551147E-19
 0.2112000E+04  0.2548978E-19
 0.2113000E+04  0.2546831E-19
 0.2114000E+04  0.2544704E-19
 0.2115000E+04  0.2542598E-19
 0.2116000E+04  0.2540513E-19
 0.2117000E+04  0.2538449E-19
 0.2118000E+04  0.2536406E-19
 0.2119000E+04  0.2534384E-19
 0.2120000E+04  0.2532383E-19
 0.2121000E+04  0.2530402E-19
 0.2122000E+04  0.2528442E-19
 0.2123000E+04  0.2526503E-19
 0.2124000E+04  0.2524584E-19
 0.2125000E+04  0.2522685E-19
 0.2126000E+04  0.2520807E-19
 0.2127000E+04  0.2518949E-19
 0.2128000E+04  0.2517112E-19
 0.2129000E+04  0.2515294E-19
 0.2130000E+04  0.2513497E-19
 0.2131000E+04  0.2511720E-19
 0.2132000E+04  0.2509963E-19
 0.2133000E+04  0.2508225E-19
 0.2134000E+04  0.2506507E-19
 0.2135000E+04  0.2504809E-19
 0.2136000E+04  0.2503130E-19
 0.2137000E+04  0.2501471E-19
 0.2138000E+04  0.2499831E-19
 0.2139000E+04  0.2498210E-19
 0.2140000E+04  0.2496608E-19
 0.2141000E+04  0.2495025E-19
 0.2142000E+04  0.2493461E-19
 0.2143000E+04  0.2491916E-19
 0.2144000E+04  0.2490389E-19
 0.2145000E+04  0.2488881E-19
 0.2146000E+04  0.2487391E-19
 0.2147000E+04  0.2485920E-19
 0.2148000E+04  0.2484466E-19
 0.2149000E+04  0.2483030E-19
 0.2150000E+04  0.2481612E-19
 0.2151000E+04  0.2480211E-19
 0.2152000E+04  0.2478828E-19
 0.2153000E+04  0.2477463E-19
 0.2154000E+04  0.2476114E-19
 0.2155000E+04  0.2474782E-19
 0.2156000E+04  0.2473467E-19
 0.2157000E+04  0.2472169E-19
 0.2158000E+04  0.2470887E-19
 0.2159000E+04  0.2469621E-19
 0.2160000E+04  0.2468372E-19
 0.2161000E+04  0.2467138E-19
 0.2162000E+04  0.2465920E-19
 0.2163000E+04  0.2464718E-19
 0.2164000E+04  0.2463530E-19
 0.2165000E+04  0.2462359E-19
 0.2166000E+04  0.2461202E-19
 0.2167000E+04  0.2460059E-19
 0.2168000E+04  0.2458932E-19
 0.2169000E+04  0.2457819E-19
 0.2170000E+04  0.2456720E-19
 0.2171000E+04  0.2455635E-19
 0.2172000E+04  0.2454563E-19
 0.2173000E+04  0.2453506E-19
 0.2174000E+04  0.2452461E-19
 0.2175000E+04  0.2451430E-19
 0.2176000E+04  0.2450412E-19
 0.2177000E+04  0.2449407E-19
 0.2178000E+04  0.2448414E-19
 0.2179000E+04  0.2447434E-19
 0.2180000E+04  0.2446465E-19
 0.2181000E+04  0.2445509E-19
 0.2182000E+04  0.2444564E-19
 0.2183000E+04  0.2443630E-19
 0.2184000E+04  0.2442708E-19
 0.2185000E+04  0.2441797E-19
 0.2186000E+04  0.2440897E-19
 0.2187000E+04  0.2440007E-19
 0.2188000E+04  0.2439128E-19
 0.2189000E+04  0.2438258E-19
 0.2190000E+04  0.2437399E-19
 0.2191000E+04  0.2436549E-19
 0.2192000E+04  0.2435709E-19
 0.2193000E+04  0.2434878E-19
 0.2194000E+04  0.2434055E-19
 0.2195000E+04  0.2433242E-19
 0.2196000E+04  0.2432437E-19
 0.2197000E+04  0.2431640E-19
 0.2198000E+04  0.2430851E-19
 0.2199000E+04  0.2430070E-19
 0.2200000E+04  0.2429297E-19
 0.2201000E+04  0.2428531E-19
 0.2202000E+04  0.2427771E-19
 0.2203000E+04  0.2427019E-19
 0.2204000E+04  0.2426273E-19
 0.2205000E+04  0.2425534E-19
 0.2206000E+04  0.2424801E-19
 0.2207000E+04  0.2424073E-19
 0.2208000E+04  0.2423351E-19
 0.2209000E+04  0.2422635E-19
 0.2210000E+04  0.2421923E-19
 0.2211000E+04  0.2421216E-19
 0.2212000E+04  0.2420514E-19
 0.2213000E+04  0.2419817E-19
 0.2214000E+04  0.2419123E-19
 0.2215000E+04  0.2418434E-19
 0.2216000E+04  0.2417748E-19
 0.2217000E+04  0.2417066E-19
 0.2218000E+04  0.2416387E-19
 0.2219000E+04  0.2415711E-19
 0.2220000E+04  0.2415037E-19
 0.2221000E+04  0.2414367E-19
 0.2222000E+04  0.2413698E-19
 0.2223000E+04  0.2413032E-19
 0.2224000E+04  0.2412367E-19
 0.2225000E+04  0.2411705E-19
 0.2226000E+04  0.2411043E-19
 0.2227000E+04  0.2410383E-19
 0.2228000E+04  0.2409724E-19
 0.2229000E+04  0.2409066E-19
 0.2230000E+04  0.2408408E-19
 0.2231000E+04  0.2407751E-19
 0.2232000E+04  0.2407094E-19
 0.2233000E+04  0.2406437E-19
 0.2234000E+04  0.2405780E-19
 0.2235000E+04  0.2405122E-19
 0.2236000E+04  0.2404464E-19
 0.2237000E+04  0.2403805E-19
 0.2238000E+04  0.2403145E-19
 0.2239000E+04  0.2402483E-19
 0.2240000E+04  0.2401821E-19
 0.2241000E+04  0.2401157E-19
 0.2242000E+04  0.2400491E-19
 0.2243000E+04  0.2399824E-19
 0.2244000E+04  0.2399154E-19
 0.2245000E+04  0.2398482E-19
 0.2246000E+04  0.2397808E-19
 0.2247000E+04  0.2397132E-19
 0.2248000E+04  0.2396453E-19
 0.2249000E+04  0.2395771E-19
 0.2250000E+04  0.2395085E-19
 0.2251000E+04  0.2394397E-19
 0.2252000E+04  0.2393706E-19
 0.2253000E+04  0.2393011E-19
 0.2254000E+04  0.2392313E-19
 0.2255000E+04  0.2391611E-19
 0.2256000E+04  0.2390905E-19
 0.2257000E+04  0.2390195E-19
 0.2258000E+04  0.2389482E-19
 0.2259000E+04  0.2388764E-19
 0.2260000E+04  0.2388042E-19
 0.2261000E+04  0.2387315E-19
 0.2262000E+04  0.2386584E-19
 0.2263000E+04  0.2385849E-19
 0.2264000E+04  0.2385109E-19
 0.2265000E+04  0.2384364E-19
 0.2266000E+04  0.2383614E-19
 0.2267000E+04  0.2382859E-19
 0.2268000E+04  0.2382100E-19
 0.2269000E+04  0.2381335E-19
 0.2270000E+04  0.2380565E-19
 0.2271000E+04  0.2379790E-19
 0.2272000E+04  0.2379009E-19
 0.2273000E+04  0.2378224E-19
 0.2274000E+04  0.2377433E-19
 0.2275000E+04  0.2376636E-19
 0.2276000E+04  0.2375834E-19
 0.2277000E+04  0.2375027E-19
 0.2278000E+04  0.2374213E-19
 0.2279000E+04  0.2373395E-19
 0.2280000E+04  0.2372571E-19
 0.2281000E+04  0.2371741E-19
 0.2282000E+04  0.2370905E-19
 0.2283000E+04  0.2370064E-19
 0.2284000E+04  0.2369217E-19
 0.2285000E+04  0.2368365E-19
 0.2286000E+04  0.2367506E-19
 0.2287000E+04  0.2366643E-19
 0.2288000E+04  0.2365773E-19
 0.2289000E+04  0.2364898E-19
 0.2290000E+04  0.2364018E-19
 0.2291000E+04  0.2363131E-19
 0.2292000E+04  0.2362240E-19
 0.2293000E+04  0.2361342E-19
 0.2294000E+04  0.2360440E-19
 0.2295000E+04  0.2359531E-19
 0.2296000E+04  0.2358618E-19
 0.2297000E+04  0.2357699E-19
 0.2298000E+04  0.2356775E-19
 0.2299000E+04  0.2355846E-19
 0.2300000E+04  0.2354911E-19
 0.2301000E+04  0.2353972E-19
 0.2302000E+04  0.2353027E-19
 0.2303000E+04  0.2352078E-19
 0.2304000E+04  0.2351123E-19
 0.2305000E+04  0.2350165E-19
 0.2306000E+04  0.2349201E-19
 0.2307000E+04  0.2348233E-19
 0.2308000E+04  0.2347260E-19
 0.2309000E+04  0.2346284E-19
 0.2310000E+04  0.2345302E-19
 0.2311000E+04  0.2344317E-19
 0.2312000E+04  0.2343328E-19
 0.2313000E+04  0.2342335E-19
 0.2314000E+04  0.2341338E-19
 0.2315000E+04  0.2340337E-19
 0.2316000E+04  0.2339333E-19
 0.2317000E+04  0.2338326E-19
 0.2318000E+04  0.2337315E-19
 0.2319000E+04  0.2336301E-19
 0.2320000E+04  0.2335284E-19
 0.2321000E+04  0.2334264E-19
 0.2322000E+04  0.2333241E-19
 0.2323000E+04  0.2332215E-19
 0.2324000E+04  0.2331188E-19
 0.2325000E+04  0.2330157E-19
 0.2326000E+04  0.2329125E-19
 0.2327000E+04  0.2328090E-19
 0.2328000E+04  0.2327054E-19
 0.2329000E+04  0.2326015E-19
 0.2330000E+04  0.2324975E-19
 0.2331000E+04  0.2323934E-19
 0.2332000E+04  0.2322891E-19
 0.2333000E+04  0.2321847E-19
 0.2334000E+04  0.2320802E-19
 0.2335000E+04  0.2319756E-19
 0.2336000E+04  0.2318709E-19
 0.2337000E+04  0.2317662E-19
 0.2338000E+04  0.2316614E-19
 0.2339000E+04  0.2315566E-19
 0.2340000E+04  0.2314517E-19
 0.2341000E+04  0.2313469E-19
 0.2342000E+04  0.2312421E-19
 0.2343000E+04  0.2311373E-19
 0.2344000E+04  0.2310326E-19
 0.2345000E+04  0.2309280E-19
 0.2346000E+04  0.2308234E-19
 0.2347000E+04  0.2307189E-19
 0.2348000E+04  0.2306145E-19
 0.2349000E+04  0.2305103E-19
 0.2350000E+04  0.2304062E-19
 0.2351000E+04  0.2303023E-19
 0.2352000E+04  0.2301986E-19
 0.2353000E+04  0.2300950E-19
 0.2354000E+04  0.2299917E-19
 0.2355000E+04  0.2298886E-19
 0.2356000E+04  0.2297857E-19
 0.2357000E+04  0.2296831E-19
 0.2358000E+04  0.2295807E-19
 0.2359000E+04  0.2294787E-19
 0.2360000E+04  0.2293770E-19
 0.2361000E+04  0.2292755E-19
 0.2362000E+04  0.2291745E-19
 0.2363000E+04  0.2290737E-19
 0.2364000E+04  0.2289734E-19
 0.2365000E+04  0.2288734E-19
 0.2366000E+04  0.2287738E-19
 0.2367000E+04  0.2286746E-19
 0.2368000E+04  0.2285758E-19
 0.2369000E+04  0.2284775E-19
 0.2370000E+04  0.2283796E-19
 0.2371000E+04  0.2282822E-19
 0.2372000E+04  0.2281853E-19
 0.2373000E+04  0.2280889E-19
 0.2374000E+04  0.2279929E-19
 0.2375000E+04  0.2278975E-19
 0.2376000E+04  0.2278026E-19
 0.2377000E+04  0.2277082E-19
 0.2378000E+04  0.2276143E-19
 0.2379000E+04  0.2275211E-19
 0.2380000E+04  0.2274284E-19
 0.2381000E+04  0.2273362E-19
 0.2382000E+04  0.2272447E-19
 0.2383000E+04  0.2271538E-19
 0.2384000E+04  0.2270634E-19
 0.2385000E+04  0.2269737E-19
 0.2386000E+04  0.2268846E-19
 0.2387000E+04  0.2267961E-19
 0.2388000E+04  0.2267083E-19
 0.2389000E+04  0.2266212E-19
 0.2390000E+04  0.2265346E-19
 0.2391000E+04  0.2264488E-19
 0.2392000E+04  0.2263636E-19
 0.2393000E+04  0.2262791E-19
 0.2394000E+04  0.2261952E-19
 0.2395000E+04  0.2261121E-19
 0.2396000E+04  0.2260296E-19
 0.2397000E+04  0.2259479E-19
 0.2398000E+04  0.2258668E-19
 0.2399000E+04  0.2257865E-19
 0.2400000E+04  0.2257068E-19
 0.2401000E+04  0.2256279E-19
 0.2402000E+04  0.2255496E-19
 0.2403000E+04  0.2254721E-19
 0.2404000E+04  0.2253953E-19
 0.2405000E+04  0.2253193E-19
 0.2406000E+04  0.2252439E-19
 0.2407000E+04  0.2251693E-19
 0.2408000E+04  0.2250954E-19
 0.2409000E+04  0.2250223E-19
 0.2410000E+04  0.2249498E-19
 0.2411000E+04  0.2248781E-19
 0.2412000E+04  0.2248071E-19
 0.2413000E+04  0.2247368E-19
 0.2414000E+04  0.2246672E-19
 0.2415000E+04  0.2245984E-19
 0.2416000E+04  0.2245303E-19
 0.2417000E+04  0.2244629E-19
 0.2418000E+04  0.2243961E-19
 0.2419000E+04  0.2243301E-19
 0.2420000E+04  0.2242648E-19
 0.2421000E+04  0.2242002E-19
 0.2422000E+04  0.2241363E-19
 0.2423000E+04  0.2240731E-19
 0.2424000E+04  0.2240105E-19
 0.2425000E+04  0.2239487E-19
 0.2426000E+04  0.2238875E-19
 0.2427000E+04  0.2238269E-19
 0.2428000E+04  0.2237670E-19
 0.2429000E+04  0.2237078E-19
 0.2430000E+04  0.2236491E-19
 0.2431000E+04  0.2235912E-19
 0.2432000E+04  0.2235338E-19
 0.2433000E+04  0.2234770E-19
 0.2434000E+04  0.2234209E-19
 0.2435000E+04  0.2233653E-19
 0.2436000E+04  0.2233103E-19
 0.2437000E+04  0.2232559E-19
 0.2438000E+04  0.2232020E-19
 0.2439000E+04  0.2231486E-19
 0.2440000E+04  0.2230958E-19
 0.2441000E+04  0.2230435E-19
 0.2442000E+04  0.2229917E-19
 0.2443000E+04  0.2229404E-19
 0.2444000E+04  0.2228896E-19
 0.2445000E+04  0.2228392E-19
 0.2446000E+04  0.2227893E-19
 0.2447000E+04  0.2227397E-19
 0.2448000E+04  0.2226906E-19
 0.2449000E+04  0.2226419E-19
 0.2450000E+04  0.2225936E-19
 0.2451000E+04  0.2225456E-19
 0.2452000E+04  0.2224980E-19
 0.2453000E+04  0.2224506E-19
 0.2454000E+04  0.2224036E-19
 0.2455000E+04  0.2223569E-19
 0.2456000E+04  0.2223104E-19
 0.2457000E+04  0.2222642E-19
 0.2458000E+04  0.2222181E-19
 0.2459000E+04  0.2221723E-19
 0.2460000E+04  0.2221267E-19
 0.2461000E+04  0.2220812E-19
 0.2462000E+04  0.2220359E-19
 0.2463000E+04  0.2219906E-19
 0.2464000E+04  0.2219455E-19
 0.2465000E+04  0.2219004E-19
 0.2466000E+04  0.2218554E-19
 0.2467000E+04  0.2218104E-19
 0.2468000E+04  0.2217654E-19
 0.2469000E+04  0.2217204E-19
 0.2470000E+04  0.2216753E-19
 0.2471000E+04  0.2216302E-19
 0.2472000E+04  0.2215850E-19
 0.2473000E+04  0.2215396E-19
 0.2474000E+04  0.2214941E-19
 0.2475000E+04  0.2214485E-19
 0.2476000E+04  0.2214026E-19
 0.2477000E+04  0.2213566E-19
 0.2478000E+04  0.2213103E-19
 0.2479000E+04  0.2212637E-19
 0.2480000E+04  0.2212169E-19
 0.2481000E+04  0.2211697E-19
 0.2482000E+04  0.2211222E-19
 0.2483000E+04  0.2210744E-19
 0.2484000E+04  0.2210261E-19
 0.2485000E+04  0.2209775E-19
 0.2486000E+04  0.2209283E-19
 0.2487000E+04  0.2208788E-19
 0.2488000E+04  0.2208287E-19
 0.2489000E+04  0.2207781E-19
 0.2490000E+04  0.2207270E-19
 0.2491000E+04  0.2206753E-19
 0.2492000E+04  0.2206230E-19
 0.2493000E+04  0.2205701E-19
 0.2494000E+04  0.2205165E-19
 0.2495000E+04  0.2204622E-19
 0.2496000E+04  0.2204073E-19
 0.2497000E+04  0.2203516E-19
 0.2498000E+04  0.2202952E-19
 0.2499000E+04  0.2202380E-19
 0.2500000E+04  0.2201800E-19
 0.2501000E+04  0.2201211E-19
 0.2502000E+04  0.2200614E-19
 0.2503000E+04  0.2200008E-19
 0.2504000E+04  0.2199393E-19
 0.2505000E+04  0.2198769E-19
 0.2506000E+04  0.2198135E-19
 0.2507000E+04  0.2197492E-19
 0.2508000E+04  0.2196838E-19
 0.2509000E+04  0.2196174E-19
 0.2510000E+04  0.2195499E-19
 0.2511000E+04  0.2194813E-19
 0.2512000E+04  0.2194116E-19
 0.2513000E+04  0.2193408E-19
 0.2514000E+04  0.2192689E-19
 0.2515000E+04  0.2191957E-19
 0.2516000E+04  0.2191214E-19
 0.2517000E+04  0.2190459E-19
 0.2518000E+04  0.2189691E-19
 0.2519000E+04  0.2188910E-19
 0.2520000E+04  0.2188117E-19
 0.2521000E+04  0.2187310E-19
 0.2522000E+04  0.2186491E-19
 0.2523000E+04  0.2185658E-19
 0.2524000E+04  0.2184811E-19
 0.2525000E+04  0.2183951E-19
 0.2526000E+04  0.2183076E-19
 0.2527000E+04  0.2182188E-19
 0.2528000E+04  0.2181285E-19
 0.2529000E+04  0.2180368E-19
 0.2530000E+04  0.2179436E-19
 0.2531000E+04  0.2178490E-19
 0.2532000E+04  0.2177529E-19
 0.2533000E+04  0.2176552E-19
 0.2534000E+04  0.2175561E-19
 0.2535000E+04  0.2174554E-19
 0.2536000E+04  0.2173532E-19
 0.2537000E+04  0.2172495E-19
 0.2538000E+04  0.2171442E-19
 0.2539000E+04  0.2170373E-19
 0.2540000E+04  0.2169289E-19
 0.2541000E+04  0.2168188E-19
 0.2542000E+04  0.2167072E-19
 0.2543000E+04  0.2165940E-19
 0.2544000E+04  0.2164792E-19
 0.2545000E+04  0.2163628E-19
 0.2546000E+04  0.2162448E-19
 0.2547000E+04  0.2161251E-19
 0.2548000E+04  0.2160039E-19
 0.2549000E+04  0.2158810E-19
 0.2550000E+04  0.2157565E-19
 0.2551000E+04  0.2156304E-19
 0.2552000E+04  0.2155026E-19
 0.2553000E+04  0.2153733E-19
 0.2554000E+04  0.2152423E-19
 0.2555000E+04  0.2151097E-19
 0.2556000E+04  0.2149755E-19
 0.2557000E+04  0.2148396E-19
 0.2558000E+04  0.2147022E-19
 0.2559000E+04  0.2145631E-19
 0.2560000E+04  0.2144225E-19
 0.2561000E+04  0.2142803E-19
 0.2562000E+04  0.2141364E-19
 0.2563000E+04  0.2139910E-19
 0.2564000E+04  0.2138441E-19
 0.2565000E+04  0.2136956E-19
 0.2566000E+04  0.2135455E-19
 0.2567000E+04  0.2133939E-19
 0.2568000E+04  0.2132407E-19
 0.2569000E+04  0.2130861E-19
 0.2570000E+04  0.2129299E-19
 0.2571000E+04  0.2127723E-19
 0.2572000E+04  0.2126132E-19
 0.2573000E+04  0.2124526E-19
 0.2574000E+04  0.2122906E-19
 0.2575000E+04  0.2121272E-19
 0.2576000E+04  0.2119623E-19
 0.2577000E+04  0.2117961E-19
 0.2578000E+04  0.2116284E-19
 0.2579000E+04  0.2114595E-19
 0.2580000E+04  0.2112891E-19
 0.2581000E+04  0.2111175E-19
 0.2582000E+04  0.2109446E-19
 0.2583000E+04  0.2107704E-19
 0.2584000E+04  0.2105949E-19
 0.2585000E+04  0.2104183E-19
 0.2586000E+04  0.2102404E-19
 0.2587000E+04  0.2100613E-19
 0.2588000E+04  0.2098811E-19
 0.2589000E+04  0.2096997E-19
 0.2590000E+04  0.2095173E-19
 0.2591000E+04  0.2093337E-19
 0.2592000E+04  0.2091491E-19
 0.2593000E+04  0.2089635E-19
 0.2594000E+04  0.2087769E-19
 0.2595000E+04  0.2085893E-19
 0.2596000E+04  0.2084007E-19
 0.2597000E+04  0.2082113E-19
 0.2598000E+04  0.2080210E-19
 0.2599000E+04  0.2078298E-19
 0.2600000E+04  0.2076378E-19
 0.2601000E+04  0.2074450E-19
 0.2602000E+04  0.2072515E-19
 0.2603000E+04  0.2070572E-19
 0.2604000E+04  0.2068622E-19
 0.2605000E+04  0.2066666E-19
 0.2606000E+04  0.2064704E-19
 0.2607000E+04  0.2062736E-19
 0.2608000E+04  0.2060762E-19
 0.2609000E+04  0.2058782E-19
 0.2610000E+04  0.2056798E-19
 0.2611000E+04  0.2054810E-19
 0.2612000E+04  0.2052817E-19
 0.2613000E+04  0.2050820E-19
 0.2614000E+04  0.2048820E-19
 0.2615000E+04  0.2046817E-19
 0.2616000E+04  0.2044811E-19
 0.2617000E+04  0.2042802E-19
 0.2618000E+04  0.2040791E-19
 0.2619000E+04  0.2038779E-19
 0.2620000E+04  0.2036765E-19
 0.2621000E+04  0.2034750E-19
 0.2622000E+04  0.2032734E-19
 0.2623000E+04  0.2030718E-19
 0.2624000E+04  0.2028702E-19
 0.2625000E+04  0.2026686E-19
 0.2626000E+04  0.2024671E-19
 0.2627000E+04  0.2022656E-19
 0.2628000E+04  0.2020644E-19
 0.2629000E+04  0.2018633E-19
 0.2630000E+04  0.2016623E-19
 0.2631000E+04  0.2014617E-19
 0.2632000E+04  0.2012613E-19
 0.2633000E+04  0.2010612E-19
 0.2634000E+04  0.2008615E-19
 0.2635000E+04  0.2006621E-19
 0.2636000E+04  0.2004632E-19
 0.2637000E+04  0.2002647E-19
 0.2638000E+04  0.2000667E-19
 0.2639000E+04  0.1998691E-19
 0.2640000E+04  0.1996722E-19
 0.2641000E+04  0.1994758E-19
 0.2642000E+04  0.1992800E-19
 0.2643000E+04  0.1990849E-19
 0.2644000E+04  0.1988904E-19
 0.2645000E+04  0.1986967E-19
 0.2646000E+04  0.1985037E-19
 0.2647000E+04  0.1983114E-19
 0.2648000E+04  0.1981200E-19
 0.2649000E+04  0.1979294E-19
 0.2650000E+04  0.1977397E-19
 0.2651000E+04  0.1975508E-19
 0.2652000E+04  0.1973629E-19
 0.2653000E+04  0.1971760E-19
 0.2654000E+04  0.1969901E-19
 0.2655000E+04  0.1968051E-19
 0.2656000E+04  0.1966213E-19
 0.2657000E+04  0.1964385E-19
 0.2658000E+04  0.1962568E-19
 0.2659000E+04  0.1960763E-19
 0.2660000E+04  0.1958969E-19
 0.2661000E+04  0.1957187E-19
 0.2662000E+04  0.1955418E-19
 0.2663000E+04  0.1953661E-19
 0.2664000E+04  0.1951916E-19
 0.2665000E+04  0.1950185E-19
 0.2666000E+04  0.1948467E-19
 0.2667000E+04  0.1946762E-19
 0.2668000E+04  0.1945072E-19
 0.2669000E+04  0.1943395E-19
 0.2670000E+04  0.1941732E-19
 0.2671000E+04  0.1940084E-19
 0.2672000E+04  0.1938450E-19
 0.2673000E+04  0.1936832E-19
 0.2674000E+04  0.1935228E-19
 0.2675000E+04  0.1933640E-19
 0.2676000E+04  0.1932067E-19
 0.2677000E+04  0.1930510E-19
 0.2678000E+04  0.1928969E-19
 0.2679000E+04  0.1927444E-19
 0.2680000E+04  0.1925935E-19
 0.2681000E+04  0.1924442E-19
 0.2682000E+04  0.1922966E-19
 0.2683000E+04  0.1921507E-19
 0.2684000E+04  0.1920064E-19
 0.2685000E+04  0.1918639E-19
 0.2686000E+04  0.1917230E-19
 0.2687000E+04  0.1915839E-19
 0.2688000E+04  0.1914466E-19
 0.2689000E+04  0.1913110E-19
 0.2690000E+04  0.1911771E-19
 0.2691000E+04  0.1910451E-19
 0.2692000E+04  0.1909148E-19
 0.2693000E+04  0.1907863E-19
 0.2694000E+04  0.1906597E-19
 0.2695000E+04  0.1905348E-19
 0.2696000E+04  0.1904118E-19
 0.2697000E+04  0.1902906E-19
 0.2698000E+04  0.1901712E-19
 0.2699000E+04  0.1900537E-19
 0.2700000E+04  0.1899380E-19
 0.2701000E+04  0.1898242E-19
 0.2702000E+04  0.1897123E-19
 0.2703000E+04  0.1896022E-19
 0.2704000E+04  0.1894939E-19
 0.2705000E+04  0.1893876E-19
 0.2706000E+04  0.1892831E-19
 0.2707000E+04  0.1891805E-19
 0.2708000E+04  0.1890798E-19
 0.2709000E+04  0.1889809E-19
 0.2710000E+04  0.1888839E-19
 0.2711000E+04  0.1887888E-19
 0.2712000E+04  0.1886956E-19
 0.2713000E+04  0.1886042E-19
 0.2714000E+04  0.1885147E-19
 0.2715000E+04  0.1884270E-19
 0.2716000E+04  0.1883412E-19
 0.2717000E+04  0.1882573E-19
 0.2718000E+04  0.1881752E-19
 0.2719000E+04  0.1880950E-19
 0.2720000E+04  0.1880165E-19
 0.2721000E+04  0.1879399E-19
 0.2722000E+04  0.1878652E-19
 0.2723000E+04  0.1877922E-19
 0.2724000E+04  0.1877210E-19
 0.2725000E+04  0.1876517E-19
 0.2726000E+04  0.1875841E-19
 0.2727000E+04  0.1875183E-19
 0.2728000E+04  0.1874542E-19
 0.2729000E+04  0.1873919E-19
 0.2730000E+04  0.1873313E-19
 0.2731000E+04  0.1872724E-19
 0.2732000E+04  0.1872152E-19
 0.2733000E+04  0.1871597E-19
 0.2734000E+04  0.1871059E-19
 0.2735000E+04  0.1870537E-19
 0.2736000E+04  0.1870031E-19
 0.2737000E+04  0.1869542E-19
 0.2738000E+04  0.1869069E-19
 0.2739000E+04  0.1868611E-19
 0.2740000E+04  0.1868169E-19
 0.2741000E+04  0.1867742E-19
 0.2742000E+04  0.1867331E-19
 0.2743000E+04  0.1866934E-19
 0.2744000E+04  0.1866552E-19
 0.2745000E+04  0.1866185E-19
 0.2746000E+04  0.1865831E-19
 0.2747000E+04  0.1865492E-19
 0.2748000E+04  0.1865166E-19
 0.2749000E+04  0.1864854E-19
 0.2750000E+04  0.1864554E-19
 0.2751000E+04  0.1864268E-19
 0.2752000E+04  0.1863994E-19
 0.2753000E+04  0.1863733E-19
 0.2754000E+04  0.1863483E-19
 0.2755000E+04  0.1863245E-19
 0.2756000E+04  0.1863018E-19
 0.2757000E+04  0.1862802E-19
 0.2758000E+04  0.1862597E-19
 0.2759000E+04  0.1862403E-19
 0.2760000E+04  0.1862218E-19
 0.2761000E+04  0.1862043E-19
 0.2762000E+04  0.1861877E-19
 0.2763000E+04  0.1861720E-19
 0.2764000E+04  0.1861572E-19
 0.2765000E+04  0.1861432E-19
 0.2766000E+04  0.1861299E-19
 0.2767000E+04  0.1861175E-19
 0.2768000E+04  0.1861057E-19
 0.2769000E+04  0.1860946E-19
 0.2770000E+04  0.1860842E-19
 0.2771000E+04  0.1860743E-19
 0.2772000E+04  0.1860650E-19
 0.2773000E+04  0.1860562E-19
 0.2774000E+04  0.1860478E-19
 0.2775000E+04  0.1860400E-19
 0.2776000E+04  0.1860324E-19
 0.2777000E+04  0.1860253E-19
 0.2778000E+04  0.1860184E-19
 0.2779000E+04  0.1860119E-19
 0.2780000E+04  0.1860055E-19
 0.2781000E+04  0.1859993E-19
 0.2782000E+04  0.1859932E-19
 0.2783000E+04  0.1859873E-19
 0.2784000E+04  0.1859813E-19
 0.2785000E+04  0.1859754E-19
 0.2786000E+04  0.1859694E-19
 0.2787000E+04  0.1859634E-19
 0.2788000E+04  0.1859572E-19
 0.2789000E+04  0.1859508E-19
 0.2790000E+04  0.1859442E-19
 0.2791000E+04  0.1859373E-19
 0.2792000E+04  0.1859300E-19
 0.2793000E+04  0.1859225E-19
 0.2794000E+04  0.1859144E-19
 0.2795000E+04  0.1859059E-19
 0.2796000E+04  0.1858969E-19
 0.2797000E+04  0.1858874E-19
 0.2798000E+04  0.1858772E-19
 0.2799000E+04  0.1858663E-19
 0.2800000E+04  0.1858547E-19
 0.2801000E+04  0.1858424E-19
 0.2802000E+04  0.1858292E-19
 0.2803000E+04  0.1858152E-19
 0.2804000E+04  0.1858003E-19
 0.2805000E+04  0.1857844E-19
 0.2806000E+04  0.1857675E-19
 0.2807000E+04  0.1857495E-19
 0.2808000E+04  0.1857304E-19
 0.2809000E+04  0.1857101E-19
 0.2810000E+04  0.1856887E-19
 0.2811000E+04  0.1856659E-19
 0.2812000E+04  0.1856419E-19
 0.2813000E+04  0.1856165E-19
 0.2814000E+04  0.1855896E-19
 0.2815000E+04  0.1855614E-19
 0.2816000E+04  0.1855316E-19
 0.2817000E+04  0.1855002E-19
 0.2818000E+04  0.1854673E-19
 0.2819000E+04  0.1854327E-19
 0.2820000E+04  0.1853963E-19
 0.2821000E+04  0.1853583E-19
 0.2822000E+04  0.1853184E-19
 0.2823000E+04  0.1852768E-19
 0.2824000E+04  0.1852332E-19
 0.2825000E+04  0.1851877E-19
 0.2826000E+04  0.1851402E-19
 0.2827000E+04  0.1850907E-19
 0.2828000E+04  0.1850391E-19
 0.2829000E+04  0.1849855E-19
 0.2830000E+04  0.1849297E-19
 0.2831000E+04  0.1848717E-19
 0.2832000E+04  0.1848115E-19
 0.2833000E+04  0.1847490E-19
 0.2834000E+04  0.1846841E-19
 0.2835000E+04  0.1846170E-19
 0.2836000E+04  0.1845474E-19
 0.2837000E+04  0.1844755E-19
 0.2838000E+04  0.1844010E-19
 0.2839000E+04  0.1843241E-19
 0.2840000E+04  0.1842446E-19
 0.2841000E+04  0.1841626E-19
 0.2842000E+04  0.1840779E-19
 0.2843000E+04  0.1839906E-19
 0.2844000E+04  0.1839007E-19
 0.2845000E+04  0.1838080E-19
 0.2846000E+04  0.1837126E-19
 0.2847000E+04  0.1836145E-19
 0.2848000E+04  0.1835136E-19
 0.2849000E+04  0.1834098E-19
 0.2850000E+04  0.1833032E-19
 0.2851000E+04  0.1831938E-19
 0.2852000E+04  0.1830814E-19
 0.2853000E+04  0.1829661E-19
 0.2854000E+04  0.1828479E-19
 0.2855000E+04  0.1827267E-19
 0.2856000E+04  0.1826026E-19
 0.2857000E+04  0.1824754E-19
 0.2858000E+04  0.1823453E-19
 0.2859000E+04  0.1822120E-19
 0.2860000E+04  0.1820758E-19
 0.2861000E+04  0.1819364E-19
 0.2862000E+04  0.1817940E-19
 0.2863000E+04  0.1816485E-19
 0.2864000E+04  0.1814998E-19
 0.2865000E+04  0.1813481E-19
 0.2866000E+04  0.1811932E-19
 0.2867000E+04  0.1810352E-19
 0.2868000E+04  0.1808740E-19
 0.2869000E+04  0.1807096E-19
 0.2870000E+04  0.1805421E-19
 0.2871000E+04  0.1803715E-19
 0.2872000E+04  0.1801977E-19
 0.2873000E+04  0.1800207E-19
 0.2874000E+04  0.1798405E-19
 0.2875000E+04  0.1796572E-19
 0.2876000E+04  0.1794706E-19
 0.2877000E+04  0.1792810E-19
 0.2878000E+04  0.1790881E-19
 0.2879000E+04  0.1788921E-19
 0.2880000E+04  0.1786929E-19
 0.2881000E+04  0.1784906E-19
 0.2882000E+04  0.1782852E-19
 0.2883000E+04  0.1780766E-19
 0.2884000E+04  0.1778648E-19
 0.2885000E+04  0.1776500E-19
 0.2886000E+04  0.1774321E-19
 0.2887000E+04  0.1772111E-19
 0.2888000E+04  0.1769870E-19
 0.2889000E+04  0.1767598E-19
 0.2890000E+04  0.1765296E-19
 0.2891000E+04  0.1762964E-19
 0.2892000E+04  0.1760601E-19
 0.2893000E+04  0.1758209E-19
 0.2894000E+04  0.1755787E-19
 0.2895000E+04  0.1753336E-19
 0.2896000E+04  0.1750855E-19
 0.2897000E+04  0.1748345E-19
 0.2898000E+04  0.1745806E-19
 0.2899000E+04  0.1743239E-19
 0.2900000E+04  0.1740643E-19
 0.2901000E+04  0.1738019E-19
 0.2902000E+04  0.1735367E-19
 0.2903000E+04  0.1732688E-19
 0.2904000E+04  0.1729981E-19
 0.2905000E+04  0.1727247E-19
 0.2906000E+04  0.1724486E-19
 0.2907000E+04  0.1721699E-19
 0.2908000E+04  0.1718886E-19
 0.2909000E+04  0.1716047E-19
 0.2910000E+04  0.1713183E-19
 0.2911000E+04  0.1710293E-19
 0.2912000E+04  0.1707378E-19
 0.2913000E+04  0.1704438E-19
 0.2914000E+04  0.1701475E-19
 0.2915000E+04  0.1698487E-19
 0.2916000E+04  0.1695476E-19
 0.2917000E+04  0.1692442E-19
 0.2918000E+04  0.1689385E-19
 0.2919000E+04  0.1686305E-19
 0.2920000E+04  0.1683203E-19
 0.2921000E+04  0.1680079E-19
 0.2922000E+04  0.1676934E-19
 0.2923000E+04  0.1673768E-19
 0.2924000E+04  0.1670581E-19
 0.2925000E+04  0.1667374E-19
 0.2926000E+04  0.1664147E-19
 0.2927000E+04  0.1660900E-19
 0.2928000E+04  0.1657635E-19
 0.2929000E+04  0.1654350E-19
 0.2930000E+04  0.1651048E-19
 0.2931000E+04  0.1647727E-19
 0.2932000E+04  0.1644389E-19
 0.2933000E+04  0.1641033E-19
 0.2934000E+04  0.1637661E-19
 0.2935000E+04  0.1634272E-19
 0.2936000E+04  0.1630868E-19
 0.2937000E+04  0.1627448E-19
 0.2938000E+04  0.1624013E-19
 0.2939000E+04  0.1620563E-19
 0.2940000E+04  0.1617098E-19
 0.2941000E+04  0.1613620E-19
 0.2942000E+04  0.1610128E-19
 0.2943000E+04  0.1606623E-19
 0.2944000E+04  0.1603105E-19
 0.2945000E+04  0.1599575E-19
 0.2946000E+04  0.1596033E-19
 0.2947000E+04  0.1592480E-19
 0.2948000E+04  0.1588915E-19
 0.2949000E+04  0.1585340E-19
 0.2950000E+04  0.1581754E-19
 0.2951000E+04  0.1578159E-19
 0.2952000E+04  0.1574553E-19
 0.2953000E+04  0.1570939E-19
 0.2954000E+04  0.1567316E-19
 0.2955000E+04  0.1563685E-19
 0.2956000E+04  0.1560046E-19
 0.2957000E+04  0.1556399E-19
 0.2958000E+04  0.1552745E-19
 0.2959000E+04  0.1549084E-19
 0.2960000E+04  0.1545417E-19
 0.2961000E+04  0.1541745E-19
 0.2962000E+04  0.1538066E-19
 0.2963000E+04  0.1534382E-19
 0.2964000E+04  0.1530694E-19
 0.2965000E+04  0.1527001E-19
 0.2966000E+04  0.1523304E-19
 0.2967000E+04  0.1519603E-19
 0.2968000E+04  0.1515899E-19
 0.2969000E+04  0.1512192E-19
 0.2970000E+04  0.1508483E-19
 0.2971000E+04  0.1504771E-19
 0.2972000E+04  0.1501058E-19
 0.2973000E+04  0.1497343E-19
 0.2974000E+04  0.1493628E-19
 0.2975000E+04  0.1489911E-19
 0.2976000E+04  0.1486194E-19
 0.2977000E+04  0.1482478E-19
 0.2978000E+04  0.1478762E-19
 0.2979000E+04  0.1475046E-19
 0.2980000E+04  0.1471332E-19
 0.2981000E+04  0.1467619E-19
 0.2982000E+04  0.1463909E-19
 0.2983000E+04  0.1460200E-19
 0.2984000E+04  0.1456494E-19
 0.2985000E+04  0.1452791E-19
 0.2986000E+04  0.1449092E-19
 0.2987000E+04  0.1445396E-19
 0.2988000E+04  0.1441704E-19
 0.2989000E+04  0.1438017E-19
 0.2990000E+04  0.1434334E-19
 0.2991000E+04  0.1430657E-19
 0.2992000E+04  0.1426985E-19
 0.2993000E+04  0.1423319E-19
 0.2994000E+04  0.1419660E-19
 0.2995000E+04  0.1416007E-19
 0.2996000E+04  0.1412361E-19
 0.2997000E+04  0.1408722E-19
 0.2998000E+04  0.1405091E-19
 0.2999000E+04  0.1401467E-19
 0.3000000E+04  0.1397861E-19
