 0.2000000E+01  0.3887350E-09
 0.3000000E+01  0.7978568E-10
 0.4000000E+01  0.2680610E-10
 0.5000000E+01  0.1152968E-10
 0.6000000E+01  0.5776232E-11
 0.7000000E+01  0.3212941E-11
 0.8000000E+01  0.1929352E-11
 0.9000000E+01  0.1228498E-11
 0.1000000E+02  0.8193671E-12
 0.1100000E+02  0.5674569E-12
 0.1200000E+02  0.4054459E-12
 0.1300000E+02  0.2974019E-12
 0.1400000E+02  0.2231008E-12
 0.1500000E+02  0.1706406E-12
 0.1600000E+02  0.1327449E-12
 0.1700000E+02  0.1048168E-12
 0.1800000E+02  0.8386740E-13
 0.1900000E+02  0.6790361E-13
 0.2000000E+02  0.5556628E-13
 0.2100000E+02  0.4590976E-13
 0.2200000E+02  0.3826411E-13
 0.2300000E+02  0.3214689E-13
 0.2400000E+02  0.2720552E-13
 0.2500000E+02  0.2317878E-13
 0.2600000E+02  0.1987076E-13
 0.2700000E+02  0.1713280E-13
 0.2800000E+02  0.1485093E-13
 0.2900000E+02  0.1293692E-13
 0.3000000E+02  0.1132180E-13
 0.3100000E+02  0.9951260E-14
 0.3200000E+02  0.8782148E-14
 0.3300000E+02  0.7779950E-14
 0.3400000E+02  0.6916855E-14
 0.3500000E+02  0.6170316E-14
 0.3600000E+02  0.5521936E-14
 0.3700000E+02  0.4956620E-14
 0.3800000E+02  0.4461915E-14
 0.3900000E+02  0.4027491E-14
 0.4000000E+02  0.3644740E-14
 0.4100000E+02  0.3306456E-14
 0.4200000E+02  0.3006578E-14
 0.4300000E+02  0.2739987E-14
 0.4400000E+02  0.2502345E-14
 0.4500000E+02  0.2289957E-14
 0.4600000E+02  0.2099668E-14
 0.4700000E+02  0.1928774E-14
 0.4800000E+02  0.1774950E-14
 0.4900000E+02  0.1636187E-14
 0.5000000E+02  0.1510750E-14
 0.5100000E+02  0.1397130E-14
 0.5200000E+02  0.1294016E-14
 0.5300000E+02  0.1200262E-14
 0.5400000E+02  0.1114866E-14
 0.5500000E+02  0.1036949E-14
 0.5600000E+02  0.9657377E-15
 0.5700000E+02  0.9005511E-15
 0.5800000E+02  0.8407870E-15
 0.5900000E+02  0.7859126E-15
 0.6000000E+02  0.7354550E-15
 0.6100000E+02  0.6889940E-15
 0.6200000E+02  0.6461553E-15
 0.6300000E+02  0.6066048E-15
 0.6400000E+02  0.5700440E-15
 0.6500000E+02  0.5362053E-15
 0.6600000E+02  0.5048489E-15
 0.6700000E+02  0.4757591E-15
 0.6800000E+02  0.4487418E-15
 0.6900000E+02  0.4236223E-15
 0.7000000E+02  0.4002424E-15
 0.7100000E+02  0.3784594E-15
 0.7200000E+02  0.3581440E-15
 0.7300000E+02  0.3391790E-15
 0.7400000E+02  0.3214578E-15
 0.7500000E+02  0.3048838E-15
 0.7600000E+02  0.2893687E-15
 0.7700000E+02  0.2748324E-15
 0.7800000E+02  0.2612014E-15
 0.7900000E+02  0.2484089E-15
 0.8000000E+02  0.2363935E-15
 0.8100000E+02  0.2250993E-15
 0.8200000E+02  0.2144748E-15
 0.8300000E+02  0.2044728E-15
 0.8400000E+02  0.1950500E-15
 0.8500000E+02  0.1861664E-15
 0.8600000E+02  0.1777855E-15
 0.8700000E+02  0.1698733E-15
 0.8800000E+02  0.1623987E-15
 0.8900000E+02  0.1553330E-15
 0.9000000E+02  0.1486494E-15
 0.9100000E+02  0.1423235E-15
 0.9200000E+02  0.1363324E-15
 0.9300000E+02  0.1306550E-15
 0.9400000E+02  0.1252718E-15
 0.9500000E+02  0.1201646E-15
 0.9600000E+02  0.1153166E-15
 0.9700000E+02  0.1107121E-15
 0.9800000E+02  0.1063365E-15
 0.9900000E+02  0.1021763E-15
 0.1000000E+03  0.9821886E-16
 0.1010000E+03  0.9445236E-16
 0.1020000E+03  0.9086584E-16
 0.1030000E+03  0.8744905E-16
 0.1040000E+03  0.8419241E-16
 0.1050000E+03  0.8108696E-16
 0.1060000E+03  0.7812434E-16
 0.1070000E+03  0.7529672E-16
 0.1080000E+03  0.7259674E-16
 0.1090000E+03  0.7001755E-16
 0.1100000E+03  0.6755268E-16
 0.1110000E+03  0.6519609E-16
 0.1120000E+03  0.6294211E-16
 0.1130000E+03  0.6078540E-16
 0.1140000E+03  0.5872095E-16
 0.1150000E+03  0.5674405E-16
 0.1160000E+03  0.5485027E-16
 0.1170000E+03  0.5303542E-16
 0.1180000E+03  0.5129559E-16
 0.1190000E+03  0.4962706E-16
 0.1200000E+03  0.4802635E-16
 0.1210000E+03  0.4649016E-16
 0.1220000E+03  0.4501539E-16
 0.1230000E+03  0.4359910E-16
 0.1240000E+03  0.4223852E-16
 0.1250000E+03  0.4093104E-16
 0.1260000E+03  0.3967416E-16
 0.1270000E+03  0.3846556E-16
 0.1280000E+03  0.3730301E-16
 0.1290000E+03  0.3618443E-16
 0.1300000E+03  0.3510781E-16
 0.1310000E+03  0.3407128E-16
 0.1320000E+03  0.3307305E-16
 0.1330000E+03  0.3211143E-16
 0.1340000E+03  0.3118481E-16
 0.1350000E+03  0.3029167E-16
 0.1360000E+03  0.2943057E-16
 0.1370000E+03  0.2860012E-16
 0.1380000E+03  0.2779903E-16
 0.1390000E+03  0.2702604E-16
 0.1400000E+03  0.2627999E-16
 0.1410000E+03  0.2555974E-16
 0.1420000E+03  0.2486423E-16
 0.1430000E+03  0.2419245E-16
 0.1440000E+03  0.2354342E-16
 0.1450000E+03  0.2291622E-16
 0.1460000E+03  0.2230997E-16
 0.1470000E+03  0.2172384E-16
 0.1480000E+03  0.2115702E-16
 0.1490000E+03  0.2060875E-16
 0.1500000E+03  0.2007832E-16
 0.1510000E+03  0.1956501E-16
 0.1520000E+03  0.1906818E-16
 0.1530000E+03  0.1858718E-16
 0.1540000E+03  0.1812141E-16
 0.1550000E+03  0.1767030E-16
 0.1560000E+03  0.1723329E-16
 0.1570000E+03  0.1680986E-16
 0.1580000E+03  0.1639949E-16
 0.1590000E+03  0.1600172E-16
 0.1600000E+03  0.1561606E-16
 0.1610000E+03  0.1524209E-16
 0.1620000E+03  0.1487938E-16
 0.1630000E+03  0.1452752E-16
 0.1640000E+03  0.1418612E-16
 0.1650000E+03  0.1385481E-16
 0.1660000E+03  0.1353323E-16
 0.1670000E+03  0.1322104E-16
 0.1680000E+03  0.1291792E-16
 0.1690000E+03  0.1262354E-16
 0.1700000E+03  0.1233761E-16
 0.1710000E+03  0.1205983E-16
 0.1720000E+03  0.1178992E-16
 0.1730000E+03  0.1152763E-16
 0.1740000E+03  0.1127268E-16
 0.1750000E+03  0.1102484E-16
 0.1760000E+03  0.1078386E-16
 0.1770000E+03  0.1054953E-16
 0.1780000E+03  0.1032161E-16
 0.1790000E+03  0.1009990E-16
 0.1800000E+03  0.9884198E-17
 0.1810000E+03  0.9674306E-17
 0.1820000E+03  0.9470037E-17
 0.1830000E+03  0.9271211E-17
 0.1840000E+03  0.9077654E-17
 0.1850000E+03  0.8889199E-17
 0.1860000E+03  0.8705683E-17
 0.1870000E+03  0.8526953E-17
 0.1880000E+03  0.8352858E-17
 0.1890000E+03  0.8183254E-17
 0.1900000E+03  0.8018002E-17
 0.1910000E+03  0.7856969E-17
 0.1920000E+03  0.7700025E-17
 0.1930000E+03  0.7547045E-17
 0.1940000E+03  0.7397910E-17
 0.1950000E+03  0.7252503E-17
 0.1960000E+03  0.7110713E-17
 0.1970000E+03  0.6972432E-17
 0.1980000E+03  0.6837555E-17
 0.1990000E+03  0.6705983E-17
 0.2000000E+03  0.6577617E-17
 0.2010000E+03  0.6452364E-17
 0.2020000E+03  0.6330134E-17
 0.2030000E+03  0.6210839E-17
 0.2040000E+03  0.6094394E-17
 0.2050000E+03  0.5980717E-17
 0.2060000E+03  0.5869730E-17
 0.2070000E+03  0.5761356E-17
 0.2080000E+03  0.5655521E-17
 0.2090000E+03  0.5552154E-17
 0.2100000E+03  0.5451186E-17
 0.2110000E+03  0.5352549E-17
 0.2120000E+03  0.5256180E-17
 0.2130000E+03  0.5162014E-17
 0.2140000E+03  0.5069993E-17
 0.2150000E+03  0.4980056E-17
 0.2160000E+03  0.4892148E-17
 0.2170000E+03  0.4806214E-17
 0.2180000E+03  0.4722199E-17
 0.2190000E+03  0.4640053E-17
 0.2200000E+03  0.4559726E-17
 0.2210000E+03  0.4481168E-17
 0.2220000E+03  0.4404334E-17
 0.2230000E+03  0.4329177E-17
 0.2240000E+03  0.4255654E-17
 0.2250000E+03  0.4183721E-17
 0.2260000E+03  0.4113339E-17
 0.2270000E+03  0.4044465E-17
 0.2280000E+03  0.3977061E-17
 0.2290000E+03  0.3911090E-17
 0.2300000E+03  0.3846515E-17
 0.2310000E+03  0.3783300E-17
 0.2320000E+03  0.3721410E-17
 0.2330000E+03  0.3660813E-17
 0.2340000E+03  0.3601475E-17
 0.2350000E+03  0.3543365E-17
 0.2360000E+03  0.3486453E-17
 0.2370000E+03  0.3430709E-17
 0.2380000E+03  0.3376103E-17
 0.2390000E+03  0.3322607E-17
 0.2400000E+03  0.3270195E-17
 0.2410000E+03  0.3218840E-17
 0.2420000E+03  0.3168517E-17
 0.2430000E+03  0.3119199E-17
 0.2440000E+03  0.3070863E-17
 0.2450000E+03  0.3023486E-17
 0.2460000E+03  0.2977043E-17
 0.2470000E+03  0.2931514E-17
 0.2480000E+03  0.2886876E-17
 0.2490000E+03  0.2843108E-17
 0.2500000E+03  0.2800190E-17
 0.2510000E+03  0.2758101E-17
 0.2520000E+03  0.2716823E-17
 0.2530000E+03  0.2676336E-17
 0.2540000E+03  0.2636623E-17
 0.2550000E+03  0.2597664E-17
 0.2560000E+03  0.2559443E-17
 0.2570000E+03  0.2521943E-17
 0.2580000E+03  0.2485148E-17
 0.2590000E+03  0.2449041E-17
 0.2600000E+03  0.2413606E-17
 0.2610000E+03  0.2378829E-17
 0.2620000E+03  0.2344695E-17
 0.2630000E+03  0.2311189E-17
 0.2640000E+03  0.2278298E-17
 0.2650000E+03  0.2246007E-17
 0.2660000E+03  0.2214304E-17
 0.2670000E+03  0.2183175E-17
 0.2680000E+03  0.2152607E-17
 0.2690000E+03  0.2122589E-17
 0.2700000E+03  0.2093109E-17
 0.2710000E+03  0.2064154E-17
 0.2720000E+03  0.2035714E-17
 0.2730000E+03  0.2007777E-17
 0.2740000E+03  0.1980333E-17
 0.2750000E+03  0.1953371E-17
 0.2760000E+03  0.1926880E-17
 0.2770000E+03  0.1900851E-17
 0.2780000E+03  0.1875274E-17
 0.2790000E+03  0.1850139E-17
 0.2800000E+03  0.1825437E-17
 0.2810000E+03  0.1801159E-17
 0.2820000E+03  0.1777297E-17
 0.2830000E+03  0.1753841E-17
 0.2840000E+03  0.1730783E-17
 0.2850000E+03  0.1708115E-17
 0.2860000E+03  0.1685829E-17
 0.2870000E+03  0.1663917E-17
 0.2880000E+03  0.1642372E-17
 0.2890000E+03  0.1621185E-17
 0.2900000E+03  0.1600350E-17
 0.2910000E+03  0.1579860E-17
 0.2920000E+03  0.1559708E-17
 0.2930000E+03  0.1539887E-17
 0.2940000E+03  0.1520390E-17
 0.2950000E+03  0.1501211E-17
 0.2960000E+03  0.1482343E-17
 0.2970000E+03  0.1463781E-17
 0.2980000E+03  0.1445519E-17
 0.2990000E+03  0.1427550E-17
 0.3000000E+03  0.1409869E-17
 0.3010000E+03  0.1392470E-17
 0.3020000E+03  0.1375348E-17
 0.3030000E+03  0.1358497E-17
 0.3040000E+03  0.1341913E-17
 0.3050000E+03  0.1325590E-17
 0.3060000E+03  0.1309522E-17
 0.3070000E+03  0.1293706E-17
 0.3080000E+03  0.1278137E-17
 0.3090000E+03  0.1262809E-17
 0.3100000E+03  0.1247718E-17
 0.3110000E+03  0.1232860E-17
 0.3120000E+03  0.1218230E-17
 0.3130000E+03  0.1203825E-17
 0.3140000E+03  0.1189639E-17
 0.3150000E+03  0.1175669E-17
 0.3160000E+03  0.1161911E-17
 0.3170000E+03  0.1148361E-17
 0.3180000E+03  0.1135014E-17
 0.3190000E+03  0.1121868E-17
 0.3200000E+03  0.1108919E-17
 0.3210000E+03  0.1096163E-17
 0.3220000E+03  0.1083596E-17
 0.3230000E+03  0.1071216E-17
 0.3240000E+03  0.1059018E-17
 0.3250000E+03  0.1046999E-17
 0.3260000E+03  0.1035157E-17
 0.3270000E+03  0.1023488E-17
 0.3280000E+03  0.1011988E-17
 0.3290000E+03  0.1000656E-17
 0.3300000E+03  0.9894873E-18
 0.3310000E+03  0.9784799E-18
 0.3320000E+03  0.9676306E-18
 0.3330000E+03  0.9569367E-18
 0.3340000E+03  0.9463954E-18
 0.3350000E+03  0.9360042E-18
 0.3360000E+03  0.9257602E-18
 0.3370000E+03  0.9156611E-18
 0.3380000E+03  0.9057042E-18
 0.3390000E+03  0.8958871E-18
 0.3400000E+03  0.8862074E-18
 0.3410000E+03  0.8766626E-18
 0.3420000E+03  0.8672506E-18
 0.3430000E+03  0.8579689E-18
 0.3440000E+03  0.8488154E-18
 0.3450000E+03  0.8397880E-18
 0.3460000E+03  0.8308843E-18
 0.3470000E+03  0.8221024E-18
 0.3480000E+03  0.8134401E-18
 0.3490000E+03  0.8048955E-18
 0.3500000E+03  0.7964666E-18
 0.3510000E+03  0.7881514E-18
 0.3520000E+03  0.7799481E-18
 0.3530000E+03  0.7718547E-18
 0.3540000E+03  0.7638695E-18
 0.3550000E+03  0.7559906E-18
 0.3560000E+03  0.7482163E-18
 0.3570000E+03  0.7405449E-18
 0.3580000E+03  0.7329746E-18
 0.3590000E+03  0.7255039E-18
 0.3600000E+03  0.7181310E-18
 0.3610000E+03  0.7108545E-18
 0.3620000E+03  0.7036727E-18
 0.3630000E+03  0.6965841E-18
 0.3640000E+03  0.6895872E-18
 0.3650000E+03  0.6826805E-18
 0.3660000E+03  0.6758626E-18
 0.3670000E+03  0.6691321E-18
 0.3680000E+03  0.6624875E-18
 0.3690000E+03  0.6559276E-18
 0.3700000E+03  0.6494509E-18
 0.3710000E+03  0.6430561E-18
 0.3720000E+03  0.6367421E-18
 0.3730000E+03  0.6305074E-18
 0.3740000E+03  0.6243509E-18
 0.3750000E+03  0.6182714E-18
 0.3760000E+03  0.6122676E-18
 0.3770000E+03  0.6063384E-18
 0.3780000E+03  0.6004827E-18
 0.3790000E+03  0.5946992E-18
 0.3800000E+03  0.5889870E-18
 0.3810000E+03  0.5833449E-18
 0.3820000E+03  0.5777719E-18
 0.3830000E+03  0.5722668E-18
 0.3840000E+03  0.5668288E-18
 0.3850000E+03  0.5614568E-18
 0.3860000E+03  0.5561497E-18
 0.3870000E+03  0.5509067E-18
 0.3880000E+03  0.5457268E-18
 0.3890000E+03  0.5406090E-18
 0.3900000E+03  0.5355525E-18
 0.3910000E+03  0.5305563E-18
 0.3920000E+03  0.5256195E-18
 0.3930000E+03  0.5207414E-18
 0.3940000E+03  0.5159209E-18
 0.3950000E+03  0.5111574E-18
 0.3960000E+03  0.5064500E-18
 0.3970000E+03  0.5017978E-18
 0.3980000E+03  0.4972001E-18
 0.3990000E+03  0.4926562E-18
 0.4000000E+03  0.4881651E-18
 0.4010000E+03  0.4837263E-18
 0.4020000E+03  0.4793390E-18
 0.4030000E+03  0.4750023E-18
 0.4040000E+03  0.4707158E-18
 0.4050000E+03  0.4664785E-18
 0.4060000E+03  0.4622899E-18
 0.4070000E+03  0.4581493E-18
 0.4080000E+03  0.4540560E-18
 0.4090000E+03  0.4500094E-18
 0.4100000E+03  0.4460088E-18
 0.4110000E+03  0.4420536E-18
 0.4120000E+03  0.4381432E-18
 0.4130000E+03  0.4342770E-18
 0.4140000E+03  0.4304543E-18
 0.4150000E+03  0.4266747E-18
 0.4160000E+03  0.4229375E-18
 0.4170000E+03  0.4192422E-18
 0.4180000E+03  0.4155881E-18
 0.4190000E+03  0.4119748E-18
 0.4200000E+03  0.4084018E-18
 0.4210000E+03  0.4048684E-18
 0.4220000E+03  0.4013742E-18
 0.4230000E+03  0.3979186E-18
 0.4240000E+03  0.3945012E-18
 0.4250000E+03  0.3911215E-18
 0.4260000E+03  0.3877789E-18
 0.4270000E+03  0.3844730E-18
 0.4280000E+03  0.3812033E-18
 0.4290000E+03  0.3779693E-18
 0.4300000E+03  0.3747707E-18
 0.4310000E+03  0.3716069E-18
 0.4320000E+03  0.3684775E-18
 0.4330000E+03  0.3653820E-18
 0.4340000E+03  0.3623201E-18
 0.4350000E+03  0.3592913E-18
 0.4360000E+03  0.3562952E-18
 0.4370000E+03  0.3533314E-18
 0.4380000E+03  0.3503994E-18
 0.4390000E+03  0.3474989E-18
 0.4400000E+03  0.3446296E-18
 0.4410000E+03  0.3417909E-18
 0.4420000E+03  0.3389825E-18
 0.4430000E+03  0.3362041E-18
 0.4440000E+03  0.3334553E-18
 0.4450000E+03  0.3307356E-18
 0.4460000E+03  0.3280449E-18
 0.4470000E+03  0.3253826E-18
 0.4480000E+03  0.3227485E-18
 0.4490000E+03  0.3201422E-18
 0.4500000E+03  0.3175634E-18
 0.4510000E+03  0.3150118E-18
 0.4520000E+03  0.3124869E-18
 0.4530000E+03  0.3099885E-18
 0.4540000E+03  0.3075164E-18
 0.4550000E+03  0.3050700E-18
 0.4560000E+03  0.3026493E-18
 0.4570000E+03  0.3002537E-18
 0.4580000E+03  0.2978831E-18
 0.4590000E+03  0.2955372E-18
 0.4600000E+03  0.2932156E-18
 0.4610000E+03  0.2909181E-18
 0.4620000E+03  0.2886443E-18
 0.4630000E+03  0.2863941E-18
 0.4640000E+03  0.2841670E-18
 0.4650000E+03  0.2819630E-18
 0.4660000E+03  0.2797816E-18
 0.4670000E+03  0.2776226E-18
 0.4680000E+03  0.2754857E-18
 0.4690000E+03  0.2733708E-18
 0.4700000E+03  0.2712774E-18
 0.4710000E+03  0.2692055E-18
 0.4720000E+03  0.2671547E-18
 0.4730000E+03  0.2651248E-18
 0.4740000E+03  0.2631155E-18
 0.4750000E+03  0.2611267E-18
 0.4760000E+03  0.2591580E-18
 0.4770000E+03  0.2572092E-18
 0.4780000E+03  0.2552801E-18
 0.4790000E+03  0.2533706E-18
 0.4800000E+03  0.2514802E-18
 0.4810000E+03  0.2496090E-18
 0.4820000E+03  0.2477565E-18
 0.4830000E+03  0.2459226E-18
 0.4840000E+03  0.2441071E-18
 0.4850000E+03  0.2423098E-18
 0.4860000E+03  0.2405304E-18
 0.4870000E+03  0.2387688E-18
 0.4880000E+03  0.2370248E-18
 0.4890000E+03  0.2352981E-18
 0.4900000E+03  0.2335886E-18
 0.4910000E+03  0.2318960E-18
 0.4920000E+03  0.2302202E-18
 0.4930000E+03  0.2285610E-18
 0.4940000E+03  0.2269181E-18
 0.4950000E+03  0.2252915E-18
 0.4960000E+03  0.2236809E-18
 0.4970000E+03  0.2220861E-18
 0.4980000E+03  0.2205070E-18
 0.4990000E+03  0.2189434E-18
 0.5000000E+03  0.2173950E-18
 0.5010000E+03  0.2158618E-18
 0.5020000E+03  0.2143436E-18
 0.5030000E+03  0.2128401E-18
 0.5040000E+03  0.2113513E-18
 0.5050000E+03  0.2098769E-18
 0.5060000E+03  0.2084169E-18
 0.5070000E+03  0.2069709E-18
 0.5080000E+03  0.2055389E-18
 0.5090000E+03  0.2041208E-18
 0.5100000E+03  0.2027163E-18
 0.5110000E+03  0.2013253E-18
 0.5120000E+03  0.1999476E-18
 0.5130000E+03  0.1985832E-18
 0.5140000E+03  0.1972318E-18
 0.5150000E+03  0.1958933E-18
 0.5160000E+03  0.1945676E-18
 0.5170000E+03  0.1932545E-18
 0.5180000E+03  0.1919538E-18
 0.5190000E+03  0.1906655E-18
 0.5200000E+03  0.1893894E-18
 0.5210000E+03  0.1881254E-18
 0.5220000E+03  0.1868733E-18
 0.5230000E+03  0.1856329E-18
 0.5240000E+03  0.1844042E-18
 0.5250000E+03  0.1831871E-18
 0.5260000E+03  0.1819813E-18
 0.5270000E+03  0.1807868E-18
 0.5280000E+03  0.1796035E-18
 0.5290000E+03  0.1784311E-18
 0.5300000E+03  0.1772697E-18
 0.5310000E+03  0.1761190E-18
 0.5320000E+03  0.1749790E-18
 0.5330000E+03  0.1738495E-18
 0.5340000E+03  0.1727304E-18
 0.5350000E+03  0.1716217E-18
 0.5360000E+03  0.1705231E-18
 0.5370000E+03  0.1694345E-18
 0.5380000E+03  0.1683559E-18
 0.5390000E+03  0.1672872E-18
 0.5400000E+03  0.1662282E-18
 0.5410000E+03  0.1651788E-18
 0.5420000E+03  0.1641389E-18
 0.5430000E+03  0.1631085E-18
 0.5440000E+03  0.1620873E-18
 0.5450000E+03  0.1610754E-18
 0.5460000E+03  0.1600725E-18
 0.5470000E+03  0.1590787E-18
 0.5480000E+03  0.1580937E-18
 0.5490000E+03  0.1571175E-18
 0.5500000E+03  0.1561500E-18
 0.5510000E+03  0.1551912E-18
 0.5520000E+03  0.1542408E-18
 0.5530000E+03  0.1532988E-18
 0.5540000E+03  0.1523652E-18
 0.5550000E+03  0.1514398E-18
 0.5560000E+03  0.1505225E-18
 0.5570000E+03  0.1496132E-18
 0.5580000E+03  0.1487119E-18
 0.5590000E+03  0.1478185E-18
 0.5600000E+03  0.1469328E-18
 0.5610000E+03  0.1460548E-18
 0.5620000E+03  0.1451844E-18
 0.5630000E+03  0.1443216E-18
 0.5640000E+03  0.1434661E-18
 0.5650000E+03  0.1426181E-18
 0.5660000E+03  0.1417773E-18
 0.5670000E+03  0.1409436E-18
 0.5680000E+03  0.1401171E-18
 0.5690000E+03  0.1392976E-18
 0.5700000E+03  0.1384851E-18
 0.5710000E+03  0.1376794E-18
 0.5720000E+03  0.1368806E-18
 0.5730000E+03  0.1360884E-18
 0.5740000E+03  0.1353029E-18
 0.5750000E+03  0.1345240E-18
 0.5760000E+03  0.1337516E-18
 0.5770000E+03  0.1329856E-18
 0.5780000E+03  0.1322260E-18
 0.5790000E+03  0.1314727E-18
 0.5800000E+03  0.1307256E-18
 0.5810000E+03  0.1299846E-18
 0.5820000E+03  0.1292498E-18
 0.5830000E+03  0.1285209E-18
 0.5840000E+03  0.1277980E-18
 0.5850000E+03  0.1270810E-18
 0.5860000E+03  0.1263698E-18
 0.5870000E+03  0.1256644E-18
 0.5880000E+03  0.1249646E-18
 0.5890000E+03  0.1242705E-18
 0.5900000E+03  0.1235820E-18
 0.5910000E+03  0.1228990E-18
 0.5920000E+03  0.1222215E-18
 0.5930000E+03  0.1215493E-18
 0.5940000E+03  0.1208825E-18
 0.5950000E+03  0.1202209E-18
 0.5960000E+03  0.1195646E-18
 0.5970000E+03  0.1189134E-18
 0.5980000E+03  0.1182674E-18
 0.5990000E+03  0.1176264E-18
 0.6000000E+03  0.1169904E-18
 0.6010000E+03  0.1163594E-18
 0.6020000E+03  0.1157332E-18
 0.6030000E+03  0.1151119E-18
 0.6040000E+03  0.1144954E-18
 0.6050000E+03  0.1138836E-18
 0.6060000E+03  0.1132765E-18
 0.6070000E+03  0.1126741E-18
 0.6080000E+03  0.1120762E-18
 0.6090000E+03  0.1114829E-18
 0.6100000E+03  0.1108941E-18
 0.6110000E+03  0.1103097E-18
 0.6120000E+03  0.1097297E-18
 0.6130000E+03  0.1091541E-18
 0.6140000E+03  0.1085828E-18
 0.6150000E+03  0.1080157E-18
 0.6160000E+03  0.1074529E-18
 0.6170000E+03  0.1068942E-18
 0.6180000E+03  0.1063397E-18
 0.6190000E+03  0.1057893E-18
 0.6200000E+03  0.1052429E-18
 0.6210000E+03  0.1047005E-18
 0.6220000E+03  0.1041621E-18
 0.6230000E+03  0.1036276E-18
 0.6240000E+03  0.1030970E-18
 0.6250000E+03  0.1025702E-18
 0.6260000E+03  0.1020472E-18
 0.6270000E+03  0.1015280E-18
 0.6280000E+03  0.1010126E-18
 0.6290000E+03  0.1005008E-18
 0.6300000E+03  0.9999264E-19
 0.6310000E+03  0.9948812E-19
 0.6320000E+03  0.9898718E-19
 0.6330000E+03  0.9848979E-19
 0.6340000E+03  0.9799590E-19
 0.6350000E+03  0.9750548E-19
 0.6360000E+03  0.9701850E-19
 0.6370000E+03  0.9653492E-19
 0.6380000E+03  0.9605471E-19
 0.6390000E+03  0.9557784E-19
 0.6400000E+03  0.9510428E-19
 0.6410000E+03  0.9463398E-19
 0.6420000E+03  0.9416692E-19
 0.6430000E+03  0.9370307E-19
 0.6440000E+03  0.9324240E-19
 0.6450000E+03  0.9278487E-19
 0.6460000E+03  0.9233046E-19
 0.6470000E+03  0.9187913E-19
 0.6480000E+03  0.9143086E-19
 0.6490000E+03  0.9098561E-19
 0.6500000E+03  0.9054336E-19
 0.6510000E+03  0.9010408E-19
 0.6520000E+03  0.8966774E-19
 0.6530000E+03  0.8923431E-19
 0.6540000E+03  0.8880376E-19
 0.6550000E+03  0.8837608E-19
 0.6560000E+03  0.8795122E-19
 0.6570000E+03  0.8752917E-19
 0.6580000E+03  0.8710990E-19
 0.6590000E+03  0.8669338E-19
 0.6600000E+03  0.8627959E-19
 0.6610000E+03  0.8586850E-19
 0.6620000E+03  0.8546008E-19
 0.6630000E+03  0.8505433E-19
 0.6640000E+03  0.8465120E-19
 0.6650000E+03  0.8425067E-19
 0.6660000E+03  0.8385273E-19
 0.6670000E+03  0.8345734E-19
 0.6680000E+03  0.8306449E-19
 0.6690000E+03  0.8267416E-19
 0.6700000E+03  0.8228631E-19
 0.6710000E+03  0.8190093E-19
 0.6720000E+03  0.8151800E-19
 0.6730000E+03  0.8113750E-19
 0.6740000E+03  0.8075939E-19
 0.6750000E+03  0.8038367E-19
 0.6760000E+03  0.8001032E-19
 0.6770000E+03  0.7963930E-19
 0.6780000E+03  0.7927061E-19
 0.6790000E+03  0.7890422E-19
 0.6800000E+03  0.7854011E-19
 0.6810000E+03  0.7817826E-19
 0.6820000E+03  0.7781866E-19
 0.6830000E+03  0.7746128E-19
 0.6840000E+03  0.7710610E-19
 0.6850000E+03  0.7675312E-19
 0.6860000E+03  0.7640231E-19
 0.6870000E+03  0.7605364E-19
 0.6880000E+03  0.7570711E-19
 0.6890000E+03  0.7536270E-19
 0.6900000E+03  0.7502039E-19
 0.6910000E+03  0.7468016E-19
 0.6920000E+03  0.7434200E-19
 0.6930000E+03  0.7400588E-19
 0.6940000E+03  0.7367180E-19
 0.6950000E+03  0.7333974E-19
 0.6960000E+03  0.7300968E-19
 0.6970000E+03  0.7268160E-19
 0.6980000E+03  0.7235550E-19
 0.6990000E+03  0.7203135E-19
 0.7000000E+03  0.7170914E-19
 0.7010000E+03  0.7138885E-19
 0.7020000E+03  0.7107048E-19
 0.7030000E+03  0.7075401E-19
 0.7040000E+03  0.7043942E-19
 0.7050000E+03  0.7012669E-19
 0.7060000E+03  0.6981582E-19
 0.7070000E+03  0.6950680E-19
 0.7080000E+03  0.6919960E-19
 0.7090000E+03  0.6889422E-19
 0.7100000E+03  0.6859064E-19
 0.7110000E+03  0.6828885E-19
 0.7120000E+03  0.6798884E-19
 0.7130000E+03  0.6769059E-19
 0.7140000E+03  0.6739409E-19
 0.7150000E+03  0.6709934E-19
 0.7160000E+03  0.6680631E-19
 0.7170000E+03  0.6651500E-19
 0.7180000E+03  0.6622539E-19
 0.7190000E+03  0.6593748E-19
 0.7200000E+03  0.6565125E-19
 0.7210000E+03  0.6536670E-19
 0.7220000E+03  0.6508380E-19
 0.7230000E+03  0.6480255E-19
 0.7240000E+03  0.6452294E-19
 0.7250000E+03  0.6424496E-19
 0.7260000E+03  0.6396860E-19
 0.7270000E+03  0.6369385E-19
 0.7280000E+03  0.6342069E-19
 0.7290000E+03  0.6314912E-19
 0.7300000E+03  0.6287912E-19
 0.7310000E+03  0.6261070E-19
 0.7320000E+03  0.6234383E-19
 0.7330000E+03  0.6207852E-19
 0.7340000E+03  0.6181474E-19
 0.7350000E+03  0.6155249E-19
 0.7360000E+03  0.6129176E-19
 0.7370000E+03  0.6103254E-19
 0.7380000E+03  0.6077483E-19
 0.7390000E+03  0.6051861E-19
 0.7400000E+03  0.6026387E-19
 0.7410000E+03  0.6001061E-19
 0.7420000E+03  0.5975882E-19
 0.7430000E+03  0.5950849E-19
 0.7440000E+03  0.5925961E-19
 0.7450000E+03  0.5901217E-19
 0.7460000E+03  0.5876617E-19
 0.7470000E+03  0.5852159E-19
 0.7480000E+03  0.5827843E-19
 0.7490000E+03  0.5803668E-19
 0.7500000E+03  0.5779633E-19
 0.7510000E+03  0.5755738E-19
 0.7520000E+03  0.5731982E-19
 0.7530000E+03  0.5708363E-19
 0.7540000E+03  0.5684882E-19
 0.7550000E+03  0.5661537E-19
 0.7560000E+03  0.5638328E-19
 0.7570000E+03  0.5615253E-19
 0.7580000E+03  0.5592313E-19
 0.7590000E+03  0.5569506E-19
 0.7600000E+03  0.5546833E-19
 0.7610000E+03  0.5524291E-19
 0.7620000E+03  0.5501880E-19
 0.7630000E+03  0.5479601E-19
 0.7640000E+03  0.5457451E-19
 0.7650000E+03  0.5435430E-19
 0.7660000E+03  0.5413538E-19
 0.7670000E+03  0.5391774E-19
 0.7680000E+03  0.5370137E-19
 0.7690000E+03  0.5348627E-19
 0.7700000E+03  0.5327243E-19
 0.7710000E+03  0.5305983E-19
 0.7720000E+03  0.5284849E-19
 0.7730000E+03  0.5263838E-19
 0.7740000E+03  0.5242950E-19
 0.7750000E+03  0.5222185E-19
 0.7760000E+03  0.5201542E-19
 0.7770000E+03  0.5181021E-19
 0.7780000E+03  0.5160619E-19
 0.7790000E+03  0.5140338E-19
 0.7800000E+03  0.5120177E-19
 0.7810000E+03  0.5100134E-19
 0.7820000E+03  0.5080209E-19
 0.7830000E+03  0.5060402E-19
 0.7840000E+03  0.5040711E-19
 0.7850000E+03  0.5021137E-19
 0.7860000E+03  0.5001678E-19
 0.7870000E+03  0.4982335E-19
 0.7880000E+03  0.4963106E-19
 0.7890000E+03  0.4943990E-19
 0.7900000E+03  0.4924988E-19
 0.7910000E+03  0.4906098E-19
 0.7920000E+03  0.4887320E-19
 0.7930000E+03  0.4868654E-19
 0.7940000E+03  0.4850098E-19
 0.7950000E+03  0.4831652E-19
 0.7960000E+03  0.4813316E-19
 0.7970000E+03  0.4795089E-19
 0.7980000E+03  0.4776970E-19
 0.7990000E+03  0.4758958E-19
 0.8000000E+03  0.4741054E-19
 0.8010000E+03  0.4723256E-19
 0.8020000E+03  0.4705564E-19
 0.8030000E+03  0.4687977E-19
 0.8040000E+03  0.4670495E-19
 0.8050000E+03  0.4653117E-19
 0.8060000E+03  0.4635843E-19
 0.8070000E+03  0.4618671E-19
 0.8080000E+03  0.4601602E-19
 0.8090000E+03  0.4584634E-19
 0.8100000E+03  0.4567767E-19
 0.8110000E+03  0.4551001E-19
 0.8120000E+03  0.4534334E-19
 0.8130000E+03  0.4517767E-19
 0.8140000E+03  0.4501299E-19
 0.8150000E+03  0.4484928E-19
 0.8160000E+03  0.4468656E-19
 0.8170000E+03  0.4452479E-19
 0.8180000E+03  0.4436400E-19
 0.8190000E+03  0.4420416E-19
 0.8200000E+03  0.4404527E-19
 0.8210000E+03  0.4388732E-19
 0.8220000E+03  0.4373032E-19
 0.8230000E+03  0.4357425E-19
 0.8240000E+03  0.4341910E-19
 0.8250000E+03  0.4326488E-19
 0.8260000E+03  0.4311157E-19
 0.8270000E+03  0.4295918E-19
 0.8280000E+03  0.4280769E-19
 0.8290000E+03  0.4265709E-19
 0.8300000E+03  0.4250739E-19
 0.8310000E+03  0.4235857E-19
 0.8320000E+03  0.4221064E-19
 0.8330000E+03  0.4206358E-19
 0.8340000E+03  0.4191738E-19
 0.8350000E+03  0.4177205E-19
 0.8360000E+03  0.4162758E-19
 0.8370000E+03  0.4148396E-19
 0.8380000E+03  0.4134119E-19
 0.8390000E+03  0.4119925E-19
 0.8400000E+03  0.4105815E-19
 0.8410000E+03  0.4091788E-19
 0.8420000E+03  0.4077843E-19
 0.8430000E+03  0.4063980E-19
 0.8440000E+03  0.4050197E-19
 0.8450000E+03  0.4036496E-19
 0.8460000E+03  0.4022874E-19
 0.8470000E+03  0.4009332E-19
 0.8480000E+03  0.3995868E-19
 0.8490000E+03  0.3982483E-19
 0.8500000E+03  0.3969175E-19
 0.8510000E+03  0.3955945E-19
 0.8520000E+03  0.3942791E-19
 0.8530000E+03  0.3929713E-19
 0.8540000E+03  0.3916711E-19
 0.8550000E+03  0.3903783E-19
 0.8560000E+03  0.3890930E-19
 0.8570000E+03  0.3878150E-19
 0.8580000E+03  0.3865444E-19
 0.8590000E+03  0.3852810E-19
 0.8600000E+03  0.3840248E-19
 0.8610000E+03  0.3827758E-19
 0.8620000E+03  0.3815338E-19
 0.8630000E+03  0.3802989E-19
 0.8640000E+03  0.3790710E-19
 0.8650000E+03  0.3778500E-19
 0.8660000E+03  0.3766359E-19
 0.8670000E+03  0.3754286E-19
 0.8680000E+03  0.3742281E-19
 0.8690000E+03  0.3730343E-19
 0.8700000E+03  0.3718472E-19
 0.8710000E+03  0.3706666E-19
 0.8720000E+03  0.3694926E-19
 0.8730000E+03  0.3683251E-19
 0.8740000E+03  0.3671641E-19
 0.8750000E+03  0.3660094E-19
 0.8760000E+03  0.3648611E-19
 0.8770000E+03  0.3637191E-19
 0.8780000E+03  0.3625833E-19
 0.8790000E+03  0.3614537E-19
 0.8800000E+03  0.3603302E-19
 0.8810000E+03  0.3592128E-19
 0.8820000E+03  0.3581014E-19
 0.8830000E+03  0.3569960E-19
 0.8840000E+03  0.3558966E-19
 0.8850000E+03  0.3548030E-19
 0.8860000E+03  0.3537153E-19
 0.8870000E+03  0.3526333E-19
 0.8880000E+03  0.3515571E-19
 0.8890000E+03  0.3504865E-19
 0.8900000E+03  0.3494216E-19
 0.8910000E+03  0.3483623E-19
 0.8920000E+03  0.3473085E-19
 0.8930000E+03  0.3462602E-19
 0.8940000E+03  0.3452173E-19
 0.8950000E+03  0.3441799E-19
 0.8960000E+03  0.3431477E-19
 0.8970000E+03  0.3421209E-19
 0.8980000E+03  0.3410993E-19
 0.8990000E+03  0.3400830E-19
 0.9000000E+03  0.3390718E-19
 0.9010000E+03  0.3380657E-19
 0.9020000E+03  0.3370647E-19
 0.9030000E+03  0.3360687E-19
 0.9040000E+03  0.3350777E-19
 0.9050000E+03  0.3340916E-19
 0.9060000E+03  0.3331105E-19
 0.9070000E+03  0.3321342E-19
 0.9080000E+03  0.3311627E-19
 0.9090000E+03  0.3301959E-19
 0.9100000E+03  0.3292339E-19
 0.9110000E+03  0.3282766E-19
 0.9120000E+03  0.3273239E-19
 0.9130000E+03  0.3263758E-19
 0.9140000E+03  0.3254322E-19
 0.9150000E+03  0.3244932E-19
 0.9160000E+03  0.3235586E-19
 0.9170000E+03  0.3226285E-19
 0.9180000E+03  0.3217028E-19
 0.9190000E+03  0.3207814E-19
 0.9200000E+03  0.3198644E-19
 0.9210000E+03  0.3189516E-19
 0.9220000E+03  0.3180430E-19
 0.9230000E+03  0.3171387E-19
 0.9240000E+03  0.3162385E-19
 0.9250000E+03  0.3153425E-19
 0.9260000E+03  0.3144505E-19
 0.9270000E+03  0.3135626E-19
 0.9280000E+03  0.3126787E-19
 0.9290000E+03  0.3117988E-19
 0.9300000E+03  0.3109229E-19
 0.9310000E+03  0.3100508E-19
 0.9320000E+03  0.3091826E-19
 0.9330000E+03  0.3083183E-19
 0.9340000E+03  0.3074578E-19
 0.9350000E+03  0.3066010E-19
 0.9360000E+03  0.3057480E-19
 0.9370000E+03  0.3048987E-19
 0.9380000E+03  0.3040530E-19
 0.9390000E+03  0.3032111E-19
 0.9400000E+03  0.3023727E-19
 0.9410000E+03  0.3015379E-19
 0.9420000E+03  0.3007066E-19
 0.9430000E+03  0.2998789E-19
 0.9440000E+03  0.2990546E-19
 0.9450000E+03  0.2982338E-19
 0.9460000E+03  0.2974164E-19
 0.9470000E+03  0.2966025E-19
 0.9480000E+03  0.2957919E-19
 0.9490000E+03  0.2949846E-19
 0.9500000E+03  0.2941806E-19
 0.9510000E+03  0.2933800E-19
 0.9520000E+03  0.2925826E-19
 0.9530000E+03  0.2917884E-19
 0.9540000E+03  0.2909974E-19
 0.9550000E+03  0.2902096E-19
 0.9560000E+03  0.2894250E-19
 0.9570000E+03  0.2886435E-19
 0.9580000E+03  0.2878650E-19
 0.9590000E+03  0.2870897E-19
 0.9600000E+03  0.2863174E-19
 0.9610000E+03  0.2855482E-19
 0.9620000E+03  0.2847819E-19
 0.9630000E+03  0.2840186E-19
 0.9640000E+03  0.2832583E-19
 0.9650000E+03  0.2825009E-19
 0.9660000E+03  0.2817465E-19
 0.9670000E+03  0.2809949E-19
 0.9680000E+03  0.2802462E-19
 0.9690000E+03  0.2795003E-19
 0.9700000E+03  0.2787573E-19
 0.9710000E+03  0.2780171E-19
 0.9720000E+03  0.2772796E-19
 0.9730000E+03  0.2765450E-19
 0.9740000E+03  0.2758131E-19
 0.9750000E+03  0.2750839E-19
 0.9760000E+03  0.2743574E-19
 0.9770000E+03  0.2736336E-19
 0.9780000E+03  0.2729124E-19
 0.9790000E+03  0.2721939E-19
 0.9800000E+03  0.2714781E-19
 0.9810000E+03  0.2707649E-19
 0.9820000E+03  0.2700542E-19
 0.9830000E+03  0.2693462E-19
 0.9840000E+03  0.2686407E-19
 0.9850000E+03  0.2679378E-19
 0.9860000E+03  0.2672374E-19
 0.9870000E+03  0.2665395E-19
 0.9880000E+03  0.2658441E-19
 0.9890000E+03  0.2651512E-19
 0.9900000E+03  0.2644608E-19
 0.9910000E+03  0.2637728E-19
 0.9920000E+03  0.2630873E-19
 0.9930000E+03  0.2624041E-19
 0.9940000E+03  0.2617235E-19
 0.9950000E+03  0.2610452E-19
 0.9960000E+03  0.2603693E-19
 0.9970000E+03  0.2596957E-19
 0.9980000E+03  0.2590246E-19
 0.9990000E+03  0.2583557E-19
 0.1000000E+04  0.2576892E-19
 0.1001000E+04  0.2570251E-19
 0.1002000E+04  0.2563632E-19
 0.1003000E+04  0.2557037E-19
 0.1004000E+04  0.2550464E-19
 0.1005000E+04  0.2543914E-19
 0.1006000E+04  0.2537387E-19
 0.1007000E+04  0.2530882E-19
 0.1008000E+04  0.2524400E-19
 0.1009000E+04  0.2517940E-19
 0.1010000E+04  0.2511502E-19
 0.1011000E+04  0.2505087E-19
 0.1012000E+04  0.2498693E-19
 0.1013000E+04  0.2492322E-19
 0.1014000E+04  0.2485972E-19
 0.1015000E+04  0.2479645E-19
 0.1016000E+04  0.2473339E-19
 0.1017000E+04  0.2467054E-19
 0.1018000E+04  0.2460791E-19
 0.1019000E+04  0.2454550E-19
 0.1020000E+04  0.2448330E-19
 0.1021000E+04  0.2442131E-19
 0.1022000E+04  0.2435954E-19
 0.1023000E+04  0.2429797E-19
 0.1024000E+04  0.2423662E-19
 0.1025000E+04  0.2417548E-19
 0.1026000E+04  0.2411454E-19
 0.1027000E+04  0.2405382E-19
 0.1028000E+04  0.2399330E-19
 0.1029000E+04  0.2393300E-19
 0.1030000E+04  0.2387290E-19
 0.1031000E+04  0.2381300E-19
 0.1032000E+04  0.2375331E-19
 0.1033000E+04  0.2369383E-19
 0.1034000E+04  0.2363455E-19
 0.1035000E+04  0.2357547E-19
 0.1036000E+04  0.2351660E-19
 0.1037000E+04  0.2345793E-19
 0.1038000E+04  0.2339947E-19
 0.1039000E+04  0.2334120E-19
 0.1040000E+04  0.2328314E-19
 0.1041000E+04  0.2322528E-19
 0.1042000E+04  0.2316762E-19
 0.1043000E+04  0.2311016E-19
 0.1044000E+04  0.2305290E-19
 0.1045000E+04  0.2299584E-19
 0.1046000E+04  0.2293898E-19
 0.1047000E+04  0.2288231E-19
 0.1048000E+04  0.2282585E-19
 0.1049000E+04  0.2276958E-19
 0.1050000E+04  0.2271351E-19
 0.1051000E+04  0.2265764E-19
 0.1052000E+04  0.2260196E-19
 0.1053000E+04  0.2254649E-19
 0.1054000E+04  0.2249120E-19
 0.1055000E+04  0.2243612E-19
 0.1056000E+04  0.2238123E-19
 0.1057000E+04  0.2232653E-19
 0.1058000E+04  0.2227203E-19
 0.1059000E+04  0.2221772E-19
 0.1060000E+04  0.2216361E-19
 0.1061000E+04  0.2210969E-19
 0.1062000E+04  0.2205597E-19
 0.1063000E+04  0.2200244E-19
 0.1064000E+04  0.2194910E-19
 0.1065000E+04  0.2189596E-19
 0.1066000E+04  0.2184301E-19
 0.1067000E+04  0.2179025E-19
 0.1068000E+04  0.2173768E-19
 0.1069000E+04  0.2168531E-19
 0.1070000E+04  0.2163313E-19
 0.1071000E+04  0.2158114E-19
 0.1072000E+04  0.2152934E-19
 0.1073000E+04  0.2147773E-19
 0.1074000E+04  0.2142632E-19
 0.1075000E+04  0.2137509E-19
 0.1076000E+04  0.2132406E-19
 0.1077000E+04  0.2127321E-19
 0.1078000E+04  0.2122256E-19
 0.1079000E+04  0.2117209E-19
 0.1080000E+04  0.2112182E-19
 0.1081000E+04  0.2107173E-19
 0.1082000E+04  0.2102184E-19
 0.1083000E+04  0.2097213E-19
 0.1084000E+04  0.2092261E-19
 0.1085000E+04  0.2087328E-19
 0.1086000E+04  0.2082414E-19
 0.1087000E+04  0.2077519E-19
 0.1088000E+04  0.2072642E-19
 0.1089000E+04  0.2067785E-19
 0.1090000E+04  0.2062946E-19
 0.1091000E+04  0.2058125E-19
 0.1092000E+04  0.2053324E-19
 0.1093000E+04  0.2048541E-19
 0.1094000E+04  0.2043777E-19
 0.1095000E+04  0.2039031E-19
 0.1096000E+04  0.2034304E-19
 0.1097000E+04  0.2029596E-19
 0.1098000E+04  0.2024906E-19
 0.1099000E+04  0.2020234E-19
 0.1100000E+04  0.2015581E-19
 0.1101000E+04  0.2010947E-19
 0.1102000E+04  0.2006331E-19
 0.1103000E+04  0.2001733E-19
 0.1104000E+04  0.1997154E-19
 0.1105000E+04  0.1992593E-19
 0.1106000E+04  0.1988050E-19
 0.1107000E+04  0.1983526E-19
 0.1108000E+04  0.1979019E-19
 0.1109000E+04  0.1974531E-19
 0.1110000E+04  0.1970061E-19
 0.1111000E+04  0.1965610E-19
 0.1112000E+04  0.1961176E-19
 0.1113000E+04  0.1956760E-19
 0.1114000E+04  0.1952363E-19
 0.1115000E+04  0.1947983E-19
 0.1116000E+04  0.1943621E-19
 0.1117000E+04  0.1939277E-19
 0.1118000E+04  0.1934951E-19
 0.1119000E+04  0.1930643E-19
 0.1120000E+04  0.1926352E-19
 0.1121000E+04  0.1922079E-19
 0.1122000E+04  0.1917824E-19
 0.1123000E+04  0.1913586E-19
 0.1124000E+04  0.1909366E-19
 0.1125000E+04  0.1905163E-19
 0.1126000E+04  0.1900978E-19
 0.1127000E+04  0.1896811E-19
 0.1128000E+04  0.1892660E-19
 0.1129000E+04  0.1888527E-19
 0.1130000E+04  0.1884411E-19
 0.1131000E+04  0.1880312E-19
 0.1132000E+04  0.1876231E-19
 0.1133000E+04  0.1872166E-19
 0.1134000E+04  0.1868119E-19
 0.1135000E+04  0.1864088E-19
 0.1136000E+04  0.1860075E-19
 0.1137000E+04  0.1856078E-19
 0.1138000E+04  0.1852098E-19
 0.1139000E+04  0.1848135E-19
 0.1140000E+04  0.1844188E-19
 0.1141000E+04  0.1840258E-19
 0.1142000E+04  0.1836345E-19
 0.1143000E+04  0.1832448E-19
 0.1144000E+04  0.1828567E-19
 0.1145000E+04  0.1824703E-19
 0.1146000E+04  0.1820854E-19
 0.1147000E+04  0.1817023E-19
 0.1148000E+04  0.1813207E-19
 0.1149000E+04  0.1809407E-19
 0.1150000E+04  0.1805623E-19
 0.1151000E+04  0.1801855E-19
 0.1152000E+04  0.1798103E-19
 0.1153000E+04  0.1794367E-19
 0.1154000E+04  0.1790646E-19
 0.1155000E+04  0.1786941E-19
 0.1156000E+04  0.1783252E-19
 0.1157000E+04  0.1779578E-19
 0.1158000E+04  0.1775919E-19
 0.1159000E+04  0.1772275E-19
 0.1160000E+04  0.1768647E-19
 0.1161000E+04  0.1765034E-19
 0.1162000E+04  0.1761436E-19
 0.1163000E+04  0.1757853E-19
 0.1164000E+04  0.1754285E-19
 0.1165000E+04  0.1750731E-19
 0.1166000E+04  0.1747192E-19
 0.1167000E+04  0.1743668E-19
 0.1168000E+04  0.1740159E-19
 0.1169000E+04  0.1736663E-19
 0.1170000E+04  0.1733183E-19
 0.1171000E+04  0.1729716E-19
 0.1172000E+04  0.1726264E-19
 0.1173000E+04  0.1722826E-19
 0.1174000E+04  0.1719401E-19
 0.1175000E+04  0.1715991E-19
 0.1176000E+04  0.1712595E-19
 0.1177000E+04  0.1709212E-19
 0.1178000E+04  0.1705843E-19
 0.1179000E+04  0.1702488E-19
 0.1180000E+04  0.1699146E-19
 0.1181000E+04  0.1695817E-19
 0.1182000E+04  0.1692502E-19
 0.1183000E+04  0.1689200E-19
 0.1184000E+04  0.1685911E-19
 0.1185000E+04  0.1682635E-19
 0.1186000E+04  0.1679372E-19
 0.1187000E+04  0.1676122E-19
 0.1188000E+04  0.1672885E-19
 0.1189000E+04  0.1669660E-19
 0.1190000E+04  0.1666448E-19
 0.1191000E+04  0.1663249E-19
 0.1192000E+04  0.1660061E-19
 0.1193000E+04  0.1656887E-19
 0.1194000E+04  0.1653724E-19
 0.1195000E+04  0.1650573E-19
 0.1196000E+04  0.1647435E-19
 0.1197000E+04  0.1644308E-19
 0.1198000E+04  0.1641194E-19
 0.1199000E+04  0.1638091E-19
 0.1200000E+04  0.1635000E-19
 0.1201000E+04  0.1631920E-19
 0.1202000E+04  0.1628852E-19
 0.1203000E+04  0.1625795E-19
 0.1204000E+04  0.1622750E-19
 0.1205000E+04  0.1619715E-19
 0.1206000E+04  0.1616692E-19
 0.1207000E+04  0.1613680E-19
 0.1208000E+04  0.1610679E-19
 0.1209000E+04  0.1607689E-19
 0.1210000E+04  0.1604709E-19
 0.1211000E+04  0.1601740E-19
 0.1212000E+04  0.1598782E-19
 0.1213000E+04  0.1595835E-19
 0.1214000E+04  0.1592897E-19
 0.1215000E+04  0.1589970E-19
 0.1216000E+04  0.1587054E-19
 0.1217000E+04  0.1584147E-19
 0.1218000E+04  0.1581251E-19
 0.1219000E+04  0.1578364E-19
 0.1220000E+04  0.1575488E-19
 0.1221000E+04  0.1572621E-19
 0.1222000E+04  0.1569764E-19
 0.1223000E+04  0.1566916E-19
 0.1224000E+04  0.1564079E-19
 0.1225000E+04  0.1561250E-19
 0.1226000E+04  0.1558431E-19
 0.1227000E+04  0.1555622E-19
 0.1228000E+04  0.1552822E-19
 0.1229000E+04  0.1550030E-19
 0.1230000E+04  0.1547248E-19
 0.1231000E+04  0.1544475E-19
 0.1232000E+04  0.1541711E-19
 0.1233000E+04  0.1538956E-19
 0.1234000E+04  0.1536209E-19
 0.1235000E+04  0.1533471E-19
 0.1236000E+04  0.1530742E-19
 0.1237000E+04  0.1528021E-19
 0.1238000E+04  0.1525309E-19
 0.1239000E+04  0.1522605E-19
 0.1240000E+04  0.1519910E-19
 0.1241000E+04  0.1517223E-19
 0.1242000E+04  0.1514543E-19
 0.1243000E+04  0.1511872E-19
 0.1244000E+04  0.1509209E-19
 0.1245000E+04  0.1506554E-19
 0.1246000E+04  0.1503907E-19
 0.1247000E+04  0.1501268E-19
 0.1248000E+04  0.1498637E-19
 0.1249000E+04  0.1496013E-19
 0.1250000E+04  0.1493396E-19
 0.1251000E+04  0.1490788E-19
 0.1252000E+04  0.1488187E-19
 0.1253000E+04  0.1485593E-19
 0.1254000E+04  0.1483007E-19
 0.1255000E+04  0.1480428E-19
 0.1256000E+04  0.1477856E-19
 0.1257000E+04  0.1475291E-19
 0.1258000E+04  0.1472734E-19
 0.1259000E+04  0.1470184E-19
 0.1260000E+04  0.1467640E-19
 0.1261000E+04  0.1465104E-19
 0.1262000E+04  0.1462575E-19
 0.1263000E+04  0.1460052E-19
 0.1264000E+04  0.1457537E-19
 0.1265000E+04  0.1455028E-19
 0.1266000E+04  0.1452525E-19
 0.1267000E+04  0.1450030E-19
 0.1268000E+04  0.1447541E-19
 0.1269000E+04  0.1445058E-19
 0.1270000E+04  0.1442582E-19
 0.1271000E+04  0.1440113E-19
 0.1272000E+04  0.1437650E-19
 0.1273000E+04  0.1435193E-19
 0.1274000E+04  0.1432743E-19
 0.1275000E+04  0.1430299E-19
 0.1276000E+04  0.1427861E-19
 0.1277000E+04  0.1425429E-19
 0.1278000E+04  0.1423004E-19
 0.1279000E+04  0.1420584E-19
 0.1280000E+04  0.1418171E-19
 0.1281000E+04  0.1415763E-19
 0.1282000E+04  0.1413362E-19
 0.1283000E+04  0.1410967E-19
 0.1284000E+04  0.1408577E-19
 0.1285000E+04  0.1406194E-19
 0.1286000E+04  0.1403816E-19
 0.1287000E+04  0.1401444E-19
 0.1288000E+04  0.1399078E-19
 0.1289000E+04  0.1396718E-19
 0.1290000E+04  0.1394363E-19
 0.1291000E+04  0.1392014E-19
 0.1292000E+04  0.1389671E-19
 0.1293000E+04  0.1387333E-19
 0.1294000E+04  0.1385001E-19
 0.1295000E+04  0.1382675E-19
 0.1296000E+04  0.1380354E-19
 0.1297000E+04  0.1378038E-19
 0.1298000E+04  0.1375728E-19
 0.1299000E+04  0.1373424E-19
 0.1300000E+04  0.1371125E-19
 0.1301000E+04  0.1368831E-19
 0.1302000E+04  0.1366543E-19
 0.1303000E+04  0.1364260E-19
 0.1304000E+04  0.1361982E-19
 0.1305000E+04  0.1359710E-19
 0.1306000E+04  0.1357443E-19
 0.1307000E+04  0.1355181E-19
 0.1308000E+04  0.1352925E-19
 0.1309000E+04  0.1350674E-19
 0.1310000E+04  0.1348428E-19
 0.1311000E+04  0.1346187E-19
 0.1312000E+04  0.1343952E-19
 0.1313000E+04  0.1341721E-19
 0.1314000E+04  0.1339496E-19
 0.1315000E+04  0.1337276E-19
 0.1316000E+04  0.1335061E-19
 0.1317000E+04  0.1332851E-19
 0.1318000E+04  0.1330647E-19
 0.1319000E+04  0.1328447E-19
 0.1320000E+04  0.1326253E-19
 0.1321000E+04  0.1324063E-19
 0.1322000E+04  0.1321879E-19
 0.1323000E+04  0.1319699E-19
 0.1324000E+04  0.1317525E-19
 0.1325000E+04  0.1315356E-19
 0.1326000E+04  0.1313192E-19
 0.1327000E+04  0.1311032E-19
 0.1328000E+04  0.1308878E-19
 0.1329000E+04  0.1306729E-19
 0.1330000E+04  0.1304585E-19
 0.1331000E+04  0.1302445E-19
 0.1332000E+04  0.1300311E-19
 0.1333000E+04  0.1298182E-19
 0.1334000E+04  0.1296057E-19
 0.1335000E+04  0.1293938E-19
 0.1336000E+04  0.1291823E-19
 0.1337000E+04  0.1289714E-19
 0.1338000E+04  0.1287609E-19
 0.1339000E+04  0.1285509E-19
 0.1340000E+04  0.1283415E-19
 0.1341000E+04  0.1281325E-19
 0.1342000E+04  0.1279240E-19
 0.1343000E+04  0.1277160E-19
 0.1344000E+04  0.1275085E-19
 0.1345000E+04  0.1273015E-19
 0.1346000E+04  0.1270949E-19
 0.1347000E+04  0.1268889E-19
 0.1348000E+04  0.1266834E-19
 0.1349000E+04  0.1264783E-19
 0.1350000E+04  0.1262738E-19
 0.1351000E+04  0.1260697E-19
 0.1352000E+04  0.1258661E-19
 0.1353000E+04  0.1256631E-19
 0.1354000E+04  0.1254605E-19
 0.1355000E+04  0.1252584E-19
 0.1356000E+04  0.1250568E-19
 0.1357000E+04  0.1248557E-19
 0.1358000E+04  0.1246551E-19
 0.1359000E+04  0.1244550E-19
 0.1360000E+04  0.1242553E-19
 0.1361000E+04  0.1240562E-19
 0.1362000E+04  0.1238576E-19
 0.1363000E+04  0.1236594E-19
 0.1364000E+04  0.1234618E-19
 0.1365000E+04  0.1232646E-19
 0.1366000E+04  0.1230680E-19
 0.1367000E+04  0.1228718E-19
 0.1368000E+04  0.1226762E-19
 0.1369000E+04  0.1224810E-19
 0.1370000E+04  0.1222864E-19
 0.1371000E+04  0.1220922E-19
 0.1372000E+04  0.1218986E-19
 0.1373000E+04  0.1217054E-19
 0.1374000E+04  0.1215127E-19
 0.1375000E+04  0.1213206E-19
 0.1376000E+04  0.1211289E-19
 0.1377000E+04  0.1209378E-19
 0.1378000E+04  0.1207472E-19
 0.1379000E+04  0.1205570E-19
 0.1380000E+04  0.1203674E-19
 0.1381000E+04  0.1201783E-19
 0.1382000E+04  0.1199897E-19
 0.1383000E+04  0.1198016E-19
 0.1384000E+04  0.1196140E-19
 0.1385000E+04  0.1194269E-19
 0.1386000E+04  0.1192403E-19
 0.1387000E+04  0.1190543E-19
 0.1388000E+04  0.1188688E-19
 0.1389000E+04  0.1186837E-19
 0.1390000E+04  0.1184992E-19
 0.1391000E+04  0.1183152E-19
 0.1392000E+04  0.1181317E-19
 0.1393000E+04  0.1179488E-19
 0.1394000E+04  0.1177663E-19
 0.1395000E+04  0.1175844E-19
 0.1396000E+04  0.1174030E-19
 0.1397000E+04  0.1172221E-19
 0.1398000E+04  0.1170418E-19
 0.1399000E+04  0.1168619E-19
 0.1400000E+04  0.1166826E-19
 0.1401000E+04  0.1165038E-19
 0.1402000E+04  0.1163255E-19
 0.1403000E+04  0.1161478E-19
 0.1404000E+04  0.1159706E-19
 0.1405000E+04  0.1157939E-19
 0.1406000E+04  0.1156177E-19
 0.1407000E+04  0.1154421E-19
 0.1408000E+04  0.1152670E-19
 0.1409000E+04  0.1150924E-19
 0.1410000E+04  0.1149184E-19
 0.1411000E+04  0.1147449E-19
 0.1412000E+04  0.1145719E-19
 0.1413000E+04  0.1143994E-19
 0.1414000E+04  0.1142275E-19
 0.1415000E+04  0.1140561E-19
 0.1416000E+04  0.1138853E-19
 0.1417000E+04  0.1137149E-19
 0.1418000E+04  0.1135451E-19
 0.1419000E+04  0.1133759E-19
 0.1420000E+04  0.1132072E-19
 0.1421000E+04  0.1130390E-19
 0.1422000E+04  0.1128713E-19
 0.1423000E+04  0.1127042E-19
 0.1424000E+04  0.1125376E-19
 0.1425000E+04  0.1123716E-19
 0.1426000E+04  0.1122061E-19
 0.1427000E+04  0.1120411E-19
 0.1428000E+04  0.1118766E-19
 0.1429000E+04  0.1117127E-19
 0.1430000E+04  0.1115493E-19
 0.1431000E+04  0.1113865E-19
 0.1432000E+04  0.1112242E-19
 0.1433000E+04  0.1110624E-19
 0.1434000E+04  0.1109012E-19
 0.1435000E+04  0.1107405E-19
 0.1436000E+04  0.1105803E-19
 0.1437000E+04  0.1104206E-19
 0.1438000E+04  0.1102615E-19
 0.1439000E+04  0.1101029E-19
 0.1440000E+04  0.1099449E-19
 0.1441000E+04  0.1097873E-19
 0.1442000E+04  0.1096303E-19
 0.1443000E+04  0.1094739E-19
 0.1444000E+04  0.1093179E-19
 0.1445000E+04  0.1091625E-19
 0.1446000E+04  0.1090076E-19
 0.1447000E+04  0.1088532E-19
 0.1448000E+04  0.1086993E-19
 0.1449000E+04  0.1085460E-19
 0.1450000E+04  0.1083932E-19
 0.1451000E+04  0.1082409E-19
 0.1452000E+04  0.1080891E-19
 0.1453000E+04  0.1079379E-19
 0.1454000E+04  0.1077871E-19
 0.1455000E+04  0.1076369E-19
 0.1456000E+04  0.1074871E-19
 0.1457000E+04  0.1073379E-19
 0.1458000E+04  0.1071892E-19
 0.1459000E+04  0.1070410E-19
 0.1460000E+04  0.1068933E-19
 0.1461000E+04  0.1067461E-19
 0.1462000E+04  0.1065994E-19
 0.1463000E+04  0.1064532E-19
 0.1464000E+04  0.1063075E-19
 0.1465000E+04  0.1061623E-19
 0.1466000E+04  0.1060176E-19
 0.1467000E+04  0.1058734E-19
 0.1468000E+04  0.1057296E-19
 0.1469000E+04  0.1055864E-19
 0.1470000E+04  0.1054436E-19
 0.1471000E+04  0.1053013E-19
 0.1472000E+04  0.1051595E-19
 0.1473000E+04  0.1050182E-19
 0.1474000E+04  0.1048773E-19
 0.1475000E+04  0.1047369E-19
 0.1476000E+04  0.1045970E-19
 0.1477000E+04  0.1044576E-19
 0.1478000E+04  0.1043186E-19
 0.1479000E+04  0.1041800E-19
 0.1480000E+04  0.1040420E-19
 0.1481000E+04  0.1039044E-19
 0.1482000E+04  0.1037672E-19
 0.1483000E+04  0.1036305E-19
 0.1484000E+04  0.1034943E-19
 0.1485000E+04  0.1033585E-19
 0.1486000E+04  0.1032231E-19
 0.1487000E+04  0.1030882E-19
 0.1488000E+04  0.1029537E-19
 0.1489000E+04  0.1028196E-19
 0.1490000E+04  0.1026860E-19
 0.1491000E+04  0.1025528E-19
 0.1492000E+04  0.1024200E-19
 0.1493000E+04  0.1022877E-19
 0.1494000E+04  0.1021558E-19
 0.1495000E+04  0.1020242E-19
 0.1496000E+04  0.1018931E-19
 0.1497000E+04  0.1017625E-19
 0.1498000E+04  0.1016322E-19
 0.1499000E+04  0.1015023E-19
 0.1500000E+04  0.1013728E-19
 0.1501000E+04  0.1012438E-19
 0.1502000E+04  0.1011151E-19
 0.1503000E+04  0.1009868E-19
 0.1504000E+04  0.1008589E-19
 0.1505000E+04  0.1007314E-19
 0.1506000E+04  0.1006043E-19
 0.1507000E+04  0.1004775E-19
 0.1508000E+04  0.1003512E-19
 0.1509000E+04  0.1002252E-19
 0.1510000E+04  0.1000996E-19
 0.1511000E+04  0.9997431E-20
 0.1512000E+04  0.9984942E-20
 0.1513000E+04  0.9972490E-20
 0.1514000E+04  0.9960073E-20
 0.1515000E+04  0.9947691E-20
 0.1516000E+04  0.9935345E-20
 0.1517000E+04  0.9923034E-20
 0.1518000E+04  0.9910757E-20
 0.1519000E+04  0.9898515E-20
 0.1520000E+04  0.9886306E-20
 0.1521000E+04  0.9874131E-20
 0.1522000E+04  0.9861990E-20
 0.1523000E+04  0.9849881E-20
 0.1524000E+04  0.9837805E-20
 0.1525000E+04  0.9825762E-20
 0.1526000E+04  0.9813751E-20
 0.1527000E+04  0.9801771E-20
 0.1528000E+04  0.9789823E-20
 0.1529000E+04  0.9777906E-20
 0.1530000E+04  0.9766019E-20
 0.1531000E+04  0.9754164E-20
 0.1532000E+04  0.9742338E-20
 0.1533000E+04  0.9730543E-20
 0.1534000E+04  0.9718776E-20
 0.1535000E+04  0.9707040E-20
 0.1536000E+04  0.9695332E-20
 0.1537000E+04  0.9683653E-20
 0.1538000E+04  0.9672002E-20
 0.1539000E+04  0.9660379E-20
 0.1540000E+04  0.9648784E-20
 0.1541000E+04  0.9637217E-20
 0.1542000E+04  0.9625677E-20
 0.1543000E+04  0.9614163E-20
 0.1544000E+04  0.9602677E-20
 0.1545000E+04  0.9591216E-20
 0.1546000E+04  0.9579782E-20
 0.1547000E+04  0.9568373E-20
 0.1548000E+04  0.9556990E-20
 0.1549000E+04  0.9545632E-20
 0.1550000E+04  0.9534299E-20
 0.1551000E+04  0.9522990E-20
 0.1552000E+04  0.9511706E-20
 0.1553000E+04  0.9500446E-20
 0.1554000E+04  0.9489209E-20
 0.1555000E+04  0.9477997E-20
 0.1556000E+04  0.9466807E-20
 0.1557000E+04  0.9455640E-20
 0.1558000E+04  0.9444497E-20
 0.1559000E+04  0.9433375E-20
 0.1560000E+04  0.9422276E-20
 0.1561000E+04  0.9411200E-20
 0.1562000E+04  0.9400144E-20
 0.1563000E+04  0.9389111E-20
 0.1564000E+04  0.9378098E-20
 0.1565000E+04  0.9367107E-20
 0.1566000E+04  0.9356136E-20
 0.1567000E+04  0.9345186E-20
 0.1568000E+04  0.9334257E-20
 0.1569000E+04  0.9323348E-20
 0.1570000E+04  0.9312458E-20
 0.1571000E+04  0.9301588E-20
 0.1572000E+04  0.9290738E-20
 0.1573000E+04  0.9279907E-20
 0.1574000E+04  0.9269096E-20
 0.1575000E+04  0.9258303E-20
 0.1576000E+04  0.9247529E-20
 0.1577000E+04  0.9236773E-20
 0.1578000E+04  0.9226036E-20
 0.1579000E+04  0.9215317E-20
 0.1580000E+04  0.9204615E-20
 0.1581000E+04  0.9193932E-20
 0.1582000E+04  0.9183266E-20
 0.1583000E+04  0.9172618E-20
 0.1584000E+04  0.9161987E-20
 0.1585000E+04  0.9151374E-20
 0.1586000E+04  0.9140777E-20
 0.1587000E+04  0.9130197E-20
 0.1588000E+04  0.9119634E-20
 0.1589000E+04  0.9109087E-20
 0.1590000E+04  0.9098557E-20
 0.1591000E+04  0.9088043E-20
 0.1592000E+04  0.9077545E-20
 0.1593000E+04  0.9067064E-20
 0.1594000E+04  0.9056598E-20
 0.1595000E+04  0.9046148E-20
 0.1596000E+04  0.9035713E-20
 0.1597000E+04  0.9025295E-20
 0.1598000E+04  0.9014891E-20
 0.1599000E+04  0.9004503E-20
 0.1600000E+04  0.8994131E-20
 0.1601000E+04  0.8983773E-20
 0.1602000E+04  0.8973431E-20
 0.1603000E+04  0.8963104E-20
 0.1604000E+04  0.8952791E-20
 0.1605000E+04  0.8942494E-20
 0.1606000E+04  0.8932211E-20
 0.1607000E+04  0.8921943E-20
 0.1608000E+04  0.8911689E-20
 0.1609000E+04  0.8901450E-20
 0.1610000E+04  0.8891226E-20
 0.1611000E+04  0.8881016E-20
 0.1612000E+04  0.8870821E-20
 0.1613000E+04  0.8860639E-20
 0.1614000E+04  0.8850473E-20
 0.1615000E+04  0.8840320E-20
 0.1616000E+04  0.8830182E-20
 0.1617000E+04  0.8820058E-20
 0.1618000E+04  0.8809948E-20
 0.1619000E+04  0.8799852E-20
 0.1620000E+04  0.8789770E-20
 0.1621000E+04  0.8779703E-20
 0.1622000E+04  0.8769649E-20
 0.1623000E+04  0.8759610E-20
 0.1624000E+04  0.8749585E-20
 0.1625000E+04  0.8739573E-20
 0.1626000E+04  0.8729576E-20
 0.1627000E+04  0.8719593E-20
 0.1628000E+04  0.8709623E-20
 0.1629000E+04  0.8699668E-20
 0.1630000E+04  0.8689727E-20
 0.1631000E+04  0.8679799E-20
 0.1632000E+04  0.8669886E-20
 0.1633000E+04  0.8659987E-20
 0.1634000E+04  0.8650102E-20
 0.1635000E+04  0.8640230E-20
 0.1636000E+04  0.8630373E-20
 0.1637000E+04  0.8620530E-20
 0.1638000E+04  0.8610701E-20
 0.1639000E+04  0.8600886E-20
 0.1640000E+04  0.8591086E-20
 0.1641000E+04  0.8581299E-20
 0.1642000E+04  0.8571527E-20
 0.1643000E+04  0.8561769E-20
 0.1644000E+04  0.8552025E-20
 0.1645000E+04  0.8542295E-20
 0.1646000E+04  0.8532580E-20
 0.1647000E+04  0.8522879E-20
 0.1648000E+04  0.8513193E-20
 0.1649000E+04  0.8503520E-20
 0.1650000E+04  0.8493863E-20
 0.1651000E+04  0.8484220E-20
 0.1652000E+04  0.8474591E-20
 0.1653000E+04  0.8464977E-20
 0.1654000E+04  0.8455378E-20
 0.1655000E+04  0.8445794E-20
 0.1656000E+04  0.8436224E-20
 0.1657000E+04  0.8426669E-20
 0.1658000E+04  0.8417129E-20
 0.1659000E+04  0.8407604E-20
 0.1660000E+04  0.8398094E-20
 0.1661000E+04  0.8388599E-20
 0.1662000E+04  0.8379119E-20
 0.1663000E+04  0.8369654E-20
 0.1664000E+04  0.8360205E-20
 0.1665000E+04  0.8350771E-20
 0.1666000E+04  0.8341352E-20
 0.1667000E+04  0.8331948E-20
 0.1668000E+04  0.8322561E-20
 0.1669000E+04  0.8313188E-20
 0.1670000E+04  0.8303832E-20
 0.1671000E+04  0.8294491E-20
 0.1672000E+04  0.8285166E-20
 0.1673000E+04  0.8275856E-20
 0.1674000E+04  0.8266563E-20
 0.1675000E+04  0.8257286E-20
 0.1676000E+04  0.8248025E-20
 0.1677000E+04  0.8238780E-20
 0.1678000E+04  0.8229551E-20
 0.1679000E+04  0.8220339E-20
 0.1680000E+04  0.8211143E-20
 0.1681000E+04  0.8201963E-20
 0.1682000E+04  0.8192800E-20
 0.1683000E+04  0.8183654E-20
 0.1684000E+04  0.8174525E-20
 0.1685000E+04  0.8165412E-20
 0.1686000E+04  0.8156316E-20
 0.1687000E+04  0.8147238E-20
 0.1688000E+04  0.8138176E-20
 0.1689000E+04  0.8129132E-20
 0.1690000E+04  0.8120105E-20
 0.1691000E+04  0.8111095E-20
 0.1692000E+04  0.8102102E-20
 0.1693000E+04  0.8093128E-20
 0.1694000E+04  0.8084170E-20
 0.1695000E+04  0.8075231E-20
 0.1696000E+04  0.8066309E-20
 0.1697000E+04  0.8057405E-20
 0.1698000E+04  0.8048520E-20
 0.1699000E+04  0.8039652E-20
 0.1700000E+04  0.8030802E-20
 0.1701000E+04  0.8021971E-20
 0.1702000E+04  0.8013158E-20
 0.1703000E+04  0.8004364E-20
 0.1704000E+04  0.7995587E-20
 0.1705000E+04  0.7986830E-20
 0.1706000E+04  0.7978091E-20
 0.1707000E+04  0.7969371E-20
 0.1708000E+04  0.7960670E-20
 0.1709000E+04  0.7951988E-20
 0.1710000E+04  0.7943325E-20
 0.1711000E+04  0.7934681E-20
 0.1712000E+04  0.7926057E-20
 0.1713000E+04  0.7917451E-20
 0.1714000E+04  0.7908865E-20
 0.1715000E+04  0.7900299E-20
 0.1716000E+04  0.7891752E-20
 0.1717000E+04  0.7883224E-20
 0.1718000E+04  0.7874717E-20
 0.1719000E+04  0.7866229E-20
 0.1720000E+04  0.7857761E-20
 0.1721000E+04  0.7849313E-20
 0.1722000E+04  0.7840885E-20
 0.1723000E+04  0.7832477E-20
 0.1724000E+04  0.7824089E-20
 0.1725000E+04  0.7815722E-20
 0.1726000E+04  0.7807375E-20
 0.1727000E+04  0.7799048E-20
 0.1728000E+04  0.7790742E-20
 0.1729000E+04  0.7782456E-20
 0.1730000E+04  0.7774191E-20
 0.1731000E+04  0.7765946E-20
 0.1732000E+04  0.7757723E-20
 0.1733000E+04  0.7749519E-20
 0.1734000E+04  0.7741337E-20
 0.1735000E+04  0.7733176E-20
 0.1736000E+04  0.7725035E-20
 0.1737000E+04  0.7716915E-20
 0.1738000E+04  0.7708817E-20
 0.1739000E+04  0.7700739E-20
 0.1740000E+04  0.7692683E-20
 0.1741000E+04  0.7684647E-20
 0.1742000E+04  0.7676633E-20
 0.1743000E+04  0.7668640E-20
 0.1744000E+04  0.7660668E-20
 0.1745000E+04  0.7652717E-20
 0.1746000E+04  0.7644787E-20
 0.1747000E+04  0.7636879E-20
 0.1748000E+04  0.7628992E-20
 0.1749000E+04  0.7621126E-20
 0.1750000E+04  0.7613281E-20
 0.1751000E+04  0.7605458E-20
 0.1752000E+04  0.7597656E-20
 0.1753000E+04  0.7589875E-20
 0.1754000E+04  0.7582115E-20
 0.1755000E+04  0.7574377E-20
 0.1756000E+04  0.7566660E-20
 0.1757000E+04  0.7558964E-20
 0.1758000E+04  0.7551289E-20
 0.1759000E+04  0.7543635E-20
 0.1760000E+04  0.7536003E-20
 0.1761000E+04  0.7528391E-20
 0.1762000E+04  0.7520801E-20
 0.1763000E+04  0.7513231E-20
 0.1764000E+04  0.7505683E-20
 0.1765000E+04  0.7498155E-20
 0.1766000E+04  0.7490648E-20
 0.1767000E+04  0.7483163E-20
 0.1768000E+04  0.7475697E-20
 0.1769000E+04  0.7468253E-20
 0.1770000E+04  0.7460829E-20
 0.1771000E+04  0.7453426E-20
 0.1772000E+04  0.7446043E-20
 0.1773000E+04  0.7438681E-20
 0.1774000E+04  0.7431338E-20
 0.1775000E+04  0.7424017E-20
 0.1776000E+04  0.7416715E-20
 0.1777000E+04  0.7409433E-20
 0.1778000E+04  0.7402172E-20
 0.1779000E+04  0.7394930E-20
 0.1780000E+04  0.7387708E-20
 0.1781000E+04  0.7380506E-20
 0.1782000E+04  0.7373323E-20
 0.1783000E+04  0.7366160E-20
 0.1784000E+04  0.7359016E-20
 0.1785000E+04  0.7351892E-20
 0.1786000E+04  0.7344786E-20
 0.1787000E+04  0.7337700E-20
 0.1788000E+04  0.7330633E-20
 0.1789000E+04  0.7323584E-20
 0.1790000E+04  0.7316554E-20
 0.1791000E+04  0.7309543E-20
 0.1792000E+04  0.7302550E-20
 0.1793000E+04  0.7295576E-20
 0.1794000E+04  0.7288619E-20
 0.1795000E+04  0.7281681E-20
 0.1796000E+04  0.7274761E-20
 0.1797000E+04  0.7267858E-20
 0.1798000E+04  0.7260973E-20
 0.1799000E+04  0.7254106E-20
 0.1800000E+04  0.7247256E-20
 0.1801000E+04  0.7240423E-20
 0.1802000E+04  0.7233607E-20
 0.1803000E+04  0.7226808E-20
 0.1804000E+04  0.7220026E-20
 0.1805000E+04  0.7213261E-20
 0.1806000E+04  0.7206512E-20
 0.1807000E+04  0.7199779E-20
 0.1808000E+04  0.7193063E-20
 0.1809000E+04  0.7186363E-20
 0.1810000E+04  0.7179678E-20
 0.1811000E+04  0.7173009E-20
 0.1812000E+04  0.7166356E-20
 0.1813000E+04  0.7159719E-20
 0.1814000E+04  0.7153096E-20
 0.1815000E+04  0.7146489E-20
 0.1816000E+04  0.7139896E-20
 0.1817000E+04  0.7133319E-20
 0.1818000E+04  0.7126756E-20
 0.1819000E+04  0.7120208E-20
 0.1820000E+04  0.7113673E-20
 0.1821000E+04  0.7107153E-20
 0.1822000E+04  0.7100647E-20
 0.1823000E+04  0.7094155E-20
 0.1824000E+04  0.7087677E-20
 0.1825000E+04  0.7081212E-20
 0.1826000E+04  0.7074761E-20
 0.1827000E+04  0.7068322E-20
 0.1828000E+04  0.7061897E-20
 0.1829000E+04  0.7055485E-20
 0.1830000E+04  0.7049085E-20
 0.1831000E+04  0.7042698E-20
 0.1832000E+04  0.7036323E-20
 0.1833000E+04  0.7029961E-20
 0.1834000E+04  0.7023611E-20
 0.1835000E+04  0.7017272E-20
 0.1836000E+04  0.7010946E-20
 0.1837000E+04  0.7004631E-20
 0.1838000E+04  0.6998327E-20
 0.1839000E+04  0.6992035E-20
 0.1840000E+04  0.6985754E-20
 0.1841000E+04  0.6979484E-20
 0.1842000E+04  0.6973225E-20
 0.1843000E+04  0.6966976E-20
 0.1844000E+04  0.6960738E-20
 0.1845000E+04  0.6954511E-20
 0.1846000E+04  0.6948293E-20
 0.1847000E+04  0.6942086E-20
 0.1848000E+04  0.6935889E-20
 0.1849000E+04  0.6929701E-20
 0.1850000E+04  0.6923523E-20
 0.1851000E+04  0.6917355E-20
 0.1852000E+04  0.6911196E-20
 0.1853000E+04  0.6905046E-20
 0.1854000E+04  0.6898905E-20
 0.1855000E+04  0.6892773E-20
 0.1856000E+04  0.6886650E-20
 0.1857000E+04  0.6880535E-20
 0.1858000E+04  0.6874429E-20
 0.1859000E+04  0.6868331E-20
 0.1860000E+04  0.6862242E-20
 0.1861000E+04  0.6856160E-20
 0.1862000E+04  0.6850087E-20
 0.1863000E+04  0.6844021E-20
 0.1864000E+04  0.6837963E-20
 0.1865000E+04  0.6831913E-20
 0.1866000E+04  0.6825870E-20
 0.1867000E+04  0.6819835E-20
 0.1868000E+04  0.6813806E-20
 0.1869000E+04  0.6807785E-20
 0.1870000E+04  0.6801770E-20
 0.1871000E+04  0.6795763E-20
 0.1872000E+04  0.6789762E-20
 0.1873000E+04  0.6783768E-20
 0.1874000E+04  0.6777780E-20
 0.1875000E+04  0.6771799E-20
 0.1876000E+04  0.6765824E-20
 0.1877000E+04  0.6759856E-20
 0.1878000E+04  0.6753893E-20
 0.1879000E+04  0.6747936E-20
 0.1880000E+04  0.6741986E-20
 0.1881000E+04  0.6736041E-20
 0.1882000E+04  0.6730102E-20
 0.1883000E+04  0.6724168E-20
 0.1884000E+04  0.6718240E-20
 0.1885000E+04  0.6712318E-20
 0.1886000E+04  0.6706401E-20
 0.1887000E+04  0.6700489E-20
 0.1888000E+04  0.6694582E-20
 0.1889000E+04  0.6688681E-20
 0.1890000E+04  0.6682785E-20
 0.1891000E+04  0.6676893E-20
 0.1892000E+04  0.6671007E-20
 0.1893000E+04  0.6665126E-20
 0.1894000E+04  0.6659249E-20
 0.1895000E+04  0.6653377E-20
 0.1896000E+04  0.6647510E-20
 0.1897000E+04  0.6641648E-20
 0.1898000E+04  0.6635790E-20
 0.1899000E+04  0.6629937E-20
 0.1900000E+04  0.6624088E-20
 0.1901000E+04  0.6618244E-20
 0.1902000E+04  0.6612404E-20
 0.1903000E+04  0.6606569E-20
 0.1904000E+04  0.6600738E-20
 0.1905000E+04  0.6594911E-20
 0.1906000E+04  0.6589089E-20
 0.1907000E+04  0.6583271E-20
 0.1908000E+04  0.6577457E-20
 0.1909000E+04  0.6571647E-20
 0.1910000E+04  0.6565842E-20
 0.1911000E+04  0.6560041E-20
 0.1912000E+04  0.6554244E-20
 0.1913000E+04  0.6548451E-20
 0.1914000E+04  0.6542662E-20
 0.1915000E+04  0.6536878E-20
 0.1916000E+04  0.6531097E-20
 0.1917000E+04  0.6525321E-20
 0.1918000E+04  0.6519549E-20
 0.1919000E+04  0.6513781E-20
 0.1920000E+04  0.6508017E-20
 0.1921000E+04  0.6502257E-20
 0.1922000E+04  0.6496502E-20
 0.1923000E+04  0.6490750E-20
 0.1924000E+04  0.6485003E-20
 0.1925000E+04  0.6479260E-20
 0.1926000E+04  0.6473521E-20
 0.1927000E+04  0.6467786E-20
 0.1928000E+04  0.6462055E-20
 0.1929000E+04  0.6456329E-20
 0.1930000E+04  0.6450607E-20
 0.1931000E+04  0.6444889E-20
 0.1932000E+04  0.6439175E-20
 0.1933000E+04  0.6433466E-20
 0.1934000E+04  0.6427761E-20
 0.1935000E+04  0.6422060E-20
 0.1936000E+04  0.6416364E-20
 0.1937000E+04  0.6410673E-20
 0.1938000E+04  0.6404986E-20
 0.1939000E+04  0.6399303E-20
 0.1940000E+04  0.6393625E-20
 0.1941000E+04  0.6387951E-20
 0.1942000E+04  0.6382282E-20
 0.1943000E+04  0.6376618E-20
 0.1944000E+04  0.6370959E-20
 0.1945000E+04  0.6365304E-20
 0.1946000E+04  0.6359654E-20
 0.1947000E+04  0.6354009E-20
 0.1948000E+04  0.6348369E-20
 0.1949000E+04  0.6342735E-20
 0.1950000E+04  0.6337105E-20
 0.1951000E+04  0.6331480E-20
 0.1952000E+04  0.6325860E-20
 0.1953000E+04  0.6320246E-20
 0.1954000E+04  0.6314637E-20
 0.1955000E+04  0.6309033E-20
 0.1956000E+04  0.6303435E-20
 0.1957000E+04  0.6297842E-20
 0.1958000E+04  0.6292255E-20
 0.1959000E+04  0.6286674E-20
 0.1960000E+04  0.6281098E-20
 0.1961000E+04  0.6275528E-20
 0.1962000E+04  0.6269964E-20
 0.1963000E+04  0.6264406E-20
 0.1964000E+04  0.6258854E-20
 0.1965000E+04  0.6253308E-20
 0.1966000E+04  0.6247769E-20
 0.1967000E+04  0.6242235E-20
 0.1968000E+04  0.6236708E-20
 0.1969000E+04  0.6231188E-20
 0.1970000E+04  0.6225674E-20
 0.1971000E+04  0.6220167E-20
 0.1972000E+04  0.6214667E-20
 0.1973000E+04  0.6209173E-20
 0.1974000E+04  0.6203687E-20
 0.1975000E+04  0.6198207E-20
 0.1976000E+04  0.6192735E-20
 0.1977000E+04  0.6187270E-20
 0.1978000E+04  0.6181813E-20
 0.1979000E+04  0.6176363E-20
 0.1980000E+04  0.6170920E-20
 0.1981000E+04  0.6165486E-20
 0.1982000E+04  0.6160059E-20
 0.1983000E+04  0.6154640E-20
 0.1984000E+04  0.6149229E-20
 0.1985000E+04  0.6143826E-20
 0.1986000E+04  0.6138432E-20
 0.1987000E+04  0.6133046E-20
 0.1988000E+04  0.6127669E-20
 0.1989000E+04  0.6122300E-20
 0.1990000E+04  0.6116940E-20
 0.1991000E+04  0.6111589E-20
 0.1992000E+04  0.6106247E-20
 0.1993000E+04  0.6100915E-20
 0.1994000E+04  0.6095591E-20
 0.1995000E+04  0.6090277E-20
 0.1996000E+04  0.6084973E-20
 0.1997000E+04  0.6079678E-20
 0.1998000E+04  0.6074393E-20
 0.1999000E+04  0.6069118E-20
 0.2000000E+04  0.6063854E-20
 0.2001000E+04  0.6058599E-20
 0.2002000E+04  0.6053355E-20
 0.2003000E+04  0.6048121E-20
 0.2004000E+04  0.6042898E-20
 0.2005000E+04  0.6037686E-20
 0.2006000E+04  0.6032485E-20
 0.2007000E+04  0.6027295E-20
 0.2008000E+04  0.6022116E-20
 0.2009000E+04  0.6016948E-20
 0.2010000E+04  0.6011792E-20
 0.2011000E+04  0.6006647E-20
 0.2012000E+04  0.6001515E-20
 0.2013000E+04  0.5996394E-20
 0.2014000E+04  0.5991285E-20
 0.2015000E+04  0.5986188E-20
 0.2016000E+04  0.5981104E-20
 0.2017000E+04  0.5976032E-20
 0.2018000E+04  0.5970973E-20
 0.2019000E+04  0.5965926E-20
 0.2020000E+04  0.5960892E-20
 0.2021000E+04  0.5955871E-20
 0.2022000E+04  0.5950864E-20
 0.2023000E+04  0.5945869E-20
 0.2024000E+04  0.5940888E-20
 0.2025000E+04  0.5935921E-20
 0.2026000E+04  0.5930967E-20
 0.2027000E+04  0.5926026E-20
 0.2028000E+04  0.5921100E-20
 0.2029000E+04  0.5916187E-20
 0.2030000E+04  0.5911289E-20
 0.2031000E+04  0.5906405E-20
 0.2032000E+04  0.5901535E-20
 0.2033000E+04  0.5896679E-20
 0.2034000E+04  0.5891838E-20
 0.2035000E+04  0.5887012E-20
 0.2036000E+04  0.5882201E-20
 0.2037000E+04  0.5877404E-20
 0.2038000E+04  0.5872622E-20
 0.2039000E+04  0.5867855E-20
 0.2040000E+04  0.5863103E-20
 0.2041000E+04  0.5858367E-20
 0.2042000E+04  0.5853646E-20
 0.2043000E+04  0.5848940E-20
 0.2044000E+04  0.5844250E-20
 0.2045000E+04  0.5839575E-20
 0.2046000E+04  0.5834915E-20
 0.2047000E+04  0.5830272E-20
 0.2048000E+04  0.5825644E-20
 0.2049000E+04  0.5821032E-20
 0.2050000E+04  0.5816435E-20
 0.2051000E+04  0.5811855E-20
 0.2052000E+04  0.5807291E-20
 0.2053000E+04  0.5802742E-20
 0.2054000E+04  0.5798210E-20
 0.2055000E+04  0.5793694E-20
 0.2056000E+04  0.5789194E-20
 0.2057000E+04  0.5784710E-20
 0.2058000E+04  0.5780242E-20
 0.2059000E+04  0.5775791E-20
 0.2060000E+04  0.5771355E-20
 0.2061000E+04  0.5766936E-20
 0.2062000E+04  0.5762534E-20
 0.2063000E+04  0.5758147E-20
 0.2064000E+04  0.5753777E-20
 0.2065000E+04  0.5749423E-20
 0.2066000E+04  0.5745086E-20
 0.2067000E+04  0.5740765E-20
 0.2068000E+04  0.5736460E-20
 0.2069000E+04  0.5732172E-20
 0.2070000E+04  0.5727899E-20
 0.2071000E+04  0.5723644E-20
 0.2072000E+04  0.5719404E-20
 0.2073000E+04  0.5715180E-20
 0.2074000E+04  0.5710973E-20
 0.2075000E+04  0.5706782E-20
 0.2076000E+04  0.5702607E-20
 0.2077000E+04  0.5698449E-20
 0.2078000E+04  0.5694306E-20
 0.2079000E+04  0.5690179E-20
 0.2080000E+04  0.5686069E-20
 0.2081000E+04  0.5681974E-20
 0.2082000E+04  0.5677895E-20
 0.2083000E+04  0.5673832E-20
 0.2084000E+04  0.5669785E-20
 0.2085000E+04  0.5665753E-20
 0.2086000E+04  0.5661738E-20
 0.2087000E+04  0.5657737E-20
 0.2088000E+04  0.5653752E-20
 0.2089000E+04  0.5649783E-20
 0.2090000E+04  0.5645829E-20
 0.2091000E+04  0.5641891E-20
 0.2092000E+04  0.5637967E-20
 0.2093000E+04  0.5634059E-20
 0.2094000E+04  0.5630166E-20
 0.2095000E+04  0.5626287E-20
 0.2096000E+04  0.5622424E-20
 0.2097000E+04  0.5618575E-20
 0.2098000E+04  0.5614741E-20
 0.2099000E+04  0.5610922E-20
 0.2100000E+04  0.5607117E-20
 0.2101000E+04  0.5603327E-20
 0.2102000E+04  0.5599550E-20
 0.2103000E+04  0.5595788E-20
 0.2104000E+04  0.5592040E-20
 0.2105000E+04  0.5588307E-20
 0.2106000E+04  0.5584587E-20
 0.2107000E+04  0.5580880E-20
 0.2108000E+04  0.5577188E-20
 0.2109000E+04  0.5573509E-20
 0.2110000E+04  0.5569843E-20
 0.2111000E+04  0.5566191E-20
 0.2112000E+04  0.5562552E-20
 0.2113000E+04  0.5558926E-20
 0.2114000E+04  0.5555313E-20
 0.2115000E+04  0.5551712E-20
 0.2116000E+04  0.5548125E-20
 0.2117000E+04  0.5544550E-20
 0.2118000E+04  0.5540988E-20
 0.2119000E+04  0.5537438E-20
 0.2120000E+04  0.5533900E-20
 0.2121000E+04  0.5530375E-20
 0.2122000E+04  0.5526861E-20
 0.2123000E+04  0.5523360E-20
 0.2124000E+04  0.5519870E-20
 0.2125000E+04  0.5516392E-20
 0.2126000E+04  0.5512925E-20
 0.2127000E+04  0.5509470E-20
 0.2128000E+04  0.5506026E-20
 0.2129000E+04  0.5502594E-20
 0.2130000E+04  0.5499172E-20
 0.2131000E+04  0.5495761E-20
 0.2132000E+04  0.5492361E-20
 0.2133000E+04  0.5488972E-20
 0.2134000E+04  0.5485593E-20
 0.2135000E+04  0.5482225E-20
 0.2136000E+04  0.5478867E-20
 0.2137000E+04  0.5475519E-20
 0.2138000E+04  0.5472181E-20
 0.2139000E+04  0.5468854E-20
 0.2140000E+04  0.5465536E-20
 0.2141000E+04  0.5462227E-20
 0.2142000E+04  0.5458928E-20
 0.2143000E+04  0.5455639E-20
 0.2144000E+04  0.5452359E-20
 0.2145000E+04  0.5449088E-20
 0.2146000E+04  0.5445826E-20
 0.2147000E+04  0.5442574E-20
 0.2148000E+04  0.5439330E-20
 0.2149000E+04  0.5436094E-20
 0.2150000E+04  0.5432867E-20
 0.2151000E+04  0.5429649E-20
 0.2152000E+04  0.5426439E-20
 0.2153000E+04  0.5423237E-20
 0.2154000E+04  0.5420043E-20
 0.2155000E+04  0.5416857E-20
 0.2156000E+04  0.5413679E-20
 0.2157000E+04  0.5410509E-20
 0.2158000E+04  0.5407346E-20
 0.2159000E+04  0.5404190E-20
 0.2160000E+04  0.5401042E-20
 0.2161000E+04  0.5397901E-20
 0.2162000E+04  0.5394767E-20
 0.2163000E+04  0.5391640E-20
 0.2164000E+04  0.5388520E-20
 0.2165000E+04  0.5385406E-20
 0.2166000E+04  0.5382299E-20
 0.2167000E+04  0.5379199E-20
 0.2168000E+04  0.5376104E-20
 0.2169000E+04  0.5373016E-20
 0.2170000E+04  0.5369934E-20
 0.2171000E+04  0.5366858E-20
 0.2172000E+04  0.5363787E-20
 0.2173000E+04  0.5360722E-20
 0.2174000E+04  0.5357663E-20
 0.2175000E+04  0.5354609E-20
 0.2176000E+04  0.5351560E-20
 0.2177000E+04  0.5348517E-20
 0.2178000E+04  0.5345478E-20
 0.2179000E+04  0.5342445E-20
 0.2180000E+04  0.5339416E-20
 0.2181000E+04  0.5336392E-20
 0.2182000E+04  0.5333372E-20
 0.2183000E+04  0.5330357E-20
 0.2184000E+04  0.5327346E-20
 0.2185000E+04  0.5324339E-20
 0.2186000E+04  0.5321336E-20
 0.2187000E+04  0.5318337E-20
 0.2188000E+04  0.5315342E-20
 0.2189000E+04  0.5312351E-20
 0.2190000E+04  0.5309363E-20
 0.2191000E+04  0.5306379E-20
 0.2192000E+04  0.5303399E-20
 0.2193000E+04  0.5300421E-20
 0.2194000E+04  0.5297447E-20
 0.2195000E+04  0.5294475E-20
 0.2196000E+04  0.5291507E-20
 0.2197000E+04  0.5288541E-20
 0.2198000E+04  0.5285578E-20
 0.2199000E+04  0.5282618E-20
 0.2200000E+04  0.5279660E-20
 0.2201000E+04  0.5276705E-20
 0.2202000E+04  0.5273752E-20
 0.2203000E+04  0.5270801E-20
 0.2204000E+04  0.5267853E-20
 0.2205000E+04  0.5264906E-20
 0.2206000E+04  0.5261962E-20
 0.2207000E+04  0.5259019E-20
 0.2208000E+04  0.5256078E-20
 0.2209000E+04  0.5253138E-20
 0.2210000E+04  0.5250201E-20
 0.2211000E+04  0.5247265E-20
 0.2212000E+04  0.5244330E-20
 0.2213000E+04  0.5241396E-20
 0.2214000E+04  0.5238464E-20
 0.2215000E+04  0.5235533E-20
 0.2216000E+04  0.5232604E-20
 0.2217000E+04  0.5229675E-20
 0.2218000E+04  0.5226747E-20
 0.2219000E+04  0.5223820E-20
 0.2220000E+04  0.5220894E-20
 0.2221000E+04  0.5217969E-20
 0.2222000E+04  0.5215045E-20
 0.2223000E+04  0.5212121E-20
 0.2224000E+04  0.5209198E-20
 0.2225000E+04  0.5206275E-20
 0.2226000E+04  0.5203353E-20
 0.2227000E+04  0.5200431E-20
 0.2228000E+04  0.5197510E-20
 0.2229000E+04  0.5194589E-20
 0.2230000E+04  0.5191668E-20
 0.2231000E+04  0.5188747E-20
 0.2232000E+04  0.5185827E-20
 0.2233000E+04  0.5182907E-20
 0.2234000E+04  0.5179987E-20
 0.2235000E+04  0.5177067E-20
 0.2236000E+04  0.5174147E-20
 0.2237000E+04  0.5171227E-20
 0.2238000E+04  0.5168307E-20
 0.2239000E+04  0.5165387E-20
 0.2240000E+04  0.5162467E-20
 0.2241000E+04  0.5159547E-20
 0.2242000E+04  0.5156627E-20
 0.2243000E+04  0.5153706E-20
 0.2244000E+04  0.5150785E-20
 0.2245000E+04  0.5147864E-20
 0.2246000E+04  0.5144943E-20
 0.2247000E+04  0.5142022E-20
 0.2248000E+04  0.5139100E-20
 0.2249000E+04  0.5136178E-20
 0.2250000E+04  0.5133256E-20
 0.2251000E+04  0.5130333E-20
 0.2252000E+04  0.5127410E-20
 0.2253000E+04  0.5124487E-20
 0.2254000E+04  0.5121563E-20
 0.2255000E+04  0.5118640E-20
 0.2256000E+04  0.5115715E-20
 0.2257000E+04  0.5112791E-20
 0.2258000E+04  0.5109866E-20
 0.2259000E+04  0.5106941E-20
 0.2260000E+04  0.5104015E-20
 0.2261000E+04  0.5101089E-20
 0.2262000E+04  0.5098163E-20
 0.2263000E+04  0.5095237E-20
 0.2264000E+04  0.5092310E-20
 0.2265000E+04  0.5089383E-20
 0.2266000E+04  0.5086456E-20
 0.2267000E+04  0.5083528E-20
 0.2268000E+04  0.5080601E-20
 0.2269000E+04  0.5077673E-20
 0.2270000E+04  0.5074744E-20
 0.2271000E+04  0.5071816E-20
 0.2272000E+04  0.5068888E-20
 0.2273000E+04  0.5065959E-20
 0.2274000E+04  0.5063031E-20
 0.2275000E+04  0.5060102E-20
 0.2276000E+04  0.5057173E-20
 0.2277000E+04  0.5054244E-20
 0.2278000E+04  0.5051316E-20
 0.2279000E+04  0.5048387E-20
 0.2280000E+04  0.5045459E-20
 0.2281000E+04  0.5042530E-20
 0.2282000E+04  0.5039602E-20
 0.2283000E+04  0.5036674E-20
 0.2284000E+04  0.5033747E-20
 0.2285000E+04  0.5030819E-20
 0.2286000E+04  0.5027892E-20
 0.2287000E+04  0.5024966E-20
 0.2288000E+04  0.5022040E-20
 0.2289000E+04  0.5019114E-20
 0.2290000E+04  0.5016189E-20
 0.2291000E+04  0.5013265E-20
 0.2292000E+04  0.5010341E-20
 0.2293000E+04  0.5007418E-20
 0.2294000E+04  0.5004496E-20
 0.2295000E+04  0.5001575E-20
 0.2296000E+04  0.4998655E-20
 0.2297000E+04  0.4995735E-20
 0.2298000E+04  0.4992817E-20
 0.2299000E+04  0.4989900E-20
 0.2300000E+04  0.4986984E-20
 0.2301000E+04  0.4984069E-20
 0.2302000E+04  0.4981156E-20
 0.2303000E+04  0.4978243E-20
 0.2304000E+04  0.4975333E-20
 0.2305000E+04  0.4972424E-20
 0.2306000E+04  0.4969516E-20
 0.2307000E+04  0.4966611E-20
 0.2308000E+04  0.4963707E-20
 0.2309000E+04  0.4960805E-20
 0.2310000E+04  0.4957904E-20
 0.2311000E+04  0.4955006E-20
 0.2312000E+04  0.4952110E-20
 0.2313000E+04  0.4949216E-20
 0.2314000E+04  0.4946324E-20
 0.2315000E+04  0.4943435E-20
 0.2316000E+04  0.4940548E-20
 0.2317000E+04  0.4937664E-20
 0.2318000E+04  0.4934782E-20
 0.2319000E+04  0.4931903E-20
 0.2320000E+04  0.4929026E-20
 0.2321000E+04  0.4926152E-20
 0.2322000E+04  0.4923282E-20
 0.2323000E+04  0.4920414E-20
 0.2324000E+04  0.4917549E-20
 0.2325000E+04  0.4914688E-20
 0.2326000E+04  0.4911829E-20
 0.2327000E+04  0.4908975E-20
 0.2328000E+04  0.4906123E-20
 0.2329000E+04  0.4903275E-20
 0.2330000E+04  0.4900430E-20
 0.2331000E+04  0.4897590E-20
 0.2332000E+04  0.4894753E-20
 0.2333000E+04  0.4891919E-20
 0.2334000E+04  0.4889090E-20
 0.2335000E+04  0.4886265E-20
 0.2336000E+04  0.4883443E-20
 0.2337000E+04  0.4880626E-20
 0.2338000E+04  0.4877813E-20
 0.2339000E+04  0.4875004E-20
 0.2340000E+04  0.4872200E-20
 0.2341000E+04  0.4869400E-20
 0.2342000E+04  0.4866604E-20
 0.2343000E+04  0.4863814E-20
 0.2344000E+04  0.4861027E-20
 0.2345000E+04  0.4858246E-20
 0.2346000E+04  0.4855469E-20
 0.2347000E+04  0.4852697E-20
 0.2348000E+04  0.4849930E-20
 0.2349000E+04  0.4847167E-20
 0.2350000E+04  0.4844410E-20
 0.2351000E+04  0.4841658E-20
 0.2352000E+04  0.4838911E-20
 0.2353000E+04  0.4836169E-20
 0.2354000E+04  0.4833433E-20
 0.2355000E+04  0.4830701E-20
 0.2356000E+04  0.4827975E-20
 0.2357000E+04  0.4825254E-20
 0.2358000E+04  0.4822539E-20
 0.2359000E+04  0.4819829E-20
 0.2360000E+04  0.4817125E-20
 0.2361000E+04  0.4814426E-20
 0.2362000E+04  0.4811732E-20
 0.2363000E+04  0.4809044E-20
 0.2364000E+04  0.4806362E-20
 0.2365000E+04  0.4803685E-20
 0.2366000E+04  0.4801014E-20
 0.2367000E+04  0.4798349E-20
 0.2368000E+04  0.4795689E-20
 0.2369000E+04  0.4793035E-20
 0.2370000E+04  0.4790386E-20
 0.2371000E+04  0.4787743E-20
 0.2372000E+04  0.4785106E-20
 0.2373000E+04  0.4782474E-20
 0.2374000E+04  0.4779849E-20
 0.2375000E+04  0.4777228E-20
 0.2376000E+04  0.4774614E-20
 0.2377000E+04  0.4772005E-20
 0.2378000E+04  0.4769401E-20
 0.2379000E+04  0.4766804E-20
 0.2380000E+04  0.4764211E-20
 0.2381000E+04  0.4761625E-20
 0.2382000E+04  0.4759043E-20
 0.2383000E+04  0.4756468E-20
 0.2384000E+04  0.4753898E-20
 0.2385000E+04  0.4751333E-20
 0.2386000E+04  0.4748773E-20
 0.2387000E+04  0.4746219E-20
 0.2388000E+04  0.4743671E-20
 0.2389000E+04  0.4741127E-20
 0.2390000E+04  0.4738589E-20
 0.2391000E+04  0.4736056E-20
 0.2392000E+04  0.4733528E-20
 0.2393000E+04  0.4731005E-20
 0.2394000E+04  0.4728487E-20
 0.2395000E+04  0.4725974E-20
 0.2396000E+04  0.4723466E-20
 0.2397000E+04  0.4720962E-20
 0.2398000E+04  0.4718464E-20
 0.2399000E+04  0.4715970E-20
 0.2400000E+04  0.4713480E-20
 0.2401000E+04  0.4710995E-20
 0.2402000E+04  0.4708515E-20
 0.2403000E+04  0.4706039E-20
 0.2404000E+04  0.4703567E-20
 0.2405000E+04  0.4701099E-20
 0.2406000E+04  0.4698636E-20
 0.2407000E+04  0.4696176E-20
 0.2408000E+04  0.4693720E-20
 0.2409000E+04  0.4691269E-20
 0.2410000E+04  0.4688821E-20
 0.2411000E+04  0.4686376E-20
 0.2412000E+04  0.4683936E-20
 0.2413000E+04  0.4681498E-20
 0.2414000E+04  0.4679065E-20
 0.2415000E+04  0.4676634E-20
 0.2416000E+04  0.4674206E-20
 0.2417000E+04  0.4671782E-20
 0.2418000E+04  0.4669361E-20
 0.2419000E+04  0.4666942E-20
 0.2420000E+04  0.4664526E-20
 0.2421000E+04  0.4662113E-20
 0.2422000E+04  0.4659703E-20
 0.2423000E+04  0.4657295E-20
 0.2424000E+04  0.4654889E-20
 0.2425000E+04  0.4652486E-20
 0.2426000E+04  0.4650084E-20
 0.2427000E+04  0.4647685E-20
 0.2428000E+04  0.4645287E-20
 0.2429000E+04  0.4642892E-20
 0.2430000E+04  0.4640498E-20
 0.2431000E+04  0.4638105E-20
 0.2432000E+04  0.4635714E-20
 0.2433000E+04  0.4633325E-20
 0.2434000E+04  0.4630936E-20
 0.2435000E+04  0.4628549E-20
 0.2436000E+04  0.4626163E-20
 0.2437000E+04  0.4623777E-20
 0.2438000E+04  0.4621392E-20
 0.2439000E+04  0.4619008E-20
 0.2440000E+04  0.4616625E-20
 0.2441000E+04  0.4614241E-20
 0.2442000E+04  0.4611858E-20
 0.2443000E+04  0.4609476E-20
 0.2444000E+04  0.4607093E-20
 0.2445000E+04  0.4604710E-20
 0.2446000E+04  0.4602327E-20
 0.2447000E+04  0.4599944E-20
 0.2448000E+04  0.4597560E-20
 0.2449000E+04  0.4595175E-20
 0.2450000E+04  0.4592790E-20
 0.2451000E+04  0.4590404E-20
 0.2452000E+04  0.4588017E-20
 0.2453000E+04  0.4585629E-20
 0.2454000E+04  0.4583240E-20
 0.2455000E+04  0.4580850E-20
 0.2456000E+04  0.4578458E-20
 0.2457000E+04  0.4576064E-20
 0.2458000E+04  0.4573669E-20
 0.2459000E+04  0.4571272E-20
 0.2460000E+04  0.4568874E-20
 0.2461000E+04  0.4566473E-20
 0.2462000E+04  0.4564070E-20
 0.2463000E+04  0.4561664E-20
 0.2464000E+04  0.4559256E-20
 0.2465000E+04  0.4556846E-20
 0.2466000E+04  0.4554433E-20
 0.2467000E+04  0.4552018E-20
 0.2468000E+04  0.4549599E-20
 0.2469000E+04  0.4547178E-20
 0.2470000E+04  0.4544753E-20
 0.2471000E+04  0.4542325E-20
 0.2472000E+04  0.4539894E-20
 0.2473000E+04  0.4537460E-20
 0.2474000E+04  0.4535022E-20
 0.2475000E+04  0.4532580E-20
 0.2476000E+04  0.4530134E-20
 0.2477000E+04  0.4527685E-20
 0.2478000E+04  0.4525232E-20
 0.2479000E+04  0.4522774E-20
 0.2480000E+04  0.4520312E-20
 0.2481000E+04  0.4517847E-20
 0.2482000E+04  0.4515376E-20
 0.2483000E+04  0.4512901E-20
 0.2484000E+04  0.4510422E-20
 0.2485000E+04  0.4507938E-20
 0.2486000E+04  0.4505449E-20
 0.2487000E+04  0.4502955E-20
 0.2488000E+04  0.4500456E-20
 0.2489000E+04  0.4497952E-20
 0.2490000E+04  0.4495443E-20
 0.2491000E+04  0.4492929E-20
 0.2492000E+04  0.4490409E-20
 0.2493000E+04  0.4487884E-20
 0.2494000E+04  0.4485354E-20
 0.2495000E+04  0.4482817E-20
 0.2496000E+04  0.4480275E-20
 0.2497000E+04  0.4477728E-20
 0.2498000E+04  0.4475174E-20
 0.2499000E+04  0.4472614E-20
 0.2500000E+04  0.4470049E-20
 0.2501000E+04  0.4467477E-20
 0.2502000E+04  0.4464899E-20
 0.2503000E+04  0.4462315E-20
 0.2504000E+04  0.4459724E-20
 0.2505000E+04  0.4457127E-20
 0.2506000E+04  0.4454524E-20
 0.2507000E+04  0.4451914E-20
 0.2508000E+04  0.4449298E-20
 0.2509000E+04  0.4446675E-20
 0.2510000E+04  0.4444045E-20
 0.2511000E+04  0.4441408E-20
 0.2512000E+04  0.4438765E-20
 0.2513000E+04  0.4436114E-20
 0.2514000E+04  0.4433457E-20
 0.2515000E+04  0.4430793E-20
 0.2516000E+04  0.4428122E-20
 0.2517000E+04  0.4425444E-20
 0.2518000E+04  0.4422758E-20
 0.2519000E+04  0.4420066E-20
 0.2520000E+04  0.4417366E-20
 0.2521000E+04  0.4414659E-20
 0.2522000E+04  0.4411945E-20
 0.2523000E+04  0.4409224E-20
 0.2524000E+04  0.4406496E-20
 0.2525000E+04  0.4403760E-20
 0.2526000E+04  0.4401017E-20
 0.2527000E+04  0.4398266E-20
 0.2528000E+04  0.4395509E-20
 0.2529000E+04  0.4392744E-20
 0.2530000E+04  0.4389971E-20
 0.2531000E+04  0.4387192E-20
 0.2532000E+04  0.4384405E-20
 0.2533000E+04  0.4381610E-20
 0.2534000E+04  0.4378809E-20
 0.2535000E+04  0.4376000E-20
 0.2536000E+04  0.4373184E-20
 0.2537000E+04  0.4370360E-20
 0.2538000E+04  0.4367530E-20
 0.2539000E+04  0.4364692E-20
 0.2540000E+04  0.4361847E-20
 0.2541000E+04  0.4358994E-20
 0.2542000E+04  0.4356135E-20
 0.2543000E+04  0.4353269E-20
 0.2544000E+04  0.4350395E-20
 0.2545000E+04  0.4347515E-20
 0.2546000E+04  0.4344627E-20
 0.2547000E+04  0.4341733E-20
 0.2548000E+04  0.4338832E-20
 0.2549000E+04  0.4335924E-20
 0.2550000E+04  0.4333009E-20
 0.2551000E+04  0.4330088E-20
 0.2552000E+04  0.4327160E-20
 0.2553000E+04  0.4324226E-20
 0.2554000E+04  0.4321285E-20
 0.2555000E+04  0.4318337E-20
 0.2556000E+04  0.4315384E-20
 0.2557000E+04  0.4312424E-20
 0.2558000E+04  0.4309458E-20
 0.2559000E+04  0.4306486E-20
 0.2560000E+04  0.4303508E-20
 0.2561000E+04  0.4300524E-20
 0.2562000E+04  0.4297535E-20
 0.2563000E+04  0.4294540E-20
 0.2564000E+04  0.4291539E-20
 0.2565000E+04  0.4288533E-20
 0.2566000E+04  0.4285521E-20
 0.2567000E+04  0.4282504E-20
 0.2568000E+04  0.4279482E-20
 0.2569000E+04  0.4276455E-20
 0.2570000E+04  0.4273423E-20
 0.2571000E+04  0.4270387E-20
 0.2572000E+04  0.4267345E-20
 0.2573000E+04  0.4264299E-20
 0.2574000E+04  0.4261249E-20
 0.2575000E+04  0.4258195E-20
 0.2576000E+04  0.4255136E-20
 0.2577000E+04  0.4252073E-20
 0.2578000E+04  0.4249007E-20
 0.2579000E+04  0.4245936E-20
 0.2580000E+04  0.4242863E-20
 0.2581000E+04  0.4239785E-20
 0.2582000E+04  0.4236705E-20
 0.2583000E+04  0.4233621E-20
 0.2584000E+04  0.4230534E-20
 0.2585000E+04  0.4227444E-20
 0.2586000E+04  0.4224352E-20
 0.2587000E+04  0.4221257E-20
 0.2588000E+04  0.4218159E-20
 0.2589000E+04  0.4215060E-20
 0.2590000E+04  0.4211958E-20
 0.2591000E+04  0.4208854E-20
 0.2592000E+04  0.4205749E-20
 0.2593000E+04  0.4202642E-20
 0.2594000E+04  0.4199533E-20
 0.2595000E+04  0.4196423E-20
 0.2596000E+04  0.4193312E-20
 0.2597000E+04  0.4190200E-20
 0.2598000E+04  0.4187087E-20
 0.2599000E+04  0.4183974E-20
 0.2600000E+04  0.4180860E-20
 0.2601000E+04  0.4177746E-20
 0.2602000E+04  0.4174631E-20
 0.2603000E+04  0.4171517E-20
 0.2604000E+04  0.4168403E-20
 0.2605000E+04  0.4165289E-20
 0.2606000E+04  0.4162176E-20
 0.2607000E+04  0.4159063E-20
 0.2608000E+04  0.4155951E-20
 0.2609000E+04  0.4152841E-20
 0.2610000E+04  0.4149731E-20
 0.2611000E+04  0.4146623E-20
 0.2612000E+04  0.4143517E-20
 0.2613000E+04  0.4140412E-20
 0.2614000E+04  0.4137309E-20
 0.2615000E+04  0.4134208E-20
 0.2616000E+04  0.4131109E-20
 0.2617000E+04  0.4128013E-20
 0.2618000E+04  0.4124919E-20
 0.2619000E+04  0.4121828E-20
 0.2620000E+04  0.4118740E-20
 0.2621000E+04  0.4115654E-20
 0.2622000E+04  0.4112572E-20
 0.2623000E+04  0.4109493E-20
 0.2624000E+04  0.4106418E-20
 0.2625000E+04  0.4103346E-20
 0.2626000E+04  0.4100278E-20
 0.2627000E+04  0.4097213E-20
 0.2628000E+04  0.4094153E-20
 0.2629000E+04  0.4091097E-20
 0.2630000E+04  0.4088045E-20
 0.2631000E+04  0.4084998E-20
 0.2632000E+04  0.4081955E-20
 0.2633000E+04  0.4078917E-20
 0.2634000E+04  0.4075884E-20
 0.2635000E+04  0.4072856E-20
 0.2636000E+04  0.4069833E-20
 0.2637000E+04  0.4066816E-20
 0.2638000E+04  0.4063803E-20
 0.2639000E+04  0.4060796E-20
 0.2640000E+04  0.4057795E-20
 0.2641000E+04  0.4054800E-20
 0.2642000E+04  0.4051810E-20
 0.2643000E+04  0.4048827E-20
 0.2644000E+04  0.4045849E-20
 0.2645000E+04  0.4042878E-20
 0.2646000E+04  0.4039913E-20
 0.2647000E+04  0.4036955E-20
 0.2648000E+04  0.4034003E-20
 0.2649000E+04  0.4031058E-20
 0.2650000E+04  0.4028120E-20
 0.2651000E+04  0.4025188E-20
 0.2652000E+04  0.4022264E-20
 0.2653000E+04  0.4019346E-20
 0.2654000E+04  0.4016436E-20
 0.2655000E+04  0.4013533E-20
 0.2656000E+04  0.4010638E-20
 0.2657000E+04  0.4007750E-20
 0.2658000E+04  0.4004869E-20
 0.2659000E+04  0.4001996E-20
 0.2660000E+04  0.3999131E-20
 0.2661000E+04  0.3996274E-20
 0.2662000E+04  0.3993424E-20
 0.2663000E+04  0.3990583E-20
 0.2664000E+04  0.3987749E-20
 0.2665000E+04  0.3984924E-20
 0.2666000E+04  0.3982106E-20
 0.2667000E+04  0.3979297E-20
 0.2668000E+04  0.3976497E-20
 0.2669000E+04  0.3973704E-20
 0.2670000E+04  0.3970920E-20
 0.2671000E+04  0.3968145E-20
 0.2672000E+04  0.3965378E-20
 0.2673000E+04  0.3962620E-20
 0.2674000E+04  0.3959870E-20
 0.2675000E+04  0.3957129E-20
 0.2676000E+04  0.3954397E-20
 0.2677000E+04  0.3951673E-20
 0.2678000E+04  0.3948958E-20
 0.2679000E+04  0.3946252E-20
 0.2680000E+04  0.3943555E-20
 0.2681000E+04  0.3940867E-20
 0.2682000E+04  0.3938187E-20
 0.2683000E+04  0.3935517E-20
 0.2684000E+04  0.3932855E-20
 0.2685000E+04  0.3930202E-20
 0.2686000E+04  0.3927559E-20
 0.2687000E+04  0.3924924E-20
 0.2688000E+04  0.3922298E-20
 0.2689000E+04  0.3919682E-20
 0.2690000E+04  0.3917074E-20
 0.2691000E+04  0.3914475E-20
 0.2692000E+04  0.3911886E-20
 0.2693000E+04  0.3909305E-20
 0.2694000E+04  0.3906733E-20
 0.2695000E+04  0.3904170E-20
 0.2696000E+04  0.3901617E-20
 0.2697000E+04  0.3899072E-20
 0.2698000E+04  0.3896536E-20
 0.2699000E+04  0.3894009E-20
 0.2700000E+04  0.3891491E-20
 0.2701000E+04  0.3888982E-20
 0.2702000E+04  0.3886482E-20
 0.2703000E+04  0.3883990E-20
 0.2704000E+04  0.3881508E-20
 0.2705000E+04  0.3879034E-20
 0.2706000E+04  0.3876569E-20
 0.2707000E+04  0.3874112E-20
 0.2708000E+04  0.3871664E-20
 0.2709000E+04  0.3869225E-20
 0.2710000E+04  0.3866795E-20
 0.2711000E+04  0.3864372E-20
 0.2712000E+04  0.3861959E-20
 0.2713000E+04  0.3859553E-20
 0.2714000E+04  0.3857157E-20
 0.2715000E+04  0.3854768E-20
 0.2716000E+04  0.3852388E-20
 0.2717000E+04  0.3850016E-20
 0.2718000E+04  0.3847652E-20
 0.2719000E+04  0.3845296E-20
 0.2720000E+04  0.3842948E-20
 0.2721000E+04  0.3840608E-20
 0.2722000E+04  0.3838275E-20
 0.2723000E+04  0.3835951E-20
 0.2724000E+04  0.3833634E-20
 0.2725000E+04  0.3831325E-20
 0.2726000E+04  0.3829023E-20
 0.2727000E+04  0.3826729E-20
 0.2728000E+04  0.3824442E-20
 0.2729000E+04  0.3822163E-20
 0.2730000E+04  0.3819891E-20
 0.2731000E+04  0.3817625E-20
 0.2732000E+04  0.3815367E-20
 0.2733000E+04  0.3813116E-20
 0.2734000E+04  0.3810871E-20
 0.2735000E+04  0.3808634E-20
 0.2736000E+04  0.3806402E-20
 0.2737000E+04  0.3804178E-20
 0.2738000E+04  0.3801959E-20
 0.2739000E+04  0.3799747E-20
 0.2740000E+04  0.3797541E-20
 0.2741000E+04  0.3795342E-20
 0.2742000E+04  0.3793148E-20
 0.2743000E+04  0.3790960E-20
 0.2744000E+04  0.3788777E-20
 0.2745000E+04  0.3786600E-20
 0.2746000E+04  0.3784429E-20
 0.2747000E+04  0.3782263E-20
 0.2748000E+04  0.3780102E-20
 0.2749000E+04  0.3777946E-20
 0.2750000E+04  0.3775795E-20
 0.2751000E+04  0.3773649E-20
 0.2752000E+04  0.3771508E-20
 0.2753000E+04  0.3769371E-20
 0.2754000E+04  0.3767238E-20
 0.2755000E+04  0.3765110E-20
 0.2756000E+04  0.3762985E-20
 0.2757000E+04  0.3760865E-20
 0.2758000E+04  0.3758748E-20
 0.2759000E+04  0.3756636E-20
 0.2760000E+04  0.3754526E-20
 0.2761000E+04  0.3752420E-20
 0.2762000E+04  0.3750317E-20
 0.2763000E+04  0.3748217E-20
 0.2764000E+04  0.3746120E-20
 0.2765000E+04  0.3744026E-20
 0.2766000E+04  0.3741935E-20
 0.2767000E+04  0.3739845E-20
 0.2768000E+04  0.3737758E-20
 0.2769000E+04  0.3735674E-20
 0.2770000E+04  0.3733591E-20
 0.2771000E+04  0.3731510E-20
 0.2772000E+04  0.3729430E-20
 0.2773000E+04  0.3727352E-20
 0.2774000E+04  0.3725276E-20
 0.2775000E+04  0.3723200E-20
 0.2776000E+04  0.3721126E-20
 0.2777000E+04  0.3719052E-20
 0.2778000E+04  0.3716979E-20
 0.2779000E+04  0.3714907E-20
 0.2780000E+04  0.3712834E-20
 0.2781000E+04  0.3710762E-20
 0.2782000E+04  0.3708691E-20
 0.2783000E+04  0.3706618E-20
 0.2784000E+04  0.3704546E-20
 0.2785000E+04  0.3702473E-20
 0.2786000E+04  0.3700400E-20
 0.2787000E+04  0.3698325E-20
 0.2788000E+04  0.3696250E-20
 0.2789000E+04  0.3694174E-20
 0.2790000E+04  0.3692096E-20
 0.2791000E+04  0.3690017E-20
 0.2792000E+04  0.3687936E-20
 0.2793000E+04  0.3685853E-20
 0.2794000E+04  0.3683769E-20
 0.2795000E+04  0.3681682E-20
 0.2796000E+04  0.3679593E-20
 0.2797000E+04  0.3677501E-20
 0.2798000E+04  0.3675407E-20
 0.2799000E+04  0.3673310E-20
 0.2800000E+04  0.3671209E-20
 0.2801000E+04  0.3669106E-20
 0.2802000E+04  0.3667000E-20
 0.2803000E+04  0.3664889E-20
 0.2804000E+04  0.3662776E-20
 0.2805000E+04  0.3660658E-20
 0.2806000E+04  0.3658536E-20
 0.2807000E+04  0.3656410E-20
 0.2808000E+04  0.3654280E-20
 0.2809000E+04  0.3652145E-20
 0.2810000E+04  0.3650006E-20
 0.2811000E+04  0.3647862E-20
 0.2812000E+04  0.3645713E-20
 0.2813000E+04  0.3643558E-20
 0.2814000E+04  0.3641399E-20
 0.2815000E+04  0.3639233E-20
 0.2816000E+04  0.3637063E-20
 0.2817000E+04  0.3634886E-20
 0.2818000E+04  0.3632704E-20
 0.2819000E+04  0.3630515E-20
 0.2820000E+04  0.3628320E-20
 0.2821000E+04  0.3626119E-20
 0.2822000E+04  0.3623911E-20
 0.2823000E+04  0.3621697E-20
 0.2824000E+04  0.3619476E-20
 0.2825000E+04  0.3617248E-20
 0.2826000E+04  0.3615013E-20
 0.2827000E+04  0.3612770E-20
 0.2828000E+04  0.3610520E-20
 0.2829000E+04  0.3608263E-20
 0.2830000E+04  0.3605998E-20
 0.2831000E+04  0.3603726E-20
 0.2832000E+04  0.3601446E-20
 0.2833000E+04  0.3599157E-20
 0.2834000E+04  0.3596861E-20
 0.2835000E+04  0.3594556E-20
 0.2836000E+04  0.3592243E-20
 0.2837000E+04  0.3589922E-20
 0.2838000E+04  0.3587592E-20
 0.2839000E+04  0.3585253E-20
 0.2840000E+04  0.3582906E-20
 0.2841000E+04  0.3580550E-20
 0.2842000E+04  0.3578184E-20
 0.2843000E+04  0.3575810E-20
 0.2844000E+04  0.3573427E-20
 0.2845000E+04  0.3571034E-20
 0.2846000E+04  0.3568632E-20
 0.2847000E+04  0.3566221E-20
 0.2848000E+04  0.3563800E-20
 0.2849000E+04  0.3561370E-20
 0.2850000E+04  0.3558930E-20
 0.2851000E+04  0.3556480E-20
 0.2852000E+04  0.3554020E-20
 0.2853000E+04  0.3551551E-20
 0.2854000E+04  0.3549072E-20
 0.2855000E+04  0.3546582E-20
 0.2856000E+04  0.3544083E-20
 0.2857000E+04  0.3541574E-20
 0.2858000E+04  0.3539054E-20
 0.2859000E+04  0.3536524E-20
 0.2860000E+04  0.3533984E-20
 0.2861000E+04  0.3531434E-20
 0.2862000E+04  0.3528873E-20
 0.2863000E+04  0.3526302E-20
 0.2864000E+04  0.3523721E-20
 0.2865000E+04  0.3521129E-20
 0.2866000E+04  0.3518527E-20
 0.2867000E+04  0.3515914E-20
 0.2868000E+04  0.3513290E-20
 0.2869000E+04  0.3510657E-20
 0.2870000E+04  0.3508012E-20
 0.2871000E+04  0.3505357E-20
 0.2872000E+04  0.3502691E-20
 0.2873000E+04  0.3500015E-20
 0.2874000E+04  0.3497328E-20
 0.2875000E+04  0.3494631E-20
 0.2876000E+04  0.3491923E-20
 0.2877000E+04  0.3489204E-20
 0.2878000E+04  0.3486475E-20
 0.2879000E+04  0.3483735E-20
 0.2880000E+04  0.3480984E-20
 0.2881000E+04  0.3478223E-20
 0.2882000E+04  0.3475452E-20
 0.2883000E+04  0.3472670E-20
 0.2884000E+04  0.3469877E-20
 0.2885000E+04  0.3467074E-20
 0.2886000E+04  0.3464260E-20
 0.2887000E+04  0.3461436E-20
 0.2888000E+04  0.3458602E-20
 0.2889000E+04  0.3455757E-20
 0.2890000E+04  0.3452902E-20
 0.2891000E+04  0.3450036E-20
 0.2892000E+04  0.3447161E-20
 0.2893000E+04  0.3444275E-20
 0.2894000E+04  0.3441379E-20
 0.2895000E+04  0.3438473E-20
 0.2896000E+04  0.3435556E-20
 0.2897000E+04  0.3432630E-20
 0.2898000E+04  0.3429694E-20
 0.2899000E+04  0.3426748E-20
 0.2900000E+04  0.3423792E-20
 0.2901000E+04  0.3420827E-20
 0.2902000E+04  0.3417851E-20
 0.2903000E+04  0.3414866E-20
 0.2904000E+04  0.3411872E-20
 0.2905000E+04  0.3408868E-20
 0.2906000E+04  0.3405854E-20
 0.2907000E+04  0.3402832E-20
 0.2908000E+04  0.3399799E-20
 0.2909000E+04  0.3396758E-20
 0.2910000E+04  0.3393708E-20
 0.2911000E+04  0.3390648E-20
 0.2912000E+04  0.3387580E-20
 0.2913000E+04  0.3384503E-20
 0.2914000E+04  0.3381416E-20
 0.2915000E+04  0.3378322E-20
 0.2916000E+04  0.3375218E-20
 0.2917000E+04  0.3372106E-20
 0.2918000E+04  0.3368986E-20
 0.2919000E+04  0.3365857E-20
 0.2920000E+04  0.3362720E-20
 0.2921000E+04  0.3359575E-20
 0.2922000E+04  0.3356421E-20
 0.2923000E+04  0.3353260E-20
 0.2924000E+04  0.3350091E-20
 0.2925000E+04  0.3346914E-20
 0.2926000E+04  0.3343729E-20
 0.2927000E+04  0.3340537E-20
 0.2928000E+04  0.3337337E-20
 0.2929000E+04  0.3334131E-20
 0.2930000E+04  0.3330916E-20
 0.2931000E+04  0.3327695E-20
 0.2932000E+04  0.3324466E-20
 0.2933000E+04  0.3321231E-20
 0.2934000E+04  0.3317989E-20
 0.2935000E+04  0.3314740E-20
 0.2936000E+04  0.3311485E-20
 0.2937000E+04  0.3308223E-20
 0.2938000E+04  0.3304954E-20
 0.2939000E+04  0.3301680E-20
 0.2940000E+04  0.3298399E-20
 0.2941000E+04  0.3295112E-20
 0.2942000E+04  0.3291820E-20
 0.2943000E+04  0.3288521E-20
 0.2944000E+04  0.3285217E-20
 0.2945000E+04  0.3281907E-20
 0.2946000E+04  0.3278592E-20
 0.2947000E+04  0.3275272E-20
 0.2948000E+04  0.3271946E-20
 0.2949000E+04  0.3268616E-20
 0.2950000E+04  0.3265280E-20
 0.2951000E+04  0.3261940E-20
 0.2952000E+04  0.3258595E-20
 0.2953000E+04  0.3255245E-20
 0.2954000E+04  0.3251891E-20
 0.2955000E+04  0.3248532E-20
 0.2956000E+04  0.3245170E-20
 0.2957000E+04  0.3241803E-20
 0.2958000E+04  0.3238433E-20
 0.2959000E+04  0.3235058E-20
 0.2960000E+04  0.3231680E-20
 0.2961000E+04  0.3228299E-20
 0.2962000E+04  0.3224914E-20
 0.2963000E+04  0.3221526E-20
 0.2964000E+04  0.3218134E-20
 0.2965000E+04  0.3214740E-20
 0.2966000E+04  0.3211343E-20
 0.2967000E+04  0.3207943E-20
 0.2968000E+04  0.3204541E-20
 0.2969000E+04  0.3201136E-20
 0.2970000E+04  0.3197729E-20
 0.2971000E+04  0.3194319E-20
 0.2972000E+04  0.3190908E-20
 0.2973000E+04  0.3187495E-20
 0.2974000E+04  0.3184080E-20
 0.2975000E+04  0.3180663E-20
 0.2976000E+04  0.3177246E-20
 0.2977000E+04  0.3173826E-20
 0.2978000E+04  0.3170406E-20
 0.2979000E+04  0.3166985E-20
 0.2980000E+04  0.3163563E-20
 0.2981000E+04  0.3160140E-20
 0.2982000E+04  0.3156716E-20
 0.2983000E+04  0.3153293E-20
 0.2984000E+04  0.3149869E-20
 0.2985000E+04  0.3146445E-20
 0.2986000E+04  0.3143021E-20
 0.2987000E+04  0.3139597E-20
 0.2988000E+04  0.3136174E-20
 0.2989000E+04  0.3132752E-20
 0.2990000E+04  0.3129330E-20
 0.2991000E+04  0.3125909E-20
 0.2992000E+04  0.3122490E-20
 0.2993000E+04  0.3119071E-20
 0.2994000E+04  0.3115655E-20
 0.2995000E+04  0.3112240E-20
 0.2996000E+04  0.3108826E-20
 0.2997000E+04  0.3105415E-20
 0.2998000E+04  0.3102006E-20
 0.2999000E+04  0.3098599E-20
 0.3000000E+04  0.3095203E-20
