 0.2000000E+01  0.1154185E-08
 0.3000000E+01  0.2477983E-09
 0.4000000E+01  0.8444938E-10
 0.5000000E+01  0.3656154E-10
 0.6000000E+01  0.1838334E-10
 0.7000000E+01  0.1024848E-10
 0.8000000E+01  0.6163506E-11
 0.9000000E+01  0.3928856E-11
 0.1000000E+02  0.2622599E-11
 0.1100000E+02  0.1817499E-11
 0.1200000E+02  0.1299310E-11
 0.1300000E+02  0.9535167E-12
 0.1400000E+02  0.7155942E-12
 0.1500000E+02  0.5475359E-12
 0.1600000E+02  0.4260896E-12
 0.1700000E+02  0.3365569E-12
 0.1800000E+02  0.2693763E-12
 0.1900000E+02  0.2181695E-12
 0.2000000E+02  0.1785851E-12
 0.2100000E+02  0.1475946E-12
 0.2200000E+02  0.1230519E-12
 0.2300000E+02  0.1034111E-12
 0.2400000E+02  0.8754224E-13
 0.2500000E+02  0.7460795E-13
 0.2600000E+02  0.6398003E-13
 0.2700000E+02  0.5518180E-13
 0.2800000E+02  0.4784769E-13
 0.2900000E+02  0.4169463E-13
 0.3000000E+02  0.3650140E-13
 0.3100000E+02  0.3209368E-13
 0.3200000E+02  0.2833299E-13
 0.3300000E+02  0.2510855E-13
 0.3400000E+02  0.2233107E-13
 0.3500000E+02  0.1992817E-13
 0.3600000E+02  0.1784077E-13
 0.3700000E+02  0.1602040E-13
 0.3800000E+02  0.1442705E-13
 0.3900000E+02  0.1302755E-13
 0.4000000E+02  0.1179423E-13
 0.4100000E+02  0.1070396E-13
 0.4200000E+02  0.9737233E-14
 0.4300000E+02  0.8877621E-14
 0.4400000E+02  0.8111168E-14
 0.4500000E+02  0.7426002E-14
 0.4600000E+02  0.6811979E-14
 0.4700000E+02  0.6260402E-14
 0.4800000E+02  0.5763792E-14
 0.4900000E+02  0.5315695E-14
 0.5000000E+02  0.4910522E-14
 0.5100000E+02  0.4543425E-14
 0.5200000E+02  0.4210182E-14
 0.5300000E+02  0.3907107E-14
 0.5400000E+02  0.3630975E-14
 0.5500000E+02  0.3378957E-14
 0.5600000E+02  0.3148563E-14
 0.5700000E+02  0.2937601E-14
 0.5800000E+02  0.2744131E-14
 0.5900000E+02  0.2566438E-14
 0.6000000E+02  0.2402999E-14
 0.6100000E+02  0.2252460E-14
 0.6200000E+02  0.2113615E-14
 0.6300000E+02  0.1985388E-14
 0.6400000E+02  0.1866817E-14
 0.6500000E+02  0.1757039E-14
 0.6600000E+02  0.1655281E-14
 0.6700000E+02  0.1560849E-14
 0.6800000E+02  0.1473115E-14
 0.6900000E+02  0.1391517E-14
 0.7000000E+02  0.1315544E-14
 0.7100000E+02  0.1244737E-14
 0.7200000E+02  0.1178677E-14
 0.7300000E+02  0.1116986E-14
 0.7400000E+02  0.1059321E-14
 0.7500000E+02  0.1005370E-14
 0.7600000E+02  0.9548480E-15
 0.7700000E+02  0.9074954E-15
 0.7800000E+02  0.8630759E-15
 0.7900000E+02  0.8213730E-15
 0.8000000E+02  0.7821891E-15
 0.8100000E+02  0.7453428E-15
 0.8200000E+02  0.7106680E-15
 0.8300000E+02  0.6780122E-15
 0.8400000E+02  0.6472352E-15
 0.8500000E+02  0.6182082E-15
 0.8600000E+02  0.5908124E-15
 0.8700000E+02  0.5649386E-15
 0.8800000E+02  0.5404858E-15
 0.8900000E+02  0.5173609E-15
 0.9000000E+02  0.4954778E-15
 0.9100000E+02  0.4747568E-15
 0.9200000E+02  0.4551242E-15
 0.9300000E+02  0.4365118E-15
 0.9400000E+02  0.4188562E-15
 0.9500000E+02  0.4020985E-15
 0.9600000E+02  0.3861843E-15
 0.9700000E+02  0.3710626E-15
 0.9800000E+02  0.3566864E-15
 0.9900000E+02  0.3430116E-15
 0.1000000E+03  0.3299972E-15
 0.1010000E+03  0.3176052E-15
 0.1020000E+03  0.3057998E-15
 0.1030000E+03  0.2945478E-15
 0.1040000E+03  0.2838181E-15
 0.1050000E+03  0.2735818E-15
 0.1060000E+03  0.2638115E-15
 0.1070000E+03  0.2544818E-15
 0.1080000E+03  0.2455690E-15
 0.1090000E+03  0.2370507E-15
 0.1100000E+03  0.2289060E-15
 0.1110000E+03  0.2211151E-15
 0.1120000E+03  0.2136597E-15
 0.1130000E+03  0.2065224E-15
 0.1140000E+03  0.1996869E-15
 0.1150000E+03  0.1931379E-15
 0.1160000E+03  0.1868610E-15
 0.1170000E+03  0.1808426E-15
 0.1180000E+03  0.1750698E-15
 0.1190000E+03  0.1695307E-15
 0.1200000E+03  0.1642139E-15
 0.1210000E+03  0.1591086E-15
 0.1220000E+03  0.1542047E-15
 0.1230000E+03  0.1494927E-15
 0.1240000E+03  0.1449635E-15
 0.1250000E+03  0.1406087E-15
 0.1260000E+03  0.1364200E-15
 0.1270000E+03  0.1323900E-15
 0.1280000E+03  0.1285113E-15
 0.1290000E+03  0.1247771E-15
 0.1300000E+03  0.1211809E-15
 0.1310000E+03  0.1177166E-15
 0.1320000E+03  0.1143784E-15
 0.1330000E+03  0.1111607E-15
 0.1340000E+03  0.1080582E-15
 0.1350000E+03  0.1050661E-15
 0.1360000E+03  0.1021795E-15
 0.1370000E+03  0.9939396E-16
 0.1380000E+03  0.9670525E-16
 0.1390000E+03  0.9410928E-16
 0.1400000E+03  0.9160219E-16
 0.1410000E+03  0.8918031E-16
 0.1420000E+03  0.8684014E-16
 0.1430000E+03  0.8457836E-16
 0.1440000E+03  0.8239178E-16
 0.1450000E+03  0.8027739E-16
 0.1460000E+03  0.7823231E-16
 0.1470000E+03  0.7625379E-16
 0.1480000E+03  0.7433921E-16
 0.1490000E+03  0.7248608E-16
 0.1500000E+03  0.7069201E-16
 0.1510000E+03  0.6895472E-16
 0.1520000E+03  0.6727204E-16
 0.1530000E+03  0.6564190E-16
 0.1540000E+03  0.6406229E-16
 0.1550000E+03  0.6253134E-16
 0.1560000E+03  0.6104723E-16
 0.1570000E+03  0.5960821E-16
 0.1580000E+03  0.5821263E-16
 0.1590000E+03  0.5685891E-16
 0.1600000E+03  0.5554552E-16
 0.1610000E+03  0.5427100E-16
 0.1620000E+03  0.5303396E-16
 0.1630000E+03  0.5183307E-16
 0.1640000E+03  0.5066704E-16
 0.1650000E+03  0.4953464E-16
 0.1660000E+03  0.4843471E-16
 0.1670000E+03  0.4736610E-16
 0.1680000E+03  0.4632774E-16
 0.1690000E+03  0.4531859E-16
 0.1700000E+03  0.4433765E-16
 0.1710000E+03  0.4338396E-16
 0.1720000E+03  0.4245661E-16
 0.1730000E+03  0.4155470E-16
 0.1740000E+03  0.4067740E-16
 0.1750000E+03  0.3982388E-16
 0.1760000E+03  0.3899337E-16
 0.1770000E+03  0.3818510E-16
 0.1780000E+03  0.3739836E-16
 0.1790000E+03  0.3663245E-16
 0.1800000E+03  0.3588669E-16
 0.1810000E+03  0.3516044E-16
 0.1820000E+03  0.3445308E-16
 0.1830000E+03  0.3376401E-16
 0.1840000E+03  0.3309266E-16
 0.1850000E+03  0.3243847E-16
 0.1860000E+03  0.3180091E-16
 0.1870000E+03  0.3117945E-16
 0.1880000E+03  0.3057362E-16
 0.1890000E+03  0.2998292E-16
 0.1900000E+03  0.2940690E-16
 0.1910000E+03  0.2884511E-16
 0.1920000E+03  0.2829712E-16
 0.1930000E+03  0.2776252E-16
 0.1940000E+03  0.2724091E-16
 0.1950000E+03  0.2673191E-16
 0.1960000E+03  0.2623514E-16
 0.1970000E+03  0.2575024E-16
 0.1980000E+03  0.2527687E-16
 0.1990000E+03  0.2481469E-16
 0.2000000E+03  0.2436338E-16
 0.2010000E+03  0.2392263E-16
 0.2020000E+03  0.2349213E-16
 0.2030000E+03  0.2307159E-16
 0.2040000E+03  0.2266074E-16
 0.2050000E+03  0.2225929E-16
 0.2060000E+03  0.2186699E-16
 0.2070000E+03  0.2148357E-16
 0.2080000E+03  0.2110880E-16
 0.2090000E+03  0.2074243E-16
 0.2100000E+03  0.2038423E-16
 0.2110000E+03  0.2003399E-16
 0.2120000E+03  0.1969148E-16
 0.2130000E+03  0.1935649E-16
 0.2140000E+03  0.1902882E-16
 0.2150000E+03  0.1870827E-16
 0.2160000E+03  0.1839466E-16
 0.2170000E+03  0.1808780E-16
 0.2180000E+03  0.1778751E-16
 0.2190000E+03  0.1749362E-16
 0.2200000E+03  0.1720596E-16
 0.2210000E+03  0.1692437E-16
 0.2220000E+03  0.1664869E-16
 0.2230000E+03  0.1637877E-16
 0.2240000E+03  0.1611446E-16
 0.2250000E+03  0.1585562E-16
 0.2260000E+03  0.1560211E-16
 0.2270000E+03  0.1535378E-16
 0.2280000E+03  0.1511052E-16
 0.2290000E+03  0.1487220E-16
 0.2300000E+03  0.1463868E-16
 0.2310000E+03  0.1440986E-16
 0.2320000E+03  0.1418561E-16
 0.2330000E+03  0.1396582E-16
 0.2340000E+03  0.1375039E-16
 0.2350000E+03  0.1353921E-16
 0.2360000E+03  0.1333216E-16
 0.2370000E+03  0.1312916E-16
 0.2380000E+03  0.1293011E-16
 0.2390000E+03  0.1273490E-16
 0.2400000E+03  0.1254345E-16
 0.2410000E+03  0.1235568E-16
 0.2420000E+03  0.1217148E-16
 0.2430000E+03  0.1199079E-16
 0.2440000E+03  0.1181350E-16
 0.2450000E+03  0.1163956E-16
 0.2460000E+03  0.1146887E-16
 0.2470000E+03  0.1130137E-16
 0.2480000E+03  0.1113697E-16
 0.2490000E+03  0.1097561E-16
 0.2500000E+03  0.1081722E-16
 0.2510000E+03  0.1066174E-16
 0.2520000E+03  0.1050908E-16
 0.2530000E+03  0.1035920E-16
 0.2540000E+03  0.1021203E-16
 0.2550000E+03  0.1006750E-16
 0.2560000E+03  0.9925570E-17
 0.2570000E+03  0.9786167E-17
 0.2580000E+03  0.9649241E-17
 0.2590000E+03  0.9514737E-17
 0.2600000E+03  0.9382602E-17
 0.2610000E+03  0.9252785E-17
 0.2620000E+03  0.9125235E-17
 0.2630000E+03  0.8999903E-17
 0.2640000E+03  0.8876742E-17
 0.2650000E+03  0.8755706E-17
 0.2660000E+03  0.8636749E-17
 0.2670000E+03  0.8519827E-17
 0.2680000E+03  0.8404897E-17
 0.2690000E+03  0.8291918E-17
 0.2700000E+03  0.8180849E-17
 0.2710000E+03  0.8071650E-17
 0.2720000E+03  0.7964283E-17
 0.2730000E+03  0.7858709E-17
 0.2740000E+03  0.7754892E-17
 0.2750000E+03  0.7652797E-17
 0.2760000E+03  0.7552388E-17
 0.2770000E+03  0.7453632E-17
 0.2780000E+03  0.7356494E-17
 0.2790000E+03  0.7260943E-17
 0.2800000E+03  0.7166947E-17
 0.2810000E+03  0.7074475E-17
 0.2820000E+03  0.6983497E-17
 0.2830000E+03  0.6893984E-17
 0.2840000E+03  0.6805908E-17
 0.2850000E+03  0.6719239E-17
 0.2860000E+03  0.6633952E-17
 0.2870000E+03  0.6550019E-17
 0.2880000E+03  0.6467414E-17
 0.2890000E+03  0.6386112E-17
 0.2900000E+03  0.6306088E-17
 0.2910000E+03  0.6227319E-17
 0.2920000E+03  0.6149780E-17
 0.2930000E+03  0.6073448E-17
 0.2940000E+03  0.5998301E-17
 0.2950000E+03  0.5924317E-17
 0.2960000E+03  0.5851474E-17
 0.2970000E+03  0.5779751E-17
 0.2980000E+03  0.5709128E-17
 0.2990000E+03  0.5639585E-17
 0.3000000E+03  0.5571102E-17
 0.3010000E+03  0.5503659E-17
 0.3020000E+03  0.5437238E-17
 0.3030000E+03  0.5371821E-17
 0.3040000E+03  0.5307389E-17
 0.3050000E+03  0.5243925E-17
 0.3060000E+03  0.5181412E-17
 0.3070000E+03  0.5119833E-17
 0.3080000E+03  0.5059171E-17
 0.3090000E+03  0.4999410E-17
 0.3100000E+03  0.4940535E-17
 0.3110000E+03  0.4882530E-17
 0.3120000E+03  0.4825380E-17
 0.3130000E+03  0.4769070E-17
 0.3140000E+03  0.4713585E-17
 0.3150000E+03  0.4658911E-17
 0.3160000E+03  0.4605034E-17
 0.3170000E+03  0.4551941E-17
 0.3180000E+03  0.4499618E-17
 0.3190000E+03  0.4448052E-17
 0.3200000E+03  0.4397230E-17
 0.3210000E+03  0.4347139E-17
 0.3220000E+03  0.4297767E-17
 0.3230000E+03  0.4249102E-17
 0.3240000E+03  0.4201131E-17
 0.3250000E+03  0.4153844E-17
 0.3260000E+03  0.4107228E-17
 0.3270000E+03  0.4061272E-17
 0.3280000E+03  0.4015966E-17
 0.3290000E+03  0.3971298E-17
 0.3300000E+03  0.3927258E-17
 0.3310000E+03  0.3883834E-17
 0.3320000E+03  0.3841018E-17
 0.3330000E+03  0.3798799E-17
 0.3340000E+03  0.3757166E-17
 0.3350000E+03  0.3716111E-17
 0.3360000E+03  0.3675623E-17
 0.3370000E+03  0.3635693E-17
 0.3380000E+03  0.3596312E-17
 0.3390000E+03  0.3557472E-17
 0.3400000E+03  0.3519162E-17
 0.3410000E+03  0.3481374E-17
 0.3420000E+03  0.3444101E-17
 0.3430000E+03  0.3407332E-17
 0.3440000E+03  0.3371061E-17
 0.3450000E+03  0.3335278E-17
 0.3460000E+03  0.3299976E-17
 0.3470000E+03  0.3265148E-17
 0.3480000E+03  0.3230784E-17
 0.3490000E+03  0.3196879E-17
 0.3500000E+03  0.3163424E-17
 0.3510000E+03  0.3130412E-17
 0.3520000E+03  0.3097835E-17
 0.3530000E+03  0.3065688E-17
 0.3540000E+03  0.3033963E-17
 0.3550000E+03  0.3002653E-17
 0.3560000E+03  0.2971751E-17
 0.3570000E+03  0.2941251E-17
 0.3580000E+03  0.2911147E-17
 0.3590000E+03  0.2881433E-17
 0.3600000E+03  0.2852101E-17
 0.3610000E+03  0.2823146E-17
 0.3620000E+03  0.2794563E-17
 0.3630000E+03  0.2766344E-17
 0.3640000E+03  0.2738485E-17
 0.3650000E+03  0.2710980E-17
 0.3660000E+03  0.2683823E-17
 0.3670000E+03  0.2657009E-17
 0.3680000E+03  0.2630533E-17
 0.3690000E+03  0.2604389E-17
 0.3700000E+03  0.2578571E-17
 0.3710000E+03  0.2553076E-17
 0.3720000E+03  0.2527899E-17
 0.3730000E+03  0.2503033E-17
 0.3740000E+03  0.2478475E-17
 0.3750000E+03  0.2454220E-17
 0.3760000E+03  0.2430263E-17
 0.3770000E+03  0.2406600E-17
 0.3780000E+03  0.2383226E-17
 0.3790000E+03  0.2360137E-17
 0.3800000E+03  0.2337329E-17
 0.3810000E+03  0.2314798E-17
 0.3820000E+03  0.2292539E-17
 0.3830000E+03  0.2270549E-17
 0.3840000E+03  0.2248823E-17
 0.3850000E+03  0.2227357E-17
 0.3860000E+03  0.2206149E-17
 0.3870000E+03  0.2185194E-17
 0.3880000E+03  0.2164488E-17
 0.3890000E+03  0.2144028E-17
 0.3900000E+03  0.2123810E-17
 0.3910000E+03  0.2103831E-17
 0.3920000E+03  0.2084087E-17
 0.3930000E+03  0.2064576E-17
 0.3940000E+03  0.2045294E-17
 0.3950000E+03  0.2026237E-17
 0.3960000E+03  0.2007402E-17
 0.3970000E+03  0.1988787E-17
 0.3980000E+03  0.1970389E-17
 0.3990000E+03  0.1952203E-17
 0.4000000E+03  0.1934228E-17
 0.4010000E+03  0.1916461E-17
 0.4020000E+03  0.1898898E-17
 0.4030000E+03  0.1881537E-17
 0.4040000E+03  0.1864375E-17
 0.4050000E+03  0.1847410E-17
 0.4060000E+03  0.1830639E-17
 0.4070000E+03  0.1814058E-17
 0.4080000E+03  0.1797667E-17
 0.4090000E+03  0.1781461E-17
 0.4100000E+03  0.1765440E-17
 0.4110000E+03  0.1749600E-17
 0.4120000E+03  0.1733938E-17
 0.4130000E+03  0.1718453E-17
 0.4140000E+03  0.1703143E-17
 0.4150000E+03  0.1688004E-17
 0.4160000E+03  0.1673036E-17
 0.4170000E+03  0.1658234E-17
 0.4180000E+03  0.1643599E-17
 0.4190000E+03  0.1629126E-17
 0.4200000E+03  0.1614815E-17
 0.4210000E+03  0.1600663E-17
 0.4220000E+03  0.1586669E-17
 0.4230000E+03  0.1572829E-17
 0.4240000E+03  0.1559143E-17
 0.4250000E+03  0.1545608E-17
 0.4260000E+03  0.1532222E-17
 0.4270000E+03  0.1518984E-17
 0.4280000E+03  0.1505891E-17
 0.4290000E+03  0.1492943E-17
 0.4300000E+03  0.1480136E-17
 0.4310000E+03  0.1467470E-17
 0.4320000E+03  0.1454942E-17
 0.4330000E+03  0.1442552E-17
 0.4340000E+03  0.1430296E-17
 0.4350000E+03  0.1418174E-17
 0.4360000E+03  0.1406184E-17
 0.4370000E+03  0.1394325E-17
 0.4380000E+03  0.1382594E-17
 0.4390000E+03  0.1370990E-17
 0.4400000E+03  0.1359512E-17
 0.4410000E+03  0.1348158E-17
 0.4420000E+03  0.1336926E-17
 0.4430000E+03  0.1325816E-17
 0.4440000E+03  0.1314825E-17
 0.4450000E+03  0.1303953E-17
 0.4460000E+03  0.1293197E-17
 0.4470000E+03  0.1282557E-17
 0.4480000E+03  0.1272031E-17
 0.4490000E+03  0.1261618E-17
 0.4500000E+03  0.1251315E-17
 0.4510000E+03  0.1241123E-17
 0.4520000E+03  0.1231040E-17
 0.4530000E+03  0.1221064E-17
 0.4540000E+03  0.1211194E-17
 0.4550000E+03  0.1201429E-17
 0.4560000E+03  0.1191768E-17
 0.4570000E+03  0.1182209E-17
 0.4580000E+03  0.1172751E-17
 0.4590000E+03  0.1163394E-17
 0.4600000E+03  0.1154135E-17
 0.4610000E+03  0.1144974E-17
 0.4620000E+03  0.1135909E-17
 0.4630000E+03  0.1126940E-17
 0.4640000E+03  0.1118065E-17
 0.4650000E+03  0.1109284E-17
 0.4660000E+03  0.1100594E-17
 0.4670000E+03  0.1091996E-17
 0.4680000E+03  0.1083487E-17
 0.4690000E+03  0.1075068E-17
 0.4700000E+03  0.1066736E-17
 0.4710000E+03  0.1058491E-17
 0.4720000E+03  0.1050332E-17
 0.4730000E+03  0.1042258E-17
 0.4740000E+03  0.1034267E-17
 0.4750000E+03  0.1026360E-17
 0.4760000E+03  0.1018534E-17
 0.4770000E+03  0.1010790E-17
 0.4780000E+03  0.1003125E-17
 0.4790000E+03  0.9955394E-18
 0.4800000E+03  0.9880320E-18
 0.4810000E+03  0.9806019E-18
 0.4820000E+03  0.9732480E-18
 0.4830000E+03  0.9659697E-18
 0.4840000E+03  0.9587660E-18
 0.4850000E+03  0.9516359E-18
 0.4860000E+03  0.9445787E-18
 0.4870000E+03  0.9375936E-18
 0.4880000E+03  0.9306796E-18
 0.4890000E+03  0.9238359E-18
 0.4900000E+03  0.9170618E-18
 0.4910000E+03  0.9103564E-18
 0.4920000E+03  0.9037189E-18
 0.4930000E+03  0.8971486E-18
 0.4940000E+03  0.8906446E-18
 0.4950000E+03  0.8842062E-18
 0.4960000E+03  0.8778325E-18
 0.4970000E+03  0.8715230E-18
 0.4980000E+03  0.8652767E-18
 0.4990000E+03  0.8590930E-18
 0.5000000E+03  0.8529711E-18
 0.5010000E+03  0.8469104E-18
 0.5020000E+03  0.8409101E-18
 0.5030000E+03  0.8349694E-18
 0.5040000E+03  0.8290878E-18
 0.5050000E+03  0.8232644E-18
 0.5060000E+03  0.8174987E-18
 0.5070000E+03  0.8117899E-18
 0.5080000E+03  0.8061375E-18
 0.5090000E+03  0.8005406E-18
 0.5100000E+03  0.7949987E-18
 0.5110000E+03  0.7895112E-18
 0.5120000E+03  0.7840773E-18
 0.5130000E+03  0.7786965E-18
 0.5140000E+03  0.7733681E-18
 0.5150000E+03  0.7680915E-18
 0.5160000E+03  0.7628662E-18
 0.5170000E+03  0.7576915E-18
 0.5180000E+03  0.7525668E-18
 0.5190000E+03  0.7474915E-18
 0.5200000E+03  0.7424650E-18
 0.5210000E+03  0.7374868E-18
 0.5220000E+03  0.7325564E-18
 0.5230000E+03  0.7276730E-18
 0.5240000E+03  0.7228363E-18
 0.5250000E+03  0.7180456E-18
 0.5260000E+03  0.7133004E-18
 0.5270000E+03  0.7086001E-18
 0.5280000E+03  0.7039443E-18
 0.5290000E+03  0.6993323E-18
 0.5300000E+03  0.6947638E-18
 0.5310000E+03  0.6902381E-18
 0.5320000E+03  0.6857548E-18
 0.5330000E+03  0.6813134E-18
 0.5340000E+03  0.6769133E-18
 0.5350000E+03  0.6725541E-18
 0.5360000E+03  0.6682354E-18
 0.5370000E+03  0.6639565E-18
 0.5380000E+03  0.6597171E-18
 0.5390000E+03  0.6555167E-18
 0.5400000E+03  0.6513548E-18
 0.5410000E+03  0.6472310E-18
 0.5420000E+03  0.6431448E-18
 0.5430000E+03  0.6390958E-18
 0.5440000E+03  0.6350836E-18
 0.5450000E+03  0.6311076E-18
 0.5460000E+03  0.6271675E-18
 0.5470000E+03  0.6232629E-18
 0.5480000E+03  0.6193933E-18
 0.5490000E+03  0.6155583E-18
 0.5500000E+03  0.6117576E-18
 0.5510000E+03  0.6079907E-18
 0.5520000E+03  0.6042571E-18
 0.5530000E+03  0.6005566E-18
 0.5540000E+03  0.5968888E-18
 0.5550000E+03  0.5932531E-18
 0.5560000E+03  0.5896494E-18
 0.5570000E+03  0.5860771E-18
 0.5580000E+03  0.5825360E-18
 0.5590000E+03  0.5790256E-18
 0.5600000E+03  0.5755456E-18
 0.5610000E+03  0.5720957E-18
 0.5620000E+03  0.5686754E-18
 0.5630000E+03  0.5652845E-18
 0.5640000E+03  0.5619226E-18
 0.5650000E+03  0.5585894E-18
 0.5660000E+03  0.5552844E-18
 0.5670000E+03  0.5520075E-18
 0.5680000E+03  0.5487583E-18
 0.5690000E+03  0.5455364E-18
 0.5700000E+03  0.5423415E-18
 0.5710000E+03  0.5391733E-18
 0.5720000E+03  0.5360316E-18
 0.5730000E+03  0.5329160E-18
 0.5740000E+03  0.5298262E-18
 0.5750000E+03  0.5267618E-18
 0.5760000E+03  0.5237227E-18
 0.5770000E+03  0.5207086E-18
 0.5780000E+03  0.5177191E-18
 0.5790000E+03  0.5147539E-18
 0.5800000E+03  0.5118128E-18
 0.5810000E+03  0.5088956E-18
 0.5820000E+03  0.5060019E-18
 0.5830000E+03  0.5031315E-18
 0.5840000E+03  0.5002840E-18
 0.5850000E+03  0.4974594E-18
 0.5860000E+03  0.4946572E-18
 0.5870000E+03  0.4918773E-18
 0.5880000E+03  0.4891194E-18
 0.5890000E+03  0.4863833E-18
 0.5900000E+03  0.4836686E-18
 0.5910000E+03  0.4809753E-18
 0.5920000E+03  0.4783030E-18
 0.5930000E+03  0.4756515E-18
 0.5940000E+03  0.4730205E-18
 0.5950000E+03  0.4704100E-18
 0.5960000E+03  0.4678196E-18
 0.5970000E+03  0.4652491E-18
 0.5980000E+03  0.4626983E-18
 0.5990000E+03  0.4601670E-18
 0.6000000E+03  0.4576549E-18
 0.6010000E+03  0.4551620E-18
 0.6020000E+03  0.4526879E-18
 0.6030000E+03  0.4502324E-18
 0.6040000E+03  0.4477955E-18
 0.6050000E+03  0.4453768E-18
 0.6060000E+03  0.4429762E-18
 0.6070000E+03  0.4405935E-18
 0.6080000E+03  0.4382285E-18
 0.6090000E+03  0.4358810E-18
 0.6100000E+03  0.4335508E-18
 0.6110000E+03  0.4312378E-18
 0.6120000E+03  0.4289417E-18
 0.6130000E+03  0.4266625E-18
 0.6140000E+03  0.4243999E-18
 0.6150000E+03  0.4221537E-18
 0.6160000E+03  0.4199239E-18
 0.6170000E+03  0.4177101E-18
 0.6180000E+03  0.4155123E-18
 0.6190000E+03  0.4133303E-18
 0.6200000E+03  0.4111640E-18
 0.6210000E+03  0.4090131E-18
 0.6220000E+03  0.4068776E-18
 0.6230000E+03  0.4047572E-18
 0.6240000E+03  0.4026518E-18
 0.6250000E+03  0.4005614E-18
 0.6260000E+03  0.3984856E-18
 0.6270000E+03  0.3964244E-18
 0.6280000E+03  0.3943777E-18
 0.6290000E+03  0.3923453E-18
 0.6300000E+03  0.3903270E-18
 0.6310000E+03  0.3883227E-18
 0.6320000E+03  0.3863323E-18
 0.6330000E+03  0.3843557E-18
 0.6340000E+03  0.3823927E-18
 0.6350000E+03  0.3804432E-18
 0.6360000E+03  0.3785070E-18
 0.6370000E+03  0.3765840E-18
 0.6380000E+03  0.3746742E-18
 0.6390000E+03  0.3727773E-18
 0.6400000E+03  0.3708933E-18
 0.6410000E+03  0.3690220E-18
 0.6420000E+03  0.3671634E-18
 0.6430000E+03  0.3653172E-18
 0.6440000E+03  0.3634834E-18
 0.6450000E+03  0.3616619E-18
 0.6460000E+03  0.3598525E-18
 0.6470000E+03  0.3580551E-18
 0.6480000E+03  0.3562697E-18
 0.6490000E+03  0.3544961E-18
 0.6500000E+03  0.3527342E-18
 0.6510000E+03  0.3509839E-18
 0.6520000E+03  0.3492451E-18
 0.6530000E+03  0.3475177E-18
 0.6540000E+03  0.3458015E-18
 0.6550000E+03  0.3440966E-18
 0.6560000E+03  0.3424027E-18
 0.6570000E+03  0.3407198E-18
 0.6580000E+03  0.3390478E-18
 0.6590000E+03  0.3373866E-18
 0.6600000E+03  0.3357360E-18
 0.6610000E+03  0.3340961E-18
 0.6620000E+03  0.3324666E-18
 0.6630000E+03  0.3308476E-18
 0.6640000E+03  0.3292388E-18
 0.6650000E+03  0.3276403E-18
 0.6660000E+03  0.3260520E-18
 0.6670000E+03  0.3244736E-18
 0.6680000E+03  0.3229052E-18
 0.6690000E+03  0.3213467E-18
 0.6700000E+03  0.3197980E-18
 0.6710000E+03  0.3182590E-18
 0.6720000E+03  0.3167296E-18
 0.6730000E+03  0.3152097E-18
 0.6740000E+03  0.3136993E-18
 0.6750000E+03  0.3121982E-18
 0.6760000E+03  0.3107065E-18
 0.6770000E+03  0.3092239E-18
 0.6780000E+03  0.3077505E-18
 0.6790000E+03  0.3062861E-18
 0.6800000E+03  0.3048307E-18
 0.6810000E+03  0.3033843E-18
 0.6820000E+03  0.3019466E-18
 0.6830000E+03  0.3005178E-18
 0.6840000E+03  0.2990976E-18
 0.6850000E+03  0.2976860E-18
 0.6860000E+03  0.2962829E-18
 0.6870000E+03  0.2948884E-18
 0.6880000E+03  0.2935022E-18
 0.6890000E+03  0.2921244E-18
 0.6900000E+03  0.2907549E-18
 0.6910000E+03  0.2893935E-18
 0.6920000E+03  0.2880404E-18
 0.6930000E+03  0.2866952E-18
 0.6940000E+03  0.2853581E-18
 0.6950000E+03  0.2840290E-18
 0.6960000E+03  0.2827078E-18
 0.6970000E+03  0.2813943E-18
 0.6980000E+03  0.2800887E-18
 0.6990000E+03  0.2787908E-18
 0.7000000E+03  0.2775005E-18
 0.7010000E+03  0.2762178E-18
 0.7020000E+03  0.2749427E-18
 0.7030000E+03  0.2736750E-18
 0.7040000E+03  0.2724148E-18
 0.7050000E+03  0.2711620E-18
 0.7060000E+03  0.2699165E-18
 0.7070000E+03  0.2686783E-18
 0.7080000E+03  0.2674473E-18
 0.7090000E+03  0.2662234E-18
 0.7100000E+03  0.2650067E-18
 0.7110000E+03  0.2637971E-18
 0.7120000E+03  0.2625945E-18
 0.7130000E+03  0.2613988E-18
 0.7140000E+03  0.2602102E-18
 0.7150000E+03  0.2590283E-18
 0.7160000E+03  0.2578534E-18
 0.7170000E+03  0.2566852E-18
 0.7180000E+03  0.2555238E-18
 0.7190000E+03  0.2543691E-18
 0.7200000E+03  0.2532211E-18
 0.7210000E+03  0.2520796E-18
 0.7220000E+03  0.2509448E-18
 0.7230000E+03  0.2498165E-18
 0.7240000E+03  0.2486948E-18
 0.7250000E+03  0.2475795E-18
 0.7260000E+03  0.2464706E-18
 0.7270000E+03  0.2453681E-18
 0.7280000E+03  0.2442719E-18
 0.7290000E+03  0.2431821E-18
 0.7300000E+03  0.2420985E-18
 0.7310000E+03  0.2410212E-18
 0.7320000E+03  0.2399501E-18
 0.7330000E+03  0.2388851E-18
 0.7340000E+03  0.2378263E-18
 0.7350000E+03  0.2367736E-18
 0.7360000E+03  0.2357270E-18
 0.7370000E+03  0.2346864E-18
 0.7380000E+03  0.2336518E-18
 0.7390000E+03  0.2326231E-18
 0.7400000E+03  0.2316004E-18
 0.7410000E+03  0.2305836E-18
 0.7420000E+03  0.2295727E-18
 0.7430000E+03  0.2285676E-18
 0.7440000E+03  0.2275684E-18
 0.7450000E+03  0.2265749E-18
 0.7460000E+03  0.2255872E-18
 0.7470000E+03  0.2246052E-18
 0.7480000E+03  0.2236289E-18
 0.7490000E+03  0.2226582E-18
 0.7500000E+03  0.2216932E-18
 0.7510000E+03  0.2207339E-18
 0.7520000E+03  0.2197801E-18
 0.7530000E+03  0.2188318E-18
 0.7540000E+03  0.2178891E-18
 0.7550000E+03  0.2169519E-18
 0.7560000E+03  0.2160201E-18
 0.7570000E+03  0.2150938E-18
 0.7580000E+03  0.2141730E-18
 0.7590000E+03  0.2132575E-18
 0.7600000E+03  0.2123474E-18
 0.7610000E+03  0.2114426E-18
 0.7620000E+03  0.2105432E-18
 0.7630000E+03  0.2096491E-18
 0.7640000E+03  0.2087602E-18
 0.7650000E+03  0.2078766E-18
 0.7660000E+03  0.2069981E-18
 0.7670000E+03  0.2061249E-18
 0.7680000E+03  0.2052569E-18
 0.7690000E+03  0.2043940E-18
 0.7700000E+03  0.2035362E-18
 0.7710000E+03  0.2026835E-18
 0.7720000E+03  0.2018359E-18
 0.7730000E+03  0.2009933E-18
 0.7740000E+03  0.2001558E-18
 0.7750000E+03  0.1993232E-18
 0.7760000E+03  0.1984956E-18
 0.7770000E+03  0.1976730E-18
 0.7780000E+03  0.1968553E-18
 0.7790000E+03  0.1960425E-18
 0.7800000E+03  0.1952346E-18
 0.7810000E+03  0.1944316E-18
 0.7820000E+03  0.1936334E-18
 0.7830000E+03  0.1928400E-18
 0.7840000E+03  0.1920513E-18
 0.7850000E+03  0.1912675E-18
 0.7860000E+03  0.1904883E-18
 0.7870000E+03  0.1897139E-18
 0.7880000E+03  0.1889442E-18
 0.7890000E+03  0.1881792E-18
 0.7900000E+03  0.1874187E-18
 0.7910000E+03  0.1866629E-18
 0.7920000E+03  0.1859117E-18
 0.7930000E+03  0.1851651E-18
 0.7940000E+03  0.1844230E-18
 0.7950000E+03  0.1836855E-18
 0.7960000E+03  0.1829524E-18
 0.7970000E+03  0.1822238E-18
 0.7980000E+03  0.1814997E-18
 0.7990000E+03  0.1807800E-18
 0.8000000E+03  0.1800647E-18
 0.8010000E+03  0.1793538E-18
 0.8020000E+03  0.1786472E-18
 0.8030000E+03  0.1779450E-18
 0.8040000E+03  0.1772470E-18
 0.8050000E+03  0.1765534E-18
 0.8060000E+03  0.1758640E-18
 0.8070000E+03  0.1751788E-18
 0.8080000E+03  0.1744979E-18
 0.8090000E+03  0.1738211E-18
 0.8100000E+03  0.1731485E-18
 0.8110000E+03  0.1724800E-18
 0.8120000E+03  0.1718156E-18
 0.8130000E+03  0.1711553E-18
 0.8140000E+03  0.1704991E-18
 0.8150000E+03  0.1698469E-18
 0.8160000E+03  0.1691987E-18
 0.8170000E+03  0.1685545E-18
 0.8180000E+03  0.1679143E-18
 0.8190000E+03  0.1672780E-18
 0.8200000E+03  0.1666456E-18
 0.8210000E+03  0.1660170E-18
 0.8220000E+03  0.1653924E-18
 0.8230000E+03  0.1647716E-18
 0.8240000E+03  0.1641545E-18
 0.8250000E+03  0.1635413E-18
 0.8260000E+03  0.1629318E-18
 0.8270000E+03  0.1623261E-18
 0.8280000E+03  0.1617241E-18
 0.8290000E+03  0.1611257E-18
 0.8300000E+03  0.1605310E-18
 0.8310000E+03  0.1599399E-18
 0.8320000E+03  0.1593525E-18
 0.8330000E+03  0.1587686E-18
 0.8340000E+03  0.1581883E-18
 0.8350000E+03  0.1576115E-18
 0.8360000E+03  0.1570382E-18
 0.8370000E+03  0.1564683E-18
 0.8380000E+03  0.1559020E-18
 0.8390000E+03  0.1553391E-18
 0.8400000E+03  0.1547795E-18
 0.8410000E+03  0.1542234E-18
 0.8420000E+03  0.1536706E-18
 0.8430000E+03  0.1531211E-18
 0.8440000E+03  0.1525749E-18
 0.8450000E+03  0.1520320E-18
 0.8460000E+03  0.1514924E-18
 0.8470000E+03  0.1509560E-18
 0.8480000E+03  0.1504227E-18
 0.8490000E+03  0.1498927E-18
 0.8500000E+03  0.1493658E-18
 0.8510000E+03  0.1488420E-18
 0.8520000E+03  0.1483214E-18
 0.8530000E+03  0.1478038E-18
 0.8540000E+03  0.1472892E-18
 0.8550000E+03  0.1467777E-18
 0.8560000E+03  0.1462692E-18
 0.8570000E+03  0.1457637E-18
 0.8580000E+03  0.1452611E-18
 0.8590000E+03  0.1447614E-18
 0.8600000E+03  0.1442647E-18
 0.8610000E+03  0.1437708E-18
 0.8620000E+03  0.1432798E-18
 0.8630000E+03  0.1427916E-18
 0.8640000E+03  0.1423062E-18
 0.8650000E+03  0.1418236E-18
 0.8660000E+03  0.1413437E-18
 0.8670000E+03  0.1408666E-18
 0.8680000E+03  0.1403922E-18
 0.8690000E+03  0.1399205E-18
 0.8700000E+03  0.1394514E-18
 0.8710000E+03  0.1389850E-18
 0.8720000E+03  0.1385212E-18
 0.8730000E+03  0.1380599E-18
 0.8740000E+03  0.1376013E-18
 0.8750000E+03  0.1371452E-18
 0.8760000E+03  0.1366916E-18
 0.8770000E+03  0.1362405E-18
 0.8780000E+03  0.1357919E-18
 0.8790000E+03  0.1353458E-18
 0.8800000E+03  0.1349021E-18
 0.8810000E+03  0.1344607E-18
 0.8820000E+03  0.1340218E-18
 0.8830000E+03  0.1335853E-18
 0.8840000E+03  0.1331511E-18
 0.8850000E+03  0.1327192E-18
 0.8860000E+03  0.1322896E-18
 0.8870000E+03  0.1318623E-18
 0.8880000E+03  0.1314372E-18
 0.8890000E+03  0.1310144E-18
 0.8900000E+03  0.1305938E-18
 0.8910000E+03  0.1301754E-18
 0.8920000E+03  0.1297592E-18
 0.8930000E+03  0.1293451E-18
 0.8940000E+03  0.1289332E-18
 0.8950000E+03  0.1285234E-18
 0.8960000E+03  0.1281156E-18
 0.8970000E+03  0.1277100E-18
 0.8980000E+03  0.1273064E-18
 0.8990000E+03  0.1269048E-18
 0.9000000E+03  0.1265053E-18
 0.9010000E+03  0.1261077E-18
 0.9020000E+03  0.1257122E-18
 0.9030000E+03  0.1253185E-18
 0.9040000E+03  0.1249269E-18
 0.9050000E+03  0.1245371E-18
 0.9060000E+03  0.1241493E-18
 0.9070000E+03  0.1237633E-18
 0.9080000E+03  0.1233792E-18
 0.9090000E+03  0.1229970E-18
 0.9100000E+03  0.1226166E-18
 0.9110000E+03  0.1222380E-18
 0.9120000E+03  0.1218612E-18
 0.9130000E+03  0.1214862E-18
 0.9140000E+03  0.1211129E-18
 0.9150000E+03  0.1207414E-18
 0.9160000E+03  0.1203716E-18
 0.9170000E+03  0.1200035E-18
 0.9180000E+03  0.1196372E-18
 0.9190000E+03  0.1192725E-18
 0.9200000E+03  0.1189095E-18
 0.9210000E+03  0.1185481E-18
 0.9220000E+03  0.1181883E-18
 0.9230000E+03  0.1178302E-18
 0.9240000E+03  0.1174737E-18
 0.9250000E+03  0.1171188E-18
 0.9260000E+03  0.1167654E-18
 0.9270000E+03  0.1164136E-18
 0.9280000E+03  0.1160633E-18
 0.9290000E+03  0.1157146E-18
 0.9300000E+03  0.1153674E-18
 0.9310000E+03  0.1150217E-18
 0.9320000E+03  0.1146775E-18
 0.9330000E+03  0.1143347E-18
 0.9340000E+03  0.1139934E-18
 0.9350000E+03  0.1136536E-18
 0.9360000E+03  0.1133152E-18
 0.9370000E+03  0.1129782E-18
 0.9380000E+03  0.1126426E-18
 0.9390000E+03  0.1123084E-18
 0.9400000E+03  0.1119756E-18
 0.9410000E+03  0.1116442E-18
 0.9420000E+03  0.1113141E-18
 0.9430000E+03  0.1109854E-18
 0.9440000E+03  0.1106580E-18
 0.9450000E+03  0.1103320E-18
 0.9460000E+03  0.1100072E-18
 0.9470000E+03  0.1096838E-18
 0.9480000E+03  0.1093616E-18
 0.9490000E+03  0.1090407E-18
 0.9500000E+03  0.1087211E-18
 0.9510000E+03  0.1084028E-18
 0.9520000E+03  0.1080857E-18
 0.9530000E+03  0.1077698E-18
 0.9540000E+03  0.1074551E-18
 0.9550000E+03  0.1071417E-18
 0.9560000E+03  0.1068295E-18
 0.9570000E+03  0.1065185E-18
 0.9580000E+03  0.1062086E-18
 0.9590000E+03  0.1059000E-18
 0.9600000E+03  0.1055925E-18
 0.9610000E+03  0.1052862E-18
 0.9620000E+03  0.1049810E-18
 0.9630000E+03  0.1046769E-18
 0.9640000E+03  0.1043740E-18
 0.9650000E+03  0.1040723E-18
 0.9660000E+03  0.1037716E-18
 0.9670000E+03  0.1034721E-18
 0.9680000E+03  0.1031736E-18
 0.9690000E+03  0.1028763E-18
 0.9700000E+03  0.1025800E-18
 0.9710000E+03  0.1022848E-18
 0.9720000E+03  0.1019907E-18
 0.9730000E+03  0.1016977E-18
 0.9740000E+03  0.1014057E-18
 0.9750000E+03  0.1011147E-18
 0.9760000E+03  0.1008248E-18
 0.9770000E+03  0.1005359E-18
 0.9780000E+03  0.1002481E-18
 0.9790000E+03  0.9996126E-19
 0.9800000E+03  0.9967545E-19
 0.9810000E+03  0.9939065E-19
 0.9820000E+03  0.9910685E-19
 0.9830000E+03  0.9882405E-19
 0.9840000E+03  0.9854224E-19
 0.9850000E+03  0.9826141E-19
 0.9860000E+03  0.9798156E-19
 0.9870000E+03  0.9770269E-19
 0.9880000E+03  0.9742478E-19
 0.9890000E+03  0.9714783E-19
 0.9900000E+03  0.9687184E-19
 0.9910000E+03  0.9659680E-19
 0.9920000E+03  0.9632270E-19
 0.9930000E+03  0.9604955E-19
 0.9940000E+03  0.9577733E-19
 0.9950000E+03  0.9550604E-19
 0.9960000E+03  0.9523568E-19
 0.9970000E+03  0.9496624E-19
 0.9980000E+03  0.9469771E-19
 0.9990000E+03  0.9443010E-19
 0.1000000E+04  0.9416340E-19
 0.1001000E+04  0.9389760E-19
 0.1002000E+04  0.9363270E-19
 0.1003000E+04  0.9336869E-19
 0.1004000E+04  0.9310558E-19
 0.1005000E+04  0.9284335E-19
 0.1006000E+04  0.9258201E-19
 0.1007000E+04  0.9232155E-19
 0.1008000E+04  0.9206197E-19
 0.1009000E+04  0.9180326E-19
 0.1010000E+04  0.9154541E-19
 0.1011000E+04  0.9128844E-19
 0.1012000E+04  0.9103233E-19
 0.1013000E+04  0.9077708E-19
 0.1014000E+04  0.9052268E-19
 0.1015000E+04  0.9026914E-19
 0.1016000E+04  0.9001645E-19
 0.1017000E+04  0.8976461E-19
 0.1018000E+04  0.8951362E-19
 0.1019000E+04  0.8926346E-19
 0.1020000E+04  0.8901415E-19
 0.1021000E+04  0.8876567E-19
 0.1022000E+04  0.8851803E-19
 0.1023000E+04  0.8827123E-19
 0.1024000E+04  0.8802525E-19
 0.1025000E+04  0.8778010E-19
 0.1026000E+04  0.8753578E-19
 0.1027000E+04  0.8729228E-19
 0.1028000E+04  0.8704960E-19
 0.1029000E+04  0.8680774E-19
 0.1030000E+04  0.8656670E-19
 0.1031000E+04  0.8632648E-19
 0.1032000E+04  0.8608707E-19
 0.1033000E+04  0.8584847E-19
 0.1034000E+04  0.8561069E-19
 0.1035000E+04  0.8537371E-19
 0.1036000E+04  0.8513754E-19
 0.1037000E+04  0.8490218E-19
 0.1038000E+04  0.8466762E-19
 0.1039000E+04  0.8443386E-19
 0.1040000E+04  0.8420091E-19
 0.1041000E+04  0.8396875E-19
 0.1042000E+04  0.8373740E-19
 0.1043000E+04  0.8350684E-19
 0.1044000E+04  0.8327708E-19
 0.1045000E+04  0.8304812E-19
 0.1046000E+04  0.8281995E-19
 0.1047000E+04  0.8259257E-19
 0.1048000E+04  0.8236599E-19
 0.1049000E+04  0.8214020E-19
 0.1050000E+04  0.8191520E-19
 0.1051000E+04  0.8169099E-19
 0.1052000E+04  0.8146757E-19
 0.1053000E+04  0.8124494E-19
 0.1054000E+04  0.8102309E-19
 0.1055000E+04  0.8080204E-19
 0.1056000E+04  0.8058176E-19
 0.1057000E+04  0.8036228E-19
 0.1058000E+04  0.8014358E-19
 0.1059000E+04  0.7992567E-19
 0.1060000E+04  0.7970854E-19
 0.1061000E+04  0.7949219E-19
 0.1062000E+04  0.7927663E-19
 0.1063000E+04  0.7906184E-19
 0.1064000E+04  0.7884785E-19
 0.1065000E+04  0.7863463E-19
 0.1066000E+04  0.7842219E-19
 0.1067000E+04  0.7821054E-19
 0.1068000E+04  0.7799967E-19
 0.1069000E+04  0.7778957E-19
 0.1070000E+04  0.7758026E-19
 0.1071000E+04  0.7737172E-19
 0.1072000E+04  0.7716397E-19
 0.1073000E+04  0.7695699E-19
 0.1074000E+04  0.7675080E-19
 0.1075000E+04  0.7654538E-19
 0.1076000E+04  0.7634074E-19
 0.1077000E+04  0.7613687E-19
 0.1078000E+04  0.7593379E-19
 0.1079000E+04  0.7573148E-19
 0.1080000E+04  0.7552994E-19
 0.1081000E+04  0.7532919E-19
 0.1082000E+04  0.7512921E-19
 0.1083000E+04  0.7493000E-19
 0.1084000E+04  0.7473157E-19
 0.1085000E+04  0.7453391E-19
 0.1086000E+04  0.7433703E-19
 0.1087000E+04  0.7414092E-19
 0.1088000E+04  0.7394559E-19
 0.1089000E+04  0.7375103E-19
 0.1090000E+04  0.7355724E-19
 0.1091000E+04  0.7336422E-19
 0.1092000E+04  0.7317197E-19
 0.1093000E+04  0.7298050E-19
 0.1094000E+04  0.7278979E-19
 0.1095000E+04  0.7259985E-19
 0.1096000E+04  0.7241068E-19
 0.1097000E+04  0.7222228E-19
 0.1098000E+04  0.7203465E-19
 0.1099000E+04  0.7184778E-19
 0.1100000E+04  0.7166168E-19
 0.1101000E+04  0.7147634E-19
 0.1102000E+04  0.7129176E-19
 0.1103000E+04  0.7110795E-19
 0.1104000E+04  0.7092490E-19
 0.1105000E+04  0.7074261E-19
 0.1106000E+04  0.7056108E-19
 0.1107000E+04  0.7038031E-19
 0.1108000E+04  0.7020029E-19
 0.1109000E+04  0.7002103E-19
 0.1110000E+04  0.6984252E-19
 0.1111000E+04  0.6966477E-19
 0.1112000E+04  0.6948777E-19
 0.1113000E+04  0.6931151E-19
 0.1114000E+04  0.6913601E-19
 0.1115000E+04  0.6896126E-19
 0.1116000E+04  0.6878724E-19
 0.1117000E+04  0.6861398E-19
 0.1118000E+04  0.6844145E-19
 0.1119000E+04  0.6826967E-19
 0.1120000E+04  0.6809862E-19
 0.1121000E+04  0.6792831E-19
 0.1122000E+04  0.6775873E-19
 0.1123000E+04  0.6758989E-19
 0.1124000E+04  0.6742178E-19
 0.1125000E+04  0.6725439E-19
 0.1126000E+04  0.6708774E-19
 0.1127000E+04  0.6692180E-19
 0.1128000E+04  0.6675659E-19
 0.1129000E+04  0.6659210E-19
 0.1130000E+04  0.6642832E-19
 0.1131000E+04  0.6626526E-19
 0.1132000E+04  0.6610291E-19
 0.1133000E+04  0.6594127E-19
 0.1134000E+04  0.6578034E-19
 0.1135000E+04  0.6562011E-19
 0.1136000E+04  0.6546058E-19
 0.1137000E+04  0.6530176E-19
 0.1138000E+04  0.6514363E-19
 0.1139000E+04  0.6498619E-19
 0.1140000E+04  0.6482944E-19
 0.1141000E+04  0.6467338E-19
 0.1142000E+04  0.6451801E-19
 0.1143000E+04  0.6436331E-19
 0.1144000E+04  0.6420930E-19
 0.1145000E+04  0.6405596E-19
 0.1146000E+04  0.6390329E-19
 0.1147000E+04  0.6375129E-19
 0.1148000E+04  0.6359995E-19
 0.1149000E+04  0.6344928E-19
 0.1150000E+04  0.6329927E-19
 0.1151000E+04  0.6314991E-19
 0.1152000E+04  0.6300120E-19
 0.1153000E+04  0.6285314E-19
 0.1154000E+04  0.6270573E-19
 0.1155000E+04  0.6255896E-19
 0.1156000E+04  0.6241282E-19
 0.1157000E+04  0.6226732E-19
 0.1158000E+04  0.6212245E-19
 0.1159000E+04  0.6197820E-19
 0.1160000E+04  0.6183458E-19
 0.1161000E+04  0.6169157E-19
 0.1162000E+04  0.6154918E-19
 0.1163000E+04  0.6140741E-19
 0.1164000E+04  0.6126623E-19
 0.1165000E+04  0.6112567E-19
 0.1166000E+04  0.6098570E-19
 0.1167000E+04  0.6084632E-19
 0.1168000E+04  0.6070754E-19
 0.1169000E+04  0.6056935E-19
 0.1170000E+04  0.6043173E-19
 0.1171000E+04  0.6029470E-19
 0.1172000E+04  0.6015824E-19
 0.1173000E+04  0.6002235E-19
 0.1174000E+04  0.5988703E-19
 0.1175000E+04  0.5975228E-19
 0.1176000E+04  0.5961808E-19
 0.1177000E+04  0.5948443E-19
 0.1178000E+04  0.5935133E-19
 0.1179000E+04  0.5921879E-19
 0.1180000E+04  0.5908678E-19
 0.1181000E+04  0.5895531E-19
 0.1182000E+04  0.5882437E-19
 0.1183000E+04  0.5869396E-19
 0.1184000E+04  0.5856408E-19
 0.1185000E+04  0.5843472E-19
 0.1186000E+04  0.5830588E-19
 0.1187000E+04  0.5817754E-19
 0.1188000E+04  0.5804972E-19
 0.1189000E+04  0.5792240E-19
 0.1190000E+04  0.5779558E-19
 0.1191000E+04  0.5766925E-19
 0.1192000E+04  0.5754342E-19
 0.1193000E+04  0.5741808E-19
 0.1194000E+04  0.5729321E-19
 0.1195000E+04  0.5716883E-19
 0.1196000E+04  0.5704492E-19
 0.1197000E+04  0.5692148E-19
 0.1198000E+04  0.5679851E-19
 0.1199000E+04  0.5667600E-19
 0.1200000E+04  0.5655395E-19
 0.1201000E+04  0.5643235E-19
 0.1202000E+04  0.5631121E-19
 0.1203000E+04  0.5619051E-19
 0.1204000E+04  0.5607025E-19
 0.1205000E+04  0.5595043E-19
 0.1206000E+04  0.5583104E-19
 0.1207000E+04  0.5571208E-19
 0.1208000E+04  0.5559355E-19
 0.1209000E+04  0.5547544E-19
 0.1210000E+04  0.5535775E-19
 0.1211000E+04  0.5524048E-19
 0.1212000E+04  0.5512361E-19
 0.1213000E+04  0.5500715E-19
 0.1214000E+04  0.5489110E-19
 0.1215000E+04  0.5477544E-19
 0.1216000E+04  0.5466017E-19
 0.1217000E+04  0.5454530E-19
 0.1218000E+04  0.5443082E-19
 0.1219000E+04  0.5431672E-19
 0.1220000E+04  0.5420300E-19
 0.1221000E+04  0.5408965E-19
 0.1222000E+04  0.5397668E-19
 0.1223000E+04  0.5386408E-19
 0.1224000E+04  0.5375184E-19
 0.1225000E+04  0.5363997E-19
 0.1226000E+04  0.5352845E-19
 0.1227000E+04  0.5341729E-19
 0.1228000E+04  0.5330648E-19
 0.1229000E+04  0.5319602E-19
 0.1230000E+04  0.5308590E-19
 0.1231000E+04  0.5297612E-19
 0.1232000E+04  0.5286669E-19
 0.1233000E+04  0.5275758E-19
 0.1234000E+04  0.5264881E-19
 0.1235000E+04  0.5254037E-19
 0.1236000E+04  0.5243225E-19
 0.1237000E+04  0.5232446E-19
 0.1238000E+04  0.5221698E-19
 0.1239000E+04  0.5210982E-19
 0.1240000E+04  0.5200298E-19
 0.1241000E+04  0.5189644E-19
 0.1242000E+04  0.5179021E-19
 0.1243000E+04  0.5168428E-19
 0.1244000E+04  0.5157866E-19
 0.1245000E+04  0.5147333E-19
 0.1246000E+04  0.5136830E-19
 0.1247000E+04  0.5126357E-19
 0.1248000E+04  0.5115912E-19
 0.1249000E+04  0.5105496E-19
 0.1250000E+04  0.5095109E-19
 0.1251000E+04  0.5084750E-19
 0.1252000E+04  0.5074419E-19
 0.1253000E+04  0.5064116E-19
 0.1254000E+04  0.5053840E-19
 0.1255000E+04  0.5043591E-19
 0.1256000E+04  0.5033370E-19
 0.1257000E+04  0.5023175E-19
 0.1258000E+04  0.5013007E-19
 0.1259000E+04  0.5002866E-19
 0.1260000E+04  0.4992750E-19
 0.1261000E+04  0.4982661E-19
 0.1262000E+04  0.4972597E-19
 0.1263000E+04  0.4962559E-19
 0.1264000E+04  0.4952546E-19
 0.1265000E+04  0.4942559E-19
 0.1266000E+04  0.4932596E-19
 0.1267000E+04  0.4922658E-19
 0.1268000E+04  0.4912744E-19
 0.1269000E+04  0.4902855E-19
 0.1270000E+04  0.4892991E-19
 0.1271000E+04  0.4883150E-19
 0.1272000E+04  0.4873333E-19
 0.1273000E+04  0.4863540E-19
 0.1274000E+04  0.4853771E-19
 0.1275000E+04  0.4844025E-19
 0.1276000E+04  0.4834302E-19
 0.1277000E+04  0.4824602E-19
 0.1278000E+04  0.4814925E-19
 0.1279000E+04  0.4805271E-19
 0.1280000E+04  0.4795640E-19
 0.1281000E+04  0.4786031E-19
 0.1282000E+04  0.4776445E-19
 0.1283000E+04  0.4766881E-19
 0.1284000E+04  0.4757339E-19
 0.1285000E+04  0.4747819E-19
 0.1286000E+04  0.4738322E-19
 0.1287000E+04  0.4728846E-19
 0.1288000E+04  0.4719391E-19
 0.1289000E+04  0.4709959E-19
 0.1290000E+04  0.4700547E-19
 0.1291000E+04  0.4691158E-19
 0.1292000E+04  0.4681789E-19
 0.1293000E+04  0.4672442E-19
 0.1294000E+04  0.4663116E-19
 0.1295000E+04  0.4653811E-19
 0.1296000E+04  0.4644526E-19
 0.1297000E+04  0.4635263E-19
 0.1298000E+04  0.4626020E-19
 0.1299000E+04  0.4616799E-19
 0.1300000E+04  0.4607597E-19
 0.1301000E+04  0.4598417E-19
 0.1302000E+04  0.4589256E-19
 0.1303000E+04  0.4580117E-19
 0.1304000E+04  0.4570997E-19
 0.1305000E+04  0.4561898E-19
 0.1306000E+04  0.4552820E-19
 0.1307000E+04  0.4543761E-19
 0.1308000E+04  0.4534723E-19
 0.1309000E+04  0.4525704E-19
 0.1310000E+04  0.4516706E-19
 0.1311000E+04  0.4507728E-19
 0.1312000E+04  0.4498769E-19
 0.1313000E+04  0.4489831E-19
 0.1314000E+04  0.4480912E-19
 0.1315000E+04  0.4472014E-19
 0.1316000E+04  0.4463135E-19
 0.1317000E+04  0.4454276E-19
 0.1318000E+04  0.4445437E-19
 0.1319000E+04  0.4436617E-19
 0.1320000E+04  0.4427817E-19
 0.1321000E+04  0.4419037E-19
 0.1322000E+04  0.4410277E-19
 0.1323000E+04  0.4401536E-19
 0.1324000E+04  0.4392815E-19
 0.1325000E+04  0.4384113E-19
 0.1326000E+04  0.4375431E-19
 0.1327000E+04  0.4366769E-19
 0.1328000E+04  0.4358126E-19
 0.1329000E+04  0.4349503E-19
 0.1330000E+04  0.4340899E-19
 0.1331000E+04  0.4332315E-19
 0.1332000E+04  0.4323750E-19
 0.1333000E+04  0.4315205E-19
 0.1334000E+04  0.4306680E-19
 0.1335000E+04  0.4298174E-19
 0.1336000E+04  0.4289688E-19
 0.1337000E+04  0.4281221E-19
 0.1338000E+04  0.4272774E-19
 0.1339000E+04  0.4264347E-19
 0.1340000E+04  0.4255939E-19
 0.1341000E+04  0.4247551E-19
 0.1342000E+04  0.4239182E-19
 0.1343000E+04  0.4230833E-19
 0.1344000E+04  0.4222504E-19
 0.1345000E+04  0.4214194E-19
 0.1346000E+04  0.4205904E-19
 0.1347000E+04  0.4197634E-19
 0.1348000E+04  0.4189384E-19
 0.1349000E+04  0.4181153E-19
 0.1350000E+04  0.4172942E-19
 0.1351000E+04  0.4164752E-19
 0.1352000E+04  0.4156581E-19
 0.1353000E+04  0.4148430E-19
 0.1354000E+04  0.4140298E-19
 0.1355000E+04  0.4132187E-19
 0.1356000E+04  0.4124096E-19
 0.1357000E+04  0.4116025E-19
 0.1358000E+04  0.4107975E-19
 0.1359000E+04  0.4099944E-19
 0.1360000E+04  0.4091933E-19
 0.1361000E+04  0.4083943E-19
 0.1362000E+04  0.4075973E-19
 0.1363000E+04  0.4068024E-19
 0.1364000E+04  0.4060095E-19
 0.1365000E+04  0.4052186E-19
 0.1366000E+04  0.4044298E-19
 0.1367000E+04  0.4036430E-19
 0.1368000E+04  0.4028583E-19
 0.1369000E+04  0.4020757E-19
 0.1370000E+04  0.4012951E-19
 0.1371000E+04  0.4005166E-19
 0.1372000E+04  0.3997403E-19
 0.1373000E+04  0.3989660E-19
 0.1374000E+04  0.3981937E-19
 0.1375000E+04  0.3974237E-19
 0.1376000E+04  0.3966557E-19
 0.1377000E+04  0.3958898E-19
 0.1378000E+04  0.3951260E-19
 0.1379000E+04  0.3943644E-19
 0.1380000E+04  0.3936049E-19
 0.1381000E+04  0.3928476E-19
 0.1382000E+04  0.3920924E-19
 0.1383000E+04  0.3913394E-19
 0.1384000E+04  0.3905885E-19
 0.1385000E+04  0.3898398E-19
 0.1386000E+04  0.3890933E-19
 0.1387000E+04  0.3883490E-19
 0.1388000E+04  0.3876069E-19
 0.1389000E+04  0.3868669E-19
 0.1390000E+04  0.3861292E-19
 0.1391000E+04  0.3853937E-19
 0.1392000E+04  0.3846604E-19
 0.1393000E+04  0.3839293E-19
 0.1394000E+04  0.3832005E-19
 0.1395000E+04  0.3824739E-19
 0.1396000E+04  0.3817495E-19
 0.1397000E+04  0.3810274E-19
 0.1398000E+04  0.3803076E-19
 0.1399000E+04  0.3795900E-19
 0.1400000E+04  0.3788747E-19
 0.1401000E+04  0.3781617E-19
 0.1402000E+04  0.3774510E-19
 0.1403000E+04  0.3767426E-19
 0.1404000E+04  0.3760364E-19
 0.1405000E+04  0.3753326E-19
 0.1406000E+04  0.3746311E-19
 0.1407000E+04  0.3739319E-19
 0.1408000E+04  0.3732350E-19
 0.1409000E+04  0.3725404E-19
 0.1410000E+04  0.3718482E-19
 0.1411000E+04  0.3711583E-19
 0.1412000E+04  0.3704707E-19
 0.1413000E+04  0.3697855E-19
 0.1414000E+04  0.3691027E-19
 0.1415000E+04  0.3684222E-19
 0.1416000E+04  0.3677441E-19
 0.1417000E+04  0.3670683E-19
 0.1418000E+04  0.3663949E-19
 0.1419000E+04  0.3657238E-19
 0.1420000E+04  0.3650552E-19
 0.1421000E+04  0.3643889E-19
 0.1422000E+04  0.3637250E-19
 0.1423000E+04  0.3630634E-19
 0.1424000E+04  0.3624043E-19
 0.1425000E+04  0.3617475E-19
 0.1426000E+04  0.3610932E-19
 0.1427000E+04  0.3604412E-19
 0.1428000E+04  0.3597916E-19
 0.1429000E+04  0.3591444E-19
 0.1430000E+04  0.3584996E-19
 0.1431000E+04  0.3578571E-19
 0.1432000E+04  0.3572171E-19
 0.1433000E+04  0.3565795E-19
 0.1434000E+04  0.3559442E-19
 0.1435000E+04  0.3553114E-19
 0.1436000E+04  0.3546809E-19
 0.1437000E+04  0.3540528E-19
 0.1438000E+04  0.3534271E-19
 0.1439000E+04  0.3528038E-19
 0.1440000E+04  0.3521829E-19
 0.1441000E+04  0.3515643E-19
 0.1442000E+04  0.3509481E-19
 0.1443000E+04  0.3503343E-19
 0.1444000E+04  0.3497229E-19
 0.1445000E+04  0.3491138E-19
 0.1446000E+04  0.3485071E-19
 0.1447000E+04  0.3479028E-19
 0.1448000E+04  0.3473008E-19
 0.1449000E+04  0.3467011E-19
 0.1450000E+04  0.3461038E-19
 0.1451000E+04  0.3455088E-19
 0.1452000E+04  0.3449162E-19
 0.1453000E+04  0.3443259E-19
 0.1454000E+04  0.3437379E-19
 0.1455000E+04  0.3431522E-19
 0.1456000E+04  0.3425688E-19
 0.1457000E+04  0.3419877E-19
 0.1458000E+04  0.3414089E-19
 0.1459000E+04  0.3408324E-19
 0.1460000E+04  0.3402582E-19
 0.1461000E+04  0.3396862E-19
 0.1462000E+04  0.3391165E-19
 0.1463000E+04  0.3385490E-19
 0.1464000E+04  0.3379838E-19
 0.1465000E+04  0.3374208E-19
 0.1466000E+04  0.3368600E-19
 0.1467000E+04  0.3363014E-19
 0.1468000E+04  0.3357450E-19
 0.1469000E+04  0.3351909E-19
 0.1470000E+04  0.3346388E-19
 0.1471000E+04  0.3340890E-19
 0.1472000E+04  0.3335413E-19
 0.1473000E+04  0.3329958E-19
 0.1474000E+04  0.3324524E-19
 0.1475000E+04  0.3319111E-19
 0.1476000E+04  0.3313719E-19
 0.1477000E+04  0.3308348E-19
 0.1478000E+04  0.3302998E-19
 0.1479000E+04  0.3297669E-19
 0.1480000E+04  0.3292361E-19
 0.1481000E+04  0.3287073E-19
 0.1482000E+04  0.3281805E-19
 0.1483000E+04  0.3276557E-19
 0.1484000E+04  0.3271330E-19
 0.1485000E+04  0.3266123E-19
 0.1486000E+04  0.3260935E-19
 0.1487000E+04  0.3255767E-19
 0.1488000E+04  0.3250619E-19
 0.1489000E+04  0.3245490E-19
 0.1490000E+04  0.3240380E-19
 0.1491000E+04  0.3235290E-19
 0.1492000E+04  0.3230218E-19
 0.1493000E+04  0.3225166E-19
 0.1494000E+04  0.3220132E-19
 0.1495000E+04  0.3215117E-19
 0.1496000E+04  0.3210120E-19
 0.1497000E+04  0.3205141E-19
 0.1498000E+04  0.3200181E-19
 0.1499000E+04  0.3195238E-19
 0.1500000E+04  0.3190314E-19
 0.1501000E+04  0.3185407E-19
 0.1502000E+04  0.3180518E-19
 0.1503000E+04  0.3175646E-19
 0.1504000E+04  0.3170791E-19
 0.1505000E+04  0.3165954E-19
 0.1506000E+04  0.3161133E-19
 0.1507000E+04  0.3156330E-19
 0.1508000E+04  0.3151543E-19
 0.1509000E+04  0.3146772E-19
 0.1510000E+04  0.3142018E-19
 0.1511000E+04  0.3137280E-19
 0.1512000E+04  0.3132558E-19
 0.1513000E+04  0.3127852E-19
 0.1514000E+04  0.3123162E-19
 0.1515000E+04  0.3118487E-19
 0.1516000E+04  0.3113828E-19
 0.1517000E+04  0.3109184E-19
 0.1518000E+04  0.3104555E-19
 0.1519000E+04  0.3099942E-19
 0.1520000E+04  0.3095343E-19
 0.1521000E+04  0.3090759E-19
 0.1522000E+04  0.3086189E-19
 0.1523000E+04  0.3081634E-19
 0.1524000E+04  0.3077093E-19
 0.1525000E+04  0.3072566E-19
 0.1526000E+04  0.3068053E-19
 0.1527000E+04  0.3063554E-19
 0.1528000E+04  0.3059068E-19
 0.1529000E+04  0.3054596E-19
 0.1530000E+04  0.3050137E-19
 0.1531000E+04  0.3045691E-19
 0.1532000E+04  0.3041259E-19
 0.1533000E+04  0.3036839E-19
 0.1534000E+04  0.3032432E-19
 0.1535000E+04  0.3028038E-19
 0.1536000E+04  0.3023656E-19
 0.1537000E+04  0.3019286E-19
 0.1538000E+04  0.3014929E-19
 0.1539000E+04  0.3010583E-19
 0.1540000E+04  0.3006250E-19
 0.1541000E+04  0.3001928E-19
 0.1542000E+04  0.2997617E-19
 0.1543000E+04  0.2993318E-19
 0.1544000E+04  0.2989030E-19
 0.1545000E+04  0.2984754E-19
 0.1546000E+04  0.2980488E-19
 0.1547000E+04  0.2976233E-19
 0.1548000E+04  0.2971989E-19
 0.1549000E+04  0.2967756E-19
 0.1550000E+04  0.2963533E-19
 0.1551000E+04  0.2959320E-19
 0.1552000E+04  0.2955117E-19
 0.1553000E+04  0.2950925E-19
 0.1554000E+04  0.2946742E-19
 0.1555000E+04  0.2942569E-19
 0.1556000E+04  0.2938405E-19
 0.1557000E+04  0.2934252E-19
 0.1558000E+04  0.2930107E-19
 0.1559000E+04  0.2925972E-19
 0.1560000E+04  0.2921846E-19
 0.1561000E+04  0.2917728E-19
 0.1562000E+04  0.2913620E-19
 0.1563000E+04  0.2909520E-19
 0.1564000E+04  0.2905429E-19
 0.1565000E+04  0.2901347E-19
 0.1566000E+04  0.2897273E-19
 0.1567000E+04  0.2893207E-19
 0.1568000E+04  0.2889149E-19
 0.1569000E+04  0.2885100E-19
 0.1570000E+04  0.2881058E-19
 0.1571000E+04  0.2877025E-19
 0.1572000E+04  0.2872998E-19
 0.1573000E+04  0.2868980E-19
 0.1574000E+04  0.2864969E-19
 0.1575000E+04  0.2860966E-19
 0.1576000E+04  0.2856970E-19
 0.1577000E+04  0.2852981E-19
 0.1578000E+04  0.2848999E-19
 0.1579000E+04  0.2845024E-19
 0.1580000E+04  0.2841057E-19
 0.1581000E+04  0.2837096E-19
 0.1582000E+04  0.2833142E-19
 0.1583000E+04  0.2829194E-19
 0.1584000E+04  0.2825254E-19
 0.1585000E+04  0.2821319E-19
 0.1586000E+04  0.2817392E-19
 0.1587000E+04  0.2813470E-19
 0.1588000E+04  0.2809555E-19
 0.1589000E+04  0.2805647E-19
 0.1590000E+04  0.2801744E-19
 0.1591000E+04  0.2797848E-19
 0.1592000E+04  0.2793957E-19
 0.1593000E+04  0.2790073E-19
 0.1594000E+04  0.2786194E-19
 0.1595000E+04  0.2782321E-19
 0.1596000E+04  0.2778454E-19
 0.1597000E+04  0.2774593E-19
 0.1598000E+04  0.2770738E-19
 0.1599000E+04  0.2766888E-19
 0.1600000E+04  0.2763044E-19
 0.1601000E+04  0.2759205E-19
 0.1602000E+04  0.2755372E-19
 0.1603000E+04  0.2751544E-19
 0.1604000E+04  0.2747721E-19
 0.1605000E+04  0.2743904E-19
 0.1606000E+04  0.2740093E-19
 0.1607000E+04  0.2736286E-19
 0.1608000E+04  0.2732485E-19
 0.1609000E+04  0.2728689E-19
 0.1610000E+04  0.2724898E-19
 0.1611000E+04  0.2721113E-19
 0.1612000E+04  0.2717332E-19
 0.1613000E+04  0.2713557E-19
 0.1614000E+04  0.2709787E-19
 0.1615000E+04  0.2706022E-19
 0.1616000E+04  0.2702261E-19
 0.1617000E+04  0.2698506E-19
 0.1618000E+04  0.2694756E-19
 0.1619000E+04  0.2691011E-19
 0.1620000E+04  0.2687271E-19
 0.1621000E+04  0.2683535E-19
 0.1622000E+04  0.2679805E-19
 0.1623000E+04  0.2676080E-19
 0.1624000E+04  0.2672359E-19
 0.1625000E+04  0.2668644E-19
 0.1626000E+04  0.2664933E-19
 0.1627000E+04  0.2661227E-19
 0.1628000E+04  0.2657526E-19
 0.1629000E+04  0.2653831E-19
 0.1630000E+04  0.2650140E-19
 0.1631000E+04  0.2646453E-19
 0.1632000E+04  0.2642772E-19
 0.1633000E+04  0.2639096E-19
 0.1634000E+04  0.2635425E-19
 0.1635000E+04  0.2631758E-19
 0.1636000E+04  0.2628097E-19
 0.1637000E+04  0.2624440E-19
 0.1638000E+04  0.2620789E-19
 0.1639000E+04  0.2617142E-19
 0.1640000E+04  0.2613500E-19
 0.1641000E+04  0.2609864E-19
 0.1642000E+04  0.2606232E-19
 0.1643000E+04  0.2602605E-19
 0.1644000E+04  0.2598984E-19
 0.1645000E+04  0.2595367E-19
 0.1646000E+04  0.2591756E-19
 0.1647000E+04  0.2588149E-19
 0.1648000E+04  0.2584548E-19
 0.1649000E+04  0.2580952E-19
 0.1650000E+04  0.2577361E-19
 0.1651000E+04  0.2573775E-19
 0.1652000E+04  0.2570195E-19
 0.1653000E+04  0.2566620E-19
 0.1654000E+04  0.2563050E-19
 0.1655000E+04  0.2559485E-19
 0.1656000E+04  0.2555926E-19
 0.1657000E+04  0.2552372E-19
 0.1658000E+04  0.2548823E-19
 0.1659000E+04  0.2545280E-19
 0.1660000E+04  0.2541743E-19
 0.1661000E+04  0.2538211E-19
 0.1662000E+04  0.2534684E-19
 0.1663000E+04  0.2531163E-19
 0.1664000E+04  0.2527648E-19
 0.1665000E+04  0.2524138E-19
 0.1666000E+04  0.2520635E-19
 0.1667000E+04  0.2517136E-19
 0.1668000E+04  0.2513644E-19
 0.1669000E+04  0.2510157E-19
 0.1670000E+04  0.2506677E-19
 0.1671000E+04  0.2503202E-19
 0.1672000E+04  0.2499733E-19
 0.1673000E+04  0.2496270E-19
 0.1674000E+04  0.2492814E-19
 0.1675000E+04  0.2489363E-19
 0.1676000E+04  0.2485919E-19
 0.1677000E+04  0.2482481E-19
 0.1678000E+04  0.2479049E-19
 0.1679000E+04  0.2475623E-19
 0.1680000E+04  0.2472204E-19
 0.1681000E+04  0.2468791E-19
 0.1682000E+04  0.2465384E-19
 0.1683000E+04  0.2461984E-19
 0.1684000E+04  0.2458591E-19
 0.1685000E+04  0.2455204E-19
 0.1686000E+04  0.2451824E-19
 0.1687000E+04  0.2448451E-19
 0.1688000E+04  0.2445084E-19
 0.1689000E+04  0.2441724E-19
 0.1690000E+04  0.2438371E-19
 0.1691000E+04  0.2435026E-19
 0.1692000E+04  0.2431687E-19
 0.1693000E+04  0.2428355E-19
 0.1694000E+04  0.2425030E-19
 0.1695000E+04  0.2421713E-19
 0.1696000E+04  0.2418403E-19
 0.1697000E+04  0.2415100E-19
 0.1698000E+04  0.2411804E-19
 0.1699000E+04  0.2408516E-19
 0.1700000E+04  0.2405235E-19
 0.1701000E+04  0.2401962E-19
 0.1702000E+04  0.2398697E-19
 0.1703000E+04  0.2395439E-19
 0.1704000E+04  0.2392189E-19
 0.1705000E+04  0.2388946E-19
 0.1706000E+04  0.2385712E-19
 0.1707000E+04  0.2382485E-19
 0.1708000E+04  0.2379267E-19
 0.1709000E+04  0.2376056E-19
 0.1710000E+04  0.2372853E-19
 0.1711000E+04  0.2369659E-19
 0.1712000E+04  0.2366473E-19
 0.1713000E+04  0.2363295E-19
 0.1714000E+04  0.2360125E-19
 0.1715000E+04  0.2356964E-19
 0.1716000E+04  0.2353811E-19
 0.1717000E+04  0.2350666E-19
 0.1718000E+04  0.2347531E-19
 0.1719000E+04  0.2344403E-19
 0.1720000E+04  0.2341285E-19
 0.1721000E+04  0.2338175E-19
 0.1722000E+04  0.2335073E-19
 0.1723000E+04  0.2331981E-19
 0.1724000E+04  0.2328897E-19
 0.1725000E+04  0.2325823E-19
 0.1726000E+04  0.2322757E-19
 0.1727000E+04  0.2319700E-19
 0.1728000E+04  0.2316652E-19
 0.1729000E+04  0.2313614E-19
 0.1730000E+04  0.2310584E-19
 0.1731000E+04  0.2307564E-19
 0.1732000E+04  0.2304552E-19
 0.1733000E+04  0.2301550E-19
 0.1734000E+04  0.2298558E-19
 0.1735000E+04  0.2295574E-19
 0.1736000E+04  0.2292600E-19
 0.1737000E+04  0.2289636E-19
 0.1738000E+04  0.2286680E-19
 0.1739000E+04  0.2283735E-19
 0.1740000E+04  0.2280798E-19
 0.1741000E+04  0.2277871E-19
 0.1742000E+04  0.2274954E-19
 0.1743000E+04  0.2272046E-19
 0.1744000E+04  0.2269148E-19
 0.1745000E+04  0.2266260E-19
 0.1746000E+04  0.2263381E-19
 0.1747000E+04  0.2260511E-19
 0.1748000E+04  0.2257651E-19
 0.1749000E+04  0.2254801E-19
 0.1750000E+04  0.2251961E-19
 0.1751000E+04  0.2249130E-19
 0.1752000E+04  0.2246309E-19
 0.1753000E+04  0.2243498E-19
 0.1754000E+04  0.2240696E-19
 0.1755000E+04  0.2237905E-19
 0.1756000E+04  0.2235122E-19
 0.1757000E+04  0.2232350E-19
 0.1758000E+04  0.2229587E-19
 0.1759000E+04  0.2226834E-19
 0.1760000E+04  0.2224091E-19
 0.1761000E+04  0.2221357E-19
 0.1762000E+04  0.2218633E-19
 0.1763000E+04  0.2215919E-19
 0.1764000E+04  0.2213214E-19
 0.1765000E+04  0.2210519E-19
 0.1766000E+04  0.2207834E-19
 0.1767000E+04  0.2205158E-19
 0.1768000E+04  0.2202492E-19
 0.1769000E+04  0.2199835E-19
 0.1770000E+04  0.2197188E-19
 0.1771000E+04  0.2194550E-19
 0.1772000E+04  0.2191922E-19
 0.1773000E+04  0.2189303E-19
 0.1774000E+04  0.2186694E-19
 0.1775000E+04  0.2184094E-19
 0.1776000E+04  0.2181503E-19
 0.1777000E+04  0.2178922E-19
 0.1778000E+04  0.2176350E-19
 0.1779000E+04  0.2173787E-19
 0.1780000E+04  0.2171234E-19
 0.1781000E+04  0.2168689E-19
 0.1782000E+04  0.2166154E-19
 0.1783000E+04  0.2163628E-19
 0.1784000E+04  0.2161110E-19
 0.1785000E+04  0.2158602E-19
 0.1786000E+04  0.2156103E-19
 0.1787000E+04  0.2153612E-19
 0.1788000E+04  0.2151130E-19
 0.1789000E+04  0.2148657E-19
 0.1790000E+04  0.2146193E-19
 0.1791000E+04  0.2143737E-19
 0.1792000E+04  0.2141290E-19
 0.1793000E+04  0.2138851E-19
 0.1794000E+04  0.2136421E-19
 0.1795000E+04  0.2133999E-19
 0.1796000E+04  0.2131586E-19
 0.1797000E+04  0.2129181E-19
 0.1798000E+04  0.2126784E-19
 0.1799000E+04  0.2124395E-19
 0.1800000E+04  0.2122014E-19
 0.1801000E+04  0.2119641E-19
 0.1802000E+04  0.2117276E-19
 0.1803000E+04  0.2114919E-19
 0.1804000E+04  0.2112570E-19
 0.1805000E+04  0.2110228E-19
 0.1806000E+04  0.2107894E-19
 0.1807000E+04  0.2105568E-19
 0.1808000E+04  0.2103249E-19
 0.1809000E+04  0.2100938E-19
 0.1810000E+04  0.2098634E-19
 0.1811000E+04  0.2096337E-19
 0.1812000E+04  0.2094047E-19
 0.1813000E+04  0.2091765E-19
 0.1814000E+04  0.2089489E-19
 0.1815000E+04  0.2087221E-19
 0.1816000E+04  0.2084959E-19
 0.1817000E+04  0.2082705E-19
 0.1818000E+04  0.2080456E-19
 0.1819000E+04  0.2078215E-19
 0.1820000E+04  0.2075980E-19
 0.1821000E+04  0.2073752E-19
 0.1822000E+04  0.2071530E-19
 0.1823000E+04  0.2069314E-19
 0.1824000E+04  0.2067105E-19
 0.1825000E+04  0.2064902E-19
 0.1826000E+04  0.2062704E-19
 0.1827000E+04  0.2060513E-19
 0.1828000E+04  0.2058328E-19
 0.1829000E+04  0.2056149E-19
 0.1830000E+04  0.2053975E-19
 0.1831000E+04  0.2051807E-19
 0.1832000E+04  0.2049645E-19
 0.1833000E+04  0.2047488E-19
 0.1834000E+04  0.2045336E-19
 0.1835000E+04  0.2043190E-19
 0.1836000E+04  0.2041049E-19
 0.1837000E+04  0.2038913E-19
 0.1838000E+04  0.2036783E-19
 0.1839000E+04  0.2034657E-19
 0.1840000E+04  0.2032536E-19
 0.1841000E+04  0.2030420E-19
 0.1842000E+04  0.2028309E-19
 0.1843000E+04  0.2026203E-19
 0.1844000E+04  0.2024101E-19
 0.1845000E+04  0.2022003E-19
 0.1846000E+04  0.2019910E-19
 0.1847000E+04  0.2017821E-19
 0.1848000E+04  0.2015737E-19
 0.1849000E+04  0.2013656E-19
 0.1850000E+04  0.2011580E-19
 0.1851000E+04  0.2009508E-19
 0.1852000E+04  0.2007439E-19
 0.1853000E+04  0.2005375E-19
 0.1854000E+04  0.2003314E-19
 0.1855000E+04  0.2001257E-19
 0.1856000E+04  0.1999203E-19
 0.1857000E+04  0.1997153E-19
 0.1858000E+04  0.1995106E-19
 0.1859000E+04  0.1993063E-19
 0.1860000E+04  0.1991023E-19
 0.1861000E+04  0.1988986E-19
 0.1862000E+04  0.1986952E-19
 0.1863000E+04  0.1984921E-19
 0.1864000E+04  0.1982893E-19
 0.1865000E+04  0.1980868E-19
 0.1866000E+04  0.1978846E-19
 0.1867000E+04  0.1976827E-19
 0.1868000E+04  0.1974810E-19
 0.1869000E+04  0.1972795E-19
 0.1870000E+04  0.1970783E-19
 0.1871000E+04  0.1968774E-19
 0.1872000E+04  0.1966767E-19
 0.1873000E+04  0.1964762E-19
 0.1874000E+04  0.1962759E-19
 0.1875000E+04  0.1960759E-19
 0.1876000E+04  0.1958760E-19
 0.1877000E+04  0.1956764E-19
 0.1878000E+04  0.1954770E-19
 0.1879000E+04  0.1952777E-19
 0.1880000E+04  0.1950786E-19
 0.1881000E+04  0.1948797E-19
 0.1882000E+04  0.1946810E-19
 0.1883000E+04  0.1944824E-19
 0.1884000E+04  0.1942840E-19
 0.1885000E+04  0.1940858E-19
 0.1886000E+04  0.1938876E-19
 0.1887000E+04  0.1936897E-19
 0.1888000E+04  0.1934918E-19
 0.1889000E+04  0.1932941E-19
 0.1890000E+04  0.1930966E-19
 0.1891000E+04  0.1928991E-19
 0.1892000E+04  0.1927018E-19
 0.1893000E+04  0.1925045E-19
 0.1894000E+04  0.1923074E-19
 0.1895000E+04  0.1921104E-19
 0.1896000E+04  0.1919135E-19
 0.1897000E+04  0.1917166E-19
 0.1898000E+04  0.1915199E-19
 0.1899000E+04  0.1913232E-19
 0.1900000E+04  0.1911267E-19
 0.1901000E+04  0.1909302E-19
 0.1902000E+04  0.1907338E-19
 0.1903000E+04  0.1905374E-19
 0.1904000E+04  0.1903411E-19
 0.1905000E+04  0.1901449E-19
 0.1906000E+04  0.1899487E-19
 0.1907000E+04  0.1897526E-19
 0.1908000E+04  0.1895566E-19
 0.1909000E+04  0.1893606E-19
 0.1910000E+04  0.1891647E-19
 0.1911000E+04  0.1889688E-19
 0.1912000E+04  0.1887729E-19
 0.1913000E+04  0.1885771E-19
 0.1914000E+04  0.1883814E-19
 0.1915000E+04  0.1881857E-19
 0.1916000E+04  0.1879900E-19
 0.1917000E+04  0.1877943E-19
 0.1918000E+04  0.1875987E-19
 0.1919000E+04  0.1874032E-19
 0.1920000E+04  0.1872076E-19
 0.1921000E+04  0.1870121E-19
 0.1922000E+04  0.1868166E-19
 0.1923000E+04  0.1866212E-19
 0.1924000E+04  0.1864258E-19
 0.1925000E+04  0.1862304E-19
 0.1926000E+04  0.1860350E-19
 0.1927000E+04  0.1858397E-19
 0.1928000E+04  0.1856444E-19
 0.1929000E+04  0.1854491E-19
 0.1930000E+04  0.1852539E-19
 0.1931000E+04  0.1850587E-19
 0.1932000E+04  0.1848635E-19
 0.1933000E+04  0.1846683E-19
 0.1934000E+04  0.1844732E-19
 0.1935000E+04  0.1842781E-19
 0.1936000E+04  0.1840831E-19
 0.1937000E+04  0.1838881E-19
 0.1938000E+04  0.1836931E-19
 0.1939000E+04  0.1834981E-19
 0.1940000E+04  0.1833032E-19
 0.1941000E+04  0.1831084E-19
 0.1942000E+04  0.1829135E-19
 0.1943000E+04  0.1827188E-19
 0.1944000E+04  0.1825240E-19
 0.1945000E+04  0.1823293E-19
 0.1946000E+04  0.1821347E-19
 0.1947000E+04  0.1819401E-19
 0.1948000E+04  0.1817456E-19
 0.1949000E+04  0.1815512E-19
 0.1950000E+04  0.1813568E-19
 0.1951000E+04  0.1811624E-19
 0.1952000E+04  0.1809682E-19
 0.1953000E+04  0.1807740E-19
 0.1954000E+04  0.1805799E-19
 0.1955000E+04  0.1803859E-19
 0.1956000E+04  0.1801919E-19
 0.1957000E+04  0.1799981E-19
 0.1958000E+04  0.1798043E-19
 0.1959000E+04  0.1796106E-19
 0.1960000E+04  0.1794171E-19
 0.1961000E+04  0.1792236E-19
 0.1962000E+04  0.1790303E-19
 0.1963000E+04  0.1788370E-19
 0.1964000E+04  0.1786439E-19
 0.1965000E+04  0.1784509E-19
 0.1966000E+04  0.1782581E-19
 0.1967000E+04  0.1780653E-19
 0.1968000E+04  0.1778728E-19
 0.1969000E+04  0.1776803E-19
 0.1970000E+04  0.1774880E-19
 0.1971000E+04  0.1772959E-19
 0.1972000E+04  0.1771039E-19
 0.1973000E+04  0.1769121E-19
 0.1974000E+04  0.1767205E-19
 0.1975000E+04  0.1765291E-19
 0.1976000E+04  0.1763378E-19
 0.1977000E+04  0.1761468E-19
 0.1978000E+04  0.1759559E-19
 0.1979000E+04  0.1757653E-19
 0.1980000E+04  0.1755748E-19
 0.1981000E+04  0.1753846E-19
 0.1982000E+04  0.1751947E-19
 0.1983000E+04  0.1750049E-19
 0.1984000E+04  0.1748154E-19
 0.1985000E+04  0.1746262E-19
 0.1986000E+04  0.1744372E-19
 0.1987000E+04  0.1742485E-19
 0.1988000E+04  0.1740600E-19
 0.1989000E+04  0.1738719E-19
 0.1990000E+04  0.1736840E-19
 0.1991000E+04  0.1734964E-19
 0.1992000E+04  0.1733092E-19
 0.1993000E+04  0.1731222E-19
 0.1994000E+04  0.1729356E-19
 0.1995000E+04  0.1727493E-19
 0.1996000E+04  0.1725634E-19
 0.1997000E+04  0.1723778E-19
 0.1998000E+04  0.1721925E-19
 0.1999000E+04  0.1720076E-19
 0.2000000E+04  0.1718231E-19
 0.2001000E+04  0.1716390E-19
 0.2002000E+04  0.1714553E-19
 0.2003000E+04  0.1712720E-19
 0.2004000E+04  0.1710890E-19
 0.2005000E+04  0.1709065E-19
 0.2006000E+04  0.1707245E-19
 0.2007000E+04  0.1705429E-19
 0.2008000E+04  0.1703617E-19
 0.2009000E+04  0.1701810E-19
 0.2010000E+04  0.1700007E-19
 0.2011000E+04  0.1698209E-19
 0.2012000E+04  0.1696416E-19
 0.2013000E+04  0.1694628E-19
 0.2014000E+04  0.1692845E-19
 0.2015000E+04  0.1691067E-19
 0.2016000E+04  0.1689294E-19
 0.2017000E+04  0.1687527E-19
 0.2018000E+04  0.1685765E-19
 0.2019000E+04  0.1684008E-19
 0.2020000E+04  0.1682257E-19
 0.2021000E+04  0.1680512E-19
 0.2022000E+04  0.1678772E-19
 0.2023000E+04  0.1677038E-19
 0.2024000E+04  0.1675310E-19
 0.2025000E+04  0.1673588E-19
 0.2026000E+04  0.1671873E-19
 0.2027000E+04  0.1670163E-19
 0.2028000E+04  0.1668459E-19
 0.2029000E+04  0.1666762E-19
 0.2030000E+04  0.1665071E-19
 0.2031000E+04  0.1663387E-19
 0.2032000E+04  0.1661709E-19
 0.2033000E+04  0.1660038E-19
 0.2034000E+04  0.1658374E-19
 0.2035000E+04  0.1656717E-19
 0.2036000E+04  0.1655066E-19
 0.2037000E+04  0.1653422E-19
 0.2038000E+04  0.1651785E-19
 0.2039000E+04  0.1650156E-19
 0.2040000E+04  0.1648533E-19
 0.2041000E+04  0.1646918E-19
 0.2042000E+04  0.1645310E-19
 0.2043000E+04  0.1643709E-19
 0.2044000E+04  0.1642116E-19
 0.2045000E+04  0.1640530E-19
 0.2046000E+04  0.1638952E-19
 0.2047000E+04  0.1637382E-19
 0.2048000E+04  0.1635819E-19
 0.2049000E+04  0.1634264E-19
 0.2050000E+04  0.1632716E-19
 0.2051000E+04  0.1631177E-19
 0.2052000E+04  0.1629645E-19
 0.2053000E+04  0.1628121E-19
 0.2054000E+04  0.1626606E-19
 0.2055000E+04  0.1625098E-19
 0.2056000E+04  0.1623598E-19
 0.2057000E+04  0.1622107E-19
 0.2058000E+04  0.1620624E-19
 0.2059000E+04  0.1619148E-19
 0.2060000E+04  0.1617682E-19
 0.2061000E+04  0.1616223E-19
 0.2062000E+04  0.1614773E-19
 0.2063000E+04  0.1613331E-19
 0.2064000E+04  0.1611897E-19
 0.2065000E+04  0.1610472E-19
 0.2066000E+04  0.1609056E-19
 0.2067000E+04  0.1607648E-19
 0.2068000E+04  0.1606248E-19
 0.2069000E+04  0.1604857E-19
 0.2070000E+04  0.1603475E-19
 0.2071000E+04  0.1602101E-19
 0.2072000E+04  0.1600736E-19
 0.2073000E+04  0.1599379E-19
 0.2074000E+04  0.1598031E-19
 0.2075000E+04  0.1596691E-19
 0.2076000E+04  0.1595361E-19
 0.2077000E+04  0.1594038E-19
 0.2078000E+04  0.1592725E-19
 0.2079000E+04  0.1591420E-19
 0.2080000E+04  0.1590124E-19
 0.2081000E+04  0.1588837E-19
 0.2082000E+04  0.1587558E-19
 0.2083000E+04  0.1586288E-19
 0.2084000E+04  0.1585027E-19
 0.2085000E+04  0.1583774E-19
 0.2086000E+04  0.1582531E-19
 0.2087000E+04  0.1581295E-19
 0.2088000E+04  0.1580069E-19
 0.2089000E+04  0.1578851E-19
 0.2090000E+04  0.1577642E-19
 0.2091000E+04  0.1576441E-19
 0.2092000E+04  0.1575249E-19
 0.2093000E+04  0.1574066E-19
 0.2094000E+04  0.1572891E-19
 0.2095000E+04  0.1571725E-19
 0.2096000E+04  0.1570567E-19
 0.2097000E+04  0.1569418E-19
 0.2098000E+04  0.1568278E-19
 0.2099000E+04  0.1567146E-19
 0.2100000E+04  0.1566022E-19
 0.2101000E+04  0.1564907E-19
 0.2102000E+04  0.1563800E-19
 0.2103000E+04  0.1562702E-19
 0.2104000E+04  0.1561612E-19
 0.2105000E+04  0.1560530E-19
 0.2106000E+04  0.1559457E-19
 0.2107000E+04  0.1558392E-19
 0.2108000E+04  0.1557335E-19
 0.2109000E+04  0.1556287E-19
 0.2110000E+04  0.1555247E-19
 0.2111000E+04  0.1554214E-19
 0.2112000E+04  0.1553190E-19
 0.2113000E+04  0.1552174E-19
 0.2114000E+04  0.1551166E-19
 0.2115000E+04  0.1550166E-19
 0.2116000E+04  0.1549174E-19
 0.2117000E+04  0.1548190E-19
 0.2118000E+04  0.1547214E-19
 0.2119000E+04  0.1546245E-19
 0.2120000E+04  0.1545284E-19
 0.2121000E+04  0.1544331E-19
 0.2122000E+04  0.1543386E-19
 0.2123000E+04  0.1542449E-19
 0.2124000E+04  0.1541518E-19
 0.2125000E+04  0.1540596E-19
 0.2126000E+04  0.1539681E-19
 0.2127000E+04  0.1538773E-19
 0.2128000E+04  0.1537873E-19
 0.2129000E+04  0.1536981E-19
 0.2130000E+04  0.1536095E-19
 0.2131000E+04  0.1535217E-19
 0.2132000E+04  0.1534346E-19
 0.2133000E+04  0.1533482E-19
 0.2134000E+04  0.1532625E-19
 0.2135000E+04  0.1531775E-19
 0.2136000E+04  0.1530933E-19
 0.2137000E+04  0.1530097E-19
 0.2138000E+04  0.1529268E-19
 0.2139000E+04  0.1528445E-19
 0.2140000E+04  0.1527630E-19
 0.2141000E+04  0.1526821E-19
 0.2142000E+04  0.1526019E-19
 0.2143000E+04  0.1525223E-19
 0.2144000E+04  0.1524434E-19
 0.2145000E+04  0.1523652E-19
 0.2146000E+04  0.1522875E-19
 0.2147000E+04  0.1522106E-19
 0.2148000E+04  0.1521342E-19
 0.2149000E+04  0.1520584E-19
 0.2150000E+04  0.1519833E-19
 0.2151000E+04  0.1519087E-19
 0.2152000E+04  0.1518348E-19
 0.2153000E+04  0.1517614E-19
 0.2154000E+04  0.1516887E-19
 0.2155000E+04  0.1516165E-19
 0.2156000E+04  0.1515449E-19
 0.2157000E+04  0.1514738E-19
 0.2158000E+04  0.1514033E-19
 0.2159000E+04  0.1513333E-19
 0.2160000E+04  0.1512639E-19
 0.2161000E+04  0.1511950E-19
 0.2162000E+04  0.1511266E-19
 0.2163000E+04  0.1510588E-19
 0.2164000E+04  0.1509914E-19
 0.2165000E+04  0.1509246E-19
 0.2166000E+04  0.1508582E-19
 0.2167000E+04  0.1507924E-19
 0.2168000E+04  0.1507270E-19
 0.2169000E+04  0.1506620E-19
 0.2170000E+04  0.1505976E-19
 0.2171000E+04  0.1505336E-19
 0.2172000E+04  0.1504700E-19
 0.2173000E+04  0.1504068E-19
 0.2174000E+04  0.1503441E-19
 0.2175000E+04  0.1502819E-19
 0.2176000E+04  0.1502200E-19
 0.2177000E+04  0.1501585E-19
 0.2178000E+04  0.1500974E-19
 0.2179000E+04  0.1500367E-19
 0.2180000E+04  0.1499764E-19
 0.2181000E+04  0.1499164E-19
 0.2182000E+04  0.1498568E-19
 0.2183000E+04  0.1497976E-19
 0.2184000E+04  0.1497387E-19
 0.2185000E+04  0.1496801E-19
 0.2186000E+04  0.1496219E-19
 0.2187000E+04  0.1495640E-19
 0.2188000E+04  0.1495064E-19
 0.2189000E+04  0.1494490E-19
 0.2190000E+04  0.1493920E-19
 0.2191000E+04  0.1493353E-19
 0.2192000E+04  0.1492788E-19
 0.2193000E+04  0.1492226E-19
 0.2194000E+04  0.1491667E-19
 0.2195000E+04  0.1491110E-19
 0.2196000E+04  0.1490555E-19
 0.2197000E+04  0.1490003E-19
 0.2198000E+04  0.1489453E-19
 0.2199000E+04  0.1488905E-19
 0.2200000E+04  0.1488359E-19
 0.2201000E+04  0.1487815E-19
 0.2202000E+04  0.1487273E-19
 0.2203000E+04  0.1486733E-19
 0.2204000E+04  0.1486194E-19
 0.2205000E+04  0.1485658E-19
 0.2206000E+04  0.1485122E-19
 0.2207000E+04  0.1484589E-19
 0.2208000E+04  0.1484056E-19
 0.2209000E+04  0.1483525E-19
 0.2210000E+04  0.1482995E-19
 0.2211000E+04  0.1482466E-19
 0.2212000E+04  0.1481939E-19
 0.2213000E+04  0.1481412E-19
 0.2214000E+04  0.1480886E-19
 0.2215000E+04  0.1480361E-19
 0.2216000E+04  0.1479837E-19
 0.2217000E+04  0.1479314E-19
 0.2218000E+04  0.1478791E-19
 0.2219000E+04  0.1478269E-19
 0.2220000E+04  0.1477747E-19
 0.2221000E+04  0.1477225E-19
 0.2222000E+04  0.1476704E-19
 0.2223000E+04  0.1476183E-19
 0.2224000E+04  0.1475662E-19
 0.2225000E+04  0.1475142E-19
 0.2226000E+04  0.1474621E-19
 0.2227000E+04  0.1474101E-19
 0.2228000E+04  0.1473580E-19
 0.2229000E+04  0.1473059E-19
 0.2230000E+04  0.1472538E-19
 0.2231000E+04  0.1472017E-19
 0.2232000E+04  0.1471495E-19
 0.2233000E+04  0.1470974E-19
 0.2234000E+04  0.1470451E-19
 0.2235000E+04  0.1469928E-19
 0.2236000E+04  0.1469405E-19
 0.2237000E+04  0.1468881E-19
 0.2238000E+04  0.1468356E-19
 0.2239000E+04  0.1467830E-19
 0.2240000E+04  0.1467304E-19
 0.2241000E+04  0.1466777E-19
 0.2242000E+04  0.1466249E-19
 0.2243000E+04  0.1465720E-19
 0.2244000E+04  0.1465191E-19
 0.2245000E+04  0.1464660E-19
 0.2246000E+04  0.1464128E-19
 0.2247000E+04  0.1463595E-19
 0.2248000E+04  0.1463061E-19
 0.2249000E+04  0.1462526E-19
 0.2250000E+04  0.1461989E-19
 0.2251000E+04  0.1461452E-19
 0.2252000E+04  0.1460913E-19
 0.2253000E+04  0.1460373E-19
 0.2254000E+04  0.1459831E-19
 0.2255000E+04  0.1459288E-19
 0.2256000E+04  0.1458744E-19
 0.2257000E+04  0.1458198E-19
 0.2258000E+04  0.1457650E-19
 0.2259000E+04  0.1457102E-19
 0.2260000E+04  0.1456551E-19
 0.2261000E+04  0.1456000E-19
 0.2262000E+04  0.1455446E-19
 0.2263000E+04  0.1454891E-19
 0.2264000E+04  0.1454335E-19
 0.2265000E+04  0.1453777E-19
 0.2266000E+04  0.1453217E-19
 0.2267000E+04  0.1452655E-19
 0.2268000E+04  0.1452092E-19
 0.2269000E+04  0.1451528E-19
 0.2270000E+04  0.1450961E-19
 0.2271000E+04  0.1450393E-19
 0.2272000E+04  0.1449823E-19
 0.2273000E+04  0.1449252E-19
 0.2274000E+04  0.1448679E-19
 0.2275000E+04  0.1448104E-19
 0.2276000E+04  0.1447527E-19
 0.2277000E+04  0.1446949E-19
 0.2278000E+04  0.1446369E-19
 0.2279000E+04  0.1445788E-19
 0.2280000E+04  0.1445204E-19
 0.2281000E+04  0.1444619E-19
 0.2282000E+04  0.1444033E-19
 0.2283000E+04  0.1443445E-19
 0.2284000E+04  0.1442855E-19
 0.2285000E+04  0.1442263E-19
 0.2286000E+04  0.1441670E-19
 0.2287000E+04  0.1441075E-19
 0.2288000E+04  0.1440479E-19
 0.2289000E+04  0.1439881E-19
 0.2290000E+04  0.1439282E-19
 0.2291000E+04  0.1438681E-19
 0.2292000E+04  0.1438079E-19
 0.2293000E+04  0.1437475E-19
 0.2294000E+04  0.1436870E-19
 0.2295000E+04  0.1436263E-19
 0.2296000E+04  0.1435655E-19
 0.2297000E+04  0.1435046E-19
 0.2298000E+04  0.1434435E-19
 0.2299000E+04  0.1433824E-19
 0.2300000E+04  0.1433211E-19
 0.2301000E+04  0.1432596E-19
 0.2302000E+04  0.1431981E-19
 0.2303000E+04  0.1431365E-19
 0.2304000E+04  0.1430747E-19
 0.2305000E+04  0.1430129E-19
 0.2306000E+04  0.1429510E-19
 0.2307000E+04  0.1428889E-19
 0.2308000E+04  0.1428268E-19
 0.2309000E+04  0.1427646E-19
 0.2310000E+04  0.1427023E-19
 0.2311000E+04  0.1426400E-19
 0.2312000E+04  0.1425776E-19
 0.2313000E+04  0.1425151E-19
 0.2314000E+04  0.1424526E-19
 0.2315000E+04  0.1423901E-19
 0.2316000E+04  0.1423274E-19
 0.2317000E+04  0.1422648E-19
 0.2318000E+04  0.1422021E-19
 0.2319000E+04  0.1421394E-19
 0.2320000E+04  0.1420767E-19
 0.2321000E+04  0.1420140E-19
 0.2322000E+04  0.1419512E-19
 0.2323000E+04  0.1418885E-19
 0.2324000E+04  0.1418257E-19
 0.2325000E+04  0.1417630E-19
 0.2326000E+04  0.1417002E-19
 0.2327000E+04  0.1416375E-19
 0.2328000E+04  0.1415749E-19
 0.2329000E+04  0.1415122E-19
 0.2330000E+04  0.1414496E-19
 0.2331000E+04  0.1413871E-19
 0.2332000E+04  0.1413246E-19
 0.2333000E+04  0.1412621E-19
 0.2334000E+04  0.1411997E-19
 0.2335000E+04  0.1411374E-19
 0.2336000E+04  0.1410752E-19
 0.2337000E+04  0.1410130E-19
 0.2338000E+04  0.1409510E-19
 0.2339000E+04  0.1408890E-19
 0.2340000E+04  0.1408271E-19
 0.2341000E+04  0.1407654E-19
 0.2342000E+04  0.1407037E-19
 0.2343000E+04  0.1406422E-19
 0.2344000E+04  0.1405808E-19
 0.2345000E+04  0.1405195E-19
 0.2346000E+04  0.1404584E-19
 0.2347000E+04  0.1403974E-19
 0.2348000E+04  0.1403365E-19
 0.2349000E+04  0.1402758E-19
 0.2350000E+04  0.1402153E-19
 0.2351000E+04  0.1401549E-19
 0.2352000E+04  0.1400947E-19
 0.2353000E+04  0.1400346E-19
 0.2354000E+04  0.1399748E-19
 0.2355000E+04  0.1399151E-19
 0.2356000E+04  0.1398556E-19
 0.2357000E+04  0.1397963E-19
 0.2358000E+04  0.1397373E-19
 0.2359000E+04  0.1396784E-19
 0.2360000E+04  0.1396197E-19
 0.2361000E+04  0.1395613E-19
 0.2362000E+04  0.1395030E-19
 0.2363000E+04  0.1394450E-19
 0.2364000E+04  0.1393872E-19
 0.2365000E+04  0.1393297E-19
 0.2366000E+04  0.1392723E-19
 0.2367000E+04  0.1392152E-19
 0.2368000E+04  0.1391584E-19
 0.2369000E+04  0.1391018E-19
 0.2370000E+04  0.1390455E-19
 0.2371000E+04  0.1389894E-19
 0.2372000E+04  0.1389335E-19
 0.2373000E+04  0.1388779E-19
 0.2374000E+04  0.1388226E-19
 0.2375000E+04  0.1387675E-19
 0.2376000E+04  0.1387127E-19
 0.2377000E+04  0.1386582E-19
 0.2378000E+04  0.1386039E-19
 0.2379000E+04  0.1385499E-19
 0.2380000E+04  0.1384962E-19
 0.2381000E+04  0.1384427E-19
 0.2382000E+04  0.1383896E-19
 0.2383000E+04  0.1383366E-19
 0.2384000E+04  0.1382840E-19
 0.2385000E+04  0.1382317E-19
 0.2386000E+04  0.1381796E-19
 0.2387000E+04  0.1381278E-19
 0.2388000E+04  0.1380763E-19
 0.2389000E+04  0.1380250E-19
 0.2390000E+04  0.1379741E-19
 0.2391000E+04  0.1379234E-19
 0.2392000E+04  0.1378730E-19
 0.2393000E+04  0.1378229E-19
 0.2394000E+04  0.1377730E-19
 0.2395000E+04  0.1377235E-19
 0.2396000E+04  0.1376742E-19
 0.2397000E+04  0.1376251E-19
 0.2398000E+04  0.1375764E-19
 0.2399000E+04  0.1375279E-19
 0.2400000E+04  0.1374797E-19
 0.2401000E+04  0.1374317E-19
 0.2402000E+04  0.1373841E-19
 0.2403000E+04  0.1373366E-19
 0.2404000E+04  0.1372895E-19
 0.2405000E+04  0.1372426E-19
 0.2406000E+04  0.1371960E-19
 0.2407000E+04  0.1371496E-19
 0.2408000E+04  0.1371034E-19
 0.2409000E+04  0.1370576E-19
 0.2410000E+04  0.1370119E-19
 0.2411000E+04  0.1369665E-19
 0.2412000E+04  0.1369213E-19
 0.2413000E+04  0.1368764E-19
 0.2414000E+04  0.1368317E-19
 0.2415000E+04  0.1367872E-19
 0.2416000E+04  0.1367430E-19
 0.2417000E+04  0.1366990E-19
 0.2418000E+04  0.1366551E-19
 0.2419000E+04  0.1366115E-19
 0.2420000E+04  0.1365681E-19
 0.2421000E+04  0.1365249E-19
 0.2422000E+04  0.1364819E-19
 0.2423000E+04  0.1364391E-19
 0.2424000E+04  0.1363965E-19
 0.2425000E+04  0.1363540E-19
 0.2426000E+04  0.1363118E-19
 0.2427000E+04  0.1362697E-19
 0.2428000E+04  0.1362277E-19
 0.2429000E+04  0.1361860E-19
 0.2430000E+04  0.1361443E-19
 0.2431000E+04  0.1361028E-19
 0.2432000E+04  0.1360615E-19
 0.2433000E+04  0.1360203E-19
 0.2434000E+04  0.1359792E-19
 0.2435000E+04  0.1359383E-19
 0.2436000E+04  0.1358975E-19
 0.2437000E+04  0.1358567E-19
 0.2438000E+04  0.1358161E-19
 0.2439000E+04  0.1357756E-19
 0.2440000E+04  0.1357351E-19
 0.2441000E+04  0.1356948E-19
 0.2442000E+04  0.1356545E-19
 0.2443000E+04  0.1356143E-19
 0.2444000E+04  0.1355741E-19
 0.2445000E+04  0.1355340E-19
 0.2446000E+04  0.1354939E-19
 0.2447000E+04  0.1354539E-19
 0.2448000E+04  0.1354139E-19
 0.2449000E+04  0.1353739E-19
 0.2450000E+04  0.1353340E-19
 0.2451000E+04  0.1352940E-19
 0.2452000E+04  0.1352540E-19
 0.2453000E+04  0.1352140E-19
 0.2454000E+04  0.1351740E-19
 0.2455000E+04  0.1351340E-19
 0.2456000E+04  0.1350939E-19
 0.2457000E+04  0.1350538E-19
 0.2458000E+04  0.1350136E-19
 0.2459000E+04  0.1349733E-19
 0.2460000E+04  0.1349330E-19
 0.2461000E+04  0.1348925E-19
 0.2462000E+04  0.1348520E-19
 0.2463000E+04  0.1348114E-19
 0.2464000E+04  0.1347707E-19
 0.2465000E+04  0.1347298E-19
 0.2466000E+04  0.1346888E-19
 0.2467000E+04  0.1346477E-19
 0.2468000E+04  0.1346064E-19
 0.2469000E+04  0.1345649E-19
 0.2470000E+04  0.1345233E-19
 0.2471000E+04  0.1344815E-19
 0.2472000E+04  0.1344396E-19
 0.2473000E+04  0.1343974E-19
 0.2474000E+04  0.1343550E-19
 0.2475000E+04  0.1343124E-19
 0.2476000E+04  0.1342695E-19
 0.2477000E+04  0.1342265E-19
 0.2478000E+04  0.1341831E-19
 0.2479000E+04  0.1341396E-19
 0.2480000E+04  0.1340957E-19
 0.2481000E+04  0.1340516E-19
 0.2482000E+04  0.1340072E-19
 0.2483000E+04  0.1339625E-19
 0.2484000E+04  0.1339175E-19
 0.2485000E+04  0.1338722E-19
 0.2486000E+04  0.1338266E-19
 0.2487000E+04  0.1337806E-19
 0.2488000E+04  0.1337343E-19
 0.2489000E+04  0.1336877E-19
 0.2490000E+04  0.1336406E-19
 0.2491000E+04  0.1335933E-19
 0.2492000E+04  0.1335455E-19
 0.2493000E+04  0.1334974E-19
 0.2494000E+04  0.1334488E-19
 0.2495000E+04  0.1333998E-19
 0.2496000E+04  0.1333505E-19
 0.2497000E+04  0.1333007E-19
 0.2498000E+04  0.1332505E-19
 0.2499000E+04  0.1331998E-19
 0.2500000E+04  0.1331487E-19
 0.2501000E+04  0.1330971E-19
 0.2502000E+04  0.1330450E-19
 0.2503000E+04  0.1329925E-19
 0.2504000E+04  0.1329395E-19
 0.2505000E+04  0.1328860E-19
 0.2506000E+04  0.1328320E-19
 0.2507000E+04  0.1327775E-19
 0.2508000E+04  0.1327224E-19
 0.2509000E+04  0.1326669E-19
 0.2510000E+04  0.1326108E-19
 0.2511000E+04  0.1325541E-19
 0.2512000E+04  0.1324969E-19
 0.2513000E+04  0.1324392E-19
 0.2514000E+04  0.1323809E-19
 0.2515000E+04  0.1323220E-19
 0.2516000E+04  0.1322625E-19
 0.2517000E+04  0.1322025E-19
 0.2518000E+04  0.1321418E-19
 0.2519000E+04  0.1320806E-19
 0.2520000E+04  0.1320188E-19
 0.2521000E+04  0.1319563E-19
 0.2522000E+04  0.1318933E-19
 0.2523000E+04  0.1318296E-19
 0.2524000E+04  0.1317653E-19
 0.2525000E+04  0.1317004E-19
 0.2526000E+04  0.1316348E-19
 0.2527000E+04  0.1315686E-19
 0.2528000E+04  0.1315018E-19
 0.2529000E+04  0.1314343E-19
 0.2530000E+04  0.1313662E-19
 0.2531000E+04  0.1312974E-19
 0.2532000E+04  0.1312280E-19
 0.2533000E+04  0.1311579E-19
 0.2534000E+04  0.1310872E-19
 0.2535000E+04  0.1310157E-19
 0.2536000E+04  0.1309437E-19
 0.2537000E+04  0.1308709E-19
 0.2538000E+04  0.1307975E-19
 0.2539000E+04  0.1307234E-19
 0.2540000E+04  0.1306487E-19
 0.2541000E+04  0.1305733E-19
 0.2542000E+04  0.1304972E-19
 0.2543000E+04  0.1304204E-19
 0.2544000E+04  0.1303430E-19
 0.2545000E+04  0.1302649E-19
 0.2546000E+04  0.1301861E-19
 0.2547000E+04  0.1301067E-19
 0.2548000E+04  0.1300266E-19
 0.2549000E+04  0.1299458E-19
 0.2550000E+04  0.1298644E-19
 0.2551000E+04  0.1297823E-19
 0.2552000E+04  0.1296995E-19
 0.2553000E+04  0.1296161E-19
 0.2554000E+04  0.1295320E-19
 0.2555000E+04  0.1294473E-19
 0.2556000E+04  0.1293619E-19
 0.2557000E+04  0.1292759E-19
 0.2558000E+04  0.1291893E-19
 0.2559000E+04  0.1291020E-19
 0.2560000E+04  0.1290141E-19
 0.2561000E+04  0.1289255E-19
 0.2562000E+04  0.1288364E-19
 0.2563000E+04  0.1287466E-19
 0.2564000E+04  0.1286562E-19
 0.2565000E+04  0.1285652E-19
 0.2566000E+04  0.1284737E-19
 0.2567000E+04  0.1283815E-19
 0.2568000E+04  0.1282887E-19
 0.2569000E+04  0.1281954E-19
 0.2570000E+04  0.1281015E-19
 0.2571000E+04  0.1280070E-19
 0.2572000E+04  0.1279120E-19
 0.2573000E+04  0.1278165E-19
 0.2574000E+04  0.1277203E-19
 0.2575000E+04  0.1276237E-19
 0.2576000E+04  0.1275266E-19
 0.2577000E+04  0.1274289E-19
 0.2578000E+04  0.1273307E-19
 0.2579000E+04  0.1272321E-19
 0.2580000E+04  0.1271329E-19
 0.2581000E+04  0.1270333E-19
 0.2582000E+04  0.1269332E-19
 0.2583000E+04  0.1268326E-19
 0.2584000E+04  0.1267317E-19
 0.2585000E+04  0.1266302E-19
 0.2586000E+04  0.1265284E-19
 0.2587000E+04  0.1264261E-19
 0.2588000E+04  0.1263235E-19
 0.2589000E+04  0.1262204E-19
 0.2590000E+04  0.1261170E-19
 0.2591000E+04  0.1260132E-19
 0.2592000E+04  0.1259090E-19
 0.2593000E+04  0.1258045E-19
 0.2594000E+04  0.1256997E-19
 0.2595000E+04  0.1255945E-19
 0.2596000E+04  0.1254891E-19
 0.2597000E+04  0.1253833E-19
 0.2598000E+04  0.1252773E-19
 0.2599000E+04  0.1251710E-19
 0.2600000E+04  0.1250644E-19
 0.2601000E+04  0.1249576E-19
 0.2602000E+04  0.1248506E-19
 0.2603000E+04  0.1247434E-19
 0.2604000E+04  0.1246359E-19
 0.2605000E+04  0.1245283E-19
 0.2606000E+04  0.1244205E-19
 0.2607000E+04  0.1243125E-19
 0.2608000E+04  0.1242044E-19
 0.2609000E+04  0.1240961E-19
 0.2610000E+04  0.1239877E-19
 0.2611000E+04  0.1238793E-19
 0.2612000E+04  0.1237707E-19
 0.2613000E+04  0.1236620E-19
 0.2614000E+04  0.1235533E-19
 0.2615000E+04  0.1234445E-19
 0.2616000E+04  0.1233357E-19
 0.2617000E+04  0.1232269E-19
 0.2618000E+04  0.1231180E-19
 0.2619000E+04  0.1230092E-19
 0.2620000E+04  0.1229003E-19
 0.2621000E+04  0.1227915E-19
 0.2622000E+04  0.1226828E-19
 0.2623000E+04  0.1225740E-19
 0.2624000E+04  0.1224654E-19
 0.2625000E+04  0.1223568E-19
 0.2626000E+04  0.1222484E-19
 0.2627000E+04  0.1221400E-19
 0.2628000E+04  0.1220318E-19
 0.2629000E+04  0.1219237E-19
 0.2630000E+04  0.1218157E-19
 0.2631000E+04  0.1217079E-19
 0.2632000E+04  0.1216003E-19
 0.2633000E+04  0.1214929E-19
 0.2634000E+04  0.1213856E-19
 0.2635000E+04  0.1212786E-19
 0.2636000E+04  0.1211718E-19
 0.2637000E+04  0.1210652E-19
 0.2638000E+04  0.1209589E-19
 0.2639000E+04  0.1208528E-19
 0.2640000E+04  0.1207470E-19
 0.2641000E+04  0.1206415E-19
 0.2642000E+04  0.1205363E-19
 0.2643000E+04  0.1204314E-19
 0.2644000E+04  0.1203268E-19
 0.2645000E+04  0.1202225E-19
 0.2646000E+04  0.1201186E-19
 0.2647000E+04  0.1200150E-19
 0.2648000E+04  0.1199118E-19
 0.2649000E+04  0.1198090E-19
 0.2650000E+04  0.1197065E-19
 0.2651000E+04  0.1196044E-19
 0.2652000E+04  0.1195028E-19
 0.2653000E+04  0.1194015E-19
 0.2654000E+04  0.1193007E-19
 0.2655000E+04  0.1192004E-19
 0.2656000E+04  0.1191004E-19
 0.2657000E+04  0.1190010E-19
 0.2658000E+04  0.1189020E-19
 0.2659000E+04  0.1188034E-19
 0.2660000E+04  0.1187054E-19
 0.2661000E+04  0.1186079E-19
 0.2662000E+04  0.1185108E-19
 0.2663000E+04  0.1184143E-19
 0.2664000E+04  0.1183183E-19
 0.2665000E+04  0.1182228E-19
 0.2666000E+04  0.1181279E-19
 0.2667000E+04  0.1180335E-19
 0.2668000E+04  0.1179397E-19
 0.2669000E+04  0.1178464E-19
 0.2670000E+04  0.1177537E-19
 0.2671000E+04  0.1176616E-19
 0.2672000E+04  0.1175700E-19
 0.2673000E+04  0.1174791E-19
 0.2674000E+04  0.1173887E-19
 0.2675000E+04  0.1172990E-19
 0.2676000E+04  0.1172098E-19
 0.2677000E+04  0.1171213E-19
 0.2678000E+04  0.1170334E-19
 0.2679000E+04  0.1169461E-19
 0.2680000E+04  0.1168595E-19
 0.2681000E+04  0.1167734E-19
 0.2682000E+04  0.1166881E-19
 0.2683000E+04  0.1166033E-19
 0.2684000E+04  0.1165193E-19
 0.2685000E+04  0.1164358E-19
 0.2686000E+04  0.1163531E-19
 0.2687000E+04  0.1162709E-19
 0.2688000E+04  0.1161895E-19
 0.2689000E+04  0.1161087E-19
 0.2690000E+04  0.1160286E-19
 0.2691000E+04  0.1159492E-19
 0.2692000E+04  0.1158704E-19
 0.2693000E+04  0.1157923E-19
 0.2694000E+04  0.1157149E-19
 0.2695000E+04  0.1156382E-19
 0.2696000E+04  0.1155622E-19
 0.2697000E+04  0.1154868E-19
 0.2698000E+04  0.1154121E-19
 0.2699000E+04  0.1153381E-19
 0.2700000E+04  0.1152648E-19
 0.2701000E+04  0.1151922E-19
 0.2702000E+04  0.1151203E-19
 0.2703000E+04  0.1150491E-19
 0.2704000E+04  0.1149785E-19
 0.2705000E+04  0.1149086E-19
 0.2706000E+04  0.1148395E-19
 0.2707000E+04  0.1147710E-19
 0.2708000E+04  0.1147031E-19
 0.2709000E+04  0.1146360E-19
 0.2710000E+04  0.1145695E-19
 0.2711000E+04  0.1145038E-19
 0.2712000E+04  0.1144387E-19
 0.2713000E+04  0.1143742E-19
 0.2714000E+04  0.1143105E-19
 0.2715000E+04  0.1142474E-19
 0.2716000E+04  0.1141849E-19
 0.2717000E+04  0.1141232E-19
 0.2718000E+04  0.1140620E-19
 0.2719000E+04  0.1140016E-19
 0.2720000E+04  0.1139418E-19
 0.2721000E+04  0.1138826E-19
 0.2722000E+04  0.1138241E-19
 0.2723000E+04  0.1137662E-19
 0.2724000E+04  0.1137089E-19
 0.2725000E+04  0.1136523E-19
 0.2726000E+04  0.1135963E-19
 0.2727000E+04  0.1135409E-19
 0.2728000E+04  0.1134861E-19
 0.2729000E+04  0.1134319E-19
 0.2730000E+04  0.1133783E-19
 0.2731000E+04  0.1133252E-19
 0.2732000E+04  0.1132728E-19
 0.2733000E+04  0.1132209E-19
 0.2734000E+04  0.1131697E-19
 0.2735000E+04  0.1131189E-19
 0.2736000E+04  0.1130687E-19
 0.2737000E+04  0.1130191E-19
 0.2738000E+04  0.1129700E-19
 0.2739000E+04  0.1129214E-19
 0.2740000E+04  0.1128733E-19
 0.2741000E+04  0.1128258E-19
 0.2742000E+04  0.1127787E-19
 0.2743000E+04  0.1127322E-19
 0.2744000E+04  0.1126861E-19
 0.2745000E+04  0.1126404E-19
 0.2746000E+04  0.1125953E-19
 0.2747000E+04  0.1125506E-19
 0.2748000E+04  0.1125063E-19
 0.2749000E+04  0.1124624E-19
 0.2750000E+04  0.1124190E-19
 0.2751000E+04  0.1123759E-19
 0.2752000E+04  0.1123333E-19
 0.2753000E+04  0.1122910E-19
 0.2754000E+04  0.1122491E-19
 0.2755000E+04  0.1122075E-19
 0.2756000E+04  0.1121663E-19
 0.2757000E+04  0.1121254E-19
 0.2758000E+04  0.1120849E-19
 0.2759000E+04  0.1120446E-19
 0.2760000E+04  0.1120046E-19
 0.2761000E+04  0.1119649E-19
 0.2762000E+04  0.1119255E-19
 0.2763000E+04  0.1118863E-19
 0.2764000E+04  0.1118473E-19
 0.2765000E+04  0.1118085E-19
 0.2766000E+04  0.1117700E-19
 0.2767000E+04  0.1117317E-19
 0.2768000E+04  0.1116935E-19
 0.2769000E+04  0.1116555E-19
 0.2770000E+04  0.1116176E-19
 0.2771000E+04  0.1115799E-19
 0.2772000E+04  0.1115423E-19
 0.2773000E+04  0.1115047E-19
 0.2774000E+04  0.1114673E-19
 0.2775000E+04  0.1114299E-19
 0.2776000E+04  0.1113926E-19
 0.2777000E+04  0.1113554E-19
 0.2778000E+04  0.1113181E-19
 0.2779000E+04  0.1112809E-19
 0.2780000E+04  0.1112437E-19
 0.2781000E+04  0.1112064E-19
 0.2782000E+04  0.1111691E-19
 0.2783000E+04  0.1111318E-19
 0.2784000E+04  0.1110944E-19
 0.2785000E+04  0.1110568E-19
 0.2786000E+04  0.1110192E-19
 0.2787000E+04  0.1109815E-19
 0.2788000E+04  0.1109436E-19
 0.2789000E+04  0.1109056E-19
 0.2790000E+04  0.1108674E-19
 0.2791000E+04  0.1108290E-19
 0.2792000E+04  0.1107904E-19
 0.2793000E+04  0.1107516E-19
 0.2794000E+04  0.1107126E-19
 0.2795000E+04  0.1106733E-19
 0.2796000E+04  0.1106337E-19
 0.2797000E+04  0.1105938E-19
 0.2798000E+04  0.1105536E-19
 0.2799000E+04  0.1105131E-19
 0.2800000E+04  0.1104723E-19
 0.2801000E+04  0.1104311E-19
 0.2802000E+04  0.1103895E-19
 0.2803000E+04  0.1103476E-19
 0.2804000E+04  0.1103052E-19
 0.2805000E+04  0.1102624E-19
 0.2806000E+04  0.1102192E-19
 0.2807000E+04  0.1101755E-19
 0.2808000E+04  0.1101313E-19
 0.2809000E+04  0.1100866E-19
 0.2810000E+04  0.1100414E-19
 0.2811000E+04  0.1099957E-19
 0.2812000E+04  0.1099494E-19
 0.2813000E+04  0.1099026E-19
 0.2814000E+04  0.1098552E-19
 0.2815000E+04  0.1098072E-19
 0.2816000E+04  0.1097586E-19
 0.2817000E+04  0.1097093E-19
 0.2818000E+04  0.1096594E-19
 0.2819000E+04  0.1096089E-19
 0.2820000E+04  0.1095577E-19
 0.2821000E+04  0.1095057E-19
 0.2822000E+04  0.1094531E-19
 0.2823000E+04  0.1093998E-19
 0.2824000E+04  0.1093457E-19
 0.2825000E+04  0.1092909E-19
 0.2826000E+04  0.1092353E-19
 0.2827000E+04  0.1091789E-19
 0.2828000E+04  0.1091218E-19
 0.2829000E+04  0.1090638E-19
 0.2830000E+04  0.1090050E-19
 0.2831000E+04  0.1089454E-19
 0.2832000E+04  0.1088849E-19
 0.2833000E+04  0.1088236E-19
 0.2834000E+04  0.1087614E-19
 0.2835000E+04  0.1086983E-19
 0.2836000E+04  0.1086344E-19
 0.2837000E+04  0.1085695E-19
 0.2838000E+04  0.1085037E-19
 0.2839000E+04  0.1084369E-19
 0.2840000E+04  0.1083692E-19
 0.2841000E+04  0.1083006E-19
 0.2842000E+04  0.1082310E-19
 0.2843000E+04  0.1081604E-19
 0.2844000E+04  0.1080888E-19
 0.2845000E+04  0.1080163E-19
 0.2846000E+04  0.1079427E-19
 0.2847000E+04  0.1078682E-19
 0.2848000E+04  0.1077926E-19
 0.2849000E+04  0.1077160E-19
 0.2850000E+04  0.1076383E-19
 0.2851000E+04  0.1075596E-19
 0.2852000E+04  0.1074799E-19
 0.2853000E+04  0.1073991E-19
 0.2854000E+04  0.1073172E-19
 0.2855000E+04  0.1072342E-19
 0.2856000E+04  0.1071502E-19
 0.2857000E+04  0.1070651E-19
 0.2858000E+04  0.1069789E-19
 0.2859000E+04  0.1068916E-19
 0.2860000E+04  0.1068032E-19
 0.2861000E+04  0.1067137E-19
 0.2862000E+04  0.1066231E-19
 0.2863000E+04  0.1065314E-19
 0.2864000E+04  0.1064386E-19
 0.2865000E+04  0.1063447E-19
 0.2866000E+04  0.1062496E-19
 0.2867000E+04  0.1061534E-19
 0.2868000E+04  0.1060561E-19
 0.2869000E+04  0.1059577E-19
 0.2870000E+04  0.1058581E-19
 0.2871000E+04  0.1057574E-19
 0.2872000E+04  0.1056556E-19
 0.2873000E+04  0.1055527E-19
 0.2874000E+04  0.1054486E-19
 0.2875000E+04  0.1053434E-19
 0.2876000E+04  0.1052371E-19
 0.2877000E+04  0.1051296E-19
 0.2878000E+04  0.1050211E-19
 0.2879000E+04  0.1049114E-19
 0.2880000E+04  0.1048005E-19
 0.2881000E+04  0.1046886E-19
 0.2882000E+04  0.1045756E-19
 0.2883000E+04  0.1044614E-19
 0.2884000E+04  0.1043461E-19
 0.2885000E+04  0.1042298E-19
 0.2886000E+04  0.1041123E-19
 0.2887000E+04  0.1039937E-19
 0.2888000E+04  0.1038741E-19
 0.2889000E+04  0.1037533E-19
 0.2890000E+04  0.1036315E-19
 0.2891000E+04  0.1035086E-19
 0.2892000E+04  0.1033846E-19
 0.2893000E+04  0.1032596E-19
 0.2894000E+04  0.1031335E-19
 0.2895000E+04  0.1030064E-19
 0.2896000E+04  0.1028782E-19
 0.2897000E+04  0.1027489E-19
 0.2898000E+04  0.1026187E-19
 0.2899000E+04  0.1024874E-19
 0.2900000E+04  0.1023551E-19
 0.2901000E+04  0.1022219E-19
 0.2902000E+04  0.1020876E-19
 0.2903000E+04  0.1019523E-19
 0.2904000E+04  0.1018161E-19
 0.2905000E+04  0.1016788E-19
 0.2906000E+04  0.1015406E-19
 0.2907000E+04  0.1014015E-19
 0.2908000E+04  0.1012614E-19
 0.2909000E+04  0.1011204E-19
 0.2910000E+04  0.1009785E-19
 0.2911000E+04  0.1008357E-19
 0.2912000E+04  0.1006919E-19
 0.2913000E+04  0.1005473E-19
 0.2914000E+04  0.1004018E-19
 0.2915000E+04  0.1002554E-19
 0.2916000E+04  0.1001081E-19
 0.2917000E+04  0.9996005E-20
 0.2918000E+04  0.9981112E-20
 0.2919000E+04  0.9966137E-20
 0.2920000E+04  0.9951080E-20
 0.2921000E+04  0.9935943E-20
 0.2922000E+04  0.9920727E-20
 0.2923000E+04  0.9905433E-20
 0.2924000E+04  0.9890063E-20
 0.2925000E+04  0.9874617E-20
 0.2926000E+04  0.9859097E-20
 0.2927000E+04  0.9843504E-20
 0.2928000E+04  0.9827839E-20
 0.2929000E+04  0.9812104E-20
 0.2930000E+04  0.9796299E-20
 0.2931000E+04  0.9780427E-20
 0.2932000E+04  0.9764488E-20
 0.2933000E+04  0.9748484E-20
 0.2934000E+04  0.9732416E-20
 0.2935000E+04  0.9716285E-20
 0.2936000E+04  0.9700092E-20
 0.2937000E+04  0.9683840E-20
 0.2938000E+04  0.9667528E-20
 0.2939000E+04  0.9651160E-20
 0.2940000E+04  0.9634734E-20
 0.2941000E+04  0.9618254E-20
 0.2942000E+04  0.9601721E-20
 0.2943000E+04  0.9585135E-20
 0.2944000E+04  0.9568498E-20
 0.2945000E+04  0.9551812E-20
 0.2946000E+04  0.9535077E-20
 0.2947000E+04  0.9518296E-20
 0.2948000E+04  0.9501468E-20
 0.2949000E+04  0.9484597E-20
 0.2950000E+04  0.9467683E-20
 0.2951000E+04  0.9450728E-20
 0.2952000E+04  0.9433732E-20
 0.2953000E+04  0.9416698E-20
 0.2954000E+04  0.9399626E-20
 0.2955000E+04  0.9382518E-20
 0.2956000E+04  0.9365375E-20
 0.2957000E+04  0.9348199E-20
 0.2958000E+04  0.9330990E-20
 0.2959000E+04  0.9313751E-20
 0.2960000E+04  0.9296483E-20
 0.2961000E+04  0.9279187E-20
 0.2962000E+04  0.9261864E-20
 0.2963000E+04  0.9244516E-20
 0.2964000E+04  0.9227143E-20
 0.2965000E+04  0.9209749E-20
 0.2966000E+04  0.9192333E-20
 0.2967000E+04  0.9174897E-20
 0.2968000E+04  0.9157442E-20
 0.2969000E+04  0.9139971E-20
 0.2970000E+04  0.9122483E-20
 0.2971000E+04  0.9104982E-20
 0.2972000E+04  0.9087467E-20
 0.2973000E+04  0.9069940E-20
 0.2974000E+04  0.9052403E-20
 0.2975000E+04  0.9034857E-20
 0.2976000E+04  0.9017303E-20
 0.2977000E+04  0.8999743E-20
 0.2978000E+04  0.8982178E-20
 0.2979000E+04  0.8964610E-20
 0.2980000E+04  0.8947039E-20
 0.2981000E+04  0.8929468E-20
 0.2982000E+04  0.8911897E-20
 0.2983000E+04  0.8894327E-20
 0.2984000E+04  0.8876761E-20
 0.2985000E+04  0.8859200E-20
 0.2986000E+04  0.8841645E-20
 0.2987000E+04  0.8824098E-20
 0.2988000E+04  0.8806559E-20
 0.2989000E+04  0.8789031E-20
 0.2990000E+04  0.8771515E-20
 0.2991000E+04  0.8754012E-20
 0.2992000E+04  0.8736524E-20
 0.2993000E+04  0.8719051E-20
 0.2994000E+04  0.8701597E-20
 0.2995000E+04  0.8684161E-20
 0.2996000E+04  0.8666746E-20
 0.2997000E+04  0.8649353E-20
 0.2998000E+04  0.8631982E-20
 0.2999000E+04  0.8614634E-20
 0.3000000E+04  0.8597360E-20
